1500.000000 
1495.718999 
1491.587212 
1487.481069 
1483.413139 
1479.320179 
1475.283100 
1471.266840 
1467.254573 
1463.237732 
1459.211898 
1455.174869 
1451.125685 
1447.117289 
1443.090443 
1439.046588 
1435.032008 
1430.998586 
1426.988861 
1422.959964 
1418.951077 
1414.923394 
1410.913147 
1406.884801 
1402.872012 
1398.841954 
1394.826024 
1390.822656 
1386.802432 
1382.793938 
1378.769571 
1374.756245 
1370.752941 
1366.734437 
1362.725521 
1358.725392 
1354.710802 
1350.704719 
1346.685014 
1342.673557 
1338.669746 
1334.652975 
1330.643674 
1326.641339 
1322.626680 
1318.618865 
1314.617464 
1310.604339 
1306.597541 
1302.596699 
1298.584695 
1294.578585 
1290.578043 
1286.566859 
1282.561200 
1278.560776 
1274.550194 
1270.544816 
1266.544384 
1262.534241 
1258.529022 
1254.528494 
1250.518669 
1246.513520 
1242.512837 
1238.503242 
1234.498103 
1230.497230 
1226.487804 
1222.482638 
1218.481561 
1214.472268 
1210.467064 
1206.465796 
1202.456633 
1198.451413 
1194.449998 
1190.441003 
1186.435832 
1182.434365 
1178.425629 
1174.420633 
1170.419272 
1166.410962 
1162.406344 
1158.405333 
1154.397712 
1150.393778 
1146.393468 
1142.386913 
1138.384092 
1134.375355 
1130.370482 
1126.369444 
1122.362912 
1118.360380 
1114.352722 
1110.349252 
1106.341041 
1102.337230 
1098.329080 
1094.325566 
1090.318136 
1086.315603 
1082.309596 
1078.308771 
1074.304933 
1070.298400 
1066.297602 
1062.294595 
1058.289709 
1054.283272 
1050.275616 
1046.274807 
1042.273303 
1038.271443 
1034.269570 
1030.268028 
1026.267160 
1022.260009 
1018.254364 
1014.250572 
1010.248978 
1006.242900 
1002.239849 
998.233273 
994.230548 
990.225250 
986.224619 
982.222358 
978.218998 
974.215066 
970.211086 
966.207577 
962.205051 
958.204020 
954.198788 
950.196177 
946.190603 
942.188749 
938.185143 
934.180439 
930.175283 
926.170313 
922.166160 
918.163443 
914.162775 
910.159221 
906.159028 
902.157359 
898.154960 
894.152565 
890.150900 
886.150676 
882.147455 
878.147177 
874.145491 
870.143226 
866.141200 
862.140212 
858.136249 
854.134994 
850.132510 
846.129703 
842.127460 
838.126652 
834.123657 
830.119471 
826.119442 
822.115737 
818.113717 
814.110092 
810.110075 
806.106335 
802.104094 
798.100341 
794.100151 
790.096671 
786.094977 
782.092322 
778.089884 
774.088813 
770.086587 
766.084452 
762.083626 
758.081798 
754.080274 
750.076930 
746.076506 
742.073606 
738.072950 
734.072621 
730.070852 
726.069146 
722.068965 
718.068714 
714.066945 
710.065281 
706.062419 
702.060031 
698.059745 
694.057653 
690.055557 
686.055211 
682.053095 
678.051125 
674.048636 
670.047561 
666.047341 
662.045135 
658.043083 
654.040950 
650.040869 
646.040459 
642.039782 
638.038992 
634.038329 
630.038115 
626.036739 
622.034796 
618.032956 
614.031949 
610.030712 
606.030211 
602.029684 
598.028565 
594.028186 
590.026579 
586.025359 
582.024571 
578.024418 
574.023741 
570.023150 
566.021944 
562.021097 
558.020323 
554.019581 
550.019058 
546.017889 
542.016787 
538.016653 
534.016221 
530.015787 
526.014812 
522.014214 
518.014098 
514.013901 
510.013495 
506.013165 
502.012662 
498.012207 
494.011606 
490.011185 
486.010953 
482.010703 
478.010107 
474.009523 
470.009247 
466.008929 
462.008407 
458.008382 
454.007989 
450.007468 
446.006988 
442.006784 
438.006307 
434.005957 
