0.000000 3.532104e+002
0.002000 3.591579e+002
0.004000 3.651031e+002
0.006000 3.710455e+002
0.008000 3.769851e+002
0.010000 3.829216e+002
0.012000 3.888546e+002
0.014000 3.947840e+002
0.016000 4.007096e+002
0.018000 4.066310e+002
0.020000 4.125480e+002
0.022000 4.184604e+002
0.024000 4.243680e+002
0.026000 4.302705e+002
0.028000 4.361676e+002
0.030000 4.420591e+002
0.032000 4.479448e+002
0.034000 4.538244e+002
0.036000 4.596977e+002
0.038000 4.655645e+002
0.040000 4.714244e+002
0.042000 4.772774e+002
0.044000 4.831230e+002
0.046000 4.889612e+002
0.048000 4.947916e+002
0.050000 5.006140e+002
0.052000 5.064283e+002
0.054000 5.122340e+002
0.056000 5.180311e+002
0.058000 5.238193e+002
0.060000 5.295983e+002
0.062000 5.353680e+002
0.064000 5.411281e+002
0.066000 5.468783e+002
0.068000 5.526184e+002
0.070000 5.583483e+002
0.072000 5.640676e+002
0.074000 5.697762e+002
0.076000 5.754739e+002
0.078000 5.811603e+002
0.080000 5.868353e+002
0.082000 5.924988e+002
0.084000 5.981503e+002
0.086000 6.037898e+002
0.088000 6.094170e+002
0.090000 6.150317e+002
0.092000 6.206337e+002
0.094000 6.262227e+002
0.096000 6.317986e+002
0.098000 6.373612e+002
0.100000 6.429102e+002
0.102000 6.484454e+002
0.104000 6.539666e+002
0.106000 6.594737e+002
0.108000 6.649663e+002
0.110000 6.704444e+002
0.112000 6.759077e+002
0.114000 6.813559e+002
0.116000 6.867890e+002
0.118000 6.922067e+002
0.120000 6.976088e+002
0.122000 7.029951e+002
0.124000 7.083654e+002
0.126000 7.137195e+002
0.128000 7.190573e+002
0.130000 7.243786e+002
0.132000 7.296830e+002
0.134000 7.349706e+002
0.136000 7.402411e+002
0.138000 7.454942e+002
0.140000 7.507299e+002
0.142000 7.559480e+002
0.144000 7.611482e+002
0.146000 7.663304e+002
0.148000 7.714944e+002
0.150000 7.766401e+002
0.152000 7.817672e+002
0.154000 7.868756e+002
0.156000 7.919652e+002
0.158000 7.970357e+002
0.160000 8.020870e+002
0.162000 8.071190e+002
0.164000 8.121314e+002
0.166000 8.171242e+002
0.168000 8.220971e+002
0.170000 8.270500e+002
0.172000 8.319827e+002
0.174000 8.368951e+002
0.176000 8.417871e+002
0.178000 8.466585e+002
0.180000 8.515091e+002
0.182000 8.563388e+002
0.184000 8.611474e+002
0.186000 8.659349e+002
0.188000 8.707010e+002
0.190000 8.754456e+002
0.192000 8.801686e+002
0.194000 8.848699e+002
0.196000 8.895493e+002
0.198000 8.942067e+002
0.200000 8.988419e+002
0.202000 9.034549e+002
0.204000 9.080454e+002
0.206000 9.126134e+002
0.208000 9.171588e+002
0.210000 9.216814e+002
0.212000 9.261811e+002
0.214000 9.306578e+002
0.216000 9.351114e+002
0.218000 9.395417e+002
0.220000 9.439486e+002
0.222000 9.483321e+002
0.224000 9.526920e+002
0.226000 9.570283e+002
0.228000 9.613407e+002
0.230000 9.656293e+002
0.232000 9.698938e+002
0.234000 9.741343e+002
0.236000 9.783505e+002
0.238000 9.825425e+002
0.240000 9.867100e+002
0.242000 9.908531e+002
0.244000 9.949717e+002
0.246000 9.990655e+002
0.248000 1.003135e+003
0.250000 1.007179e+003
0.252000 1.011198e+003
0.254000 1.015193e+003
0.256000 1.019162e+003
0.258000 1.023106e+003
0.260000 1.027025e+003
0.262000 1.030918e+003
0.264000 1.034786e+003
0.266000 1.038629e+003
0.268000 1.042446e+003
0.270000 1.046238e+003
0.272000 1.050003e+003
0.274000 1.053743e+003
0.276000 1.057458e+003
0.278000 1.061146e+003
0.280000 1.064809e+003
0.282000 1.068445e+003
0.284000 1.072056e+003
0.286000 1.075640e+003
0.288000 1.079198e+003
0.290000 1.082730e+003
0.292000 1.086236e+003
0.294000 1.089715e+003
0.296000 1.093168e+003
0.298000 1.096595e+003
0.300000 1.099995e+003
0.302000 1.103369e+003
0.304000 1.106716e+003
0.306000 1.110036e+003
0.308000 1.113330e+003
0.310000 1.116597e+003
0.312000 1.119838e+003
0.314000 1.123052e+003
0.316000 1.126239e+003
0.318000 1.129399e+003
0.320000 1.132533e+003
0.322000 1.135639e+003
0.324000 1.138719e+003
0.326000 1.141772e+003
0.328000 1.144798e+003
0.330000 1.147797e+003
0.332000 1.150769e+003
0.334000 1.153714e+003
0.336000 1.156632e+003
0.338000 1.159523e+003
0.340000 1.162387e+003
0.342000 1.165224e+003
0.344000 1.168034e+003
0.346000 1.170816e+003
0.348000 1.173572e+003
0.350000 1.176301e+003
0.352000 1.179002e+003
0.354000 1.181676e+003
0.356000 1.184323e+003
0.358000 1.186943e+003
0.360000 1.189536e+003
0.362000 1.192102e+003
0.364000 1.194641e+003
0.366000 1.197152e+003
0.368000 1.199637e+003
0.370000 1.202094e+003
0.372000 1.204524e+003
0.374000 1.206927e+003
0.376000 1.209303e+003
0.378000 1.211652e+003
0.380000 1.213973e+003
0.382000 1.216268e+003
0.384000 1.218535e+003
0.386000 1.220776e+003
0.388000 1.222989e+003
0.390000 1.225175e+003
0.392000 1.227335e+003
0.394000 1.229467e+003
0.396000 1.231572e+003
0.398000 1.233650e+003
0.400000 1.235702e+003
0.402000 1.237726e+003
0.404000 1.239723e+003
0.406000 1.241694e+003
0.408000 1.243637e+003
0.410000 1.245554e+003
0.412000 1.247444e+003
0.414000 1.249307e+003
0.416000 1.251143e+003
0.418000 1.252953e+003
0.420000 1.254736e+003
0.422000 1.256492e+003
0.424000 1.258221e+003
0.426000 1.259924e+003
0.428000 1.261600e+003
0.430000 1.263250e+003
0.432000 1.264873e+003
0.434000 1.266469e+003
0.436000 1.268039e+003
0.438000 1.269583e+003
0.440000 1.271100e+003
0.442000 1.272590e+003
0.444000 1.274055e+003
0.446000 1.275493e+003
0.448000 1.276905e+003
0.450000 1.278290e+003
0.452000 1.279650e+003
0.454000 1.280983e+003
0.456000 1.282290e+003
0.458000 1.283571e+003
0.460000 1.284826e+003
0.462000 1.286055e+003
0.464000 1.287258e+003
0.466000 1.288435e+003
0.468000 1.289586e+003
0.470000 1.290711e+003
0.472000 1.291811e+003
0.474000 1.292885e+003
0.476000 1.293933e+003
0.478000 1.294955e+003
0.480000 1.295952e+003
0.482000 1.296924e+003
0.484000 1.297869e+003
0.486000 1.298790e+003
0.488000 1.299685e+003
0.490000 1.300555e+003
0.492000 1.301399e+003
0.494000 1.302218e+003
0.496000 1.303012e+003
0.498000 1.303781e+003
0.500000 1.304524e+003
0.502000 1.305243e+003
0.504000 1.305937e+003
0.506000 1.306605e+003
0.508000 1.307249e+003
0.510000 1.307868e+003
0.512000 1.308462e+003
0.514000 1.309032e+003
0.516000 1.309576e+003
0.518000 1.310096e+003
0.520000 1.310592e+003
0.522000 1.311063e+003
0.524000 1.311510e+003
0.526000 1.311932e+003
0.528000 1.312330e+003
0.530000 1.312703e+003
0.532000 1.313053e+003
0.534000 1.313378e+003
0.536000 1.313679e+003
0.538000 1.313956e+003
0.540000 1.314209e+003
0.542000 1.314438e+003
0.544000 1.314644e+003
0.546000 1.314825e+003
0.548000 1.314983e+003
0.550000 1.315117e+003
0.552000 1.315227e+003
0.554000 1.315314e+003
0.556000 1.315378e+003
0.558000 1.315417e+003
0.560000 1.315434e+003
0.562000 1.315427e+003
0.564000 1.315397e+003
0.566000 1.315344e+003
0.568000 1.315267e+003
0.570000 1.315168e+003
0.572000 1.315046e+003
0.574000 1.314900e+003
0.576000 1.314732e+003
0.578000 1.314541e+003
0.580000 1.314327e+003
0.582000 1.314091e+003
0.584000 1.313832e+003
0.586000 1.313550e+003
0.588000 1.313246e+003
0.590000 1.312919e+003
0.592000 1.312571e+003
0.594000 1.312199e+003
0.596000 1.311806e+003
0.598000 1.311391e+003
0.600000 1.310953e+003
0.602000 1.310493e+003
0.604000 1.310012e+003
0.606000 1.309509e+003
0.608000 1.308983e+003
0.610000 1.308436e+003
0.612000 1.307868e+003
0.614000 1.307278e+003
0.616000 1.306666e+003
0.618000 1.306033e+003
0.620000 1.305378e+003
0.622000 1.304703e+003
0.624000 1.304005e+003
0.626000 1.303287e+003
0.628000 1.302548e+003
0.630000 1.301787e+003
0.632000 1.301006e+003
0.634000 1.300204e+003
0.636000 1.299381e+003
0.638000 1.298537e+003
0.640000 1.297673e+003
0.642000 1.296788e+003
0.644000 1.295882e+003
0.646000 1.294957e+003
0.648000 1.294010e+003
0.650000 1.293044e+003
0.652000 1.292057e+003
0.654000 1.291050e+003
0.656000 1.290023e+003
0.658000 1.288976e+003
0.660000 1.287909e+003
0.662000 1.286823e+003
0.664000 1.285716e+003
0.666000 1.284590e+003
0.668000 1.283445e+003
0.670000 1.282279e+003
0.672000 1.281095e+003
0.674000 1.279891e+003
0.676000 1.278668e+003
0.678000 1.277425e+003
0.680000 1.276164e+003
0.682000 1.274883e+003
0.684000 1.273584e+003
0.686000 1.272265e+003
0.688000 1.270928e+003
0.690000 1.269572e+003
0.692000 1.268198e+003
0.694000 1.266805e+003
0.696000 1.265393e+003
0.698000 1.263963e+003
0.700000 1.262515e+003
0.702000 1.261049e+003
0.704000 1.259564e+003
0.706000 1.258062e+003
0.708000 1.256542e+003
0.710000 1.255003e+003
0.712000 1.253447e+003
0.714000 1.251874e+003
0.716000 1.250282e+003
0.718000 1.248674e+003
0.720000 1.247047e+003
0.722000 1.245404e+003
0.724000 1.243743e+003
0.726000 1.242065e+003
0.728000 1.240370e+003
0.730000 1.238658e+003
0.732000 1.236929e+003
0.734000 1.235184e+003
0.736000 1.233421e+003
0.738000 1.231642e+003
0.740000 1.229847e+003
0.742000 1.228035e+003
0.744000 1.226207e+003
0.746000 1.224363e+003
0.748000 1.222502e+003
0.750000 1.220626e+003
0.752000 1.218733e+003
0.754000 1.216825e+003
0.756000 1.214901e+003
0.758000 1.212962e+003
0.760000 1.211006e+003
0.762000 1.209036e+003
0.764000 1.207050e+003
0.766000 1.205049e+003
0.768000 1.203032e+003
0.770000 1.201001e+003
0.772000 1.198954e+003
0.774000 1.196893e+003
0.776000 1.194817e+003
0.778000 1.192727e+003
0.780000 1.190622e+003
0.782000 1.188502e+003
0.784000 1.186368e+003
0.786000 1.184220e+003
0.788000 1.182058e+003
0.790000 1.179882e+003
0.792000 1.177692e+003
0.794000 1.175488e+003
0.796000 1.173270e+003
0.798000 1.171039e+003
0.800000 1.168794e+003
0.802000 1.166536e+003
0.804000 1.164265e+003
0.806000 1.161981e+003
0.808000 1.159683e+003
0.810000 1.157373e+003
0.812000 1.155049e+003
0.814000 1.152714e+003
0.816000 1.150365e+003
0.818000 1.148004e+003
0.820000 1.145631e+003
0.822000 1.143245e+003
0.824000 1.140847e+003
0.826000 1.138437e+003
0.828000 1.136016e+003
0.830000 1.133582e+003
0.832000 1.131137e+003
0.834000 1.128680e+003
0.836000 1.126212e+003
0.838000 1.123733e+003
0.840000 1.121242e+003
0.842000 1.118740e+003
0.844000 1.116227e+003
0.846000 1.113704e+003
0.848000 1.111170e+003
0.850000 1.108625e+003
0.852000 1.106069e+003
0.854000 1.103503e+003
0.856000 1.100927e+003
0.858000 1.098341e+003
0.860000 1.095745e+003
0.862000 1.093139e+003
0.864000 1.090523e+003
0.866000 1.087897e+003
0.868000 1.085262e+003
0.870000 1.082618e+003
0.872000 1.079964e+003
0.874000 1.077301e+003
0.876000 1.074629e+003
0.878000 1.071949e+003
0.880000 1.069259e+003
0.882000 1.066561e+003
0.884000 1.063854e+003
0.886000 1.061139e+003
0.888000 1.058416e+003
0.890000 1.055685e+003
0.892000 1.052945e+003
0.894000 1.050198e+003
0.896000 1.047443e+003
0.898000 1.044681e+003
0.900000 1.041911e+003
0.902000 1.039133e+003
0.904000 1.036348e+003
0.906000 1.033557e+003
0.908000 1.030758e+003
0.910000 1.027952e+003
0.912000 1.025140e+003
0.914000 1.022321e+003
0.916000 1.019496e+003
0.918000 1.016665e+003
0.920000 1.013827e+003
0.922000 1.010983e+003
0.924000 1.008134e+003
0.926000 1.005278e+003
0.928000 1.002417e+003
0.930000 9.995505e+002
0.932000 9.966786e+002
0.934000 9.938014e+002
0.936000 9.909191e+002
0.938000 9.880318e+002
0.940000 9.851397e+002
0.942000 9.822429e+002
0.944000 9.793416e+002
0.946000 9.764358e+002
0.948000 9.735256e+002
0.950000 9.706114e+002
0.952000 9.676931e+002
0.954000 9.647708e+002
0.956000 9.618449e+002
0.958000 9.589153e+002
0.960000 9.559822e+002
0.962000 9.530457e+002
0.964000 9.501060e+002
0.966000 9.471632e+002
0.968000 9.442175e+002
0.970000 9.412690e+002
0.972000 9.383177e+002
0.974000 9.353639e+002
0.976000 9.324077e+002
0.978000 9.294492e+002
0.980000 9.264886e+002
0.982000 9.235259e+002
0.984000 9.205614e+002
0.986000 9.175951e+002
0.988000 9.146272e+002
0.990000 9.116578e+002
0.992000 9.086871e+002
0.994000 9.057151e+002
0.996000 9.027421e+002
0.998000 8.997682e+002
1.000000 8.967934e+002
1.002000 8.938179e+002
1.004000 8.908419e+002
1.006000 8.878655e+002
1.008000 8.848888e+002
1.010000 8.819119e+002
1.012000 8.789351e+002
1.014000 8.759583e+002
1.016000 8.729818e+002
1.018000 8.700056e+002
1.020000 8.670300e+002
1.022000 8.640550e+002
1.024000 8.610807e+002
1.026000 8.581074e+002
1.028000 8.551350e+002
1.030000 8.521638e+002
1.032000 8.491939e+002
1.034000 8.462254e+002
1.036000 8.432585e+002
1.038000 8.402931e+002
1.040000 8.373296e+002
1.042000 8.343680e+002
1.044000 8.314084e+002
1.046000 8.284510e+002
1.048000 8.254959e+002
1.050000 8.225432e+002
1.052000 8.195930e+002
1.054000 8.166455e+002
1.056000 8.137008e+002
1.058000 8.107590e+002
1.060000 8.078202e+002
1.062000 8.048845e+002
1.064000 8.019521e+002
1.066000 7.990231e+002
1.068000 7.960977e+002
1.070000 7.931758e+002
1.072000 7.902577e+002
1.074000 7.873435e+002
1.076000 7.844332e+002
1.078000 7.815270e+002
1.080000 7.786251e+002
1.082000 7.757274e+002
1.084000 7.728343e+002
1.086000 7.699456e+002
1.088000 7.670617e+002
1.090000 7.641825e+002
1.092000 7.613082e+002
1.094000 7.584389e+002
1.096000 7.555748e+002
1.098000 7.527158e+002
1.100000 7.498622e+002
1.102000 7.470140e+002
1.104000 7.441714e+002
1.106000 7.413344e+002
1.108000 7.385032e+002
1.110000 7.356779e+002
1.112000 7.328585e+002
1.114000 7.300452e+002
1.116000 7.272381e+002
1.118000 7.244373e+002
1.120000 7.216428e+002
1.122000 7.188548e+002
1.124000 7.160734e+002
1.126000 7.132987e+002
1.128000 7.105307e+002
1.130000 7.077696e+002
1.132000 7.050155e+002
1.134000 7.022684e+002
1.136000 6.995285e+002
1.138000 6.967958e+002
1.140000 6.940705e+002
1.142000 6.913526e+002
1.144000 6.886422e+002
1.146000 6.859394e+002
1.148000 6.832444e+002
1.150000 6.805571e+002
1.152000 6.778777e+002
1.154000 6.752062e+002
1.156000 6.725428e+002
1.158000 6.698875e+002
1.160000 6.672405e+002
1.162000 6.646017e+002
1.164000 6.619713e+002
1.166000 6.593493e+002
1.168000 6.567359e+002
1.170000 6.541311e+002
1.172000 6.515349e+002
1.174000 6.489476e+002
1.176000 6.463690e+002
1.178000 6.437994e+002
1.180000 6.412388e+002
1.182000 6.386872e+002
1.184000 6.361447e+002
1.186000 6.336114e+002
1.188000 6.310874e+002
1.190000 6.285727e+002
1.192000 6.260674e+002
1.194000 6.235716e+002
1.196000 6.210853e+002
1.198000 6.186086e+002
1.200000 6.161416e+002
1.202000 6.136842e+002
1.204000 6.112367e+002
1.206000 6.087989e+002
1.208000 6.063711e+002
1.210000 6.039532e+002
1.212000 6.015453e+002
1.214000 5.991475e+002
1.216000 5.967598e+002
1.218000 5.943822e+002
1.220000 5.920149e+002
1.222000 5.896578e+002
1.224000 5.873111e+002
1.226000 5.849747e+002
1.228000 5.826487e+002
1.230000 5.803332e+002
1.232000 5.780282e+002
1.234000 5.757338e+002
1.236000 5.734500e+002
1.238000 5.711767e+002
1.240000 5.689142e+002
1.242000 5.666624e+002
1.244000 5.644213e+002
1.246000 5.621910e+002
1.248000 5.599716e+002
1.250000 5.577630e+002
1.252000 5.555654e+002
1.254000 5.533786e+002
1.256000 5.512028e+002
1.258000 5.490381e+002
1.260000 5.468843e+002
1.262000 5.447416e+002
1.264000 5.426100e+002
1.266000 5.404896e+002
1.268000 5.383802e+002
1.270000 5.362820e+002
1.272000 5.341951e+002
1.274000 5.321193e+002
1.276000 5.300547e+002
1.278000 5.280015e+002
1.280000 5.259595e+002
1.282000 5.239287e+002
1.284000 5.219094e+002
1.286000 5.199013e+002
1.288000 5.179046e+002
1.290000 5.159192e+002
1.292000 5.139452e+002
1.294000 5.119826e+002
1.296000 5.100315e+002
1.298000 5.080917e+002
1.300000 5.061633e+002
1.302000 5.042464e+002
1.304000 5.023409e+002
1.306000 5.004469e+002
1.308000 4.985643e+002
1.310000 4.966932e+002
1.312000 4.948335e+002
1.314000 4.929853e+002
1.316000 4.911486e+002
1.318000 4.893233e+002
1.320000 4.875095e+002
1.322000 4.857072e+002
1.324000 4.839163e+002
1.326000 4.821369e+002
1.328000 4.803690e+002
1.330000 4.786125e+002
1.332000 4.768675e+002
1.334000 4.751340e+002
1.336000 4.734118e+002
1.338000 4.717012e+002
1.340000 4.700019e+002
1.342000 4.683141e+002
1.344000 4.666376e+002
1.346000 4.649726e+002
1.348000 4.633189e+002
1.350000 4.616766e+002
1.352000 4.600457e+002
1.354000 4.584261e+002
1.356000 4.568179e+002
1.358000 4.552209e+002
1.360000 4.536353e+002
1.362000 4.520609e+002
1.364000 4.504978e+002
1.366000 4.489460e+002
1.368000 4.474053e+002
1.370000 4.458759e+002
1.372000 4.443576e+002
1.374000 4.428505e+002
1.376000 4.413546e+002
1.378000 4.398697e+002
1.380000 4.383960e+002
1.382000 4.369333e+002
1.384000 4.354816e+002
1.386000 4.340410e+002
1.388000 4.326113e+002
1.390000 4.311926e+002
1.392000 4.297848e+002
1.394000 4.283880e+002
1.396000 4.270020e+002
1.398000 4.256268e+002
1.400000 4.242625e+002
1.402000 4.229089e+002
1.404000 4.215661e+002
1.406000 4.202340e+002
1.408000 4.189126e+002
1.410000 4.176018e+002
1.412000 4.163017e+002
1.414000 4.150121e+002
1.416000 4.137331e+002
1.418000 4.124646e+002
1.420000 4.112065e+002
1.422000 4.099589e+002
1.424000 4.087217e+002
1.426000 4.074949e+002
1.428000 4.062783e+002
1.430000 4.050721e+002
1.432000 4.038761e+002
1.434000 4.026903e+002
1.436000 4.015146e+002
1.438000 4.003491e+002
1.440000 3.991937e+002
1.442000 3.980483e+002
1.444000 3.969129e+002
1.446000 3.957874e+002
1.448000 3.946719e+002
1.450000 3.935662e+002
1.452000 3.924704e+002
1.454000 3.913843e+002
1.456000 3.903079e+002
1.458000 3.892413e+002
1.460000 3.881843e+002
1.462000 3.871369e+002
1.464000 3.860991e+002
1.466000 3.850707e+002
1.468000 3.840518e+002
1.470000 3.830424e+002
1.472000 3.820422e+002
1.474000 3.810515e+002
1.476000 3.800699e+002
1.478000 3.790976e+002
1.480000 3.781345e+002
1.482000 3.771805e+002
1.484000 3.762356e+002
1.486000 3.752997e+002
1.488000 3.743728e+002
1.490000 3.734548e+002
1.492000 3.725456e+002
1.494000 3.716454e+002
1.496000 3.707538e+002
1.498000 3.698710e+002
1.500000 3.689969e+002
1.502000 3.681314e+002
1.504000 3.672745e+002
1.506000 3.664261e+002
1.508000 3.655862e+002
1.510000 3.647547e+002
1.512000 3.639316e+002
1.514000 3.631167e+002
1.516000 3.623102e+002
1.518000 3.615118e+002
1.520000 3.607216e+002
1.522000 3.599395e+002
1.524000 3.591655e+002
1.526000 3.583995e+002
1.528000 3.576414e+002
1.530000 3.568912e+002
1.532000 3.561488e+002
1.534000 3.554143e+002
1.536000 3.546875e+002
1.538000 3.539683e+002
1.540000 3.532568e+002
1.542000 3.525529e+002
1.544000 3.518565e+002
1.546000 3.511676e+002
1.548000 3.504860e+002
1.550000 3.498119e+002
1.552000 3.491451e+002
1.554000 3.484855e+002
1.556000 3.478331e+002
1.558000 3.471879e+002
1.560000 3.465498e+002
1.562000 3.459187e+002
1.564000 3.452946e+002
1.566000 3.446775e+002
1.568000 3.440672e+002
1.570000 3.434638e+002
1.572000 3.428671e+002
1.574000 3.422772e+002
1.576000 3.416940e+002
1.578000 3.411174e+002
1.580000 3.405473e+002
1.582000 3.399838e+002
1.584000 3.394268e+002
1.586000 3.388761e+002
1.588000 3.383318e+002
1.590000 3.377939e+002
1.592000 3.372621e+002
1.594000 3.367366e+002
1.596000 3.362173e+002
1.598000 3.357040e+002
1.600000 3.351968e+002
1.602000 3.346956e+002
1.604000 3.342003e+002
1.606000 3.337109e+002
1.608000 3.332274e+002
1.610000 3.327496e+002
1.612000 3.322777e+002
1.614000 3.318114e+002
1.616000 3.313507e+002
1.618000 3.308956e+002
1.620000 3.304461e+002
1.622000 3.300021e+002
1.624000 3.295635e+002
1.626000 3.291303e+002
1.628000 3.287024e+002
1.630000 3.282799e+002
1.632000 3.278625e+002
1.634000 3.274504e+002
1.636000 3.270434e+002
1.638000 3.266416e+002
1.640000 3.262447e+002
1.642000 3.258529e+002
1.644000 3.254660e+002
1.646000 3.250841e+002
1.648000 3.247070e+002
1.650000 3.243347e+002
1.652000 3.239672e+002
1.654000 3.236044e+002
1.656000 3.232463e+002
1.658000 3.228928e+002
1.660000 3.225438e+002
1.662000 3.221995e+002
1.664000 3.218596e+002
1.666000 3.215241e+002
1.668000 3.211931e+002
1.670000 3.208664e+002
1.672000 3.205440e+002
1.674000 3.202259e+002
1.676000 3.199120e+002
1.678000 3.196023e+002
1.680000 3.192967e+002
1.682000 3.189952e+002
1.684000 3.186977e+002
1.686000 3.184043e+002
1.688000 3.181148e+002
1.690000 3.178293e+002
1.692000 3.175476e+002
1.694000 3.172698e+002
1.696000 3.169957e+002
1.698000 3.167254e+002
1.700000 3.164589e+002
1.702000 3.161960e+002
1.704000 3.159367e+002
1.706000 3.156810e+002
1.708000 3.154289e+002
1.710000 3.151803e+002
1.712000 3.149352e+002
1.714000 3.146935e+002
1.716000 3.144552e+002
1.718000 3.142202e+002
1.720000 3.139886e+002
1.722000 3.137603e+002
1.724000 3.135352e+002
1.726000 3.133133e+002
1.728000 3.130946e+002
1.730000 3.128790e+002
1.732000 3.126665e+002
1.734000 3.124571e+002
1.736000 3.122507e+002
1.738000 3.120473e+002
1.740000 3.118468e+002
1.742000 3.116493e+002
1.744000 3.114546e+002
1.746000 3.112628e+002
1.748000 3.110738e+002
1.750000 3.108876e+002
1.752000 3.107042e+002
1.754000 3.105234e+002
1.756000 3.103453e+002
1.758000 3.101699e+002
1.760000 3.099971e+002
1.762000 3.098269e+002
1.764000 3.096592e+002
1.766000 3.094941e+002
1.768000 3.093314e+002
1.770000 3.091712e+002
1.772000 3.090134e+002
1.774000 3.088581e+002
1.776000 3.087051e+002
1.778000 3.085544e+002
1.780000 3.084060e+002
1.782000 3.082599e+002
1.784000 3.081161e+002
1.786000 3.079744e+002
1.788000 3.078350e+002
1.790000 3.076977e+002
1.792000 3.075625e+002
1.794000 3.074295e+002
1.796000 3.072985e+002
1.798000 3.071696e+002
1.800000 3.070427e+002
1.802000 3.069178e+002
1.804000 3.067949e+002
1.806000 3.066739e+002
1.808000 3.065548e+002
1.810000 3.064377e+002
1.812000 3.063224e+002
1.814000 3.062089e+002
1.816000 3.060972e+002
1.818000 3.059874e+002
1.820000 3.058793e+002
1.822000 3.057729e+002
1.824000 3.056683e+002
1.826000 3.055653e+002
1.828000 3.054641e+002
1.830000 3.053645e+002
1.832000 3.052665e+002
1.834000 3.051701e+002
1.836000 3.050753e+002
1.838000 3.049820e+002
1.840000 3.048903e+002
1.842000 3.048001e+002
1.844000 3.047114e+002
1.846000 3.046241e+002
1.848000 3.045383e+002
1.850000 3.044540e+002
1.852000 3.043710e+002
1.854000 3.042895e+002
1.856000 3.042093e+002
1.858000 3.041304e+002
1.860000 3.040529e+002
1.862000 3.039767e+002
1.864000 3.039018e+002
1.866000 3.038282e+002
1.868000 3.037558e+002
1.870000 3.036846e+002
1.872000 3.036147e+002
1.874000 3.035459e+002
1.876000 3.034784e+002
1.878000 3.034120e+002
1.880000 3.033467e+002
1.882000 3.032826e+002
1.884000 3.032196e+002
1.886000 3.031577e+002
1.888000 3.030968e+002
1.890000 3.030370e+002
1.892000 3.029783e+002
1.894000 3.029206e+002
1.896000 3.028639e+002
1.898000 3.028082e+002
1.900000 3.027535e+002
1.902000 3.026998e+002
1.904000 3.026470e+002
1.906000 3.025951e+002
1.908000 3.025442e+002
1.910000 3.024942e+002
1.912000 3.024450e+002
1.914000 3.023968e+002
1.916000 3.023494e+002
1.918000 3.023029e+002
1.920000 3.022572e+002
1.922000 3.022123e+002
1.924000 3.021683e+002
1.926000 3.021250e+002
1.928000 3.020825e+002
1.930000 3.020408e+002
1.932000 3.019999e+002
1.934000 3.019597e+002
1.936000 3.019203e+002
1.938000 3.018815e+002
1.940000 3.018435e+002
1.942000 3.018062e+002
1.944000 3.017696e+002
1.946000 3.017337e+002
1.948000 3.016984e+002
1.950000 3.016638e+002
1.952000 3.016298e+002
1.954000 3.015965e+002
1.956000 3.015638e+002
1.958000 3.015317e+002
1.960000 3.015002e+002
1.962000 3.014693e+002
1.964000 3.014389e+002
1.966000 3.014092e+002
1.968000 3.013800e+002
1.970000 3.013514e+002
1.972000 3.013233e+002
1.974000 3.012958e+002
1.976000 3.012688e+002
1.978000 3.012423e+002
1.980000 3.012163e+002
1.982000 3.011908e+002
1.984000 3.011658e+002
1.986000 3.011413e+002
1.988000 3.011172e+002
1.990000 3.010936e+002
1.992000 3.010705e+002
1.994000 3.010478e+002
1.996000 3.010256e+002
1.998000 3.010038e+002
2.000000 3.009825e+002
2.002000 3.009615e+002
2.004000 3.009410e+002
2.006000 3.009208e+002
2.008000 3.009011e+002
2.010000 3.008818e+002
2.012000 3.008628e+002
2.014000 3.008442e+002
2.016000 3.008260e+002
2.018000 3.008082e+002
2.020000 3.007907e+002
2.022000 3.007735e+002
2.024000 3.007567e+002
2.026000 3.007403e+002
2.028000 3.007241e+002
2.030000 3.007083e+002
2.032000 3.006928e+002
2.034000 3.006777e+002
2.036000 3.006628e+002
2.038000 3.006482e+002
2.040000 3.006340e+002
2.042000 3.006200e+002
2.044000 3.006063e+002
2.046000 3.005929e+002
2.048000 3.005798e+002
2.050000 3.005669e+002
2.052000 3.005543e+002
2.054000 3.005419e+002
2.056000 3.005299e+002
2.058000 3.005180e+002
2.060000 3.005064e+002
2.062000 3.004951e+002
2.064000 3.004840e+002
2.066000 3.004731e+002
2.068000 3.004624e+002
2.070000 3.004520e+002
2.072000 3.004418e+002
2.074000 3.004318e+002
2.076000 3.004220e+002
2.078000 3.004124e+002
2.080000 3.004031e+002
2.082000 3.003939e+002
2.084000 3.003849e+002
2.086000 3.003761e+002
2.088000 3.003675e+002
2.090000 3.003591e+002
2.092000 3.003508e+002
2.094000 3.003428e+002
2.096000 3.003349e+002
2.098000 3.003271e+002
2.100000 3.003196e+002
2.102000 3.003122e+002
2.104000 3.003050e+002
2.106000 3.002979e+002
2.108000 3.002910e+002
2.110000 3.002842e+002
2.112000 3.002776e+002
2.114000 3.002711e+002
2.116000 3.002647e+002
2.118000 3.002585e+002
2.120000 3.002525e+002
2.122000 3.002465e+002
2.124000 3.002407e+002
2.126000 3.002351e+002
2.128000 3.002295e+002
2.130000 3.002241e+002
2.132000 3.002188e+002
2.134000 3.002136e+002
2.136000 3.002085e+002
2.138000 3.002035e+002
2.140000 3.001987e+002
2.142000 3.001939e+002
2.144000 3.001893e+002
2.146000 3.001848e+002
2.148000 3.001804e+002
2.150000 3.001760e+002
2.152000 3.001718e+002
2.154000 3.001676e+002
2.156000 3.001636e+002
2.158000 3.001597e+002
2.160000 3.001558e+002
2.162000 3.001520e+002
2.164000 3.001483e+002
2.166000 3.001447e+002
2.168000 3.001412e+002
2.170000 3.001378e+002
2.172000 3.001344e+002
2.174000 3.001311e+002
2.176000 3.001279e+002
2.178000 3.001248e+002
2.180000 3.001217e+002
2.182000 3.001187e+002
2.184000 3.001158e+002
2.186000 3.001129e+002
2.188000 3.001101e+002
2.190000 3.001074e+002
2.192000 3.001047e+002
2.194000 3.001021e+002
2.196000 3.000996e+002
2.198000 3.000971e+002
2.200000 3.000947e+002
2.202000 3.000923e+002
2.204000 3.000900e+002
2.206000 3.000878e+002
2.208000 3.000856e+002
2.210000 3.000834e+002
2.212000 3.000813e+002
2.214000 3.000793e+002
2.216000 3.000773e+002
2.218000 3.000753e+002
2.220000 3.000734e+002
2.222000 3.000716e+002
2.224000 3.000697e+002
2.226000 3.000680e+002
2.228000 3.000662e+002
2.230000 3.000646e+002
2.232000 3.000629e+002
2.234000 3.000613e+002
2.236000 3.000597e+002
2.238000 3.000582e+002
2.240000 3.000567e+002
2.242000 3.000553e+002
2.244000 3.000538e+002
2.246000 3.000524e+002
2.248000 3.000511e+002
2.250000 3.000498e+002
2.252000 3.000485e+002
2.254000 3.000472e+002
2.256000 3.000460e+002
2.258000 3.000448e+002
2.260000 3.000436e+002
2.262000 3.000425e+002
2.264000 3.000414e+002
2.266000 3.000403e+002
2.268000 3.000393e+002
2.270000 3.000382e+002
2.272000 3.000372e+002
2.274000 3.000362e+002
2.276000 3.000353e+002
2.278000 3.000344e+002
2.280000 3.000335e+002
2.282000 3.000326e+002
2.284000 3.000317e+002
2.286000 3.000309e+002
2.288000 3.000300e+002
2.290000 3.000292e+002
2.292000 3.000285e+002
2.294000 3.000277e+002
2.296000 3.000270e+002
2.298000 3.000262e+002
2.300000 3.000255e+002
2.302000 3.000249e+002
2.304000 3.000242e+002
2.306000 3.000235e+002
2.308000 3.000229e+002
2.310000 3.000223e+002
2.312000 3.000217e+002
2.314000 3.000211e+002
2.316000 3.000205e+002
2.318000 3.000200e+002
2.320000 3.000194e+002
2.322000 3.000189e+002
2.324000 3.000184e+002
2.326000 3.000179e+002
2.328000 3.000174e+002
2.330000 3.000169e+002
2.332000 3.000165e+002
2.334000 3.000160e+002
2.336000 3.000156e+002
2.338000 3.000151e+002
2.340000 3.000147e+002
2.342000 3.000143e+002
2.344000 3.000139e+002
2.346000 3.000135e+002
2.348000 3.000132e+002
2.350000 3.000128e+002
2.352000 3.000125e+002
2.354000 3.000121e+002
2.356000 3.000118e+002
2.358000 3.000114e+002
2.360000 3.000111e+002
2.362000 3.000108e+002
2.364000 3.000105e+002
2.366000 3.000102e+002
2.368000 3.000099e+002
2.370000 3.000097e+002
2.372000 3.000094e+002
2.374000 3.000091e+002
2.376000 3.000089e+002
2.378000 3.000086e+002
2.380000 3.000084e+002
2.382000 3.000081e+002
2.384000 3.000079e+002
2.386000 3.000077e+002
2.388000 3.000075e+002
2.390000 3.000072e+002
2.392000 3.000070e+002
2.394000 3.000068e+002
2.396000 3.000066e+002
2.398000 3.000065e+002
2.400000 3.000063e+002
2.402000 3.000061e+002
2.404000 3.000059e+002
2.406000 3.000057e+002
2.408000 3.000056e+002
2.410000 3.000054e+002
2.412000 3.000053e+002
2.414000 3.000051e+002
2.416000 3.000050e+002
2.418000 3.000048e+002
2.420000 3.000047e+002
2.422000 3.000045e+002
2.424000 3.000044e+002
2.426000 3.000043e+002
2.428000 3.000042e+002
2.430000 3.000040e+002
2.432000 3.000039e+002
2.434000 3.000038e+002
2.436000 3.000037e+002
2.438000 3.000036e+002
2.440000 3.000035e+002
2.442000 3.000034e+002
2.444000 3.000033e+002
2.446000 3.000032e+002
2.448000 3.000031e+002
2.450000 3.000030e+002
2.452000 3.000029e+002
2.454000 3.000028e+002
2.456000 3.000027e+002
2.458000 3.000027e+002
2.460000 3.000026e+002
2.462000 3.000025e+002
2.464000 3.000024e+002
2.466000 3.000024e+002
2.468000 3.000023e+002
2.470000 3.000022e+002
2.472000 3.000021e+002
2.474000 3.000021e+002
2.476000 3.000020e+002
2.478000 3.000020e+002
2.480000 3.000019e+002
2.482000 3.000018e+002
2.484000 3.000018e+002
2.486000 3.000017e+002
2.488000 3.000017e+002
2.490000 3.000016e+002
2.492000 3.000016e+002
2.494000 3.000015e+002
2.496000 3.000015e+002
2.498000 3.000014e+002
2.500000 3.000014e+002
2.502000 3.000014e+002
2.504000 3.000013e+002
2.506000 3.000013e+002
2.508000 3.000012e+002
2.510000 3.000012e+002
2.512000 3.000012e+002
2.514000 3.000011e+002
2.516000 3.000011e+002
2.518000 3.000011e+002
2.520000 3.000010e+002
2.522000 3.000010e+002
2.524000 3.000010e+002
2.526000 3.000009e+002
2.528000 3.000009e+002
2.530000 3.000009e+002
2.532000 3.000008e+002
2.534000 3.000008e+002
2.536000 3.000008e+002
2.538000 3.000008e+002
2.540000 3.000007e+002
2.542000 3.000007e+002
2.544000 3.000007e+002
2.546000 3.000007e+002
2.548000 3.000007e+002
2.550000 3.000006e+002
2.552000 3.000006e+002
2.554000 3.000006e+002
2.556000 3.000006e+002
2.558000 3.000006e+002
2.560000 3.000005e+002
2.562000 3.000005e+002
2.564000 3.000005e+002
2.566000 3.000005e+002
2.568000 3.000005e+002
2.570000 3.000005e+002
2.572000 3.000004e+002
2.574000 3.000004e+002
2.576000 3.000004e+002
2.578000 3.000004e+002
2.580000 3.000004e+002
2.582000 3.000004e+002
2.584000 3.000004e+002
2.586000 3.000004e+002
2.588000 3.000003e+002
2.590000 3.000003e+002
2.592000 3.000003e+002
2.594000 3.000003e+002
2.596000 3.000003e+002
2.598000 3.000003e+002
2.600000 3.000003e+002
2.602000 3.000003e+002
2.604000 3.000003e+002
2.606000 3.000003e+002
2.608000 3.000002e+002
2.610000 3.000002e+002
2.612000 3.000002e+002
2.614000 3.000002e+002
2.616000 3.000002e+002
2.618000 3.000002e+002
2.620000 3.000002e+002
2.622000 3.000002e+002
2.624000 3.000002e+002
2.626000 3.000002e+002
2.628000 3.000002e+002
2.630000 3.000002e+002
2.632000 3.000002e+002
2.634000 3.000002e+002
2.636000 3.000002e+002
2.638000 3.000002e+002
2.640000 3.000001e+002
2.642000 3.000001e+002
2.644000 3.000001e+002
2.646000 3.000001e+002
2.648000 3.000001e+002
2.650000 3.000001e+002
2.652000 3.000001e+002
2.654000 3.000001e+002
2.656000 3.000001e+002
2.658000 3.000001e+002
2.660000 3.000001e+002
2.662000 3.000001e+002
2.664000 3.000001e+002
2.666000 3.000001e+002
2.668000 3.000001e+002
2.670000 3.000001e+002
2.672000 3.000001e+002
2.674000 3.000001e+002
2.676000 3.000001e+002
2.678000 3.000001e+002
2.680000 3.000001e+002
2.682000 3.000001e+002
2.684000 3.000001e+002
2.686000 3.000001e+002
2.688000 3.000001e+002
2.690000 3.000001e+002
2.692000 3.000001e+002
2.694000 3.000001e+002
2.696000 3.000001e+002
2.698000 3.000001e+002
2.700000 3.000001e+002
2.702000 3.000001e+002
2.704000 3.000000e+002
2.706000 3.000000e+002
2.708000 3.000000e+002
2.710000 3.000000e+002
2.712000 3.000000e+002
2.714000 3.000000e+002
2.716000 3.000000e+002
2.718000 3.000000e+002
2.720000 3.000000e+002
2.722000 3.000000e+002
2.724000 3.000000e+002
2.726000 3.000000e+002
2.728000 3.000000e+002
2.730000 3.000000e+002
2.732000 3.000000e+002
2.734000 3.000000e+002
2.736000 3.000000e+002
2.738000 3.000000e+002
2.740000 3.000000e+002
2.742000 3.000000e+002
2.744000 3.000000e+002
2.746000 3.000000e+002
2.748000 3.000000e+002
2.750000 3.000000e+002
2.752000 3.000000e+002
2.754000 3.000000e+002
2.756000 3.000000e+002
2.758000 3.000000e+002
2.760000 3.000000e+002
2.762000 3.000000e+002
2.764000 3.000000e+002
2.766000 3.000000e+002
2.768000 3.000000e+002
2.770000 3.000000e+002
2.772000 3.000000e+002
2.774000 3.000000e+002
2.776000 3.000000e+002
2.778000 3.000000e+002
2.780000 3.000000e+002
2.782000 3.000000e+002
2.784000 3.000000e+002
2.786000 3.000000e+002
2.788000 3.000000e+002
2.790000 3.000000e+002
2.792000 3.000000e+002
2.794000 3.000000e+002
2.796000 3.000000e+002
2.798000 3.000000e+002
2.800000 3.000000e+002
2.802000 3.000000e+002
2.804000 3.000000e+002
2.806000 3.000000e+002
2.808000 3.000000e+002
2.810000 3.000000e+002
2.812000 3.000000e+002
2.814000 3.000000e+002
2.816000 3.000000e+002
2.818000 3.000000e+002
2.820000 3.000000e+002
2.822000 3.000000e+002
2.824000 3.000000e+002
2.826000 3.000000e+002
2.828000 3.000000e+002
2.830000 3.000000e+002
2.832000 3.000000e+002
2.834000 3.000000e+002
2.836000 3.000000e+002
2.838000 3.000000e+002
2.840000 3.000000e+002
2.842000 3.000000e+002
2.844000 3.000000e+002
2.846000 3.000000e+002
2.848000 3.000000e+002
2.850000 3.000000e+002
2.852000 3.000000e+002
2.854000 3.000000e+002
2.856000 3.000000e+002
2.858000 3.000000e+002
2.860000 3.000000e+002
2.862000 3.000000e+002
2.864000 3.000000e+002
2.866000 3.000000e+002
2.868000 3.000000e+002
2.870000 3.000000e+002
2.872000 3.000000e+002
2.874000 3.000000e+002
2.876000 3.000000e+002
2.878000 3.000000e+002
2.880000 3.000000e+002
2.882000 3.000000e+002
2.884000 3.000000e+002
2.886000 3.000000e+002
2.888000 3.000000e+002
2.890000 3.000000e+002
2.892000 3.000000e+002
2.894000 3.000000e+002
2.896000 3.000000e+002
2.898000 3.000000e+002
2.900000 3.000000e+002
2.902000 3.000000e+002
2.904000 3.000000e+002
2.906000 3.000000e+002
2.908000 3.000000e+002
2.910000 3.000000e+002
2.912000 3.000000e+002
2.914000 3.000000e+002
2.916000 3.000000e+002
2.918000 3.000000e+002
2.920000 3.000000e+002
2.922000 3.000000e+002
2.924000 3.000000e+002
2.926000 3.000000e+002
2.928000 3.000000e+002
2.930000 3.000000e+002
2.932000 3.000000e+002
2.934000 3.000000e+002
2.936000 3.000000e+002
2.938000 3.000000e+002
2.940000 3.000000e+002
2.942000 3.000000e+002
2.944000 3.000000e+002
2.946000 3.000000e+002
2.948000 3.000000e+002
2.950000 3.000000e+002
2.952000 3.000000e+002
2.954000 3.000000e+002
2.956000 3.000000e+002
2.958000 3.000000e+002
2.960000 3.000000e+002
2.962000 3.000000e+002
2.964000 3.000000e+002
2.966000 3.000000e+002
2.968000 3.000000e+002
2.970000 3.000000e+002
2.972000 3.000000e+002
2.974000 3.000000e+002
2.976000 3.000000e+002
2.978000 3.000000e+002
2.980000 3.000000e+002
2.982000 3.000000e+002
2.984000 3.000000e+002
2.986000 3.000000e+002
2.988000 3.000000e+002
2.990000 3.000000e+002
2.992000 3.000000e+002
2.994000 3.000000e+002
2.996000 3.000000e+002
2.998000 3.000000e+002
3.000000 3.000000e+002
3.002000 3.000000e+002
3.004000 3.000000e+002
3.006000 3.000000e+002
3.008000 3.000000e+002
3.010000 3.000000e+002
3.012000 3.000000e+002
3.014000 3.000000e+002
3.016000 3.000000e+002
3.018000 3.000000e+002
3.020000 3.000000e+002
3.022000 3.000000e+002
3.024000 3.000000e+002
3.026000 3.000000e+002
3.028000 3.000000e+002
3.030000 3.000000e+002
3.032000 3.000000e+002
3.034000 3.000000e+002
3.036000 3.000000e+002
3.038000 3.000000e+002
3.040000 3.000000e+002
3.042000 3.000000e+002
3.044000 3.000000e+002
3.046000 3.000000e+002
3.048000 3.000000e+002
3.050000 3.000000e+002
3.052000 3.000000e+002
3.054000 3.000000e+002
3.056000 3.000000e+002
3.058000 3.000000e+002
3.060000 3.000000e+002
3.062000 3.000000e+002
3.064000 3.000000e+002
3.066000 3.000000e+002
3.068000 3.000000e+002
3.070000 3.000000e+002
3.072000 3.000000e+002
3.074000 3.000000e+002
3.076000 3.000000e+002
3.078000 3.000000e+002
3.080000 3.000000e+002
3.082000 3.000000e+002
3.084000 3.000000e+002
3.086000 3.000000e+002
3.088000 3.000000e+002
3.090000 3.000000e+002
3.092000 3.000000e+002
3.094000 3.000000e+002
3.096000 3.000000e+002
3.098000 3.000000e+002
3.100000 3.000000e+002
3.102000 3.000000e+002
3.104000 3.000000e+002
3.106000 3.000000e+002
3.108000 3.000000e+002
3.110000 3.000000e+002
3.112000 3.000000e+002
3.114000 3.000000e+002
3.116000 3.000000e+002
3.118000 3.000000e+002
3.120000 3.000000e+002
3.122000 3.000000e+002
3.124000 3.000000e+002
3.126000 3.000000e+002
3.128000 3.000000e+002
3.130000 3.000000e+002
3.132000 3.000000e+002
3.134000 3.000000e+002
3.136000 3.000000e+002
3.138000 3.000000e+002
3.140000 3.000000e+002
3.142000 3.000000e+002
3.144000 3.000000e+002
3.146000 3.000000e+002
3.148000 3.000000e+002
3.150000 3.000000e+002
3.152000 3.000000e+002
3.154000 3.000000e+002
3.156000 3.000000e+002
3.158000 3.000000e+002
3.160000 3.000000e+002
3.162000 3.000000e+002
3.164000 3.000000e+002
3.166000 3.000000e+002
3.168000 3.000000e+002
3.170000 3.000000e+002
3.172000 3.000000e+002
3.174000 3.000000e+002
3.176000 3.000000e+002
3.178000 3.000000e+002
3.180000 3.000000e+002
3.182000 3.000000e+002
3.184000 3.000000e+002
3.186000 3.000000e+002
3.188000 3.000000e+002
3.190000 3.000000e+002
3.192000 3.000000e+002
3.194000 3.000000e+002
3.196000 3.000000e+002
3.198000 3.000000e+002
3.200000 3.000000e+002
3.202000 3.000000e+002
3.204000 3.000000e+002
3.206000 3.000000e+002
3.208000 3.000000e+002
3.210000 3.000000e+002
3.212000 3.000000e+002
3.214000 3.000000e+002
3.216000 3.000000e+002
3.218000 3.000000e+002
3.220000 3.000000e+002
3.222000 3.000000e+002
3.224000 3.000000e+002
3.226000 3.000000e+002
3.228000 3.000000e+002
3.230000 3.000000e+002
3.232000 3.000000e+002
3.234000 3.000000e+002
3.236000 3.000000e+002
3.238000 3.000000e+002
3.240000 3.000000e+002
3.242000 3.000000e+002
3.244000 3.000000e+002
3.246000 3.000000e+002
3.248000 3.000000e+002
3.250000 3.000000e+002
3.252000 3.000000e+002
3.254000 3.000000e+002
3.256000 3.000000e+002
3.258000 3.000000e+002
3.260000 3.000000e+002
3.262000 3.000000e+002
3.264000 3.000000e+002
3.266000 3.000000e+002
3.268000 3.000000e+002
3.270000 3.000000e+002
3.272000 3.000000e+002
3.274000 3.000000e+002
3.276000 3.000000e+002
3.278000 3.000000e+002
3.280000 3.000000e+002
3.282000 3.000000e+002
3.284000 3.000000e+002
3.286000 3.000000e+002
3.288000 3.000000e+002
3.290000 3.000000e+002
3.292000 3.000000e+002
3.294000 3.000000e+002
3.296000 3.000000e+002
3.298000 3.000000e+002
3.300000 3.000000e+002
3.302000 3.000000e+002
3.304000 3.000000e+002
3.306000 3.000000e+002
3.308000 3.000000e+002
3.310000 3.000000e+002
3.312000 3.000000e+002
3.314000 3.000000e+002
3.316000 3.000000e+002
3.318000 3.000000e+002
3.320000 3.000000e+002
3.322000 3.000000e+002
3.324000 3.000000e+002
3.326000 3.000000e+002
3.328000 3.000000e+002
3.330000 3.000000e+002
3.332000 3.000000e+002
3.334000 3.000000e+002
3.336000 3.000000e+002
3.338000 3.000000e+002
3.340000 3.000000e+002
3.342000 3.000000e+002
3.344000 3.000000e+002
3.346000 3.000000e+002
3.348000 3.000000e+002
3.350000 3.000000e+002
3.352000 3.000000e+002
3.354000 3.000000e+002
3.356000 3.000000e+002
3.358000 3.000000e+002
3.360000 3.000000e+002
3.362000 3.000000e+002
3.364000 3.000000e+002
3.366000 3.000000e+002
3.368000 3.000000e+002
3.370000 3.000000e+002
3.372000 3.000000e+002
3.374000 3.000000e+002
3.376000 3.000000e+002
3.378000 3.000000e+002
3.380000 3.000000e+002
3.382000 3.000000e+002
3.384000 3.000000e+002
3.386000 3.000000e+002
3.388000 3.000000e+002
3.390000 3.000000e+002
3.392000 3.000000e+002
3.394000 3.000000e+002
3.396000 3.000000e+002
3.398000 3.000000e+002
3.400000 3.000000e+002
3.402000 3.000000e+002
3.404000 3.000000e+002
3.406000 3.000000e+002
3.408000 3.000000e+002
3.410000 3.000000e+002
3.412000 3.000000e+002
3.414000 3.000000e+002
3.416000 3.000000e+002
3.418000 3.000000e+002
3.420000 3.000000e+002
3.422000 3.000000e+002
3.424000 3.000000e+002
3.426000 3.000000e+002
3.428000 3.000000e+002
3.430000 3.000000e+002
3.432000 3.000000e+002
3.434000 3.000000e+002
3.436000 3.000000e+002
3.438000 3.000000e+002
3.440000 3.000000e+002
3.442000 3.000000e+002
3.444000 3.000000e+002
3.446000 3.000000e+002
3.448000 3.000000e+002
3.450000 3.000000e+002
3.452000 3.000000e+002
3.454000 3.000000e+002
3.456000 3.000000e+002
3.458000 3.000000e+002
3.460000 3.000000e+002
3.462000 3.000000e+002
3.464000 3.000000e+002
3.466000 3.000000e+002
3.468000 3.000000e+002
3.470000 3.000000e+002
3.472000 3.000000e+002
3.474000 3.000000e+002
3.476000 3.000000e+002
3.478000 3.000000e+002
3.480000 3.000000e+002
3.482000 3.000000e+002
3.484000 3.000000e+002
3.486000 3.000000e+002
3.488000 3.000000e+002
3.490000 3.000000e+002
3.492000 3.000000e+002
3.494000 3.000000e+002
3.496000 3.000000e+002
3.498000 3.000000e+002
3.500000 3.000000e+002
3.502000 3.000000e+002
3.504000 3.000000e+002
3.506000 3.000000e+002
3.508000 3.000000e+002
3.510000 3.000000e+002
3.512000 3.000000e+002
3.514000 3.000000e+002
3.516000 3.000000e+002
3.518000 3.000000e+002
3.520000 3.000000e+002
3.522000 3.000000e+002
3.524000 3.000000e+002
3.526000 3.000000e+002
3.528000 3.000000e+002
3.530000 3.000000e+002
3.532000 3.000000e+002
3.534000 3.000000e+002
3.536000 3.000000e+002
3.538000 3.000000e+002
3.540000 3.000000e+002
3.542000 3.000000e+002
3.544000 3.000000e+002
3.546000 3.000000e+002
3.548000 3.000000e+002
3.550000 3.000000e+002
3.552000 3.000000e+002
3.554000 3.000000e+002
3.556000 3.000000e+002
3.558000 3.000000e+002
3.560000 3.000000e+002
3.562000 3.000000e+002
3.564000 3.000000e+002
3.566000 3.000000e+002
3.568000 3.000000e+002
3.570000 3.000000e+002
3.572000 3.000000e+002
3.574000 3.000000e+002
3.576000 3.000000e+002
3.578000 3.000000e+002
3.580000 3.000000e+002
3.582000 3.000000e+002
3.584000 3.000000e+002
3.586000 3.000000e+002
3.588000 3.000000e+002
3.590000 3.000000e+002
3.592000 3.000000e+002
3.594000 3.000000e+002
3.596000 3.000000e+002
3.598000 3.000000e+002
3.600000 3.000000e+002
3.602000 3.000000e+002
3.604000 3.000000e+002
3.606000 3.000000e+002
3.608000 3.000000e+002
3.610000 3.000000e+002
3.612000 3.000000e+002
3.614000 3.000000e+002
3.616000 3.000000e+002
3.618000 3.000000e+002
3.620000 3.000000e+002
3.622000 3.000000e+002
3.624000 3.000000e+002
3.626000 3.000000e+002
3.628000 3.000000e+002
3.630000 3.000000e+002
3.632000 3.000000e+002
3.634000 3.000000e+002
3.636000 3.000000e+002
3.638000 3.000000e+002
3.640000 3.000000e+002
3.642000 3.000000e+002
3.644000 3.000000e+002
3.646000 3.000000e+002
3.648000 3.000000e+002
3.650000 3.000000e+002
3.652000 3.000000e+002
3.654000 3.000000e+002
3.656000 3.000000e+002
3.658000 3.000000e+002
3.660000 3.000000e+002
3.662000 3.000000e+002
3.664000 3.000000e+002
3.666000 3.000000e+002
3.668000 3.000000e+002
3.670000 3.000000e+002
3.672000 3.000000e+002
3.674000 3.000000e+002
3.676000 3.000000e+002
3.678000 3.000000e+002
3.680000 3.000000e+002
3.682000 3.000000e+002
3.684000 3.000000e+002
3.686000 3.000000e+002
3.688000 3.000000e+002
3.690000 3.000000e+002
3.692000 3.000000e+002
3.694000 3.000000e+002
3.696000 3.000000e+002
3.698000 3.000000e+002
3.700000 3.000000e+002
3.702000 3.000000e+002
3.704000 3.000000e+002
3.706000 3.000000e+002
3.708000 3.000000e+002
3.710000 3.000000e+002
3.712000 3.000000e+002
3.714000 3.000000e+002
3.716000 3.000000e+002
3.718000 3.000000e+002
3.720000 3.000000e+002
3.722000 3.000000e+002
3.724000 3.000000e+002
3.726000 3.000000e+002
3.728000 3.000000e+002
3.730000 3.000000e+002
3.732000 3.000000e+002
3.734000 3.000000e+002
3.736000 3.000000e+002
3.738000 3.000000e+002
3.740000 3.000000e+002
3.742000 3.000000e+002
3.744000 3.000000e+002
3.746000 3.000000e+002
3.748000 3.000000e+002
3.750000 3.000000e+002
3.752000 3.000000e+002
3.754000 3.000000e+002
3.756000 3.000000e+002
3.758000 3.000000e+002
3.760000 3.000000e+002
3.762000 3.000000e+002
3.764000 3.000000e+002
3.766000 3.000000e+002
3.768000 3.000000e+002
3.770000 3.000000e+002
3.772000 3.000000e+002
3.774000 3.000000e+002
3.776000 3.000000e+002
3.778000 3.000000e+002
3.780000 3.000000e+002
3.782000 3.000000e+002
3.784000 3.000000e+002
3.786000 3.000000e+002
3.788000 3.000000e+002
3.790000 3.000000e+002
3.792000 3.000000e+002
3.794000 3.000000e+002
3.796000 3.000000e+002
3.798000 3.000000e+002
3.800000 3.000000e+002
3.802000 3.000000e+002
3.804000 3.000000e+002
3.806000 3.000000e+002
3.808000 3.000000e+002
3.810000 3.000000e+002
3.812000 3.000000e+002
3.814000 3.000000e+002
3.816000 3.000000e+002
3.818000 3.000000e+002
3.820000 3.000000e+002
3.822000 3.000000e+002
3.824000 3.000000e+002
3.826000 3.000000e+002
3.828000 3.000000e+002
3.830000 3.000000e+002
3.832000 3.000000e+002
3.834000 3.000000e+002
3.836000 3.000000e+002
3.838000 3.000000e+002
3.840000 3.000000e+002
3.842000 3.000000e+002
3.844000 3.000000e+002
3.846000 3.000000e+002
3.848000 3.000000e+002
3.850000 3.000000e+002
3.852000 3.000000e+002
3.854000 3.000000e+002
3.856000 3.000000e+002
3.858000 3.000000e+002
3.860000 3.000000e+002
3.862000 3.000000e+002
3.864000 3.000000e+002
3.866000 3.000000e+002
3.868000 3.000000e+002
3.870000 3.000000e+002
3.872000 3.000000e+002
3.874000 3.000000e+002
3.876000 3.000000e+002
3.878000 3.000000e+002
3.880000 3.000000e+002
3.882000 3.000000e+002
3.884000 3.000000e+002
3.886000 3.000000e+002
3.888000 3.000000e+002
3.890000 3.000000e+002
3.892000 3.000000e+002
3.894000 3.000000e+002
3.896000 3.000000e+002
3.898000 3.000000e+002
3.900000 3.000000e+002
3.902000 3.000000e+002
3.904000 3.000000e+002
3.906000 3.000000e+002
3.908000 3.000000e+002
3.910000 3.000000e+002
3.912000 3.000000e+002
3.914000 3.000000e+002
3.916000 3.000000e+002
3.918000 3.000000e+002
3.920000 3.000000e+002
3.922000 3.000000e+002
3.924000 3.000000e+002
3.926000 3.000000e+002
3.928000 3.000000e+002
3.930000 3.000000e+002
3.932000 3.000000e+002
3.934000 3.000000e+002
3.936000 3.000000e+002
3.938000 3.000000e+002
3.940000 3.000000e+002
3.942000 3.000000e+002
3.944000 3.000000e+002
3.946000 3.000000e+002
3.948000 3.000000e+002
3.950000 3.000000e+002
3.952000 3.000000e+002
3.954000 3.000000e+002
3.956000 3.000000e+002
3.958000 3.000000e+002
3.960000 3.000000e+002
3.962000 3.000000e+002
3.964000 3.000000e+002
3.966000 3.000000e+002
3.968000 3.000000e+002
3.970000 3.000000e+002
3.972000 3.000000e+002
3.974000 3.000000e+002
3.976000 3.000000e+002
3.978000 3.000000e+002
3.980000 3.000000e+002
3.982000 3.000000e+002
3.984000 3.000000e+002
3.986000 3.000000e+002
3.988000 3.000000e+002
3.990000 3.000000e+002
3.992000 3.000000e+002
3.994000 3.000000e+002
3.996000 3.000000e+002
3.998000 3.000000e+002
