0.000000 3.370375e+002
0.002000 3.411444e+002
0.004000 3.452502e+002
0.006000 3.493546e+002
0.008000 3.534576e+002
0.010000 3.575591e+002
0.012000 3.616589e+002
0.014000 3.657569e+002
0.016000 3.698531e+002
0.018000 3.739472e+002
0.020000 3.780392e+002
0.022000 3.821290e+002
0.024000 3.862164e+002
0.026000 3.903013e+002
0.028000 3.943836e+002
0.030000 3.984631e+002
0.032000 4.025398e+002
0.034000 4.066136e+002
0.036000 4.106843e+002
0.038000 4.147518e+002
0.040000 4.188159e+002
0.042000 4.228767e+002
0.044000 4.269338e+002
0.046000 4.309874e+002
0.048000 4.350371e+002
0.050000 4.390829e+002
0.052000 4.431247e+002
0.054000 4.471624e+002
0.056000 4.511958e+002
0.058000 4.552249e+002
0.060000 4.592495e+002
0.062000 4.632695e+002
0.064000 4.672848e+002
0.066000 4.712952e+002
0.068000 4.753007e+002
0.070000 4.793011e+002
0.072000 4.832964e+002
0.074000 4.872864e+002
0.076000 4.912710e+002
0.078000 4.952501e+002
0.080000 4.992235e+002
0.082000 5.031912e+002
0.084000 5.071531e+002
0.086000 5.111090e+002
0.088000 5.150588e+002
0.090000 5.190024e+002
0.092000 5.229397e+002
0.094000 5.268707e+002
0.096000 5.307950e+002
0.098000 5.347128e+002
0.100000 5.386238e+002
0.102000 5.425280e+002
0.104000 5.464252e+002
0.106000 5.503153e+002
0.108000 5.541982e+002
0.110000 5.580739e+002
0.112000 5.619421e+002
0.114000 5.658028e+002
0.116000 5.696559e+002
0.118000 5.735013e+002
0.120000 5.773389e+002
0.122000 5.811685e+002
0.124000 5.849901e+002
0.126000 5.888036e+002
0.128000 5.926087e+002
0.130000 5.964056e+002
0.132000 6.001939e+002
0.134000 6.039737e+002
0.136000 6.077448e+002
0.138000 6.115072e+002
0.140000 6.152606e+002
0.142000 6.190051e+002
0.144000 6.227405e+002
0.146000 6.264667e+002
0.148000 6.301837e+002
0.150000 6.338912e+002
0.152000 6.375893e+002
0.154000 6.412777e+002
0.156000 6.449565e+002
0.158000 6.486255e+002
0.160000 6.522846e+002
0.162000 6.559337e+002
0.164000 6.595728e+002
0.166000 6.632016e+002
0.168000 6.668202e+002
0.170000 6.704285e+002
0.172000 6.740262e+002
0.174000 6.776134e+002
0.176000 6.811899e+002
0.178000 6.847557e+002
0.180000 6.883107e+002
0.182000 6.918547e+002
0.184000 6.953876e+002
0.186000 6.989095e+002
0.188000 7.024201e+002
0.190000 7.059194e+002
0.192000 7.094073e+002
0.194000 7.128838e+002
0.196000 7.163486e+002
0.198000 7.198018e+002
0.200000 7.232433e+002
0.202000 7.266729e+002
0.204000 7.300905e+002
0.206000 7.334962e+002
0.208000 7.368897e+002
0.210000 7.402711e+002
0.212000 7.436401e+002
0.214000 7.469969e+002
0.216000 7.503411e+002
0.218000 7.536729e+002
0.220000 7.569920e+002
0.222000 7.602985e+002
0.224000 7.635921e+002
0.226000 7.668729e+002
0.228000 7.701408e+002
0.230000 7.733957e+002
0.232000 7.766374e+002
0.234000 7.798660e+002
0.236000 7.830813e+002
0.238000 7.862833e+002
0.240000 7.894719e+002
0.242000 7.926470e+002
0.244000 7.958085e+002
0.246000 7.989564e+002
0.248000 8.020906e+002
0.250000 8.052110e+002
0.252000 8.083176e+002
0.254000 8.114102e+002
0.256000 8.144888e+002
0.258000 8.175533e+002
0.260000 8.206037e+002
0.262000 8.236398e+002
0.264000 8.266617e+002
0.266000 8.296692e+002
0.268000 8.326623e+002
0.270000 8.356409e+002
0.272000 8.386050e+002
0.274000 8.415544e+002
0.276000 8.444891e+002
0.278000 8.474090e+002
0.280000 8.503141e+002
0.282000 8.532044e+002
0.284000 8.560797e+002
0.286000 8.589400e+002
0.288000 8.617852e+002
0.290000 8.646152e+002
0.292000 8.674301e+002
0.294000 8.702297e+002
0.296000 8.730140e+002
0.298000 8.757829e+002
0.300000 8.785364e+002
0.302000 8.812743e+002
0.304000 8.839968e+002
0.306000 8.867036e+002
0.308000 8.893948e+002
0.310000 8.920702e+002
0.312000 8.947299e+002
0.314000 8.973738e+002
0.316000 9.000017e+002
0.318000 9.026138e+002
0.320000 9.052099e+002
0.322000 9.077899e+002
0.324000 9.103539e+002
0.326000 9.129017e+002
0.328000 9.154334e+002
0.330000 9.179488e+002
0.332000 9.204479e+002
0.334000 9.229308e+002
0.336000 9.253972e+002
0.338000 9.278473e+002
0.340000 9.302809e+002
0.342000 9.326980e+002
0.344000 9.350985e+002
0.346000 9.374825e+002
0.348000 9.398498e+002
0.350000 9.422005e+002
0.352000 9.445344e+002
0.354000 9.468516e+002
0.356000 9.491521e+002
0.358000 9.514356e+002
0.360000 9.537024e+002
0.362000 9.559522e+002
0.364000 9.581851e+002
0.366000 9.604010e+002
0.368000 9.625999e+002
0.370000 9.647817e+002
0.372000 9.669465e+002
0.374000 9.690941e+002
0.376000 9.712246e+002
0.378000 9.733380e+002
0.380000 9.754341e+002
0.382000 9.775130e+002
0.384000 9.795746e+002
0.386000 9.816190e+002
0.388000 9.836460e+002
0.390000 9.856557e+002
0.392000 9.876480e+002
0.394000 9.896228e+002
0.396000 9.915803e+002
0.398000 9.935203e+002
0.400000 9.954428e+002
0.402000 9.973479e+002
0.404000 9.992354e+002
0.406000 1.001105e+003
0.408000 1.002958e+003
0.410000 1.004793e+003
0.412000 1.006610e+003
0.414000 1.008409e+003
0.416000 1.010191e+003
0.418000 1.011956e+003
0.420000 1.013702e+003
0.422000 1.015431e+003
0.424000 1.017142e+003
0.426000 1.018836e+003
0.428000 1.020511e+003
0.430000 1.022169e+003
0.432000 1.023810e+003
0.434000 1.025432e+003
0.436000 1.027037e+003
0.438000 1.028623e+003
0.440000 1.030192e+003
0.442000 1.031744e+003
0.444000 1.033277e+003
0.446000 1.034793e+003
0.448000 1.036290e+003
0.450000 1.037770e+003
0.452000 1.039232e+003
0.454000 1.040676e+003
0.456000 1.042102e+003
0.458000 1.043511e+003
0.460000 1.044901e+003
0.462000 1.046274e+003
0.464000 1.047628e+003
0.466000 1.048965e+003
0.468000 1.050284e+003
0.470000 1.051585e+003
0.472000 1.052868e+003
0.474000 1.054134e+003
0.476000 1.055381e+003
0.478000 1.056610e+003
0.480000 1.057822e+003
0.482000 1.059016e+003
0.484000 1.060192e+003
0.486000 1.061350e+003
0.488000 1.062490e+003
0.490000 1.063612e+003
0.492000 1.064716e+003
0.494000 1.065803e+003
0.496000 1.066872e+003
0.498000 1.067923e+003
0.500000 1.068956e+003
0.502000 1.069971e+003
0.504000 1.070969e+003
0.506000 1.071948e+003
0.508000 1.072910e+003
0.510000 1.073854e+003
0.512000 1.074781e+003
0.514000 1.075689e+003
0.516000 1.076580e+003
0.518000 1.077454e+003
0.520000 1.078309e+003
0.522000 1.079147e+003
0.524000 1.079967e+003
0.526000 1.080770e+003
0.528000 1.081555e+003
0.530000 1.082322e+003
0.532000 1.083072e+003
0.534000 1.083804e+003
0.536000 1.084519e+003
0.538000 1.085216e+003
0.540000 1.085896e+003
0.542000 1.086558e+003
0.544000 1.087203e+003
0.546000 1.087830e+003
0.548000 1.088440e+003
0.550000 1.089032e+003
0.552000 1.089608e+003
0.554000 1.090165e+003
0.556000 1.090706e+003
0.558000 1.091229e+003
0.560000 1.091735e+003
0.562000 1.092224e+003
0.564000 1.092695e+003
0.566000 1.093149e+003
0.568000 1.093587e+003
0.570000 1.094007e+003
0.572000 1.094410e+003
0.574000 1.094796e+003
0.576000 1.095164e+003
0.578000 1.095516e+003
0.580000 1.095851e+003
0.582000 1.096169e+003
0.584000 1.096471e+003
0.586000 1.096755e+003
0.588000 1.097022e+003
0.590000 1.097273e+003
0.592000 1.097507e+003
0.594000 1.097724e+003
0.596000 1.097925e+003
0.598000 1.098109e+003
0.600000 1.098276e+003
0.602000 1.098427e+003
0.604000 1.098561e+003
0.606000 1.098679e+003
0.608000 1.098780e+003
0.610000 1.098865e+003
0.612000 1.098934e+003
0.614000 1.098986e+003
0.616000 1.099022e+003
0.618000 1.099042e+003
0.620000 1.099045e+003
0.622000 1.099032e+003
0.624000 1.099004e+003
0.626000 1.098959e+003
0.628000 1.098898e+003
0.630000 1.098821e+003
0.632000 1.098729e+003
0.634000 1.098620e+003
0.636000 1.098496e+003
0.638000 1.098355e+003
0.640000 1.098199e+003
0.642000 1.098028e+003
0.644000 1.097840e+003
0.646000 1.097638e+003
0.648000 1.097419e+003
0.650000 1.097185e+003
0.652000 1.096936e+003
0.654000 1.096671e+003
0.656000 1.096391e+003
0.658000 1.096096e+003
0.660000 1.095785e+003
0.662000 1.095459e+003
0.664000 1.095118e+003
0.666000 1.094762e+003
0.668000 1.094391e+003
0.670000 1.094005e+003
0.672000 1.093604e+003
0.674000 1.093188e+003
0.676000 1.092758e+003
0.678000 1.092312e+003
0.680000 1.091852e+003
0.682000 1.091377e+003
0.684000 1.090888e+003
0.686000 1.090384e+003
0.688000 1.089866e+003
0.690000 1.089333e+003
0.692000 1.088786e+003
0.694000 1.088225e+003
0.696000 1.087649e+003
0.698000 1.087059e+003
0.700000 1.086455e+003
0.702000 1.085837e+003
0.704000 1.085205e+003
0.706000 1.084559e+003
0.708000 1.083899e+003
0.710000 1.083226e+003
0.712000 1.082538e+003
0.714000 1.081837e+003
0.716000 1.081123e+003
0.718000 1.080394e+003
0.720000 1.079653e+003
0.722000 1.078898e+003
0.724000 1.078129e+003
0.726000 1.077347e+003
0.728000 1.076552e+003
0.730000 1.075744e+003
0.732000 1.074922e+003
0.734000 1.074088e+003
0.736000 1.073240e+003
0.738000 1.072380e+003
0.740000 1.071506e+003
0.742000 1.070620e+003
0.744000 1.069722e+003
0.746000 1.068810e+003
0.748000 1.067886e+003
0.750000 1.066950e+003
0.752000 1.066001e+003
0.754000 1.065039e+003
0.756000 1.064065e+003
0.758000 1.063079e+003
0.760000 1.062081e+003
0.762000 1.061071e+003
0.764000 1.060049e+003
0.766000 1.059015e+003
0.768000 1.057968e+003
0.770000 1.056910e+003
0.772000 1.055841e+003
0.774000 1.054759e+003
0.776000 1.053666e+003
0.778000 1.052561e+003
0.780000 1.051445e+003
0.782000 1.050318e+003
0.784000 1.049179e+003
0.786000 1.048029e+003
0.788000 1.046867e+003
0.790000 1.045695e+003
0.792000 1.044511e+003
0.794000 1.043317e+003
0.796000 1.042112e+003
0.798000 1.040895e+003
0.800000 1.039668e+003
0.802000 1.038431e+003
0.804000 1.037182e+003
0.806000 1.035924e+003
0.808000 1.034654e+003
0.810000 1.033375e+003
0.812000 1.032085e+003
0.814000 1.030785e+003
0.816000 1.029474e+003
0.818000 1.028154e+003
0.820000 1.026823e+003
0.822000 1.025483e+003
0.824000 1.024133e+003
0.826000 1.022772e+003
0.828000 1.021403e+003
0.830000 1.020023e+003
0.832000 1.018634e+003
0.834000 1.017236e+003
0.836000 1.015828e+003
0.838000 1.014410e+003
0.840000 1.012984e+003
0.842000 1.011548e+003
0.844000 1.010103e+003
0.846000 1.008650e+003
0.848000 1.007187e+003
0.850000 1.005715e+003
0.852000 1.004235e+003
0.854000 1.002745e+003
0.856000 1.001248e+003
0.858000 9.997411e+002
0.860000 9.982262e+002
0.862000 9.967028e+002
0.864000 9.951711e+002
0.866000 9.936311e+002
0.868000 9.920830e+002
0.870000 9.905267e+002
0.872000 9.889624e+002
0.874000 9.873902e+002
0.876000 9.858100e+002
0.878000 9.842221e+002
0.880000 9.826264e+002
0.882000 9.810231e+002
0.884000 9.794123e+002
0.886000 9.777939e+002
0.888000 9.761681e+002
0.890000 9.745350e+002
0.892000 9.728947e+002
0.894000 9.712471e+002
0.896000 9.695925e+002
0.898000 9.679308e+002
0.900000 9.662622e+002
0.902000 9.645867e+002
0.904000 9.629045e+002
0.906000 9.612155e+002
0.908000 9.595199e+002
0.910000 9.578177e+002
0.912000 9.561090e+002
0.914000 9.543940e+002
0.916000 9.526726e+002
0.918000 9.509450e+002
0.920000 9.492112e+002
0.922000 9.474713e+002
0.924000 9.457254e+002
0.926000 9.439736e+002
0.928000 9.422159e+002
0.930000 9.404524e+002
0.932000 9.386833e+002
0.934000 9.369085e+002
0.936000 9.351281e+002
0.938000 9.333423e+002
0.940000 9.315511e+002
0.942000 9.297546e+002
0.944000 9.279528e+002
0.946000 9.261459e+002
0.948000 9.243339e+002
0.950000 9.225169e+002
0.952000 9.206949e+002
0.954000 9.188681e+002
0.956000 9.170365e+002
0.958000 9.152002e+002
0.960000 9.133593e+002
0.962000 9.115139e+002
0.964000 9.096640e+002
0.966000 9.078096e+002
0.968000 9.059510e+002
0.970000 9.040881e+002
0.972000 9.022210e+002
0.974000 9.003499e+002
0.976000 8.984747e+002
0.978000 8.965956e+002
0.980000 8.947126e+002
0.982000 8.928259e+002
0.984000 8.909354e+002
0.986000 8.890413e+002
0.988000 8.871436e+002
0.990000 8.852424e+002
0.992000 8.833378e+002
0.994000 8.814299e+002
0.996000 8.795187e+002
0.998000 8.776043e+002
1.000000 8.756868e+002
1.002000 8.737662e+002
1.004000 8.718427e+002
1.006000 8.699162e+002
1.008000 8.679870e+002
1.010000 8.660549e+002
1.012000 8.641202e+002
1.014000 8.621829e+002
1.016000 8.602431e+002
1.018000 8.583008e+002
1.020000 8.563561e+002
1.022000 8.544091e+002
1.024000 8.524599e+002
1.026000 8.505084e+002
1.028000 8.485549e+002
1.030000 8.465993e+002
1.032000 8.446418e+002
1.034000 8.426824e+002
1.036000 8.407212e+002
1.038000 8.387582e+002
1.040000 8.367935e+002
1.042000 8.348273e+002
1.044000 8.328595e+002
1.046000 8.308902e+002
1.048000 8.289195e+002
1.050000 8.269475e+002
1.052000 8.249743e+002
1.054000 8.229998e+002
1.056000 8.210242e+002
1.058000 8.190476e+002
1.060000 8.170700e+002
1.062000 8.150914e+002
1.064000 8.131120e+002
1.066000 8.111318e+002
1.068000 8.091509e+002
1.070000 8.071694e+002
1.072000 8.051872e+002
1.074000 8.032046e+002
1.076000 8.012215e+002
1.078000 7.992380e+002
1.080000 7.972541e+002
1.082000 7.952700e+002
1.084000 7.932858e+002
1.086000 7.913014e+002
1.088000 7.893169e+002
1.090000 7.873324e+002
1.092000 7.853480e+002
1.094000 7.833638e+002
1.096000 7.813797e+002
1.098000 7.793959e+002
1.100000 7.774124e+002
1.102000 7.754292e+002
1.104000 7.734466e+002
1.106000 7.714644e+002
1.108000 7.694828e+002
1.110000 7.675018e+002
1.112000 7.655215e+002
1.114000 7.635419e+002
1.116000 7.615632e+002
1.118000 7.595853e+002
1.120000 7.576083e+002
1.122000 7.556324e+002
1.124000 7.536574e+002
1.126000 7.516836e+002
1.128000 7.497110e+002
1.130000 7.477396e+002
1.132000 7.457694e+002
1.134000 7.438006e+002
1.136000 7.418332e+002
1.138000 7.398672e+002
1.140000 7.379028e+002
1.142000 7.359399e+002
1.144000 7.339786e+002
1.146000 7.320190e+002
1.148000 7.300611e+002
1.150000 7.281051e+002
1.152000 7.261508e+002
1.154000 7.241985e+002
1.156000 7.222481e+002
1.158000 7.202997e+002
1.160000 7.183534e+002
1.162000 7.164091e+002
1.164000 7.144671e+002
1.166000 7.125272e+002
1.168000 7.105896e+002
1.170000 7.086544e+002
1.172000 7.067215e+002
1.174000 7.047910e+002
1.176000 7.028630e+002
1.178000 7.009375e+002
1.180000 6.990145e+002
1.182000 6.970942e+002
1.184000 6.951766e+002
1.186000 6.932617e+002
1.188000 6.913495e+002
1.190000 6.894402e+002
1.192000 6.875337e+002
1.194000 6.856301e+002
1.196000 6.837295e+002
1.198000 6.818319e+002
1.200000 6.799373e+002
1.202000 6.780458e+002
1.204000 6.761575e+002
1.206000 6.742723e+002
1.208000 6.723904e+002
1.210000 6.705117e+002
1.212000 6.686364e+002
1.214000 6.667644e+002
1.216000 6.648959e+002
1.218000 6.630307e+002
1.220000 6.611691e+002
1.222000 6.593110e+002
1.224000 6.574565e+002
1.226000 6.556056e+002
1.228000 6.537583e+002
1.230000 6.519147e+002
1.232000 6.500749e+002
1.234000 6.482389e+002
1.236000 6.464066e+002
1.238000 6.445782e+002
1.240000 6.427538e+002
1.242000 6.409332e+002
1.244000 6.391166e+002
1.246000 6.373041e+002
1.248000 6.354955e+002
1.250000 6.336911e+002
1.252000 6.318908e+002
1.254000 6.300946e+002
1.256000 6.283026e+002
1.258000 6.265149e+002
1.260000 6.247314e+002
1.262000 6.229522e+002
1.264000 6.211774e+002
1.266000 6.194069e+002
1.268000 6.176408e+002
1.270000 6.158791e+002
1.272000 6.141219e+002
1.274000 6.123692e+002
1.276000 6.106210e+002
1.278000 6.088774e+002
1.280000 6.071384e+002
1.282000 6.054040e+002
1.284000 6.036742e+002
1.286000 6.019491e+002
1.288000 6.002288e+002
1.290000 5.985131e+002
1.292000 5.968023e+002
1.294000 5.950962e+002
1.296000 5.933950e+002
1.298000 5.916987e+002
1.300000 5.900072e+002
1.302000 5.883206e+002
1.304000 5.866389e+002
1.306000 5.849623e+002
1.308000 5.832906e+002
1.310000 5.816239e+002
1.312000 5.799623e+002
1.314000 5.783057e+002
1.316000 5.766542e+002
1.318000 5.750078e+002
1.320000 5.733666e+002
1.322000 5.717305e+002
1.324000 5.700996e+002
1.326000 5.684739e+002
1.328000 5.668534e+002
1.330000 5.652382e+002
1.332000 5.636283e+002
1.334000 5.620236e+002
1.336000 5.604243e+002
1.338000 5.588303e+002
1.340000 5.572416e+002
1.342000 5.556583e+002
1.344000 5.540804e+002
1.346000 5.525079e+002
1.348000 5.509409e+002
1.350000 5.493792e+002
1.352000 5.478231e+002
1.354000 5.462724e+002
1.356000 5.447273e+002
1.358000 5.431876e+002
1.360000 5.416535e+002
1.362000 5.401249e+002
1.364000 5.386019e+002
1.366000 5.370845e+002
1.368000 5.355726e+002
1.370000 5.340664e+002
1.372000 5.325658e+002
1.374000 5.310708e+002
1.376000 5.295815e+002
1.378000 5.280978e+002
1.380000 5.266198e+002
1.382000 5.251475e+002
1.384000 5.236809e+002
1.386000 5.222200e+002
1.388000 5.207649e+002
1.390000 5.193155e+002
1.392000 5.178718e+002
1.394000 5.164339e+002
1.396000 5.150017e+002
1.398000 5.135753e+002
1.400000 5.121547e+002
1.402000 5.107399e+002
1.404000 5.093309e+002
1.406000 5.079277e+002
1.408000 5.065304e+002
1.410000 5.051388e+002
1.412000 5.037531e+002
1.414000 5.023733e+002
1.416000 5.009992e+002
1.418000 4.996311e+002
1.420000 4.982688e+002
1.422000 4.969124e+002
1.424000 4.955618e+002
1.426000 4.942171e+002
1.428000 4.928783e+002
1.430000 4.915454e+002
1.432000 4.902184e+002
1.434000 4.888973e+002
1.436000 4.875820e+002
1.438000 4.862727e+002
1.440000 4.849693e+002
1.442000 4.836718e+002
1.444000 4.823802e+002
1.446000 4.810945e+002
1.448000 4.798148e+002
1.450000 4.785409e+002
1.452000 4.772730e+002
1.454000 4.760110e+002
1.456000 4.747549e+002
1.458000 4.735047e+002
1.460000 4.722605e+002
1.462000 4.710221e+002
1.464000 4.697897e+002
1.466000 4.685632e+002
1.468000 4.673427e+002
1.470000 4.661280e+002
1.472000 4.649193e+002
1.474000 4.637164e+002
1.476000 4.625195e+002
1.478000 4.613285e+002
1.480000 4.601434e+002
1.482000 4.589642e+002
1.484000 4.577909e+002
1.486000 4.566235e+002
1.488000 4.554620e+002
1.490000 4.543064e+002
1.492000 4.531566e+002
1.494000 4.520128e+002
1.496000 4.508748e+002
1.498000 4.497427e+002
1.500000 4.486164e+002
1.502000 4.474961e+002
1.504000 4.463815e+002
1.506000 4.452728e+002
1.508000 4.441700e+002
1.510000 4.430730e+002
1.512000 4.419818e+002
1.514000 4.408965e+002
1.516000 4.398169e+002
1.518000 4.387432e+002
1.520000 4.376753e+002
1.522000 4.366131e+002
1.524000 4.355568e+002
1.526000 4.345062e+002
1.528000 4.334614e+002
1.530000 4.324223e+002
1.532000 4.313890e+002
1.534000 4.303615e+002
1.536000 4.293396e+002
1.538000 4.283235e+002
1.540000 4.273131e+002
1.542000 4.263084e+002
1.544000 4.253094e+002
1.546000 4.243161e+002
1.548000 4.233285e+002
1.550000 4.223465e+002
1.552000 4.213701e+002
1.554000 4.203994e+002
1.556000 4.194344e+002
1.558000 4.184749e+002
1.560000 4.175210e+002
1.562000 4.165728e+002
1.564000 4.156301e+002
1.566000 4.146930e+002
1.568000 4.137614e+002
1.570000 4.128354e+002
1.572000 4.119149e+002
1.574000 4.109999e+002
1.576000 4.100905e+002
1.578000 4.091865e+002
1.580000 4.082880e+002
1.582000 4.073949e+002
1.584000 4.065073e+002
1.586000 4.056252e+002
1.588000 4.047484e+002
1.590000 4.038771e+002
1.592000 4.030112e+002
1.594000 4.021506e+002
1.596000 4.012954e+002
1.598000 4.004456e+002
1.600000 3.996011e+002
1.602000 3.987619e+002
1.604000 3.979280e+002
1.606000 3.970994e+002
1.608000 3.962760e+002
1.610000 3.954579e+002
1.612000 3.946451e+002
1.614000 3.938375e+002
1.616000 3.930351e+002
1.618000 3.922379e+002
1.620000 3.914458e+002
1.622000 3.906589e+002
1.624000 3.898772e+002
1.626000 3.891006e+002
1.628000 3.883291e+002
1.630000 3.875627e+002
1.632000 3.868013e+002
1.634000 3.860451e+002
1.636000 3.852938e+002
1.638000 3.845476e+002
1.640000 3.838064e+002
1.642000 3.830702e+002
1.644000 3.823389e+002
1.646000 3.816126e+002
1.648000 3.808912e+002
1.650000 3.801748e+002
1.652000 3.794632e+002
1.654000 3.787566e+002
1.656000 3.780548e+002
1.658000 3.773578e+002
1.660000 3.766657e+002
1.662000 3.759783e+002
1.664000 3.752958e+002
1.666000 3.746180e+002
1.668000 3.739450e+002
1.670000 3.732767e+002
1.672000 3.726131e+002
1.674000 3.719542e+002
1.676000 3.713000e+002
1.678000 3.706504e+002
1.680000 3.700055e+002
1.682000 3.693652e+002
1.684000 3.687295e+002
1.686000 3.680984e+002
1.688000 3.674718e+002
1.690000 3.668498e+002
1.692000 3.662323e+002
1.694000 3.656192e+002
1.696000 3.650107e+002
1.698000 3.644066e+002
1.700000 3.638070e+002
1.702000 3.632118e+002
1.704000 3.626210e+002
1.706000 3.620346e+002
1.708000 3.614525e+002
1.710000 3.608748e+002
1.712000 3.603014e+002
1.714000 3.597323e+002
1.716000 3.591675e+002
1.718000 3.586069e+002
1.720000 3.580506e+002
1.722000 3.574985e+002
1.724000 3.569506e+002
1.726000 3.564069e+002
1.728000 3.558674e+002
1.730000 3.553319e+002
1.732000 3.548007e+002
1.734000 3.542735e+002
1.736000 3.537503e+002
1.738000 3.532313e+002
1.740000 3.527163e+002
1.742000 3.522053e+002
1.744000 3.516983e+002
1.746000 3.511952e+002
1.748000 3.506962e+002
1.750000 3.502010e+002
1.752000 3.497098e+002
1.754000 3.492225e+002
1.756000 3.487390e+002
1.758000 3.482594e+002
1.760000 3.477837e+002
1.762000 3.473117e+002
1.764000 3.468435e+002
1.766000 3.463792e+002
1.768000 3.459185e+002
1.770000 3.454616e+002
1.772000 3.450084e+002
1.774000 3.445589e+002
1.776000 3.441131e+002
1.778000 3.436709e+002
1.780000 3.432323e+002
1.782000 3.427974e+002
1.784000 3.423660e+002
1.786000 3.419382e+002
1.788000 3.415139e+002
1.790000 3.410932e+002
1.792000 3.406760e+002
1.794000 3.402623e+002
1.796000 3.398520e+002
1.798000 3.394452e+002
1.800000 3.390418e+002
1.802000 3.386418e+002
1.804000 3.382451e+002
1.806000 3.378519e+002
1.808000 3.374620e+002
1.810000 3.370754e+002
1.812000 3.366921e+002
1.814000 3.363121e+002
1.816000 3.359354e+002
1.818000 3.355619e+002
1.820000 3.351916e+002
1.822000 3.348246e+002
1.824000 3.344607e+002
1.826000 3.341000e+002
1.828000 3.337424e+002
1.830000 3.333880e+002
1.832000 3.330366e+002
1.834000 3.326884e+002
1.836000 3.323432e+002
1.838000 3.320010e+002
1.840000 3.316619e+002
1.842000 3.313258e+002
1.844000 3.309926e+002
1.846000 3.306625e+002
1.848000 3.303352e+002
1.850000 3.300109e+002
1.852000 3.296896e+002
1.854000 3.293711e+002
1.856000 3.290554e+002
1.858000 3.287427e+002
1.860000 3.284327e+002
1.862000 3.281256e+002
1.864000 3.278213e+002
1.866000 3.275197e+002
1.868000 3.272209e+002
1.870000 3.269248e+002
1.872000 3.266315e+002
1.874000 3.263408e+002
1.876000 3.260528e+002
1.878000 3.257675e+002
1.880000 3.254849e+002
1.882000 3.252048e+002
1.884000 3.249274e+002
1.886000 3.246525e+002
1.888000 3.243803e+002
1.890000 3.241105e+002
1.892000 3.238434e+002
1.894000 3.235787e+002
1.896000 3.233165e+002
1.898000 3.230568e+002
1.900000 3.227996e+002
1.902000 3.225448e+002
1.904000 3.222924e+002
1.906000 3.220424e+002
1.908000 3.217948e+002
1.910000 3.215496e+002
1.912000 3.213068e+002
1.914000 3.210663e+002
1.916000 3.208281e+002
1.918000 3.205922e+002
1.920000 3.203586e+002
1.922000 3.201273e+002
1.924000 3.198982e+002
1.926000 3.196713e+002
1.928000 3.194467e+002
1.930000 3.192243e+002
1.932000 3.190040e+002
1.934000 3.187859e+002
1.936000 3.185700e+002
1.938000 3.183562e+002
1.940000 3.181445e+002
1.942000 3.179349e+002
1.944000 3.177274e+002
1.946000 3.175220e+002
1.948000 3.173186e+002
1.950000 3.171173e+002
1.952000 3.169179e+002
1.954000 3.167206e+002
1.956000 3.165253e+002
1.958000 3.163319e+002
1.960000 3.161405e+002
1.962000 3.159510e+002
1.964000 3.157635e+002
1.966000 3.155778e+002
1.968000 3.153941e+002
1.970000 3.152122e+002
1.972000 3.150322e+002
1.974000 3.148540e+002
1.976000 3.146777e+002
1.978000 3.145032e+002
1.980000 3.143304e+002
1.982000 3.141595e+002
1.984000 3.139903e+002
1.986000 3.138229e+002
1.988000 3.136573e+002
1.990000 3.134933e+002
1.992000 3.133311e+002
1.994000 3.131706e+002
1.996000 3.130117e+002
1.998000 3.128546e+002
2.000000 3.126991e+002
2.002000 3.125452e+002
2.004000 3.123929e+002
2.006000 3.122423e+002
2.008000 3.120933e+002
2.010000 3.119458e+002
2.012000 3.117999e+002
2.014000 3.116556e+002
2.016000 3.115128e+002
2.018000 3.113716e+002
2.020000 3.112318e+002
2.022000 3.110936e+002
2.024000 3.109569e+002
2.026000 3.108216e+002
2.028000 3.106878e+002
2.030000 3.105555e+002
2.032000 3.104246e+002
2.034000 3.102951e+002
2.036000 3.101670e+002
2.038000 3.100404e+002
2.040000 3.099151e+002
2.042000 3.097912e+002
2.044000 3.096686e+002
2.046000 3.095474e+002
2.048000 3.094276e+002
2.050000 3.093091e+002
2.052000 3.091918e+002
2.054000 3.090759e+002
2.056000 3.089613e+002
2.058000 3.088480e+002
2.060000 3.087359e+002
2.062000 3.086250e+002
2.064000 3.085154e+002
2.066000 3.084071e+002
2.068000 3.082999e+002
2.070000 3.081940e+002
2.072000 3.080893e+002
2.074000 3.079857e+002
2.076000 3.078833e+002
2.078000 3.077821e+002
2.080000 3.076821e+002
2.082000 3.075831e+002
2.084000 3.074853e+002
2.086000 3.073886e+002
2.088000 3.072931e+002
2.090000 3.071986e+002
2.092000 3.071052e+002
2.094000 3.070129e+002
2.096000 3.069217e+002
2.098000 3.068315e+002
2.100000 3.067423e+002
2.102000 3.066542e+002
2.104000 3.065671e+002
2.106000 3.064810e+002
2.108000 3.063960e+002
2.110000 3.063119e+002
2.112000 3.062288e+002
2.114000 3.061467e+002
2.116000 3.060655e+002
2.118000 3.059853e+002
2.120000 3.059061e+002
2.122000 3.058278e+002
2.124000 3.057504e+002
2.126000 3.056739e+002
2.128000 3.055983e+002
2.130000 3.055237e+002
2.132000 3.054499e+002
2.134000 3.053770e+002
2.136000 3.053050e+002
2.138000 3.052338e+002
2.140000 3.051635e+002
2.142000 3.050941e+002
2.144000 3.050254e+002
2.146000 3.049576e+002
2.148000 3.048907e+002
2.150000 3.048245e+002
2.152000 3.047591e+002
2.154000 3.046946e+002
2.156000 3.046308e+002
2.158000 3.045678e+002
2.160000 3.045056e+002
2.162000 3.044441e+002
2.164000 3.043834e+002
2.166000 3.043234e+002
2.168000 3.042641e+002
2.170000 3.042056e+002
2.172000 3.041479e+002
2.174000 3.040908e+002
2.176000 3.040344e+002
2.178000 3.039788e+002
2.180000 3.039238e+002
2.182000 3.038695e+002
2.184000 3.038159e+002
2.186000 3.037629e+002
2.188000 3.037106e+002
2.190000 3.036590e+002
2.192000 3.036080e+002
2.194000 3.035577e+002
2.196000 3.035080e+002
2.198000 3.034589e+002
2.200000 3.034105e+002
2.202000 3.033626e+002
2.204000 3.033154e+002
2.206000 3.032687e+002
2.208000 3.032227e+002
2.210000 3.031772e+002
2.212000 3.031323e+002
2.214000 3.030880e+002
2.216000 3.030443e+002
2.218000 3.030011e+002
2.220000 3.029585e+002
2.222000 3.029164e+002
2.224000 3.028749e+002
2.226000 3.028339e+002
2.228000 3.027934e+002
2.230000 3.027535e+002
2.232000 3.027141e+002
2.234000 3.026751e+002
2.236000 3.026367e+002
2.238000 3.025988e+002
2.240000 3.025614e+002
2.242000 3.025245e+002
2.244000 3.024880e+002
2.246000 3.024521e+002
2.248000 3.024166e+002
2.250000 3.023816e+002
2.252000 3.023470e+002
2.254000 3.023129e+002
2.256000 3.022792e+002
2.258000 3.022460e+002
2.260000 3.022133e+002
2.262000 3.021809e+002
2.264000 3.021490e+002
2.266000 3.021176e+002
2.268000 3.020865e+002
2.270000 3.020559e+002
2.272000 3.020256e+002
2.274000 3.019958e+002
2.276000 3.019664e+002
2.278000 3.019373e+002
2.280000 3.019087e+002
2.282000 3.018804e+002
2.284000 3.018526e+002
2.286000 3.018251e+002
2.288000 3.017979e+002
2.290000 3.017712e+002
2.292000 3.017448e+002
2.294000 3.017188e+002
2.296000 3.016931e+002
2.298000 3.016678e+002
2.300000 3.016428e+002
2.302000 3.016182e+002
2.304000 3.015939e+002
2.306000 3.015699e+002
2.308000 3.015463e+002
2.310000 3.015229e+002
2.312000 3.015000e+002
2.314000 3.014773e+002
2.316000 3.014549e+002
2.318000 3.014329e+002
2.320000 3.014111e+002
2.322000 3.013897e+002
2.324000 3.013686e+002
2.326000 3.013477e+002
2.328000 3.013272e+002
2.330000 3.013069e+002
2.332000 3.012869e+002
2.334000 3.012672e+002
2.336000 3.012478e+002
2.338000 3.012287e+002
2.340000 3.012098e+002
2.342000 3.011912e+002
2.344000 3.011728e+002
2.346000 3.011547e+002
2.348000 3.011369e+002
2.350000 3.011193e+002
2.352000 3.011020e+002
2.354000 3.010849e+002
2.356000 3.010681e+002
2.358000 3.010515e+002
2.360000 3.010351e+002
2.362000 3.010190e+002
2.364000 3.010031e+002
2.366000 3.009874e+002
2.368000 3.009720e+002
2.370000 3.009567e+002
2.372000 3.009417e+002
2.374000 3.009270e+002
2.376000 3.009124e+002
2.378000 3.008980e+002
2.380000 3.008839e+002
2.382000 3.008699e+002
2.384000 3.008562e+002
2.386000 3.008427e+002
2.388000 3.008293e+002
2.390000 3.008162e+002
2.392000 3.008032e+002
2.394000 3.007904e+002
2.396000 3.007779e+002
2.398000 3.007655e+002
2.400000 3.007533e+002
2.402000 3.007412e+002
2.404000 3.007294e+002
2.406000 3.007177e+002
2.408000 3.007062e+002
2.410000 3.006949e+002
2.412000 3.006837e+002
2.414000 3.006727e+002
2.416000 3.006619e+002
2.418000 3.006512e+002
2.420000 3.006407e+002
2.422000 3.006303e+002
2.424000 3.006201e+002
2.426000 3.006101e+002
2.428000 3.006002e+002
2.430000 3.005904e+002
2.432000 3.005808e+002
2.434000 3.005714e+002
2.436000 3.005620e+002
2.438000 3.005529e+002
2.440000 3.005438e+002
2.442000 3.005349e+002
2.444000 3.005262e+002
2.446000 3.005175e+002
2.448000 3.005090e+002
2.450000 3.005007e+002
2.452000 3.004924e+002
2.454000 3.004843e+002
2.456000 3.004763e+002
2.458000 3.004685e+002
2.460000 3.004607e+002
2.462000 3.004531e+002
2.464000 3.004456e+002
2.466000 3.004382e+002
2.468000 3.004309e+002
2.470000 3.004237e+002
2.472000 3.004167e+002
2.474000 3.004097e+002
2.476000 3.004029e+002
2.478000 3.003961e+002
2.480000 3.003895e+002
2.482000 3.003830e+002
2.484000 3.003766e+002
2.486000 3.003702e+002
2.488000 3.003640e+002
2.490000 3.003579e+002
2.492000 3.003519e+002
2.494000 3.003459e+002
2.496000 3.003401e+002
2.498000 3.003343e+002
2.500000 3.003287e+002
2.502000 3.003231e+002
2.504000 3.003176e+002
2.506000 3.003122e+002
2.508000 3.003069e+002
2.510000 3.003017e+002
2.512000 3.002965e+002
2.514000 3.002915e+002
2.516000 3.002865e+002
2.518000 3.002816e+002
2.520000 3.002768e+002
2.522000 3.002720e+002
2.524000 3.002673e+002
2.526000 3.002628e+002
2.528000 3.002582e+002
2.530000 3.002538e+002
2.532000 3.002494e+002
2.534000 3.002451e+002
2.536000 3.002409e+002
2.538000 3.002367e+002
2.540000 3.002326e+002
2.542000 3.002286e+002
2.544000 3.002246e+002
2.546000 3.002207e+002
2.548000 3.002168e+002
2.550000 3.002131e+002
2.552000 3.002094e+002
2.554000 3.002057e+002
2.556000 3.002021e+002
2.558000 3.001986e+002
2.560000 3.001951e+002
2.562000 3.001917e+002
2.564000 3.001883e+002
2.566000 3.001850e+002
2.568000 3.001817e+002
2.570000 3.001785e+002
2.572000 3.001754e+002
2.574000 3.001723e+002
2.576000 3.001692e+002
2.578000 3.001662e+002
2.580000 3.001633e+002
2.582000 3.001604e+002
2.584000 3.001575e+002
2.586000 3.001547e+002
2.588000 3.001520e+002
2.590000 3.001493e+002
2.592000 3.001466e+002
2.594000 3.001440e+002
2.596000 3.001414e+002
2.598000 3.001389e+002
2.600000 3.001364e+002
2.602000 3.001340e+002
2.604000 3.001316e+002
2.606000 3.001292e+002
2.608000 3.001269e+002
2.610000 3.001246e+002
2.612000 3.001223e+002
2.614000 3.001201e+002
2.616000 3.001180e+002
2.618000 3.001158e+002
2.620000 3.001137e+002
2.622000 3.001117e+002
2.624000 3.001096e+002
2.626000 3.001076e+002
2.628000 3.001057e+002
2.630000 3.001038e+002
2.632000 3.001019e+002
2.634000 3.001000e+002
2.636000 3.000982e+002
2.638000 3.000964e+002
2.640000 3.000946e+002
2.642000 3.000929e+002
2.644000 3.000912e+002
2.646000 3.000895e+002
2.648000 3.000879e+002
2.650000 3.000862e+002
2.652000 3.000847e+002
2.654000 3.000831e+002
2.656000 3.000816e+002
2.658000 3.000800e+002
2.660000 3.000786e+002
2.662000 3.000771e+002
2.664000 3.000757e+002
2.666000 3.000743e+002
2.668000 3.000729e+002
2.670000 3.000715e+002
2.672000 3.000702e+002
2.674000 3.000689e+002
2.676000 3.000676e+002
2.678000 3.000663e+002
2.680000 3.000651e+002
2.682000 3.000639e+002
2.684000 3.000627e+002
2.686000 3.000615e+002
2.688000 3.000604e+002
2.690000 3.000592e+002
2.692000 3.000581e+002
2.694000 3.000570e+002
2.696000 3.000559e+002
2.698000 3.000549e+002
2.700000 3.000538e+002
2.702000 3.000528e+002
2.704000 3.000518e+002
2.706000 3.000508e+002
2.708000 3.000499e+002
2.710000 3.000489e+002
2.712000 3.000480e+002
2.714000 3.000471e+002
2.716000 3.000462e+002
2.718000 3.000453e+002
2.720000 3.000444e+002
2.722000 3.000436e+002
2.724000 3.000428e+002
2.726000 3.000419e+002
2.728000 3.000411e+002
2.730000 3.000403e+002
2.732000 3.000396e+002
2.734000 3.000388e+002
2.736000 3.000381e+002
2.738000 3.000373e+002
2.740000 3.000366e+002
2.742000 3.000359e+002
2.744000 3.000352e+002
2.746000 3.000345e+002
2.748000 3.000339e+002
2.750000 3.000332e+002
2.752000 3.000325e+002
2.754000 3.000319e+002
2.756000 3.000313e+002
2.758000 3.000307e+002
2.760000 3.000301e+002
2.762000 3.000295e+002
2.764000 3.000289e+002
2.766000 3.000284e+002
2.768000 3.000278e+002
2.770000 3.000273e+002
2.772000 3.000267e+002
2.774000 3.000262e+002
2.776000 3.000257e+002
2.778000 3.000252e+002
2.780000 3.000247e+002
2.782000 3.000242e+002
2.784000 3.000237e+002
2.786000 3.000232e+002
2.788000 3.000228e+002
2.790000 3.000223e+002
2.792000 3.000219e+002
2.794000 3.000215e+002
2.796000 3.000210e+002
2.798000 3.000206e+002
2.800000 3.000202e+002
2.802000 3.000198e+002
2.804000 3.000194e+002
2.806000 3.000190e+002
2.808000 3.000186e+002
2.810000 3.000183e+002
2.812000 3.000179e+002
2.814000 3.000175e+002
2.816000 3.000172e+002
2.818000 3.000168e+002
2.820000 3.000165e+002
2.822000 3.000162e+002
2.824000 3.000159e+002
2.826000 3.000155e+002
2.828000 3.000152e+002
2.830000 3.000149e+002
2.832000 3.000146e+002
2.834000 3.000143e+002
2.836000 3.000140e+002
2.838000 3.000137e+002
2.840000 3.000135e+002
2.842000 3.000132e+002
2.844000 3.000129e+002
2.846000 3.000127e+002
2.848000 3.000124e+002
2.850000 3.000121e+002
2.852000 3.000119e+002
2.854000 3.000117e+002
2.856000 3.000114e+002
2.858000 3.000112e+002
2.860000 3.000110e+002
2.862000 3.000107e+002
2.864000 3.000105e+002
2.866000 3.000103e+002
2.868000 3.000101e+002
2.870000 3.000099e+002
2.872000 3.000097e+002
2.874000 3.000095e+002
2.876000 3.000093e+002
2.878000 3.000091e+002
2.880000 3.000089e+002
2.882000 3.000087e+002
2.884000 3.000085e+002
2.886000 3.000084e+002
2.888000 3.000082e+002
2.890000 3.000080e+002
2.892000 3.000078e+002
2.894000 3.000077e+002
2.896000 3.000075e+002
2.898000 3.000074e+002
2.900000 3.000072e+002
2.902000 3.000071e+002
2.904000 3.000069e+002
2.906000 3.000068e+002
2.908000 3.000066e+002
2.910000 3.000065e+002
2.912000 3.000063e+002
2.914000 3.000062e+002
2.916000 3.000061e+002
2.918000 3.000060e+002
2.920000 3.000058e+002
2.922000 3.000057e+002
2.924000 3.000056e+002
2.926000 3.000055e+002
2.928000 3.000054e+002
2.930000 3.000052e+002
2.932000 3.000051e+002
2.934000 3.000050e+002
2.936000 3.000049e+002
2.938000 3.000048e+002
2.940000 3.000047e+002
2.942000 3.000046e+002
2.944000 3.000045e+002
2.946000 3.000044e+002
2.948000 3.000043e+002
2.950000 3.000042e+002
2.952000 3.000041e+002
2.954000 3.000040e+002
2.956000 3.000040e+002
2.958000 3.000039e+002
2.960000 3.000038e+002
2.962000 3.000037e+002
2.964000 3.000036e+002
2.966000 3.000036e+002
2.968000 3.000035e+002
2.970000 3.000034e+002
2.972000 3.000033e+002
2.974000 3.000033e+002
2.976000 3.000032e+002
2.978000 3.000031e+002
2.980000 3.000030e+002
2.982000 3.000030e+002
2.984000 3.000029e+002
2.986000 3.000029e+002
2.988000 3.000028e+002
2.990000 3.000027e+002
2.992000 3.000027e+002
2.994000 3.000026e+002
2.996000 3.000026e+002
2.998000 3.000025e+002
3.000000 3.000024e+002
3.002000 3.000024e+002
3.004000 3.000023e+002
3.006000 3.000023e+002
3.008000 3.000022e+002
3.010000 3.000022e+002
3.012000 3.000021e+002
3.014000 3.000021e+002
3.016000 3.000020e+002
3.018000 3.000020e+002
3.020000 3.000020e+002
3.022000 3.000019e+002
3.024000 3.000019e+002
3.026000 3.000018e+002
3.028000 3.000018e+002
3.030000 3.000017e+002
3.032000 3.000017e+002
3.034000 3.000017e+002
3.036000 3.000016e+002
3.038000 3.000016e+002
3.040000 3.000016e+002
3.042000 3.000015e+002
3.044000 3.000015e+002
3.046000 3.000015e+002
3.048000 3.000014e+002
3.050000 3.000014e+002
3.052000 3.000014e+002
3.054000 3.000013e+002
3.056000 3.000013e+002
3.058000 3.000013e+002
3.060000 3.000012e+002
3.062000 3.000012e+002
3.064000 3.000012e+002
3.066000 3.000012e+002
3.068000 3.000011e+002
3.070000 3.000011e+002
3.072000 3.000011e+002
3.074000 3.000011e+002
3.076000 3.000010e+002
3.078000 3.000010e+002
3.080000 3.000010e+002
3.082000 3.000010e+002
3.084000 3.000009e+002
3.086000 3.000009e+002
3.088000 3.000009e+002
3.090000 3.000009e+002
3.092000 3.000009e+002
3.094000 3.000008e+002
3.096000 3.000008e+002
3.098000 3.000008e+002
3.100000 3.000008e+002
3.102000 3.000008e+002
3.104000 3.000008e+002
3.106000 3.000007e+002
3.108000 3.000007e+002
3.110000 3.000007e+002
3.112000 3.000007e+002
3.114000 3.000007e+002
3.116000 3.000007e+002
3.118000 3.000006e+002
3.120000 3.000006e+002
3.122000 3.000006e+002
3.124000 3.000006e+002
3.126000 3.000006e+002
3.128000 3.000006e+002
3.130000 3.000006e+002
3.132000 3.000005e+002
3.134000 3.000005e+002
3.136000 3.000005e+002
3.138000 3.000005e+002
3.140000 3.000005e+002
3.142000 3.000005e+002
3.144000 3.000005e+002
3.146000 3.000005e+002
3.148000 3.000004e+002
3.150000 3.000004e+002
3.152000 3.000004e+002
3.154000 3.000004e+002
3.156000 3.000004e+002
3.158000 3.000004e+002
3.160000 3.000004e+002
3.162000 3.000004e+002
3.164000 3.000004e+002
3.166000 3.000004e+002
3.168000 3.000004e+002
3.170000 3.000003e+002
3.172000 3.000003e+002
3.174000 3.000003e+002
3.176000 3.000003e+002
3.178000 3.000003e+002
3.180000 3.000003e+002
3.182000 3.000003e+002
3.184000 3.000003e+002
3.186000 3.000003e+002
3.188000 3.000003e+002
3.190000 3.000003e+002
3.192000 3.000003e+002
3.194000 3.000003e+002
3.196000 3.000003e+002
3.198000 3.000002e+002
3.200000 3.000002e+002
3.202000 3.000002e+002
3.204000 3.000002e+002
3.206000 3.000002e+002
3.208000 3.000002e+002
3.210000 3.000002e+002
3.212000 3.000002e+002
3.214000 3.000002e+002
3.216000 3.000002e+002
3.218000 3.000002e+002
3.220000 3.000002e+002
3.222000 3.000002e+002
3.224000 3.000002e+002
3.226000 3.000002e+002
3.228000 3.000002e+002
3.230000 3.000002e+002
3.232000 3.000002e+002
3.234000 3.000002e+002
3.236000 3.000002e+002
3.238000 3.000002e+002
3.240000 3.000001e+002
3.242000 3.000001e+002
3.244000 3.000001e+002
3.246000 3.000001e+002
3.248000 3.000001e+002
3.250000 3.000001e+002
3.252000 3.000001e+002
3.254000 3.000001e+002
3.256000 3.000001e+002
3.258000 3.000001e+002
3.260000 3.000001e+002
3.262000 3.000001e+002
3.264000 3.000001e+002
3.266000 3.000001e+002
3.268000 3.000001e+002
3.270000 3.000001e+002
3.272000 3.000001e+002
3.274000 3.000001e+002
3.276000 3.000001e+002
3.278000 3.000001e+002
3.280000 3.000001e+002
3.282000 3.000001e+002
3.284000 3.000001e+002
3.286000 3.000001e+002
3.288000 3.000001e+002
3.290000 3.000001e+002
3.292000 3.000001e+002
3.294000 3.000001e+002
3.296000 3.000001e+002
3.298000 3.000001e+002
3.300000 3.000001e+002
3.302000 3.000001e+002
3.304000 3.000001e+002
3.306000 3.000001e+002
3.308000 3.000001e+002
3.310000 3.000001e+002
3.312000 3.000001e+002
3.314000 3.000001e+002
3.316000 3.000001e+002
3.318000 3.000001e+002
3.320000 3.000001e+002
3.322000 3.000001e+002
3.324000 3.000001e+002
3.326000 3.000001e+002
3.328000 3.000000e+002
3.330000 3.000000e+002
3.332000 3.000000e+002
3.334000 3.000000e+002
3.336000 3.000000e+002
3.338000 3.000000e+002
3.340000 3.000000e+002
3.342000 3.000000e+002
3.344000 3.000000e+002
3.346000 3.000000e+002
3.348000 3.000000e+002
3.350000 3.000000e+002
3.352000 3.000000e+002
3.354000 3.000000e+002
3.356000 3.000000e+002
3.358000 3.000000e+002
3.360000 3.000000e+002
3.362000 3.000000e+002
3.364000 3.000000e+002
3.366000 3.000000e+002
3.368000 3.000000e+002
3.370000 3.000000e+002
3.372000 3.000000e+002
3.374000 3.000000e+002
3.376000 3.000000e+002
3.378000 3.000000e+002
3.380000 3.000000e+002
3.382000 3.000000e+002
3.384000 3.000000e+002
3.386000 3.000000e+002
3.388000 3.000000e+002
3.390000 3.000000e+002
3.392000 3.000000e+002
3.394000 3.000000e+002
3.396000 3.000000e+002
3.398000 3.000000e+002
3.400000 3.000000e+002
3.402000 3.000000e+002
3.404000 3.000000e+002
3.406000 3.000000e+002
3.408000 3.000000e+002
3.410000 3.000000e+002
3.412000 3.000000e+002
3.414000 3.000000e+002
3.416000 3.000000e+002
3.418000 3.000000e+002
3.420000 3.000000e+002
3.422000 3.000000e+002
3.424000 3.000000e+002
3.426000 3.000000e+002
3.428000 3.000000e+002
3.430000 3.000000e+002
3.432000 3.000000e+002
3.434000 3.000000e+002
3.436000 3.000000e+002
3.438000 3.000000e+002
3.440000 3.000000e+002
3.442000 3.000000e+002
3.444000 3.000000e+002
3.446000 3.000000e+002
3.448000 3.000000e+002
3.450000 3.000000e+002
3.452000 3.000000e+002
3.454000 3.000000e+002
3.456000 3.000000e+002
3.458000 3.000000e+002
3.460000 3.000000e+002
3.462000 3.000000e+002
3.464000 3.000000e+002
3.466000 3.000000e+002
3.468000 3.000000e+002
3.470000 3.000000e+002
3.472000 3.000000e+002
3.474000 3.000000e+002
3.476000 3.000000e+002
3.478000 3.000000e+002
3.480000 3.000000e+002
3.482000 3.000000e+002
3.484000 3.000000e+002
3.486000 3.000000e+002
3.488000 3.000000e+002
3.490000 3.000000e+002
3.492000 3.000000e+002
3.494000 3.000000e+002
3.496000 3.000000e+002
3.498000 3.000000e+002
3.500000 3.000000e+002
3.502000 3.000000e+002
3.504000 3.000000e+002
3.506000 3.000000e+002
3.508000 3.000000e+002
3.510000 3.000000e+002
3.512000 3.000000e+002
3.514000 3.000000e+002
3.516000 3.000000e+002
3.518000 3.000000e+002
3.520000 3.000000e+002
3.522000 3.000000e+002
3.524000 3.000000e+002
3.526000 3.000000e+002
3.528000 3.000000e+002
3.530000 3.000000e+002
3.532000 3.000000e+002
3.534000 3.000000e+002
3.536000 3.000000e+002
3.538000 3.000000e+002
3.540000 3.000000e+002
3.542000 3.000000e+002
3.544000 3.000000e+002
3.546000 3.000000e+002
3.548000 3.000000e+002
3.550000 3.000000e+002
3.552000 3.000000e+002
3.554000 3.000000e+002
3.556000 3.000000e+002
3.558000 3.000000e+002
3.560000 3.000000e+002
3.562000 3.000000e+002
3.564000 3.000000e+002
3.566000 3.000000e+002
3.568000 3.000000e+002
3.570000 3.000000e+002
3.572000 3.000000e+002
3.574000 3.000000e+002
3.576000 3.000000e+002
3.578000 3.000000e+002
3.580000 3.000000e+002
3.582000 3.000000e+002
3.584000 3.000000e+002
3.586000 3.000000e+002
3.588000 3.000000e+002
3.590000 3.000000e+002
3.592000 3.000000e+002
3.594000 3.000000e+002
3.596000 3.000000e+002
3.598000 3.000000e+002
3.600000 3.000000e+002
3.602000 3.000000e+002
3.604000 3.000000e+002
3.606000 3.000000e+002
3.608000 3.000000e+002
3.610000 3.000000e+002
3.612000 3.000000e+002
3.614000 3.000000e+002
3.616000 3.000000e+002
3.618000 3.000000e+002
3.620000 3.000000e+002
3.622000 3.000000e+002
3.624000 3.000000e+002
3.626000 3.000000e+002
3.628000 3.000000e+002
3.630000 3.000000e+002
3.632000 3.000000e+002
3.634000 3.000000e+002
3.636000 3.000000e+002
3.638000 3.000000e+002
3.640000 3.000000e+002
3.642000 3.000000e+002
3.644000 3.000000e+002
3.646000 3.000000e+002
3.648000 3.000000e+002
3.650000 3.000000e+002
3.652000 3.000000e+002
3.654000 3.000000e+002
3.656000 3.000000e+002
3.658000 3.000000e+002
3.660000 3.000000e+002
3.662000 3.000000e+002
3.664000 3.000000e+002
3.666000 3.000000e+002
3.668000 3.000000e+002
3.670000 3.000000e+002
3.672000 3.000000e+002
3.674000 3.000000e+002
3.676000 3.000000e+002
3.678000 3.000000e+002
3.680000 3.000000e+002
3.682000 3.000000e+002
3.684000 3.000000e+002
3.686000 3.000000e+002
3.688000 3.000000e+002
3.690000 3.000000e+002
3.692000 3.000000e+002
3.694000 3.000000e+002
3.696000 3.000000e+002
3.698000 3.000000e+002
3.700000 3.000000e+002
3.702000 3.000000e+002
3.704000 3.000000e+002
3.706000 3.000000e+002
3.708000 3.000000e+002
3.710000 3.000000e+002
3.712000 3.000000e+002
3.714000 3.000000e+002
3.716000 3.000000e+002
3.718000 3.000000e+002
3.720000 3.000000e+002
3.722000 3.000000e+002
3.724000 3.000000e+002
3.726000 3.000000e+002
3.728000 3.000000e+002
3.730000 3.000000e+002
3.732000 3.000000e+002
3.734000 3.000000e+002
3.736000 3.000000e+002
3.738000 3.000000e+002
3.740000 3.000000e+002
3.742000 3.000000e+002
3.744000 3.000000e+002
3.746000 3.000000e+002
3.748000 3.000000e+002
3.750000 3.000000e+002
3.752000 3.000000e+002
3.754000 3.000000e+002
3.756000 3.000000e+002
3.758000 3.000000e+002
3.760000 3.000000e+002
3.762000 3.000000e+002
3.764000 3.000000e+002
3.766000 3.000000e+002
3.768000 3.000000e+002
3.770000 3.000000e+002
3.772000 3.000000e+002
3.774000 3.000000e+002
3.776000 3.000000e+002
3.778000 3.000000e+002
3.780000 3.000000e+002
3.782000 3.000000e+002
3.784000 3.000000e+002
3.786000 3.000000e+002
3.788000 3.000000e+002
3.790000 3.000000e+002
3.792000 3.000000e+002
3.794000 3.000000e+002
3.796000 3.000000e+002
3.798000 3.000000e+002
3.800000 3.000000e+002
3.802000 3.000000e+002
3.804000 3.000000e+002
3.806000 3.000000e+002
3.808000 3.000000e+002
3.810000 3.000000e+002
3.812000 3.000000e+002
3.814000 3.000000e+002
3.816000 3.000000e+002
3.818000 3.000000e+002
3.820000 3.000000e+002
3.822000 3.000000e+002
3.824000 3.000000e+002
3.826000 3.000000e+002
3.828000 3.000000e+002
3.830000 3.000000e+002
3.832000 3.000000e+002
3.834000 3.000000e+002
3.836000 3.000000e+002
3.838000 3.000000e+002
3.840000 3.000000e+002
3.842000 3.000000e+002
3.844000 3.000000e+002
3.846000 3.000000e+002
3.848000 3.000000e+002
3.850000 3.000000e+002
3.852000 3.000000e+002
3.854000 3.000000e+002
3.856000 3.000000e+002
3.858000 3.000000e+002
3.860000 3.000000e+002
3.862000 3.000000e+002
3.864000 3.000000e+002
3.866000 3.000000e+002
3.868000 3.000000e+002
3.870000 3.000000e+002
3.872000 3.000000e+002
3.874000 3.000000e+002
3.876000 3.000000e+002
3.878000 3.000000e+002
3.880000 3.000000e+002
3.882000 3.000000e+002
3.884000 3.000000e+002
3.886000 3.000000e+002
3.888000 3.000000e+002
3.890000 3.000000e+002
3.892000 3.000000e+002
3.894000 3.000000e+002
3.896000 3.000000e+002
3.898000 3.000000e+002
3.900000 3.000000e+002
3.902000 3.000000e+002
3.904000 3.000000e+002
3.906000 3.000000e+002
3.908000 3.000000e+002
3.910000 3.000000e+002
3.912000 3.000000e+002
3.914000 3.000000e+002
3.916000 3.000000e+002
3.918000 3.000000e+002
3.920000 3.000000e+002
3.922000 3.000000e+002
3.924000 3.000000e+002
3.926000 3.000000e+002
3.928000 3.000000e+002
3.930000 3.000000e+002
3.932000 3.000000e+002
3.934000 3.000000e+002
3.936000 3.000000e+002
3.938000 3.000000e+002
3.940000 3.000000e+002
3.942000 3.000000e+002
3.944000 3.000000e+002
3.946000 3.000000e+002
3.948000 3.000000e+002
3.950000 3.000000e+002
3.952000 3.000000e+002
3.954000 3.000000e+002
3.956000 3.000000e+002
3.958000 3.000000e+002
3.960000 3.000000e+002
3.962000 3.000000e+002
3.964000 3.000000e+002
3.966000 3.000000e+002
3.968000 3.000000e+002
3.970000 3.000000e+002
3.972000 3.000000e+002
3.974000 3.000000e+002
3.976000 3.000000e+002
3.978000 3.000000e+002
3.980000 3.000000e+002
3.982000 3.000000e+002
3.984000 3.000000e+002
3.986000 3.000000e+002
3.988000 3.000000e+002
3.990000 3.000000e+002
3.992000 3.000000e+002
3.994000 3.000000e+002
3.996000 3.000000e+002
3.998000 3.000000e+002
