0.000000 3.205575e+002
0.002000 3.228196e+002
0.004000 3.250813e+002
0.006000 3.273424e+002
0.008000 3.296030e+002
0.010000 3.318631e+002
0.012000 3.341224e+002
0.014000 3.363811e+002
0.016000 3.386391e+002
0.018000 3.408963e+002
0.020000 3.431527e+002
0.022000 3.454082e+002
0.024000 3.476628e+002
0.026000 3.499164e+002
0.028000 3.521691e+002
0.030000 3.544207e+002
0.032000 3.566712e+002
0.034000 3.589206e+002
0.036000 3.611688e+002
0.038000 3.634157e+002
0.040000 3.656614e+002
0.042000 3.679058e+002
0.044000 3.701488e+002
0.046000 3.723904e+002
0.048000 3.746305e+002
0.050000 3.768692e+002
0.052000 3.791063e+002
0.054000 3.813418e+002
0.056000 3.835757e+002
0.058000 3.858079e+002
0.060000 3.880384e+002
0.062000 3.902671e+002
0.064000 3.924941e+002
0.066000 3.947191e+002
0.068000 3.969423e+002
0.070000 3.991635e+002
0.072000 4.013828e+002
0.074000 4.036000e+002
0.076000 4.058151e+002
0.078000 4.080281e+002
0.080000 4.102390e+002
0.082000 4.124476e+002
0.084000 4.146540e+002
0.086000 4.168581e+002
0.088000 4.190598e+002
0.090000 4.212592e+002
0.092000 4.234562e+002
0.094000 4.256506e+002
0.096000 4.278426e+002
0.098000 4.300320e+002
0.100000 4.322188e+002
0.102000 4.344030e+002
0.104000 4.365845e+002
0.106000 4.387633e+002
0.108000 4.409392e+002
0.110000 4.431124e+002
0.112000 4.452827e+002
0.114000 4.474501e+002
0.116000 4.496146e+002
0.118000 4.517761e+002
0.120000 4.539346e+002
0.122000 4.560900e+002
0.124000 4.582423e+002
0.126000 4.603914e+002
0.128000 4.625373e+002
0.130000 4.646800e+002
0.132000 4.668194e+002
0.134000 4.689556e+002
0.136000 4.710883e+002
0.138000 4.732176e+002
0.140000 4.753435e+002
0.142000 4.774659e+002
0.144000 4.795848e+002
0.146000 4.817001e+002
0.148000 4.838118e+002
0.150000 4.859199e+002
0.152000 4.880243e+002
0.154000 4.901249e+002
0.156000 4.922218e+002
0.158000 4.943149e+002
0.160000 4.964041e+002
0.162000 4.984894e+002
0.164000 5.005708e+002
0.166000 5.026482e+002
0.168000 5.047216e+002
0.170000 5.067910e+002
0.172000 5.088562e+002
0.174000 5.109174e+002
0.176000 5.129744e+002
0.178000 5.150271e+002
0.180000 5.170757e+002
0.182000 5.191199e+002
0.184000 5.211598e+002
0.186000 5.231954e+002
0.188000 5.252266e+002
0.190000 5.272533e+002
0.192000 5.292755e+002
0.194000 5.312933e+002
0.196000 5.333065e+002
0.198000 5.353151e+002
0.200000 5.373190e+002
0.202000 5.393184e+002
0.204000 5.413130e+002
0.206000 5.433028e+002
0.208000 5.452880e+002
0.210000 5.472682e+002
0.212000 5.492437e+002
0.214000 5.512143e+002
0.216000 5.531799e+002
0.218000 5.551406e+002
0.220000 5.570963e+002
0.222000 5.590470e+002
0.224000 5.609926e+002
0.226000 5.629331e+002
0.228000 5.648685e+002
0.230000 5.667987e+002
0.232000 5.687237e+002
0.234000 5.706435e+002
0.236000 5.725580e+002
0.238000 5.744672e+002
0.240000 5.763710e+002
0.242000 5.782695e+002
0.244000 5.801626e+002
0.246000 5.820502e+002
0.248000 5.839323e+002
0.250000 5.858090e+002
0.252000 5.876801e+002
0.254000 5.895456e+002
0.256000 5.914055e+002
0.258000 5.932598e+002
0.260000 5.951083e+002
0.262000 5.969512e+002
0.264000 5.987884e+002
0.266000 6.006198e+002
0.268000 6.024453e+002
0.270000 6.042651e+002
0.272000 6.060789e+002
0.274000 6.078869e+002
0.276000 6.096890e+002
0.278000 6.114851e+002
0.280000 6.132752e+002
0.282000 6.150592e+002
0.284000 6.168373e+002
0.286000 6.186092e+002
0.288000 6.203751e+002
0.290000 6.221348e+002
0.292000 6.238883e+002
0.294000 6.256356e+002
0.296000 6.273767e+002
0.298000 6.291116e+002
0.300000 6.308401e+002
0.302000 6.325623e+002
0.304000 6.342782e+002
0.306000 6.359878e+002
0.308000 6.376909e+002
0.310000 6.393876e+002
0.312000 6.410778e+002
0.314000 6.427616e+002
0.316000 6.444388e+002
0.318000 6.461095e+002
0.320000 6.477737e+002
0.322000 6.494313e+002
0.324000 6.510822e+002
0.326000 6.527265e+002
0.328000 6.543641e+002
0.330000 6.559951e+002
0.332000 6.576193e+002
0.334000 6.592367e+002
0.336000 6.608474e+002
0.338000 6.624513e+002
0.340000 6.640484e+002
0.342000 6.656386e+002
0.344000 6.672220e+002
0.346000 6.687985e+002
0.348000 6.703680e+002
0.350000 6.719306e+002
0.352000 6.734863e+002
0.354000 6.750349e+002
0.356000 6.765766e+002
0.358000 6.781112e+002
0.360000 6.796387e+002
0.362000 6.811592e+002
0.364000 6.826726e+002
0.366000 6.841788e+002
0.368000 6.856779e+002
0.370000 6.871699e+002
0.372000 6.886546e+002
0.374000 6.901321e+002
0.376000 6.916025e+002
0.378000 6.930655e+002
0.380000 6.945213e+002
0.382000 6.959698e+002
0.384000 6.974109e+002
0.386000 6.988448e+002
0.388000 7.002713e+002
0.390000 7.016904e+002
0.392000 7.031021e+002
0.394000 7.045064e+002
0.396000 7.059033e+002
0.398000 7.072928e+002
0.400000 7.086747e+002
0.402000 7.100492e+002
0.404000 7.114162e+002
0.406000 7.127757e+002
0.408000 7.141276e+002
0.410000 7.154720e+002
0.412000 7.168088e+002
0.414000 7.181381e+002
0.416000 7.194597e+002
0.418000 7.207737e+002
0.420000 7.220800e+002
0.422000 7.233788e+002
0.424000 7.246698e+002
0.426000 7.259532e+002
0.428000 7.272288e+002
0.430000 7.284968e+002
0.432000 7.297570e+002
0.434000 7.310095e+002
0.436000 7.322542e+002
0.438000 7.334911e+002
0.440000 7.347203e+002
0.442000 7.359417e+002
0.444000 7.371552e+002
0.446000 7.383610e+002
0.448000 7.395589e+002
0.450000 7.407489e+002
0.452000 7.419311e+002
0.454000 7.431054e+002
0.456000 7.442718e+002
0.458000 7.454303e+002
0.460000 7.465809e+002
0.462000 7.477236e+002
0.464000 7.488583e+002
0.466000 7.499851e+002
0.468000 7.511040e+002
0.470000 7.522149e+002
0.472000 7.533178e+002
0.474000 7.544127e+002
0.476000 7.554997e+002
0.478000 7.565786e+002
0.480000 7.576495e+002
0.482000 7.587124e+002
0.484000 7.597672e+002
0.486000 7.608141e+002
0.488000 7.618528e+002
0.490000 7.628835e+002
0.492000 7.639062e+002
0.494000 7.649208e+002
0.496000 7.659272e+002
0.498000 7.669257e+002
0.500000 7.679160e+002
0.502000 7.688982e+002
0.504000 7.698723e+002
0.506000 7.708383e+002
0.508000 7.717961e+002
0.510000 7.727459e+002
0.512000 7.736875e+002
0.514000 7.746210e+002
0.516000 7.755463e+002
0.518000 7.764635e+002
0.520000 7.773725e+002
0.522000 7.782734e+002
0.524000 7.791661e+002
0.526000 7.800507e+002
0.528000 7.809271e+002
0.530000 7.817953e+002
0.532000 7.826553e+002
0.534000 7.835072e+002
0.536000 7.843508e+002
0.538000 7.851863e+002
0.540000 7.860136e+002
0.542000 7.868328e+002
0.544000 7.876437e+002
0.546000 7.884464e+002
0.548000 7.892409e+002
0.550000 7.900273e+002
0.552000 7.908054e+002
0.554000 7.915754e+002
0.556000 7.923371e+002
0.558000 7.930907e+002
0.560000 7.938360e+002
0.562000 7.945731e+002
0.564000 7.953021e+002
0.566000 7.960228e+002
0.568000 7.967354e+002
0.570000 7.974397e+002
0.572000 7.981359e+002
0.574000 7.988238e+002
0.576000 7.995036e+002
0.578000 8.001752e+002
0.580000 8.008385e+002
0.582000 8.014937e+002
0.584000 8.021407e+002
0.586000 8.027796e+002
0.588000 8.034102e+002
0.590000 8.040326e+002
0.592000 8.046469e+002
0.594000 8.052530e+002
0.596000 8.058510e+002
0.598000 8.064408e+002
0.600000 8.070224e+002
0.602000 8.075959e+002
0.604000 8.081612e+002
0.606000 8.087183e+002
0.608000 8.092674e+002
0.610000 8.098082e+002
0.612000 8.103410e+002
0.614000 8.108656e+002
0.616000 8.113821e+002
0.618000 8.118905e+002
0.620000 8.123908e+002
0.622000 8.128830e+002
0.624000 8.133671e+002
0.626000 8.138431e+002
0.628000 8.143110e+002
0.630000 8.147708e+002
0.632000 8.152226e+002
0.634000 8.156663e+002
0.636000 8.161020e+002
0.638000 8.165296e+002
0.640000 8.169492e+002
0.642000 8.173607e+002
0.644000 8.177642e+002
0.646000 8.181598e+002
0.648000 8.185473e+002
0.650000 8.189268e+002
0.652000 8.192984e+002
0.654000 8.196619e+002
0.656000 8.200175e+002
0.658000 8.203652e+002
0.660000 8.207049e+002
0.662000 8.210366e+002
0.664000 8.213605e+002
0.666000 8.216764e+002
0.668000 8.219845e+002
0.670000 8.222846e+002
0.672000 8.225769e+002
0.674000 8.228613e+002
0.676000 8.231378e+002
0.678000 8.234065e+002
0.680000 8.236673e+002
0.682000 8.239204e+002
0.684000 8.241656e+002
0.686000 8.244030e+002
0.688000 8.246327e+002
0.690000 8.248546e+002
0.692000 8.250687e+002
0.694000 8.252751e+002
0.696000 8.254737e+002
0.698000 8.256646e+002
0.700000 8.258479e+002
0.702000 8.260234e+002
0.704000 8.261912e+002
0.706000 8.263514e+002
0.708000 8.265040e+002
0.710000 8.266489e+002
0.712000 8.267862e+002
0.714000 8.269159e+002
0.716000 8.270380e+002
0.718000 8.271526e+002
0.720000 8.272596e+002
0.722000 8.273590e+002
0.724000 8.274509e+002
0.726000 8.275353e+002
0.728000 8.276122e+002
0.730000 8.276817e+002
0.732000 8.277437e+002
0.734000 8.277982e+002
0.736000 8.278453e+002
0.738000 8.278850e+002
0.740000 8.279173e+002
0.742000 8.279423e+002
0.744000 8.279599e+002
0.746000 8.279701e+002
0.748000 8.279730e+002
0.750000 8.279686e+002
0.752000 8.279570e+002
0.754000 8.279380e+002
0.756000 8.279118e+002
0.758000 8.278784e+002
0.760000 8.278378e+002
0.762000 8.277899e+002
0.764000 8.277349e+002
0.766000 8.276728e+002
0.768000 8.276035e+002
0.770000 8.275271e+002
0.772000 8.274436e+002
0.774000 8.273530e+002
0.776000 8.272554e+002
0.778000 8.271507e+002
0.780000 8.270390e+002
0.782000 8.269203e+002
0.784000 8.267946e+002
0.786000 8.266620e+002
0.788000 8.265224e+002
0.790000 8.263759e+002
0.792000 8.262226e+002
0.794000 8.260623e+002
0.796000 8.258952e+002
0.798000 8.257213e+002
0.800000 8.255406e+002
0.802000 8.253531e+002
0.804000 8.251588e+002
0.806000 8.249577e+002
0.808000 8.247500e+002
0.810000 8.245355e+002
0.812000 8.243144e+002
0.814000 8.240866e+002
0.816000 8.238522e+002
0.818000 8.236112e+002
0.820000 8.233636e+002
0.822000 8.231094e+002
0.824000 8.228487e+002
0.826000 8.225815e+002
0.828000 8.223077e+002
0.830000 8.220275e+002
0.832000 8.217409e+002
0.834000 8.214478e+002
0.836000 8.211483e+002
0.838000 8.208425e+002
0.840000 8.205303e+002
0.842000 8.202117e+002
0.844000 8.198869e+002
0.846000 8.195558e+002
0.848000 8.192184e+002
0.850000 8.188748e+002
0.852000 8.185250e+002
0.854000 8.181690e+002
0.856000 8.178068e+002
0.858000 8.174385e+002
0.860000 8.170641e+002
0.862000 8.166836e+002
0.864000 8.162971e+002
0.866000 8.159045e+002
0.868000 8.155059e+002
0.870000 8.151013e+002
0.872000 8.146908e+002
0.874000 8.142743e+002
0.876000 8.138520e+002
0.878000 8.134237e+002
0.880000 8.129896e+002
0.882000 8.125497e+002
0.884000 8.121039e+002
0.886000 8.116524e+002
0.888000 8.111951e+002
0.890000 8.107321e+002
0.892000 8.102635e+002
0.894000 8.097891e+002
0.896000 8.093091e+002
0.898000 8.088235e+002
0.900000 8.083322e+002
0.902000 8.078355e+002
0.904000 8.073331e+002
0.906000 8.068253e+002
0.908000 8.063120e+002
0.910000 8.057932e+002
0.912000 8.052690e+002
0.914000 8.047394e+002
0.916000 8.042044e+002
0.918000 8.036641e+002
0.920000 8.031184e+002
0.922000 8.025674e+002
0.924000 8.020112e+002
0.926000 8.014498e+002
0.928000 8.008831e+002
0.930000 8.003112e+002
0.932000 7.997342e+002
0.934000 7.991521e+002
0.936000 7.985648e+002
0.938000 7.979725e+002
0.940000 7.973751e+002
0.942000 7.967728e+002
0.944000 7.961654e+002
0.946000 7.955531e+002
0.948000 7.949358e+002
0.950000 7.943136e+002
0.952000 7.936866e+002
0.954000 7.930547e+002
0.956000 7.924180e+002
0.958000 7.917765e+002
0.960000 7.911302e+002
0.962000 7.904792e+002
0.964000 7.898235e+002
0.966000 7.891631e+002
0.968000 7.884980e+002
0.970000 7.878284e+002
0.972000 7.871541e+002
0.974000 7.864753e+002
0.976000 7.857920e+002
0.978000 7.851041e+002
0.980000 7.844118e+002
0.982000 7.837150e+002
0.984000 7.830138e+002
0.986000 7.823082e+002
0.988000 7.815983e+002
0.990000 7.808840e+002
0.992000 7.801654e+002
0.994000 7.794425e+002
0.996000 7.787154e+002
0.998000 7.779841e+002
1.000000 7.772486e+002
1.002000 7.765089e+002
1.004000 7.757651e+002
1.006000 7.750172e+002
1.008000 7.742652e+002
1.010000 7.735092e+002
1.012000 7.727492e+002
1.014000 7.719852e+002
1.016000 7.712172e+002
1.018000 7.704453e+002
1.020000 7.696695e+002
1.022000 7.688899e+002
1.024000 7.681064e+002
1.026000 7.673191e+002
1.028000 7.665280e+002
1.030000 7.657332e+002
1.032000 7.649347e+002
1.034000 7.641324e+002
1.036000 7.633265e+002
1.038000 7.625170e+002
1.040000 7.617039e+002
1.042000 7.608872e+002
1.044000 7.600669e+002
1.046000 7.592431e+002
1.048000 7.584159e+002
1.050000 7.575852e+002
1.052000 7.567510e+002
1.054000 7.559135e+002
1.056000 7.550726e+002
1.058000 7.542283e+002
1.060000 7.533808e+002
1.062000 7.525300e+002
1.064000 7.516759e+002
1.066000 7.508186e+002
1.068000 7.499581e+002
1.070000 7.490944e+002
1.072000 7.482276e+002
1.074000 7.473577e+002
1.076000 7.464847e+002
1.078000 7.456087e+002
1.080000 7.447296e+002
1.082000 7.438476e+002
1.084000 7.429626e+002
1.086000 7.420746e+002
1.088000 7.411838e+002
1.090000 7.402901e+002
1.092000 7.393936e+002
1.094000 7.384942e+002
1.096000 7.375920e+002
1.098000 7.366871e+002
1.100000 7.357795e+002
1.102000 7.348692e+002
1.104000 7.339562e+002
1.106000 7.330405e+002
1.108000 7.321223e+002
1.110000 7.312014e+002
1.112000 7.302780e+002
1.114000 7.293521e+002
1.116000 7.284237e+002
1.118000 7.274928e+002
1.120000 7.265594e+002
1.122000 7.256237e+002
1.124000 7.246856e+002
1.126000 7.237451e+002
1.128000 7.228023e+002
1.130000 7.218572e+002
1.132000 7.209098e+002
1.134000 7.199601e+002
1.136000 7.190083e+002
1.138000 7.180543e+002
1.140000 7.170981e+002
1.142000 7.161398e+002
1.144000 7.151794e+002
1.146000 7.142169e+002
1.148000 7.132524e+002
1.150000 7.122859e+002
1.152000 7.113173e+002
1.154000 7.103469e+002
1.156000 7.093744e+002
1.158000 7.084001e+002
1.160000 7.074239e+002
1.162000 7.064458e+002
1.164000 7.054660e+002
1.166000 7.044843e+002
1.168000 7.035009e+002
1.170000 7.025157e+002
1.172000 7.015288e+002
1.174000 7.005402e+002
1.176000 6.995500e+002
1.178000 6.985581e+002
1.180000 6.975647e+002
1.182000 6.965696e+002
1.184000 6.955730e+002
1.186000 6.945749e+002
1.188000 6.935753e+002
1.190000 6.925742e+002
1.192000 6.915717e+002
1.194000 6.905678e+002
1.196000 6.895625e+002
1.198000 6.885558e+002
1.200000 6.875478e+002
1.202000 6.865384e+002
1.204000 6.855278e+002
1.206000 6.845160e+002
1.208000 6.835029e+002
1.210000 6.824886e+002
1.212000 6.814731e+002
1.214000 6.804565e+002
1.216000 6.794387e+002
1.218000 6.784199e+002
1.220000 6.774000e+002
1.222000 6.763790e+002
1.224000 6.753570e+002
1.226000 6.743340e+002
1.228000 6.733101e+002
1.230000 6.722852e+002
1.232000 6.712594e+002
1.234000 6.702326e+002
1.236000 6.692051e+002
1.238000 6.681766e+002
1.240000 6.671474e+002
1.242000 6.661174e+002
1.244000 6.650865e+002
1.246000 6.640550e+002
1.248000 6.630227e+002
1.250000 6.619898e+002
1.252000 6.609561e+002
1.254000 6.599219e+002
1.256000 6.588870e+002
1.258000 6.578515e+002
1.260000 6.568154e+002
1.262000 6.557788e+002
1.264000 6.547416e+002
1.266000 6.537040e+002
1.268000 6.526659e+002
1.270000 6.516273e+002
1.272000 6.505883e+002
1.274000 6.495489e+002
1.276000 6.485092e+002
1.278000 6.474690e+002
1.280000 6.464286e+002
1.282000 6.453878e+002
1.284000 6.443467e+002
1.286000 6.433054e+002
1.288000 6.422638e+002
1.290000 6.412220e+002
1.292000 6.401800e+002
1.294000 6.391379e+002
1.296000 6.380956e+002
1.298000 6.370532e+002
1.300000 6.360106e+002
1.302000 6.349680e+002
1.304000 6.339253e+002
1.306000 6.328826e+002
1.308000 6.318399e+002
1.310000 6.307972e+002
1.312000 6.297545e+002
1.314000 6.287118e+002
1.316000 6.276693e+002
1.318000 6.266268e+002
1.320000 6.255844e+002
1.322000 6.245422e+002
1.324000 6.235002e+002
1.326000 6.224583e+002
1.328000 6.214166e+002
1.330000 6.203752e+002
1.332000 6.193339e+002
1.334000 6.182930e+002
1.336000 6.172523e+002
1.338000 6.162120e+002
1.340000 6.151720e+002
1.342000 6.141323e+002
1.344000 6.130930e+002
1.346000 6.120540e+002
1.348000 6.110155e+002
1.350000 6.099774e+002
1.352000 6.089398e+002
1.354000 6.079026e+002
1.356000 6.068660e+002
1.358000 6.058298e+002
1.360000 6.047941e+002
1.362000 6.037590e+002
1.364000 6.027245e+002
1.366000 6.016906e+002
1.368000 6.006572e+002
1.370000 5.996245e+002
1.372000 5.985924e+002
1.374000 5.975610e+002
1.376000 5.965303e+002
1.378000 5.955002e+002
1.380000 5.944709e+002
1.382000 5.934424e+002
1.384000 5.924145e+002
1.386000 5.913875e+002
1.388000 5.903612e+002
1.390000 5.893358e+002
1.392000 5.883112e+002
1.394000 5.872874e+002
1.396000 5.862645e+002
1.398000 5.852424e+002
1.400000 5.842213e+002
1.402000 5.832011e+002
1.404000 5.821818e+002
1.406000 5.811635e+002
1.408000 5.801461e+002
1.410000 5.791297e+002
1.412000 5.781143e+002
1.414000 5.771000e+002
1.416000 5.760866e+002
1.418000 5.750744e+002
1.420000 5.740632e+002
1.422000 5.730530e+002
1.424000 5.720440e+002
1.426000 5.710361e+002
1.428000 5.700293e+002
1.430000 5.690237e+002
1.432000 5.680192e+002
1.434000 5.670160e+002
1.436000 5.660139e+002
1.438000 5.650130e+002
1.440000 5.640133e+002
1.442000 5.630149e+002
1.444000 5.620178e+002
1.446000 5.610219e+002
1.448000 5.600273e+002
1.450000 5.590340e+002
1.452000 5.580421e+002
1.454000 5.570514e+002
1.456000 5.560621e+002
1.458000 5.550742e+002
1.460000 5.540876e+002
1.462000 5.531025e+002
1.464000 5.521187e+002
1.466000 5.511363e+002
1.468000 5.501554e+002
1.470000 5.491759e+002
1.472000 5.481979e+002
1.474000 5.472214e+002
1.476000 5.462463e+002
1.478000 5.452728e+002
1.480000 5.443007e+002
1.482000 5.433302e+002
1.484000 5.423612e+002
1.486000 5.413938e+002
1.488000 5.404279e+002
1.490000 5.394636e+002
1.492000 5.385009e+002
1.494000 5.375398e+002
1.496000 5.365803e+002
1.498000 5.356225e+002
1.500000 5.346662e+002
1.502000 5.337117e+002
1.504000 5.327588e+002
1.506000 5.318075e+002
1.508000 5.308580e+002
1.510000 5.299101e+002
1.512000 5.289640e+002
1.514000 5.280196e+002
1.516000 5.270769e+002
1.518000 5.261360e+002
1.520000 5.251968e+002
1.522000 5.242593e+002
1.524000 5.233237e+002
1.526000 5.223898e+002
1.528000 5.214578e+002
1.530000 5.205275e+002
1.532000 5.195991e+002
1.534000 5.186725e+002
1.536000 5.177477e+002
1.538000 5.168248e+002
1.540000 5.159037e+002
1.542000 5.149846e+002
1.544000 5.140673e+002
1.546000 5.131518e+002
1.548000 5.122383e+002
1.550000 5.113267e+002
1.552000 5.104170e+002
1.554000 5.095093e+002
1.556000 5.086034e+002
1.558000 5.076996e+002
1.560000 5.067976e+002
1.562000 5.058977e+002
1.564000 5.049997e+002
1.566000 5.041037e+002
1.568000 5.032097e+002
1.570000 5.023177e+002
1.572000 5.014276e+002
1.574000 5.005396e+002
1.576000 4.996537e+002
1.578000 4.987697e+002
1.580000 4.978878e+002
1.582000 4.970080e+002
1.584000 4.961302e+002
1.586000 4.952544e+002
1.588000 4.943808e+002
1.590000 4.935092e+002
1.592000 4.926397e+002
1.594000 4.917723e+002
1.596000 4.909070e+002
1.598000 4.900438e+002
1.600000 4.891827e+002
1.602000 4.883237e+002
1.604000 4.874669e+002
1.606000 4.866122e+002
1.608000 4.857596e+002
1.610000 4.849092e+002
1.612000 4.840609e+002
1.614000 4.832148e+002
1.616000 4.823709e+002
1.618000 4.815291e+002
1.620000 4.806896e+002
1.622000 4.798522e+002
1.624000 4.790170e+002
1.626000 4.781840e+002
1.628000 4.773532e+002
1.630000 4.765246e+002
1.632000 4.756982e+002
1.634000 4.748740e+002
1.636000 4.740521e+002
1.638000 4.732324e+002
1.640000 4.724149e+002
1.642000 4.715996e+002
1.644000 4.707866e+002
1.646000 4.699759e+002
1.648000 4.691674e+002
1.650000 4.683612e+002
1.652000 4.675572e+002
1.654000 4.667555e+002
1.656000 4.659561e+002
1.658000 4.651589e+002
1.660000 4.643641e+002
1.662000 4.635715e+002
1.664000 4.627812e+002
1.666000 4.619932e+002
1.668000 4.612075e+002
1.670000 4.604241e+002
1.672000 4.596430e+002
1.674000 4.588642e+002
1.676000 4.580877e+002
1.678000 4.573135e+002
1.680000 4.565417e+002
1.682000 4.557721e+002
1.684000 4.550049e+002
1.686000 4.542400e+002
1.688000 4.534775e+002
1.690000 4.527173e+002
1.692000 4.519594e+002
1.694000 4.512039e+002
1.696000 4.504507e+002
1.698000 4.496998e+002
1.700000 4.489513e+002
1.702000 4.482051e+002
1.704000 4.474613e+002
1.706000 4.467199e+002
1.708000 4.459808e+002
1.710000 4.452440e+002
1.712000 4.445097e+002
1.714000 4.437776e+002
1.716000 4.430480e+002
1.718000 4.423207e+002
1.720000 4.415958e+002
1.722000 4.408732e+002
1.724000 4.401530e+002
1.726000 4.394352e+002
1.728000 4.387198e+002
1.730000 4.380067e+002
1.732000 4.372960e+002
1.734000 4.365877e+002
1.736000 4.358818e+002
1.738000 4.351783e+002
1.740000 4.344771e+002
1.742000 4.337783e+002
1.744000 4.330819e+002
1.746000 4.323879e+002
1.748000 4.316962e+002
1.750000 4.310070e+002
1.752000 4.303201e+002
1.754000 4.296356e+002
1.756000 4.289535e+002
1.758000 4.282738e+002
1.760000 4.275964e+002
1.762000 4.269215e+002
1.764000 4.262489e+002
1.766000 4.255787e+002
1.768000 4.249109e+002
1.770000 4.242455e+002
1.772000 4.235825e+002
1.774000 4.229219e+002
1.776000 4.222636e+002
1.778000 4.216077e+002
1.780000 4.209543e+002
1.782000 4.203032e+002
1.784000 4.196544e+002
1.786000 4.190081e+002
1.788000 4.183641e+002
1.790000 4.177226e+002
1.792000 4.170834e+002
1.794000 4.164465e+002
1.796000 4.158121e+002
1.798000 4.151800e+002
1.800000 4.145504e+002
1.802000 4.139230e+002
1.804000 4.132981e+002
1.806000 4.126755e+002
1.808000 4.120553e+002
1.810000 4.114375e+002
1.812000 4.108220e+002
1.814000 4.102089e+002
1.816000 4.095982e+002
1.818000 4.089898e+002
1.820000 4.083838e+002
1.822000 4.077802e+002
1.824000 4.071789e+002
1.826000 4.065800e+002
1.828000 4.059834e+002
1.830000 4.053891e+002
1.832000 4.047973e+002
1.834000 4.042077e+002
1.836000 4.036205e+002
1.838000 4.030357e+002
1.840000 4.024532e+002
1.842000 4.018730e+002
1.844000 4.012952e+002
1.846000 4.007197e+002
1.848000 4.001465e+002
1.850000 3.995757e+002
1.852000 3.990072e+002
1.854000 3.984410e+002
1.856000 3.978771e+002
1.858000 3.973155e+002
1.860000 3.967563e+002
1.862000 3.961994e+002
1.864000 3.956448e+002
1.866000 3.950925e+002
1.868000 3.945425e+002
1.870000 3.939948e+002
1.872000 3.934493e+002
1.874000 3.929062e+002
1.876000 3.923654e+002
1.878000 3.918269e+002
1.880000 3.912906e+002
1.882000 3.907567e+002
1.884000 3.902250e+002
1.886000 3.896955e+002
1.888000 3.891684e+002
1.890000 3.886435e+002
1.892000 3.881209e+002
1.894000 3.876006e+002
1.896000 3.870825e+002
1.898000 3.865666e+002
1.900000 3.860530e+002
1.902000 3.855417e+002
1.904000 3.850326e+002
1.906000 3.845257e+002
1.908000 3.840211e+002
1.910000 3.835186e+002
1.912000 3.830185e+002
1.914000 3.825205e+002
1.916000 3.820248e+002
1.918000 3.815312e+002
1.920000 3.810399e+002
1.922000 3.805508e+002
1.924000 3.800639e+002
1.926000 3.795792e+002
1.928000 3.790967e+002
1.930000 3.786163e+002
1.932000 3.781382e+002
1.934000 3.776622e+002
1.936000 3.771884e+002
1.938000 3.767168e+002
1.940000 3.762474e+002
1.942000 3.757801e+002
1.944000 3.753150e+002
1.946000 3.748520e+002
1.948000 3.743912e+002
1.950000 3.739325e+002
1.952000 3.734759e+002
1.954000 3.730215e+002
1.956000 3.725692e+002
1.958000 3.721191e+002
1.960000 3.716711e+002
1.962000 3.712251e+002
1.964000 3.707813e+002
1.966000 3.703396e+002
1.968000 3.699000e+002
1.970000 3.694625e+002
1.972000 3.690271e+002
1.974000 3.685938e+002
1.976000 3.681625e+002
1.978000 3.677334e+002
1.980000 3.673063e+002
1.982000 3.668812e+002
1.984000 3.664583e+002
1.986000 3.660373e+002
1.988000 3.656185e+002
1.990000 3.652016e+002
1.992000 3.647869e+002
1.994000 3.643741e+002
1.996000 3.639634e+002
1.998000 3.635547e+002
2.000000 3.631480e+002
2.002000 3.627434e+002
2.004000 3.623407e+002
2.006000 3.619401e+002
2.008000 3.615414e+002
2.010000 3.611448e+002
2.012000 3.607501e+002
2.014000 3.603574e+002
2.016000 3.599667e+002
2.018000 3.595779e+002
2.020000 3.591912e+002
2.022000 3.588063e+002
2.024000 3.584235e+002
2.026000 3.580426e+002
2.028000 3.576636e+002
2.030000 3.572865e+002
2.032000 3.569114e+002
2.034000 3.565383e+002
2.036000 3.561670e+002
2.038000 3.557976e+002
2.040000 3.554302e+002
2.042000 3.550647e+002
2.044000 3.547010e+002
2.046000 3.543393e+002
2.048000 3.539794e+002
2.050000 3.536214e+002
2.052000 3.532653e+002
2.054000 3.529111e+002
2.056000 3.525587e+002
2.058000 3.522082e+002
2.060000 3.518595e+002
2.062000 3.515127e+002
2.064000 3.511677e+002
2.066000 3.508245e+002
2.068000 3.504832e+002
2.070000 3.501437e+002
2.072000 3.498060e+002
2.074000 3.494701e+002
2.076000 3.491360e+002
2.078000 3.488038e+002
2.080000 3.484733e+002
2.082000 3.481446e+002
2.084000 3.478176e+002
2.086000 3.474925e+002
2.088000 3.471691e+002
2.090000 3.468475e+002
2.092000 3.465276e+002
2.094000 3.462095e+002
2.096000 3.458931e+002
2.098000 3.455785e+002
2.100000 3.452656e+002
2.102000 3.449544e+002
2.104000 3.446450e+002
2.106000 3.443372e+002
2.108000 3.440312e+002
2.110000 3.437269e+002
2.112000 3.434242e+002
2.114000 3.431233e+002
2.116000 3.428240e+002
2.118000 3.425264e+002
2.120000 3.422305e+002
2.122000 3.419362e+002
2.124000 3.416436e+002
2.126000 3.413527e+002
2.128000 3.410634e+002
2.130000 3.407757e+002
2.132000 3.404897e+002
2.134000 3.402053e+002
2.136000 3.399226e+002
2.138000 3.396414e+002
2.140000 3.393618e+002
2.142000 3.390839e+002
2.144000 3.388076e+002
2.146000 3.385328e+002
2.148000 3.382596e+002
2.150000 3.379880e+002
2.152000 3.377180e+002
2.154000 3.374496e+002
2.156000 3.371827e+002
2.158000 3.369173e+002
2.160000 3.366536e+002
2.162000 3.363913e+002
2.164000 3.361306e+002
2.166000 3.358714e+002
2.168000 3.356138e+002
2.170000 3.353576e+002
2.172000 3.351030e+002
2.174000 3.348499e+002
2.176000 3.345983e+002
2.178000 3.343481e+002
2.180000 3.340995e+002
2.182000 3.338523e+002
2.184000 3.336066e+002
2.186000 3.333624e+002
2.188000 3.331197e+002
2.190000 3.328784e+002
2.192000 3.326385e+002
2.194000 3.324001e+002
2.196000 3.321632e+002
2.198000 3.319276e+002
2.200000 3.316935e+002
2.202000 3.314608e+002
2.204000 3.312296e+002
2.206000 3.309997e+002
2.208000 3.307712e+002
2.210000 3.305442e+002
2.212000 3.303185e+002
2.214000 3.300942e+002
2.216000 3.298713e+002
2.218000 3.296497e+002
2.220000 3.294296e+002
2.222000 3.292107e+002
2.224000 3.289933e+002
2.226000 3.287771e+002
2.228000 3.285624e+002
2.230000 3.283489e+002
2.232000 3.281368e+002
2.234000 3.279260e+002
2.236000 3.277166e+002
2.238000 3.275084e+002
2.240000 3.273015e+002
2.242000 3.270960e+002
2.244000 3.268917e+002
2.246000 3.266888e+002
2.248000 3.264871e+002
2.250000 3.262866e+002
2.252000 3.260875e+002
2.254000 3.258896e+002
2.256000 3.256930e+002
2.258000 3.254976e+002
2.260000 3.253035e+002
2.262000 3.251106e+002
2.264000 3.249190e+002
2.266000 3.247286e+002
2.268000 3.245394e+002
2.270000 3.243514e+002
2.272000 3.241646e+002
2.274000 3.239791e+002
2.276000 3.237947e+002
2.278000 3.236115e+002
2.280000 3.234296e+002
2.282000 3.232488e+002
2.284000 3.230691e+002
2.286000 3.228907e+002
2.288000 3.227134e+002
2.290000 3.225373e+002
2.292000 3.223623e+002
2.294000 3.221885e+002
2.296000 3.220158e+002
2.298000 3.218443e+002
2.300000 3.216739e+002
2.302000 3.215046e+002
2.304000 3.213364e+002
2.306000 3.211694e+002
2.308000 3.210035e+002
2.310000 3.208386e+002
2.312000 3.206749e+002
2.314000 3.205123e+002
2.316000 3.203507e+002
2.318000 3.201902e+002
2.320000 3.200308e+002
2.322000 3.198725e+002
2.324000 3.197152e+002
2.326000 3.195590e+002
2.328000 3.194039e+002
2.330000 3.192498e+002
2.332000 3.190967e+002
2.334000 3.189447e+002
2.336000 3.187937e+002
2.338000 3.186437e+002
2.340000 3.184948e+002
2.342000 3.183469e+002
2.344000 3.182000e+002
2.346000 3.180541e+002
2.348000 3.179091e+002
2.350000 3.177652e+002
2.352000 3.176223e+002
2.354000 3.174804e+002
2.356000 3.173394e+002
2.358000 3.171994e+002
2.360000 3.170604e+002
2.362000 3.169223e+002
2.364000 3.167852e+002
2.366000 3.166491e+002
2.368000 3.165139e+002
2.370000 3.163796e+002
2.372000 3.162463e+002
2.374000 3.161139e+002
2.376000 3.159825e+002
2.378000 3.158519e+002
2.380000 3.157223e+002
2.382000 3.155936e+002
2.384000 3.154658e+002
2.386000 3.153389e+002
2.388000 3.152129e+002
2.390000 3.150878e+002
2.392000 3.149636e+002
2.394000 3.148402e+002
2.396000 3.147178e+002
2.398000 3.145962e+002
2.400000 3.144755e+002
2.402000 3.143556e+002
2.404000 3.142366e+002
2.406000 3.141184e+002
2.408000 3.140011e+002
2.410000 3.138847e+002
2.412000 3.137690e+002
2.414000 3.136543e+002
2.416000 3.135403e+002
2.418000 3.134271e+002
2.420000 3.133148e+002
2.422000 3.132033e+002
2.424000 3.130926e+002
2.426000 3.129827e+002
2.428000 3.128736e+002
2.430000 3.127653e+002
2.432000 3.126578e+002
2.434000 3.125511e+002
2.436000 3.124452e+002
2.438000 3.123400e+002
2.440000 3.122356e+002
2.442000 3.121320e+002
2.444000 3.120291e+002
2.446000 3.119270e+002
2.448000 3.118257e+002
2.450000 3.117251e+002
2.452000 3.116252e+002
2.454000 3.115261e+002
2.456000 3.114278e+002
2.458000 3.113301e+002
2.460000 3.112332e+002
2.462000 3.111370e+002
2.464000 3.110415e+002
2.466000 3.109468e+002
2.468000 3.108527e+002
2.470000 3.107594e+002
2.472000 3.106667e+002
2.474000 3.105748e+002
2.476000 3.104835e+002
2.478000 3.103930e+002
2.480000 3.103031e+002
2.482000 3.102139e+002
2.484000 3.101254e+002
2.486000 3.100375e+002
2.488000 3.099503e+002
2.490000 3.098638e+002
2.492000 3.097779e+002
2.494000 3.096927e+002
2.496000 3.096082e+002
2.498000 3.095243e+002
2.500000 3.094410e+002
2.502000 3.093584e+002
2.504000 3.092764e+002
2.506000 3.091950e+002
2.508000 3.091143e+002
2.510000 3.090342e+002
2.512000 3.089547e+002
2.514000 3.088758e+002
2.516000 3.087975e+002
2.518000 3.087199e+002
2.520000 3.086428e+002
2.522000 3.085663e+002
2.524000 3.084905e+002
2.526000 3.084152e+002
2.528000 3.083405e+002
2.530000 3.082664e+002
2.532000 3.081929e+002
2.534000 3.081200e+002
2.536000 3.080476e+002
2.538000 3.079758e+002
2.540000 3.079045e+002
2.542000 3.078339e+002
2.544000 3.077638e+002
2.546000 3.076942e+002
2.548000 3.076252e+002
2.550000 3.075567e+002
2.552000 3.074888e+002
2.554000 3.074214e+002
2.556000 3.073546e+002
2.558000 3.072882e+002
2.560000 3.072224e+002
2.562000 3.071572e+002
2.564000 3.070924e+002
2.566000 3.070282e+002
2.568000 3.069645e+002
2.570000 3.069013e+002
2.572000 3.068386e+002
2.574000 3.067765e+002
2.576000 3.067148e+002
2.578000 3.066536e+002
2.580000 3.065929e+002
2.582000 3.065327e+002
2.584000 3.064730e+002
2.586000 3.064138e+002
2.588000 3.063550e+002
2.590000 3.062968e+002
2.592000 3.062390e+002
2.594000 3.061817e+002
2.596000 3.061248e+002
2.598000 3.060684e+002
2.600000 3.060125e+002
2.602000 3.059570e+002
2.604000 3.059020e+002
2.606000 3.058474e+002
2.608000 3.057933e+002
2.610000 3.057397e+002
2.612000 3.056864e+002
2.614000 3.056337e+002
2.616000 3.055813e+002
2.618000 3.055294e+002
2.620000 3.054779e+002
2.622000 3.054269e+002
2.624000 3.053762e+002
2.626000 3.053260e+002
2.628000 3.052762e+002
2.630000 3.052269e+002
2.632000 3.051779e+002
2.634000 3.051293e+002
2.636000 3.050812e+002
2.638000 3.050334e+002
2.640000 3.049861e+002
2.642000 3.049392e+002
2.644000 3.048926e+002
2.646000 3.048464e+002
2.648000 3.048007e+002
2.650000 3.047553e+002
2.652000 3.047103e+002
2.654000 3.046657e+002
2.656000 3.046214e+002
2.658000 3.045776e+002
2.660000 3.045341e+002
2.662000 3.044910e+002
2.664000 3.044482e+002
2.666000 3.044058e+002
2.668000 3.043638e+002
2.670000 3.043221e+002
2.672000 3.042808e+002
2.674000 3.042399e+002
2.676000 3.041993e+002
2.678000 3.041590e+002
2.680000 3.041191e+002
2.682000 3.040795e+002
2.684000 3.040403e+002
2.686000 3.040014e+002
2.688000 3.039629e+002
2.690000 3.039247e+002
2.692000 3.038868e+002
2.694000 3.038492e+002
2.696000 3.038120e+002
2.698000 3.037751e+002
2.700000 3.037385e+002
2.702000 3.037022e+002
2.704000 3.036663e+002
2.706000 3.036307e+002
2.708000 3.035953e+002
2.710000 3.035603e+002
2.712000 3.035256e+002
2.714000 3.034912e+002
2.716000 3.034571e+002
2.718000 3.034233e+002
2.720000 3.033898e+002
2.722000 3.033566e+002
2.724000 3.033237e+002
2.726000 3.032911e+002
2.728000 3.032587e+002
2.730000 3.032267e+002
2.732000 3.031949e+002
2.734000 3.031635e+002
2.736000 3.031323e+002
2.738000 3.031013e+002
2.740000 3.030707e+002
2.742000 3.030403e+002
2.744000 3.030102e+002
2.746000 3.029804e+002
2.748000 3.029508e+002
2.750000 3.029215e+002
2.752000 3.028925e+002
2.754000 3.028637e+002
2.756000 3.028352e+002
2.758000 3.028069e+002
2.760000 3.027789e+002
2.762000 3.027512e+002
2.764000 3.027237e+002
2.766000 3.026964e+002
2.768000 3.026694e+002
2.770000 3.026427e+002
2.772000 3.026162e+002
2.774000 3.025899e+002
2.776000 3.025638e+002
2.778000 3.025380e+002
2.780000 3.025125e+002
2.782000 3.024872e+002
2.784000 3.024621e+002
2.786000 3.024372e+002
2.788000 3.024125e+002
2.790000 3.023881e+002
2.792000 3.023639e+002
2.794000 3.023400e+002
2.796000 3.023162e+002
2.798000 3.022927e+002
2.800000 3.022694e+002
2.802000 3.022463e+002
2.804000 3.022234e+002
2.806000 3.022007e+002
2.808000 3.021783e+002
2.810000 3.021560e+002
2.812000 3.021340e+002
2.814000 3.021121e+002
2.816000 3.020905e+002
2.818000 3.020691e+002
2.820000 3.020478e+002
2.822000 3.020268e+002
2.824000 3.020060e+002
2.826000 3.019853e+002
2.828000 3.019649e+002
2.830000 3.019446e+002
2.832000 3.019245e+002
2.834000 3.019047e+002
2.836000 3.018850e+002
2.838000 3.018655e+002
2.840000 3.018461e+002
2.842000 3.018270e+002
2.844000 3.018080e+002
2.846000 3.017892e+002
2.848000 3.017706e+002
2.850000 3.017522e+002
2.852000 3.017340e+002
2.854000 3.017159e+002
2.856000 3.016980e+002
2.858000 3.016802e+002
2.860000 3.016627e+002
2.862000 3.016453e+002
2.864000 3.016281e+002
2.866000 3.016110e+002
2.868000 3.015941e+002
2.870000 3.015773e+002
2.872000 3.015608e+002
2.874000 3.015443e+002
2.876000 3.015281e+002
2.878000 3.015120e+002
2.880000 3.014960e+002
2.882000 3.014802e+002
2.884000 3.014646e+002
2.886000 3.014491e+002
2.888000 3.014337e+002
2.890000 3.014185e+002
2.892000 3.014035e+002
2.894000 3.013886e+002
2.896000 3.013738e+002
2.898000 3.013592e+002
2.900000 3.013448e+002
2.902000 3.013304e+002
2.904000 3.013162e+002
2.906000 3.013022e+002
2.908000 3.012883e+002
2.910000 3.012745e+002
2.912000 3.012609e+002
2.914000 3.012474e+002
2.916000 3.012340e+002
2.918000 3.012207e+002
2.920000 3.012076e+002
2.922000 3.011946e+002
2.924000 3.011818e+002
2.926000 3.011691e+002
2.928000 3.011565e+002
2.930000 3.011440e+002
2.932000 3.011316e+002
2.934000 3.011194e+002
2.936000 3.011073e+002
2.938000 3.010953e+002
2.940000 3.010834e+002
2.942000 3.010717e+002
2.944000 3.010600e+002
2.946000 3.010485e+002
2.948000 3.010371e+002
2.950000 3.010258e+002
2.952000 3.010146e+002
2.954000 3.010036e+002
2.956000 3.009926e+002
2.958000 3.009818e+002
2.960000 3.009711e+002
2.962000 3.009604e+002
2.964000 3.009499e+002
2.966000 3.009395e+002
2.968000 3.009292e+002
2.970000 3.009190e+002
2.972000 3.009089e+002
2.974000 3.008989e+002
2.976000 3.008890e+002
2.978000 3.008792e+002
2.980000 3.008695e+002
2.982000 3.008599e+002
2.984000 3.008504e+002
2.986000 3.008410e+002
2.988000 3.008317e+002
2.990000 3.008225e+002
2.992000 3.008133e+002
2.994000 3.008043e+002
2.996000 3.007954e+002
2.998000 3.007865e+002
3.000000 3.007778e+002
3.002000 3.007691e+002
3.004000 3.007606e+002
3.006000 3.007521e+002
3.008000 3.007437e+002
3.010000 3.007354e+002
3.012000 3.007272e+002
3.014000 3.007190e+002
3.016000 3.007110e+002
3.018000 3.007030e+002
3.020000 3.006951e+002
3.022000 3.006873e+002
3.024000 3.006796e+002
3.026000 3.006719e+002
3.028000 3.006644e+002
3.030000 3.006569e+002
3.032000 3.006495e+002
3.034000 3.006421e+002
3.036000 3.006349e+002
3.038000 3.006277e+002
3.040000 3.006206e+002
3.042000 3.006136e+002
3.044000 3.006066e+002
3.046000 3.005997e+002
3.048000 3.005929e+002
3.050000 3.005862e+002
3.052000 3.005795e+002
3.054000 3.005729e+002
3.056000 3.005664e+002
3.058000 3.005599e+002
3.060000 3.005535e+002
3.062000 3.005472e+002
3.064000 3.005409e+002
3.066000 3.005348e+002
3.068000 3.005286e+002
3.070000 3.005226e+002
3.072000 3.005166e+002
3.074000 3.005106e+002
3.076000 3.005048e+002
3.078000 3.004990e+002
3.080000 3.004932e+002
3.082000 3.004875e+002
3.084000 3.004819e+002
3.086000 3.004764e+002
3.088000 3.004709e+002
3.090000 3.004654e+002
3.092000 3.004600e+002
3.094000 3.004547e+002
3.096000 3.004494e+002
3.098000 3.004442e+002
3.100000 3.004391e+002
3.102000 3.004340e+002
3.104000 3.004289e+002
3.106000 3.004239e+002
3.108000 3.004190e+002
3.110000 3.004141e+002
3.112000 3.004093e+002
3.114000 3.004045e+002
3.116000 3.003998e+002
3.118000 3.003951e+002
3.120000 3.003905e+002
3.122000 3.003859e+002
3.124000 3.003814e+002
3.126000 3.003769e+002
3.128000 3.003725e+002
3.130000 3.003681e+002
3.132000 3.003638e+002
3.134000 3.003595e+002
3.136000 3.003553e+002
3.138000 3.003511e+002
3.140000 3.003469e+002
3.142000 3.003428e+002
3.144000 3.003388e+002
3.146000 3.003348e+002
3.148000 3.003308e+002
3.150000 3.003269e+002
3.152000 3.003230e+002
3.154000 3.003192e+002
3.156000 3.003154e+002
3.158000 3.003116e+002
3.160000 3.003079e+002
3.162000 3.003043e+002
3.164000 3.003006e+002
3.166000 3.002971e+002
3.168000 3.002935e+002
3.170000 3.002900e+002
3.172000 3.002865e+002
3.174000 3.002831e+002
3.176000 3.002797e+002
3.178000 3.002764e+002
3.180000 3.002731e+002
3.182000 3.002698e+002
3.184000 3.002665e+002
3.186000 3.002633e+002
3.188000 3.002602e+002
3.190000 3.002570e+002
3.192000 3.002539e+002
3.194000 3.002509e+002
3.196000 3.002478e+002
3.198000 3.002449e+002
3.200000 3.002419e+002
3.202000 3.002390e+002
3.204000 3.002361e+002
3.206000 3.002332e+002
3.208000 3.002304e+002
3.210000 3.002276e+002
3.212000 3.002248e+002
3.214000 3.002221e+002
3.216000 3.002194e+002
3.218000 3.002167e+002
3.220000 3.002141e+002
3.222000 3.002115e+002
3.224000 3.002089e+002
3.226000 3.002063e+002
3.228000 3.002038e+002
3.230000 3.002013e+002
3.232000 3.001988e+002
3.234000 3.001964e+002
3.236000 3.001940e+002
3.238000 3.001916e+002
3.240000 3.001893e+002
3.242000 3.001869e+002
3.244000 3.001846e+002
3.246000 3.001824e+002
3.248000 3.001801e+002
3.250000 3.001779e+002
3.252000 3.001757e+002
3.254000 3.001735e+002
3.256000 3.001714e+002
3.258000 3.001693e+002
3.260000 3.001672e+002
3.262000 3.001651e+002
3.264000 3.001631e+002
3.266000 3.001610e+002
3.268000 3.001590e+002
3.270000 3.001571e+002
3.272000 3.001551e+002
3.274000 3.001532e+002
3.276000 3.001513e+002
3.278000 3.001494e+002
3.280000 3.001475e+002
3.282000 3.001457e+002
3.284000 3.001439e+002
3.286000 3.001421e+002
3.288000 3.001403e+002
3.290000 3.001385e+002
3.292000 3.001368e+002
3.294000 3.001351e+002
3.296000 3.001334e+002
3.298000 3.001317e+002
3.300000 3.001300e+002
3.302000 3.001284e+002
3.304000 3.001268e+002
3.306000 3.001252e+002
3.308000 3.001236e+002
3.310000 3.001221e+002
3.312000 3.001205e+002
3.314000 3.001190e+002
3.316000 3.001175e+002
3.318000 3.001160e+002
3.320000 3.001145e+002
3.322000 3.001131e+002
3.324000 3.001116e+002
3.326000 3.001102e+002
3.328000 3.001088e+002
3.330000 3.001074e+002
3.332000 3.001061e+002
3.334000 3.001047e+002
3.336000 3.001034e+002
3.338000 3.001021e+002
3.340000 3.001008e+002
3.342000 3.000995e+002
3.344000 3.000982e+002
3.346000 3.000969e+002
3.348000 3.000957e+002
3.350000 3.000945e+002
3.352000 3.000933e+002
3.354000 3.000921e+002
3.356000 3.000909e+002
3.358000 3.000897e+002
3.360000 3.000886e+002
3.362000 3.000874e+002
3.364000 3.000863e+002
3.366000 3.000852e+002
3.368000 3.000841e+002
3.370000 3.000830e+002
3.372000 3.000819e+002
3.374000 3.000809e+002
3.376000 3.000798e+002
3.378000 3.000788e+002
3.380000 3.000778e+002
3.382000 3.000768e+002
3.384000 3.000758e+002
3.386000 3.000748e+002
3.388000 3.000738e+002
3.390000 3.000728e+002
3.392000 3.000719e+002
3.394000 3.000710e+002
3.396000 3.000700e+002
3.398000 3.000691e+002
3.400000 3.000682e+002
3.402000 3.000673e+002
3.404000 3.000664e+002
3.406000 3.000656e+002
3.408000 3.000647e+002
3.410000 3.000639e+002
3.412000 3.000630e+002
3.414000 3.000622e+002
3.416000 3.000614e+002
3.418000 3.000606e+002
3.420000 3.000598e+002
3.422000 3.000590e+002
3.424000 3.000582e+002
3.426000 3.000575e+002
3.428000 3.000567e+002
3.430000 3.000559e+002
3.432000 3.000552e+002
3.434000 3.000545e+002
3.436000 3.000538e+002
3.438000 3.000530e+002
3.440000 3.000523e+002
3.442000 3.000516e+002
3.444000 3.000510e+002
3.446000 3.000503e+002
3.448000 3.000496e+002
3.450000 3.000490e+002
3.452000 3.000483e+002
3.454000 3.000477e+002
3.456000 3.000470e+002
3.458000 3.000464e+002
3.460000 3.000458e+002
3.462000 3.000452e+002
3.464000 3.000446e+002
3.466000 3.000440e+002
3.468000 3.000434e+002
3.470000 3.000428e+002
3.472000 3.000422e+002
3.474000 3.000417e+002
3.476000 3.000411e+002
3.478000 3.000406e+002
3.480000 3.000400e+002
3.482000 3.000395e+002
3.484000 3.000389e+002
3.486000 3.000384e+002
3.488000 3.000379e+002
3.490000 3.000374e+002
3.492000 3.000369e+002
3.494000 3.000364e+002
3.496000 3.000359e+002
3.498000 3.000354e+002
3.500000 3.000349e+002
3.502000 3.000345e+002
3.504000 3.000340e+002
3.506000 3.000335e+002
3.508000 3.000331e+002
3.510000 3.000326e+002
3.512000 3.000322e+002
3.514000 3.000317e+002
3.516000 3.000313e+002
3.518000 3.000309e+002
3.520000 3.000305e+002
3.522000 3.000300e+002
3.524000 3.000296e+002
3.526000 3.000292e+002
3.528000 3.000288e+002
3.530000 3.000284e+002
3.532000 3.000280e+002
3.534000 3.000277e+002
3.536000 3.000273e+002
3.538000 3.000269e+002
3.540000 3.000265e+002
3.542000 3.000262e+002
3.544000 3.000258e+002
3.546000 3.000255e+002
3.548000 3.000251e+002
3.550000 3.000248e+002
3.552000 3.000244e+002
3.554000 3.000241e+002
3.556000 3.000238e+002
3.558000 3.000234e+002
3.560000 3.000231e+002
3.562000 3.000228e+002
3.564000 3.000225e+002
3.566000 3.000222e+002
3.568000 3.000219e+002
3.570000 3.000216e+002
3.572000 3.000213e+002
3.574000 3.000210e+002
3.576000 3.000207e+002
3.578000 3.000204e+002
3.580000 3.000201e+002
3.582000 3.000198e+002
3.584000 3.000195e+002
3.586000 3.000193e+002
3.588000 3.000190e+002
3.590000 3.000187e+002
3.592000 3.000185e+002
3.594000 3.000182e+002
3.596000 3.000180e+002
3.598000 3.000177e+002
3.600000 3.000175e+002
3.602000 3.000172e+002
3.604000 3.000170e+002
3.606000 3.000167e+002
3.608000 3.000165e+002
3.610000 3.000163e+002
3.612000 3.000160e+002
3.614000 3.000158e+002
3.616000 3.000156e+002
3.618000 3.000154e+002
3.620000 3.000152e+002
3.622000 3.000150e+002
3.624000 3.000147e+002
3.626000 3.000145e+002
3.628000 3.000143e+002
3.630000 3.000141e+002
3.632000 3.000139e+002
3.634000 3.000137e+002
3.636000 3.000135e+002
3.638000 3.000133e+002
3.640000 3.000132e+002
3.642000 3.000130e+002
3.644000 3.000128e+002
3.646000 3.000126e+002
3.648000 3.000124e+002
3.650000 3.000123e+002
3.652000 3.000121e+002
3.654000 3.000119e+002
3.656000 3.000117e+002
3.658000 3.000116e+002
3.660000 3.000114e+002
3.662000 3.000112e+002
3.664000 3.000111e+002
3.666000 3.000109e+002
3.668000 3.000108e+002
3.670000 3.000106e+002
3.672000 3.000105e+002
3.674000 3.000103e+002
3.676000 3.000102e+002
3.678000 3.000100e+002
3.680000 3.000099e+002
3.682000 3.000097e+002
3.684000 3.000096e+002
3.686000 3.000095e+002
3.688000 3.000093e+002
3.690000 3.000092e+002
3.692000 3.000091e+002
3.694000 3.000089e+002
3.696000 3.000088e+002
3.698000 3.000087e+002
3.700000 3.000086e+002
3.702000 3.000084e+002
3.704000 3.000083e+002
3.706000 3.000082e+002
3.708000 3.000081e+002
3.710000 3.000080e+002
3.712000 3.000079e+002
3.714000 3.000077e+002
3.716000 3.000076e+002
3.718000 3.000075e+002
3.720000 3.000074e+002
3.722000 3.000073e+002
3.724000 3.000072e+002
3.726000 3.000071e+002
3.728000 3.000070e+002
3.730000 3.000069e+002
3.732000 3.000068e+002
3.734000 3.000067e+002
3.736000 3.000066e+002
3.738000 3.000065e+002
3.740000 3.000064e+002
3.742000 3.000063e+002
3.744000 3.000062e+002
3.746000 3.000062e+002
3.748000 3.000061e+002
3.750000 3.000060e+002
3.752000 3.000059e+002
3.754000 3.000058e+002
3.756000 3.000057e+002
3.758000 3.000057e+002
3.760000 3.000056e+002
3.762000 3.000055e+002
3.764000 3.000054e+002
3.766000 3.000053e+002
3.768000 3.000053e+002
3.770000 3.000052e+002
3.772000 3.000051e+002
3.774000 3.000050e+002
3.776000 3.000050e+002
3.778000 3.000049e+002
3.780000 3.000048e+002
3.782000 3.000048e+002
3.784000 3.000047e+002
3.786000 3.000046e+002
3.788000 3.000046e+002
3.790000 3.000045e+002
3.792000 3.000045e+002
3.794000 3.000044e+002
3.796000 3.000043e+002
3.798000 3.000043e+002
3.800000 3.000042e+002
3.802000 3.000042e+002
3.804000 3.000041e+002
3.806000 3.000040e+002
3.808000 3.000040e+002
3.810000 3.000039e+002
3.812000 3.000039e+002
3.814000 3.000038e+002
3.816000 3.000038e+002
3.818000 3.000037e+002
3.820000 3.000037e+002
3.822000 3.000036e+002
3.824000 3.000036e+002
3.826000 3.000035e+002
3.828000 3.000035e+002
3.830000 3.000034e+002
3.832000 3.000034e+002
3.834000 3.000033e+002
3.836000 3.000033e+002
3.838000 3.000033e+002
3.840000 3.000032e+002
3.842000 3.000032e+002
3.844000 3.000031e+002
3.846000 3.000031e+002
3.848000 3.000031e+002
3.850000 3.000030e+002
3.852000 3.000030e+002
3.854000 3.000029e+002
3.856000 3.000029e+002
3.858000 3.000029e+002
3.860000 3.000028e+002
3.862000 3.000028e+002
3.864000 3.000028e+002
3.866000 3.000027e+002
3.868000 3.000027e+002
3.870000 3.000027e+002
3.872000 3.000026e+002
3.874000 3.000026e+002
3.876000 3.000026e+002
3.878000 3.000026e+002
3.880000 3.000025e+002
3.882000 3.000025e+002
3.884000 3.000025e+002
3.886000 3.000024e+002
3.888000 3.000024e+002
3.890000 3.000024e+002
3.892000 3.000024e+002
3.894000 3.000023e+002
3.896000 3.000023e+002
3.898000 3.000023e+002
3.900000 3.000023e+002
3.902000 3.000023e+002
3.904000 3.000022e+002
3.906000 3.000022e+002
3.908000 3.000022e+002
3.910000 3.000022e+002
3.912000 3.000022e+002
3.914000 3.000021e+002
3.916000 3.000021e+002
3.918000 3.000021e+002
3.920000 3.000021e+002
3.922000 3.000021e+002
3.924000 3.000020e+002
3.926000 3.000020e+002
3.928000 3.000020e+002
3.930000 3.000020e+002
3.932000 3.000020e+002
3.934000 3.000020e+002
3.936000 3.000020e+002
3.938000 3.000019e+002
3.940000 3.000019e+002
3.942000 3.000019e+002
3.944000 3.000019e+002
3.946000 3.000019e+002
3.948000 3.000019e+002
3.950000 3.000019e+002
3.952000 3.000019e+002
3.954000 3.000019e+002
3.956000 3.000018e+002
3.958000 3.000018e+002
3.960000 3.000018e+002
3.962000 3.000018e+002
3.964000 3.000018e+002
3.966000 3.000018e+002
3.968000 3.000018e+002
3.970000 3.000018e+002
3.972000 3.000018e+002
3.974000 3.000018e+002
3.976000 3.000018e+002
3.978000 3.000018e+002
3.980000 3.000018e+002
3.982000 3.000018e+002
3.984000 3.000018e+002
3.986000 3.000018e+002
3.988000 3.000018e+002
3.990000 3.000018e+002
3.992000 3.000018e+002
3.994000 3.000018e+002
3.996000 3.000018e+002
3.998000 3.000000e+002
