0.000000 3.306570e+002
0.002000 3.340462e+002
0.004000 3.374345e+002
0.006000 3.408218e+002
0.008000 3.442081e+002
0.010000 3.475932e+002
0.012000 3.509772e+002
0.014000 3.543598e+002
0.016000 3.577411e+002
0.018000 3.611209e+002
0.020000 3.644991e+002
0.022000 3.678756e+002
0.024000 3.712505e+002
0.026000 3.746235e+002
0.028000 3.779946e+002
0.030000 3.813637e+002
0.032000 3.847307e+002
0.034000 3.880955e+002
0.036000 3.914581e+002
0.038000 3.948184e+002
0.040000 3.981762e+002
0.042000 4.015315e+002
0.044000 4.048842e+002
0.046000 4.082342e+002
0.048000 4.115815e+002
0.050000 4.149259e+002
0.052000 4.182673e+002
0.054000 4.216057e+002
0.056000 4.249410e+002
0.058000 4.282731e+002
0.060000 4.316020e+002
0.062000 4.349274e+002
0.064000 4.382494e+002
0.066000 4.415679e+002
0.068000 4.448827e+002
0.070000 4.481939e+002
0.072000 4.515012e+002
0.074000 4.548047e+002
0.076000 4.581042e+002
0.078000 4.613997e+002
0.080000 4.646910e+002
0.082000 4.679782e+002
0.084000 4.712610e+002
0.086000 4.745395e+002
0.088000 4.778135e+002
0.090000 4.810830e+002
0.092000 4.843478e+002
0.094000 4.876080e+002
0.096000 4.908633e+002
0.098000 4.941138e+002
0.100000 4.973594e+002
0.102000 5.005999e+002
0.104000 5.038353e+002
0.106000 5.070655e+002
0.108000 5.102904e+002
0.110000 5.135100e+002
0.112000 5.167241e+002
0.114000 5.199328e+002
0.116000 5.231358e+002
0.118000 5.263331e+002
0.120000 5.295247e+002
0.122000 5.327105e+002
0.124000 5.358904e+002
0.126000 5.390642e+002
0.128000 5.422320e+002
0.130000 5.453937e+002
0.132000 5.485491e+002
0.134000 5.516982e+002
0.136000 5.548409e+002
0.138000 5.579772e+002
0.140000 5.611069e+002
0.142000 5.642301e+002
0.144000 5.673465e+002
0.146000 5.704562e+002
0.148000 5.735590e+002
0.150000 5.766549e+002
0.152000 5.797439e+002
0.154000 5.828257e+002
0.156000 5.859004e+002
0.158000 5.889679e+002
0.160000 5.920281e+002
0.162000 5.950810e+002
0.164000 5.981264e+002
0.166000 6.011643e+002
0.168000 6.041946e+002
0.170000 6.072173e+002
0.172000 6.102322e+002
0.174000 6.132393e+002
0.176000 6.162386e+002
0.178000 6.192299e+002
0.180000 6.222132e+002
0.182000 6.251884e+002
0.184000 6.281555e+002
0.186000 6.311143e+002
0.188000 6.340648e+002
0.190000 6.370070e+002
0.192000 6.399408e+002
0.194000 6.428660e+002
0.196000 6.457826e+002
0.198000 6.486907e+002
0.200000 6.515900e+002
0.202000 6.544805e+002
0.204000 6.573622e+002
0.206000 6.602350e+002
0.208000 6.630988e+002
0.210000 6.659536e+002
0.212000 6.687993e+002
0.214000 6.716357e+002
0.216000 6.744630e+002
0.218000 6.772810e+002
0.220000 6.800896e+002
0.222000 6.828887e+002
0.224000 6.856784e+002
0.226000 6.884585e+002
0.228000 6.912290e+002
0.230000 6.939898e+002
0.232000 6.967409e+002
0.234000 6.994822e+002
0.236000 7.022136e+002
0.238000 7.049350e+002
0.240000 7.076465e+002
0.242000 7.103480e+002
0.244000 7.130393e+002
0.246000 7.157205e+002
0.248000 7.183915e+002
0.250000 7.210521e+002
0.252000 7.237025e+002
0.254000 7.263424e+002
0.256000 7.289719e+002
0.258000 7.315909e+002
0.260000 7.341993e+002
0.262000 7.367971e+002
0.264000 7.393842e+002
0.266000 7.419606e+002
0.268000 7.445261e+002
0.270000 7.470809e+002
0.272000 7.496247e+002
0.274000 7.521576e+002
0.276000 7.546795e+002
0.278000 7.571904e+002
0.280000 7.596901e+002
0.282000 7.621787e+002
0.284000 7.646561e+002
0.286000 7.671222e+002
0.288000 7.695770e+002
0.290000 7.720204e+002
0.292000 7.744525e+002
0.294000 7.768730e+002
0.296000 7.792821e+002
0.298000 7.816796e+002
0.300000 7.840655e+002
0.302000 7.864398e+002
0.304000 7.888023e+002
0.306000 7.911531e+002
0.308000 7.934922e+002
0.310000 7.958194e+002
0.312000 7.981347e+002
0.314000 8.004381e+002
0.316000 8.027295e+002
0.318000 8.050089e+002
0.320000 8.072762e+002
0.322000 8.095315e+002
0.324000 8.117746e+002
0.326000 8.140056e+002
0.328000 8.162243e+002
0.330000 8.184307e+002
0.332000 8.206249e+002
0.334000 8.228067e+002
0.336000 8.249761e+002
0.338000 8.271331e+002
0.340000 8.292776e+002
0.342000 8.314097e+002
0.344000 8.335292e+002
0.346000 8.356361e+002
0.348000 8.377304e+002
0.350000 8.398121e+002
0.352000 8.418811e+002
0.354000 8.439373e+002
0.356000 8.459809e+002
0.358000 8.480116e+002
0.360000 8.500295e+002
0.362000 8.520346e+002
0.364000 8.540268e+002
0.366000 8.560060e+002
0.368000 8.579723e+002
0.370000 8.599257e+002
0.372000 8.618660e+002
0.374000 8.637932e+002
0.376000 8.657074e+002
0.378000 8.676085e+002
0.380000 8.694965e+002
0.382000 8.713713e+002
0.384000 8.732330e+002
0.386000 8.750814e+002
0.388000 8.769165e+002
0.390000 8.787384e+002
0.392000 8.805470e+002
0.394000 8.823423e+002
0.396000 8.841243e+002
0.398000 8.858928e+002
0.400000 8.876480e+002
0.402000 8.893898e+002
0.404000 8.911181e+002
0.406000 8.928329e+002
0.408000 8.945343e+002
0.410000 8.962222e+002
0.412000 8.978965e+002
0.414000 8.995573e+002
0.416000 9.012045e+002
0.418000 9.028381e+002
0.420000 9.044582e+002
0.422000 9.060646e+002
0.424000 9.076573e+002
0.426000 9.092364e+002
0.428000 9.108018e+002
0.430000 9.123535e+002
0.432000 9.138915e+002
0.434000 9.154158e+002
0.436000 9.169263e+002
0.438000 9.184231e+002
0.440000 9.199061e+002
0.442000 9.213753e+002
0.444000 9.228307e+002
0.446000 9.242723e+002
0.448000 9.257001e+002
0.450000 9.271140e+002
0.452000 9.285141e+002
0.454000 9.299003e+002
0.456000 9.312727e+002
0.458000 9.326312e+002
0.460000 9.339758e+002
0.462000 9.353065e+002
0.464000 9.366232e+002
0.466000 9.379261e+002
0.468000 9.392150e+002
0.470000 9.404901e+002
0.472000 9.417511e+002
0.474000 9.429983e+002
0.476000 9.442314e+002
0.478000 9.454507e+002
0.480000 9.466559e+002
0.482000 9.478473e+002
0.484000 9.490246e+002
0.486000 9.501880e+002
0.488000 9.513374e+002
0.490000 9.524728e+002
0.492000 9.535943e+002
0.494000 9.547017e+002
0.496000 9.557952e+002
0.498000 9.568748e+002
0.500000 9.579403e+002
0.502000 9.589919e+002
0.504000 9.600294e+002
0.506000 9.610530e+002
0.508000 9.620627e+002
0.510000 9.630583e+002
0.512000 9.640400e+002
0.514000 9.650078e+002
0.516000 9.659615e+002
0.518000 9.669013e+002
0.520000 9.678272e+002
0.522000 9.687391e+002
0.524000 9.696371e+002
0.526000 9.705211e+002
0.528000 9.713912e+002
0.530000 9.722474e+002
0.532000 9.730896e+002
0.534000 9.739180e+002
0.536000 9.747325e+002
0.538000 9.755330e+002
0.540000 9.763197e+002
0.542000 9.770925e+002
0.544000 9.778515e+002
0.546000 9.785966e+002
0.548000 9.793279e+002
0.550000 9.800453e+002
0.552000 9.807489e+002
0.554000 9.814387e+002
0.556000 9.821148e+002
0.558000 9.827770e+002
0.560000 9.834255e+002
0.562000 9.840603e+002
0.564000 9.846813e+002
0.566000 9.852885e+002
0.568000 9.858821e+002
0.570000 9.864620e+002
0.572000 9.870282e+002
0.574000 9.875808e+002
0.576000 9.881197e+002
0.578000 9.886450e+002
0.580000 9.891567e+002
0.582000 9.896548e+002
0.584000 9.901394e+002
0.586000 9.906104e+002
0.588000 9.910678e+002
0.590000 9.915118e+002
0.592000 9.919423e+002
0.594000 9.923593e+002
0.596000 9.927628e+002
0.598000 9.931530e+002
0.600000 9.935297e+002
0.602000 9.938931e+002
0.604000 9.942431e+002
0.606000 9.945797e+002
0.608000 9.949031e+002
0.610000 9.952132e+002
0.612000 9.955100e+002
0.614000 9.957936e+002
0.616000 9.960639e+002
0.618000 9.963211e+002
0.620000 9.965651e+002
0.622000 9.967960e+002
0.624000 9.970138e+002
0.626000 9.972185e+002
0.628000 9.974101e+002
0.630000 9.975888e+002
0.632000 9.977544e+002
0.634000 9.979071e+002
0.636000 9.980468e+002
0.638000 9.981736e+002
0.640000 9.982875e+002
0.642000 9.983886e+002
0.644000 9.984769e+002
0.646000 9.985524e+002
0.648000 9.986151e+002
0.650000 9.986651e+002
0.652000 9.987024e+002
0.654000 9.987271e+002
0.656000 9.987391e+002
0.658000 9.987385e+002
0.660000 9.987254e+002
0.662000 9.986997e+002
0.664000 9.986615e+002
0.666000 9.986109e+002
0.668000 9.985479e+002
0.670000 9.984724e+002
0.672000 9.983846e+002
0.674000 9.982845e+002
0.676000 9.981721e+002
0.678000 9.980475e+002
0.680000 9.979106e+002
0.682000 9.977616e+002
0.684000 9.976004e+002
0.686000 9.974271e+002
0.688000 9.972418e+002
0.690000 9.970444e+002
0.692000 9.968351e+002
0.694000 9.966138e+002
0.696000 9.963806e+002
0.698000 9.961355e+002
0.700000 9.958787e+002
0.702000 9.956100e+002
0.704000 9.953296e+002
0.706000 9.950374e+002
0.708000 9.947336e+002
0.710000 9.944182e+002
0.712000 9.940912e+002
0.714000 9.937526e+002
0.716000 9.934026e+002
0.718000 9.930411e+002
0.720000 9.926681e+002
0.722000 9.922838e+002
0.724000 9.918882e+002
0.726000 9.914813e+002
0.728000 9.910631e+002
0.730000 9.906338e+002
0.732000 9.901933e+002
0.734000 9.897416e+002
0.736000 9.892790e+002
0.738000 9.888053e+002
0.740000 9.883206e+002
0.742000 9.878250e+002
0.744000 9.873185e+002
0.746000 9.868011e+002
0.748000 9.862730e+002
0.750000 9.857341e+002
0.752000 9.851846e+002
0.754000 9.846243e+002
0.756000 9.840535e+002
0.758000 9.834721e+002
0.760000 9.828802e+002
0.762000 9.822778e+002
0.764000 9.816651e+002
0.766000 9.810419e+002
0.768000 9.804085e+002
0.770000 9.797647e+002
0.772000 9.791108e+002
0.774000 9.784467e+002
0.776000 9.777724e+002
0.778000 9.770881e+002
0.780000 9.763938e+002
0.782000 9.756894e+002
0.784000 9.749752e+002
0.786000 9.742511e+002
0.788000 9.735172e+002
0.790000 9.727735e+002
0.792000 9.720200e+002
0.794000 9.712569e+002
0.796000 9.704842e+002
0.798000 9.697019e+002
0.800000 9.689101e+002
0.802000 9.681089e+002
0.804000 9.672982e+002
0.806000 9.664782e+002
0.808000 9.656488e+002
0.810000 9.648102e+002
0.812000 9.639624e+002
0.814000 9.631055e+002
0.816000 9.622394e+002
0.818000 9.613643e+002
0.820000 9.604802e+002
0.822000 9.595872e+002
0.824000 9.586853e+002
0.826000 9.577745e+002
0.828000 9.568550e+002
0.830000 9.559268e+002
0.832000 9.549899e+002
0.834000 9.540443e+002
0.836000 9.530902e+002
0.838000 9.521276e+002
0.840000 9.511566e+002
0.842000 9.501771e+002
0.844000 9.491893e+002
0.846000 9.481933e+002
0.848000 9.471889e+002
0.850000 9.461764e+002
0.852000 9.451558e+002
0.854000 9.441271e+002
0.856000 9.430904e+002
0.858000 9.420458e+002
0.860000 9.409932e+002
0.862000 9.399328e+002
0.864000 9.388646e+002
0.866000 9.377887e+002
0.868000 9.367051e+002
0.870000 9.356139e+002
0.872000 9.345151e+002
0.874000 9.334088e+002
0.876000 9.322950e+002
0.878000 9.311739e+002
0.880000 9.300454e+002
0.882000 9.289096e+002
0.884000 9.277666e+002
0.886000 9.266164e+002
0.888000 9.254591e+002
0.890000 9.242947e+002
0.892000 9.231234e+002
0.894000 9.219451e+002
0.896000 9.207599e+002
0.898000 9.195679e+002
0.900000 9.183691e+002
0.902000 9.171636e+002
0.904000 9.159514e+002
0.906000 9.147326e+002
0.908000 9.135073e+002
0.910000 9.122755e+002
0.912000 9.110373e+002
0.914000 9.097927e+002
0.916000 9.085417e+002
0.918000 9.072845e+002
0.920000 9.060212e+002
0.922000 9.047516e+002
0.924000 9.034760e+002
0.926000 9.021944e+002
0.928000 9.009067e+002
0.930000 8.996132e+002
0.932000 8.983138e+002
0.934000 8.970086e+002
0.936000 8.956977e+002
0.938000 8.943810e+002
0.940000 8.930588e+002
0.942000 8.917310e+002
0.944000 8.903976e+002
0.946000 8.890588e+002
0.948000 8.877146e+002
0.950000 8.863651e+002
0.952000 8.850103e+002
0.954000 8.836502e+002
0.956000 8.822850e+002
0.958000 8.809147e+002
0.960000 8.795393e+002
0.962000 8.781589e+002
0.964000 8.767736e+002
0.966000 8.753834e+002
0.968000 8.739883e+002
0.970000 8.725885e+002
0.972000 8.711840e+002
0.974000 8.697748e+002
0.976000 8.683610e+002
0.978000 8.669427e+002
0.980000 8.655199e+002
0.982000 8.640927e+002
0.984000 8.626611e+002
0.986000 8.612252e+002
0.988000 8.597850e+002
0.990000 8.583406e+002
0.992000 8.568921e+002
0.994000 8.554395e+002
0.996000 8.539828e+002
0.998000 8.525222e+002
1.000000 8.510577e+002
1.002000 8.495893e+002
1.004000 8.481171e+002
1.006000 8.466411e+002
1.008000 8.451614e+002
1.010000 8.436781e+002
1.012000 8.421912e+002
1.014000 8.407008e+002
1.016000 8.392069e+002
1.018000 8.377096e+002
1.020000 8.362089e+002
1.022000 8.347049e+002
1.024000 8.331977e+002
1.026000 8.316873e+002
1.028000 8.301737e+002
1.030000 8.286570e+002
1.032000 8.271373e+002
1.034000 8.256147e+002
1.036000 8.240891e+002
1.038000 8.225606e+002
1.040000 8.210293e+002
1.042000 8.194953e+002
1.044000 8.179585e+002
1.046000 8.164191e+002
1.048000 8.148771e+002
1.050000 8.133326e+002
1.052000 8.117855e+002
1.054000 8.102361e+002
1.056000 8.086842e+002
1.058000 8.071300e+002
1.060000 8.055735e+002
1.062000 8.040149e+002
1.064000 8.024540e+002
1.066000 8.008910e+002
1.068000 7.993259e+002
1.070000 7.977589e+002
1.072000 7.961898e+002
1.074000 7.946189e+002
1.076000 7.930461e+002
1.078000 7.914715e+002
1.080000 7.898951e+002
1.082000 7.883170e+002
1.084000 7.867373e+002
1.086000 7.851560e+002
1.088000 7.835731e+002
1.090000 7.819888e+002
1.092000 7.804029e+002
1.094000 7.788157e+002
1.096000 7.772272e+002
1.098000 7.756373e+002
1.100000 7.740462e+002
1.102000 7.724539e+002
1.104000 7.708604e+002
1.106000 7.692659e+002
1.108000 7.676703e+002
1.110000 7.660737e+002
1.112000 7.644761e+002
1.114000 7.628777e+002
1.116000 7.612784e+002
1.118000 7.596783e+002
1.120000 7.580774e+002
1.122000 7.564758e+002
1.124000 7.548736e+002
1.126000 7.532707e+002
1.128000 7.516673e+002
1.130000 7.500634e+002
1.132000 7.484590e+002
1.134000 7.468542e+002
1.136000 7.452490e+002
1.138000 7.436435e+002
1.140000 7.420377e+002
1.142000 7.404317e+002
1.144000 7.388254e+002
1.146000 7.372191e+002
1.148000 7.356126e+002
1.150000 7.340061e+002
1.152000 7.323995e+002
1.154000 7.307930e+002
1.156000 7.291866e+002
1.158000 7.275803e+002
1.160000 7.259742e+002
1.162000 7.243683e+002
1.164000 7.227627e+002
1.166000 7.211573e+002
1.168000 7.195523e+002
1.170000 7.179477e+002
1.172000 7.163436e+002
1.174000 7.147399e+002
1.176000 7.131367e+002
1.178000 7.115341e+002
1.180000 7.099321e+002
1.182000 7.083307e+002
1.184000 7.067301e+002
1.186000 7.051301e+002
1.188000 7.035310e+002
1.190000 7.019326e+002
1.192000 7.003351e+002
1.194000 6.987385e+002
1.196000 6.971428e+002
1.198000 6.955481e+002
1.200000 6.939544e+002
1.202000 6.923618e+002
1.204000 6.907703e+002
1.206000 6.891799e+002
1.208000 6.875907e+002
1.210000 6.860026e+002
1.212000 6.844159e+002
1.214000 6.828304e+002
1.216000 6.812463e+002
1.218000 6.796635e+002
1.220000 6.780821e+002
1.222000 6.765022e+002
1.224000 6.749237e+002
1.226000 6.733468e+002
1.228000 6.717714e+002
1.230000 6.701976e+002
1.232000 6.686255e+002
1.234000 6.670549e+002
1.236000 6.654861e+002
1.238000 6.639191e+002
1.240000 6.623538e+002
1.242000 6.607903e+002
1.244000 6.592286e+002
1.246000 6.576688e+002
1.248000 6.561109e+002
1.250000 6.545550e+002
1.252000 6.530010e+002
1.254000 6.514491e+002
1.256000 6.498992e+002
1.258000 6.483513e+002
1.260000 6.468056e+002
1.262000 6.452620e+002
1.264000 6.437206e+002
1.266000 6.421814e+002
1.268000 6.406445e+002
1.270000 6.391098e+002
1.272000 6.375774e+002
1.274000 6.360474e+002
1.276000 6.345197e+002
1.278000 6.329944e+002
1.280000 6.314715e+002
1.282000 6.299511e+002
1.284000 6.284332e+002
1.286000 6.269178e+002
1.288000 6.254050e+002
1.290000 6.238947e+002
1.292000 6.223870e+002
1.294000 6.208820e+002
1.296000 6.193796e+002
1.298000 6.178799e+002
1.300000 6.163829e+002
1.302000 6.148887e+002
1.304000 6.133973e+002
1.306000 6.119086e+002
1.308000 6.104228e+002
1.310000 6.089398e+002
1.312000 6.074598e+002
1.314000 6.059826e+002
1.316000 6.045083e+002
1.318000 6.030371e+002
1.320000 6.015688e+002
1.322000 6.001035e+002
1.324000 5.986412e+002
1.326000 5.971820e+002
1.328000 5.957259e+002
1.330000 5.942729e+002
1.332000 5.928231e+002
1.334000 5.913764e+002
1.336000 5.899328e+002
1.338000 5.884925e+002
1.340000 5.870554e+002
1.342000 5.856216e+002
1.344000 5.841910e+002
1.346000 5.827637e+002
1.348000 5.813398e+002
1.350000 5.799192e+002
1.352000 5.785019e+002
1.354000 5.770880e+002
1.356000 5.756775e+002
1.358000 5.742705e+002
1.360000 5.728669e+002
1.362000 5.714667e+002
1.364000 5.700701e+002
1.366000 5.686769e+002
1.368000 5.672873e+002
1.370000 5.659012e+002
1.372000 5.645186e+002
1.374000 5.631397e+002
1.376000 5.617643e+002
1.378000 5.603926e+002
1.380000 5.590245e+002
1.382000 5.576601e+002
1.384000 5.562993e+002
1.386000 5.549422e+002
1.388000 5.535889e+002
1.390000 5.522392e+002
1.392000 5.508933e+002
1.394000 5.495511e+002
1.396000 5.482128e+002
1.398000 5.468782e+002
1.400000 5.455474e+002
1.402000 5.442204e+002
1.404000 5.428973e+002
1.406000 5.415780e+002
1.408000 5.402626e+002
1.410000 5.389510e+002
1.412000 5.376434e+002
1.414000 5.363396e+002
1.416000 5.350398e+002
1.418000 5.337439e+002
1.420000 5.324520e+002
1.422000 5.311640e+002
1.424000 5.298800e+002
1.426000 5.286000e+002
1.428000 5.273240e+002
1.430000 5.260520e+002
1.432000 5.247840e+002
1.434000 5.235201e+002
1.436000 5.222602e+002
1.438000 5.210043e+002
1.440000 5.197526e+002
1.442000 5.185049e+002
1.444000 5.172613e+002
1.446000 5.160218e+002
1.448000 5.147864e+002
1.450000 5.135551e+002
1.452000 5.123280e+002
1.454000 5.111050e+002
1.456000 5.098862e+002
1.458000 5.086715e+002
1.460000 5.074610e+002
1.462000 5.062546e+002
1.464000 5.050525e+002
1.466000 5.038545e+002
1.468000 5.026607e+002
1.470000 5.014712e+002
1.472000 5.002858e+002
1.474000 4.991047e+002
1.476000 4.979279e+002
1.478000 4.967552e+002
1.480000 4.955868e+002
1.482000 4.944227e+002
1.484000 4.932628e+002
1.486000 4.921071e+002
1.488000 4.909558e+002
1.490000 4.898087e+002
1.492000 4.886659e+002
1.494000 4.875274e+002
1.496000 4.863931e+002
1.498000 4.852632e+002
1.500000 4.841376e+002
1.502000 4.830163e+002
1.504000 4.818992e+002
1.506000 4.807865e+002
1.508000 4.796781e+002
1.510000 4.785741e+002
1.512000 4.774743e+002
1.514000 4.763789e+002
1.516000 4.752878e+002
1.518000 4.742011e+002
1.520000 4.731187e+002
1.522000 4.720406e+002
1.524000 4.709668e+002
1.526000 4.698974e+002
1.528000 4.688324e+002
1.530000 4.677717e+002
1.532000 4.667153e+002
1.534000 4.656633e+002
1.536000 4.646157e+002
1.538000 4.635724e+002
1.540000 4.625334e+002
1.542000 4.614988e+002
1.544000 4.604686e+002
1.546000 4.594427e+002
1.548000 4.584212e+002
1.550000 4.574040e+002
1.552000 4.563912e+002
1.554000 4.553827e+002
1.556000 4.543786e+002
1.558000 4.533788e+002
1.560000 4.523834e+002
1.562000 4.513924e+002
1.564000 4.504057e+002
1.566000 4.494233e+002
1.568000 4.484453e+002
1.570000 4.474716e+002
1.572000 4.465023e+002
1.574000 4.455373e+002
1.576000 4.445766e+002
1.578000 4.436203e+002
1.580000 4.426684e+002
1.582000 4.417207e+002
1.584000 4.407774e+002
1.586000 4.398384e+002
1.588000 4.389037e+002
1.590000 4.379734e+002
1.592000 4.370474e+002
1.594000 4.361256e+002
1.596000 4.352082e+002
1.598000 4.342951e+002
1.600000 4.333863e+002
1.602000 4.324818e+002
1.604000 4.315816e+002
1.606000 4.306857e+002
1.608000 4.297940e+002
1.610000 4.289066e+002
1.612000 4.280235e+002
1.614000 4.271447e+002
1.616000 4.262702e+002
1.618000 4.253998e+002
1.620000 4.245338e+002
1.622000 4.236720e+002
1.624000 4.228144e+002
1.626000 4.219611e+002
1.628000 4.211120e+002
1.630000 4.202671e+002
1.632000 4.194265e+002
1.634000 4.185900e+002
1.636000 4.177578e+002
1.638000 4.169297e+002
1.640000 4.161059e+002
1.642000 4.152862e+002
1.644000 4.144707e+002
1.646000 4.136594e+002
1.648000 4.128522e+002
1.650000 4.120492e+002
1.652000 4.112504e+002
1.654000 4.104557e+002
1.656000 4.096651e+002
1.658000 4.088786e+002
1.660000 4.080963e+002
1.662000 4.073181e+002
1.664000 4.065439e+002
1.666000 4.057739e+002
1.668000 4.050080e+002
1.670000 4.042461e+002
1.672000 4.034883e+002
1.674000 4.027346e+002
1.676000 4.019849e+002
1.678000 4.012392e+002
1.680000 4.004976e+002
1.682000 3.997600e+002
1.684000 3.990264e+002
1.686000 3.982969e+002
1.688000 3.975713e+002
1.690000 3.968497e+002
1.692000 3.961321e+002
1.694000 3.954185e+002
1.696000 3.947088e+002
1.698000 3.940031e+002
1.700000 3.933013e+002
1.702000 3.926034e+002
1.704000 3.919095e+002
1.706000 3.912194e+002
1.708000 3.905333e+002
1.710000 3.898510e+002
1.712000 3.891727e+002
1.714000 3.884982e+002
1.716000 3.878275e+002
1.718000 3.871607e+002
1.720000 3.864978e+002
1.722000 3.858386e+002
1.724000 3.851833e+002
1.726000 3.845318e+002
1.728000 3.838841e+002
1.730000 3.832401e+002
1.732000 3.826000e+002
1.734000 3.819635e+002
1.736000 3.813309e+002
1.738000 3.807019e+002
1.740000 3.800767e+002
1.742000 3.794553e+002
1.744000 3.788375e+002
1.746000 3.782234e+002
1.748000 3.776130e+002
1.750000 3.770062e+002
1.752000 3.764031e+002
1.754000 3.758037e+002
1.756000 3.752079e+002
1.758000 3.746157e+002
1.760000 3.740271e+002
1.762000 3.734421e+002
1.764000 3.728607e+002
1.766000 3.722829e+002
1.768000 3.717086e+002
1.770000 3.711379e+002
1.772000 3.705707e+002
1.774000 3.700070e+002
1.776000 3.694469e+002
1.778000 3.688902e+002
1.780000 3.683370e+002
1.782000 3.677873e+002
1.784000 3.672411e+002
1.786000 3.666983e+002
1.788000 3.661590e+002
1.790000 3.656231e+002
1.792000 3.650905e+002
1.794000 3.645614e+002
1.796000 3.640357e+002
1.798000 3.635133e+002
1.800000 3.629944e+002
1.802000 3.624787e+002
1.804000 3.619664e+002
1.806000 3.614574e+002
1.808000 3.609517e+002
1.810000 3.604493e+002
1.812000 3.599502e+002
1.814000 3.594544e+002
1.816000 3.589618e+002
1.818000 3.584724e+002
1.820000 3.579863e+002
1.822000 3.575034e+002
1.824000 3.570237e+002
1.826000 3.565472e+002
1.828000 3.560739e+002
1.830000 3.556038e+002
1.832000 3.551367e+002
1.834000 3.546729e+002
1.836000 3.542121e+002
1.838000 3.537545e+002
1.840000 3.532999e+002
1.842000 3.528485e+002
1.844000 3.524001e+002
1.846000 3.519548e+002
1.848000 3.515125e+002
1.850000 3.510732e+002
1.852000 3.506370e+002
1.854000 3.502038e+002
1.856000 3.497735e+002
1.858000 3.493462e+002
1.860000 3.489219e+002
1.862000 3.485006e+002
1.864000 3.480822e+002
1.866000 3.476667e+002
1.868000 3.472541e+002
1.870000 3.468444e+002
1.872000 3.464376e+002
1.874000 3.460336e+002
1.876000 3.456326e+002
1.878000 3.452343e+002
1.880000 3.448389e+002
1.882000 3.444463e+002
1.884000 3.440565e+002
1.886000 3.436695e+002
1.888000 3.432853e+002
1.890000 3.429038e+002
1.892000 3.425251e+002
1.894000 3.421491e+002
1.896000 3.417758e+002
1.898000 3.414052e+002
1.900000 3.410373e+002
1.902000 3.406722e+002
1.904000 3.403096e+002
1.906000 3.399498e+002
1.908000 3.395925e+002
1.910000 3.392379e+002
1.912000 3.388859e+002
1.914000 3.385365e+002
1.916000 3.381897e+002
1.918000 3.378455e+002
1.920000 3.375038e+002
1.922000 3.371647e+002
1.924000 3.368281e+002
1.926000 3.364940e+002
1.928000 3.361624e+002
1.930000 3.358333e+002
1.932000 3.355067e+002
1.934000 3.351826e+002
1.936000 3.348609e+002
1.938000 3.345417e+002
1.940000 3.342248e+002
1.942000 3.339104e+002
1.944000 3.335984e+002
1.946000 3.332888e+002
1.948000 3.329816e+002
1.950000 3.326767e+002
1.952000 3.323742e+002
1.954000 3.320740e+002
1.956000 3.317761e+002
1.958000 3.314805e+002
1.960000 3.311872e+002
1.962000 3.308962e+002
1.964000 3.306075e+002
1.966000 3.303210e+002
1.968000 3.300368e+002
1.970000 3.297548e+002
1.972000 3.294750e+002
1.974000 3.291975e+002
1.976000 3.289221e+002
1.978000 3.286489e+002
1.980000 3.283779e+002
1.982000 3.281090e+002
1.984000 3.278422e+002
1.986000 3.275776e+002
1.988000 3.273151e+002
1.990000 3.270548e+002
1.992000 3.267965e+002
1.994000 3.265402e+002
1.996000 3.262861e+002
1.998000 3.260340e+002
2.000000 3.257839e+002
2.002000 3.255359e+002
2.004000 3.252899e+002
2.006000 3.250459e+002
2.008000 3.248038e+002
2.010000 3.245638e+002
2.012000 3.243257e+002
2.014000 3.240896e+002
2.016000 3.238554e+002
2.018000 3.236232e+002
2.020000 3.233929e+002
2.022000 3.231644e+002
2.024000 3.229379e+002
2.026000 3.227133e+002
2.028000 3.224905e+002
2.030000 3.222696e+002
2.032000 3.220505e+002
2.034000 3.218333e+002
2.036000 3.216179e+002
2.038000 3.214043e+002
2.040000 3.211925e+002
2.042000 3.209825e+002
2.044000 3.207742e+002
2.046000 3.205677e+002
2.048000 3.203630e+002
2.050000 3.201601e+002
2.052000 3.199588e+002
2.054000 3.197593e+002
2.056000 3.195615e+002
2.058000 3.193653e+002
2.060000 3.191709e+002
2.062000 3.189781e+002
2.064000 3.187870e+002
2.066000 3.185976e+002
2.068000 3.184097e+002
2.070000 3.182236e+002
2.072000 3.180390e+002
2.074000 3.178560e+002
2.076000 3.176747e+002
2.078000 3.174949e+002
2.080000 3.173167e+002
2.082000 3.171400e+002
2.084000 3.169649e+002
2.086000 3.167914e+002
2.088000 3.166193e+002
2.090000 3.164488e+002
2.092000 3.162799e+002
2.094000 3.161124e+002
2.096000 3.159463e+002
2.098000 3.157818e+002
2.100000 3.156188e+002
2.102000 3.154571e+002
2.104000 3.152970e+002
2.106000 3.151383e+002
2.108000 3.149810e+002
2.110000 3.148251e+002
2.112000 3.146706e+002
2.114000 3.145175e+002
2.116000 3.143658e+002
2.118000 3.142155e+002
2.120000 3.140665e+002
2.122000 3.139189e+002
2.124000 3.137727e+002
2.126000 3.136278e+002
2.128000 3.134842e+002
2.130000 3.133419e+002
2.132000 3.132009e+002
2.134000 3.130612e+002
2.136000 3.129228e+002
2.138000 3.127857e+002
2.140000 3.126499e+002
2.142000 3.125153e+002
2.144000 3.123819e+002
2.146000 3.122498e+002
2.148000 3.121190e+002
2.150000 3.119893e+002
2.152000 3.118609e+002
2.154000 3.117336e+002
2.156000 3.116076e+002
2.158000 3.114827e+002
2.160000 3.113590e+002
2.162000 3.112365e+002
2.164000 3.111152e+002
2.166000 3.109949e+002
2.168000 3.108759e+002
2.170000 3.107579e+002
2.172000 3.106411e+002
2.174000 3.105254e+002
2.176000 3.104107e+002
2.178000 3.102972e+002
2.180000 3.101848e+002
2.182000 3.100734e+002
2.184000 3.099632e+002
2.186000 3.098539e+002
2.188000 3.097458e+002
2.190000 3.096386e+002
2.192000 3.095325e+002
2.194000 3.094275e+002
2.196000 3.093234e+002
2.198000 3.092204e+002
2.200000 3.091184e+002
2.202000 3.090173e+002
2.204000 3.089173e+002
2.206000 3.088182e+002
2.208000 3.087201e+002
2.210000 3.086230e+002
2.212000 3.085268e+002
2.214000 3.084316e+002
2.216000 3.083373e+002
2.218000 3.082439e+002
2.220000 3.081515e+002
2.222000 3.080599e+002
2.224000 3.079693e+002
2.226000 3.078796e+002
2.228000 3.077908e+002
2.230000 3.077029e+002
2.232000 3.076158e+002
2.234000 3.075296e+002
2.236000 3.074443e+002
2.238000 3.073598e+002
2.240000 3.072762e+002
2.242000 3.071935e+002
2.244000 3.071115e+002
2.246000 3.070304e+002
2.248000 3.069501e+002
2.250000 3.068707e+002
2.252000 3.067920e+002
2.254000 3.067141e+002
2.256000 3.066371e+002
2.258000 3.065608e+002
2.260000 3.064853e+002
2.262000 3.064105e+002
2.264000 3.063366e+002
2.266000 3.062634e+002
2.268000 3.061909e+002
2.270000 3.061192e+002
2.272000 3.060482e+002
2.274000 3.059780e+002
2.276000 3.059085e+002
2.278000 3.058397e+002
2.280000 3.057716e+002
2.282000 3.057043e+002
2.284000 3.056376e+002
2.286000 3.055716e+002
2.288000 3.055064e+002
2.290000 3.054418e+002
2.292000 3.053779e+002
2.294000 3.053146e+002
2.296000 3.052520e+002
2.298000 3.051901e+002
2.300000 3.051288e+002
2.302000 3.050682e+002
2.304000 3.050082e+002
2.306000 3.049489e+002
2.308000 3.048902e+002
2.310000 3.048321e+002
2.312000 3.047746e+002
2.314000 3.047178e+002
2.316000 3.046615e+002
2.318000 3.046059e+002
2.320000 3.045508e+002
2.322000 3.044963e+002
2.324000 3.044425e+002
2.326000 3.043892e+002
2.328000 3.043364e+002
2.330000 3.042843e+002
2.332000 3.042327e+002
2.334000 3.041816e+002
2.336000 3.041312e+002
2.338000 3.040812e+002
2.340000 3.040318e+002
2.342000 3.039830e+002
2.344000 3.039347e+002
2.346000 3.038869e+002
2.348000 3.038396e+002
2.350000 3.037928e+002
2.352000 3.037466e+002
2.354000 3.037009e+002
2.356000 3.036556e+002
2.358000 3.036109e+002
2.360000 3.035667e+002
2.362000 3.035229e+002
2.364000 3.034797e+002
2.366000 3.034369e+002
2.368000 3.033946e+002
2.370000 3.033527e+002
2.372000 3.033114e+002
2.374000 3.032704e+002
2.376000 3.032300e+002
2.378000 3.031900e+002
2.380000 3.031504e+002
2.382000 3.031113e+002
2.384000 3.030726e+002
2.386000 3.030344e+002
2.388000 3.029966e+002
2.390000 3.029592e+002
2.392000 3.029223e+002
2.394000 3.028857e+002
2.396000 3.028496e+002
2.398000 3.028139e+002
2.400000 3.027786e+002
2.402000 3.027437e+002
2.404000 3.027091e+002
2.406000 3.026750e+002
2.408000 3.026413e+002
2.410000 3.026080e+002
2.412000 3.025750e+002
2.414000 3.025424e+002
2.416000 3.025102e+002
2.418000 3.024784e+002
2.420000 3.024469e+002
2.422000 3.024158e+002
2.424000 3.023850e+002
2.426000 3.023546e+002
2.428000 3.023246e+002
2.430000 3.022949e+002
2.432000 3.022656e+002
2.434000 3.022365e+002
2.436000 3.022079e+002
2.438000 3.021795e+002
2.440000 3.021515e+002
2.442000 3.021239e+002
2.444000 3.020965e+002
2.446000 3.020695e+002
2.448000 3.020428e+002
2.450000 3.020164e+002
2.452000 3.019903e+002
2.454000 3.019645e+002
2.456000 3.019390e+002
2.458000 3.019139e+002
2.460000 3.018890e+002
2.462000 3.018644e+002
2.464000 3.018401e+002
2.466000 3.018161e+002
2.468000 3.017924e+002
2.470000 3.017690e+002
2.472000 3.017458e+002
2.474000 3.017229e+002
2.476000 3.017003e+002
2.478000 3.016780e+002
2.480000 3.016559e+002
2.482000 3.016341e+002
2.484000 3.016126e+002
2.486000 3.015913e+002
2.488000 3.015703e+002
2.490000 3.015496e+002
2.492000 3.015290e+002
2.494000 3.015088e+002
2.496000 3.014888e+002
2.498000 3.014690e+002
2.500000 3.014494e+002
2.502000 3.014302e+002
2.504000 3.014111e+002
2.506000 3.013923e+002
2.508000 3.013737e+002
2.510000 3.013553e+002
2.512000 3.013371e+002
2.514000 3.013192e+002
2.516000 3.013015e+002
2.518000 3.012840e+002
2.520000 3.012668e+002
2.522000 3.012497e+002
2.524000 3.012329e+002
2.526000 3.012162e+002
2.528000 3.011998e+002
2.530000 3.011836e+002
2.532000 3.011676e+002
2.534000 3.011517e+002
2.536000 3.011361e+002
2.538000 3.011207e+002
2.540000 3.011054e+002
2.542000 3.010904e+002
2.544000 3.010755e+002
2.546000 3.010609e+002
2.548000 3.010464e+002
2.550000 3.010321e+002
2.552000 3.010179e+002
2.554000 3.010040e+002
2.556000 3.009902e+002
2.558000 3.009766e+002
2.560000 3.009632e+002
2.562000 3.009499e+002
2.564000 3.009368e+002
2.566000 3.009239e+002
2.568000 3.009111e+002
2.570000 3.008985e+002
2.572000 3.008861e+002
2.574000 3.008738e+002
2.576000 3.008617e+002
2.578000 3.008498e+002
2.580000 3.008379e+002
2.582000 3.008263e+002
2.584000 3.008148e+002
2.586000 3.008034e+002
2.588000 3.007922e+002
2.590000 3.007811e+002
2.592000 3.007702e+002
2.594000 3.007594e+002
2.596000 3.007488e+002
2.598000 3.007382e+002
2.600000 3.007279e+002
2.602000 3.007176e+002
2.604000 3.007075e+002
2.606000 3.006976e+002
2.608000 3.006877e+002
2.610000 3.006780e+002
2.612000 3.006684e+002
2.614000 3.006589e+002
2.616000 3.006496e+002
2.618000 3.006404e+002
2.620000 3.006313e+002
2.622000 3.006223e+002
2.624000 3.006135e+002
2.626000 3.006047e+002
2.628000 3.005961e+002
2.630000 3.005876e+002
2.632000 3.005792e+002
2.634000 3.005709e+002
2.636000 3.005627e+002
2.638000 3.005547e+002
2.640000 3.005467e+002
2.642000 3.005388e+002
2.644000 3.005311e+002
2.646000 3.005234e+002
2.648000 3.005159e+002
2.650000 3.005085e+002
2.652000 3.005011e+002
2.654000 3.004939e+002
2.656000 3.004867e+002
2.658000 3.004797e+002
2.660000 3.004727e+002
2.662000 3.004658e+002
2.664000 3.004591e+002
2.666000 3.004524e+002
2.668000 3.004458e+002
2.670000 3.004393e+002
2.672000 3.004329e+002
2.674000 3.004266e+002
2.676000 3.004203e+002
2.678000 3.004142e+002
2.680000 3.004081e+002
2.682000 3.004021e+002
2.684000 3.003962e+002
2.686000 3.003904e+002
2.688000 3.003846e+002
2.690000 3.003790e+002
2.692000 3.003734e+002
2.694000 3.003679e+002
2.696000 3.003624e+002
2.698000 3.003571e+002
2.700000 3.003518e+002
2.702000 3.003466e+002
2.704000 3.003414e+002
2.706000 3.003364e+002
2.708000 3.003314e+002
2.710000 3.003264e+002
2.712000 3.003216e+002
2.714000 3.003168e+002
2.716000 3.003120e+002
2.718000 3.003074e+002
2.720000 3.003028e+002
2.722000 3.002982e+002
2.724000 3.002938e+002
2.726000 3.002894e+002
2.728000 3.002850e+002
2.730000 3.002807e+002
2.732000 3.002765e+002
2.734000 3.002723e+002
2.736000 3.002682e+002
2.738000 3.002642e+002
2.740000 3.002602e+002
2.742000 3.002563e+002
2.744000 3.002524e+002
2.746000 3.002486e+002
2.748000 3.002448e+002
2.750000 3.002411e+002
2.752000 3.002374e+002
2.754000 3.002338e+002
2.756000 3.002302e+002
2.758000 3.002267e+002
2.760000 3.002233e+002
2.762000 3.002198e+002
2.764000 3.002165e+002
2.766000 3.002132e+002
2.768000 3.002099e+002
2.770000 3.002067e+002
2.772000 3.002035e+002
2.774000 3.002004e+002
2.776000 3.001973e+002
2.778000 3.001943e+002
2.780000 3.001913e+002
2.782000 3.001883e+002
2.784000 3.001854e+002
2.786000 3.001825e+002
2.788000 3.001797e+002
2.790000 3.001769e+002
2.792000 3.001742e+002
2.794000 3.001715e+002
2.796000 3.001688e+002
2.798000 3.001662e+002
2.800000 3.001636e+002
2.802000 3.001611e+002
2.804000 3.001585e+002
2.806000 3.001561e+002
2.808000 3.001536e+002
2.810000 3.001512e+002
2.812000 3.001489e+002
2.814000 3.001465e+002
2.816000 3.001442e+002
2.818000 3.001420e+002
2.820000 3.001397e+002
2.822000 3.001375e+002
2.824000 3.001354e+002
2.826000 3.001332e+002
2.828000 3.001311e+002
2.830000 3.001291e+002
2.832000 3.001270e+002
2.834000 3.001250e+002
2.836000 3.001230e+002
2.838000 3.001211e+002
2.840000 3.001192e+002
2.842000 3.001173e+002
2.844000 3.001154e+002
2.846000 3.001136e+002
2.848000 3.001117e+002
2.850000 3.001100e+002
2.852000 3.001082e+002
2.854000 3.001065e+002
2.856000 3.001048e+002
2.858000 3.001031e+002
2.860000 3.001014e+002
2.862000 3.000998e+002
2.864000 3.000982e+002
2.866000 3.000966e+002
2.868000 3.000951e+002
2.870000 3.000936e+002
2.872000 3.000920e+002
2.874000 3.000906e+002
2.876000 3.000891e+002
2.878000 3.000877e+002
2.880000 3.000862e+002
2.882000 3.000848e+002
2.884000 3.000835e+002
2.886000 3.000821e+002
2.888000 3.000808e+002
2.890000 3.000795e+002
2.892000 3.000782e+002
2.894000 3.000769e+002
2.896000 3.000757e+002
2.898000 3.000744e+002
2.900000 3.000732e+002
2.902000 3.000720e+002
2.904000 3.000708e+002
2.906000 3.000697e+002
2.908000 3.000685e+002
2.910000 3.000674e+002
2.912000 3.000663e+002
2.914000 3.000652e+002
2.916000 3.000641e+002
2.918000 3.000631e+002
2.920000 3.000620e+002
2.922000 3.000610e+002
2.924000 3.000600e+002
2.926000 3.000590e+002
2.928000 3.000580e+002
2.930000 3.000571e+002
2.932000 3.000561e+002
2.934000 3.000552e+002
2.936000 3.000543e+002
2.938000 3.000534e+002
2.940000 3.000525e+002
2.942000 3.000516e+002
2.944000 3.000508e+002
2.946000 3.000499e+002
2.948000 3.000491e+002
2.950000 3.000483e+002
2.952000 3.000474e+002
2.954000 3.000467e+002
2.956000 3.000459e+002
2.958000 3.000451e+002
2.960000 3.000443e+002
2.962000 3.000436e+002
2.964000 3.000429e+002
2.966000 3.000421e+002
2.968000 3.000414e+002
2.970000 3.000407e+002
2.972000 3.000400e+002
2.974000 3.000394e+002
2.976000 3.000387e+002
2.978000 3.000381e+002
2.980000 3.000374e+002
2.982000 3.000368e+002
2.984000 3.000361e+002
2.986000 3.000355e+002
2.988000 3.000349e+002
2.990000 3.000343e+002
2.992000 3.000338e+002
2.994000 3.000332e+002
2.996000 3.000326e+002
2.998000 3.000321e+002
3.000000 3.000315e+002
3.002000 3.000310e+002
3.004000 3.000304e+002
3.006000 3.000299e+002
3.008000 3.000294e+002
3.010000 3.000289e+002
3.012000 3.000284e+002
3.014000 3.000279e+002
3.016000 3.000274e+002
3.018000 3.000270e+002
3.020000 3.000265e+002
3.022000 3.000260e+002
3.024000 3.000256e+002
3.026000 3.000251e+002
3.028000 3.000247e+002
3.030000 3.000243e+002
3.032000 3.000239e+002
3.034000 3.000234e+002
3.036000 3.000230e+002
3.038000 3.000226e+002
3.040000 3.000222e+002
3.042000 3.000219e+002
3.044000 3.000215e+002
3.046000 3.000211e+002
3.048000 3.000207e+002
3.050000 3.000204e+002
3.052000 3.000200e+002
3.054000 3.000197e+002
3.056000 3.000193e+002
3.058000 3.000190e+002
3.060000 3.000186e+002
3.062000 3.000183e+002
3.064000 3.000180e+002
3.066000 3.000177e+002
3.068000 3.000174e+002
3.070000 3.000171e+002
3.072000 3.000168e+002
3.074000 3.000165e+002
3.076000 3.000162e+002
3.078000 3.000159e+002
3.080000 3.000156e+002
3.082000 3.000153e+002
3.084000 3.000151e+002
3.086000 3.000148e+002
3.088000 3.000145e+002
3.090000 3.000143e+002
3.092000 3.000140e+002
3.094000 3.000138e+002
3.096000 3.000135e+002
3.098000 3.000133e+002
3.100000 3.000130e+002
3.102000 3.000128e+002
3.104000 3.000126e+002
3.106000 3.000124e+002
3.108000 3.000121e+002
3.110000 3.000119e+002
3.112000 3.000117e+002
3.114000 3.000115e+002
3.116000 3.000113e+002
3.118000 3.000111e+002
3.120000 3.000109e+002
3.122000 3.000107e+002
3.124000 3.000105e+002
3.126000 3.000103e+002
3.128000 3.000101e+002
3.130000 3.000099e+002
3.132000 3.000098e+002
3.134000 3.000096e+002
3.136000 3.000094e+002
3.138000 3.000092e+002
3.140000 3.000091e+002
3.142000 3.000089e+002
3.144000 3.000087e+002
3.146000 3.000086e+002
3.148000 3.000084e+002
3.150000 3.000083e+002
3.152000 3.000081e+002
3.154000 3.000080e+002
3.156000 3.000078e+002
3.158000 3.000077e+002
3.160000 3.000075e+002
3.162000 3.000074e+002
3.164000 3.000073e+002
3.166000 3.000071e+002
3.168000 3.000070e+002
3.170000 3.000069e+002
3.172000 3.000067e+002
3.174000 3.000066e+002
3.176000 3.000065e+002
3.178000 3.000064e+002
3.180000 3.000063e+002
3.182000 3.000061e+002
3.184000 3.000060e+002
3.186000 3.000059e+002
3.188000 3.000058e+002
3.190000 3.000057e+002
3.192000 3.000056e+002
3.194000 3.000055e+002
3.196000 3.000054e+002
3.198000 3.000053e+002
3.200000 3.000052e+002
3.202000 3.000051e+002
3.204000 3.000050e+002
3.206000 3.000049e+002
3.208000 3.000048e+002
3.210000 3.000047e+002
3.212000 3.000046e+002
3.214000 3.000045e+002
3.216000 3.000045e+002
3.218000 3.000044e+002
3.220000 3.000043e+002
3.222000 3.000042e+002
3.224000 3.000041e+002
3.226000 3.000041e+002
3.228000 3.000040e+002
3.230000 3.000039e+002
3.232000 3.000038e+002
3.234000 3.000038e+002
3.236000 3.000037e+002
3.238000 3.000036e+002
3.240000 3.000036e+002
3.242000 3.000035e+002
3.244000 3.000034e+002
3.246000 3.000034e+002
3.248000 3.000033e+002
3.250000 3.000032e+002
3.252000 3.000032e+002
3.254000 3.000031e+002
3.256000 3.000030e+002
3.258000 3.000030e+002
3.260000 3.000029e+002
3.262000 3.000029e+002
3.264000 3.000028e+002
3.266000 3.000028e+002
3.268000 3.000027e+002
3.270000 3.000027e+002
3.272000 3.000026e+002
3.274000 3.000026e+002
3.276000 3.000025e+002
3.278000 3.000025e+002
3.280000 3.000024e+002
3.282000 3.000024e+002
3.284000 3.000023e+002
3.286000 3.000023e+002
3.288000 3.000022e+002
3.290000 3.000022e+002
3.292000 3.000021e+002
3.294000 3.000021e+002
3.296000 3.000021e+002
3.298000 3.000020e+002
3.300000 3.000020e+002
3.302000 3.000019e+002
3.304000 3.000019e+002
3.306000 3.000019e+002
3.308000 3.000018e+002
3.310000 3.000018e+002
3.312000 3.000018e+002
3.314000 3.000017e+002
3.316000 3.000017e+002
3.318000 3.000017e+002
3.320000 3.000016e+002
3.322000 3.000016e+002
3.324000 3.000016e+002
3.326000 3.000015e+002
3.328000 3.000015e+002
3.330000 3.000015e+002
3.332000 3.000014e+002
3.334000 3.000014e+002
3.336000 3.000014e+002
3.338000 3.000014e+002
3.340000 3.000013e+002
3.342000 3.000013e+002
3.344000 3.000013e+002
3.346000 3.000013e+002
3.348000 3.000012e+002
3.350000 3.000012e+002
3.352000 3.000012e+002
3.354000 3.000012e+002
3.356000 3.000011e+002
3.358000 3.000011e+002
3.360000 3.000011e+002
3.362000 3.000011e+002
3.364000 3.000011e+002
3.366000 3.000010e+002
3.368000 3.000010e+002
3.370000 3.000010e+002
3.372000 3.000010e+002
3.374000 3.000010e+002
3.376000 3.000009e+002
3.378000 3.000009e+002
3.380000 3.000009e+002
3.382000 3.000009e+002
3.384000 3.000009e+002
3.386000 3.000008e+002
3.388000 3.000008e+002
3.390000 3.000008e+002
3.392000 3.000008e+002
3.394000 3.000008e+002
3.396000 3.000008e+002
3.398000 3.000007e+002
3.400000 3.000007e+002
3.402000 3.000007e+002
3.404000 3.000007e+002
3.406000 3.000007e+002
3.408000 3.000007e+002
3.410000 3.000007e+002
3.412000 3.000006e+002
3.414000 3.000006e+002
3.416000 3.000006e+002
3.418000 3.000006e+002
3.420000 3.000006e+002
3.422000 3.000006e+002
3.424000 3.000006e+002
3.426000 3.000006e+002
3.428000 3.000005e+002
3.430000 3.000005e+002
3.432000 3.000005e+002
3.434000 3.000005e+002
3.436000 3.000005e+002
3.438000 3.000005e+002
3.440000 3.000005e+002
3.442000 3.000005e+002
3.444000 3.000005e+002
3.446000 3.000005e+002
3.448000 3.000004e+002
3.450000 3.000004e+002
3.452000 3.000004e+002
3.454000 3.000004e+002
3.456000 3.000004e+002
3.458000 3.000004e+002
3.460000 3.000004e+002
3.462000 3.000004e+002
3.464000 3.000004e+002
3.466000 3.000004e+002
3.468000 3.000004e+002
3.470000 3.000004e+002
3.472000 3.000003e+002
3.474000 3.000003e+002
3.476000 3.000003e+002
3.478000 3.000003e+002
3.480000 3.000003e+002
3.482000 3.000003e+002
3.484000 3.000003e+002
3.486000 3.000003e+002
3.488000 3.000003e+002
3.490000 3.000003e+002
3.492000 3.000003e+002
3.494000 3.000003e+002
3.496000 3.000003e+002
3.498000 3.000003e+002
3.500000 3.000003e+002
3.502000 3.000003e+002
3.504000 3.000002e+002
3.506000 3.000002e+002
3.508000 3.000002e+002
3.510000 3.000002e+002
3.512000 3.000002e+002
3.514000 3.000002e+002
3.516000 3.000002e+002
3.518000 3.000002e+002
3.520000 3.000002e+002
3.522000 3.000002e+002
3.524000 3.000002e+002
3.526000 3.000002e+002
3.528000 3.000002e+002
3.530000 3.000002e+002
3.532000 3.000002e+002
3.534000 3.000002e+002
3.536000 3.000002e+002
3.538000 3.000002e+002
3.540000 3.000002e+002
3.542000 3.000002e+002
3.544000 3.000002e+002
3.546000 3.000002e+002
3.548000 3.000002e+002
3.550000 3.000002e+002
3.552000 3.000001e+002
3.554000 3.000001e+002
3.556000 3.000001e+002
3.558000 3.000001e+002
3.560000 3.000001e+002
3.562000 3.000001e+002
3.564000 3.000001e+002
3.566000 3.000001e+002
3.568000 3.000001e+002
3.570000 3.000001e+002
3.572000 3.000001e+002
3.574000 3.000001e+002
3.576000 3.000001e+002
3.578000 3.000001e+002
3.580000 3.000001e+002
3.582000 3.000001e+002
3.584000 3.000001e+002
3.586000 3.000001e+002
3.588000 3.000001e+002
3.590000 3.000001e+002
3.592000 3.000001e+002
3.594000 3.000001e+002
3.596000 3.000001e+002
3.598000 3.000001e+002
3.600000 3.000001e+002
3.602000 3.000001e+002
3.604000 3.000001e+002
3.606000 3.000001e+002
3.608000 3.000001e+002
3.610000 3.000001e+002
3.612000 3.000001e+002
3.614000 3.000001e+002
3.616000 3.000001e+002
3.618000 3.000001e+002
3.620000 3.000001e+002
3.622000 3.000001e+002
3.624000 3.000001e+002
3.626000 3.000001e+002
3.628000 3.000001e+002
3.630000 3.000001e+002
3.632000 3.000001e+002
3.634000 3.000001e+002
3.636000 3.000001e+002
3.638000 3.000001e+002
3.640000 3.000001e+002
3.642000 3.000001e+002
3.644000 3.000001e+002
3.646000 3.000001e+002
3.648000 3.000001e+002
3.650000 3.000001e+002
3.652000 3.000000e+002
3.654000 3.000000e+002
3.656000 3.000000e+002
3.658000 3.000000e+002
3.660000 3.000000e+002
3.662000 3.000000e+002
3.664000 3.000000e+002
3.666000 3.000000e+002
3.668000 3.000000e+002
3.670000 3.000000e+002
3.672000 3.000000e+002
3.674000 3.000000e+002
3.676000 3.000000e+002
3.678000 3.000000e+002
3.680000 3.000000e+002
3.682000 3.000000e+002
3.684000 3.000000e+002
3.686000 3.000000e+002
3.688000 3.000000e+002
3.690000 3.000000e+002
3.692000 3.000000e+002
3.694000 3.000000e+002
3.696000 3.000000e+002
3.698000 3.000000e+002
3.700000 3.000000e+002
3.702000 3.000000e+002
3.704000 3.000000e+002
3.706000 3.000000e+002
3.708000 3.000000e+002
3.710000 3.000000e+002
3.712000 3.000000e+002
3.714000 3.000000e+002
3.716000 3.000000e+002
3.718000 3.000000e+002
3.720000 3.000000e+002
3.722000 3.000000e+002
3.724000 3.000000e+002
3.726000 3.000000e+002
3.728000 3.000000e+002
3.730000 3.000000e+002
3.732000 3.000000e+002
3.734000 3.000000e+002
3.736000 3.000000e+002
3.738000 3.000000e+002
3.740000 3.000000e+002
3.742000 3.000000e+002
3.744000 3.000000e+002
3.746000 3.000000e+002
3.748000 3.000000e+002
3.750000 3.000000e+002
3.752000 3.000000e+002
3.754000 3.000000e+002
3.756000 3.000000e+002
3.758000 3.000000e+002
3.760000 3.000000e+002
3.762000 3.000000e+002
3.764000 3.000000e+002
3.766000 3.000000e+002
3.768000 3.000000e+002
3.770000 3.000000e+002
3.772000 3.000000e+002
3.774000 3.000000e+002
3.776000 3.000000e+002
3.778000 3.000000e+002
3.780000 3.000000e+002
3.782000 3.000000e+002
3.784000 3.000000e+002
3.786000 3.000000e+002
3.788000 3.000000e+002
3.790000 3.000000e+002
3.792000 3.000000e+002
3.794000 3.000000e+002
3.796000 3.000000e+002
3.798000 3.000000e+002
3.800000 3.000000e+002
3.802000 3.000000e+002
3.804000 3.000000e+002
3.806000 3.000000e+002
3.808000 3.000000e+002
3.810000 3.000000e+002
3.812000 3.000000e+002
3.814000 3.000000e+002
3.816000 3.000000e+002
3.818000 3.000000e+002
3.820000 3.000000e+002
3.822000 3.000000e+002
3.824000 3.000000e+002
3.826000 3.000000e+002
3.828000 3.000000e+002
3.830000 3.000000e+002
3.832000 3.000000e+002
3.834000 3.000000e+002
3.836000 3.000000e+002
3.838000 3.000000e+002
3.840000 3.000000e+002
3.842000 3.000000e+002
3.844000 3.000000e+002
3.846000 3.000000e+002
3.848000 3.000000e+002
3.850000 3.000000e+002
3.852000 3.000000e+002
3.854000 3.000000e+002
3.856000 3.000000e+002
3.858000 3.000000e+002
3.860000 3.000000e+002
3.862000 3.000000e+002
3.864000 3.000000e+002
3.866000 3.000000e+002
3.868000 3.000000e+002
3.870000 3.000000e+002
3.872000 3.000000e+002
3.874000 3.000000e+002
3.876000 3.000000e+002
3.878000 3.000000e+002
3.880000 3.000000e+002
3.882000 3.000000e+002
3.884000 3.000000e+002
3.886000 3.000000e+002
3.888000 3.000000e+002
3.890000 3.000000e+002
3.892000 3.000000e+002
3.894000 3.000000e+002
3.896000 3.000000e+002
3.898000 3.000000e+002
3.900000 3.000000e+002
3.902000 3.000000e+002
3.904000 3.000000e+002
3.906000 3.000000e+002
3.908000 3.000000e+002
3.910000 3.000000e+002
3.912000 3.000000e+002
3.914000 3.000000e+002
3.916000 3.000000e+002
3.918000 3.000000e+002
3.920000 3.000000e+002
3.922000 3.000000e+002
3.924000 3.000000e+002
3.926000 3.000000e+002
3.928000 3.000000e+002
3.930000 3.000000e+002
3.932000 3.000000e+002
3.934000 3.000000e+002
3.936000 3.000000e+002
3.938000 3.000000e+002
3.940000 3.000000e+002
3.942000 3.000000e+002
3.944000 3.000000e+002
3.946000 3.000000e+002
3.948000 3.000000e+002
3.950000 3.000000e+002
3.952000 3.000000e+002
3.954000 3.000000e+002
3.956000 3.000000e+002
3.958000 3.000000e+002
3.960000 3.000000e+002
3.962000 3.000000e+002
3.964000 3.000000e+002
3.966000 3.000000e+002
3.968000 3.000000e+002
3.970000 3.000000e+002
3.972000 3.000000e+002
3.974000 3.000000e+002
3.976000 3.000000e+002
3.978000 3.000000e+002
3.980000 3.000000e+002
3.982000 3.000000e+002
3.984000 3.000000e+002
3.986000 3.000000e+002
3.988000 3.000000e+002
3.990000 3.000000e+002
3.992000 3.000000e+002
3.994000 3.000000e+002
3.996000 3.000000e+002
3.998000 3.000000e+002
