0.000000 3.619015e+002
0.002000 3.688516e+002
0.004000 3.757981e+002
0.006000 3.827406e+002
0.008000 3.896788e+002
0.010000 3.966123e+002
0.012000 4.035407e+002
0.014000 4.104637e+002
0.016000 4.173809e+002
0.018000 4.242918e+002
0.020000 4.311963e+002
0.022000 4.380938e+002
0.024000 4.449840e+002
0.026000 4.518666e+002
0.028000 4.587412e+002
0.030000 4.656075e+002
0.032000 4.724650e+002
0.034000 4.793134e+002
0.036000 4.861523e+002
0.038000 4.929815e+002
0.040000 4.998005e+002
0.042000 5.066090e+002
0.044000 5.134067e+002
0.046000 5.201931e+002
0.048000 5.269680e+002
0.050000 5.337310e+002
0.052000 5.404817e+002
0.054000 5.472198e+002
0.056000 5.539450e+002
0.058000 5.606569e+002
0.060000 5.673552e+002
0.062000 5.740396e+002
0.064000 5.807097e+002
0.066000 5.873651e+002
0.068000 5.940056e+002
0.070000 6.006309e+002
0.072000 6.072405e+002
0.074000 6.138343e+002
0.076000 6.204118e+002
0.078000 6.269727e+002
0.080000 6.335168e+002
0.082000 6.400436e+002
0.084000 6.465530e+002
0.086000 6.530446e+002
0.088000 6.595181e+002
0.090000 6.659731e+002
0.092000 6.724095e+002
0.094000 6.788268e+002
0.096000 6.852248e+002
0.098000 6.916032e+002
0.100000 6.979618e+002
0.102000 7.043001e+002
0.104000 7.106180e+002
0.106000 7.169152e+002
0.108000 7.231913e+002
0.110000 7.294461e+002
0.112000 7.356794e+002
0.114000 7.418908e+002
0.116000 7.480802e+002
0.118000 7.542471e+002
0.120000 7.603914e+002
0.122000 7.665129e+002
0.124000 7.726112e+002
0.126000 7.786861e+002
0.128000 7.847373e+002
0.130000 7.907647e+002
0.132000 7.967680e+002
0.134000 8.027468e+002
0.136000 8.087011e+002
0.138000 8.146306e+002
0.140000 8.205350e+002
0.142000 8.264141e+002
0.144000 8.322677e+002
0.146000 8.380955e+002
0.148000 8.438975e+002
0.150000 8.496732e+002
0.152000 8.554226e+002
0.154000 8.611455e+002
0.156000 8.668415e+002
0.158000 8.725106e+002
0.160000 8.781526e+002
0.162000 8.837671e+002
0.164000 8.893542e+002
0.166000 8.949134e+002
0.168000 9.004448e+002
0.170000 9.059481e+002
0.172000 9.114231e+002
0.174000 9.168697e+002
0.176000 9.222877e+002
0.178000 9.276769e+002
0.180000 9.330372e+002
0.182000 9.383684e+002
0.184000 9.436704e+002
0.186000 9.489430e+002
0.188000 9.541860e+002
0.190000 9.593994e+002
0.192000 9.645829e+002
0.194000 9.697365e+002
0.196000 9.748600e+002
0.198000 9.799533e+002
0.200000 9.850162e+002
0.202000 9.900487e+002
0.204000 9.950505e+002
0.206000 1.000022e+003
0.208000 1.004962e+003
0.210000 1.009871e+003
0.212000 1.014750e+003
0.214000 1.019597e+003
0.216000 1.024413e+003
0.218000 1.029198e+003
0.220000 1.033951e+003
0.222000 1.038673e+003
0.224000 1.043363e+003
0.226000 1.048021e+003
0.228000 1.052648e+003
0.230000 1.057243e+003
0.232000 1.061806e+003
0.234000 1.066337e+003
0.236000 1.070836e+003
0.238000 1.075303e+003
0.240000 1.079737e+003
0.242000 1.084140e+003
0.244000 1.088510e+003
0.246000 1.092848e+003
0.248000 1.097153e+003
0.250000 1.101426e+003
0.252000 1.105667e+003
0.254000 1.109875e+003
0.256000 1.114050e+003
0.258000 1.118193e+003
0.260000 1.122304e+003
0.262000 1.126381e+003
0.264000 1.130426e+003
0.266000 1.134439e+003
0.268000 1.138418e+003
0.270000 1.142365e+003
0.272000 1.146280e+003
0.274000 1.150161e+003
0.276000 1.154010e+003
0.278000 1.157826e+003
0.280000 1.161609e+003
0.282000 1.165359e+003
0.284000 1.169077e+003
0.286000 1.172762e+003
0.288000 1.176414e+003
0.290000 1.180034e+003
0.292000 1.183620e+003
0.294000 1.187175e+003
0.296000 1.190696e+003
0.298000 1.194185e+003
0.300000 1.197641e+003
0.302000 1.201064e+003
0.304000 1.204455e+003
0.306000 1.207813e+003
0.308000 1.211139e+003
0.310000 1.214432e+003
0.312000 1.217693e+003
0.314000 1.220921e+003
0.316000 1.224117e+003
0.318000 1.227280e+003
0.320000 1.230412e+003
0.322000 1.233511e+003
0.324000 1.236577e+003
0.326000 1.239612e+003
0.328000 1.242614e+003
0.330000 1.245585e+003
0.332000 1.248523e+003
0.334000 1.251429e+003
0.336000 1.254303e+003
0.338000 1.257146e+003
0.340000 1.259957e+003
0.342000 1.262736e+003
0.344000 1.265483e+003
0.346000 1.268199e+003
0.348000 1.270883e+003
0.350000 1.273535e+003
0.352000 1.276157e+003
0.354000 1.278747e+003
0.356000 1.281305e+003
0.358000 1.283833e+003
0.360000 1.286329e+003
0.362000 1.288794e+003
0.364000 1.291228e+003
0.366000 1.293631e+003
0.368000 1.296004e+003
0.370000 1.298346e+003
0.372000 1.300657e+003
0.374000 1.302937e+003
0.376000 1.305187e+003
0.378000 1.307406e+003
0.380000 1.309596e+003
0.382000 1.311754e+003
0.384000 1.313883e+003
0.386000 1.315982e+003
0.388000 1.318050e+003
0.390000 1.320089e+003
0.392000 1.322097e+003
0.394000 1.324076e+003
0.396000 1.326026e+003
0.398000 1.327945e+003
0.400000 1.329836e+003
0.402000 1.331697e+003
0.404000 1.333528e+003
0.406000 1.335330e+003
0.408000 1.337103e+003
0.410000 1.338847e+003
0.412000 1.340563e+003
0.414000 1.342249e+003
0.416000 1.343906e+003
0.418000 1.345535e+003
0.420000 1.347135e+003
0.422000 1.348707e+003
0.424000 1.350250e+003
0.426000 1.351765e+003
0.428000 1.353252e+003
0.430000 1.354710e+003
0.432000 1.356141e+003
0.434000 1.357543e+003
0.436000 1.358918e+003
0.438000 1.360265e+003
0.440000 1.361584e+003
0.442000 1.362875e+003
0.444000 1.364139e+003
0.446000 1.365376e+003
0.448000 1.366585e+003
0.450000 1.367767e+003
0.452000 1.368922e+003
0.454000 1.370050e+003
0.456000 1.371151e+003
0.458000 1.372225e+003
0.460000 1.373273e+003
0.462000 1.374293e+003
0.464000 1.375287e+003
0.466000 1.376255e+003
0.468000 1.377196e+003
0.470000 1.378110e+003
0.472000 1.378998e+003
0.474000 1.379861e+003
0.476000 1.380697e+003
0.478000 1.381507e+003
0.480000 1.382291e+003
0.482000 1.383049e+003
0.484000 1.383782e+003
0.486000 1.384489e+003
0.488000 1.385170e+003
0.490000 1.385826e+003
0.492000 1.386456e+003
0.494000 1.387061e+003
0.496000 1.387641e+003
0.498000 1.388195e+003
0.500000 1.388725e+003
0.502000 1.389229e+003
0.504000 1.389708e+003
0.506000 1.390163e+003
0.508000 1.390593e+003
0.510000 1.390998e+003
0.512000 1.391378e+003
0.514000 1.391734e+003
0.516000 1.392065e+003
0.518000 1.392372e+003
0.520000 1.392654e+003
0.522000 1.392912e+003
0.524000 1.393146e+003
0.526000 1.393356e+003
0.528000 1.393541e+003
0.530000 1.393703e+003
0.532000 1.393841e+003
0.534000 1.393954e+003
0.536000 1.394044e+003
0.538000 1.394111e+003
0.540000 1.394153e+003
0.542000 1.394172e+003
0.544000 1.394167e+003
0.546000 1.394139e+003
0.548000 1.394088e+003
0.550000 1.394013e+003
0.552000 1.393914e+003
0.554000 1.393793e+003
0.556000 1.393648e+003
0.558000 1.393480e+003
0.560000 1.393289e+003
0.562000 1.393075e+003
0.564000 1.392838e+003
0.566000 1.392578e+003
0.568000 1.392296e+003
0.570000 1.391990e+003
0.572000 1.391662e+003
0.574000 1.391311e+003
0.576000 1.390937e+003
0.578000 1.390541e+003
0.580000 1.390122e+003
0.582000 1.389681e+003
0.584000 1.389218e+003
0.586000 1.388732e+003
0.588000 1.388223e+003
0.590000 1.387693e+003
0.592000 1.387140e+003
0.594000 1.386565e+003
0.596000 1.385968e+003
0.598000 1.385348e+003
0.600000 1.384707e+003
0.602000 1.384044e+003
0.604000 1.383358e+003
0.606000 1.382651e+003
0.608000 1.381922e+003
0.610000 1.381171e+003
0.612000 1.380399e+003
0.614000 1.379604e+003
0.616000 1.378788e+003
0.618000 1.377951e+003
0.620000 1.377092e+003
0.622000 1.376211e+003
0.624000 1.375308e+003
0.626000 1.374385e+003
0.628000 1.373439e+003
0.630000 1.372473e+003
0.632000 1.371485e+003
0.634000 1.370476e+003
0.636000 1.369445e+003
0.638000 1.368393e+003
0.640000 1.367321e+003
0.642000 1.366227e+003
0.644000 1.365112e+003
0.646000 1.363975e+003
0.648000 1.362818e+003
0.650000 1.361640e+003
0.652000 1.360441e+003
0.654000 1.359221e+003
0.656000 1.357980e+003
0.658000 1.356719e+003
0.660000 1.355437e+003
0.662000 1.354134e+003
0.664000 1.352810e+003
0.666000 1.351466e+003
0.668000 1.350101e+003
0.670000 1.348715e+003
0.672000 1.347309e+003
0.674000 1.345883e+003
0.676000 1.344436e+003
0.678000 1.342969e+003
0.680000 1.341482e+003
0.682000 1.339974e+003
0.684000 1.338446e+003
0.686000 1.336898e+003
0.688000 1.335329e+003
0.690000 1.333741e+003
0.692000 1.332132e+003
0.694000 1.330504e+003
0.696000 1.328856e+003
0.698000 1.327187e+003
0.700000 1.325499e+003
0.702000 1.323791e+003
0.704000 1.322064e+003
0.706000 1.320316e+003
0.708000 1.318549e+003
0.710000 1.316762e+003
0.712000 1.314956e+003
0.714000 1.313131e+003
0.716000 1.311285e+003
0.718000 1.309421e+003
0.720000 1.307537e+003
0.722000 1.305634e+003
0.724000 1.303712e+003
0.726000 1.301770e+003
0.728000 1.299810e+003
0.730000 1.297830e+003
0.732000 1.295832e+003
0.734000 1.293814e+003
0.736000 1.291778e+003
0.738000 1.289723e+003
0.740000 1.287649e+003
0.742000 1.285557e+003
0.744000 1.283446e+003
0.746000 1.281316e+003
0.748000 1.279168e+003
0.750000 1.277002e+003
0.752000 1.274817e+003
0.754000 1.272614e+003
0.756000 1.270393e+003
0.758000 1.268154e+003
0.760000 1.265896e+003
0.762000 1.263621e+003
0.764000 1.261328e+003
0.766000 1.259018e+003
0.768000 1.256689e+003
0.770000 1.254343e+003
0.772000 1.251979e+003
0.774000 1.249598e+003
0.776000 1.247200e+003
0.778000 1.244784e+003
0.780000 1.242351e+003
0.782000 1.239901e+003
0.784000 1.237434e+003
0.786000 1.234950e+003
0.788000 1.232449e+003
0.790000 1.229931e+003
0.792000 1.227397e+003
0.794000 1.224846e+003
0.796000 1.222279e+003
0.798000 1.219695e+003
0.800000 1.217096e+003
0.802000 1.214480e+003
0.804000 1.211847e+003
0.806000 1.209199e+003
0.808000 1.206536e+003
0.810000 1.203856e+003
0.812000 1.201161e+003
0.814000 1.198450e+003
0.816000 1.195724e+003
0.818000 1.192982e+003
0.820000 1.190226e+003
0.822000 1.187454e+003
0.824000 1.184667e+003
0.826000 1.181866e+003
0.828000 1.179050e+003
0.830000 1.176219e+003
0.832000 1.173374e+003
0.834000 1.170514e+003
0.836000 1.167640e+003
0.838000 1.164752e+003
0.840000 1.161850e+003
0.842000 1.158934e+003
0.844000 1.156005e+003
0.846000 1.153062e+003
0.848000 1.150105e+003
0.850000 1.147136e+003
0.852000 1.144153e+003
0.854000 1.141157e+003
0.856000 1.138148e+003
0.858000 1.135126e+003
0.860000 1.132092e+003
0.862000 1.129045e+003
0.864000 1.125986e+003
0.866000 1.122915e+003
0.868000 1.119831e+003
0.870000 1.116736e+003
0.872000 1.113629e+003
0.874000 1.110511e+003
0.876000 1.107380e+003
0.878000 1.104239e+003
0.880000 1.101087e+003
0.882000 1.097923e+003
0.884000 1.094749e+003
0.886000 1.091564e+003
0.888000 1.088369e+003
0.890000 1.085163e+003
0.892000 1.081947e+003
0.894000 1.078721e+003
0.896000 1.075485e+003
0.898000 1.072240e+003
0.900000 1.068985e+003
0.902000 1.065720e+003
0.904000 1.062446e+003
0.906000 1.059164e+003
0.908000 1.055872e+003
0.910000 1.052572e+003
0.912000 1.049263e+003
0.914000 1.045946e+003
0.916000 1.042621e+003
0.918000 1.039288e+003
0.920000 1.035947e+003
0.922000 1.032598e+003
0.924000 1.029242e+003
0.926000 1.025878e+003
0.928000 1.022508e+003
0.930000 1.019130e+003
0.932000 1.015746e+003
0.934000 1.012355e+003
0.936000 1.008958e+003
0.938000 1.005555e+003
0.940000 1.002145e+003
0.942000 9.987302e+002
0.944000 9.953093e+002
0.946000 9.918830e+002
0.948000 9.884514e+002
0.950000 9.850147e+002
0.952000 9.815732e+002
0.954000 9.781269e+002
0.956000 9.746761e+002
0.958000 9.712209e+002
0.960000 9.677616e+002
0.962000 9.642984e+002
0.964000 9.608314e+002
0.966000 9.573608e+002
0.968000 9.538869e+002
0.970000 9.504097e+002
0.972000 9.469296e+002
0.974000 9.434467e+002
0.976000 9.399611e+002
0.978000 9.364732e+002
0.980000 9.329830e+002
0.982000 9.294908e+002
0.984000 9.259967e+002
0.986000 9.225010e+002
0.988000 9.190038e+002
0.990000 9.155054e+002
0.992000 9.120059e+002
0.994000 9.085056e+002
0.996000 9.050045e+002
0.998000 9.015030e+002
1.000000 8.980012e+002
1.002000 8.944993e+002
1.004000 8.909975e+002
1.006000 8.874960e+002
1.008000 8.839949e+002
1.010000 8.804946e+002
1.012000 8.769951e+002
1.014000 8.734966e+002
1.016000 8.699994e+002
1.018000 8.665037e+002
1.020000 8.630096e+002
1.022000 8.595173e+002
1.024000 8.560270e+002
1.026000 8.525390e+002
1.028000 8.490533e+002
1.030000 8.455702e+002
1.032000 8.420899e+002
1.034000 8.386125e+002
1.036000 8.351383e+002
1.038000 8.316675e+002
1.040000 8.282001e+002
1.042000 8.247365e+002
1.044000 8.212767e+002
1.046000 8.178210e+002
1.048000 8.143696e+002
1.050000 8.109226e+002
1.052000 8.074803e+002
1.054000 8.040428e+002
1.056000 8.006102e+002
1.058000 7.971828e+002
1.060000 7.937607e+002
1.062000 7.903442e+002
1.064000 7.869334e+002
1.066000 7.835284e+002
1.068000 7.801295e+002
1.070000 7.767368e+002
1.072000 7.733505e+002
1.074000 7.699707e+002
1.076000 7.665977e+002
1.078000 7.632316e+002
1.080000 7.598726e+002
1.082000 7.565208e+002
1.084000 7.531764e+002
1.086000 7.498396e+002
1.088000 7.465105e+002
1.090000 7.431893e+002
1.092000 7.398762e+002
1.094000 7.365712e+002
1.096000 7.332747e+002
1.098000 7.299867e+002
1.100000 7.267073e+002
1.102000 7.234368e+002
1.104000 7.201753e+002
1.106000 7.169230e+002
1.108000 7.136799e+002
1.110000 7.104463e+002
1.112000 7.072222e+002
1.114000 7.040079e+002
1.116000 7.008035e+002
1.118000 6.976091e+002
1.120000 6.944248e+002
1.122000 6.912508e+002
1.124000 6.880873e+002
1.126000 6.849344e+002
1.128000 6.817921e+002
1.130000 6.786607e+002
1.132000 6.755403e+002
1.134000 6.724310e+002
1.136000 6.693329e+002
1.138000 6.662461e+002
1.140000 6.631709e+002
1.142000 6.601072e+002
1.144000 6.570552e+002
1.146000 6.540151e+002
1.148000 6.509870e+002
1.150000 6.479709e+002
1.152000 6.449670e+002
1.154000 6.419754e+002
1.156000 6.389963e+002
1.158000 6.360296e+002
1.160000 6.330756e+002
1.162000 6.301343e+002
1.164000 6.272058e+002
1.166000 6.242902e+002
1.168000 6.213877e+002
1.170000 6.184984e+002
1.172000 6.156222e+002
1.174000 6.127594e+002
1.176000 6.099100e+002
1.178000 6.070740e+002
1.180000 6.042517e+002
1.182000 6.014431e+002
1.184000 5.986482e+002
1.186000 5.958671e+002
1.188000 5.931000e+002
1.190000 5.903469e+002
1.192000 5.876078e+002
1.194000 5.848829e+002
1.196000 5.821722e+002
1.198000 5.794759e+002
1.200000 5.767939e+002
1.202000 5.741263e+002
1.204000 5.714732e+002
1.206000 5.688347e+002
1.208000 5.662108e+002
1.210000 5.636016e+002
1.212000 5.610071e+002
1.214000 5.584274e+002
1.216000 5.558626e+002
1.218000 5.533126e+002
1.220000 5.507776e+002
1.222000 5.482577e+002
1.224000 5.457527e+002
1.226000 5.432629e+002
1.228000 5.407881e+002
1.230000 5.383286e+002
1.232000 5.358842e+002
1.234000 5.334551e+002
1.236000 5.310413e+002
1.238000 5.286428e+002
1.240000 5.262596e+002
1.242000 5.238918e+002
1.244000 5.215394e+002
1.246000 5.192025e+002
1.248000 5.168810e+002
1.250000 5.145749e+002
1.252000 5.122844e+002
1.254000 5.100093e+002
1.256000 5.077498e+002
1.258000 5.055058e+002
1.260000 5.032774e+002
1.262000 5.010645e+002
1.264000 4.988673e+002
1.266000 4.966856e+002
1.268000 4.945195e+002
1.270000 4.923689e+002
1.272000 4.902340e+002
1.274000 4.881147e+002
1.276000 4.860110e+002
1.278000 4.839228e+002
1.280000 4.818503e+002
1.282000 4.797933e+002
1.284000 4.777519e+002
1.286000 4.757261e+002
1.288000 4.737158e+002
1.290000 4.717211e+002
1.292000 4.697419e+002
1.294000 4.677782e+002
1.296000 4.658300e+002
1.298000 4.638973e+002
1.300000 4.619801e+002
1.302000 4.600783e+002
1.304000 4.581919e+002
1.306000 4.563209e+002
1.308000 4.544653e+002
1.310000 4.526250e+002
1.312000 4.508000e+002
1.314000 4.489903e+002
1.316000 4.471958e+002
1.318000 4.454165e+002
1.320000 4.436525e+002
1.322000 4.419035e+002
1.324000 4.401697e+002
1.326000 4.384510e+002
1.328000 4.367473e+002
1.330000 4.350585e+002
1.332000 4.333847e+002
1.334000 4.317259e+002
1.336000 4.300818e+002
1.338000 4.284526e+002
1.340000 4.268382e+002
1.342000 4.252385e+002
1.344000 4.236535e+002
1.346000 4.220830e+002
1.348000 4.205272e+002
1.350000 4.189858e+002
1.352000 4.174590e+002
1.354000 4.159465e+002
1.356000 4.144484e+002
1.358000 4.129646e+002
1.360000 4.114950e+002
1.362000 4.100396e+002
1.364000 4.085984e+002
1.366000 4.071712e+002
1.368000 4.057580e+002
1.370000 4.043587e+002
1.372000 4.029733e+002
1.374000 4.016017e+002
1.376000 4.002439e+002
1.378000 3.988997e+002
1.380000 3.975692e+002
1.382000 3.962522e+002
1.384000 3.949487e+002
1.386000 3.936586e+002
1.388000 3.923818e+002
1.390000 3.911184e+002
1.392000 3.898681e+002
1.394000 3.886309e+002
1.396000 3.874068e+002
1.398000 3.861957e+002
1.400000 3.849975e+002
1.402000 3.838121e+002
1.404000 3.826395e+002
1.406000 3.814796e+002
1.408000 3.803323e+002
1.410000 3.791976e+002
1.412000 3.780753e+002
1.414000 3.769653e+002
1.416000 3.758677e+002
1.418000 3.747823e+002
1.420000 3.737091e+002
1.422000 3.726479e+002
1.424000 3.715987e+002
1.426000 3.705615e+002
1.428000 3.695360e+002
1.430000 3.685223e+002
1.432000 3.675203e+002
1.434000 3.665299e+002
1.436000 3.655509e+002
1.438000 3.645834e+002
1.440000 3.636272e+002
1.442000 3.626823e+002
1.444000 3.617486e+002
1.446000 3.608260e+002
1.448000 3.599144e+002
1.450000 3.590137e+002
1.452000 3.581238e+002
1.454000 3.572447e+002
1.456000 3.563763e+002
1.458000 3.555185e+002
1.460000 3.546712e+002
1.462000 3.538344e+002
1.464000 3.530078e+002
1.466000 3.521916e+002
1.468000 3.513855e+002
1.470000 3.505895e+002
1.472000 3.498035e+002
1.474000 3.490274e+002
1.476000 3.482612e+002
1.478000 3.475047e+002
1.480000 3.467579e+002
1.482000 3.460207e+002
1.484000 3.452930e+002
1.486000 3.445747e+002
1.488000 3.438658e+002
1.490000 3.431661e+002
1.492000 3.424756e+002
1.494000 3.417941e+002
1.496000 3.411217e+002
1.498000 3.404581e+002
1.500000 3.398034e+002
1.502000 3.391575e+002
1.504000 3.385202e+002
1.506000 3.378916e+002
1.508000 3.372714e+002
1.510000 3.366596e+002
1.512000 3.360562e+002
1.514000 3.354610e+002
1.516000 3.348741e+002
1.518000 3.342952e+002
1.520000 3.337243e+002
1.522000 3.331614e+002
1.524000 3.326063e+002
1.526000 3.320590e+002
1.528000 3.315194e+002
1.530000 3.309874e+002
1.532000 3.304629e+002
1.534000 3.299459e+002
1.536000 3.294362e+002
1.538000 3.289339e+002
1.540000 3.284388e+002
1.542000 3.279508e+002
1.544000 3.274699e+002
1.546000 3.269960e+002
1.548000 3.265290e+002
1.550000 3.260688e+002
1.552000 3.256154e+002
1.554000 3.251687e+002
1.556000 3.247286e+002
1.558000 3.242950e+002
1.560000 3.238679e+002
1.562000 3.234472e+002
1.564000 3.230328e+002
1.566000 3.226246e+002
1.568000 3.222226e+002
1.570000 3.218268e+002
1.572000 3.214369e+002
1.574000 3.210530e+002
1.576000 3.206749e+002
1.578000 3.203027e+002
1.580000 3.199363e+002
1.582000 3.195755e+002
1.584000 3.192203e+002
1.586000 3.188706e+002
1.588000 3.185264e+002
1.590000 3.181877e+002
1.592000 3.178542e+002
1.594000 3.175261e+002
1.596000 3.172031e+002
1.598000 3.168853e+002
1.600000 3.165725e+002
1.602000 3.162648e+002
1.604000 3.159620e+002
1.606000 3.156640e+002
1.608000 3.153709e+002
1.610000 3.150826e+002
1.612000 3.147989e+002
1.614000 3.145199e+002
1.616000 3.142455e+002
1.618000 3.139756e+002
1.620000 3.137101e+002
1.622000 3.134490e+002
1.624000 3.131922e+002
1.626000 3.129397e+002
1.628000 3.126915e+002
1.630000 3.124474e+002
1.632000 3.122074e+002
1.634000 3.119714e+002
1.636000 3.117394e+002
1.638000 3.115114e+002
1.640000 3.112873e+002
1.642000 3.110669e+002
1.644000 3.108504e+002
1.646000 3.106376e+002
1.648000 3.104284e+002
1.650000 3.102229e+002
1.652000 3.100209e+002
1.654000 3.098224e+002
1.656000 3.096274e+002
1.658000 3.094358e+002
1.660000 3.092476e+002
1.662000 3.090626e+002
1.664000 3.088810e+002
1.666000 3.087026e+002
1.668000 3.085273e+002
1.670000 3.083551e+002
1.672000 3.081861e+002
1.674000 3.080200e+002
1.676000 3.078569e+002
1.678000 3.076968e+002
1.680000 3.075396e+002
1.682000 3.073852e+002
1.684000 3.072336e+002
1.686000 3.070848e+002
1.688000 3.069388e+002
1.690000 3.067953e+002
1.692000 3.066546e+002
1.694000 3.065164e+002
1.696000 3.063808e+002
1.698000 3.062477e+002
1.700000 3.061171e+002
1.702000 3.059889e+002
1.704000 3.058631e+002
1.706000 3.057397e+002
1.708000 3.056185e+002
1.710000 3.054997e+002
1.712000 3.053831e+002
1.714000 3.052688e+002
1.716000 3.051566e+002
1.718000 3.050465e+002
1.720000 3.049386e+002
1.722000 3.048327e+002
1.724000 3.047289e+002
1.726000 3.046271e+002
1.728000 3.045272e+002
1.730000 3.044293e+002
1.732000 3.043333e+002
1.734000 3.042391e+002
1.736000 3.041468e+002
1.738000 3.040563e+002
1.740000 3.039676e+002
1.742000 3.038806e+002
1.744000 3.037954e+002
1.746000 3.037118e+002
1.748000 3.036299e+002
1.750000 3.035496e+002
1.752000 3.034710e+002
1.754000 3.033939e+002
1.756000 3.033183e+002
1.758000 3.032443e+002
1.760000 3.031718e+002
1.762000 3.031007e+002
1.764000 3.030311e+002
1.766000 3.029629e+002
1.768000 3.028961e+002
1.770000 3.028306e+002
1.772000 3.027665e+002
1.774000 3.027037e+002
1.776000 3.026422e+002
1.778000 3.025820e+002
1.780000 3.025230e+002
1.782000 3.024653e+002
1.784000 3.024087e+002
1.786000 3.023534e+002
1.788000 3.022991e+002
1.790000 3.022461e+002
1.792000 3.021941e+002
1.794000 3.021433e+002
1.796000 3.020935e+002
1.798000 3.020447e+002
1.800000 3.019970e+002
1.802000 3.019504e+002
1.804000 3.019047e+002
1.806000 3.018600e+002
1.808000 3.018162e+002
1.810000 3.017734e+002
1.812000 3.017315e+002
1.814000 3.016905e+002
1.816000 3.016504e+002
1.818000 3.016112e+002
1.820000 3.015728e+002
1.822000 3.015353e+002
1.824000 3.014986e+002
1.826000 3.014627e+002
1.828000 3.014276e+002
1.830000 3.013932e+002
1.832000 3.013596e+002
1.834000 3.013268e+002
1.836000 3.012947e+002
1.838000 3.012633e+002
1.840000 3.012326e+002
1.842000 3.012026e+002
1.844000 3.011732e+002
1.846000 3.011445e+002
1.848000 3.011165e+002
1.850000 3.010891e+002
1.852000 3.010623e+002
1.854000 3.010361e+002
1.856000 3.010105e+002
1.858000 3.009855e+002
1.860000 3.009611e+002
1.862000 3.009372e+002
1.864000 3.009139e+002
1.866000 3.008911e+002
1.868000 3.008688e+002
1.870000 3.008471e+002
1.872000 3.008258e+002
1.874000 3.008051e+002
1.876000 3.007848e+002
1.878000 3.007650e+002
1.880000 3.007457e+002
1.882000 3.007268e+002
1.884000 3.007083e+002
1.886000 3.006903e+002
1.888000 3.006727e+002
1.890000 3.006555e+002
1.892000 3.006388e+002
1.894000 3.006224e+002
1.896000 3.006064e+002
1.898000 3.005908e+002
1.900000 3.005756e+002
1.902000 3.005607e+002
1.904000 3.005462e+002
1.906000 3.005321e+002
1.908000 3.005183e+002
1.910000 3.005048e+002
1.912000 3.004916e+002
1.914000 3.004788e+002
1.916000 3.004662e+002
1.918000 3.004540e+002
1.920000 3.004421e+002
1.922000 3.004305e+002
1.924000 3.004191e+002
1.926000 3.004080e+002
1.928000 3.003972e+002
1.930000 3.003867e+002
1.932000 3.003764e+002
1.934000 3.003664e+002
1.936000 3.003567e+002
1.938000 3.003471e+002
1.940000 3.003378e+002
1.942000 3.003288e+002
1.944000 3.003200e+002
1.946000 3.003114e+002
1.948000 3.003030e+002
1.950000 3.002948e+002
1.952000 3.002868e+002
1.954000 3.002790e+002
1.956000 3.002715e+002
1.958000 3.002641e+002
1.960000 3.002569e+002
1.962000 3.002499e+002
1.964000 3.002430e+002
1.966000 3.002364e+002
1.968000 3.002299e+002
1.970000 3.002236e+002
1.972000 3.002174e+002
1.974000 3.002114e+002
1.976000 3.002056e+002
1.978000 3.001999e+002
1.980000 3.001943e+002
1.982000 3.001889e+002
1.984000 3.001837e+002
1.986000 3.001785e+002
1.988000 3.001736e+002
1.990000 3.001687e+002
1.992000 3.001640e+002
1.994000 3.001594e+002
1.996000 3.001549e+002
1.998000 3.001505e+002
2.000000 3.001463e+002
2.002000 3.001421e+002
2.004000 3.001381e+002
2.006000 3.001342e+002
2.008000 3.001304e+002
2.010000 3.001266e+002
2.012000 3.001230e+002
2.014000 3.001195e+002
2.016000 3.001161e+002
2.018000 3.001128e+002
2.020000 3.001095e+002
2.022000 3.001064e+002
2.024000 3.001033e+002
2.026000 3.001003e+002
2.028000 3.000974e+002
2.030000 3.000946e+002
2.032000 3.000918e+002
2.034000 3.000892e+002
2.036000 3.000866e+002
2.038000 3.000841e+002
2.040000 3.000816e+002
2.042000 3.000792e+002
2.044000 3.000769e+002
2.046000 3.000746e+002
2.048000 3.000724e+002
2.050000 3.000703e+002
2.052000 3.000682e+002
2.054000 3.000662e+002
2.056000 3.000642e+002
2.058000 3.000623e+002
2.060000 3.000605e+002
2.062000 3.000587e+002
2.064000 3.000569e+002
2.066000 3.000552e+002
2.068000 3.000536e+002
2.070000 3.000520e+002
2.072000 3.000504e+002
2.074000 3.000489e+002
2.076000 3.000474e+002
2.078000 3.000460e+002
2.080000 3.000446e+002
2.082000 3.000433e+002
2.084000 3.000419e+002
2.086000 3.000407e+002
2.088000 3.000394e+002
2.090000 3.000382e+002
2.092000 3.000371e+002
2.094000 3.000359e+002
2.096000 3.000348e+002
2.098000 3.000338e+002
2.100000 3.000327e+002
2.102000 3.000317e+002
2.104000 3.000307e+002
2.106000 3.000298e+002
2.108000 3.000289e+002
2.110000 3.000280e+002
2.112000 3.000271e+002
2.114000 3.000263e+002
2.116000 3.000254e+002
2.118000 3.000247e+002
2.120000 3.000239e+002
2.122000 3.000231e+002
2.124000 3.000224e+002
2.126000 3.000217e+002
2.128000 3.000210e+002
2.130000 3.000204e+002
2.132000 3.000197e+002
2.134000 3.000191e+002
2.136000 3.000185e+002
2.138000 3.000179e+002
2.140000 3.000173e+002
2.142000 3.000168e+002
2.144000 3.000163e+002
2.146000 3.000157e+002
2.148000 3.000152e+002
2.150000 3.000148e+002
2.152000 3.000143e+002
2.154000 3.000138e+002
2.156000 3.000134e+002
2.158000 3.000129e+002
2.160000 3.000125e+002
2.162000 3.000121e+002
2.164000 3.000117e+002
2.166000 3.000114e+002
2.168000 3.000110e+002
2.170000 3.000106e+002
2.172000 3.000103e+002
2.174000 3.000100e+002
2.176000 3.000096e+002
2.178000 3.000093e+002
2.180000 3.000090e+002
2.182000 3.000087e+002
2.184000 3.000084e+002
2.186000 3.000081e+002
2.188000 3.000079e+002
2.190000 3.000076e+002
2.192000 3.000074e+002
2.194000 3.000071e+002
2.196000 3.000069e+002
2.198000 3.000067e+002
2.200000 3.000064e+002
2.202000 3.000062e+002
2.204000 3.000060e+002
2.206000 3.000058e+002
2.208000 3.000056e+002
2.210000 3.000054e+002
2.212000 3.000053e+002
2.214000 3.000051e+002
2.216000 3.000049e+002
2.218000 3.000047e+002
2.220000 3.000046e+002
2.222000 3.000044e+002
2.224000 3.000043e+002
2.226000 3.000041e+002
2.228000 3.000040e+002
2.230000 3.000039e+002
2.232000 3.000037e+002
2.234000 3.000036e+002
2.236000 3.000035e+002
2.238000 3.000034e+002
2.240000 3.000032e+002
2.242000 3.000031e+002
2.244000 3.000030e+002
2.246000 3.000029e+002
2.248000 3.000028e+002
2.250000 3.000027e+002
2.252000 3.000026e+002
2.254000 3.000025e+002
2.256000 3.000024e+002
2.258000 3.000024e+002
2.260000 3.000023e+002
2.262000 3.000022e+002
2.264000 3.000021e+002
2.266000 3.000021e+002
2.268000 3.000020e+002
2.270000 3.000019e+002
2.272000 3.000018e+002
2.274000 3.000018e+002
2.276000 3.000017e+002
2.278000 3.000017e+002
2.280000 3.000016e+002
2.282000 3.000015e+002
2.284000 3.000015e+002
2.286000 3.000014e+002
2.288000 3.000014e+002
2.290000 3.000013e+002
2.292000 3.000013e+002
2.294000 3.000012e+002
2.296000 3.000012e+002
2.298000 3.000012e+002
2.300000 3.000011e+002
2.302000 3.000011e+002
2.304000 3.000010e+002
2.306000 3.000010e+002
2.308000 3.000010e+002
2.310000 3.000009e+002
2.312000 3.000009e+002
2.314000 3.000009e+002
2.316000 3.000008e+002
2.318000 3.000008e+002
2.320000 3.000008e+002
2.322000 3.000007e+002
2.324000 3.000007e+002
2.326000 3.000007e+002
2.328000 3.000007e+002
2.330000 3.000006e+002
2.332000 3.000006e+002
2.334000 3.000006e+002
2.336000 3.000006e+002
2.338000 3.000006e+002
2.340000 3.000005e+002
2.342000 3.000005e+002
2.344000 3.000005e+002
2.346000 3.000005e+002
2.348000 3.000005e+002
2.350000 3.000004e+002
2.352000 3.000004e+002
2.354000 3.000004e+002
2.356000 3.000004e+002
2.358000 3.000004e+002
2.360000 3.000004e+002
2.362000 3.000004e+002
2.364000 3.000003e+002
2.366000 3.000003e+002
2.368000 3.000003e+002
2.370000 3.000003e+002
2.372000 3.000003e+002
2.374000 3.000003e+002
2.376000 3.000003e+002
2.378000 3.000003e+002
2.380000 3.000002e+002
2.382000 3.000002e+002
2.384000 3.000002e+002
2.386000 3.000002e+002
2.388000 3.000002e+002
2.390000 3.000002e+002
2.392000 3.000002e+002
2.394000 3.000002e+002
2.396000 3.000002e+002
2.398000 3.000002e+002
2.400000 3.000002e+002
2.402000 3.000002e+002
2.404000 3.000002e+002
2.406000 3.000002e+002
2.408000 3.000001e+002
2.410000 3.000001e+002
2.412000 3.000001e+002
2.414000 3.000001e+002
2.416000 3.000001e+002
2.418000 3.000001e+002
2.420000 3.000001e+002
2.422000 3.000001e+002
2.424000 3.000001e+002
2.426000 3.000001e+002
2.428000 3.000001e+002
2.430000 3.000001e+002
2.432000 3.000001e+002
2.434000 3.000001e+002
2.436000 3.000001e+002
2.438000 3.000001e+002
2.440000 3.000001e+002
2.442000 3.000001e+002
2.444000 3.000001e+002
2.446000 3.000001e+002
2.448000 3.000001e+002
2.450000 3.000001e+002
2.452000 3.000001e+002
2.454000 3.000001e+002
2.456000 3.000001e+002
2.458000 3.000001e+002
2.460000 3.000001e+002
2.462000 3.000000e+002
2.464000 3.000000e+002
2.466000 3.000000e+002
2.468000 3.000000e+002
2.470000 3.000000e+002
2.472000 3.000000e+002
2.474000 3.000000e+002
2.476000 3.000000e+002
2.478000 3.000000e+002
2.480000 3.000000e+002
2.482000 3.000000e+002
2.484000 3.000000e+002
2.486000 3.000000e+002
2.488000 3.000000e+002
2.490000 3.000000e+002
2.492000 3.000000e+002
2.494000 3.000000e+002
2.496000 3.000000e+002
2.498000 3.000000e+002
2.500000 3.000000e+002
2.502000 3.000000e+002
2.504000 3.000000e+002
2.506000 3.000000e+002
2.508000 3.000000e+002
2.510000 3.000000e+002
2.512000 3.000000e+002
2.514000 3.000000e+002
2.516000 3.000000e+002
2.518000 3.000000e+002
2.520000 3.000000e+002
2.522000 3.000000e+002
2.524000 3.000000e+002
2.526000 3.000000e+002
2.528000 3.000000e+002
2.530000 3.000000e+002
2.532000 3.000000e+002
2.534000 3.000000e+002
2.536000 3.000000e+002
2.538000 3.000000e+002
2.540000 3.000000e+002
2.542000 3.000000e+002
2.544000 3.000000e+002
2.546000 3.000000e+002
2.548000 3.000000e+002
2.550000 3.000000e+002
2.552000 3.000000e+002
2.554000 3.000000e+002
2.556000 3.000000e+002
2.558000 3.000000e+002
2.560000 3.000000e+002
2.562000 3.000000e+002
2.564000 3.000000e+002
2.566000 3.000000e+002
2.568000 3.000000e+002
2.570000 3.000000e+002
2.572000 3.000000e+002
2.574000 3.000000e+002
2.576000 3.000000e+002
2.578000 3.000000e+002
2.580000 3.000000e+002
2.582000 3.000000e+002
2.584000 3.000000e+002
2.586000 3.000000e+002
2.588000 3.000000e+002
2.590000 3.000000e+002
2.592000 3.000000e+002
2.594000 3.000000e+002
2.596000 3.000000e+002
2.598000 3.000000e+002
2.600000 3.000000e+002
2.602000 3.000000e+002
2.604000 3.000000e+002
2.606000 3.000000e+002
2.608000 3.000000e+002
2.610000 3.000000e+002
2.612000 3.000000e+002
2.614000 3.000000e+002
2.616000 3.000000e+002
2.618000 3.000000e+002
2.620000 3.000000e+002
2.622000 3.000000e+002
2.624000 3.000000e+002
2.626000 3.000000e+002
2.628000 3.000000e+002
2.630000 3.000000e+002
2.632000 3.000000e+002
2.634000 3.000000e+002
2.636000 3.000000e+002
2.638000 3.000000e+002
2.640000 3.000000e+002
2.642000 3.000000e+002
2.644000 3.000000e+002
2.646000 3.000000e+002
2.648000 3.000000e+002
2.650000 3.000000e+002
2.652000 3.000000e+002
2.654000 3.000000e+002
2.656000 3.000000e+002
2.658000 3.000000e+002
2.660000 3.000000e+002
2.662000 3.000000e+002
2.664000 3.000000e+002
2.666000 3.000000e+002
2.668000 3.000000e+002
2.670000 3.000000e+002
2.672000 3.000000e+002
2.674000 3.000000e+002
2.676000 3.000000e+002
2.678000 3.000000e+002
2.680000 3.000000e+002
2.682000 3.000000e+002
2.684000 3.000000e+002
2.686000 3.000000e+002
2.688000 3.000000e+002
2.690000 3.000000e+002
2.692000 3.000000e+002
2.694000 3.000000e+002
2.696000 3.000000e+002
2.698000 3.000000e+002
2.700000 3.000000e+002
2.702000 3.000000e+002
2.704000 3.000000e+002
2.706000 3.000000e+002
2.708000 3.000000e+002
2.710000 3.000000e+002
2.712000 3.000000e+002
2.714000 3.000000e+002
2.716000 3.000000e+002
2.718000 3.000000e+002
2.720000 3.000000e+002
2.722000 3.000000e+002
2.724000 3.000000e+002
2.726000 3.000000e+002
2.728000 3.000000e+002
2.730000 3.000000e+002
2.732000 3.000000e+002
2.734000 3.000000e+002
2.736000 3.000000e+002
2.738000 3.000000e+002
2.740000 3.000000e+002
2.742000 3.000000e+002
2.744000 3.000000e+002
2.746000 3.000000e+002
2.748000 3.000000e+002
2.750000 3.000000e+002
2.752000 3.000000e+002
2.754000 3.000000e+002
2.756000 3.000000e+002
2.758000 3.000000e+002
2.760000 3.000000e+002
2.762000 3.000000e+002
2.764000 3.000000e+002
2.766000 3.000000e+002
2.768000 3.000000e+002
2.770000 3.000000e+002
2.772000 3.000000e+002
2.774000 3.000000e+002
2.776000 3.000000e+002
2.778000 3.000000e+002
2.780000 3.000000e+002
2.782000 3.000000e+002
2.784000 3.000000e+002
2.786000 3.000000e+002
2.788000 3.000000e+002
2.790000 3.000000e+002
2.792000 3.000000e+002
2.794000 3.000000e+002
2.796000 3.000000e+002
2.798000 3.000000e+002
2.800000 3.000000e+002
2.802000 3.000000e+002
2.804000 3.000000e+002
2.806000 3.000000e+002
2.808000 3.000000e+002
2.810000 3.000000e+002
2.812000 3.000000e+002
2.814000 3.000000e+002
2.816000 3.000000e+002
2.818000 3.000000e+002
2.820000 3.000000e+002
2.822000 3.000000e+002
2.824000 3.000000e+002
2.826000 3.000000e+002
2.828000 3.000000e+002
2.830000 3.000000e+002
2.832000 3.000000e+002
2.834000 3.000000e+002
2.836000 3.000000e+002
2.838000 3.000000e+002
2.840000 3.000000e+002
2.842000 3.000000e+002
2.844000 3.000000e+002
2.846000 3.000000e+002
2.848000 3.000000e+002
2.850000 3.000000e+002
2.852000 3.000000e+002
2.854000 3.000000e+002
2.856000 3.000000e+002
2.858000 3.000000e+002
2.860000 3.000000e+002
2.862000 3.000000e+002
2.864000 3.000000e+002
2.866000 3.000000e+002
2.868000 3.000000e+002
2.870000 3.000000e+002
2.872000 3.000000e+002
2.874000 3.000000e+002
2.876000 3.000000e+002
2.878000 3.000000e+002
2.880000 3.000000e+002
2.882000 3.000000e+002
2.884000 3.000000e+002
2.886000 3.000000e+002
2.888000 3.000000e+002
2.890000 3.000000e+002
2.892000 3.000000e+002
2.894000 3.000000e+002
2.896000 3.000000e+002
2.898000 3.000000e+002
2.900000 3.000000e+002
2.902000 3.000000e+002
2.904000 3.000000e+002
2.906000 3.000000e+002
2.908000 3.000000e+002
2.910000 3.000000e+002
2.912000 3.000000e+002
2.914000 3.000000e+002
2.916000 3.000000e+002
2.918000 3.000000e+002
2.920000 3.000000e+002
2.922000 3.000000e+002
2.924000 3.000000e+002
2.926000 3.000000e+002
2.928000 3.000000e+002
2.930000 3.000000e+002
2.932000 3.000000e+002
2.934000 3.000000e+002
2.936000 3.000000e+002
2.938000 3.000000e+002
2.940000 3.000000e+002
2.942000 3.000000e+002
2.944000 3.000000e+002
2.946000 3.000000e+002
2.948000 3.000000e+002
2.950000 3.000000e+002
2.952000 3.000000e+002
2.954000 3.000000e+002
2.956000 3.000000e+002
2.958000 3.000000e+002
2.960000 3.000000e+002
2.962000 3.000000e+002
2.964000 3.000000e+002
2.966000 3.000000e+002
2.968000 3.000000e+002
2.970000 3.000000e+002
2.972000 3.000000e+002
2.974000 3.000000e+002
2.976000 3.000000e+002
2.978000 3.000000e+002
2.980000 3.000000e+002
2.982000 3.000000e+002
2.984000 3.000000e+002
2.986000 3.000000e+002
2.988000 3.000000e+002
2.990000 3.000000e+002
2.992000 3.000000e+002
2.994000 3.000000e+002
2.996000 3.000000e+002
2.998000 3.000000e+002
3.000000 3.000000e+002
3.002000 3.000000e+002
3.004000 3.000000e+002
3.006000 3.000000e+002
3.008000 3.000000e+002
3.010000 3.000000e+002
3.012000 3.000000e+002
3.014000 3.000000e+002
3.016000 3.000000e+002
3.018000 3.000000e+002
3.020000 3.000000e+002
3.022000 3.000000e+002
3.024000 3.000000e+002
3.026000 3.000000e+002
3.028000 3.000000e+002
3.030000 3.000000e+002
3.032000 3.000000e+002
3.034000 3.000000e+002
3.036000 3.000000e+002
3.038000 3.000000e+002
3.040000 3.000000e+002
3.042000 3.000000e+002
3.044000 3.000000e+002
3.046000 3.000000e+002
3.048000 3.000000e+002
3.050000 3.000000e+002
3.052000 3.000000e+002
3.054000 3.000000e+002
3.056000 3.000000e+002
3.058000 3.000000e+002
3.060000 3.000000e+002
3.062000 3.000000e+002
3.064000 3.000000e+002
3.066000 3.000000e+002
3.068000 3.000000e+002
3.070000 3.000000e+002
3.072000 3.000000e+002
3.074000 3.000000e+002
3.076000 3.000000e+002
3.078000 3.000000e+002
3.080000 3.000000e+002
3.082000 3.000000e+002
3.084000 3.000000e+002
3.086000 3.000000e+002
3.088000 3.000000e+002
3.090000 3.000000e+002
3.092000 3.000000e+002
3.094000 3.000000e+002
3.096000 3.000000e+002
3.098000 3.000000e+002
3.100000 3.000000e+002
3.102000 3.000000e+002
3.104000 3.000000e+002
3.106000 3.000000e+002
3.108000 3.000000e+002
3.110000 3.000000e+002
3.112000 3.000000e+002
3.114000 3.000000e+002
3.116000 3.000000e+002
3.118000 3.000000e+002
3.120000 3.000000e+002
3.122000 3.000000e+002
3.124000 3.000000e+002
3.126000 3.000000e+002
3.128000 3.000000e+002
3.130000 3.000000e+002
3.132000 3.000000e+002
3.134000 3.000000e+002
3.136000 3.000000e+002
3.138000 3.000000e+002
3.140000 3.000000e+002
3.142000 3.000000e+002
3.144000 3.000000e+002
3.146000 3.000000e+002
3.148000 3.000000e+002
3.150000 3.000000e+002
3.152000 3.000000e+002
3.154000 3.000000e+002
3.156000 3.000000e+002
3.158000 3.000000e+002
3.160000 3.000000e+002
3.162000 3.000000e+002
3.164000 3.000000e+002
3.166000 3.000000e+002
3.168000 3.000000e+002
3.170000 3.000000e+002
3.172000 3.000000e+002
3.174000 3.000000e+002
3.176000 3.000000e+002
3.178000 3.000000e+002
3.180000 3.000000e+002
3.182000 3.000000e+002
3.184000 3.000000e+002
3.186000 3.000000e+002
3.188000 3.000000e+002
3.190000 3.000000e+002
3.192000 3.000000e+002
3.194000 3.000000e+002
3.196000 3.000000e+002
3.198000 3.000000e+002
3.200000 3.000000e+002
3.202000 3.000000e+002
3.204000 3.000000e+002
3.206000 3.000000e+002
3.208000 3.000000e+002
3.210000 3.000000e+002
3.212000 3.000000e+002
3.214000 3.000000e+002
3.216000 3.000000e+002
3.218000 3.000000e+002
3.220000 3.000000e+002
3.222000 3.000000e+002
3.224000 3.000000e+002
3.226000 3.000000e+002
3.228000 3.000000e+002
3.230000 3.000000e+002
3.232000 3.000000e+002
3.234000 3.000000e+002
3.236000 3.000000e+002
3.238000 3.000000e+002
3.240000 3.000000e+002
3.242000 3.000000e+002
3.244000 3.000000e+002
3.246000 3.000000e+002
3.248000 3.000000e+002
3.250000 3.000000e+002
3.252000 3.000000e+002
3.254000 3.000000e+002
3.256000 3.000000e+002
3.258000 3.000000e+002
3.260000 3.000000e+002
3.262000 3.000000e+002
3.264000 3.000000e+002
3.266000 3.000000e+002
3.268000 3.000000e+002
3.270000 3.000000e+002
3.272000 3.000000e+002
3.274000 3.000000e+002
3.276000 3.000000e+002
3.278000 3.000000e+002
3.280000 3.000000e+002
3.282000 3.000000e+002
3.284000 3.000000e+002
3.286000 3.000000e+002
3.288000 3.000000e+002
3.290000 3.000000e+002
3.292000 3.000000e+002
3.294000 3.000000e+002
3.296000 3.000000e+002
3.298000 3.000000e+002
3.300000 3.000000e+002
3.302000 3.000000e+002
3.304000 3.000000e+002
3.306000 3.000000e+002
3.308000 3.000000e+002
3.310000 3.000000e+002
3.312000 3.000000e+002
3.314000 3.000000e+002
3.316000 3.000000e+002
3.318000 3.000000e+002
3.320000 3.000000e+002
3.322000 3.000000e+002
3.324000 3.000000e+002
3.326000 3.000000e+002
3.328000 3.000000e+002
3.330000 3.000000e+002
3.332000 3.000000e+002
3.334000 3.000000e+002
3.336000 3.000000e+002
3.338000 3.000000e+002
3.340000 3.000000e+002
3.342000 3.000000e+002
3.344000 3.000000e+002
3.346000 3.000000e+002
3.348000 3.000000e+002
3.350000 3.000000e+002
3.352000 3.000000e+002
3.354000 3.000000e+002
3.356000 3.000000e+002
3.358000 3.000000e+002
3.360000 3.000000e+002
3.362000 3.000000e+002
3.364000 3.000000e+002
3.366000 3.000000e+002
3.368000 3.000000e+002
3.370000 3.000000e+002
3.372000 3.000000e+002
3.374000 3.000000e+002
3.376000 3.000000e+002
3.378000 3.000000e+002
3.380000 3.000000e+002
3.382000 3.000000e+002
3.384000 3.000000e+002
3.386000 3.000000e+002
3.388000 3.000000e+002
3.390000 3.000000e+002
3.392000 3.000000e+002
3.394000 3.000000e+002
3.396000 3.000000e+002
3.398000 3.000000e+002
3.400000 3.000000e+002
3.402000 3.000000e+002
3.404000 3.000000e+002
3.406000 3.000000e+002
3.408000 3.000000e+002
3.410000 3.000000e+002
3.412000 3.000000e+002
3.414000 3.000000e+002
3.416000 3.000000e+002
3.418000 3.000000e+002
3.420000 3.000000e+002
3.422000 3.000000e+002
3.424000 3.000000e+002
3.426000 3.000000e+002
3.428000 3.000000e+002
3.430000 3.000000e+002
3.432000 3.000000e+002
3.434000 3.000000e+002
3.436000 3.000000e+002
3.438000 3.000000e+002
3.440000 3.000000e+002
3.442000 3.000000e+002
3.444000 3.000000e+002
3.446000 3.000000e+002
3.448000 3.000000e+002
3.450000 3.000000e+002
3.452000 3.000000e+002
3.454000 3.000000e+002
3.456000 3.000000e+002
3.458000 3.000000e+002
3.460000 3.000000e+002
3.462000 3.000000e+002
3.464000 3.000000e+002
3.466000 3.000000e+002
3.468000 3.000000e+002
3.470000 3.000000e+002
3.472000 3.000000e+002
3.474000 3.000000e+002
3.476000 3.000000e+002
3.478000 3.000000e+002
3.480000 3.000000e+002
3.482000 3.000000e+002
3.484000 3.000000e+002
3.486000 3.000000e+002
3.488000 3.000000e+002
3.490000 3.000000e+002
3.492000 3.000000e+002
3.494000 3.000000e+002
3.496000 3.000000e+002
3.498000 3.000000e+002
3.500000 3.000000e+002
3.502000 3.000000e+002
3.504000 3.000000e+002
3.506000 3.000000e+002
3.508000 3.000000e+002
3.510000 3.000000e+002
3.512000 3.000000e+002
3.514000 3.000000e+002
3.516000 3.000000e+002
3.518000 3.000000e+002
3.520000 3.000000e+002
3.522000 3.000000e+002
3.524000 3.000000e+002
3.526000 3.000000e+002
3.528000 3.000000e+002
3.530000 3.000000e+002
3.532000 3.000000e+002
3.534000 3.000000e+002
3.536000 3.000000e+002
3.538000 3.000000e+002
3.540000 3.000000e+002
3.542000 3.000000e+002
3.544000 3.000000e+002
3.546000 3.000000e+002
3.548000 3.000000e+002
3.550000 3.000000e+002
3.552000 3.000000e+002
3.554000 3.000000e+002
3.556000 3.000000e+002
3.558000 3.000000e+002
3.560000 3.000000e+002
3.562000 3.000000e+002
3.564000 3.000000e+002
3.566000 3.000000e+002
3.568000 3.000000e+002
3.570000 3.000000e+002
3.572000 3.000000e+002
3.574000 3.000000e+002
3.576000 3.000000e+002
3.578000 3.000000e+002
3.580000 3.000000e+002
3.582000 3.000000e+002
3.584000 3.000000e+002
3.586000 3.000000e+002
3.588000 3.000000e+002
3.590000 3.000000e+002
3.592000 3.000000e+002
3.594000 3.000000e+002
3.596000 3.000000e+002
3.598000 3.000000e+002
3.600000 3.000000e+002
3.602000 3.000000e+002
3.604000 3.000000e+002
3.606000 3.000000e+002
3.608000 3.000000e+002
3.610000 3.000000e+002
3.612000 3.000000e+002
3.614000 3.000000e+002
3.616000 3.000000e+002
3.618000 3.000000e+002
3.620000 3.000000e+002
3.622000 3.000000e+002
3.624000 3.000000e+002
3.626000 3.000000e+002
3.628000 3.000000e+002
3.630000 3.000000e+002
3.632000 3.000000e+002
3.634000 3.000000e+002
3.636000 3.000000e+002
3.638000 3.000000e+002
3.640000 3.000000e+002
3.642000 3.000000e+002
3.644000 3.000000e+002
3.646000 3.000000e+002
3.648000 3.000000e+002
3.650000 3.000000e+002
3.652000 3.000000e+002
3.654000 3.000000e+002
3.656000 3.000000e+002
3.658000 3.000000e+002
3.660000 3.000000e+002
3.662000 3.000000e+002
3.664000 3.000000e+002
3.666000 3.000000e+002
3.668000 3.000000e+002
3.670000 3.000000e+002
3.672000 3.000000e+002
3.674000 3.000000e+002
3.676000 3.000000e+002
3.678000 3.000000e+002
3.680000 3.000000e+002
3.682000 3.000000e+002
3.684000 3.000000e+002
3.686000 3.000000e+002
3.688000 3.000000e+002
3.690000 3.000000e+002
3.692000 3.000000e+002
3.694000 3.000000e+002
3.696000 3.000000e+002
3.698000 3.000000e+002
3.700000 3.000000e+002
3.702000 3.000000e+002
3.704000 3.000000e+002
3.706000 3.000000e+002
3.708000 3.000000e+002
3.710000 3.000000e+002
3.712000 3.000000e+002
3.714000 3.000000e+002
3.716000 3.000000e+002
3.718000 3.000000e+002
3.720000 3.000000e+002
3.722000 3.000000e+002
3.724000 3.000000e+002
3.726000 3.000000e+002
3.728000 3.000000e+002
3.730000 3.000000e+002
3.732000 3.000000e+002
3.734000 3.000000e+002
3.736000 3.000000e+002
3.738000 3.000000e+002
3.740000 3.000000e+002
3.742000 3.000000e+002
3.744000 3.000000e+002
3.746000 3.000000e+002
3.748000 3.000000e+002
3.750000 3.000000e+002
3.752000 3.000000e+002
3.754000 3.000000e+002
3.756000 3.000000e+002
3.758000 3.000000e+002
3.760000 3.000000e+002
3.762000 3.000000e+002
3.764000 3.000000e+002
3.766000 3.000000e+002
3.768000 3.000000e+002
3.770000 3.000000e+002
3.772000 3.000000e+002
3.774000 3.000000e+002
3.776000 3.000000e+002
3.778000 3.000000e+002
3.780000 3.000000e+002
3.782000 3.000000e+002
3.784000 3.000000e+002
3.786000 3.000000e+002
3.788000 3.000000e+002
3.790000 3.000000e+002
3.792000 3.000000e+002
3.794000 3.000000e+002
3.796000 3.000000e+002
3.798000 3.000000e+002
3.800000 3.000000e+002
3.802000 3.000000e+002
3.804000 3.000000e+002
3.806000 3.000000e+002
3.808000 3.000000e+002
3.810000 3.000000e+002
3.812000 3.000000e+002
3.814000 3.000000e+002
3.816000 3.000000e+002
3.818000 3.000000e+002
3.820000 3.000000e+002
3.822000 3.000000e+002
3.824000 3.000000e+002
3.826000 3.000000e+002
3.828000 3.000000e+002
3.830000 3.000000e+002
3.832000 3.000000e+002
3.834000 3.000000e+002
3.836000 3.000000e+002
3.838000 3.000000e+002
3.840000 3.000000e+002
3.842000 3.000000e+002
3.844000 3.000000e+002
3.846000 3.000000e+002
3.848000 3.000000e+002
3.850000 3.000000e+002
3.852000 3.000000e+002
3.854000 3.000000e+002
3.856000 3.000000e+002
3.858000 3.000000e+002
3.860000 3.000000e+002
3.862000 3.000000e+002
3.864000 3.000000e+002
3.866000 3.000000e+002
3.868000 3.000000e+002
3.870000 3.000000e+002
3.872000 3.000000e+002
3.874000 3.000000e+002
3.876000 3.000000e+002
3.878000 3.000000e+002
3.880000 3.000000e+002
3.882000 3.000000e+002
3.884000 3.000000e+002
3.886000 3.000000e+002
3.888000 3.000000e+002
3.890000 3.000000e+002
3.892000 3.000000e+002
3.894000 3.000000e+002
3.896000 3.000000e+002
3.898000 3.000000e+002
3.900000 3.000000e+002
3.902000 3.000000e+002
3.904000 3.000000e+002
3.906000 3.000000e+002
3.908000 3.000000e+002
3.910000 3.000000e+002
3.912000 3.000000e+002
3.914000 3.000000e+002
3.916000 3.000000e+002
3.918000 3.000000e+002
3.920000 3.000000e+002
3.922000 3.000000e+002
3.924000 3.000000e+002
3.926000 3.000000e+002
3.928000 3.000000e+002
3.930000 3.000000e+002
3.932000 3.000000e+002
3.934000 3.000000e+002
3.936000 3.000000e+002
3.938000 3.000000e+002
3.940000 3.000000e+002
3.942000 3.000000e+002
3.944000 3.000000e+002
3.946000 3.000000e+002
3.948000 3.000000e+002
3.950000 3.000000e+002
3.952000 3.000000e+002
3.954000 3.000000e+002
3.956000 3.000000e+002
3.958000 3.000000e+002
3.960000 3.000000e+002
3.962000 3.000000e+002
3.964000 3.000000e+002
3.966000 3.000000e+002
3.968000 3.000000e+002
3.970000 3.000000e+002
3.972000 3.000000e+002
3.974000 3.000000e+002
3.976000 3.000000e+002
3.978000 3.000000e+002
3.980000 3.000000e+002
3.982000 3.000000e+002
3.984000 3.000000e+002
3.986000 3.000000e+002
3.988000 3.000000e+002
3.990000 3.000000e+002
3.992000 3.000000e+002
3.994000 3.000000e+002
3.996000 3.000000e+002
3.998000 3.000000e+002
