0.000000 3.287572e+002
0.002000 3.319335e+002
0.004000 3.351090e+002
0.006000 3.382837e+002
0.008000 3.414574e+002
0.010000 3.446301e+002
0.012000 3.478017e+002
0.014000 3.509721e+002
0.016000 3.541413e+002
0.018000 3.573092e+002
0.020000 3.604756e+002
0.022000 3.636406e+002
0.024000 3.668039e+002
0.026000 3.699657e+002
0.028000 3.731257e+002
0.030000 3.762839e+002
0.032000 3.794403e+002
0.034000 3.825947e+002
0.036000 3.857470e+002
0.038000 3.888972e+002
0.040000 3.920453e+002
0.042000 3.951911e+002
0.044000 3.983345e+002
0.046000 4.014755e+002
0.048000 4.046141e+002
0.050000 4.077500e+002
0.052000 4.108833e+002
0.054000 4.140138e+002
0.056000 4.171416e+002
0.058000 4.202664e+002
0.060000 4.233884e+002
0.062000 4.265072e+002
0.064000 4.296230e+002
0.066000 4.327355e+002
0.068000 4.358448e+002
0.070000 4.389508e+002
0.072000 4.420533e+002
0.074000 4.451524e+002
0.076000 4.482478e+002
0.078000 4.513397e+002
0.080000 4.544278e+002
0.082000 4.575121e+002
0.084000 4.605925e+002
0.086000 4.636690e+002
0.088000 4.667415e+002
0.090000 4.698099e+002
0.092000 4.728741e+002
0.094000 4.759341e+002
0.096000 4.789897e+002
0.098000 4.820410e+002
0.100000 4.850878e+002
0.102000 4.881300e+002
0.104000 4.911677e+002
0.106000 4.942006e+002
0.108000 4.972288e+002
0.110000 5.002522e+002
0.112000 5.032707e+002
0.114000 5.062842e+002
0.116000 5.092926e+002
0.118000 5.122959e+002
0.120000 5.152941e+002
0.122000 5.182869e+002
0.124000 5.212744e+002
0.126000 5.242566e+002
0.128000 5.272332e+002
0.130000 5.302043e+002
0.132000 5.331698e+002
0.134000 5.361296e+002
0.136000 5.390836e+002
0.138000 5.420318e+002
0.140000 5.449741e+002
0.142000 5.479104e+002
0.144000 5.508407e+002
0.146000 5.537649e+002
0.148000 5.566829e+002
0.150000 5.595946e+002
0.152000 5.625001e+002
0.154000 5.653992e+002
0.156000 5.682918e+002
0.158000 5.711779e+002
0.160000 5.740574e+002
0.162000 5.769303e+002
0.164000 5.797964e+002
0.166000 5.826558e+002
0.168000 5.855083e+002
0.170000 5.883539e+002
0.172000 5.911925e+002
0.174000 5.940241e+002
0.176000 5.968486e+002
0.178000 5.996659e+002
0.180000 6.024759e+002
0.182000 6.052786e+002
0.184000 6.080740e+002
0.186000 6.108619e+002
0.188000 6.136424e+002
0.190000 6.164152e+002
0.192000 6.191805e+002
0.194000 6.219381e+002
0.196000 6.246879e+002
0.198000 6.274299e+002
0.200000 6.301640e+002
0.202000 6.328902e+002
0.204000 6.356084e+002
0.206000 6.383186e+002
0.208000 6.410206e+002
0.210000 6.437145e+002
0.212000 6.464001e+002
0.214000 6.490774e+002
0.216000 6.517464e+002
0.218000 6.544070e+002
0.220000 6.570591e+002
0.222000 6.597026e+002
0.224000 6.623376e+002
0.226000 6.649639e+002
0.228000 6.675815e+002
0.230000 6.701904e+002
0.232000 6.727904e+002
0.234000 6.753816e+002
0.236000 6.779639e+002
0.238000 6.805371e+002
0.240000 6.831013e+002
0.242000 6.856565e+002
0.244000 6.882024e+002
0.246000 6.907392e+002
0.248000 6.932667e+002
0.250000 6.957849e+002
0.252000 6.982938e+002
0.254000 7.007932e+002
0.256000 7.032832e+002
0.258000 7.057636e+002
0.260000 7.082345e+002
0.262000 7.106957e+002
0.264000 7.131473e+002
0.266000 7.155891e+002
0.268000 7.180212e+002
0.270000 7.204434e+002
0.272000 7.228558e+002
0.274000 7.252582e+002
0.276000 7.276507e+002
0.278000 7.300332e+002
0.280000 7.324055e+002
0.282000 7.347678e+002
0.284000 7.371199e+002
0.286000 7.394618e+002
0.288000 7.417934e+002
0.290000 7.441147e+002
0.292000 7.464257e+002
0.294000 7.487263e+002
0.296000 7.510164e+002
0.298000 7.532961e+002
0.300000 7.555652e+002
0.302000 7.578237e+002
0.304000 7.600717e+002
0.306000 7.623089e+002
0.308000 7.645355e+002
0.310000 7.667514e+002
0.312000 7.689564e+002
0.314000 7.711506e+002
0.316000 7.733340e+002
0.318000 7.755064e+002
0.320000 7.776679e+002
0.322000 7.798184e+002
0.324000 7.819579e+002
0.326000 7.840863e+002
0.328000 7.862036e+002
0.330000 7.883098e+002
0.332000 7.904048e+002
0.334000 7.924885e+002
0.336000 7.945610e+002
0.338000 7.966222e+002
0.340000 7.986721e+002
0.342000 8.007106e+002
0.344000 8.027378e+002
0.346000 8.047534e+002
0.348000 8.067577e+002
0.350000 8.087504e+002
0.352000 8.107316e+002
0.354000 8.127012e+002
0.356000 8.146592e+002
0.358000 8.166055e+002
0.360000 8.185403e+002
0.362000 8.204633e+002
0.364000 8.223745e+002
0.366000 8.242740e+002
0.368000 8.261618e+002
0.370000 8.280377e+002
0.372000 8.299017e+002
0.374000 8.317539e+002
0.376000 8.335942e+002
0.378000 8.354225e+002
0.380000 8.372389e+002
0.382000 8.390433e+002
0.384000 8.408356e+002
0.386000 8.426160e+002
0.388000 8.443842e+002
0.390000 8.461404e+002
0.392000 8.478844e+002
0.394000 8.496163e+002
0.396000 8.513360e+002
0.398000 8.530435e+002
0.400000 8.547388e+002
0.402000 8.564219e+002
0.404000 8.580927e+002
0.406000 8.597512e+002
0.408000 8.613974e+002
0.410000 8.630313e+002
0.412000 8.646529e+002
0.414000 8.662620e+002
0.416000 8.678588e+002
0.418000 8.694432e+002
0.420000 8.710151e+002
0.422000 8.725746e+002
0.424000 8.741217e+002
0.426000 8.756562e+002
0.428000 8.771783e+002
0.430000 8.786878e+002
0.432000 8.801848e+002
0.434000 8.816693e+002
0.436000 8.831412e+002
0.438000 8.846005e+002
0.440000 8.860472e+002
0.442000 8.874813e+002
0.444000 8.889028e+002
0.446000 8.903117e+002
0.448000 8.917079e+002
0.450000 8.930914e+002
0.452000 8.944623e+002
0.454000 8.958204e+002
0.456000 8.971659e+002
0.458000 8.984987e+002
0.460000 8.998188e+002
0.462000 9.011261e+002
0.464000 9.024207e+002
0.466000 9.037025e+002
0.468000 9.049716e+002
0.470000 9.062279e+002
0.472000 9.074715e+002
0.474000 9.087022e+002
0.476000 9.099202e+002
0.478000 9.111254e+002
0.480000 9.123178e+002
0.482000 9.134974e+002
0.484000 9.146641e+002
0.486000 9.158181e+002
0.488000 9.169592e+002
0.490000 9.180875e+002
0.492000 9.192030e+002
0.494000 9.203057e+002
0.496000 9.213955e+002
0.498000 9.224725e+002
0.500000 9.235366e+002
0.502000 9.245879e+002
0.504000 9.256264e+002
0.506000 9.266520e+002
0.508000 9.276648e+002
0.510000 9.286647e+002
0.512000 9.296518e+002
0.514000 9.306261e+002
0.516000 9.315875e+002
0.518000 9.325361e+002
0.520000 9.334718e+002
0.522000 9.343948e+002
0.524000 9.353048e+002
0.526000 9.362021e+002
0.528000 9.370865e+002
0.530000 9.379582e+002
0.532000 9.388170e+002
0.534000 9.396630e+002
0.536000 9.404962e+002
0.538000 9.413166e+002
0.540000 9.421242e+002
0.542000 9.429191e+002
0.544000 9.437011e+002
0.546000 9.444704e+002
0.548000 9.452269e+002
0.550000 9.459707e+002
0.552000 9.467017e+002
0.554000 9.474200e+002
0.556000 9.481256e+002
0.558000 9.488185e+002
0.560000 9.494986e+002
0.562000 9.501661e+002
0.564000 9.508209e+002
0.566000 9.514630e+002
0.568000 9.520924e+002
0.570000 9.527092e+002
0.572000 9.533134e+002
0.574000 9.539050e+002
0.576000 9.544839e+002
0.578000 9.550502e+002
0.580000 9.556040e+002
0.582000 9.561452e+002
0.584000 9.566738e+002
0.586000 9.571900e+002
0.588000 9.576935e+002
0.590000 9.581846e+002
0.592000 9.586632e+002
0.594000 9.591294e+002
0.596000 9.595830e+002
0.598000 9.600243e+002
0.600000 9.604531e+002
0.602000 9.608695e+002
0.604000 9.612736e+002
0.606000 9.616653e+002
0.608000 9.620446e+002
0.610000 9.624116e+002
0.612000 9.627663e+002
0.614000 9.631088e+002
0.616000 9.634389e+002
0.618000 9.637568e+002
0.620000 9.640626e+002
0.622000 9.643561e+002
0.624000 9.646374e+002
0.626000 9.649066e+002
0.628000 9.651636e+002
0.630000 9.654086e+002
0.632000 9.656414e+002
0.634000 9.658622e+002
0.636000 9.660710e+002
0.638000 9.662678e+002
0.640000 9.664525e+002
0.642000 9.666254e+002
0.644000 9.667862e+002
0.646000 9.669352e+002
0.648000 9.670723e+002
0.650000 9.671975e+002
0.652000 9.673109e+002
0.654000 9.674125e+002
0.656000 9.675023e+002
0.658000 9.675804e+002
0.660000 9.676468e+002
0.662000 9.677014e+002
0.664000 9.677445e+002
0.666000 9.677758e+002
0.668000 9.677956e+002
0.670000 9.678038e+002
0.672000 9.678005e+002
0.674000 9.677856e+002
0.676000 9.677593e+002
0.678000 9.677215e+002
0.680000 9.676723e+002
0.682000 9.676117e+002
0.684000 9.675397e+002
0.686000 9.674564e+002
0.688000 9.673619e+002
0.690000 9.672560e+002
0.692000 9.671390e+002
0.694000 9.670107e+002
0.696000 9.668713e+002
0.698000 9.667208e+002
0.700000 9.665591e+002
0.702000 9.663865e+002
0.704000 9.662027e+002
0.706000 9.660080e+002
0.708000 9.658024e+002
0.710000 9.655858e+002
0.712000 9.653584e+002
0.714000 9.651201e+002
0.716000 9.648710e+002
0.718000 9.646111e+002
0.720000 9.643405e+002
0.722000 9.640592e+002
0.724000 9.637672e+002
0.726000 9.634646e+002
0.728000 9.631514e+002
0.730000 9.628277e+002
0.732000 9.624934e+002
0.734000 9.621487e+002
0.736000 9.617936e+002
0.738000 9.614280e+002
0.740000 9.610521e+002
0.742000 9.606659e+002
0.744000 9.602694e+002
0.746000 9.598627e+002
0.748000 9.594458e+002
0.750000 9.590187e+002
0.752000 9.585815e+002
0.754000 9.581342e+002
0.756000 9.576769e+002
0.758000 9.572096e+002
0.760000 9.567324e+002
0.762000 9.562452e+002
0.764000 9.557482e+002
0.766000 9.552414e+002
0.768000 9.547248e+002
0.770000 9.541984e+002
0.772000 9.536623e+002
0.774000 9.531166e+002
0.776000 9.525613e+002
0.778000 9.519964e+002
0.780000 9.514220e+002
0.782000 9.508381e+002
0.784000 9.502448e+002
0.786000 9.496420e+002
0.788000 9.490300e+002
0.790000 9.484086e+002
0.792000 9.477780e+002
0.794000 9.471381e+002
0.796000 9.464891e+002
0.798000 9.458309e+002
0.800000 9.451637e+002
0.802000 9.444874e+002
0.804000 9.438022e+002
0.806000 9.431080e+002
0.808000 9.424049e+002
0.810000 9.416930e+002
0.812000 9.409722e+002
0.814000 9.402428e+002
0.816000 9.395045e+002
0.818000 9.387577e+002
0.820000 9.380022e+002
0.822000 9.372381e+002
0.824000 9.364655e+002
0.826000 9.356845e+002
0.828000 9.348950e+002
0.830000 9.340971e+002
0.832000 9.332909e+002
0.834000 9.324764e+002
0.836000 9.316537e+002
0.838000 9.308228e+002
0.840000 9.299837e+002
0.842000 9.291366e+002
0.844000 9.282814e+002
0.846000 9.274182e+002
0.848000 9.265471e+002
0.850000 9.256681e+002
0.852000 9.247812e+002
0.854000 9.238865e+002
0.856000 9.229841e+002
0.858000 9.220739e+002
0.860000 9.211561e+002
0.862000 9.202307e+002
0.864000 9.192978e+002
0.866000 9.183574e+002
0.868000 9.174094e+002
0.870000 9.164541e+002
0.872000 9.154915e+002
0.874000 9.145215e+002
0.876000 9.135443e+002
0.878000 9.125599e+002
0.880000 9.115683e+002
0.882000 9.105696e+002
0.884000 9.095639e+002
0.886000 9.085511e+002
0.888000 9.075314e+002
0.890000 9.065049e+002
0.892000 9.054714e+002
0.894000 9.044312e+002
0.896000 9.033842e+002
0.898000 9.023305e+002
0.900000 9.012701e+002
0.902000 9.002032e+002
0.904000 8.991297e+002
0.906000 8.980497e+002
0.908000 8.969633e+002
0.910000 8.958705e+002
0.912000 8.947713e+002
0.914000 8.936659e+002
0.916000 8.925542e+002
0.918000 8.914363e+002
0.920000 8.903123e+002
0.922000 8.891822e+002
0.924000 8.880461e+002
0.926000 8.869040e+002
0.928000 8.857559e+002
0.930000 8.846020e+002
0.932000 8.834423e+002
0.934000 8.822767e+002
0.936000 8.811055e+002
0.938000 8.799286e+002
0.940000 8.787460e+002
0.942000 8.775579e+002
0.944000 8.763643e+002
0.946000 8.751652e+002
0.948000 8.739606e+002
0.950000 8.727508e+002
0.952000 8.715356e+002
0.954000 8.703151e+002
0.956000 8.690894e+002
0.958000 8.678586e+002
0.960000 8.666227e+002
0.962000 8.653817e+002
0.964000 8.641357e+002
0.966000 8.628848e+002
0.968000 8.616290e+002
0.970000 8.603683e+002
0.972000 8.591028e+002
0.974000 8.578326e+002
0.976000 8.565576e+002
0.978000 8.552781e+002
0.980000 8.539939e+002
0.982000 8.527052e+002
0.984000 8.514120e+002
0.986000 8.501144e+002
0.988000 8.488124e+002
0.990000 8.475061e+002
0.992000 8.461954e+002
0.994000 8.448806e+002
0.996000 8.435615e+002
0.998000 8.422384e+002
1.000000 8.409111e+002
1.002000 8.395798e+002
1.004000 8.382446e+002
1.006000 8.369054e+002
1.008000 8.355623e+002
1.010000 8.342154e+002
1.012000 8.328648e+002
1.014000 8.315104e+002
1.016000 8.301523e+002
1.018000 8.287906e+002
1.020000 8.274254e+002
1.022000 8.260566e+002
1.024000 8.246843e+002
1.026000 8.233087e+002
1.028000 8.219296e+002
1.030000 8.205472e+002
1.032000 8.191616e+002
1.034000 8.177727e+002
1.036000 8.163807e+002
1.038000 8.149855e+002
1.040000 8.135873e+002
1.042000 8.121860e+002
1.044000 8.107818e+002
1.046000 8.093746e+002
1.048000 8.079646e+002
1.050000 8.065517e+002
1.052000 8.051361e+002
1.054000 8.037177e+002
1.056000 8.022966e+002
1.058000 8.008730e+002
1.060000 7.994467e+002
1.062000 7.980179e+002
1.064000 7.965866e+002
1.066000 7.951529e+002
1.068000 7.937168e+002
1.070000 7.922783e+002
1.072000 7.908376e+002
1.074000 7.893946e+002
1.076000 7.879494e+002
1.078000 7.865020e+002
1.080000 7.850526e+002
1.082000 7.836011e+002
1.084000 7.821476e+002
1.086000 7.806921e+002
1.088000 7.792347e+002
1.090000 7.777755e+002
1.092000 7.763144e+002
1.094000 7.748516e+002
1.096000 7.733870e+002
1.098000 7.719207e+002
1.100000 7.704529e+002
1.102000 7.689834e+002
1.104000 7.675124e+002
1.106000 7.660399e+002
1.108000 7.645659e+002
1.110000 7.630905e+002
1.112000 7.616138e+002
1.114000 7.601358e+002
1.116000 7.586565e+002
1.118000 7.571759e+002
1.120000 7.556942e+002
1.122000 7.542114e+002
1.124000 7.527275e+002
1.126000 7.512425e+002
1.128000 7.497565e+002
1.130000 7.482695e+002
1.132000 7.467817e+002
1.134000 7.452930e+002
1.136000 7.438034e+002
1.138000 7.423131e+002
1.140000 7.408220e+002
1.142000 7.393303e+002
1.144000 7.378378e+002
1.146000 7.363448e+002
1.148000 7.348512e+002
1.150000 7.333571e+002
1.152000 7.318625e+002
1.154000 7.303674e+002
1.156000 7.288720e+002
1.158000 7.273762e+002
1.160000 7.258801e+002
1.162000 7.243837e+002
1.164000 7.228870e+002
1.166000 7.213902e+002
1.168000 7.198932e+002
1.170000 7.183962e+002
1.172000 7.168990e+002
1.174000 7.154018e+002
1.176000 7.139047e+002
1.178000 7.124076e+002
1.180000 7.109105e+002
1.182000 7.094137e+002
1.184000 7.079169e+002
1.186000 7.064204e+002
1.188000 7.049242e+002
1.190000 7.034282e+002
1.192000 7.019325e+002
1.194000 7.004372e+002
1.196000 6.989424e+002
1.198000 6.974479e+002
1.200000 6.959540e+002
1.202000 6.944605e+002
1.204000 6.929676e+002
1.206000 6.914753e+002
1.208000 6.899837e+002
1.210000 6.884927e+002
1.212000 6.870024e+002
1.214000 6.855128e+002
1.216000 6.840240e+002
1.218000 6.825361e+002
1.220000 6.810489e+002
1.222000 6.795627e+002
1.224000 6.780774e+002
1.226000 6.765930e+002
1.228000 6.751097e+002
1.230000 6.736273e+002
1.232000 6.721460e+002
1.234000 6.706658e+002
1.236000 6.691868e+002
1.238000 6.677089e+002
1.240000 6.662322e+002
1.242000 6.647567e+002
1.244000 6.632825e+002
1.246000 6.618096e+002
1.248000 6.603381e+002
1.250000 6.588679e+002
1.252000 6.573991e+002
1.254000 6.559317e+002
1.256000 6.544658e+002
1.258000 6.530013e+002
1.260000 6.515385e+002
1.262000 6.500771e+002
1.264000 6.486174e+002
1.266000 6.471593e+002
1.268000 6.457028e+002
1.270000 6.442480e+002
1.272000 6.427949e+002
1.274000 6.413436e+002
1.276000 6.398940e+002
1.278000 6.384463e+002
1.280000 6.370004e+002
1.282000 6.355563e+002
1.284000 6.341142e+002
1.286000 6.326739e+002
1.288000 6.312357e+002
1.290000 6.297994e+002
1.292000 6.283651e+002
1.294000 6.269328e+002
1.296000 6.255026e+002
1.298000 6.240745e+002
1.300000 6.226485e+002
1.302000 6.212247e+002
1.304000 6.198030e+002
1.306000 6.183836e+002
1.308000 6.169664e+002
1.310000 6.155514e+002
1.312000 6.141387e+002
1.314000 6.127283e+002
1.316000 6.113203e+002
1.318000 6.099146e+002
1.320000 6.085113e+002
1.322000 6.071104e+002
1.324000 6.057120e+002
1.326000 6.043160e+002
1.328000 6.029225e+002
1.330000 6.015315e+002
1.332000 6.001430e+002
1.334000 5.987571e+002
1.336000 5.973738e+002
1.338000 5.959931e+002
1.340000 5.946150e+002
1.342000 5.932396e+002
1.344000 5.918668e+002
1.346000 5.904968e+002
1.348000 5.891294e+002
1.350000 5.877648e+002
1.352000 5.864030e+002
1.354000 5.850439e+002
1.356000 5.836877e+002
1.358000 5.823343e+002
1.360000 5.809837e+002
1.362000 5.796360e+002
1.364000 5.782912e+002
1.366000 5.769493e+002
1.368000 5.756103e+002
1.370000 5.742743e+002
1.372000 5.729413e+002
1.374000 5.716112e+002
1.376000 5.702842e+002
1.378000 5.689602e+002
1.380000 5.676392e+002
1.382000 5.663213e+002
1.384000 5.650065e+002
1.386000 5.636948e+002
1.388000 5.623862e+002
1.390000 5.610808e+002
1.392000 5.597785e+002
1.394000 5.584794e+002
1.396000 5.571835e+002
1.398000 5.558908e+002
1.400000 5.546014e+002
1.402000 5.533151e+002
1.404000 5.520322e+002
1.406000 5.507525e+002
1.408000 5.494761e+002
1.410000 5.482030e+002
1.412000 5.469332e+002
1.414000 5.456668e+002
1.416000 5.444037e+002
1.418000 5.431440e+002
1.420000 5.418877e+002
1.422000 5.406348e+002
1.424000 5.393853e+002
1.426000 5.381392e+002
1.428000 5.368965e+002
1.430000 5.356573e+002
1.432000 5.344216e+002
1.434000 5.331894e+002
1.436000 5.319606e+002
1.438000 5.307354e+002
1.440000 5.295137e+002
1.442000 5.282955e+002
1.444000 5.270809e+002
1.446000 5.258698e+002
1.448000 5.246623e+002
1.450000 5.234583e+002
1.452000 5.222580e+002
1.454000 5.210612e+002
1.456000 5.198681e+002
1.458000 5.186786e+002
1.460000 5.174927e+002
1.462000 5.163105e+002
1.464000 5.151319e+002
1.466000 5.139570e+002
1.468000 5.127858e+002
1.470000 5.116183e+002
1.472000 5.104544e+002
1.474000 5.092943e+002
1.476000 5.081379e+002
1.478000 5.069852e+002
1.480000 5.058362e+002
1.482000 5.046910e+002
1.484000 5.035495e+002
1.486000 5.024118e+002
1.488000 5.012778e+002
1.490000 5.001476e+002
1.492000 4.990212e+002
1.494000 4.978986e+002
1.496000 4.967798e+002
1.498000 4.956648e+002
1.500000 4.945536e+002
1.502000 4.934462e+002
1.504000 4.923426e+002
1.506000 4.912428e+002
1.508000 4.901469e+002
1.510000 4.890548e+002
1.512000 4.879666e+002
1.514000 4.868822e+002
1.516000 4.858017e+002
1.518000 4.847250e+002
1.520000 4.836522e+002
1.522000 4.825833e+002
1.524000 4.815183e+002
1.526000 4.804571e+002
1.528000 4.793998e+002
1.530000 4.783464e+002
1.532000 4.772970e+002
1.534000 4.762514e+002
1.536000 4.752097e+002
1.538000 4.741719e+002
1.540000 4.731380e+002
1.542000 4.721080e+002
1.544000 4.710819e+002
1.546000 4.700598e+002
1.548000 4.690416e+002
1.550000 4.680273e+002
1.552000 4.670169e+002
1.554000 4.660105e+002
1.556000 4.650079e+002
1.558000 4.640093e+002
1.560000 4.630147e+002
1.562000 4.620240e+002
1.564000 4.610372e+002
1.566000 4.600543e+002
1.568000 4.590754e+002
1.570000 4.581004e+002
1.572000 4.571294e+002
1.574000 4.561623e+002
1.576000 4.551991e+002
1.578000 4.542399e+002
1.580000 4.532846e+002
1.582000 4.523333e+002
1.584000 4.513859e+002
1.586000 4.504424e+002
1.588000 4.495029e+002
1.590000 4.485674e+002
1.592000 4.476357e+002
1.594000 4.467080e+002
1.596000 4.457842e+002
1.598000 4.448644e+002
1.600000 4.439485e+002
1.602000 4.430366e+002
1.604000 4.421285e+002
1.606000 4.412244e+002
1.608000 4.403242e+002
1.610000 4.394280e+002
1.612000 4.385357e+002
1.614000 4.376473e+002
1.616000 4.367628e+002
1.618000 4.358822e+002
1.620000 4.350055e+002
1.622000 4.341328e+002
1.624000 4.332639e+002
1.626000 4.323990e+002
1.628000 4.315380e+002
1.630000 4.306808e+002
1.632000 4.298276e+002
1.634000 4.289782e+002
1.636000 4.281328e+002
1.638000 4.272912e+002
1.640000 4.264535e+002
1.642000 4.256197e+002
1.644000 4.247897e+002
1.646000 4.239636e+002
1.648000 4.231414e+002
1.650000 4.223230e+002
1.652000 4.215085e+002
1.654000 4.206979e+002
1.656000 4.198911e+002
1.658000 4.190881e+002
1.660000 4.182889e+002
1.662000 4.174936e+002
1.664000 4.167021e+002
1.666000 4.159144e+002
1.668000 4.151306e+002
1.670000 4.143505e+002
1.672000 4.135743e+002
1.674000 4.128018e+002
1.676000 4.120331e+002
1.678000 4.112683e+002
1.680000 4.105071e+002
1.682000 4.097498e+002
1.684000 4.089962e+002
1.686000 4.082464e+002
1.688000 4.075003e+002
1.690000 4.067580e+002
1.692000 4.060194e+002
1.694000 4.052846e+002
1.696000 4.045535e+002
1.698000 4.038261e+002
1.700000 4.031024e+002
1.702000 4.023824e+002
1.704000 4.016661e+002
1.706000 4.009535e+002
1.708000 4.002445e+002
1.710000 3.995393e+002
1.712000 3.988377e+002
1.714000 3.981397e+002
1.716000 3.974455e+002
1.718000 3.967548e+002
1.720000 3.960678e+002
1.722000 3.953844e+002
1.724000 3.947047e+002
1.726000 3.940285e+002
1.728000 3.933560e+002
1.730000 3.926870e+002
1.732000 3.920216e+002
1.734000 3.913598e+002
1.736000 3.907016e+002
1.738000 3.900469e+002
1.740000 3.893958e+002
1.742000 3.887482e+002
1.744000 3.881042e+002
1.746000 3.874636e+002
1.748000 3.868266e+002
1.750000 3.861931e+002
1.752000 3.855631e+002
1.754000 3.849366e+002
1.756000 3.843136e+002
1.758000 3.836940e+002
1.760000 3.830779e+002
1.762000 3.824652e+002
1.764000 3.818560e+002
1.766000 3.812502e+002
1.768000 3.806478e+002
1.770000 3.800488e+002
1.772000 3.794532e+002
1.774000 3.788611e+002
1.776000 3.782723e+002
1.778000 3.776869e+002
1.780000 3.771048e+002
1.782000 3.765261e+002
1.784000 3.759507e+002
1.786000 3.753787e+002
1.788000 3.748099e+002
1.790000 3.742445e+002
1.792000 3.736824e+002
1.794000 3.731236e+002
1.796000 3.725681e+002
1.798000 3.720158e+002
1.800000 3.714668e+002
1.802000 3.709210e+002
1.804000 3.703785e+002
1.806000 3.698392e+002
1.808000 3.693031e+002
1.810000 3.687702e+002
1.812000 3.682405e+002
1.814000 3.677140e+002
1.816000 3.671907e+002
1.818000 3.666705e+002
1.820000 3.661535e+002
1.822000 3.656396e+002
1.824000 3.651289e+002
1.826000 3.646212e+002
1.828000 3.641167e+002
1.830000 3.636153e+002
1.832000 3.631169e+002
1.834000 3.626217e+002
1.836000 3.621294e+002
1.838000 3.616403e+002
1.840000 3.611542e+002
1.842000 3.606711e+002
1.844000 3.601910e+002
1.846000 3.597139e+002
1.848000 3.592399e+002
1.850000 3.587688e+002
1.852000 3.583006e+002
1.854000 3.578355e+002
1.856000 3.573733e+002
1.858000 3.569140e+002
1.860000 3.564577e+002
1.862000 3.560042e+002
1.864000 3.555537e+002
1.866000 3.551060e+002
1.868000 3.546613e+002
1.870000 3.542194e+002
1.872000 3.537804e+002
1.874000 3.533442e+002
1.876000 3.529108e+002
1.878000 3.524803e+002
1.880000 3.520526e+002
1.882000 3.516276e+002
1.884000 3.512055e+002
1.886000 3.507861e+002
1.888000 3.503695e+002
1.890000 3.499557e+002
1.892000 3.495446e+002
1.894000 3.491362e+002
1.896000 3.487305e+002
1.898000 3.483275e+002
1.900000 3.479273e+002
1.902000 3.475297e+002
1.904000 3.471348e+002
1.906000 3.467425e+002
1.908000 3.463529e+002
1.910000 3.459659e+002
1.912000 3.455815e+002
1.914000 3.451998e+002
1.916000 3.448206e+002
1.918000 3.444441e+002
1.920000 3.440701e+002
1.922000 3.436986e+002
1.924000 3.433297e+002
1.926000 3.429634e+002
1.928000 3.425996e+002
1.930000 3.422383e+002
1.932000 3.418795e+002
1.934000 3.415232e+002
1.936000 3.411694e+002
1.938000 3.408180e+002
1.940000 3.404691e+002
1.942000 3.401227e+002
1.944000 3.397786e+002
1.946000 3.394370e+002
1.948000 3.390979e+002
1.950000 3.387611e+002
1.952000 3.384267e+002
1.954000 3.380946e+002
1.956000 3.377650e+002
1.958000 3.374376e+002
1.960000 3.371127e+002
1.962000 3.367900e+002
1.964000 3.364697e+002
1.966000 3.361516e+002
1.968000 3.358359e+002
1.970000 3.355224e+002
1.972000 3.352112e+002
1.974000 3.349023e+002
1.976000 3.345956e+002
1.978000 3.342912e+002
1.980000 3.339889e+002
1.982000 3.336889e+002
1.984000 3.333911e+002
1.986000 3.330954e+002
1.988000 3.328020e+002
1.990000 3.325107e+002
1.992000 3.322215e+002
1.994000 3.319345e+002
1.996000 3.316497e+002
1.998000 3.313669e+002
2.000000 3.310863e+002
2.002000 3.308077e+002
2.004000 3.305313e+002
2.006000 3.302569e+002
2.008000 3.299845e+002
2.010000 3.297143e+002
2.012000 3.294460e+002
2.014000 3.291798e+002
2.016000 3.289156e+002
2.018000 3.286534e+002
2.020000 3.283932e+002
2.022000 3.281350e+002
2.024000 3.278788e+002
2.026000 3.276245e+002
2.028000 3.273722e+002
2.030000 3.271218e+002
2.032000 3.268733e+002
2.034000 3.266268e+002
2.036000 3.263821e+002
2.038000 3.261394e+002
2.040000 3.258985e+002
2.042000 3.256595e+002
2.044000 3.254224e+002
2.046000 3.251871e+002
2.048000 3.249537e+002
2.050000 3.247221e+002
2.052000 3.244923e+002
2.054000 3.242643e+002
2.056000 3.240381e+002
2.058000 3.238137e+002
2.060000 3.235911e+002
2.062000 3.233702e+002
2.064000 3.231511e+002
2.066000 3.229337e+002
2.068000 3.227181e+002
2.070000 3.225042e+002
2.072000 3.222920e+002
2.074000 3.220815e+002
2.076000 3.218727e+002
2.078000 3.216656e+002
2.080000 3.214601e+002
2.082000 3.212563e+002
2.084000 3.210542e+002
2.086000 3.208537e+002
2.088000 3.206548e+002
2.090000 3.204575e+002
2.092000 3.202619e+002
2.094000 3.200678e+002
2.096000 3.198754e+002
2.098000 3.196845e+002
2.100000 3.194952e+002
2.102000 3.193074e+002
2.104000 3.191212e+002
2.106000 3.189366e+002
2.108000 3.187534e+002
2.110000 3.185718e+002
2.112000 3.183917e+002
2.114000 3.182131e+002
2.116000 3.180359e+002
2.118000 3.178603e+002
2.120000 3.176861e+002
2.122000 3.175134e+002
2.124000 3.173421e+002
2.126000 3.171723e+002
2.128000 3.170039e+002
2.130000 3.168369e+002
2.132000 3.166714e+002
2.134000 3.165072e+002
2.136000 3.163445e+002
2.138000 3.161831e+002
2.140000 3.160231e+002
2.142000 3.158644e+002
2.144000 3.157072e+002
2.146000 3.155512e+002
2.148000 3.153966e+002
2.150000 3.152434e+002
2.152000 3.150914e+002
2.154000 3.149408e+002
2.156000 3.147914e+002
2.158000 3.146434e+002
2.160000 3.144966e+002
2.162000 3.143512e+002
2.164000 3.142069e+002
2.166000 3.140640e+002
2.168000 3.139223e+002
2.170000 3.137818e+002
2.172000 3.136426e+002
2.174000 3.135045e+002
2.176000 3.133677e+002
2.178000 3.132321e+002
2.180000 3.130977e+002
2.182000 3.129645e+002
2.184000 3.128325e+002
2.186000 3.127016e+002
2.188000 3.125719e+002
2.190000 3.124433e+002
2.192000 3.123159e+002
2.194000 3.121897e+002
2.196000 3.120645e+002
2.198000 3.119405e+002
2.200000 3.118176e+002
2.202000 3.116958e+002
2.204000 3.115751e+002
2.206000 3.114555e+002
2.208000 3.113370e+002
2.210000 3.112195e+002
2.212000 3.111031e+002
2.214000 3.109878e+002
2.216000 3.108735e+002
2.218000 3.107602e+002
2.220000 3.106480e+002
2.222000 3.105368e+002
2.224000 3.104266e+002
2.226000 3.103175e+002
2.228000 3.102093e+002
2.230000 3.101021e+002
2.232000 3.099960e+002
2.234000 3.098908e+002
2.236000 3.097865e+002
2.238000 3.096833e+002
2.240000 3.095810e+002
2.242000 3.094796e+002
2.244000 3.093792e+002
2.246000 3.092798e+002
2.248000 3.091812e+002
2.250000 3.090836e+002
2.252000 3.089869e+002
2.254000 3.088911e+002
2.256000 3.087962e+002
2.258000 3.087022e+002
2.260000 3.086091e+002
2.262000 3.085168e+002
2.264000 3.084254e+002
2.266000 3.083349e+002
2.268000 3.082453e+002
2.270000 3.081565e+002
2.272000 3.080686e+002
2.274000 3.079814e+002
2.276000 3.078952e+002
2.278000 3.078097e+002
2.280000 3.077251e+002
2.282000 3.076413e+002
2.284000 3.075582e+002
2.286000 3.074760e+002
2.288000 3.073946e+002
2.290000 3.073139e+002
2.292000 3.072341e+002
2.294000 3.071550e+002
2.296000 3.070767e+002
2.298000 3.069991e+002
2.300000 3.069223e+002
2.302000 3.068463e+002
2.304000 3.067709e+002
2.306000 3.066964e+002
2.308000 3.066225e+002
2.310000 3.065494e+002
2.312000 3.064770e+002
2.314000 3.064053e+002
2.316000 3.063343e+002
2.318000 3.062640e+002
2.320000 3.061944e+002
2.322000 3.061255e+002
2.324000 3.060573e+002
2.326000 3.059897e+002
2.328000 3.059229e+002
2.330000 3.058566e+002
2.332000 3.057911e+002
2.334000 3.057262e+002
2.336000 3.056619e+002
2.338000 3.055983e+002
2.340000 3.055354e+002
2.342000 3.054730e+002
2.344000 3.054113e+002
2.346000 3.053503e+002
2.348000 3.052898e+002
2.350000 3.052299e+002
2.352000 3.051707e+002
2.354000 3.051120e+002
2.356000 3.050540e+002
2.358000 3.049965e+002
2.360000 3.049396e+002
2.362000 3.048833e+002
2.364000 3.048276e+002
2.366000 3.047724e+002
2.368000 3.047178e+002
2.370000 3.046638e+002
2.372000 3.046103e+002
2.374000 3.045574e+002
2.376000 3.045050e+002
2.378000 3.044532e+002
2.380000 3.044019e+002
2.382000 3.043511e+002
2.384000 3.043008e+002
2.386000 3.042511e+002
2.388000 3.042019e+002
2.390000 3.041532e+002
2.392000 3.041050e+002
2.394000 3.040573e+002
2.396000 3.040101e+002
2.398000 3.039634e+002
2.400000 3.039172e+002
2.402000 3.038715e+002
2.404000 3.038263e+002
2.406000 3.037815e+002
2.408000 3.037372e+002
2.410000 3.036934e+002
2.412000 3.036500e+002
2.414000 3.036071e+002
2.416000 3.035646e+002
2.418000 3.035226e+002
2.420000 3.034811e+002
2.422000 3.034400e+002
2.424000 3.033993e+002
2.426000 3.033591e+002
2.428000 3.033192e+002
2.430000 3.032799e+002
2.432000 3.032409e+002
2.434000 3.032024e+002
2.436000 3.031642e+002
2.438000 3.031265e+002
2.440000 3.030892e+002
2.442000 3.030523e+002
2.444000 3.030158e+002
2.446000 3.029797e+002
2.448000 3.029439e+002
2.450000 3.029086e+002
2.452000 3.028736e+002
2.454000 3.028391e+002
2.456000 3.028049e+002
2.458000 3.027711e+002
2.460000 3.027376e+002
2.462000 3.027045e+002
2.464000 3.026718e+002
2.466000 3.026394e+002
2.468000 3.026074e+002
2.470000 3.025758e+002
2.472000 3.025445e+002
2.474000 3.025135e+002
2.476000 3.024829e+002
2.478000 3.024526e+002
2.480000 3.024226e+002
2.482000 3.023930e+002
2.484000 3.023637e+002
2.486000 3.023348e+002
2.488000 3.023062e+002
2.490000 3.022778e+002
2.492000 3.022498e+002
2.494000 3.022221e+002
2.496000 3.021948e+002
2.498000 3.021677e+002
2.500000 3.021409e+002
2.502000 3.021145e+002
2.504000 3.020883e+002
2.506000 3.020624e+002
2.508000 3.020368e+002
2.510000 3.020115e+002
2.512000 3.019865e+002
2.514000 3.019618e+002
2.516000 3.019374e+002
2.518000 3.019132e+002
2.520000 3.018893e+002
2.522000 3.018657e+002
2.524000 3.018424e+002
2.526000 3.018193e+002
2.528000 3.017965e+002
2.530000 3.017739e+002
2.532000 3.017516e+002
2.534000 3.017296e+002
2.536000 3.017078e+002
2.538000 3.016862e+002
2.540000 3.016650e+002
2.542000 3.016439e+002
2.544000 3.016231e+002
2.546000 3.016025e+002
2.548000 3.015822e+002
2.550000 3.015621e+002
2.552000 3.015423e+002
2.554000 3.015227e+002
2.556000 3.015033e+002
2.558000 3.014841e+002
2.560000 3.014652e+002
2.562000 3.014464e+002
2.564000 3.014279e+002
2.566000 3.014097e+002
2.568000 3.013916e+002
2.570000 3.013737e+002
2.572000 3.013561e+002
2.574000 3.013386e+002
2.576000 3.013214e+002
2.578000 3.013044e+002
2.580000 3.012875e+002
2.582000 3.012709e+002
2.584000 3.012545e+002
2.586000 3.012382e+002
2.588000 3.012222e+002
2.590000 3.012063e+002
2.592000 3.011907e+002
2.594000 3.011752e+002
2.596000 3.011599e+002
2.598000 3.011448e+002
2.600000 3.011299e+002
2.602000 3.011151e+002
2.604000 3.011005e+002
2.606000 3.010861e+002
2.608000 3.010719e+002
2.610000 3.010579e+002
2.612000 3.010440e+002
2.614000 3.010303e+002
2.616000 3.010167e+002
2.618000 3.010033e+002
2.620000 3.009901e+002
2.622000 3.009770e+002
2.624000 3.009641e+002
2.626000 3.009514e+002
2.628000 3.009388e+002
2.630000 3.009264e+002
2.632000 3.009141e+002
2.634000 3.009019e+002
2.636000 3.008899e+002
2.638000 3.008781e+002
2.640000 3.008664e+002
2.642000 3.008549e+002
2.644000 3.008434e+002
2.646000 3.008322e+002
2.648000 3.008210e+002
2.650000 3.008100e+002
2.652000 3.007992e+002
2.654000 3.007885e+002
2.656000 3.007779e+002
2.658000 3.007674e+002
2.660000 3.007571e+002
2.662000 3.007469e+002
2.664000 3.007368e+002
2.666000 3.007269e+002
2.668000 3.007170e+002
2.670000 3.007073e+002
2.672000 3.006978e+002
2.674000 3.006883e+002
2.676000 3.006790e+002
2.678000 3.006697e+002
2.680000 3.006606e+002
2.682000 3.006516e+002
2.684000 3.006428e+002
2.686000 3.006340e+002
2.688000 3.006253e+002
2.690000 3.006168e+002
2.692000 3.006084e+002
2.694000 3.006000e+002
2.696000 3.005918e+002
2.698000 3.005837e+002
2.700000 3.005757e+002
2.702000 3.005677e+002
2.704000 3.005599e+002
2.706000 3.005522e+002
2.708000 3.005446e+002
2.710000 3.005371e+002
2.712000 3.005296e+002
2.714000 3.005223e+002
2.716000 3.005151e+002
2.718000 3.005079e+002
2.720000 3.005009e+002
2.722000 3.004939e+002
2.724000 3.004871e+002
2.726000 3.004803e+002
2.728000 3.004736e+002
2.730000 3.004670e+002
2.732000 3.004605e+002
2.734000 3.004540e+002
2.736000 3.004477e+002
2.738000 3.004414e+002
2.740000 3.004352e+002
2.742000 3.004291e+002
2.744000 3.004231e+002
2.746000 3.004171e+002
2.748000 3.004113e+002
2.750000 3.004055e+002
2.752000 3.003998e+002
2.754000 3.003941e+002
2.756000 3.003886e+002
2.758000 3.003831e+002
2.760000 3.003776e+002
2.762000 3.003723e+002
2.764000 3.003670e+002
2.766000 3.003618e+002
2.768000 3.003566e+002
2.770000 3.003516e+002
2.772000 3.003466e+002
2.774000 3.003416e+002
2.776000 3.003368e+002
2.778000 3.003319e+002
2.780000 3.003272e+002
2.782000 3.003225e+002
2.784000 3.003179e+002
2.786000 3.003133e+002
2.788000 3.003088e+002
2.790000 3.003044e+002
2.792000 3.003000e+002
2.794000 3.002957e+002
2.796000 3.002914e+002
2.798000 3.002872e+002
2.800000 3.002831e+002
2.802000 3.002790e+002
2.804000 3.002750e+002
2.806000 3.002710e+002
2.808000 3.002671e+002
2.810000 3.002632e+002
2.812000 3.002594e+002
2.814000 3.002556e+002
2.816000 3.002519e+002
2.818000 3.002482e+002
2.820000 3.002446e+002
2.822000 3.002410e+002
2.824000 3.002375e+002
2.826000 3.002340e+002
2.828000 3.002306e+002
2.830000 3.002272e+002
2.832000 3.002239e+002
2.834000 3.002206e+002
2.836000 3.002174e+002
2.838000 3.002142e+002
2.840000 3.002110e+002
2.842000 3.002079e+002
2.844000 3.002048e+002
2.846000 3.002018e+002
2.848000 3.001988e+002
2.850000 3.001959e+002
2.852000 3.001930e+002
2.854000 3.001901e+002
2.856000 3.001873e+002
2.858000 3.001845e+002
2.860000 3.001818e+002
2.862000 3.001791e+002
2.864000 3.001764e+002
2.866000 3.001738e+002
2.868000 3.001712e+002
2.870000 3.001686e+002
2.872000 3.001661e+002
2.874000 3.001636e+002
2.876000 3.001612e+002
2.878000 3.001588e+002
2.880000 3.001564e+002
2.882000 3.001540e+002
2.884000 3.001517e+002
2.886000 3.001494e+002
2.888000 3.001472e+002
2.890000 3.001450e+002
2.892000 3.001428e+002
2.894000 3.001406e+002
2.896000 3.001385e+002
2.898000 3.001364e+002
2.900000 3.001344e+002
2.902000 3.001323e+002
2.904000 3.001303e+002
2.906000 3.001283e+002
2.908000 3.001264e+002
2.910000 3.001245e+002
2.912000 3.001226e+002
2.914000 3.001207e+002
2.916000 3.001189e+002
2.918000 3.001170e+002
2.920000 3.001153e+002
2.922000 3.001135e+002
2.924000 3.001118e+002
2.926000 3.001100e+002
2.928000 3.001084e+002
2.930000 3.001067e+002
2.932000 3.001050e+002
2.934000 3.001034e+002
2.936000 3.001018e+002
2.938000 3.001003e+002
2.940000 3.000987e+002
2.942000 3.000972e+002
2.944000 3.000957e+002
2.946000 3.000942e+002
2.948000 3.000928e+002
2.950000 3.000913e+002
2.952000 3.000899e+002
2.954000 3.000885e+002
2.956000 3.000871e+002
2.958000 3.000858e+002
2.960000 3.000844e+002
2.962000 3.000831e+002
2.964000 3.000818e+002
2.966000 3.000806e+002
2.968000 3.000793e+002
2.970000 3.000781e+002
2.972000 3.000768e+002
2.974000 3.000756e+002
2.976000 3.000745e+002
2.978000 3.000733e+002
2.980000 3.000721e+002
2.982000 3.000710e+002
2.984000 3.000699e+002
2.986000 3.000688e+002
2.988000 3.000677e+002
2.990000 3.000666e+002
2.992000 3.000656e+002
2.994000 3.000645e+002
2.996000 3.000635e+002
2.998000 3.000625e+002
3.000000 3.000615e+002
3.002000 3.000605e+002
3.004000 3.000596e+002
3.006000 3.000586e+002
3.008000 3.000577e+002
3.010000 3.000568e+002
3.012000 3.000559e+002
3.014000 3.000550e+002
3.016000 3.000541e+002
3.018000 3.000533e+002
3.020000 3.000524e+002
3.022000 3.000516e+002
3.024000 3.000507e+002
3.026000 3.000499e+002
3.028000 3.000491e+002
3.030000 3.000483e+002
3.032000 3.000476e+002
3.034000 3.000468e+002
3.036000 3.000460e+002
3.038000 3.000453e+002
3.040000 3.000446e+002
3.042000 3.000438e+002
3.044000 3.000431e+002
3.046000 3.000424e+002
3.048000 3.000418e+002
3.050000 3.000411e+002
3.052000 3.000404e+002
3.054000 3.000398e+002
3.056000 3.000391e+002
3.058000 3.000385e+002
3.060000 3.000378e+002
3.062000 3.000372e+002
3.064000 3.000366e+002
3.066000 3.000360e+002
3.068000 3.000354e+002
3.070000 3.000349e+002
3.072000 3.000343e+002
3.074000 3.000337e+002
3.076000 3.000332e+002
3.078000 3.000326e+002
3.080000 3.000321e+002
3.082000 3.000316e+002
3.084000 3.000311e+002
3.086000 3.000305e+002
3.088000 3.000300e+002
3.090000 3.000295e+002
3.092000 3.000291e+002
3.094000 3.000286e+002
3.096000 3.000281e+002
3.098000 3.000276e+002
3.100000 3.000272e+002
3.102000 3.000267e+002
3.104000 3.000263e+002
3.106000 3.000259e+002
3.108000 3.000254e+002
3.110000 3.000250e+002
3.112000 3.000246e+002
3.114000 3.000242e+002
3.116000 3.000238e+002
3.118000 3.000234e+002
3.120000 3.000230e+002
3.122000 3.000226e+002
3.124000 3.000222e+002
3.126000 3.000219e+002
3.128000 3.000215e+002
3.130000 3.000211e+002
3.132000 3.000208e+002
3.134000 3.000204e+002
3.136000 3.000201e+002
3.138000 3.000197e+002
3.140000 3.000194e+002
3.142000 3.000191e+002
3.144000 3.000188e+002
3.146000 3.000184e+002
3.148000 3.000181e+002
3.150000 3.000178e+002
3.152000 3.000175e+002
3.154000 3.000172e+002
3.156000 3.000169e+002
3.158000 3.000166e+002
3.160000 3.000164e+002
3.162000 3.000161e+002
3.164000 3.000158e+002
3.166000 3.000155e+002
3.168000 3.000153e+002
3.170000 3.000150e+002
3.172000 3.000148e+002
3.174000 3.000145e+002
3.176000 3.000143e+002
3.178000 3.000140e+002
3.180000 3.000138e+002
3.182000 3.000135e+002
3.184000 3.000133e+002
3.186000 3.000131e+002
3.188000 3.000129e+002
3.190000 3.000126e+002
3.192000 3.000124e+002
3.194000 3.000122e+002
3.196000 3.000120e+002
3.198000 3.000118e+002
3.200000 3.000116e+002
3.202000 3.000114e+002
3.204000 3.000112e+002
3.206000 3.000110e+002
3.208000 3.000108e+002
3.210000 3.000106e+002
3.212000 3.000104e+002
3.214000 3.000103e+002
3.216000 3.000101e+002
3.218000 3.000099e+002
3.220000 3.000097e+002
3.222000 3.000096e+002
3.224000 3.000094e+002
3.226000 3.000092e+002
3.228000 3.000091e+002
3.230000 3.000089e+002
3.232000 3.000088e+002
3.234000 3.000086e+002
3.236000 3.000084e+002
3.238000 3.000083e+002
3.240000 3.000082e+002
3.242000 3.000080e+002
3.244000 3.000079e+002
3.246000 3.000077e+002
3.248000 3.000076e+002
3.250000 3.000075e+002
3.252000 3.000073e+002
3.254000 3.000072e+002
3.256000 3.000071e+002
3.258000 3.000069e+002
3.260000 3.000068e+002
3.262000 3.000067e+002
3.264000 3.000066e+002
3.266000 3.000065e+002
3.268000 3.000064e+002
3.270000 3.000062e+002
3.272000 3.000061e+002
3.274000 3.000060e+002
3.276000 3.000059e+002
3.278000 3.000058e+002
3.280000 3.000057e+002
3.282000 3.000056e+002
3.284000 3.000055e+002
3.286000 3.000054e+002
3.288000 3.000053e+002
3.290000 3.000052e+002
3.292000 3.000051e+002
3.294000 3.000050e+002
3.296000 3.000049e+002
3.298000 3.000048e+002
3.300000 3.000048e+002
3.302000 3.000047e+002
3.304000 3.000046e+002
3.306000 3.000045e+002
3.308000 3.000044e+002
3.310000 3.000043e+002
3.312000 3.000043e+002
3.314000 3.000042e+002
3.316000 3.000041e+002
3.318000 3.000040e+002
3.320000 3.000040e+002
3.322000 3.000039e+002
3.324000 3.000038e+002
3.326000 3.000038e+002
3.328000 3.000037e+002
3.330000 3.000036e+002
3.332000 3.000036e+002
3.334000 3.000035e+002
3.336000 3.000034e+002
3.338000 3.000034e+002
3.340000 3.000033e+002
3.342000 3.000032e+002
3.344000 3.000032e+002
3.346000 3.000031e+002
3.348000 3.000031e+002
3.350000 3.000030e+002
3.352000 3.000030e+002
3.354000 3.000029e+002
3.356000 3.000028e+002
3.358000 3.000028e+002
3.360000 3.000027e+002
3.362000 3.000027e+002
3.364000 3.000026e+002
3.366000 3.000026e+002
3.368000 3.000025e+002
3.370000 3.000025e+002
3.372000 3.000025e+002
3.374000 3.000024e+002
3.376000 3.000024e+002
3.378000 3.000023e+002
3.380000 3.000023e+002
3.382000 3.000022e+002
3.384000 3.000022e+002
3.386000 3.000022e+002
3.388000 3.000021e+002
3.390000 3.000021e+002
3.392000 3.000020e+002
3.394000 3.000020e+002
3.396000 3.000020e+002
3.398000 3.000019e+002
3.400000 3.000019e+002
3.402000 3.000019e+002
3.404000 3.000018e+002
3.406000 3.000018e+002
3.408000 3.000018e+002
3.410000 3.000017e+002
3.412000 3.000017e+002
3.414000 3.000017e+002
3.416000 3.000016e+002
3.418000 3.000016e+002
3.420000 3.000016e+002
3.422000 3.000015e+002
3.424000 3.000015e+002
3.426000 3.000015e+002
3.428000 3.000014e+002
3.430000 3.000014e+002
3.432000 3.000014e+002
3.434000 3.000014e+002
3.436000 3.000013e+002
3.438000 3.000013e+002
3.440000 3.000013e+002
3.442000 3.000013e+002
3.444000 3.000012e+002
3.446000 3.000012e+002
3.448000 3.000012e+002
3.450000 3.000012e+002
3.452000 3.000012e+002
3.454000 3.000011e+002
3.456000 3.000011e+002
3.458000 3.000011e+002
3.460000 3.000011e+002
3.462000 3.000010e+002
3.464000 3.000010e+002
3.466000 3.000010e+002
3.468000 3.000010e+002
3.470000 3.000010e+002
3.472000 3.000009e+002
3.474000 3.000009e+002
3.476000 3.000009e+002
3.478000 3.000009e+002
3.480000 3.000009e+002
3.482000 3.000009e+002
3.484000 3.000008e+002
3.486000 3.000008e+002
3.488000 3.000008e+002
3.490000 3.000008e+002
3.492000 3.000008e+002
3.494000 3.000008e+002
3.496000 3.000008e+002
3.498000 3.000007e+002
3.500000 3.000007e+002
3.502000 3.000007e+002
3.504000 3.000007e+002
3.506000 3.000007e+002
3.508000 3.000007e+002
3.510000 3.000007e+002
3.512000 3.000006e+002
3.514000 3.000006e+002
3.516000 3.000006e+002
3.518000 3.000006e+002
3.520000 3.000006e+002
3.522000 3.000006e+002
3.524000 3.000006e+002
3.526000 3.000006e+002
3.528000 3.000005e+002
3.530000 3.000005e+002
3.532000 3.000005e+002
3.534000 3.000005e+002
3.536000 3.000005e+002
3.538000 3.000005e+002
3.540000 3.000005e+002
3.542000 3.000005e+002
3.544000 3.000005e+002
3.546000 3.000005e+002
3.548000 3.000004e+002
3.550000 3.000004e+002
3.552000 3.000004e+002
3.554000 3.000004e+002
3.556000 3.000004e+002
3.558000 3.000004e+002
3.560000 3.000004e+002
3.562000 3.000004e+002
3.564000 3.000004e+002
3.566000 3.000004e+002
3.568000 3.000004e+002
3.570000 3.000004e+002
3.572000 3.000004e+002
3.574000 3.000003e+002
3.576000 3.000003e+002
3.578000 3.000003e+002
3.580000 3.000003e+002
3.582000 3.000003e+002
3.584000 3.000003e+002
3.586000 3.000003e+002
3.588000 3.000003e+002
3.590000 3.000003e+002
3.592000 3.000003e+002
3.594000 3.000003e+002
3.596000 3.000003e+002
3.598000 3.000003e+002
3.600000 3.000003e+002
3.602000 3.000003e+002
3.604000 3.000003e+002
3.606000 3.000003e+002
3.608000 3.000002e+002
3.610000 3.000002e+002
3.612000 3.000002e+002
3.614000 3.000002e+002
3.616000 3.000002e+002
3.618000 3.000002e+002
3.620000 3.000002e+002
3.622000 3.000002e+002
3.624000 3.000002e+002
3.626000 3.000002e+002
3.628000 3.000002e+002
3.630000 3.000002e+002
3.632000 3.000002e+002
3.634000 3.000002e+002
3.636000 3.000002e+002
3.638000 3.000002e+002
3.640000 3.000002e+002
3.642000 3.000002e+002
3.644000 3.000002e+002
3.646000 3.000002e+002
3.648000 3.000002e+002
3.650000 3.000002e+002
3.652000 3.000002e+002
3.654000 3.000002e+002
3.656000 3.000001e+002
3.658000 3.000001e+002
3.660000 3.000001e+002
3.662000 3.000001e+002
3.664000 3.000001e+002
3.666000 3.000001e+002
3.668000 3.000001e+002
3.670000 3.000001e+002
3.672000 3.000001e+002
3.674000 3.000001e+002
3.676000 3.000001e+002
3.678000 3.000001e+002
3.680000 3.000001e+002
3.682000 3.000001e+002
3.684000 3.000001e+002
3.686000 3.000001e+002
3.688000 3.000001e+002
3.690000 3.000001e+002
3.692000 3.000001e+002
3.694000 3.000001e+002
3.696000 3.000001e+002
3.698000 3.000001e+002
3.700000 3.000001e+002
3.702000 3.000001e+002
3.704000 3.000001e+002
3.706000 3.000001e+002
3.708000 3.000001e+002
3.710000 3.000001e+002
3.712000 3.000001e+002
3.714000 3.000001e+002
3.716000 3.000001e+002
3.718000 3.000001e+002
3.720000 3.000001e+002
3.722000 3.000001e+002
3.724000 3.000001e+002
3.726000 3.000001e+002
3.728000 3.000001e+002
3.730000 3.000001e+002
3.732000 3.000001e+002
3.734000 3.000001e+002
3.736000 3.000001e+002
3.738000 3.000001e+002
3.740000 3.000001e+002
3.742000 3.000001e+002
3.744000 3.000001e+002
3.746000 3.000001e+002
3.748000 3.000001e+002
3.750000 3.000001e+002
3.752000 3.000001e+002
3.754000 3.000001e+002
3.756000 3.000001e+002
3.758000 3.000001e+002
3.760000 3.000001e+002
3.762000 3.000000e+002
3.764000 3.000000e+002
3.766000 3.000000e+002
3.768000 3.000000e+002
3.770000 3.000000e+002
3.772000 3.000000e+002
3.774000 3.000000e+002
3.776000 3.000000e+002
3.778000 3.000000e+002
3.780000 3.000000e+002
3.782000 3.000000e+002
3.784000 3.000000e+002
3.786000 3.000000e+002
3.788000 3.000000e+002
3.790000 3.000000e+002
3.792000 3.000000e+002
3.794000 3.000000e+002
3.796000 3.000000e+002
3.798000 3.000000e+002
3.800000 3.000000e+002
3.802000 3.000000e+002
3.804000 3.000000e+002
3.806000 3.000000e+002
3.808000 3.000000e+002
3.810000 3.000000e+002
3.812000 3.000000e+002
3.814000 3.000000e+002
3.816000 3.000000e+002
3.818000 3.000000e+002
3.820000 3.000000e+002
3.822000 3.000000e+002
3.824000 3.000000e+002
3.826000 3.000000e+002
3.828000 3.000000e+002
3.830000 3.000000e+002
3.832000 3.000000e+002
3.834000 3.000000e+002
3.836000 3.000000e+002
3.838000 3.000000e+002
3.840000 3.000000e+002
3.842000 3.000000e+002
3.844000 3.000000e+002
3.846000 3.000000e+002
3.848000 3.000000e+002
3.850000 3.000000e+002
3.852000 3.000000e+002
3.854000 3.000000e+002
3.856000 3.000000e+002
3.858000 3.000000e+002
3.860000 3.000000e+002
3.862000 3.000000e+002
3.864000 3.000000e+002
3.866000 3.000000e+002
3.868000 3.000000e+002
3.870000 3.000000e+002
3.872000 3.000000e+002
3.874000 3.000000e+002
3.876000 3.000000e+002
3.878000 3.000000e+002
3.880000 3.000000e+002
3.882000 3.000000e+002
3.884000 3.000000e+002
3.886000 3.000000e+002
3.888000 3.000000e+002
3.890000 3.000000e+002
3.892000 3.000000e+002
3.894000 3.000000e+002
3.896000 3.000000e+002
3.898000 3.000000e+002
3.900000 3.000000e+002
3.902000 3.000000e+002
3.904000 3.000000e+002
3.906000 3.000000e+002
3.908000 3.000000e+002
3.910000 3.000000e+002
3.912000 3.000000e+002
3.914000 3.000000e+002
3.916000 3.000000e+002
3.918000 3.000000e+002
3.920000 3.000000e+002
3.922000 3.000000e+002
3.924000 3.000000e+002
3.926000 3.000000e+002
3.928000 3.000000e+002
3.930000 3.000000e+002
3.932000 3.000000e+002
3.934000 3.000000e+002
3.936000 3.000000e+002
3.938000 3.000000e+002
3.940000 3.000000e+002
3.942000 3.000000e+002
3.944000 3.000000e+002
3.946000 3.000000e+002
3.948000 3.000000e+002
3.950000 3.000000e+002
3.952000 3.000000e+002
3.954000 3.000000e+002
3.956000 3.000000e+002
3.958000 3.000000e+002
3.960000 3.000000e+002
3.962000 3.000000e+002
3.964000 3.000000e+002
3.966000 3.000000e+002
3.968000 3.000000e+002
3.970000 3.000000e+002
3.972000 3.000000e+002
3.974000 3.000000e+002
3.976000 3.000000e+002
3.978000 3.000000e+002
3.980000 3.000000e+002
3.982000 3.000000e+002
3.984000 3.000000e+002
3.986000 3.000000e+002
3.988000 3.000000e+002
3.990000 3.000000e+002
3.992000 3.000000e+002
3.994000 3.000000e+002
3.996000 3.000000e+002
3.998000 3.000000e+002
