0.000000 3.194727e+002
0.002000 3.216144e+002
0.004000 3.237557e+002
0.006000 3.258965e+002
0.008000 3.280368e+002
0.010000 3.301766e+002
0.012000 3.323158e+002
0.014000 3.344544e+002
0.016000 3.365923e+002
0.018000 3.387295e+002
0.020000 3.408659e+002
0.022000 3.430016e+002
0.024000 3.451364e+002
0.026000 3.472703e+002
0.028000 3.494033e+002
0.030000 3.515354e+002
0.032000 3.536665e+002
0.034000 3.557965e+002
0.036000 3.579255e+002
0.038000 3.600533e+002
0.040000 3.621799e+002
0.042000 3.643054e+002
0.044000 3.664296e+002
0.046000 3.685525e+002
0.048000 3.706741e+002
0.050000 3.727943e+002
0.052000 3.749131e+002
0.054000 3.770305e+002
0.056000 3.791463e+002
0.058000 3.812606e+002
0.060000 3.833734e+002
0.062000 3.854845e+002
0.064000 3.875940e+002
0.066000 3.897018e+002
0.068000 3.918078e+002
0.070000 3.939121e+002
0.072000 3.960145e+002
0.074000 3.981151e+002
0.076000 4.002137e+002
0.078000 4.023105e+002
0.080000 4.044052e+002
0.082000 4.064980e+002
0.084000 4.085886e+002
0.086000 4.106772e+002
0.088000 4.127637e+002
0.090000 4.148479e+002
0.092000 4.169299e+002
0.094000 4.190097e+002
0.096000 4.210872e+002
0.098000 4.231623e+002
0.100000 4.252350e+002
0.102000 4.273054e+002
0.104000 4.293732e+002
0.106000 4.314386e+002
0.108000 4.335014e+002
0.110000 4.355617e+002
0.112000 4.376193e+002
0.114000 4.396743e+002
0.116000 4.417266e+002
0.118000 4.437761e+002
0.120000 4.458229e+002
0.122000 4.478669e+002
0.124000 4.499080e+002
0.126000 4.519462e+002
0.128000 4.539815e+002
0.130000 4.560138e+002
0.132000 4.580432e+002
0.134000 4.600695e+002
0.136000 4.620927e+002
0.138000 4.641128e+002
0.140000 4.661297e+002
0.142000 4.681435e+002
0.144000 4.701540e+002
0.146000 4.721612e+002
0.148000 4.741652e+002
0.150000 4.761658e+002
0.152000 4.781630e+002
0.154000 4.801568e+002
0.156000 4.821471e+002
0.158000 4.841340e+002
0.160000 4.861173e+002
0.162000 4.880971e+002
0.164000 4.900732e+002
0.166000 4.920457e+002
0.168000 4.940146e+002
0.170000 4.959797e+002
0.172000 4.979411e+002
0.174000 4.998987e+002
0.176000 5.018525e+002
0.178000 5.038024e+002
0.180000 5.057484e+002
0.182000 5.076905e+002
0.184000 5.096287e+002
0.186000 5.115628e+002
0.188000 5.134929e+002
0.190000 5.154190e+002
0.192000 5.173409e+002
0.194000 5.192587e+002
0.196000 5.211724e+002
0.198000 5.230818e+002
0.200000 5.249870e+002
0.202000 5.268879e+002
0.204000 5.287845e+002
0.206000 5.306767e+002
0.208000 5.325646e+002
0.210000 5.344480e+002
0.212000 5.363271e+002
0.214000 5.382016e+002
0.216000 5.400716e+002
0.218000 5.419371e+002
0.220000 5.437980e+002
0.222000 5.456543e+002
0.224000 5.475059e+002
0.226000 5.493529e+002
0.228000 5.511951e+002
0.230000 5.530326e+002
0.232000 5.548654e+002
0.234000 5.566933e+002
0.236000 5.585164e+002
0.238000 5.603346e+002
0.240000 5.621479e+002
0.242000 5.639563e+002
0.244000 5.657597e+002
0.246000 5.675582e+002
0.248000 5.693516e+002
0.250000 5.711399e+002
0.252000 5.729232e+002
0.254000 5.747013e+002
0.256000 5.764743e+002
0.258000 5.782421e+002
0.260000 5.800047e+002
0.262000 5.817620e+002
0.264000 5.835141e+002
0.266000 5.852609e+002
0.268000 5.870023e+002
0.270000 5.887384e+002
0.272000 5.904691e+002
0.274000 5.921944e+002
0.276000 5.939142e+002
0.278000 5.956286e+002
0.280000 5.973374e+002
0.282000 5.990408e+002
0.284000 6.007385e+002
0.286000 6.024307e+002
0.288000 6.041173e+002
0.290000 6.057982e+002
0.292000 6.074735e+002
0.294000 6.091430e+002
0.296000 6.108069e+002
0.298000 6.124650e+002
0.300000 6.141173e+002
0.302000 6.157638e+002
0.304000 6.174044e+002
0.306000 6.190392e+002
0.308000 6.206681e+002
0.310000 6.222912e+002
0.312000 6.239082e+002
0.314000 6.255194e+002
0.316000 6.271245e+002
0.318000 6.287236e+002
0.320000 6.303167e+002
0.322000 6.319037e+002
0.324000 6.334846e+002
0.326000 6.350594e+002
0.328000 6.366281e+002
0.330000 6.381907e+002
0.332000 6.397470e+002
0.334000 6.412971e+002
0.336000 6.428410e+002
0.338000 6.443787e+002
0.340000 6.459101e+002
0.342000 6.474351e+002
0.344000 6.489539e+002
0.346000 6.504663e+002
0.348000 6.519723e+002
0.350000 6.534720e+002
0.352000 6.549652e+002
0.354000 6.564520e+002
0.356000 6.579323e+002
0.358000 6.594062e+002
0.360000 6.608735e+002
0.362000 6.623344e+002
0.364000 6.637887e+002
0.366000 6.652364e+002
0.368000 6.666776e+002
0.370000 6.681121e+002
0.372000 6.695401e+002
0.374000 6.709613e+002
0.376000 6.723760e+002
0.378000 6.737839e+002
0.380000 6.751851e+002
0.382000 6.765797e+002
0.384000 6.779674e+002
0.386000 6.793484e+002
0.388000 6.807227e+002
0.390000 6.820901e+002
0.392000 6.834508e+002
0.394000 6.848045e+002
0.396000 6.861515e+002
0.398000 6.874916e+002
0.400000 6.888248e+002
0.402000 6.901511e+002
0.404000 6.914704e+002
0.406000 6.927829e+002
0.408000 6.940883e+002
0.410000 6.953869e+002
0.412000 6.966784e+002
0.414000 6.979629e+002
0.416000 6.992404e+002
0.418000 7.005109e+002
0.420000 7.017743e+002
0.422000 7.030307e+002
0.424000 7.042799e+002
0.426000 7.055221e+002
0.428000 7.067572e+002
0.430000 7.079852e+002
0.432000 7.092060e+002
0.434000 7.104197e+002
0.436000 7.116262e+002
0.438000 7.128255e+002
0.440000 7.140176e+002
0.442000 7.152026e+002
0.444000 7.163803e+002
0.446000 7.175507e+002
0.448000 7.187140e+002
0.450000 7.198700e+002
0.452000 7.210187e+002
0.454000 7.221601e+002
0.456000 7.232943e+002
0.458000 7.244211e+002
0.460000 7.255406e+002
0.462000 7.266528e+002
0.464000 7.277577e+002
0.466000 7.288552e+002
0.468000 7.299453e+002
0.470000 7.310281e+002
0.472000 7.321035e+002
0.474000 7.331716e+002
0.476000 7.342322e+002
0.478000 7.352854e+002
0.480000 7.363312e+002
0.482000 7.373696e+002
0.484000 7.384005e+002
0.486000 7.394240e+002
0.488000 7.404400e+002
0.490000 7.414486e+002
0.492000 7.424497e+002
0.494000 7.434433e+002
0.496000 7.444295e+002
0.498000 7.454081e+002
0.500000 7.463793e+002
0.502000 7.473430e+002
0.504000 7.482991e+002
0.506000 7.492477e+002
0.508000 7.501888e+002
0.510000 7.511224e+002
0.512000 7.520484e+002
0.514000 7.529669e+002
0.516000 7.538778e+002
0.518000 7.547812e+002
0.520000 7.556770e+002
0.522000 7.565652e+002
0.524000 7.574459e+002
0.526000 7.583190e+002
0.528000 7.591845e+002
0.530000 7.600425e+002
0.532000 7.608928e+002
0.534000 7.617356e+002
0.536000 7.625707e+002
0.538000 7.633983e+002
0.540000 7.642183e+002
0.542000 7.650306e+002
0.544000 7.658354e+002
0.546000 7.666325e+002
0.548000 7.674220e+002
0.550000 7.682040e+002
0.552000 7.689783e+002
0.554000 7.697449e+002
0.556000 7.705040e+002
0.558000 7.712554e+002
0.560000 7.719992e+002
0.562000 7.727354e+002
0.564000 7.734640e+002
0.566000 7.741849e+002
0.568000 7.748983e+002
0.570000 7.756040e+002
0.572000 7.763020e+002
0.574000 7.769925e+002
0.576000 7.776753e+002
0.578000 7.783505e+002
0.580000 7.790180e+002
0.582000 7.796780e+002
0.584000 7.803303e+002
0.586000 7.809750e+002
0.588000 7.816121e+002
0.590000 7.822415e+002
0.592000 7.828634e+002
0.594000 7.834776e+002
0.596000 7.840843e+002
0.598000 7.846833e+002
0.600000 7.852747e+002
0.602000 7.858585e+002
0.604000 7.864347e+002
0.606000 7.870033e+002
0.608000 7.875644e+002
0.610000 7.881178e+002
0.612000 7.886637e+002
0.614000 7.892019e+002
0.616000 7.897326e+002
0.618000 7.902557e+002
0.620000 7.907713e+002
0.622000 7.912793e+002
0.624000 7.917797e+002
0.626000 7.922726e+002
0.628000 7.927579e+002
0.630000 7.932357e+002
0.632000 7.937060e+002
0.634000 7.941687e+002
0.636000 7.946239e+002
0.638000 7.950716e+002
0.640000 7.955118e+002
0.642000 7.959444e+002
0.644000 7.963696e+002
0.646000 7.967873e+002
0.648000 7.971975e+002
0.650000 7.976002e+002
0.652000 7.979954e+002
0.654000 7.983832e+002
0.656000 7.987636e+002
0.658000 7.991364e+002
0.660000 7.995019e+002
0.662000 7.998599e+002
0.664000 8.002105e+002
0.666000 8.005537e+002
0.668000 8.008895e+002
0.670000 8.012179e+002
0.672000 8.015389e+002
0.674000 8.018526e+002
0.676000 8.021588e+002
0.678000 8.024578e+002
0.680000 8.027493e+002
0.682000 8.030336e+002
0.684000 8.033105e+002
0.686000 8.035801e+002
0.688000 8.038424e+002
0.690000 8.040974e+002
0.692000 8.043451e+002
0.694000 8.045856e+002
0.696000 8.048188e+002
0.698000 8.050447e+002
0.700000 8.052635e+002
0.702000 8.054750e+002
0.704000 8.056792e+002
0.706000 8.058763e+002
0.708000 8.060662e+002
0.710000 8.062489e+002
0.712000 8.064245e+002
0.714000 8.065929e+002
0.716000 8.067541e+002
0.718000 8.069083e+002
0.720000 8.070553e+002
0.722000 8.071953e+002
0.724000 8.073281e+002
0.726000 8.074539e+002
0.728000 8.075726e+002
0.730000 8.076843e+002
0.732000 8.077890e+002
0.734000 8.078866e+002
0.736000 8.079773e+002
0.738000 8.080609e+002
0.740000 8.081376e+002
0.742000 8.082074e+002
0.744000 8.082702e+002
0.746000 8.083260e+002
0.748000 8.083750e+002
0.750000 8.084171e+002
0.752000 8.084522e+002
0.754000 8.084806e+002
0.756000 8.085021e+002
0.758000 8.085167e+002
0.760000 8.085246e+002
0.762000 8.085256e+002
0.764000 8.085199e+002
0.766000 8.085074e+002
0.768000 8.084881e+002
0.770000 8.084621e+002
0.772000 8.084294e+002
0.774000 8.083900e+002
0.776000 8.083440e+002
0.778000 8.082912e+002
0.780000 8.082318e+002
0.782000 8.081658e+002
0.784000 8.080932e+002
0.786000 8.080140e+002
0.788000 8.079282e+002
0.790000 8.078359e+002
0.792000 8.077370e+002
0.794000 8.076316e+002
0.796000 8.075197e+002
0.798000 8.074014e+002
0.800000 8.072765e+002
0.802000 8.071453e+002
0.804000 8.070076e+002
0.806000 8.068635e+002
0.808000 8.067130e+002
0.810000 8.065561e+002
0.812000 8.063929e+002
0.814000 8.062234e+002
0.816000 8.060475e+002
0.818000 8.058654e+002
0.820000 8.056770e+002
0.822000 8.054824e+002
0.824000 8.052815e+002
0.826000 8.050745e+002
0.828000 8.048612e+002
0.830000 8.046418e+002
0.832000 8.044162e+002
0.834000 8.041845e+002
0.836000 8.039467e+002
0.838000 8.037028e+002
0.840000 8.034529e+002
0.842000 8.031969e+002
0.844000 8.029349e+002
0.846000 8.026669e+002
0.848000 8.023930e+002
0.850000 8.021130e+002
0.852000 8.018272e+002
0.854000 8.015354e+002
0.856000 8.012378e+002
0.858000 8.009342e+002
0.860000 8.006249e+002
0.862000 8.003097e+002
0.864000 7.999887e+002
0.866000 7.996619e+002
0.868000 7.993294e+002
0.870000 7.989911e+002
0.872000 7.986472e+002
0.874000 7.982975e+002
0.876000 7.979422e+002
0.878000 7.975812e+002
0.880000 7.972146e+002
0.882000 7.968425e+002
0.884000 7.964647e+002
0.886000 7.960814e+002
0.888000 7.956926e+002
0.890000 7.952983e+002
0.892000 7.948984e+002
0.894000 7.944932e+002
0.896000 7.940825e+002
0.898000 7.936664e+002
0.900000 7.932449e+002
0.902000 7.928180e+002
0.904000 7.923858e+002
0.906000 7.919483e+002
0.908000 7.915056e+002
0.910000 7.910575e+002
0.912000 7.906042e+002
0.914000 7.901457e+002
0.916000 7.896820e+002
0.918000 7.892131e+002
0.920000 7.887391e+002
0.922000 7.882600e+002
0.924000 7.877757e+002
0.926000 7.872864e+002
0.928000 7.867921e+002
0.930000 7.862927e+002
0.932000 7.857884e+002
0.934000 7.852791e+002
0.936000 7.847648e+002
0.938000 7.842456e+002
0.940000 7.837215e+002
0.942000 7.831926e+002
0.944000 7.826588e+002
0.946000 7.821201e+002
0.948000 7.815767e+002
0.950000 7.810285e+002
0.952000 7.804756e+002
0.954000 7.799180e+002
0.956000 7.793556e+002
0.958000 7.787886e+002
0.960000 7.782170e+002
0.962000 7.776407e+002
0.964000 7.770599e+002
0.966000 7.764745e+002
0.968000 7.758845e+002
0.970000 7.752901e+002
0.972000 7.746911e+002
0.974000 7.740877e+002
0.976000 7.734799e+002
0.978000 7.728676e+002
0.980000 7.722510e+002
0.982000 7.716300e+002
0.984000 7.710047e+002
0.986000 7.703750e+002
0.988000 7.697411e+002
0.990000 7.691030e+002
0.992000 7.684606e+002
0.994000 7.678140e+002
0.996000 7.671633e+002
0.998000 7.665084e+002
1.000000 7.658493e+002
1.002000 7.651862e+002
1.004000 7.645190e+002
1.006000 7.638478e+002
1.008000 7.631726e+002
1.010000 7.624933e+002
1.012000 7.618101e+002
1.014000 7.611230e+002
1.016000 7.604320e+002
1.018000 7.597370e+002
1.020000 7.590383e+002
1.022000 7.583356e+002
1.024000 7.576292e+002
1.026000 7.569190e+002
1.028000 7.562051e+002
1.030000 7.554875e+002
1.032000 7.547661e+002
1.034000 7.540411e+002
1.036000 7.533124e+002
1.038000 7.525801e+002
1.040000 7.518442e+002
1.042000 7.511048e+002
1.044000 7.503618e+002
1.046000 7.496153e+002
1.048000 7.488654e+002
1.050000 7.481119e+002
1.052000 7.473551e+002
1.054000 7.465948e+002
1.056000 7.458312e+002
1.058000 7.450642e+002
1.060000 7.442939e+002
1.062000 7.435203e+002
1.064000 7.427434e+002
1.066000 7.419633e+002
1.068000 7.411800e+002
1.070000 7.403935e+002
1.072000 7.396038e+002
1.074000 7.388110e+002
1.076000 7.380151e+002
1.078000 7.372160e+002
1.080000 7.364140e+002
1.082000 7.356089e+002
1.084000 7.348008e+002
1.086000 7.339897e+002
1.088000 7.331757e+002
1.090000 7.323588e+002
1.092000 7.315389e+002
1.094000 7.307162e+002
1.096000 7.298907e+002
1.098000 7.290623e+002
1.100000 7.282312e+002
1.102000 7.273973e+002
1.104000 7.265606e+002
1.106000 7.257213e+002
1.108000 7.248792e+002
1.110000 7.240345e+002
1.112000 7.231872e+002
1.114000 7.223373e+002
1.116000 7.214847e+002
1.118000 7.206297e+002
1.120000 7.197721e+002
1.122000 7.189120e+002
1.124000 7.180495e+002
1.126000 7.171845e+002
1.128000 7.163170e+002
1.130000 7.154472e+002
1.132000 7.145750e+002
1.134000 7.137005e+002
1.136000 7.128237e+002
1.138000 7.119445e+002
1.140000 7.110632e+002
1.142000 7.101795e+002
1.144000 7.092937e+002
1.146000 7.084057e+002
1.148000 7.075155e+002
1.150000 7.066232e+002
1.152000 7.057288e+002
1.154000 7.048323e+002
1.156000 7.039337e+002
1.158000 7.030331e+002
1.160000 7.021305e+002
1.162000 7.012260e+002
1.164000 7.003194e+002
1.166000 6.994110e+002
1.168000 6.985006e+002
1.170000 6.975884e+002
1.172000 6.966743e+002
1.174000 6.957584e+002
1.176000 6.948407e+002
1.178000 6.939213e+002
1.180000 6.930000e+002
1.182000 6.920771e+002
1.184000 6.911524e+002
1.186000 6.902261e+002
1.188000 6.892982e+002
1.190000 6.883686e+002
1.192000 6.874374e+002
1.194000 6.865046e+002
1.196000 6.855703e+002
1.198000 6.846345e+002
1.200000 6.836971e+002
1.202000 6.827583e+002
1.204000 6.818180e+002
1.206000 6.808764e+002
1.208000 6.799333e+002
1.210000 6.789888e+002
1.212000 6.780430e+002
1.214000 6.770959e+002
1.216000 6.761474e+002
1.218000 6.751977e+002
1.220000 6.742467e+002
1.222000 6.732945e+002
1.224000 6.723411e+002
1.226000 6.713865e+002
1.228000 6.704307e+002
1.230000 6.694738e+002
1.232000 6.685158e+002
1.234000 6.675568e+002
1.236000 6.665966e+002
1.238000 6.656354e+002
1.240000 6.646732e+002
1.242000 6.637100e+002
1.244000 6.627459e+002
1.246000 6.617807e+002
1.248000 6.608147e+002
1.250000 6.598478e+002
1.252000 6.588800e+002
1.254000 6.579113e+002
1.256000 6.569418e+002
1.258000 6.559715e+002
1.260000 6.550005e+002
1.262000 6.540286e+002
1.264000 6.530560e+002
1.266000 6.520828e+002
1.268000 6.511088e+002
1.270000 6.501341e+002
1.272000 6.491588e+002
1.274000 6.481829e+002
1.276000 6.472064e+002
1.278000 6.462293e+002
1.280000 6.452516e+002
1.282000 6.442734e+002
1.284000 6.432947e+002
1.286000 6.423155e+002
1.288000 6.413358e+002
1.290000 6.403557e+002
1.292000 6.393751e+002
1.294000 6.383942e+002
1.296000 6.374128e+002
1.298000 6.364311e+002
1.300000 6.354491e+002
1.302000 6.344667e+002
1.304000 6.334841e+002
1.306000 6.325011e+002
1.308000 6.315180e+002
1.310000 6.305345e+002
1.312000 6.295509e+002
1.314000 6.285671e+002
1.316000 6.275831e+002
1.318000 6.265989e+002
1.320000 6.256146e+002
1.322000 6.246302e+002
1.324000 6.236458e+002
1.326000 6.226612e+002
1.328000 6.216766e+002
1.330000 6.206920e+002
1.332000 6.197074e+002
1.334000 6.187227e+002
1.336000 6.177382e+002
1.338000 6.167536e+002
1.340000 6.157692e+002
1.342000 6.147848e+002
1.344000 6.138005e+002
1.346000 6.128164e+002
1.348000 6.118324e+002
1.350000 6.108486e+002
1.352000 6.098650e+002
1.354000 6.088815e+002
1.356000 6.078984e+002
1.358000 6.069154e+002
1.360000 6.059327e+002
1.362000 6.049503e+002
1.364000 6.039682e+002
1.366000 6.029865e+002
1.368000 6.020050e+002
1.370000 6.010240e+002
1.372000 6.000433e+002
1.374000 5.990630e+002
1.376000 5.980831e+002
1.378000 5.971036e+002
1.380000 5.961246e+002
1.382000 5.951460e+002
1.384000 5.941680e+002
1.386000 5.931904e+002
1.388000 5.922134e+002
1.390000 5.912369e+002
1.392000 5.902609e+002
1.394000 5.892856e+002
1.396000 5.883108e+002
1.398000 5.873366e+002
1.400000 5.863631e+002
1.402000 5.853902e+002
1.404000 5.844179e+002
1.406000 5.834463e+002
1.408000 5.824755e+002
1.410000 5.815053e+002
1.412000 5.805358e+002
1.414000 5.795671e+002
1.416000 5.785992e+002
1.418000 5.776320e+002
1.420000 5.766656e+002
1.422000 5.757000e+002
1.424000 5.747353e+002
1.426000 5.737713e+002
1.428000 5.728083e+002
1.430000 5.718461e+002
1.432000 5.708848e+002
1.434000 5.699244e+002
1.436000 5.689649e+002
1.438000 5.680063e+002
1.440000 5.670487e+002
1.442000 5.660920e+002
1.444000 5.651364e+002
1.446000 5.641817e+002
1.448000 5.632280e+002
1.450000 5.622753e+002
1.452000 5.613237e+002
1.454000 5.603731e+002
1.456000 5.594236e+002
1.458000 5.584752e+002
1.460000 5.575279e+002
1.462000 5.565816e+002
1.464000 5.556365e+002
1.466000 5.546926e+002
1.468000 5.537498e+002
1.470000 5.528081e+002
1.472000 5.518676e+002
1.474000 5.509283e+002
1.476000 5.499902e+002
1.478000 5.490534e+002
1.480000 5.481177e+002
1.482000 5.471834e+002
1.484000 5.462502e+002
1.486000 5.453184e+002
1.488000 5.443878e+002
1.490000 5.434585e+002
1.492000 5.425305e+002
1.494000 5.416039e+002
1.496000 5.406786e+002
1.498000 5.397546e+002
1.500000 5.388320e+002
1.502000 5.379107e+002
1.504000 5.369909e+002
1.506000 5.360724e+002
1.508000 5.351553e+002
1.510000 5.342397e+002
1.512000 5.333255e+002
1.514000 5.324127e+002
1.516000 5.315014e+002
1.518000 5.305916e+002
1.520000 5.296832e+002
1.522000 5.287763e+002
1.524000 5.278709e+002
1.526000 5.269671e+002
1.528000 5.260647e+002
1.530000 5.251639e+002
1.532000 5.242646e+002
1.534000 5.233669e+002
1.536000 5.224707e+002
1.538000 5.215762e+002
1.540000 5.206832e+002
1.542000 5.197918e+002
1.544000 5.189020e+002
1.546000 5.180138e+002
1.548000 5.171272e+002
1.550000 5.162423e+002
1.552000 5.153590e+002
1.554000 5.144774e+002
1.556000 5.135975e+002
1.558000 5.127192e+002
1.560000 5.118426e+002
1.562000 5.109677e+002
1.564000 5.100945e+002
1.566000 5.092230e+002
1.568000 5.083533e+002
1.570000 5.074852e+002
1.572000 5.066189e+002
1.574000 5.057544e+002
1.576000 5.048916e+002
1.578000 5.040306e+002
1.580000 5.031714e+002
1.582000 5.023139e+002
1.584000 5.014582e+002
1.586000 5.006043e+002
1.588000 4.997523e+002
1.590000 4.989020e+002
1.592000 4.980536e+002
1.594000 4.972070e+002
1.596000 4.963623e+002
1.598000 4.955193e+002
1.600000 4.946783e+002
1.602000 4.938391e+002
1.604000 4.930018e+002
1.606000 4.921663e+002
1.608000 4.913328e+002
1.610000 4.905011e+002
1.612000 4.896713e+002
1.614000 4.888435e+002
1.616000 4.880175e+002
1.618000 4.871935e+002
1.620000 4.863714e+002
1.622000 4.855512e+002
1.624000 4.847330e+002
1.626000 4.839167e+002
1.628000 4.831024e+002
1.630000 4.822900e+002
1.632000 4.814796e+002
1.634000 4.806711e+002
1.636000 4.798647e+002
1.638000 4.790602e+002
1.640000 4.782577e+002
1.642000 4.774572e+002
1.644000 4.766587e+002
1.646000 4.758622e+002
1.648000 4.750677e+002
1.650000 4.742753e+002
1.652000 4.734848e+002
1.654000 4.726964e+002
1.656000 4.719100e+002
1.658000 4.711257e+002
1.660000 4.703434e+002
1.662000 4.695631e+002
1.664000 4.687849e+002
1.666000 4.680088e+002
1.668000 4.672347e+002
1.670000 4.664627e+002
1.672000 4.656928e+002
1.674000 4.649249e+002
1.676000 4.641591e+002
1.678000 4.633954e+002
1.680000 4.626338e+002
1.682000 4.618743e+002
1.684000 4.611169e+002
1.686000 4.603616e+002
1.688000 4.596084e+002
1.690000 4.588573e+002
1.692000 4.581083e+002
1.694000 4.573614e+002
1.696000 4.566166e+002
1.698000 4.558740e+002
1.700000 4.551335e+002
1.702000 4.543951e+002
1.704000 4.536589e+002
1.706000 4.529248e+002
1.708000 4.521928e+002
1.710000 4.514630e+002
1.712000 4.507353e+002
1.714000 4.500098e+002
1.716000 4.492864e+002
1.718000 4.485652e+002
1.720000 4.478461e+002
1.722000 4.471292e+002
1.724000 4.464144e+002
1.726000 4.457019e+002
1.728000 4.449914e+002
1.730000 4.442832e+002
1.732000 4.435771e+002
1.734000 4.428732e+002
1.736000 4.421715e+002
1.738000 4.414719e+002
1.740000 4.407746e+002
1.742000 4.400794e+002
1.744000 4.393864e+002
1.746000 4.386955e+002
1.748000 4.380069e+002
1.750000 4.373204e+002
1.752000 4.366362e+002
1.754000 4.359541e+002
1.756000 4.352742e+002
1.758000 4.345966e+002
1.760000 4.339211e+002
1.762000 4.332478e+002
1.764000 4.325767e+002
1.766000 4.319078e+002
1.768000 4.312411e+002
1.770000 4.305766e+002
1.772000 4.299143e+002
1.774000 4.292542e+002
1.776000 4.285963e+002
1.778000 4.279406e+002
1.780000 4.272871e+002
1.782000 4.266358e+002
1.784000 4.259867e+002
1.786000 4.253399e+002
1.788000 4.246952e+002
1.790000 4.240527e+002
1.792000 4.234125e+002
1.794000 4.227744e+002
1.796000 4.221386e+002
1.798000 4.215049e+002
1.800000 4.208735e+002
1.802000 4.202442e+002
1.804000 4.196172e+002
1.806000 4.189924e+002
1.808000 4.183698e+002
1.810000 4.177494e+002
1.812000 4.171311e+002
1.814000 4.165151e+002
1.816000 4.159013e+002
1.818000 4.152897e+002
1.820000 4.146803e+002
1.822000 4.140731e+002
1.824000 4.134681e+002
1.826000 4.128653e+002
1.828000 4.122647e+002
1.830000 4.116663e+002
1.832000 4.110701e+002
1.834000 4.104761e+002
1.836000 4.098843e+002
1.838000 4.092947e+002
1.840000 4.087072e+002
1.842000 4.081220e+002
1.844000 4.075389e+002
1.846000 4.069581e+002
1.848000 4.063794e+002
1.850000 4.058029e+002
1.852000 4.052286e+002
1.854000 4.046565e+002
1.856000 4.040865e+002
1.858000 4.035188e+002
1.860000 4.029532e+002
1.862000 4.023898e+002
1.864000 4.018285e+002
1.866000 4.012695e+002
1.868000 4.007126e+002
1.870000 4.001578e+002
1.872000 3.996053e+002
1.874000 3.990549e+002
1.876000 3.985066e+002
1.878000 3.979606e+002
1.880000 3.974166e+002
1.882000 3.968749e+002
1.884000 3.963353e+002
1.886000 3.957978e+002
1.888000 3.952625e+002
1.890000 3.947293e+002
1.892000 3.941983e+002
1.894000 3.936694e+002
1.896000 3.931426e+002
1.898000 3.926180e+002
1.900000 3.920955e+002
1.902000 3.915752e+002
1.904000 3.910569e+002
1.906000 3.905408e+002
1.908000 3.900269e+002
1.910000 3.895150e+002
1.912000 3.890053e+002
1.914000 3.884976e+002
1.916000 3.879921e+002
1.918000 3.874887e+002
1.920000 3.869874e+002
1.922000 3.864882e+002
1.924000 3.859910e+002
1.926000 3.854960e+002
1.928000 3.850031e+002
1.930000 3.845122e+002
1.932000 3.840235e+002
1.934000 3.835368e+002
1.936000 3.830522e+002
1.938000 3.825697e+002
1.940000 3.820892e+002
1.942000 3.816108e+002
1.944000 3.811345e+002
1.946000 3.806603e+002
1.948000 3.801880e+002
1.950000 3.797179e+002
1.952000 3.792498e+002
1.954000 3.787837e+002
1.956000 3.783197e+002
1.958000 3.778577e+002
1.960000 3.773978e+002
1.962000 3.769399e+002
1.964000 3.764840e+002
1.966000 3.760301e+002
1.968000 3.755783e+002
1.970000 3.751284e+002
1.972000 3.746806e+002
1.974000 3.742348e+002
1.976000 3.737910e+002
1.978000 3.733492e+002
1.980000 3.729094e+002
1.982000 3.724715e+002
1.984000 3.720357e+002
1.986000 3.716018e+002
1.988000 3.711699e+002
1.990000 3.707400e+002
1.992000 3.703121e+002
1.994000 3.698861e+002
1.996000 3.694621e+002
1.998000 3.690401e+002
2.000000 3.686200e+002
2.002000 3.682018e+002
2.004000 3.677856e+002
2.006000 3.673713e+002
2.008000 3.669590e+002
2.010000 3.665486e+002
2.012000 3.661401e+002
2.014000 3.657335e+002
2.016000 3.653289e+002
2.018000 3.649261e+002
2.020000 3.645253e+002
2.022000 3.641264e+002
2.024000 3.637293e+002
2.026000 3.633342e+002
2.028000 3.629410e+002
2.030000 3.625496e+002
2.032000 3.621601e+002
2.034000 3.617725e+002
2.036000 3.613868e+002
2.038000 3.610029e+002
2.040000 3.606209e+002
2.042000 3.602407e+002
2.044000 3.598624e+002
2.046000 3.594859e+002
2.048000 3.591113e+002
2.050000 3.587385e+002
2.052000 3.583675e+002
2.054000 3.579984e+002
2.056000 3.576310e+002
2.058000 3.572655e+002
2.060000 3.569018e+002
2.062000 3.565400e+002
2.064000 3.561799e+002
2.066000 3.558216e+002
2.068000 3.554651e+002
2.070000 3.551103e+002
2.072000 3.547574e+002
2.074000 3.544062e+002
2.076000 3.540568e+002
2.078000 3.537092e+002
2.080000 3.533633e+002
2.082000 3.530192e+002
2.084000 3.526768e+002
2.086000 3.523362e+002
2.088000 3.519973e+002
2.090000 3.516602e+002
2.092000 3.513247e+002
2.094000 3.509910e+002
2.096000 3.506590e+002
2.098000 3.503288e+002
2.100000 3.500002e+002
2.102000 3.496733e+002
2.104000 3.493482e+002
2.106000 3.490247e+002
2.108000 3.487029e+002
2.110000 3.483828e+002
2.112000 3.480643e+002
2.114000 3.477476e+002
2.116000 3.474324e+002
2.118000 3.471190e+002
2.120000 3.468072e+002
2.122000 3.464971e+002
2.124000 3.461885e+002
2.126000 3.458817e+002
2.128000 3.455764e+002
2.130000 3.452728e+002
2.132000 3.449708e+002
2.134000 3.446705e+002
2.136000 3.443717e+002
2.138000 3.440745e+002
2.140000 3.437790e+002
2.142000 3.434850e+002
2.144000 3.431926e+002
2.146000 3.429018e+002
2.148000 3.426126e+002
2.150000 3.423249e+002
2.152000 3.420389e+002
2.154000 3.417543e+002
2.156000 3.414714e+002
2.158000 3.411900e+002
2.160000 3.409101e+002
2.162000 3.406317e+002
2.164000 3.403549e+002
2.166000 3.400797e+002
2.168000 3.398059e+002
2.170000 3.395337e+002
2.172000 3.392629e+002
2.174000 3.389937e+002
2.176000 3.387260e+002
2.178000 3.384598e+002
2.180000 3.381950e+002
2.182000 3.379318e+002
2.184000 3.376700e+002
2.186000 3.374097e+002
2.188000 3.371508e+002
2.190000 3.368935e+002
2.192000 3.366375e+002
2.194000 3.363831e+002
2.196000 3.361300e+002
2.198000 3.358784e+002
2.200000 3.356283e+002
2.202000 3.353795e+002
2.204000 3.351322e+002
2.206000 3.348863e+002
2.208000 3.346419e+002
2.210000 3.343988e+002
2.212000 3.341571e+002
2.214000 3.339168e+002
2.216000 3.336779e+002
2.218000 3.334404e+002
2.220000 3.332043e+002
2.222000 3.329695e+002
2.224000 3.327361e+002
2.226000 3.325041e+002
2.228000 3.322734e+002
2.230000 3.320441e+002
2.232000 3.318161e+002
2.234000 3.315895e+002
2.236000 3.313642e+002
2.238000 3.311402e+002
2.240000 3.309175e+002
2.242000 3.306962e+002
2.244000 3.304762e+002
2.246000 3.302574e+002
2.248000 3.300400e+002
2.250000 3.298239e+002
2.252000 3.296091e+002
2.254000 3.293955e+002
2.256000 3.291832e+002
2.258000 3.289722e+002
2.260000 3.287625e+002
2.262000 3.285540e+002
2.264000 3.283468e+002
2.266000 3.281408e+002
2.268000 3.279361e+002
2.270000 3.277327e+002
2.272000 3.275304e+002
2.274000 3.273294e+002
2.276000 3.271296e+002
2.278000 3.269311e+002
2.280000 3.267337e+002
2.282000 3.265376e+002
2.284000 3.263426e+002
2.286000 3.261489e+002
2.288000 3.259563e+002
2.290000 3.257649e+002
2.292000 3.255748e+002
2.294000 3.253858e+002
2.296000 3.251979e+002
2.298000 3.250113e+002
2.300000 3.248257e+002
2.302000 3.246414e+002
2.304000 3.244582e+002
2.306000 3.242761e+002
2.308000 3.240952e+002
2.310000 3.239154e+002
2.312000 3.237367e+002
2.314000 3.235592e+002
2.316000 3.233828e+002
2.318000 3.232075e+002
2.320000 3.230333e+002
2.322000 3.228602e+002
2.324000 3.226882e+002
2.326000 3.225173e+002
2.328000 3.223475e+002
2.330000 3.221787e+002
2.332000 3.220111e+002
2.334000 3.218445e+002
2.336000 3.216789e+002
2.338000 3.215145e+002
2.340000 3.213511e+002
2.342000 3.211887e+002
2.344000 3.210274e+002
2.346000 3.208671e+002
2.348000 3.207079e+002
2.350000 3.205497e+002
2.352000 3.203925e+002
2.354000 3.202364e+002
2.356000 3.200812e+002
2.358000 3.199271e+002
2.360000 3.197739e+002
2.362000 3.196218e+002
2.364000 3.194707e+002
2.366000 3.193205e+002
2.368000 3.191714e+002
2.370000 3.190232e+002
2.372000 3.188760e+002
2.374000 3.187298e+002
2.376000 3.185845e+002
2.378000 3.184402e+002
2.380000 3.182969e+002
2.382000 3.181545e+002
2.384000 3.180130e+002
2.386000 3.178725e+002
2.388000 3.177330e+002
2.390000 3.175943e+002
2.392000 3.174566e+002
2.394000 3.173198e+002
2.396000 3.171839e+002
2.398000 3.170490e+002
2.400000 3.169149e+002
2.402000 3.167818e+002
2.404000 3.166495e+002
2.406000 3.165182e+002
2.408000 3.163877e+002
2.410000 3.162581e+002
2.412000 3.161294e+002
2.414000 3.160016e+002
2.416000 3.158746e+002
2.418000 3.157485e+002
2.420000 3.156233e+002
2.422000 3.154989e+002
2.424000 3.153754e+002
2.426000 3.152527e+002
2.428000 3.151309e+002
2.430000 3.150099e+002
2.432000 3.148897e+002
2.434000 3.147704e+002
2.436000 3.146519e+002
2.438000 3.145342e+002
2.440000 3.144173e+002
2.442000 3.143012e+002
2.444000 3.141860e+002
2.446000 3.140715e+002
2.448000 3.139579e+002
2.450000 3.138450e+002
2.452000 3.137329e+002
2.454000 3.136216e+002
2.456000 3.135111e+002
2.458000 3.134014e+002
2.460000 3.132924e+002
2.462000 3.131842e+002
2.464000 3.130768e+002
2.466000 3.129701e+002
2.468000 3.128642e+002
2.470000 3.127590e+002
2.472000 3.126546e+002
2.474000 3.125509e+002
2.476000 3.124480e+002
2.478000 3.123457e+002
2.480000 3.122443e+002
2.482000 3.121435e+002
2.484000 3.120435e+002
2.486000 3.119441e+002
2.488000 3.118455e+002
2.490000 3.117476e+002
2.492000 3.116504e+002
2.494000 3.115539e+002
2.496000 3.114581e+002
2.498000 3.113630e+002
2.500000 3.112686e+002
2.502000 3.111748e+002
2.504000 3.110818e+002
2.506000 3.109894e+002
2.508000 3.108977e+002
2.510000 3.108066e+002
2.512000 3.107163e+002
2.514000 3.106265e+002
2.516000 3.105375e+002
2.518000 3.104491e+002
2.520000 3.103613e+002
2.522000 3.102742e+002
2.524000 3.101877e+002
2.526000 3.101019e+002
2.528000 3.100166e+002
2.530000 3.099321e+002
2.532000 3.098481e+002
2.534000 3.097648e+002
2.536000 3.096821e+002
2.538000 3.096000e+002
2.540000 3.095185e+002
2.542000 3.094376e+002
2.544000 3.093573e+002
2.546000 3.092776e+002
2.548000 3.091985e+002
2.550000 3.091200e+002
2.552000 3.090421e+002
2.554000 3.089648e+002
2.556000 3.088880e+002
2.558000 3.088119e+002
2.560000 3.087363e+002
2.562000 3.086613e+002
2.564000 3.085868e+002
2.566000 3.085129e+002
2.568000 3.084396e+002
2.570000 3.083668e+002
2.572000 3.082946e+002
2.574000 3.082229e+002
2.576000 3.081518e+002
2.578000 3.080812e+002
2.580000 3.080111e+002
2.582000 3.079416e+002
2.584000 3.078726e+002
2.586000 3.078042e+002
2.588000 3.077363e+002
2.590000 3.076688e+002
2.592000 3.076020e+002
2.594000 3.075356e+002
2.596000 3.074697e+002
2.598000 3.074044e+002
2.600000 3.073395e+002
2.602000 3.072752e+002
2.604000 3.072113e+002
2.606000 3.071480e+002
2.608000 3.070851e+002
2.610000 3.070228e+002
2.612000 3.069609e+002
2.614000 3.068995e+002
2.616000 3.068385e+002
2.618000 3.067781e+002
2.620000 3.067181e+002
2.622000 3.066586e+002
2.624000 3.065996e+002
2.626000 3.065410e+002
2.628000 3.064829e+002
2.630000 3.064253e+002
2.632000 3.063681e+002
2.634000 3.063113e+002
2.636000 3.062550e+002
2.638000 3.061992e+002
2.640000 3.061438e+002
2.642000 3.060888e+002
2.644000 3.060343e+002
2.646000 3.059802e+002
2.648000 3.059265e+002
2.650000 3.058733e+002
2.652000 3.058205e+002
2.654000 3.057681e+002
2.656000 3.057161e+002
2.658000 3.056646e+002
2.660000 3.056134e+002
2.662000 3.055627e+002
2.664000 3.055124e+002
2.666000 3.054625e+002
2.668000 3.054130e+002
2.670000 3.053639e+002
2.672000 3.053151e+002
2.674000 3.052668e+002
2.676000 3.052189e+002
2.678000 3.051714e+002
2.680000 3.051242e+002
2.682000 3.050775e+002
2.684000 3.050311e+002
2.686000 3.049851e+002
2.688000 3.049394e+002
2.690000 3.048942e+002
2.692000 3.048493e+002
2.694000 3.048048e+002
2.696000 3.047606e+002
2.698000 3.047168e+002
2.700000 3.046734e+002
2.702000 3.046303e+002
2.704000 3.045876e+002
2.706000 3.045452e+002
2.708000 3.045032e+002
2.710000 3.044616e+002
2.712000 3.044202e+002
2.714000 3.043793e+002
2.716000 3.043386e+002
2.718000 3.042983e+002
2.720000 3.042584e+002
2.722000 3.042187e+002
2.724000 3.041794e+002
2.726000 3.041404e+002
2.728000 3.041018e+002
2.730000 3.040635e+002
2.732000 3.040255e+002
2.734000 3.039878e+002
2.736000 3.039504e+002
2.738000 3.039134e+002
2.740000 3.038766e+002
2.742000 3.038402e+002
2.744000 3.038041e+002
2.746000 3.037683e+002
2.748000 3.037328e+002
2.750000 3.036976e+002
2.752000 3.036626e+002
2.754000 3.036280e+002
2.756000 3.035937e+002
2.758000 3.035597e+002
2.760000 3.035259e+002
2.762000 3.034925e+002
2.764000 3.034593e+002
2.766000 3.034264e+002
2.768000 3.033938e+002
2.770000 3.033615e+002
2.772000 3.033295e+002
2.774000 3.032977e+002
2.776000 3.032662e+002
2.778000 3.032350e+002
2.780000 3.032040e+002
2.782000 3.031734e+002
2.784000 3.031429e+002
2.786000 3.031128e+002
2.788000 3.030829e+002
2.790000 3.030533e+002
2.792000 3.030239e+002
2.794000 3.029947e+002
2.796000 3.029659e+002
2.798000 3.029373e+002
2.800000 3.029089e+002
2.802000 3.028808e+002
2.804000 3.028529e+002
2.806000 3.028253e+002
2.808000 3.027979e+002
2.810000 3.027707e+002
2.812000 3.027438e+002
2.814000 3.027171e+002
2.816000 3.026907e+002
2.818000 3.026645e+002
2.820000 3.026385e+002
2.822000 3.026128e+002
2.824000 3.025872e+002
2.826000 3.025619e+002
2.828000 3.025369e+002
2.830000 3.025120e+002
2.832000 3.024874e+002
2.834000 3.024630e+002
2.836000 3.024388e+002
2.838000 3.024148e+002
2.840000 3.023911e+002
2.842000 3.023675e+002
2.844000 3.023442e+002
2.846000 3.023211e+002
2.848000 3.022981e+002
2.850000 3.022754e+002
2.852000 3.022529e+002
2.854000 3.022306e+002
2.856000 3.022085e+002
2.858000 3.021866e+002
2.860000 3.021649e+002
2.862000 3.021434e+002
2.864000 3.021220e+002
2.866000 3.021009e+002
2.868000 3.020800e+002
2.870000 3.020592e+002
2.872000 3.020387e+002
2.874000 3.020183e+002
2.876000 3.019981e+002
2.878000 3.019781e+002
2.880000 3.019583e+002
2.882000 3.019386e+002
2.884000 3.019192e+002
2.886000 3.018999e+002
2.888000 3.018808e+002
2.890000 3.018619e+002
2.892000 3.018431e+002
2.894000 3.018245e+002
2.896000 3.018061e+002
2.898000 3.017878e+002
2.900000 3.017698e+002
2.902000 3.017519e+002
2.904000 3.017341e+002
2.906000 3.017165e+002
2.908000 3.016991e+002
2.910000 3.016819e+002
2.912000 3.016648e+002
2.914000 3.016478e+002
2.916000 3.016310e+002
2.918000 3.016144e+002
2.920000 3.015980e+002
2.922000 3.015816e+002
2.924000 3.015655e+002
2.926000 3.015495e+002
2.928000 3.015336e+002
2.930000 3.015179e+002
2.932000 3.015023e+002
2.934000 3.014869e+002
2.936000 3.014716e+002
2.938000 3.014565e+002
2.940000 3.014415e+002
2.942000 3.014266e+002
2.944000 3.014119e+002
2.946000 3.013974e+002
2.948000 3.013829e+002
2.950000 3.013686e+002
2.952000 3.013545e+002
2.954000 3.013404e+002
2.956000 3.013266e+002
2.958000 3.013128e+002
2.960000 3.012992e+002
2.962000 3.012857e+002
2.964000 3.012723e+002
2.966000 3.012590e+002
2.968000 3.012459e+002
2.970000 3.012329e+002
2.972000 3.012201e+002
2.974000 3.012073e+002
2.976000 3.011947e+002
2.978000 3.011822e+002
2.980000 3.011698e+002
2.982000 3.011575e+002
2.984000 3.011454e+002
2.986000 3.011334e+002
2.988000 3.011215e+002
2.990000 3.011097e+002
2.992000 3.010980e+002
2.994000 3.010864e+002
2.996000 3.010750e+002
2.998000 3.010636e+002
3.000000 3.010524e+002
3.002000 3.010412e+002
3.004000 3.010302e+002
3.006000 3.010193e+002
3.008000 3.010085e+002
3.010000 3.009978e+002
3.012000 3.009872e+002
3.014000 3.009767e+002
3.016000 3.009663e+002
3.018000 3.009560e+002
3.020000 3.009459e+002
3.022000 3.009358e+002
3.024000 3.009258e+002
3.026000 3.009159e+002
3.028000 3.009061e+002
3.030000 3.008964e+002
3.032000 3.008868e+002
3.034000 3.008773e+002
3.036000 3.008679e+002
3.038000 3.008586e+002
3.040000 3.008493e+002
3.042000 3.008402e+002
3.044000 3.008312e+002
3.046000 3.008222e+002
3.048000 3.008133e+002
3.050000 3.008046e+002
3.052000 3.007959e+002
3.054000 3.007873e+002
3.056000 3.007787e+002
3.058000 3.007703e+002
3.060000 3.007620e+002
3.062000 3.007537e+002
3.064000 3.007455e+002
3.066000 3.007374e+002
3.068000 3.007294e+002
3.070000 3.007215e+002
3.072000 3.007136e+002
3.074000 3.007058e+002
3.076000 3.006981e+002
3.078000 3.006905e+002
3.080000 3.006830e+002
3.082000 3.006755e+002
3.084000 3.006681e+002
3.086000 3.006608e+002
3.088000 3.006535e+002
3.090000 3.006464e+002
3.092000 3.006393e+002
3.094000 3.006322e+002
3.096000 3.006253e+002
3.098000 3.006184e+002
3.100000 3.006116e+002
3.102000 3.006048e+002
3.104000 3.005982e+002
3.106000 3.005915e+002
3.108000 3.005850e+002
3.110000 3.005785e+002
3.112000 3.005721e+002
3.114000 3.005658e+002
3.116000 3.005595e+002
3.118000 3.005533e+002
3.120000 3.005471e+002
3.122000 3.005411e+002
3.124000 3.005350e+002
3.126000 3.005291e+002
3.128000 3.005232e+002
3.130000 3.005173e+002
3.132000 3.005116e+002
3.134000 3.005059e+002
3.136000 3.005002e+002
3.138000 3.004946e+002
3.140000 3.004891e+002
3.142000 3.004836e+002
3.144000 3.004781e+002
3.146000 3.004728e+002
3.148000 3.004675e+002
3.150000 3.004622e+002
3.152000 3.004570e+002
3.154000 3.004519e+002
3.156000 3.004468e+002
3.158000 3.004417e+002
3.160000 3.004367e+002
3.162000 3.004318e+002
3.164000 3.004269e+002
3.166000 3.004221e+002
3.168000 3.004173e+002
3.170000 3.004126e+002
3.172000 3.004079e+002
3.174000 3.004033e+002
3.176000 3.003987e+002
3.178000 3.003941e+002
3.180000 3.003896e+002
3.182000 3.003852e+002
3.184000 3.003808e+002
3.186000 3.003765e+002
3.188000 3.003722e+002
3.190000 3.003679e+002
3.192000 3.003637e+002
3.194000 3.003595e+002
3.196000 3.003554e+002
3.198000 3.003513e+002
3.200000 3.003473e+002
3.202000 3.003433e+002
3.204000 3.003394e+002
3.206000 3.003355e+002
3.208000 3.003316e+002
3.210000 3.003278e+002
3.212000 3.003240e+002
3.214000 3.003203e+002
3.216000 3.003166e+002
3.218000 3.003129e+002
3.220000 3.003093e+002
3.222000 3.003057e+002
3.224000 3.003022e+002
3.226000 3.002987e+002
3.228000 3.002952e+002
3.230000 3.002918e+002
3.232000 3.002884e+002
3.234000 3.002850e+002
3.236000 3.002817e+002
3.238000 3.002784e+002
3.240000 3.002752e+002
3.242000 3.002720e+002
3.244000 3.002688e+002
3.246000 3.002657e+002
3.248000 3.002626e+002
3.250000 3.002595e+002
3.252000 3.002564e+002
3.254000 3.002534e+002
3.256000 3.002505e+002
3.258000 3.002475e+002
3.260000 3.002446e+002
3.262000 3.002417e+002
3.264000 3.002389e+002
3.266000 3.002361e+002
3.268000 3.002333e+002
3.270000 3.002305e+002
3.272000 3.002278e+002
3.274000 3.002251e+002
3.276000 3.002225e+002
3.278000 3.002198e+002
3.280000 3.002172e+002
3.282000 3.002147e+002
3.284000 3.002121e+002
3.286000 3.002096e+002
3.288000 3.002071e+002
3.290000 3.002046e+002
3.292000 3.002022e+002
3.294000 3.001998e+002
3.296000 3.001974e+002
3.298000 3.001951e+002
3.300000 3.001927e+002
3.302000 3.001904e+002
3.304000 3.001882e+002
3.306000 3.001859e+002
3.308000 3.001837e+002
3.310000 3.001815e+002
3.312000 3.001793e+002
3.314000 3.001772e+002
3.316000 3.001750e+002
3.318000 3.001729e+002
3.320000 3.001708e+002
3.322000 3.001688e+002
3.324000 3.001668e+002
3.326000 3.001648e+002
3.328000 3.001628e+002
3.330000 3.001608e+002
3.332000 3.001589e+002
3.334000 3.001569e+002
3.336000 3.001550e+002
3.338000 3.001532e+002
3.340000 3.001513e+002
3.342000 3.001495e+002
3.344000 3.001477e+002
3.346000 3.001459e+002
3.348000 3.001441e+002
3.350000 3.001423e+002
3.352000 3.001406e+002
3.354000 3.001389e+002
3.356000 3.001372e+002
3.358000 3.001355e+002
3.360000 3.001339e+002
3.362000 3.001322e+002
3.364000 3.001306e+002
3.366000 3.001290e+002
3.368000 3.001274e+002
3.370000 3.001259e+002
3.372000 3.001243e+002
3.374000 3.001228e+002
3.376000 3.001213e+002
3.378000 3.001198e+002
3.380000 3.001183e+002
3.382000 3.001169e+002
3.384000 3.001154e+002
3.386000 3.001140e+002
3.388000 3.001126e+002
3.390000 3.001112e+002
3.392000 3.001099e+002
3.394000 3.001085e+002
3.396000 3.001072e+002
3.398000 3.001058e+002
3.400000 3.001045e+002
3.402000 3.001032e+002
3.404000 3.001019e+002
3.406000 3.001007e+002
3.408000 3.000994e+002
3.410000 3.000982e+002
3.412000 3.000970e+002
3.414000 3.000958e+002
3.416000 3.000946e+002
3.418000 3.000934e+002
3.420000 3.000922e+002
3.422000 3.000911e+002
3.424000 3.000899e+002
3.426000 3.000888e+002
3.428000 3.000877e+002
3.430000 3.000866e+002
3.432000 3.000855e+002
3.434000 3.000844e+002
3.436000 3.000834e+002
3.438000 3.000823e+002
3.440000 3.000813e+002
3.442000 3.000803e+002
3.444000 3.000793e+002
3.446000 3.000783e+002
3.448000 3.000773e+002
3.450000 3.000763e+002
3.452000 3.000753e+002
3.454000 3.000744e+002
3.456000 3.000734e+002
3.458000 3.000725e+002
3.460000 3.000716e+002
3.462000 3.000707e+002
3.464000 3.000698e+002
3.466000 3.000689e+002
3.468000 3.000680e+002
3.470000 3.000672e+002
3.472000 3.000663e+002
3.474000 3.000655e+002
3.476000 3.000646e+002
3.478000 3.000638e+002
3.480000 3.000630e+002
3.482000 3.000622e+002
3.484000 3.000614e+002
3.486000 3.000606e+002
3.488000 3.000598e+002
3.490000 3.000591e+002
3.492000 3.000583e+002
3.494000 3.000576e+002
3.496000 3.000568e+002
3.498000 3.000561e+002
3.500000 3.000554e+002
3.502000 3.000547e+002
3.504000 3.000540e+002
3.506000 3.000533e+002
3.508000 3.000526e+002
3.510000 3.000519e+002
3.512000 3.000512e+002
3.514000 3.000506e+002
3.516000 3.000499e+002
3.518000 3.000493e+002
3.520000 3.000487e+002
3.522000 3.000480e+002
3.524000 3.000474e+002
3.526000 3.000468e+002
3.528000 3.000462e+002
3.530000 3.000456e+002
3.532000 3.000450e+002
3.534000 3.000444e+002
3.536000 3.000438e+002
3.538000 3.000433e+002
3.540000 3.000427e+002
3.542000 3.000421e+002
3.544000 3.000416e+002
3.546000 3.000411e+002
3.548000 3.000405e+002
3.550000 3.000400e+002
3.552000 3.000395e+002
3.554000 3.000389e+002
3.556000 3.000384e+002
3.558000 3.000379e+002
3.560000 3.000374e+002
3.562000 3.000370e+002
3.564000 3.000365e+002
3.566000 3.000360e+002
3.568000 3.000355e+002
3.570000 3.000350e+002
3.572000 3.000346e+002
3.574000 3.000341e+002
3.576000 3.000337e+002
3.578000 3.000332e+002
3.580000 3.000328e+002
3.582000 3.000324e+002
3.584000 3.000319e+002
3.586000 3.000315e+002
3.588000 3.000311e+002
3.590000 3.000307e+002
3.592000 3.000303e+002
3.594000 3.000299e+002
3.596000 3.000295e+002
3.598000 3.000291e+002
3.600000 3.000287e+002
3.602000 3.000283e+002
3.604000 3.000280e+002
3.606000 3.000276e+002
3.608000 3.000272e+002
3.610000 3.000269e+002
3.612000 3.000265e+002
3.614000 3.000262e+002
3.616000 3.000258e+002
3.618000 3.000255e+002
3.620000 3.000251e+002
3.622000 3.000248e+002
3.624000 3.000245e+002
3.626000 3.000241e+002
3.628000 3.000238e+002
3.630000 3.000235e+002
3.632000 3.000232e+002
3.634000 3.000229e+002
3.636000 3.000226e+002
3.638000 3.000223e+002
3.640000 3.000220e+002
3.642000 3.000217e+002
3.644000 3.000214e+002
3.646000 3.000211e+002
3.648000 3.000208e+002
3.650000 3.000205e+002
3.652000 3.000203e+002
3.654000 3.000200e+002
3.656000 3.000197e+002
3.658000 3.000195e+002
3.660000 3.000192e+002
3.662000 3.000189e+002
3.664000 3.000187e+002
3.666000 3.000184e+002
3.668000 3.000182e+002
3.670000 3.000179e+002
3.672000 3.000177e+002
3.674000 3.000175e+002
3.676000 3.000172e+002
3.678000 3.000170e+002
3.680000 3.000168e+002
3.682000 3.000165e+002
3.684000 3.000163e+002
3.686000 3.000161e+002
3.688000 3.000159e+002
3.690000 3.000157e+002
3.692000 3.000155e+002
3.694000 3.000153e+002
3.696000 3.000150e+002
3.698000 3.000148e+002
3.700000 3.000146e+002
3.702000 3.000144e+002
3.704000 3.000143e+002
3.706000 3.000141e+002
3.708000 3.000139e+002
3.710000 3.000137e+002
3.712000 3.000135e+002
3.714000 3.000133e+002
3.716000 3.000131e+002
3.718000 3.000130e+002
3.720000 3.000128e+002
3.722000 3.000126e+002
3.724000 3.000125e+002
3.726000 3.000123e+002
3.728000 3.000121e+002
3.730000 3.000120e+002
3.732000 3.000118e+002
3.734000 3.000116e+002
3.736000 3.000115e+002
3.738000 3.000113e+002
3.740000 3.000112e+002
3.742000 3.000110e+002
3.744000 3.000109e+002
3.746000 3.000107e+002
3.748000 3.000106e+002
3.750000 3.000105e+002
3.752000 3.000103e+002
3.754000 3.000102e+002
3.756000 3.000100e+002
3.758000 3.000099e+002
3.760000 3.000098e+002
3.762000 3.000096e+002
3.764000 3.000095e+002
3.766000 3.000094e+002
3.768000 3.000093e+002
3.770000 3.000091e+002
3.772000 3.000090e+002
3.774000 3.000089e+002
3.776000 3.000088e+002
3.778000 3.000087e+002
3.780000 3.000086e+002
3.782000 3.000085e+002
3.784000 3.000083e+002
3.786000 3.000082e+002
3.788000 3.000081e+002
3.790000 3.000080e+002
3.792000 3.000079e+002
3.794000 3.000078e+002
3.796000 3.000077e+002
3.798000 3.000076e+002
3.800000 3.000075e+002
3.802000 3.000074e+002
3.804000 3.000073e+002
3.806000 3.000072e+002
3.808000 3.000071e+002
3.810000 3.000071e+002
3.812000 3.000070e+002
3.814000 3.000069e+002
3.816000 3.000068e+002
3.818000 3.000067e+002
3.820000 3.000066e+002
3.822000 3.000065e+002
3.824000 3.000065e+002
3.826000 3.000064e+002
3.828000 3.000063e+002
3.830000 3.000062e+002
3.832000 3.000062e+002
3.834000 3.000061e+002
3.836000 3.000060e+002
3.838000 3.000059e+002
3.840000 3.000059e+002
3.842000 3.000058e+002
3.844000 3.000057e+002
3.846000 3.000057e+002
3.848000 3.000056e+002
3.850000 3.000055e+002
3.852000 3.000055e+002
3.854000 3.000054e+002
3.856000 3.000053e+002
3.858000 3.000053e+002
3.860000 3.000052e+002
3.862000 3.000052e+002
3.864000 3.000051e+002
3.866000 3.000051e+002
3.868000 3.000050e+002
3.870000 3.000049e+002
3.872000 3.000049e+002
3.874000 3.000048e+002
3.876000 3.000048e+002
3.878000 3.000047e+002
3.880000 3.000047e+002
3.882000 3.000046e+002
3.884000 3.000046e+002
3.886000 3.000046e+002
3.888000 3.000045e+002
3.890000 3.000045e+002
3.892000 3.000044e+002
3.894000 3.000044e+002
3.896000 3.000043e+002
3.898000 3.000043e+002
3.900000 3.000043e+002
3.902000 3.000042e+002
3.904000 3.000042e+002
3.906000 3.000042e+002
3.908000 3.000041e+002
3.910000 3.000041e+002
3.912000 3.000040e+002
3.914000 3.000040e+002
3.916000 3.000040e+002
3.918000 3.000040e+002
3.920000 3.000039e+002
3.922000 3.000039e+002
3.924000 3.000039e+002
3.926000 3.000038e+002
3.928000 3.000038e+002
3.930000 3.000038e+002
3.932000 3.000038e+002
3.934000 3.000037e+002
3.936000 3.000037e+002
3.938000 3.000037e+002
3.940000 3.000037e+002
3.942000 3.000036e+002
3.944000 3.000036e+002
3.946000 3.000036e+002
3.948000 3.000036e+002
3.950000 3.000036e+002
3.952000 3.000036e+002
3.954000 3.000035e+002
3.956000 3.000035e+002
3.958000 3.000035e+002
3.960000 3.000035e+002
3.962000 3.000035e+002
3.964000 3.000035e+002
3.966000 3.000035e+002
3.968000 3.000034e+002
3.970000 3.000034e+002
3.972000 3.000034e+002
3.974000 3.000034e+002
3.976000 3.000034e+002
3.978000 3.000034e+002
3.980000 3.000034e+002
3.982000 3.000034e+002
3.984000 3.000034e+002
3.986000 3.000034e+002
3.988000 3.000034e+002
3.990000 3.000034e+002
3.992000 3.000034e+002
3.994000 3.000034e+002
3.996000 3.000034e+002
3.998000 3.000000e+002
