0.000000 3.120069e+002
0.002000 3.133231e+002
0.004000 3.146392e+002
0.006000 3.159550e+002
0.008000 3.172706e+002
0.010000 3.185859e+002
0.012000 3.199010e+002
0.014000 3.212158e+002
0.016000 3.225303e+002
0.018000 3.238445e+002
0.020000 3.251584e+002
0.022000 3.264718e+002
0.024000 3.277849e+002
0.026000 3.290977e+002
0.028000 3.304099e+002
0.030000 3.317218e+002
0.032000 3.330332e+002
0.034000 3.343442e+002
0.036000 3.356546e+002
0.038000 3.369645e+002
0.040000 3.382739e+002
0.042000 3.395828e+002
0.044000 3.408911e+002
0.046000 3.421988e+002
0.048000 3.435059e+002
0.050000 3.448124e+002
0.052000 3.461183e+002
0.054000 3.474235e+002
0.056000 3.487280e+002
0.058000 3.500318e+002
0.060000 3.513349e+002
0.062000 3.526373e+002
0.064000 3.539389e+002
0.066000 3.552398e+002
0.068000 3.565399e+002
0.070000 3.578391e+002
0.072000 3.591376e+002
0.074000 3.604352e+002
0.076000 3.617319e+002
0.078000 3.630278e+002
0.080000 3.643228e+002
0.082000 3.656168e+002
0.084000 3.669099e+002
0.086000 3.682021e+002
0.088000 3.694933e+002
0.090000 3.707835e+002
0.092000 3.720727e+002
0.094000 3.733608e+002
0.096000 3.746479e+002
0.098000 3.759340e+002
0.100000 3.772190e+002
0.102000 3.785029e+002
0.104000 3.797856e+002
0.106000 3.810673e+002
0.108000 3.823478e+002
0.110000 3.836271e+002
0.112000 3.849052e+002
0.114000 3.861821e+002
0.116000 3.874578e+002
0.118000 3.887323e+002
0.120000 3.900054e+002
0.122000 3.912774e+002
0.124000 3.925480e+002
0.126000 3.938173e+002
0.128000 3.950853e+002
0.130000 3.963519e+002
0.132000 3.976171e+002
0.134000 3.988810e+002
0.136000 4.001435e+002
0.138000 4.014045e+002
0.140000 4.026642e+002
0.142000 4.039223e+002
0.144000 4.051790e+002
0.146000 4.064342e+002
0.148000 4.076879e+002
0.150000 4.089401e+002
0.152000 4.101907e+002
0.154000 4.114398e+002
0.156000 4.126873e+002
0.158000 4.139332e+002
0.160000 4.151775e+002
0.162000 4.164202e+002
0.164000 4.176612e+002
0.166000 4.189006e+002
0.168000 4.201383e+002
0.170000 4.213743e+002
0.172000 4.226085e+002
0.174000 4.238411e+002
0.176000 4.250719e+002
0.178000 4.263009e+002
0.180000 4.275282e+002
0.182000 4.287537e+002
0.184000 4.299773e+002
0.186000 4.311991e+002
0.188000 4.324191e+002
0.190000 4.336372e+002
0.192000 4.348535e+002
0.194000 4.360678e+002
0.196000 4.372802e+002
0.198000 4.384907e+002
0.200000 4.396993e+002
0.202000 4.409059e+002
0.204000 4.421105e+002
0.206000 4.433131e+002
0.208000 4.445137e+002
0.210000 4.457123e+002
0.212000 4.469088e+002
0.214000 4.481033e+002
0.216000 4.492957e+002
0.218000 4.504860e+002
0.220000 4.516742e+002
0.222000 4.528603e+002
0.224000 4.540443e+002
0.226000 4.552261e+002
0.228000 4.564057e+002
0.230000 4.575832e+002
0.232000 4.587584e+002
0.234000 4.599314e+002
0.236000 4.611022e+002
0.238000 4.622708e+002
0.240000 4.634370e+002
0.242000 4.646011e+002
0.244000 4.657628e+002
0.246000 4.669222e+002
0.248000 4.680792e+002
0.250000 4.692340e+002
0.252000 4.703864e+002
0.254000 4.715364e+002
0.256000 4.726840e+002
0.258000 4.738293e+002
0.260000 4.749721e+002
0.262000 4.761125e+002
0.264000 4.772504e+002
0.266000 4.783859e+002
0.268000 4.795190e+002
0.270000 4.806495e+002
0.272000 4.817775e+002
0.274000 4.829031e+002
0.276000 4.840260e+002
0.278000 4.851465e+002
0.280000 4.862644e+002
0.282000 4.873797e+002
0.284000 4.884924e+002
0.286000 4.896025e+002
0.288000 4.907100e+002
0.290000 4.918149e+002
0.292000 4.929171e+002
0.294000 4.940167e+002
0.296000 4.951136e+002
0.298000 4.962078e+002
0.300000 4.972993e+002
0.302000 4.983882e+002
0.304000 4.994742e+002
0.306000 5.005576e+002
0.308000 5.016382e+002
0.310000 5.027160e+002
0.312000 5.037910e+002
0.314000 5.048633e+002
0.316000 5.059327e+002
0.318000 5.069994e+002
0.320000 5.080631e+002
0.322000 5.091241e+002
0.324000 5.101822e+002
0.326000 5.112374e+002
0.328000 5.122897e+002
0.330000 5.133392e+002
0.332000 5.143857e+002
0.334000 5.154293e+002
0.336000 5.164700e+002
0.338000 5.175077e+002
0.340000 5.185425e+002
0.342000 5.195742e+002
0.344000 5.206031e+002
0.346000 5.216289e+002
0.348000 5.226517e+002
0.350000 5.236714e+002
0.352000 5.246882e+002
0.354000 5.257019e+002
0.356000 5.267125e+002
0.358000 5.277201e+002
0.360000 5.287246e+002
0.362000 5.297260e+002
0.364000 5.307243e+002
0.366000 5.317195e+002
0.368000 5.327116e+002
0.370000 5.337005e+002
0.372000 5.346863e+002
0.374000 5.356689e+002
0.376000 5.366483e+002
0.378000 5.376246e+002
0.380000 5.385977e+002
0.382000 5.395675e+002
0.384000 5.405342e+002
0.386000 5.414976e+002
0.388000 5.424578e+002
0.390000 5.434147e+002
0.392000 5.443684e+002
0.394000 5.453188e+002
0.396000 5.462659e+002
0.398000 5.472097e+002
0.400000 5.481503e+002
0.402000 5.490875e+002
0.404000 5.500214e+002
0.406000 5.509520e+002
0.408000 5.518792e+002
0.410000 5.528031e+002
0.412000 5.537236e+002
0.414000 5.546407e+002
0.416000 5.555545e+002
0.418000 5.564649e+002
0.420000 5.573718e+002
0.422000 5.582754e+002
0.424000 5.591755e+002
0.426000 5.600723e+002
0.428000 5.609655e+002
0.430000 5.618554e+002
0.432000 5.627417e+002
0.434000 5.636247e+002
0.436000 5.645041e+002
0.438000 5.653801e+002
0.440000 5.662525e+002
0.442000 5.671215e+002
0.444000 5.679869e+002
0.446000 5.688489e+002
0.448000 5.697073e+002
0.450000 5.705621e+002
0.452000 5.714135e+002
0.454000 5.722612e+002
0.456000 5.731054e+002
0.458000 5.739461e+002
0.460000 5.747832e+002
0.462000 5.756166e+002
0.464000 5.764465e+002
0.466000 5.772728e+002
0.468000 5.780955e+002
0.470000 5.789146e+002
0.472000 5.797300e+002
0.474000 5.805418e+002
0.476000 5.813500e+002
0.478000 5.821545e+002
0.480000 5.829554e+002
0.482000 5.837526e+002
0.484000 5.845462e+002
0.486000 5.853361e+002
0.488000 5.861222e+002
0.490000 5.869048e+002
0.492000 5.876836e+002
0.494000 5.884587e+002
0.496000 5.892301e+002
0.498000 5.899977e+002
0.500000 5.907617e+002
0.502000 5.915219e+002
0.504000 5.922784e+002
0.506000 5.930312e+002
0.508000 5.937802e+002
0.510000 5.945254e+002
0.512000 5.952669e+002
0.514000 5.960046e+002
0.516000 5.967386e+002
0.518000 5.974687e+002
0.520000 5.981951e+002
0.522000 5.989177e+002
0.524000 5.996365e+002
0.526000 6.003515e+002
0.528000 6.010627e+002
0.530000 6.017701e+002
0.532000 6.024737e+002
0.534000 6.031735e+002
0.536000 6.038694e+002
0.538000 6.045615e+002
0.540000 6.052497e+002
0.542000 6.059341e+002
0.544000 6.066147e+002
0.546000 6.072914e+002
0.548000 6.079643e+002
0.550000 6.086333e+002
0.552000 6.092984e+002
0.554000 6.099597e+002
0.556000 6.106171e+002
0.558000 6.112706e+002
0.560000 6.119202e+002
0.562000 6.125659e+002
0.564000 6.132078e+002
0.566000 6.138458e+002
0.568000 6.144798e+002
0.570000 6.151100e+002
0.572000 6.157362e+002
0.574000 6.163586e+002
0.576000 6.169770e+002
0.578000 6.175915e+002
0.580000 6.182021e+002
0.582000 6.188088e+002
0.584000 6.194115e+002
0.586000 6.200103e+002
0.588000 6.206052e+002
0.590000 6.211962e+002
0.592000 6.217832e+002
0.594000 6.223663e+002
0.596000 6.229454e+002
0.598000 6.235206e+002
0.600000 6.240918e+002
0.602000 6.246591e+002
0.604000 6.252224e+002
0.606000 6.257818e+002
0.608000 6.263372e+002
0.610000 6.268886e+002
0.612000 6.274361e+002
0.614000 6.279796e+002
0.616000 6.285192e+002
0.618000 6.290548e+002
0.620000 6.295864e+002
0.622000 6.301140e+002
0.624000 6.306377e+002
0.626000 6.311574e+002
0.628000 6.316731e+002
0.630000 6.321848e+002
0.632000 6.326926e+002
0.634000 6.331963e+002
0.636000 6.336961e+002
0.638000 6.341919e+002
0.640000 6.346838e+002
0.642000 6.351716e+002
0.644000 6.356554e+002
0.646000 6.361353e+002
0.648000 6.366112e+002
0.650000 6.370831e+002
0.652000 6.375510e+002
0.654000 6.380149e+002
0.656000 6.384748e+002
0.658000 6.389307e+002
0.660000 6.393827e+002
0.662000 6.398306e+002
0.664000 6.402745e+002
0.666000 6.407145e+002
0.668000 6.411505e+002
0.670000 6.415825e+002
0.672000 6.420104e+002
0.674000 6.424344e+002
0.676000 6.428545e+002
0.678000 6.432705e+002
0.680000 6.436825e+002
0.682000 6.440905e+002
0.684000 6.444946e+002
0.686000 6.448947e+002
0.688000 6.452907e+002
0.690000 6.456828e+002
0.692000 6.460709e+002
0.694000 6.464551e+002
0.696000 6.468352e+002
0.698000 6.472114e+002
0.700000 6.475836e+002
0.702000 6.479518e+002
0.704000 6.483160e+002
0.706000 6.486762e+002
0.708000 6.490325e+002
0.710000 6.493848e+002
0.712000 6.497331e+002
0.714000 6.500775e+002
0.716000 6.504179e+002
0.718000 6.507543e+002
0.720000 6.510868e+002
0.722000 6.514153e+002
0.724000 6.517398e+002
0.726000 6.520604e+002
0.728000 6.523770e+002
0.730000 6.526897e+002
0.732000 6.529984e+002
0.734000 6.533032e+002
0.736000 6.536040e+002
0.738000 6.539009e+002
0.740000 6.541939e+002
0.742000 6.544829e+002
0.744000 6.547680e+002
0.746000 6.550491e+002
0.748000 6.553263e+002
0.750000 6.555996e+002
0.752000 6.558690e+002
0.754000 6.561344e+002
0.756000 6.563959e+002
0.758000 6.566536e+002
0.760000 6.569073e+002
0.762000 6.571571e+002
0.764000 6.574030e+002
0.766000 6.576450e+002
0.768000 6.578831e+002
0.770000 6.581173e+002
0.772000 6.583476e+002
0.774000 6.585741e+002
0.776000 6.587966e+002
0.778000 6.590153e+002
0.780000 6.592301e+002
0.782000 6.594411e+002
0.784000 6.596482e+002
0.786000 6.598514e+002
0.788000 6.600508e+002
0.790000 6.602463e+002
0.792000 6.604379e+002
0.794000 6.606258e+002
0.796000 6.608098e+002
0.798000 6.609899e+002
0.800000 6.611662e+002
0.802000 6.613388e+002
0.804000 6.615074e+002
0.806000 6.616723e+002
0.808000 6.618334e+002
0.810000 6.619907e+002
0.812000 6.621441e+002
0.814000 6.622938e+002
0.816000 6.624397e+002
0.818000 6.625818e+002
0.820000 6.627201e+002
0.822000 6.628547e+002
0.824000 6.629854e+002
0.826000 6.631125e+002
0.828000 6.632357e+002
0.830000 6.633553e+002
0.832000 6.634710e+002
0.834000 6.635831e+002
0.836000 6.636914e+002
0.838000 6.637960e+002
0.840000 6.638968e+002
0.842000 6.639940e+002
0.844000 6.640874e+002
0.846000 6.641771e+002
0.848000 6.642632e+002
0.850000 6.643455e+002
0.852000 6.644242e+002
0.854000 6.644991e+002
0.856000 6.645705e+002
0.858000 6.646381e+002
0.860000 6.647021e+002
0.862000 6.647624e+002
0.864000 6.648191e+002
0.866000 6.648722e+002
0.868000 6.649216e+002
0.870000 6.649674e+002
0.872000 6.650096e+002
0.874000 6.650482e+002
0.876000 6.650831e+002
0.878000 6.651145e+002
0.880000 6.651423e+002
0.882000 6.651665e+002
0.884000 6.651871e+002
0.886000 6.652042e+002
0.888000 6.652177e+002
0.890000 6.652276e+002
0.892000 6.652340e+002
0.894000 6.652368e+002
0.896000 6.652362e+002
0.898000 6.652320e+002
0.900000 6.652242e+002
0.902000 6.652130e+002
0.904000 6.651983e+002
0.906000 6.651801e+002
0.908000 6.651584e+002
0.910000 6.651332e+002
0.912000 6.651046e+002
0.914000 6.650724e+002
0.916000 6.650369e+002
0.918000 6.649979e+002
0.920000 6.649554e+002
0.922000 6.649095e+002
0.924000 6.648602e+002
0.926000 6.648075e+002
0.928000 6.647514e+002
0.930000 6.646919e+002
0.932000 6.646290e+002
0.934000 6.645627e+002
0.936000 6.644931e+002
0.938000 6.644201e+002
0.940000 6.643437e+002
0.942000 6.642640e+002
0.944000 6.641810e+002
0.946000 6.640946e+002
0.948000 6.640049e+002
0.950000 6.639119e+002
0.952000 6.638156e+002
0.954000 6.637160e+002
0.956000 6.636131e+002
0.958000 6.635070e+002
0.960000 6.633975e+002
0.962000 6.632849e+002
0.964000 6.631689e+002
0.966000 6.630498e+002
0.968000 6.629274e+002
0.970000 6.628018e+002
0.972000 6.626729e+002
0.974000 6.625409e+002
0.976000 6.624057e+002
0.978000 6.622673e+002
0.980000 6.621257e+002
0.982000 6.619810e+002
0.984000 6.618331e+002
0.986000 6.616821e+002
0.988000 6.615279e+002
0.990000 6.613706e+002
0.992000 6.612102e+002
0.994000 6.610467e+002
0.996000 6.608801e+002
0.998000 6.607104e+002
1.000000 6.605376e+002
1.002000 6.603617e+002
1.004000 6.601828e+002
1.006000 6.600009e+002
1.008000 6.598159e+002
1.010000 6.596279e+002
1.012000 6.594369e+002
1.014000 6.592428e+002
1.016000 6.590458e+002
1.018000 6.588458e+002
1.020000 6.586428e+002
1.022000 6.584368e+002
1.024000 6.582279e+002
1.026000 6.580160e+002
1.028000 6.578012e+002
1.030000 6.575834e+002
1.032000 6.573628e+002
1.034000 6.571392e+002
1.036000 6.569128e+002
1.038000 6.566834e+002
1.040000 6.564512e+002
1.042000 6.562162e+002
1.044000 6.559782e+002
1.046000 6.557375e+002
1.048000 6.554939e+002
1.050000 6.552474e+002
1.052000 6.549982e+002
1.054000 6.547462e+002
1.056000 6.544913e+002
1.058000 6.542337e+002
1.060000 6.539734e+002
1.062000 6.537102e+002
1.064000 6.534444e+002
1.066000 6.531758e+002
1.068000 6.529044e+002
1.070000 6.526304e+002
1.072000 6.523536e+002
1.074000 6.520742e+002
1.076000 6.517920e+002
1.078000 6.515072e+002
1.080000 6.512198e+002
1.082000 6.509297e+002
1.084000 6.506369e+002
1.086000 6.503416e+002
1.088000 6.500436e+002
1.090000 6.497430e+002
1.092000 6.494398e+002
1.094000 6.491340e+002
1.096000 6.488257e+002
1.098000 6.485148e+002
1.100000 6.482014e+002
1.102000 6.478854e+002
1.104000 6.475669e+002
1.106000 6.472459e+002
1.108000 6.469223e+002
1.110000 6.465963e+002
1.112000 6.462678e+002
1.114000 6.459369e+002
1.116000 6.456034e+002
1.118000 6.452676e+002
1.120000 6.449292e+002
1.122000 6.445885e+002
1.124000 6.442454e+002
1.126000 6.438998e+002
1.128000 6.435519e+002
1.130000 6.432016e+002
1.132000 6.428489e+002
1.134000 6.424938e+002
1.136000 6.421365e+002
1.138000 6.417767e+002
1.140000 6.414147e+002
1.142000 6.410504e+002
1.144000 6.406837e+002
1.146000 6.403148e+002
1.148000 6.399436e+002
1.150000 6.395701e+002
1.152000 6.391944e+002
1.154000 6.388164e+002
1.156000 6.384362e+002
1.158000 6.380538e+002
1.160000 6.376692e+002
1.162000 6.372824e+002
1.164000 6.368934e+002
1.166000 6.365023e+002
1.168000 6.361090e+002
1.170000 6.357135e+002
1.172000 6.353159e+002
1.174000 6.349162e+002
1.176000 6.345144e+002
1.178000 6.341104e+002
1.180000 6.337044e+002
1.182000 6.332963e+002
1.184000 6.328862e+002
1.186000 6.324740e+002
1.188000 6.320597e+002
1.190000 6.316434e+002
1.192000 6.312251e+002
1.194000 6.308048e+002
1.196000 6.303825e+002
1.198000 6.299583e+002
1.200000 6.295320e+002
1.202000 6.291038e+002
1.204000 6.286736e+002
1.206000 6.282416e+002
1.208000 6.278075e+002
1.210000 6.273716e+002
1.212000 6.269338e+002
1.214000 6.264941e+002
1.216000 6.260525e+002
1.218000 6.256091e+002
1.220000 6.251638e+002
1.222000 6.247166e+002
1.224000 6.242676e+002
1.226000 6.238169e+002
1.228000 6.233643e+002
1.230000 6.229099e+002
1.232000 6.224537e+002
1.234000 6.219958e+002
1.236000 6.215361e+002
1.238000 6.210747e+002
1.240000 6.206115e+002
1.242000 6.201466e+002
1.244000 6.196800e+002
1.246000 6.192117e+002
1.248000 6.187417e+002
1.250000 6.182700e+002
1.252000 6.177967e+002
1.254000 6.173218e+002
1.256000 6.168451e+002
1.258000 6.163669e+002
1.260000 6.158870e+002
1.262000 6.154056e+002
1.264000 6.149225e+002
1.266000 6.144379e+002
1.268000 6.139517e+002
1.270000 6.134640e+002
1.272000 6.129747e+002
1.274000 6.124838e+002
1.276000 6.119915e+002
1.278000 6.114976e+002
1.280000 6.110022e+002
1.282000 6.105054e+002
1.284000 6.100071e+002
1.286000 6.095073e+002
1.288000 6.090061e+002
1.290000 6.085034e+002
1.292000 6.079993e+002
1.294000 6.074938e+002
1.296000 6.069869e+002
1.298000 6.064786e+002
1.300000 6.059689e+002
1.302000 6.054578e+002
1.304000 6.049454e+002
1.306000 6.044316e+002
1.308000 6.039166e+002
1.310000 6.034001e+002
1.312000 6.028824e+002
1.314000 6.023634e+002
1.316000 6.018431e+002
1.318000 6.013215e+002
1.320000 6.007986e+002
1.322000 6.002745e+002
1.324000 5.997492e+002
1.326000 5.992226e+002
1.328000 5.986948e+002
1.330000 5.981658e+002
1.332000 5.976356e+002
1.334000 5.971043e+002
1.336000 5.965717e+002
1.338000 5.960380e+002
1.340000 5.955031e+002
1.342000 5.949672e+002
1.344000 5.944300e+002
1.346000 5.938918e+002
1.348000 5.933525e+002
1.350000 5.928120e+002
1.352000 5.922705e+002
1.354000 5.917279e+002
1.356000 5.911843e+002
1.358000 5.906396e+002
1.360000 5.900939e+002
1.362000 5.895472e+002
1.364000 5.889994e+002
1.366000 5.884507e+002
1.368000 5.879009e+002
1.370000 5.873502e+002
1.372000 5.867985e+002
1.374000 5.862458e+002
1.376000 5.856922e+002
1.378000 5.851377e+002
1.380000 5.845823e+002
1.382000 5.840259e+002
1.384000 5.834686e+002
1.386000 5.829105e+002
1.388000 5.823514e+002
1.390000 5.817915e+002
1.392000 5.812308e+002
1.394000 5.806692e+002
1.396000 5.801067e+002
1.398000 5.795435e+002
1.400000 5.789794e+002
1.402000 5.784145e+002
1.404000 5.778489e+002
1.406000 5.772824e+002
1.408000 5.767152e+002
1.410000 5.761472e+002
1.412000 5.755785e+002
1.414000 5.750090e+002
1.416000 5.744389e+002
1.418000 5.738680e+002
1.420000 5.732964e+002
1.422000 5.727241e+002
1.424000 5.721511e+002
1.426000 5.715774e+002
1.428000 5.710031e+002
1.430000 5.704281e+002
1.432000 5.698525e+002
1.434000 5.692763e+002
1.436000 5.686994e+002
1.438000 5.681220e+002
1.440000 5.675439e+002
1.442000 5.669652e+002
1.444000 5.663860e+002
1.446000 5.658062e+002
1.448000 5.652258e+002
1.450000 5.646449e+002
1.452000 5.640635e+002
1.454000 5.634815e+002
1.456000 5.628990e+002
1.458000 5.623161e+002
1.460000 5.617326e+002
1.462000 5.611486e+002
1.464000 5.605642e+002
1.466000 5.599793e+002
1.468000 5.593939e+002
1.470000 5.588081e+002
1.472000 5.582219e+002
1.474000 5.576352e+002
1.476000 5.570481e+002
1.478000 5.564606e+002
1.480000 5.558728e+002
1.482000 5.552845e+002
1.484000 5.546959e+002
1.486000 5.541069e+002
1.488000 5.535175e+002
1.490000 5.529278e+002
1.492000 5.523378e+002
1.494000 5.517474e+002
1.496000 5.511567e+002
1.498000 5.505658e+002
1.500000 5.499745e+002
1.502000 5.493829e+002
1.504000 5.487911e+002
1.506000 5.481990e+002
1.508000 5.476066e+002
1.510000 5.470140e+002
1.512000 5.464212e+002
1.514000 5.458281e+002
1.516000 5.452348e+002
1.518000 5.446413e+002
1.520000 5.440476e+002
1.522000 5.434537e+002
1.524000 5.428596e+002
1.526000 5.422654e+002
1.528000 5.416709e+002
1.530000 5.410764e+002
1.532000 5.404817e+002
1.534000 5.398868e+002
1.536000 5.392918e+002
1.538000 5.386967e+002
1.540000 5.381015e+002
1.542000 5.375062e+002
1.544000 5.369109e+002
1.546000 5.363154e+002
1.548000 5.357198e+002
1.550000 5.351242e+002
1.552000 5.345286e+002
1.554000 5.339329e+002
1.556000 5.333371e+002
1.558000 5.327414e+002
1.560000 5.321456e+002
1.562000 5.315498e+002
1.564000 5.309540e+002
1.566000 5.303582e+002
1.568000 5.297624e+002
1.570000 5.291667e+002
1.572000 5.285709e+002
1.574000 5.279753e+002
1.576000 5.273796e+002
1.578000 5.267841e+002
1.580000 5.261886e+002
1.582000 5.255931e+002
1.584000 5.249978e+002
1.586000 5.244026e+002
1.588000 5.238074e+002
1.590000 5.232124e+002
1.592000 5.226175e+002
1.594000 5.220227e+002
1.596000 5.214280e+002
1.598000 5.208335e+002
1.600000 5.202391e+002
1.602000 5.196449e+002
1.604000 5.190509e+002
1.606000 5.184570e+002
1.608000 5.178633e+002
1.610000 5.172698e+002
1.612000 5.166765e+002
1.614000 5.160834e+002
1.616000 5.154905e+002
1.618000 5.148979e+002
1.620000 5.143054e+002
1.622000 5.137133e+002
1.624000 5.131213e+002
1.626000 5.125296e+002
1.628000 5.119382e+002
1.630000 5.113470e+002
1.632000 5.107561e+002
1.634000 5.101655e+002
1.636000 5.095752e+002
1.638000 5.089852e+002
1.640000 5.083955e+002
1.642000 5.078061e+002
1.644000 5.072170e+002
1.646000 5.066282e+002
1.648000 5.060398e+002
1.650000 5.054518e+002
1.652000 5.048640e+002
1.654000 5.042767e+002
1.656000 5.036897e+002
1.658000 5.031030e+002
1.660000 5.025168e+002
1.662000 5.019309e+002
1.664000 5.013454e+002
1.666000 5.007603e+002
1.668000 5.001757e+002
1.670000 4.995914e+002
1.672000 4.990076e+002
1.674000 4.984242e+002
1.676000 4.978412e+002
1.678000 4.972586e+002
1.680000 4.966765e+002
1.682000 4.960949e+002
1.684000 4.955137e+002
1.686000 4.949330e+002
1.688000 4.943528e+002
1.690000 4.937730e+002
1.692000 4.931937e+002
1.694000 4.926150e+002
1.696000 4.920367e+002
1.698000 4.914589e+002
1.700000 4.908817e+002
1.702000 4.903049e+002
1.704000 4.897287e+002
1.706000 4.891530e+002
1.708000 4.885779e+002
1.710000 4.880033e+002
1.712000 4.874292e+002
1.714000 4.868557e+002
1.716000 4.862828e+002
1.718000 4.857104e+002
1.720000 4.851386e+002
1.722000 4.845674e+002
1.724000 4.839968e+002
1.726000 4.834267e+002
1.728000 4.828573e+002
1.730000 4.822885e+002
1.732000 4.817202e+002
1.734000 4.811526e+002
1.736000 4.805856e+002
1.738000 4.800193e+002
1.740000 4.794536e+002
1.742000 4.788885e+002
1.744000 4.783240e+002
1.746000 4.777602e+002
1.748000 4.771971e+002
1.750000 4.766346e+002
1.752000 4.760728e+002
1.754000 4.755117e+002
1.756000 4.749512e+002
1.758000 4.743914e+002
1.760000 4.738323e+002
1.762000 4.732739e+002
1.764000 4.727162e+002
1.766000 4.721592e+002
1.768000 4.716029e+002
1.770000 4.710473e+002
1.772000 4.704924e+002
1.774000 4.699383e+002
1.776000 4.693849e+002
1.778000 4.688322e+002
1.780000 4.682803e+002
1.782000 4.677291e+002
1.784000 4.671786e+002
1.786000 4.666289e+002
1.788000 4.660800e+002
1.790000 4.655318e+002
1.792000 4.649844e+002
1.794000 4.644378e+002
1.796000 4.638919e+002
1.798000 4.633468e+002
1.800000 4.628025e+002
1.802000 4.622590e+002
1.804000 4.617163e+002
1.806000 4.611744e+002
1.808000 4.606333e+002
1.810000 4.600930e+002
1.812000 4.595536e+002
1.814000 4.590149e+002
1.816000 4.584771e+002
1.818000 4.579400e+002
1.820000 4.574039e+002
1.822000 4.568685e+002
1.824000 4.563340e+002
1.826000 4.558003e+002
1.828000 4.552675e+002
1.830000 4.547355e+002
1.832000 4.542044e+002
1.834000 4.536742e+002
1.836000 4.531448e+002
1.838000 4.526162e+002
1.840000 4.520886e+002
1.842000 4.515618e+002
1.844000 4.510359e+002
1.846000 4.505109e+002
1.848000 4.499867e+002
1.850000 4.494635e+002
1.852000 4.489411e+002
1.854000 4.484197e+002
1.856000 4.478991e+002
1.858000 4.473795e+002
1.860000 4.468607e+002
1.862000 4.463429e+002
1.864000 4.458260e+002
1.866000 4.453100e+002
1.868000 4.447949e+002
1.870000 4.442808e+002
1.872000 4.437676e+002
1.874000 4.432553e+002
1.876000 4.427439e+002
1.878000 4.422335e+002
1.880000 4.417240e+002
1.882000 4.412155e+002
1.884000 4.407079e+002
1.886000 4.402013e+002
1.888000 4.396956e+002
1.890000 4.391909e+002
1.892000 4.386872e+002
1.894000 4.381844e+002
1.896000 4.376826e+002
1.898000 4.371817e+002
1.900000 4.366818e+002
1.902000 4.361829e+002
1.904000 4.356850e+002
1.906000 4.351880e+002
1.908000 4.346921e+002
1.910000 4.341971e+002
1.912000 4.337031e+002
1.914000 4.332101e+002
1.916000 4.327181e+002
1.918000 4.322271e+002
1.920000 4.317371e+002
1.922000 4.312481e+002
1.924000 4.307601e+002
1.926000 4.302732e+002
1.928000 4.297872e+002
1.930000 4.293022e+002
1.932000 4.288183e+002
1.934000 4.283353e+002
1.936000 4.278534e+002
1.938000 4.273725e+002
1.940000 4.268927e+002
1.942000 4.264138e+002
1.944000 4.259360e+002
1.946000 4.254592e+002
1.948000 4.249835e+002
1.950000 4.245088e+002
1.952000 4.240351e+002
1.954000 4.235625e+002
1.956000 4.230909e+002
1.958000 4.226203e+002
1.960000 4.221508e+002
1.962000 4.216824e+002
1.964000 4.212150e+002
1.966000 4.207486e+002
1.968000 4.202833e+002
1.970000 4.198191e+002
1.972000 4.193559e+002
1.974000 4.188937e+002
1.976000 4.184327e+002
1.978000 4.179727e+002
1.980000 4.175137e+002
1.982000 4.170558e+002
1.984000 4.165990e+002
1.986000 4.161433e+002
1.988000 4.156886e+002
1.990000 4.152350e+002
1.992000 4.147825e+002
1.994000 4.143310e+002
1.996000 4.138806e+002
1.998000 4.134313e+002
2.000000 4.129831e+002
2.002000 4.125360e+002
2.004000 4.120899e+002
2.006000 4.116449e+002
2.008000 4.112010e+002
2.010000 4.107582e+002
2.012000 4.103165e+002
2.014000 4.098759e+002
2.016000 4.094363e+002
2.018000 4.089979e+002
2.020000 4.085605e+002
2.022000 4.081242e+002
2.024000 4.076890e+002
2.026000 4.072550e+002
2.028000 4.068220e+002
2.030000 4.063901e+002
2.032000 4.059593e+002
2.034000 4.055296e+002
2.036000 4.051010e+002
2.038000 4.046735e+002
2.040000 4.042471e+002
2.042000 4.038218e+002
2.044000 4.033977e+002
2.046000 4.029746e+002
2.048000 4.025526e+002
2.050000 4.021317e+002
2.052000 4.017120e+002
2.054000 4.012933e+002
2.056000 4.008757e+002
2.058000 4.004593e+002
2.060000 4.000440e+002
2.062000 3.996297e+002
2.064000 3.992166e+002
2.066000 3.988046e+002
2.068000 3.983937e+002
2.070000 3.979839e+002
2.072000 3.975753e+002
2.074000 3.971677e+002
2.076000 3.967613e+002
2.078000 3.963559e+002
2.080000 3.959517e+002
2.082000 3.955486e+002
2.084000 3.951466e+002
2.086000 3.947457e+002
2.088000 3.943460e+002
2.090000 3.939473e+002
2.092000 3.935498e+002
2.094000 3.931534e+002
2.096000 3.927581e+002
2.098000 3.923639e+002
2.100000 3.919708e+002
2.102000 3.915789e+002
2.104000 3.911880e+002
2.106000 3.907983e+002
2.108000 3.904097e+002
2.110000 3.900222e+002
2.112000 3.896358e+002
2.114000 3.892506e+002
2.116000 3.888664e+002
2.118000 3.884834e+002
2.120000 3.881015e+002
2.122000 3.877207e+002
2.124000 3.873410e+002
2.126000 3.869625e+002
2.128000 3.865850e+002
2.130000 3.862087e+002
2.132000 3.858335e+002
2.134000 3.854594e+002
2.136000 3.850864e+002
2.138000 3.847145e+002
2.140000 3.843438e+002
2.142000 3.839741e+002
2.144000 3.836056e+002
2.146000 3.832382e+002
2.148000 3.828719e+002
2.150000 3.825067e+002
2.152000 3.821426e+002
2.154000 3.817797e+002
2.156000 3.814178e+002
2.158000 3.810571e+002
2.160000 3.806974e+002
2.162000 3.803389e+002
2.164000 3.799815e+002
2.166000 3.796252e+002
2.168000 3.792700e+002
2.170000 3.789159e+002
2.172000 3.785629e+002
2.174000 3.782110e+002
2.176000 3.778602e+002
2.178000 3.775106e+002
2.180000 3.771620e+002
2.182000 3.768145e+002
2.184000 3.764682e+002
2.186000 3.761229e+002
2.188000 3.757788e+002
2.190000 3.754357e+002
2.192000 3.750938e+002
2.194000 3.747529e+002
2.196000 3.744131e+002
2.198000 3.740745e+002
2.200000 3.737369e+002
2.202000 3.734004e+002
2.204000 3.730651e+002
2.206000 3.727308e+002
2.208000 3.723976e+002
2.210000 3.720655e+002
2.212000 3.717345e+002
2.214000 3.714046e+002
2.216000 3.710758e+002
2.218000 3.707480e+002
2.220000 3.704214e+002
2.222000 3.700958e+002
2.224000 3.697713e+002
2.226000 3.694479e+002
2.228000 3.691256e+002
2.230000 3.688044e+002
2.232000 3.684842e+002
2.234000 3.681652e+002
2.236000 3.678472e+002
2.238000 3.675302e+002
2.240000 3.672144e+002
2.242000 3.668996e+002
2.244000 3.665859e+002
2.246000 3.662733e+002
2.248000 3.659618e+002
2.250000 3.656513e+002
2.252000 3.653419e+002
2.254000 3.650335e+002
2.256000 3.647263e+002
2.258000 3.644201e+002
2.260000 3.641149e+002
2.262000 3.638108e+002
2.264000 3.635078e+002
2.266000 3.632058e+002
2.268000 3.629049e+002
2.270000 3.626051e+002
2.272000 3.623063e+002
2.274000 3.620085e+002
2.276000 3.617118e+002
2.278000 3.614162e+002
2.280000 3.611216e+002
2.282000 3.608280e+002
2.284000 3.605355e+002
2.286000 3.602441e+002
2.288000 3.599537e+002
2.290000 3.596643e+002
2.292000 3.593760e+002
2.294000 3.590887e+002
2.296000 3.588025e+002
2.298000 3.585172e+002
2.300000 3.582331e+002
2.302000 3.579499e+002
2.304000 3.576678e+002
2.306000 3.573867e+002
2.308000 3.571067e+002
2.310000 3.568276e+002
2.312000 3.565496e+002
2.314000 3.562726e+002
2.316000 3.559967e+002
2.318000 3.557217e+002
2.320000 3.554478e+002
2.322000 3.551749e+002
2.324000 3.549030e+002
2.326000 3.546321e+002
2.328000 3.543622e+002
2.330000 3.540934e+002
2.332000 3.538255e+002
2.334000 3.535587e+002
2.336000 3.532928e+002
2.338000 3.530280e+002
2.340000 3.527641e+002
2.342000 3.525013e+002
2.344000 3.522394e+002
2.346000 3.519786e+002
2.348000 3.517187e+002
2.350000 3.514599e+002
2.352000 3.512020e+002
2.354000 3.509451e+002
2.356000 3.506892e+002
2.358000 3.504343e+002
2.360000 3.501803e+002
2.362000 3.499274e+002
2.364000 3.496754e+002
2.366000 3.494244e+002
2.368000 3.491744e+002
2.370000 3.489253e+002
2.372000 3.486772e+002
2.374000 3.484301e+002
2.376000 3.481840e+002
2.378000 3.479388e+002
2.380000 3.476945e+002
2.382000 3.474513e+002
2.384000 3.472090e+002
2.386000 3.469676e+002
2.388000 3.467272e+002
2.390000 3.464878e+002
2.392000 3.462493e+002
2.394000 3.460118e+002
2.396000 3.457752e+002
2.398000 3.455395e+002
2.400000 3.453048e+002
2.402000 3.450711e+002
2.404000 3.448383e+002
2.406000 3.446064e+002
2.408000 3.443754e+002
2.410000 3.441454e+002
2.412000 3.439163e+002
2.414000 3.436881e+002
2.416000 3.434609e+002
2.418000 3.432346e+002
2.420000 3.430092e+002
2.422000 3.427847e+002
2.424000 3.425612e+002
2.426000 3.423385e+002
2.428000 3.421168e+002
2.430000 3.418960e+002
2.432000 3.416761e+002
2.434000 3.414571e+002
2.436000 3.412390e+002
2.438000 3.410218e+002
2.440000 3.408055e+002
2.442000 3.405902e+002
2.444000 3.403757e+002
2.446000 3.401621e+002
2.448000 3.399494e+002
2.450000 3.397375e+002
2.452000 3.395266e+002
2.454000 3.393166e+002
2.456000 3.391074e+002
2.458000 3.388991e+002
2.460000 3.386917e+002
2.462000 3.384852e+002
2.464000 3.382796e+002
2.466000 3.380748e+002
2.468000 3.378709e+002
2.470000 3.376679e+002
2.472000 3.374657e+002
2.474000 3.372644e+002
2.476000 3.370639e+002
2.478000 3.368643e+002
2.480000 3.366656e+002
2.482000 3.364677e+002
2.484000 3.362707e+002
2.486000 3.360745e+002
2.488000 3.358792e+002
2.490000 3.356847e+002
2.492000 3.354911e+002
2.494000 3.352983e+002
2.496000 3.351063e+002
2.498000 3.349152e+002
2.500000 3.347249e+002
2.502000 3.345355e+002
2.504000 3.343468e+002
2.506000 3.341590e+002
2.508000 3.339721e+002
2.510000 3.337859e+002
2.512000 3.336006e+002
2.514000 3.334161e+002
2.516000 3.332324e+002
2.518000 3.330495e+002
2.520000 3.328674e+002
2.522000 3.326862e+002
2.524000 3.325057e+002
2.526000 3.323260e+002
2.528000 3.321472e+002
2.530000 3.319691e+002
2.532000 3.317919e+002
2.534000 3.316154e+002
2.536000 3.314398e+002
2.538000 3.312649e+002
2.540000 3.310908e+002
2.542000 3.309175e+002
2.544000 3.307450e+002
2.546000 3.305732e+002
2.548000 3.304023e+002
2.550000 3.302321e+002
2.552000 3.300627e+002
2.554000 3.298941e+002
2.556000 3.297262e+002
2.558000 3.295591e+002
2.560000 3.293928e+002
2.562000 3.292272e+002
2.564000 3.290624e+002
2.566000 3.288983e+002
2.568000 3.287350e+002
2.570000 3.285725e+002
2.572000 3.284107e+002
2.574000 3.282496e+002
2.576000 3.280893e+002
2.578000 3.279298e+002
2.580000 3.277710e+002
2.582000 3.276129e+002
2.584000 3.274556e+002
2.586000 3.272990e+002
2.588000 3.271431e+002
2.590000 3.269879e+002
2.592000 3.268335e+002
2.594000 3.266798e+002
2.596000 3.265269e+002
2.598000 3.263746e+002
2.600000 3.262231e+002
2.602000 3.260723e+002
2.604000 3.259222e+002
2.606000 3.257728e+002
2.608000 3.256241e+002
2.610000 3.254762e+002
2.612000 3.253289e+002
2.614000 3.251823e+002
2.616000 3.250365e+002
2.618000 3.248913e+002
2.620000 3.247469e+002
2.622000 3.246031e+002
2.624000 3.244600e+002
2.626000 3.243176e+002
2.628000 3.241759e+002
2.630000 3.240348e+002
2.632000 3.238945e+002
2.634000 3.237548e+002
2.636000 3.236158e+002
2.638000 3.234775e+002
2.640000 3.233399e+002
2.642000 3.232029e+002
2.644000 3.230666e+002
2.646000 3.229309e+002
2.648000 3.227960e+002
2.650000 3.226616e+002
2.652000 3.225280e+002
2.654000 3.223950e+002
2.656000 3.222626e+002
2.658000 3.221309e+002
2.660000 3.219999e+002
2.662000 3.218694e+002
2.664000 3.217397e+002
2.666000 3.216106e+002
2.668000 3.214821e+002
2.670000 3.213542e+002
2.672000 3.212270e+002
2.674000 3.211004e+002
2.676000 3.209745e+002
2.678000 3.208492e+002
2.680000 3.207245e+002
2.682000 3.206004e+002
2.684000 3.204770e+002
2.686000 3.203542e+002
2.688000 3.202319e+002
2.690000 3.201104e+002
2.692000 3.199894e+002
2.694000 3.198690e+002
2.696000 3.197492e+002
2.698000 3.196301e+002
2.700000 3.195115e+002
2.702000 3.193936e+002
2.704000 3.192762e+002
2.706000 3.191595e+002
2.708000 3.190433e+002
2.710000 3.189277e+002
2.712000 3.188128e+002
2.714000 3.186984e+002
2.716000 3.185846e+002
2.718000 3.184713e+002
2.720000 3.183587e+002
2.722000 3.182466e+002
2.724000 3.181351e+002
2.726000 3.180242e+002
2.728000 3.179139e+002
2.730000 3.178041e+002
2.732000 3.176949e+002
2.734000 3.175863e+002
2.736000 3.174782e+002
2.738000 3.173707e+002
2.740000 3.172638e+002
2.742000 3.171574e+002
2.744000 3.170515e+002
2.746000 3.169462e+002
2.748000 3.168415e+002
2.750000 3.167373e+002
2.752000 3.166337e+002
2.754000 3.165306e+002
2.756000 3.164280e+002
2.758000 3.163260e+002
2.760000 3.162245e+002
2.762000 3.161236e+002
2.764000 3.160232e+002
2.766000 3.159233e+002
2.768000 3.158240e+002
2.770000 3.157251e+002
2.772000 3.156268e+002
2.774000 3.155291e+002
2.776000 3.154318e+002
2.778000 3.153351e+002
2.780000 3.152389e+002
2.782000 3.151432e+002
2.784000 3.150480e+002
2.786000 3.149533e+002
2.788000 3.148591e+002
2.790000 3.147654e+002
2.792000 3.146723e+002
2.794000 3.145796e+002
2.796000 3.144875e+002
2.798000 3.143958e+002
2.800000 3.143046e+002
2.802000 3.142139e+002
2.804000 3.141238e+002
2.806000 3.140341e+002
2.808000 3.139449e+002
2.810000 3.138561e+002
2.812000 3.137679e+002
2.814000 3.136801e+002
2.816000 3.135929e+002
2.818000 3.135061e+002
2.820000 3.134197e+002
2.822000 3.133339e+002
2.824000 3.132485e+002
2.826000 3.131636e+002
2.828000 3.130791e+002
2.830000 3.129951e+002
2.832000 3.129116e+002
2.834000 3.128286e+002
2.836000 3.127460e+002
2.838000 3.126638e+002
2.840000 3.125821e+002
2.842000 3.125009e+002
2.844000 3.124201e+002
2.846000 3.123398e+002
2.848000 3.122599e+002
2.850000 3.121805e+002
2.852000 3.121015e+002
2.854000 3.120229e+002
2.856000 3.119448e+002
2.858000 3.118671e+002
2.860000 3.117899e+002
2.862000 3.117131e+002
2.864000 3.116367e+002
2.866000 3.115607e+002
2.868000 3.114852e+002
2.870000 3.114101e+002
2.872000 3.113355e+002
2.874000 3.112612e+002
2.876000 3.111874e+002
2.878000 3.111140e+002
2.880000 3.110410e+002
2.882000 3.109684e+002
2.884000 3.108962e+002
2.886000 3.108245e+002
2.888000 3.107531e+002
2.890000 3.106822e+002
2.892000 3.106117e+002
2.894000 3.105415e+002
2.896000 3.104718e+002
2.898000 3.104025e+002
2.900000 3.103336e+002
2.902000 3.102650e+002
2.904000 3.101969e+002
2.906000 3.101291e+002
2.908000 3.100618e+002
2.910000 3.099948e+002
2.912000 3.099282e+002
2.914000 3.098620e+002
2.916000 3.097962e+002
2.918000 3.097308e+002
2.920000 3.096658e+002
2.922000 3.096011e+002
2.924000 3.095368e+002
2.926000 3.094729e+002
2.928000 3.094093e+002
2.930000 3.093462e+002
2.932000 3.092834e+002
2.934000 3.092209e+002
2.936000 3.091588e+002
2.938000 3.090971e+002
2.940000 3.090358e+002
2.942000 3.089748e+002
2.944000 3.089142e+002
2.946000 3.088539e+002
2.948000 3.087940e+002
2.950000 3.087345e+002
2.952000 3.086752e+002
2.954000 3.086164e+002
2.956000 3.085579e+002
2.958000 3.084997e+002
2.960000 3.084419e+002
2.962000 3.083844e+002
2.964000 3.083273e+002
2.966000 3.082705e+002
2.968000 3.082141e+002
2.970000 3.081580e+002
2.972000 3.081022e+002
2.974000 3.080468e+002
2.976000 3.079916e+002
2.978000 3.079369e+002
2.980000 3.078824e+002
2.982000 3.078283e+002
2.984000 3.077745e+002
2.986000 3.077210e+002
2.988000 3.076679e+002
2.990000 3.076151e+002
2.992000 3.075625e+002
2.994000 3.075104e+002
2.996000 3.074585e+002
2.998000 3.074069e+002
3.000000 3.073557e+002
3.002000 3.073047e+002
3.004000 3.072541e+002
3.006000 3.072038e+002
3.008000 3.071538e+002
3.010000 3.071041e+002
3.012000 3.070547e+002
3.014000 3.070056e+002
3.016000 3.069568e+002
3.018000 3.069083e+002
3.020000 3.068601e+002
3.022000 3.068122e+002
3.024000 3.067646e+002
3.026000 3.067173e+002
3.028000 3.066703e+002
3.030000 3.066235e+002
3.032000 3.065771e+002
3.034000 3.065309e+002
3.036000 3.064850e+002
3.038000 3.064395e+002
3.040000 3.063942e+002
3.042000 3.063491e+002
3.044000 3.063044e+002
3.046000 3.062599e+002
3.048000 3.062157e+002
3.050000 3.061718e+002
3.052000 3.061282e+002
3.054000 3.060848e+002
3.056000 3.060417e+002
3.058000 3.059989e+002
3.060000 3.059564e+002
3.062000 3.059141e+002
3.064000 3.058721e+002
3.066000 3.058303e+002
3.068000 3.057888e+002
3.070000 3.057476e+002
3.072000 3.057066e+002
3.074000 3.056659e+002
3.076000 3.056254e+002
3.078000 3.055852e+002
3.080000 3.055453e+002
3.082000 3.055056e+002
3.084000 3.054662e+002
3.086000 3.054270e+002
3.088000 3.053880e+002
3.090000 3.053493e+002
3.092000 3.053109e+002
3.094000 3.052727e+002
3.096000 3.052347e+002
3.098000 3.051970e+002
3.100000 3.051596e+002
3.102000 3.051223e+002
3.104000 3.050853e+002
3.106000 3.050486e+002
3.108000 3.050121e+002
3.110000 3.049758e+002
3.112000 3.049397e+002
3.114000 3.049039e+002
3.116000 3.048683e+002
3.118000 3.048330e+002
3.120000 3.047979e+002
3.122000 3.047630e+002
3.124000 3.047283e+002
3.126000 3.046938e+002
3.128000 3.046596e+002
3.130000 3.046256e+002
3.132000 3.045918e+002
3.134000 3.045583e+002
3.136000 3.045249e+002
3.138000 3.044918e+002
3.140000 3.044589e+002
3.142000 3.044262e+002
3.144000 3.043937e+002
3.146000 3.043615e+002
3.148000 3.043294e+002
3.150000 3.042976e+002
3.152000 3.042660e+002
3.154000 3.042345e+002
3.156000 3.042033e+002
3.158000 3.041723e+002
3.160000 3.041415e+002
3.162000 3.041109e+002
3.164000 3.040805e+002
3.166000 3.040503e+002
3.168000 3.040203e+002
3.170000 3.039905e+002
3.172000 3.039609e+002
3.174000 3.039315e+002
3.176000 3.039023e+002
3.178000 3.038733e+002
3.180000 3.038445e+002
3.182000 3.038158e+002
3.184000 3.037874e+002
3.186000 3.037591e+002
3.188000 3.037311e+002
3.190000 3.037032e+002
3.192000 3.036755e+002
3.194000 3.036480e+002
3.196000 3.036207e+002
3.198000 3.035936e+002
3.200000 3.035667e+002
3.202000 3.035399e+002
3.204000 3.035133e+002
3.206000 3.034869e+002
3.208000 3.034607e+002
3.210000 3.034346e+002
3.212000 3.034088e+002
3.214000 3.033831e+002
3.216000 3.033575e+002
3.218000 3.033322e+002
3.220000 3.033070e+002
3.222000 3.032820e+002
3.224000 3.032572e+002
3.226000 3.032325e+002
3.228000 3.032080e+002
3.230000 3.031837e+002
3.232000 3.031595e+002
3.234000 3.031355e+002
3.236000 3.031117e+002
3.238000 3.030880e+002
3.240000 3.030645e+002
3.242000 3.030412e+002
3.244000 3.030180e+002
3.246000 3.029950e+002
3.248000 3.029721e+002
3.250000 3.029494e+002
3.252000 3.029269e+002
3.254000 3.029045e+002
3.256000 3.028822e+002
3.258000 3.028601e+002
3.260000 3.028382e+002
3.262000 3.028164e+002
3.264000 3.027948e+002
3.266000 3.027733e+002
3.268000 3.027520e+002
3.270000 3.027308e+002
3.272000 3.027098e+002
3.274000 3.026889e+002
3.276000 3.026682e+002
3.278000 3.026476e+002
3.280000 3.026271e+002
3.282000 3.026068e+002
3.284000 3.025867e+002
3.286000 3.025666e+002
3.288000 3.025468e+002
3.290000 3.025270e+002
3.292000 3.025074e+002
3.294000 3.024880e+002
3.296000 3.024686e+002
3.298000 3.024494e+002
3.300000 3.024304e+002
3.302000 3.024115e+002
3.304000 3.023927e+002
3.306000 3.023740e+002
3.308000 3.023555e+002
3.310000 3.023371e+002
3.312000 3.023189e+002
3.314000 3.023007e+002
3.316000 3.022827e+002
3.318000 3.022649e+002
3.320000 3.022471e+002
3.322000 3.022295e+002
3.324000 3.022120e+002
3.326000 3.021947e+002
3.328000 3.021774e+002
3.330000 3.021603e+002
3.332000 3.021433e+002
3.334000 3.021265e+002
3.336000 3.021097e+002
3.338000 3.020931e+002
3.340000 3.020766e+002
3.342000 3.020602e+002
3.344000 3.020439e+002
3.346000 3.020278e+002
3.348000 3.020117e+002
3.350000 3.019958e+002
3.352000 3.019800e+002
3.354000 3.019643e+002
3.356000 3.019488e+002
3.358000 3.019333e+002
3.360000 3.019180e+002
3.362000 3.019027e+002
3.364000 3.018876e+002
3.366000 3.018726e+002
3.368000 3.018577e+002
3.370000 3.018429e+002
3.372000 3.018282e+002
3.374000 3.018136e+002
3.376000 3.017992e+002
3.378000 3.017848e+002
3.380000 3.017705e+002
3.382000 3.017564e+002
3.384000 3.017423e+002
3.386000 3.017284e+002
3.388000 3.017145e+002
3.390000 3.017008e+002
3.392000 3.016872e+002
3.394000 3.016736e+002
3.396000 3.016602e+002
3.398000 3.016469e+002
3.400000 3.016336e+002
3.402000 3.016205e+002
3.404000 3.016074e+002
3.406000 3.015945e+002
3.408000 3.015816e+002
3.410000 3.015689e+002
3.412000 3.015562e+002
3.414000 3.015437e+002
3.416000 3.015312e+002
3.418000 3.015188e+002
3.420000 3.015066e+002
3.422000 3.014944e+002
3.424000 3.014823e+002
3.426000 3.014703e+002
3.428000 3.014584e+002
3.430000 3.014465e+002
3.432000 3.014348e+002
3.434000 3.014232e+002
3.436000 3.014116e+002
3.438000 3.014001e+002
3.440000 3.013888e+002
3.442000 3.013775e+002
3.444000 3.013662e+002
3.446000 3.013551e+002
3.448000 3.013441e+002
3.450000 3.013331e+002
3.452000 3.013223e+002
3.454000 3.013115e+002
3.456000 3.013008e+002
3.458000 3.012901e+002
3.460000 3.012796e+002
3.462000 3.012691e+002
3.464000 3.012588e+002
3.466000 3.012485e+002
3.468000 3.012382e+002
3.470000 3.012281e+002
3.472000 3.012180e+002
3.474000 3.012081e+002
3.476000 3.011982e+002
3.478000 3.011883e+002
3.480000 3.011786e+002
3.482000 3.011689e+002
3.484000 3.011593e+002
3.486000 3.011498e+002
3.488000 3.011403e+002
3.490000 3.011309e+002
3.492000 3.011216e+002
3.494000 3.011124e+002
3.496000 3.011032e+002
3.498000 3.010941e+002
3.500000 3.010851e+002
3.502000 3.010762e+002
3.504000 3.010673e+002
3.506000 3.010585e+002
3.508000 3.010498e+002
3.510000 3.010411e+002
3.512000 3.010325e+002
3.514000 3.010240e+002
3.516000 3.010155e+002
3.518000 3.010071e+002
3.520000 3.009988e+002
3.522000 3.009905e+002
3.524000 3.009823e+002
3.526000 3.009742e+002
3.528000 3.009661e+002
3.530000 3.009581e+002
3.532000 3.009502e+002
3.534000 3.009423e+002
3.536000 3.009345e+002
3.538000 3.009268e+002
3.540000 3.009191e+002
3.542000 3.009115e+002
3.544000 3.009039e+002
3.546000 3.008964e+002
3.548000 3.008890e+002
3.550000 3.008816e+002
3.552000 3.008743e+002
3.554000 3.008670e+002
3.556000 3.008598e+002
3.558000 3.008527e+002
3.560000 3.008456e+002
3.562000 3.008386e+002
3.564000 3.008316e+002
3.566000 3.008247e+002
3.568000 3.008179e+002
3.570000 3.008111e+002
3.572000 3.008044e+002
3.574000 3.007977e+002
3.576000 3.007911e+002
3.578000 3.007845e+002
3.580000 3.007780e+002
3.582000 3.007715e+002
3.584000 3.007651e+002
3.586000 3.007587e+002
3.588000 3.007524e+002
3.590000 3.007462e+002
3.592000 3.007400e+002
3.594000 3.007339e+002
3.596000 3.007278e+002
3.598000 3.007217e+002
3.600000 3.007157e+002
3.602000 3.007098e+002
3.604000 3.007039e+002
3.606000 3.006981e+002
3.608000 3.006923e+002
3.610000 3.006866e+002
3.612000 3.006809e+002
3.614000 3.006752e+002
3.616000 3.006697e+002
3.618000 3.006641e+002
3.620000 3.006586e+002
3.622000 3.006532e+002
3.624000 3.006478e+002
3.626000 3.006424e+002
3.628000 3.006371e+002
3.630000 3.006319e+002
3.632000 3.006266e+002
3.634000 3.006215e+002
3.636000 3.006163e+002
3.638000 3.006113e+002
3.640000 3.006062e+002
3.642000 3.006013e+002
3.644000 3.005963e+002
3.646000 3.005914e+002
3.648000 3.005866e+002
3.650000 3.005817e+002
3.652000 3.005770e+002
3.654000 3.005722e+002
3.656000 3.005676e+002
3.658000 3.005629e+002
3.660000 3.005583e+002
3.662000 3.005538e+002
3.664000 3.005492e+002
3.666000 3.005448e+002
3.668000 3.005403e+002
3.670000 3.005359e+002
3.672000 3.005316e+002
3.674000 3.005273e+002
3.676000 3.005230e+002
3.678000 3.005187e+002
3.680000 3.005146e+002
3.682000 3.005104e+002
3.684000 3.005063e+002
3.686000 3.005022e+002
3.688000 3.004982e+002
3.690000 3.004942e+002
3.692000 3.004902e+002
3.694000 3.004863e+002
3.696000 3.004824e+002
3.698000 3.004785e+002
3.700000 3.004747e+002
3.702000 3.004709e+002
3.704000 3.004672e+002
3.706000 3.004635e+002
3.708000 3.004598e+002
3.710000 3.004562e+002
3.712000 3.004526e+002
3.714000 3.004490e+002
3.716000 3.004455e+002
3.718000 3.004420e+002
3.720000 3.004385e+002
3.722000 3.004351e+002
3.724000 3.004317e+002
3.726000 3.004283e+002
3.728000 3.004250e+002
3.730000 3.004217e+002
3.732000 3.004185e+002
3.734000 3.004152e+002
3.736000 3.004120e+002
3.738000 3.004089e+002
3.740000 3.004058e+002
3.742000 3.004027e+002
3.744000 3.003996e+002
3.746000 3.003966e+002
3.748000 3.003936e+002
3.750000 3.003906e+002
3.752000 3.003877e+002
3.754000 3.003848e+002
3.756000 3.003819e+002
3.758000 3.003791e+002
3.760000 3.003762e+002
3.762000 3.003735e+002
3.764000 3.003707e+002
3.766000 3.003680e+002
3.768000 3.003653e+002
3.770000 3.003626e+002
3.772000 3.003600e+002
3.774000 3.003574e+002
3.776000 3.003548e+002
3.778000 3.003523e+002
3.780000 3.003498e+002
3.782000 3.003473e+002
3.784000 3.003448e+002
3.786000 3.003424e+002
3.788000 3.003400e+002
3.790000 3.003376e+002
3.792000 3.003353e+002
3.794000 3.003330e+002
3.796000 3.003307e+002
3.798000 3.003284e+002
3.800000 3.003262e+002
3.802000 3.003240e+002
3.804000 3.003218e+002
3.806000 3.003197e+002
3.808000 3.003175e+002
3.810000 3.003154e+002
3.812000 3.003134e+002
3.814000 3.003113e+002
3.816000 3.003093e+002
3.818000 3.003073e+002
3.820000 3.003054e+002
3.822000 3.003034e+002
3.824000 3.003015e+002
3.826000 3.002996e+002
3.828000 3.002978e+002
3.830000 3.002959e+002
3.832000 3.002941e+002
3.834000 3.002923e+002
3.836000 3.002906e+002
3.838000 3.002888e+002
3.840000 3.002871e+002
3.842000 3.002854e+002
3.844000 3.002838e+002
3.846000 3.002821e+002
3.848000 3.002805e+002
3.850000 3.002789e+002
3.852000 3.002774e+002
3.854000 3.002758e+002
3.856000 3.002743e+002
3.858000 3.002728e+002
3.860000 3.002713e+002
3.862000 3.002699e+002
3.864000 3.002685e+002
3.866000 3.002671e+002
3.868000 3.002657e+002
3.870000 3.002643e+002
3.872000 3.002630e+002
3.874000 3.002617e+002
3.876000 3.002604e+002
3.878000 3.002592e+002
3.880000 3.002579e+002
3.882000 3.002567e+002
3.884000 3.002555e+002
3.886000 3.002544e+002
3.888000 3.002532e+002
3.890000 3.002521e+002
3.892000 3.002510e+002
3.894000 3.002499e+002
3.896000 3.002489e+002
3.898000 3.002478e+002
3.900000 3.002468e+002
3.902000 3.002458e+002
3.904000 3.002449e+002
3.906000 3.002439e+002
3.908000 3.002430e+002
3.910000 3.002421e+002
3.912000 3.002412e+002
3.914000 3.002404e+002
3.916000 3.002395e+002
3.918000 3.002387e+002
3.920000 3.002379e+002
3.922000 3.002371e+002
3.924000 3.002364e+002
3.926000 3.002357e+002
3.928000 3.002350e+002
3.930000 3.002343e+002
3.932000 3.002336e+002
3.934000 3.002330e+002
3.936000 3.002323e+002
3.938000 3.002317e+002
3.940000 3.002312e+002
3.942000 3.002306e+002
3.944000 3.002301e+002
3.946000 3.002295e+002
3.948000 3.002291e+002
3.950000 3.002286e+002
3.952000 3.002281e+002
3.954000 3.002277e+002
3.956000 3.002273e+002
3.958000 3.002269e+002
3.960000 3.002265e+002
3.962000 3.002262e+002
3.964000 3.002258e+002
3.966000 3.002255e+002
3.968000 3.002252e+002
3.970000 3.002250e+002
3.972000 3.002247e+002
3.974000 3.002245e+002
3.976000 3.002243e+002
3.978000 3.002241e+002
3.980000 3.002239e+002
3.982000 3.002238e+002
3.984000 3.002237e+002
3.986000 3.002236e+002
3.988000 3.002235e+002
3.990000 3.002234e+002
3.992000 3.002234e+002
3.994000 3.002234e+002
3.996000 3.002234e+002
3.998000 3.000000e+002
