0.000000 3.363376e+002
0.002000 3.403655e+002
0.004000 3.443923e+002
0.006000 3.484179e+002
0.008000 3.524420e+002
0.010000 3.564647e+002
0.012000 3.604858e+002
0.014000 3.645052e+002
0.016000 3.685227e+002
0.018000 3.725383e+002
0.020000 3.765518e+002
0.022000 3.805631e+002
0.024000 3.845721e+002
0.026000 3.885788e+002
0.028000 3.925829e+002
0.030000 3.965843e+002
0.032000 4.005830e+002
0.034000 4.045789e+002
0.036000 4.085717e+002
0.038000 4.125615e+002
0.040000 4.165480e+002
0.042000 4.205313e+002
0.044000 4.245111e+002
0.046000 4.284873e+002
0.048000 4.324599e+002
0.050000 4.364287e+002
0.052000 4.403936e+002
0.054000 4.443545e+002
0.056000 4.483113e+002
0.058000 4.522638e+002
0.060000 4.562120e+002
0.062000 4.601558e+002
0.064000 4.640950e+002
0.066000 4.680295e+002
0.068000 4.719593e+002
0.070000 4.758841e+002
0.072000 4.798039e+002
0.074000 4.837187e+002
0.076000 4.876282e+002
0.078000 4.915323e+002
0.080000 4.954310e+002
0.082000 4.993241e+002
0.084000 5.032116e+002
0.086000 5.070933e+002
0.088000 5.109691e+002
0.090000 5.148389e+002
0.092000 5.187026e+002
0.094000 5.225601e+002
0.096000 5.264113e+002
0.098000 5.302560e+002
0.100000 5.340943e+002
0.102000 5.379258e+002
0.104000 5.417507e+002
0.106000 5.455686e+002
0.108000 5.493797e+002
0.110000 5.531836e+002
0.112000 5.569804e+002
0.114000 5.607699e+002
0.116000 5.645521e+002
0.118000 5.683267e+002
0.120000 5.720938e+002
0.122000 5.758532e+002
0.124000 5.796047e+002
0.126000 5.833484e+002
0.128000 5.870841e+002
0.130000 5.908117e+002
0.132000 5.945311e+002
0.134000 5.982422e+002
0.136000 6.019449e+002
0.138000 6.056391e+002
0.140000 6.093246e+002
0.142000 6.130015e+002
0.144000 6.166696e+002
0.146000 6.203288e+002
0.148000 6.239789e+002
0.150000 6.276200e+002
0.152000 6.312519e+002
0.154000 6.348745e+002
0.156000 6.384877e+002
0.158000 6.420914e+002
0.160000 6.456855e+002
0.162000 6.492699e+002
0.164000 6.528446e+002
0.166000 6.564094e+002
0.168000 6.599643e+002
0.170000 6.635091e+002
0.172000 6.670437e+002
0.174000 6.705681e+002
0.176000 6.740822e+002
0.178000 6.775859e+002
0.180000 6.810790e+002
0.182000 6.845616e+002
0.184000 6.880334e+002
0.186000 6.914944e+002
0.188000 6.949446e+002
0.190000 6.983838e+002
0.192000 7.018120e+002
0.194000 7.052290e+002
0.196000 7.086348e+002
0.198000 7.120293e+002
0.200000 7.154124e+002
0.202000 7.187839e+002
0.204000 7.221440e+002
0.206000 7.254923e+002
0.208000 7.288289e+002
0.210000 7.321537e+002
0.212000 7.354666e+002
0.214000 7.387675e+002
0.216000 7.420564e+002
0.218000 7.453330e+002
0.220000 7.485975e+002
0.222000 7.518496e+002
0.224000 7.550893e+002
0.226000 7.583166e+002
0.228000 7.615313e+002
0.230000 7.647333e+002
0.232000 7.679227e+002
0.234000 7.710992e+002
0.236000 7.742630e+002
0.238000 7.774137e+002
0.240000 7.805515e+002
0.242000 7.836761e+002
0.244000 7.867876e+002
0.246000 7.898859e+002
0.248000 7.929709e+002
0.250000 7.960424e+002
0.252000 7.991005e+002
0.254000 8.021451e+002
0.256000 8.051761e+002
0.258000 8.081935e+002
0.260000 8.111970e+002
0.262000 8.141868e+002
0.264000 8.171627e+002
0.266000 8.201247e+002
0.268000 8.230727e+002
0.270000 8.260066e+002
0.272000 8.289263e+002
0.274000 8.318318e+002
0.276000 8.347231e+002
0.278000 8.376001e+002
0.280000 8.404626e+002
0.282000 8.433107e+002
0.284000 8.461442e+002
0.286000 8.489632e+002
0.288000 8.517675e+002
0.290000 8.545571e+002
0.292000 8.573320e+002
0.294000 8.600920e+002
0.296000 8.628371e+002
0.298000 8.655673e+002
0.300000 8.682825e+002
0.302000 8.709827e+002
0.304000 8.736677e+002
0.306000 8.763376e+002
0.308000 8.789922e+002
0.310000 8.816316e+002
0.312000 8.842556e+002
0.314000 8.868643e+002
0.316000 8.894575e+002
0.318000 8.920353e+002
0.320000 8.945975e+002
0.322000 8.971441e+002
0.324000 8.996751e+002
0.326000 9.021904e+002
0.328000 9.046900e+002
0.330000 9.071738e+002
0.332000 9.096418e+002
0.334000 9.120939e+002
0.336000 9.145301e+002
0.338000 9.169503e+002
0.340000 9.193545e+002
0.342000 9.217427e+002
0.344000 9.241148e+002
0.346000 9.264707e+002
0.348000 9.288105e+002
0.350000 9.311341e+002
0.352000 9.334414e+002
0.354000 9.357324e+002
0.356000 9.380070e+002
0.358000 9.402653e+002
0.360000 9.425072e+002
0.362000 9.447326e+002
0.364000 9.469416e+002
0.366000 9.491340e+002
0.368000 9.513099e+002
0.370000 9.534692e+002
0.372000 9.556118e+002
0.374000 9.577378e+002
0.376000 9.598471e+002
0.378000 9.619397e+002
0.380000 9.640156e+002
0.382000 9.660746e+002
0.384000 9.681169e+002
0.386000 9.701423e+002
0.388000 9.721509e+002
0.390000 9.741425e+002
0.392000 9.761173e+002
0.394000 9.780750e+002
0.396000 9.800159e+002
0.398000 9.819397e+002
0.400000 9.838465e+002
0.402000 9.857362e+002
0.404000 9.876089e+002
0.406000 9.894645e+002
0.408000 9.913029e+002
0.410000 9.931243e+002
0.412000 9.949285e+002
0.414000 9.967155e+002
0.416000 9.984853e+002
0.418000 1.000238e+003
0.420000 1.001973e+003
0.422000 1.003691e+003
0.424000 1.005392e+003
0.426000 1.007076e+003
0.428000 1.008742e+003
0.430000 1.010391e+003
0.432000 1.012023e+003
0.434000 1.013637e+003
0.436000 1.015234e+003
0.438000 1.016814e+003
0.440000 1.018376e+003
0.442000 1.019921e+003
0.444000 1.021449e+003
0.446000 1.022959e+003
0.448000 1.024451e+003
0.450000 1.025927e+003
0.452000 1.027384e+003
0.454000 1.028825e+003
0.456000 1.030248e+003
0.458000 1.031654e+003
0.460000 1.033042e+003
0.462000 1.034412e+003
0.464000 1.035766e+003
0.466000 1.037101e+003
0.468000 1.038420e+003
0.470000 1.039721e+003
0.472000 1.041004e+003
0.474000 1.042270e+003
0.476000 1.043518e+003
0.478000 1.044749e+003
0.480000 1.045963e+003
0.482000 1.047159e+003
0.484000 1.048338e+003
0.486000 1.049499e+003
0.488000 1.050643e+003
0.490000 1.051769e+003
0.492000 1.052878e+003
0.494000 1.053970e+003
0.496000 1.055044e+003
0.498000 1.056101e+003
0.500000 1.057140e+003
0.502000 1.058162e+003
0.504000 1.059166e+003
0.506000 1.060154e+003
0.508000 1.061123e+003
0.510000 1.062076e+003
0.512000 1.063011e+003
0.514000 1.063929e+003
0.516000 1.064829e+003
0.518000 1.065712e+003
0.520000 1.066578e+003
0.522000 1.067427e+003
0.524000 1.068258e+003
0.526000 1.069072e+003
0.528000 1.069869e+003
0.530000 1.070649e+003
0.532000 1.071411e+003
0.534000 1.072156e+003
0.536000 1.072885e+003
0.538000 1.073596e+003
0.540000 1.074289e+003
0.542000 1.074966e+003
0.544000 1.075626e+003
0.546000 1.076269e+003
0.548000 1.076894e+003
0.550000 1.077503e+003
0.552000 1.078095e+003
0.554000 1.078669e+003
0.556000 1.079227e+003
0.558000 1.079768e+003
0.560000 1.080292e+003
0.562000 1.080799e+003
0.564000 1.081289e+003
0.566000 1.081763e+003
0.568000 1.082220e+003
0.570000 1.082660e+003
0.572000 1.083083e+003
0.574000 1.083489e+003
0.576000 1.083879e+003
0.578000 1.084252e+003
0.580000 1.084609e+003
0.582000 1.084949e+003
0.584000 1.085273e+003
0.586000 1.085580e+003
0.588000 1.085870e+003
0.590000 1.086144e+003
0.592000 1.086402e+003
0.594000 1.086644e+003
0.596000 1.086869e+003
0.598000 1.087077e+003
0.600000 1.087270e+003
0.602000 1.087446e+003
0.604000 1.087606e+003
0.606000 1.087750e+003
0.608000 1.087878e+003
0.610000 1.087990e+003
0.612000 1.088085e+003
0.614000 1.088165e+003
0.616000 1.088229e+003
0.618000 1.088277e+003
0.620000 1.088308e+003
0.622000 1.088325e+003
0.624000 1.088325e+003
0.626000 1.088310e+003
0.628000 1.088278e+003
0.630000 1.088232e+003
0.632000 1.088169e+003
0.634000 1.088091e+003
0.636000 1.087998e+003
0.638000 1.087889e+003
0.640000 1.087764e+003
0.642000 1.087624e+003
0.644000 1.087469e+003
0.646000 1.087299e+003
0.648000 1.087113e+003
0.650000 1.086912e+003
0.652000 1.086696e+003
0.654000 1.086465e+003
0.656000 1.086218e+003
0.658000 1.085957e+003
0.660000 1.085681e+003
0.662000 1.085390e+003
0.664000 1.085084e+003
0.666000 1.084763e+003
0.668000 1.084427e+003
0.670000 1.084077e+003
0.672000 1.083712e+003
0.674000 1.083333e+003
0.676000 1.082938e+003
0.678000 1.082530e+003
0.680000 1.082107e+003
0.682000 1.081669e+003
0.684000 1.081218e+003
0.686000 1.080752e+003
0.688000 1.080271e+003
0.690000 1.079777e+003
0.692000 1.079268e+003
0.694000 1.078746e+003
0.696000 1.078209e+003
0.698000 1.077659e+003
0.700000 1.077094e+003
0.702000 1.076516e+003
0.704000 1.075924e+003
0.706000 1.075318e+003
0.708000 1.074699e+003
0.710000 1.074066e+003
0.712000 1.073420e+003
0.714000 1.072760e+003
0.716000 1.072086e+003
0.718000 1.071400e+003
0.720000 1.070700e+003
0.722000 1.069986e+003
0.724000 1.069260e+003
0.726000 1.068521e+003
0.728000 1.067768e+003
0.730000 1.067002e+003
0.732000 1.066224e+003
0.734000 1.065433e+003
0.736000 1.064629e+003
0.738000 1.063812e+003
0.740000 1.062982e+003
0.742000 1.062140e+003
0.744000 1.061285e+003
0.746000 1.060418e+003
0.748000 1.059539e+003
0.750000 1.058647e+003
0.752000 1.057743e+003
0.754000 1.056826e+003
0.756000 1.055898e+003
0.758000 1.054957e+003
0.760000 1.054005e+003
0.762000 1.053040e+003
0.764000 1.052064e+003
0.766000 1.051076e+003
0.768000 1.050076e+003
0.770000 1.049064e+003
0.772000 1.048041e+003
0.774000 1.047006e+003
0.776000 1.045960e+003
0.778000 1.044902e+003
0.780000 1.043833e+003
0.782000 1.042753e+003
0.784000 1.041661e+003
0.786000 1.040559e+003
0.788000 1.039445e+003
0.790000 1.038320e+003
0.792000 1.037185e+003
0.794000 1.036038e+003
0.796000 1.034881e+003
0.798000 1.033713e+003
0.800000 1.032535e+003
0.802000 1.031345e+003
0.804000 1.030146e+003
0.806000 1.028936e+003
0.808000 1.027715e+003
0.810000 1.026485e+003
0.812000 1.025244e+003
0.814000 1.023993e+003
0.816000 1.022732e+003
0.818000 1.021461e+003
0.820000 1.020180e+003
0.822000 1.018889e+003
0.824000 1.017588e+003
0.826000 1.016278e+003
0.828000 1.014958e+003
0.830000 1.013629e+003
0.832000 1.012290e+003
0.834000 1.010941e+003
0.836000 1.009583e+003
0.838000 1.008216e+003
0.840000 1.006840e+003
0.842000 1.005455e+003
0.844000 1.004061e+003
0.846000 1.002657e+003
0.848000 1.001245e+003
0.850000 9.998241e+002
0.852000 9.983944e+002
0.854000 9.969560e+002
0.856000 9.955089e+002
0.858000 9.940534e+002
0.860000 9.925894e+002
0.862000 9.911171e+002
0.864000 9.896364e+002
0.866000 9.881475e+002
0.868000 9.866505e+002
0.870000 9.851454e+002
0.872000 9.836323e+002
0.874000 9.821113e+002
0.876000 9.805824e+002
0.878000 9.790458e+002
0.880000 9.775015e+002
0.882000 9.759495e+002
0.884000 9.743901e+002
0.886000 9.728231e+002
0.888000 9.712487e+002
0.890000 9.696671e+002
0.892000 9.680781e+002
0.894000 9.664820e+002
0.896000 9.648789e+002
0.898000 9.632687e+002
0.900000 9.616515e+002
0.902000 9.600275e+002
0.904000 9.583967e+002
0.906000 9.567592e+002
0.908000 9.551151e+002
0.910000 9.534644e+002
0.912000 9.518072e+002
0.914000 9.501435e+002
0.916000 9.484736e+002
0.918000 9.467974e+002
0.920000 9.451150e+002
0.922000 9.434265e+002
0.924000 9.417319e+002
0.926000 9.400314e+002
0.928000 9.383250e+002
0.930000 9.366128e+002
0.932000 9.348949e+002
0.934000 9.331713e+002
0.936000 9.314421e+002
0.938000 9.297074e+002
0.940000 9.279673e+002
0.942000 9.262218e+002
0.944000 9.244710e+002
0.946000 9.227150e+002
0.948000 9.209539e+002
0.950000 9.191878e+002
0.952000 9.174166e+002
0.954000 9.156405e+002
0.956000 9.138596e+002
0.958000 9.120740e+002
0.960000 9.102836e+002
0.962000 9.084887e+002
0.964000 9.066891e+002
0.966000 9.048852e+002
0.968000 9.030768e+002
0.970000 9.012642e+002
0.972000 8.994472e+002
0.974000 8.976261e+002
0.976000 8.958010e+002
0.978000 8.939718e+002
0.980000 8.921386e+002
0.982000 8.903016e+002
0.984000 8.884607e+002
0.986000 8.866162e+002
0.988000 8.847680e+002
0.990000 8.829162e+002
0.992000 8.810608e+002
0.994000 8.792021e+002
0.996000 8.773400e+002
0.998000 8.754745e+002
1.000000 8.736059e+002
1.002000 8.717341e+002
1.004000 8.698592e+002
1.006000 8.679813e+002
1.008000 8.661005e+002
1.010000 8.642168e+002
1.012000 8.623304e+002
1.014000 8.604412e+002
1.016000 8.585493e+002
1.018000 8.566549e+002
1.020000 8.547579e+002
1.022000 8.528585e+002
1.024000 8.509568e+002
1.026000 8.490527e+002
1.028000 8.471464e+002
1.030000 8.452379e+002
1.032000 8.433274e+002
1.034000 8.414148e+002
1.036000 8.395003e+002
1.038000 8.375838e+002
1.040000 8.356656e+002
1.042000 8.337456e+002
1.044000 8.318239e+002
1.046000 8.299006e+002
1.048000 8.279758e+002
1.050000 8.260495e+002
1.052000 8.241217e+002
1.054000 8.221927e+002
1.056000 8.202623e+002
1.058000 8.183307e+002
1.060000 8.163980e+002
1.062000 8.144642e+002
1.064000 8.125294e+002
1.066000 8.105937e+002
1.068000 8.086570e+002
1.070000 8.067196e+002
1.072000 8.047814e+002
1.074000 8.028425e+002
1.076000 8.009030e+002
1.078000 7.989629e+002
1.080000 7.970223e+002
1.082000 7.950813e+002
1.084000 7.931399e+002
1.086000 7.911982e+002
1.088000 7.892563e+002
1.090000 7.873142e+002
1.092000 7.853720e+002
1.094000 7.834297e+002
1.096000 7.814874e+002
1.098000 7.795452e+002
1.100000 7.776031e+002
1.102000 7.756613e+002
1.104000 7.737196e+002
1.106000 7.717783e+002
1.108000 7.698374e+002
1.110000 7.678968e+002
1.112000 7.659568e+002
1.114000 7.640173e+002
1.116000 7.620785e+002
1.118000 7.601403e+002
1.120000 7.582028e+002
1.122000 7.562661e+002
1.124000 7.543302e+002
1.126000 7.523953e+002
1.128000 7.504613e+002
1.130000 7.485283e+002
1.132000 7.465964e+002
1.134000 7.446657e+002
1.136000 7.427361e+002
1.138000 7.408077e+002
1.140000 7.388807e+002
1.142000 7.369550e+002
1.144000 7.350307e+002
1.146000 7.331078e+002
1.148000 7.311865e+002
1.150000 7.292667e+002
1.152000 7.273486e+002
1.154000 7.254321e+002
1.156000 7.235174e+002
1.158000 7.216045e+002
1.160000 7.196933e+002
1.162000 7.177841e+002
1.164000 7.158768e+002
1.166000 7.139715e+002
1.168000 7.120682e+002
1.170000 7.101670e+002
1.172000 7.082680e+002
1.174000 7.063711e+002
1.176000 7.044765e+002
1.178000 7.025842e+002
1.180000 7.006942e+002
1.182000 6.988066e+002
1.184000 6.969214e+002
1.186000 6.950387e+002
1.188000 6.931586e+002
1.190000 6.912810e+002
1.192000 6.894060e+002
1.194000 6.875338e+002
1.196000 6.856642e+002
1.198000 6.837974e+002
1.200000 6.819334e+002
1.202000 6.800723e+002
1.204000 6.782140e+002
1.206000 6.763587e+002
1.208000 6.745064e+002
1.210000 6.726571e+002
1.212000 6.708110e+002
1.214000 6.689679e+002
1.216000 6.671279e+002
1.218000 6.652912e+002
1.220000 6.634578e+002
1.222000 6.616276e+002
1.224000 6.598007e+002
1.226000 6.579772e+002
1.228000 6.561572e+002
1.230000 6.543405e+002
1.232000 6.525274e+002
1.234000 6.507178e+002
1.236000 6.489118e+002
1.238000 6.471094e+002
1.240000 6.453106e+002
1.242000 6.435155e+002
1.244000 6.417241e+002
1.246000 6.399365e+002
1.248000 6.381527e+002
1.250000 6.363727e+002
1.252000 6.345966e+002
1.254000 6.328244e+002
1.256000 6.310562e+002
1.258000 6.292919e+002
1.260000 6.275316e+002
1.262000 6.257754e+002
1.264000 6.240233e+002
1.266000 6.222753e+002
1.268000 6.205314e+002
1.270000 6.187917e+002
1.272000 6.170562e+002
1.274000 6.153250e+002
1.276000 6.135980e+002
1.278000 6.118754e+002
1.280000 6.101571e+002
1.282000 6.084431e+002
1.284000 6.067336e+002
1.286000 6.050285e+002
1.288000 6.033279e+002
1.290000 6.016318e+002
1.292000 5.999401e+002
1.294000 5.982531e+002
1.296000 5.965706e+002
1.298000 5.948927e+002
1.300000 5.932194e+002
1.302000 5.915509e+002
1.304000 5.898870e+002
1.306000 5.882278e+002
1.308000 5.865733e+002
1.310000 5.849236e+002
1.312000 5.832788e+002
1.314000 5.816387e+002
1.316000 5.800035e+002
1.318000 5.783731e+002
1.320000 5.767476e+002
1.322000 5.751271e+002
1.324000 5.735115e+002
1.326000 5.719008e+002
1.328000 5.702951e+002
1.330000 5.686945e+002
1.332000 5.670988e+002
1.334000 5.655082e+002
1.336000 5.639227e+002
1.338000 5.623423e+002
1.340000 5.607669e+002
1.342000 5.591967e+002
1.344000 5.576317e+002
1.346000 5.560718e+002
1.348000 5.545172e+002
1.350000 5.529677e+002
1.352000 5.514234e+002
1.354000 5.498844e+002
1.356000 5.483507e+002
1.358000 5.468222e+002
1.360000 5.452991e+002
1.362000 5.437812e+002
1.364000 5.422687e+002
1.366000 5.407615e+002
1.368000 5.392597e+002
1.370000 5.377633e+002
1.372000 5.362722e+002
1.374000 5.347866e+002
1.376000 5.333064e+002
1.378000 5.318316e+002
1.380000 5.303623e+002
1.382000 5.288984e+002
1.384000 5.274400e+002
1.386000 5.259871e+002
1.388000 5.245396e+002
1.390000 5.230977e+002
1.392000 5.216614e+002
1.394000 5.202305e+002
1.396000 5.188052e+002
1.398000 5.173855e+002
1.400000 5.159713e+002
1.402000 5.145627e+002
1.404000 5.131596e+002
1.406000 5.117622e+002
1.408000 5.103704e+002
1.410000 5.089842e+002
1.412000 5.076036e+002
1.414000 5.062286e+002
1.416000 5.048593e+002
1.418000 5.034956e+002
1.420000 5.021376e+002
1.422000 5.007852e+002
1.424000 4.994385e+002
1.426000 4.980975e+002
1.428000 4.967621e+002
1.430000 4.954324e+002
1.432000 4.941084e+002
1.434000 4.927902e+002
1.436000 4.914776e+002
1.438000 4.901707e+002
1.440000 4.888695e+002
1.442000 4.875740e+002
1.444000 4.862842e+002
1.446000 4.850002e+002
1.448000 4.837218e+002
1.450000 4.824492e+002
1.452000 4.811824e+002
1.454000 4.799212e+002
1.456000 4.786658e+002
1.458000 4.774161e+002
1.460000 4.761721e+002
1.462000 4.749339e+002
1.464000 4.737014e+002
1.466000 4.724746e+002
1.468000 4.712536e+002
1.470000 4.700383e+002
1.472000 4.688287e+002
1.474000 4.676249e+002
1.476000 4.664268e+002
1.478000 4.652344e+002
1.480000 4.640478e+002
1.482000 4.628669e+002
1.484000 4.616917e+002
1.486000 4.605223e+002
1.488000 4.593585e+002
1.490000 4.582005e+002
1.492000 4.570482e+002
1.494000 4.559016e+002
1.496000 4.547607e+002
1.498000 4.536256e+002
1.500000 4.524961e+002
1.502000 4.513723e+002
1.504000 4.502542e+002
1.506000 4.491418e+002
1.508000 4.480351e+002
1.510000 4.469341e+002
1.512000 4.458387e+002
1.514000 4.447490e+002
1.516000 4.436650e+002
1.518000 4.425866e+002
1.520000 4.415139e+002
1.522000 4.404468e+002
1.524000 4.393854e+002
1.526000 4.383296e+002
1.528000 4.372794e+002
1.530000 4.362348e+002
1.532000 4.351958e+002
1.534000 4.341624e+002
1.536000 4.331346e+002
1.538000 4.321124e+002
1.540000 4.310958e+002
1.542000 4.300847e+002
1.544000 4.290792e+002
1.546000 4.280793e+002
1.548000 4.270849e+002
1.550000 4.260960e+002
1.552000 4.251126e+002
1.554000 4.241348e+002
1.556000 4.231624e+002
1.558000 4.221955e+002
1.560000 4.212341e+002
1.562000 4.202782e+002
1.564000 4.193278e+002
1.566000 4.183828e+002
1.568000 4.174432e+002
1.570000 4.165090e+002
1.572000 4.155803e+002
1.574000 4.146570e+002
1.576000 4.137390e+002
1.578000 4.128264e+002
1.580000 4.119192e+002
1.582000 4.110174e+002
1.584000 4.101209e+002
1.586000 4.092297e+002
1.588000 4.083439e+002
1.590000 4.074633e+002
1.592000 4.065880e+002
1.594000 4.057180e+002
1.596000 4.048533e+002
1.598000 4.039938e+002
1.600000 4.031396e+002
1.602000 4.022906e+002
1.604000 4.014468e+002
1.606000 4.006081e+002
1.608000 3.997747e+002
1.610000 3.989464e+002
1.612000 3.981233e+002
1.614000 3.973053e+002
1.616000 3.964925e+002
1.618000 3.956847e+002
1.620000 3.948821e+002
1.622000 3.940845e+002
1.624000 3.932920e+002
1.626000 3.925045e+002
1.628000 3.917220e+002
1.630000 3.909446e+002
1.632000 3.901722e+002
1.634000 3.894047e+002
1.636000 3.886422e+002
1.638000 3.878847e+002
1.640000 3.871321e+002
1.642000 3.863844e+002
1.644000 3.856417e+002
1.646000 3.849038e+002
1.648000 3.841708e+002
1.650000 3.834426e+002
1.652000 3.827193e+002
1.654000 3.820007e+002
1.656000 3.812870e+002
1.658000 3.805781e+002
1.660000 3.798739e+002
1.662000 3.791745e+002
1.664000 3.784798e+002
1.666000 3.777899e+002
1.668000 3.771046e+002
1.670000 3.764240e+002
1.672000 3.757481e+002
1.674000 3.750768e+002
1.676000 3.744102e+002
1.678000 3.737481e+002
1.680000 3.730907e+002
1.682000 3.724378e+002
1.684000 3.717895e+002
1.686000 3.711457e+002
1.688000 3.705064e+002
1.690000 3.698716e+002
1.692000 3.692413e+002
1.694000 3.686155e+002
1.696000 3.679941e+002
1.698000 3.673771e+002
1.700000 3.667646e+002
1.702000 3.661564e+002
1.704000 3.655526e+002
1.706000 3.649532e+002
1.708000 3.643581e+002
1.710000 3.637673e+002
1.712000 3.631808e+002
1.714000 3.625985e+002
1.716000 3.620206e+002
1.718000 3.614468e+002
1.720000 3.608773e+002
1.722000 3.603120e+002
1.724000 3.597508e+002
1.726000 3.591938e+002
1.728000 3.586410e+002
1.730000 3.580923e+002
1.732000 3.575477e+002
1.734000 3.570071e+002
1.736000 3.564707e+002
1.738000 3.559382e+002
1.740000 3.554098e+002
1.742000 3.548854e+002
1.744000 3.543650e+002
1.746000 3.538486e+002
1.748000 3.533361e+002
1.750000 3.528275e+002
1.752000 3.523228e+002
1.754000 3.518221e+002
1.756000 3.513252e+002
1.758000 3.508321e+002
1.760000 3.503429e+002
1.762000 3.498575e+002
1.764000 3.493758e+002
1.766000 3.488980e+002
1.768000 3.484239e+002
1.770000 3.479535e+002
1.772000 3.474868e+002
1.774000 3.470239e+002
1.776000 3.465646e+002
1.778000 3.461089e+002
1.780000 3.456569e+002
1.782000 3.452085e+002
1.784000 3.447637e+002
1.786000 3.443225e+002
1.788000 3.438848e+002
1.790000 3.434507e+002
1.792000 3.430201e+002
1.794000 3.425930e+002
1.796000 3.421693e+002
1.798000 3.417491e+002
1.800000 3.413324e+002
1.802000 3.409190e+002
1.804000 3.405091e+002
1.806000 3.401026e+002
1.808000 3.396994e+002
1.810000 3.392995e+002
1.812000 3.389030e+002
1.814000 3.385097e+002
1.816000 3.381198e+002
1.818000 3.377331e+002
1.820000 3.373497e+002
1.822000 3.369694e+002
1.824000 3.365924e+002
1.826000 3.362186e+002
1.828000 3.358479e+002
1.830000 3.354804e+002
1.832000 3.351160e+002
1.834000 3.347548e+002
1.836000 3.343966e+002
1.838000 3.340415e+002
1.840000 3.336894e+002
1.842000 3.333404e+002
1.844000 3.329944e+002
1.846000 3.326513e+002
1.848000 3.323113e+002
1.850000 3.319742e+002
1.852000 3.316401e+002
1.854000 3.313088e+002
1.856000 3.309805e+002
1.858000 3.306551e+002
1.860000 3.303325e+002
1.862000 3.300128e+002
1.864000 3.296959e+002
1.866000 3.293818e+002
1.868000 3.290704e+002
1.870000 3.287619e+002
1.872000 3.284561e+002
1.874000 3.281531e+002
1.876000 3.278528e+002
1.878000 3.275551e+002
1.880000 3.272602e+002
1.882000 3.269679e+002
1.884000 3.266782e+002
1.886000 3.263912e+002
1.888000 3.261068e+002
1.890000 3.258250e+002
1.892000 3.255458e+002
1.894000 3.252691e+002
1.896000 3.249949e+002
1.898000 3.247233e+002
1.900000 3.244542e+002
1.902000 3.241875e+002
1.904000 3.239234e+002
1.906000 3.236616e+002
1.908000 3.234023e+002
1.910000 3.231455e+002
1.912000 3.228910e+002
1.914000 3.226389e+002
1.916000 3.223892e+002
1.918000 3.221418e+002
1.920000 3.218967e+002
1.922000 3.216540e+002
1.924000 3.214135e+002
1.926000 3.211754e+002
1.928000 3.209395e+002
1.930000 3.207058e+002
1.932000 3.204744e+002
1.934000 3.202452e+002
1.936000 3.200181e+002
1.938000 3.197933e+002
1.940000 3.195706e+002
1.942000 3.193501e+002
1.944000 3.191317e+002
1.946000 3.189154e+002
1.948000 3.187012e+002
1.950000 3.184891e+002
1.952000 3.182791e+002
1.954000 3.180711e+002
1.956000 3.178652e+002
1.958000 3.176613e+002
1.960000 3.174593e+002
1.962000 3.172594e+002
1.964000 3.170614e+002
1.966000 3.168654e+002
1.968000 3.166714e+002
1.970000 3.164793e+002
1.972000 3.162890e+002
1.974000 3.161007e+002
1.976000 3.159143e+002
1.978000 3.157297e+002
1.980000 3.155470e+002
1.982000 3.153661e+002
1.984000 3.151870e+002
1.986000 3.150098e+002
1.988000 3.148343e+002
1.990000 3.146607e+002
1.992000 3.144887e+002
1.994000 3.143186e+002
1.996000 3.141501e+002
1.998000 3.139834e+002
2.000000 3.138184e+002
2.002000 3.136551e+002
2.004000 3.134935e+002
2.006000 3.133335e+002
2.008000 3.131752e+002
2.010000 3.130185e+002
2.012000 3.128635e+002
2.014000 3.127100e+002
2.016000 3.125582e+002
2.018000 3.124079e+002
2.020000 3.122592e+002
2.022000 3.121121e+002
2.024000 3.119665e+002
2.026000 3.118224e+002
2.028000 3.116799e+002
2.030000 3.115388e+002
2.032000 3.113993e+002
2.034000 3.112612e+002
2.036000 3.111246e+002
2.038000 3.109894e+002
2.040000 3.108557e+002
2.042000 3.107234e+002
2.044000 3.105925e+002
2.046000 3.104630e+002
2.048000 3.103349e+002
2.050000 3.102082e+002
2.052000 3.100829e+002
2.054000 3.099589e+002
2.056000 3.098362e+002
2.058000 3.097149e+002
2.060000 3.095949e+002
2.062000 3.094762e+002
2.064000 3.093587e+002
2.066000 3.092426e+002
2.068000 3.091278e+002
2.070000 3.090142e+002
2.072000 3.089018e+002
2.074000 3.087907e+002
2.076000 3.086808e+002
2.078000 3.085721e+002
2.080000 3.084646e+002
2.082000 3.083583e+002
2.084000 3.082532e+002
2.086000 3.081493e+002
2.088000 3.080465e+002
2.090000 3.079449e+002
2.092000 3.078444e+002
2.094000 3.077450e+002
2.096000 3.076467e+002
2.098000 3.075496e+002
2.100000 3.074535e+002
2.102000 3.073585e+002
2.104000 3.072646e+002
2.106000 3.071718e+002
2.108000 3.070800e+002
2.110000 3.069893e+002
2.112000 3.068995e+002
2.114000 3.068109e+002
2.116000 3.067232e+002
2.118000 3.066365e+002
2.120000 3.065508e+002
2.122000 3.064661e+002
2.124000 3.063824e+002
2.126000 3.062997e+002
2.128000 3.062179e+002
2.130000 3.061370e+002
2.132000 3.060571e+002
2.134000 3.059781e+002
2.136000 3.059001e+002
2.138000 3.058229e+002
2.140000 3.057466e+002
2.142000 3.056713e+002
2.144000 3.055968e+002
2.146000 3.055232e+002
2.148000 3.054504e+002
2.150000 3.053786e+002
2.152000 3.053075e+002
2.154000 3.052373e+002
2.156000 3.051679e+002
2.158000 3.050994e+002
2.160000 3.050317e+002
2.162000 3.049647e+002
2.164000 3.048986e+002
2.166000 3.048333e+002
2.168000 3.047687e+002
2.170000 3.047049e+002
2.172000 3.046419e+002
2.174000 3.045796e+002
2.176000 3.045181e+002
2.178000 3.044573e+002
2.180000 3.043973e+002
2.182000 3.043380e+002
2.184000 3.042794e+002
2.186000 3.042215e+002
2.188000 3.041643e+002
2.190000 3.041079e+002
2.192000 3.040521e+002
2.194000 3.039970e+002
2.196000 3.039425e+002
2.198000 3.038888e+002
2.200000 3.038357e+002
2.202000 3.037832e+002
2.204000 3.037314e+002
2.206000 3.036802e+002
2.208000 3.036297e+002
2.210000 3.035798e+002
2.212000 3.035305e+002
2.214000 3.034818e+002
2.216000 3.034337e+002
2.218000 3.033863e+002
2.220000 3.033394e+002
2.222000 3.032931e+002
2.224000 3.032474e+002
2.226000 3.032022e+002
2.228000 3.031577e+002
2.230000 3.031137e+002
2.232000 3.030702e+002
2.234000 3.030273e+002
2.236000 3.029849e+002
2.238000 3.029431e+002
2.240000 3.029018e+002
2.242000 3.028610e+002
2.244000 3.028208e+002
2.246000 3.027810e+002
2.248000 3.027418e+002
2.250000 3.027031e+002
2.252000 3.026648e+002
2.254000 3.026271e+002
2.256000 3.025898e+002
2.258000 3.025531e+002
2.260000 3.025168e+002
2.262000 3.024809e+002
2.264000 3.024456e+002
2.266000 3.024106e+002
2.268000 3.023762e+002
2.270000 3.023422e+002
2.272000 3.023086e+002
2.274000 3.022755e+002
2.276000 3.022428e+002
2.278000 3.022105e+002
2.280000 3.021786e+002
2.282000 3.021472e+002
2.284000 3.021162e+002
2.286000 3.020856e+002
2.288000 3.020554e+002
2.290000 3.020256e+002
2.292000 3.019962e+002
2.294000 3.019671e+002
2.296000 3.019385e+002
2.298000 3.019102e+002
2.300000 3.018824e+002
2.302000 3.018548e+002
2.304000 3.018277e+002
2.306000 3.018009e+002
2.308000 3.017745e+002
2.310000 3.017484e+002
2.312000 3.017227e+002
2.314000 3.016973e+002
2.316000 3.016723e+002
2.318000 3.016476e+002
2.320000 3.016232e+002
2.322000 3.015992e+002
2.324000 3.015755e+002
2.326000 3.015521e+002
2.328000 3.015291e+002
2.330000 3.015063e+002
2.332000 3.014839e+002
2.334000 3.014617e+002
2.336000 3.014399e+002
2.338000 3.014184e+002
2.340000 3.013971e+002
2.342000 3.013762e+002
2.344000 3.013555e+002
2.346000 3.013351e+002
2.348000 3.013150e+002
2.350000 3.012952e+002
2.352000 3.012757e+002
2.354000 3.012564e+002
2.356000 3.012374e+002
2.358000 3.012187e+002
2.360000 3.012002e+002
2.362000 3.011820e+002
2.364000 3.011640e+002
2.366000 3.011463e+002
2.368000 3.011288e+002
2.370000 3.011116e+002
2.372000 3.010946e+002
2.374000 3.010779e+002
2.376000 3.010614e+002
2.378000 3.010451e+002
2.380000 3.010290e+002
2.382000 3.010132e+002
2.384000 3.009976e+002
2.386000 3.009823e+002
2.388000 3.009671e+002
2.390000 3.009522e+002
2.392000 3.009374e+002
2.394000 3.009229e+002
2.396000 3.009086e+002
2.398000 3.008945e+002
2.400000 3.008806e+002
2.402000 3.008669e+002
2.404000 3.008534e+002
2.406000 3.008401e+002
2.408000 3.008270e+002
2.410000 3.008140e+002
2.412000 3.008013e+002
2.414000 3.007887e+002
2.416000 3.007763e+002
2.418000 3.007641e+002
2.420000 3.007521e+002
2.422000 3.007403e+002
2.424000 3.007286e+002
2.426000 3.007171e+002
2.428000 3.007058e+002
2.430000 3.006946e+002
2.432000 3.006836e+002
2.434000 3.006727e+002
2.436000 3.006620e+002
2.438000 3.006515e+002
2.440000 3.006411e+002
2.442000 3.006309e+002
2.444000 3.006208e+002
2.446000 3.006109e+002
2.448000 3.006012e+002
2.450000 3.005915e+002
2.452000 3.005820e+002
2.454000 3.005727e+002
2.456000 3.005635e+002
2.458000 3.005544e+002
2.460000 3.005455e+002
2.462000 3.005367e+002
2.464000 3.005280e+002
2.466000 3.005195e+002
2.468000 3.005111e+002
2.470000 3.005028e+002
2.472000 3.004946e+002
2.474000 3.004866e+002
2.476000 3.004787e+002
2.478000 3.004709e+002
2.480000 3.004632e+002
2.482000 3.004556e+002
2.484000 3.004482e+002
2.486000 3.004409e+002
2.488000 3.004336e+002
2.490000 3.004265e+002
2.492000 3.004195e+002
2.494000 3.004126e+002
2.496000 3.004058e+002
2.498000 3.003992e+002
2.500000 3.003926e+002
2.502000 3.003861e+002
2.504000 3.003797e+002
2.506000 3.003734e+002
2.508000 3.003672e+002
2.510000 3.003611e+002
2.512000 3.003551e+002
2.514000 3.003492e+002
2.516000 3.003434e+002
2.518000 3.003377e+002
2.520000 3.003321e+002
2.522000 3.003265e+002
2.524000 3.003211e+002
2.526000 3.003157e+002
2.528000 3.003104e+002
2.530000 3.003052e+002
2.532000 3.003000e+002
2.534000 3.002950e+002
2.536000 3.002900e+002
2.538000 3.002851e+002
2.540000 3.002803e+002
2.542000 3.002756e+002
2.544000 3.002709e+002
2.546000 3.002663e+002
2.548000 3.002618e+002
2.550000 3.002574e+002
2.552000 3.002530e+002
2.554000 3.002487e+002
2.556000 3.002445e+002
2.558000 3.002403e+002
2.560000 3.002362e+002
2.562000 3.002322e+002
2.564000 3.002282e+002
2.566000 3.002243e+002
2.568000 3.002204e+002
2.570000 3.002167e+002
2.572000 3.002129e+002
2.574000 3.002093e+002
2.576000 3.002057e+002
2.578000 3.002021e+002
2.580000 3.001986e+002
2.582000 3.001952e+002
2.584000 3.001918e+002
2.586000 3.001885e+002
2.588000 3.001852e+002
2.590000 3.001820e+002
2.592000 3.001789e+002
2.594000 3.001757e+002
2.596000 3.001727e+002
2.598000 3.001697e+002
2.600000 3.001667e+002
2.602000 3.001638e+002
2.604000 3.001609e+002
2.606000 3.001581e+002
2.608000 3.001553e+002
2.610000 3.001526e+002
2.612000 3.001499e+002
2.614000 3.001473e+002
2.616000 3.001447e+002
2.618000 3.001422e+002
2.620000 3.001397e+002
2.622000 3.001372e+002
2.624000 3.001348e+002
2.626000 3.001324e+002
2.628000 3.001300e+002
2.630000 3.001277e+002
2.632000 3.001255e+002
2.634000 3.001232e+002
2.636000 3.001210e+002
2.638000 3.001189e+002
2.640000 3.001168e+002
2.642000 3.001147e+002
2.644000 3.001126e+002
2.646000 3.001106e+002
2.648000 3.001086e+002
2.650000 3.001067e+002
2.652000 3.001048e+002
2.654000 3.001029e+002
2.656000 3.001010e+002
2.658000 3.000992e+002
2.660000 3.000974e+002
2.662000 3.000957e+002
2.664000 3.000939e+002
2.666000 3.000922e+002
2.668000 3.000906e+002
2.670000 3.000889e+002
2.672000 3.000873e+002
2.674000 3.000857e+002
2.676000 3.000842e+002
2.678000 3.000826e+002
2.680000 3.000811e+002
2.682000 3.000797e+002
2.684000 3.000782e+002
2.686000 3.000768e+002
2.688000 3.000754e+002
2.690000 3.000740e+002
2.692000 3.000726e+002
2.694000 3.000713e+002
2.696000 3.000700e+002
2.698000 3.000687e+002
2.700000 3.000674e+002
2.702000 3.000662e+002
2.704000 3.000650e+002
2.706000 3.000638e+002
2.708000 3.000626e+002
2.710000 3.000614e+002
2.712000 3.000603e+002
2.714000 3.000592e+002
2.716000 3.000581e+002
2.718000 3.000570e+002
2.720000 3.000559e+002
2.722000 3.000549e+002
2.724000 3.000539e+002
2.726000 3.000529e+002
2.728000 3.000519e+002
2.730000 3.000509e+002
2.732000 3.000500e+002
2.734000 3.000490e+002
2.736000 3.000481e+002
2.738000 3.000472e+002
2.740000 3.000463e+002
2.742000 3.000454e+002
2.744000 3.000446e+002
2.746000 3.000437e+002
2.748000 3.000429e+002
2.750000 3.000421e+002
2.752000 3.000413e+002
2.754000 3.000405e+002
2.756000 3.000398e+002
2.758000 3.000390e+002
2.760000 3.000383e+002
2.762000 3.000375e+002
2.764000 3.000368e+002
2.766000 3.000361e+002
2.768000 3.000354e+002
2.770000 3.000348e+002
2.772000 3.000341e+002
2.774000 3.000334e+002
2.776000 3.000328e+002
2.778000 3.000322e+002
2.780000 3.000316e+002
2.782000 3.000309e+002
2.784000 3.000304e+002
2.786000 3.000298e+002
2.788000 3.000292e+002
2.790000 3.000286e+002
2.792000 3.000281e+002
2.794000 3.000275e+002
2.796000 3.000270e+002
2.798000 3.000265e+002
2.800000 3.000260e+002
2.802000 3.000255e+002
2.804000 3.000250e+002
2.806000 3.000245e+002
2.808000 3.000240e+002
2.810000 3.000235e+002
2.812000 3.000231e+002
2.814000 3.000226e+002
2.816000 3.000222e+002
2.818000 3.000218e+002
2.820000 3.000213e+002
2.822000 3.000209e+002
2.824000 3.000205e+002
2.826000 3.000201e+002
2.828000 3.000197e+002
2.830000 3.000193e+002
2.832000 3.000189e+002
2.834000 3.000186e+002
2.836000 3.000182e+002
2.838000 3.000178e+002
2.840000 3.000175e+002
2.842000 3.000171e+002
2.844000 3.000168e+002
2.846000 3.000165e+002
2.848000 3.000161e+002
2.850000 3.000158e+002
2.852000 3.000155e+002
2.854000 3.000152e+002
2.856000 3.000149e+002
2.858000 3.000146e+002
2.860000 3.000143e+002
2.862000 3.000140e+002
2.864000 3.000137e+002
2.866000 3.000135e+002
2.868000 3.000132e+002
2.870000 3.000129e+002
2.872000 3.000127e+002
2.874000 3.000124e+002
2.876000 3.000122e+002
2.878000 3.000119e+002
2.880000 3.000117e+002
2.882000 3.000114e+002
2.884000 3.000112e+002
2.886000 3.000110e+002
2.888000 3.000108e+002
2.890000 3.000105e+002
2.892000 3.000103e+002
2.894000 3.000101e+002
2.896000 3.000099e+002
2.898000 3.000097e+002
2.900000 3.000095e+002
2.902000 3.000093e+002
2.904000 3.000091e+002
2.906000 3.000089e+002
2.908000 3.000088e+002
2.910000 3.000086e+002
2.912000 3.000084e+002
2.914000 3.000082e+002
2.916000 3.000081e+002
2.918000 3.000079e+002
2.920000 3.000077e+002
2.922000 3.000076e+002
2.924000 3.000074e+002
2.926000 3.000073e+002
2.928000 3.000071e+002
2.930000 3.000070e+002
2.932000 3.000068e+002
2.934000 3.000067e+002
2.936000 3.000066e+002
2.938000 3.000064e+002
2.940000 3.000063e+002
2.942000 3.000062e+002
2.944000 3.000060e+002
2.946000 3.000059e+002
2.948000 3.000058e+002
2.950000 3.000057e+002
2.952000 3.000055e+002
2.954000 3.000054e+002
2.956000 3.000053e+002
2.958000 3.000052e+002
2.960000 3.000051e+002
2.962000 3.000050e+002
2.964000 3.000049e+002
2.966000 3.000048e+002
2.968000 3.000047e+002
2.970000 3.000046e+002
2.972000 3.000045e+002
2.974000 3.000044e+002
2.976000 3.000043e+002
2.978000 3.000042e+002
2.980000 3.000041e+002
2.982000 3.000040e+002
2.984000 3.000039e+002
2.986000 3.000039e+002
2.988000 3.000038e+002
2.990000 3.000037e+002
2.992000 3.000036e+002
2.994000 3.000035e+002
2.996000 3.000035e+002
2.998000 3.000034e+002
3.000000 3.000033e+002
3.002000 3.000033e+002
3.004000 3.000032e+002
3.006000 3.000031e+002
3.008000 3.000030e+002
3.010000 3.000030e+002
3.012000 3.000029e+002
3.014000 3.000029e+002
3.016000 3.000028e+002
3.018000 3.000027e+002
3.020000 3.000027e+002
3.022000 3.000026e+002
3.024000 3.000026e+002
3.026000 3.000025e+002
3.028000 3.000025e+002
3.030000 3.000024e+002
3.032000 3.000023e+002
3.034000 3.000023e+002
3.036000 3.000022e+002
3.038000 3.000022e+002
3.040000 3.000022e+002
3.042000 3.000021e+002
3.044000 3.000021e+002
3.046000 3.000020e+002
3.048000 3.000020e+002
3.050000 3.000019e+002
3.052000 3.000019e+002
3.054000 3.000018e+002
3.056000 3.000018e+002
3.058000 3.000018e+002
3.060000 3.000017e+002
3.062000 3.000017e+002
3.064000 3.000016e+002
3.066000 3.000016e+002
3.068000 3.000016e+002
3.070000 3.000015e+002
3.072000 3.000015e+002
3.074000 3.000015e+002
3.076000 3.000014e+002
3.078000 3.000014e+002
3.080000 3.000014e+002
3.082000 3.000014e+002
3.084000 3.000013e+002
3.086000 3.000013e+002
3.088000 3.000013e+002
3.090000 3.000012e+002
3.092000 3.000012e+002
3.094000 3.000012e+002
3.096000 3.000012e+002
3.098000 3.000011e+002
3.100000 3.000011e+002
3.102000 3.000011e+002
3.104000 3.000011e+002
3.106000 3.000010e+002
3.108000 3.000010e+002
3.110000 3.000010e+002
3.112000 3.000010e+002
3.114000 3.000009e+002
3.116000 3.000009e+002
3.118000 3.000009e+002
3.120000 3.000009e+002
3.122000 3.000009e+002
3.124000 3.000008e+002
3.126000 3.000008e+002
3.128000 3.000008e+002
3.130000 3.000008e+002
3.132000 3.000008e+002
3.134000 3.000007e+002
3.136000 3.000007e+002
3.138000 3.000007e+002
3.140000 3.000007e+002
3.142000 3.000007e+002
3.144000 3.000007e+002
3.146000 3.000007e+002
3.148000 3.000006e+002
3.150000 3.000006e+002
3.152000 3.000006e+002
3.154000 3.000006e+002
3.156000 3.000006e+002
3.158000 3.000006e+002
3.160000 3.000006e+002
3.162000 3.000005e+002
3.164000 3.000005e+002
3.166000 3.000005e+002
3.168000 3.000005e+002
3.170000 3.000005e+002
3.172000 3.000005e+002
3.174000 3.000005e+002
3.176000 3.000005e+002
3.178000 3.000005e+002
3.180000 3.000004e+002
3.182000 3.000004e+002
3.184000 3.000004e+002
3.186000 3.000004e+002
3.188000 3.000004e+002
3.190000 3.000004e+002
3.192000 3.000004e+002
3.194000 3.000004e+002
3.196000 3.000004e+002
3.198000 3.000004e+002
3.200000 3.000003e+002
3.202000 3.000003e+002
3.204000 3.000003e+002
3.206000 3.000003e+002
3.208000 3.000003e+002
3.210000 3.000003e+002
3.212000 3.000003e+002
3.214000 3.000003e+002
3.216000 3.000003e+002
3.218000 3.000003e+002
3.220000 3.000003e+002
3.222000 3.000003e+002
3.224000 3.000003e+002
3.226000 3.000003e+002
3.228000 3.000003e+002
3.230000 3.000002e+002
3.232000 3.000002e+002
3.234000 3.000002e+002
3.236000 3.000002e+002
3.238000 3.000002e+002
3.240000 3.000002e+002
3.242000 3.000002e+002
3.244000 3.000002e+002
3.246000 3.000002e+002
3.248000 3.000002e+002
3.250000 3.000002e+002
3.252000 3.000002e+002
3.254000 3.000002e+002
3.256000 3.000002e+002
3.258000 3.000002e+002
3.260000 3.000002e+002
3.262000 3.000002e+002
3.264000 3.000002e+002
3.266000 3.000002e+002
3.268000 3.000002e+002
3.270000 3.000002e+002
3.272000 3.000001e+002
3.274000 3.000001e+002
3.276000 3.000001e+002
3.278000 3.000001e+002
3.280000 3.000001e+002
3.282000 3.000001e+002
3.284000 3.000001e+002
3.286000 3.000001e+002
3.288000 3.000001e+002
3.290000 3.000001e+002
3.292000 3.000001e+002
3.294000 3.000001e+002
3.296000 3.000001e+002
3.298000 3.000001e+002
3.300000 3.000001e+002
3.302000 3.000001e+002
3.304000 3.000001e+002
3.306000 3.000001e+002
3.308000 3.000001e+002
3.310000 3.000001e+002
3.312000 3.000001e+002
3.314000 3.000001e+002
3.316000 3.000001e+002
3.318000 3.000001e+002
3.320000 3.000001e+002
3.322000 3.000001e+002
3.324000 3.000001e+002
3.326000 3.000001e+002
3.328000 3.000001e+002
3.330000 3.000001e+002
3.332000 3.000001e+002
3.334000 3.000001e+002
3.336000 3.000001e+002
3.338000 3.000001e+002
3.340000 3.000001e+002
3.342000 3.000001e+002
3.344000 3.000001e+002
3.346000 3.000001e+002
3.348000 3.000001e+002
3.350000 3.000001e+002
3.352000 3.000001e+002
3.354000 3.000001e+002
3.356000 3.000001e+002
3.358000 3.000001e+002
3.360000 3.000000e+002
3.362000 3.000000e+002
3.364000 3.000000e+002
3.366000 3.000000e+002
3.368000 3.000000e+002
3.370000 3.000000e+002
3.372000 3.000000e+002
3.374000 3.000000e+002
3.376000 3.000000e+002
3.378000 3.000000e+002
3.380000 3.000000e+002
3.382000 3.000000e+002
3.384000 3.000000e+002
3.386000 3.000000e+002
3.388000 3.000000e+002
3.390000 3.000000e+002
3.392000 3.000000e+002
3.394000 3.000000e+002
3.396000 3.000000e+002
3.398000 3.000000e+002
3.400000 3.000000e+002
3.402000 3.000000e+002
3.404000 3.000000e+002
3.406000 3.000000e+002
3.408000 3.000000e+002
3.410000 3.000000e+002
3.412000 3.000000e+002
3.414000 3.000000e+002
3.416000 3.000000e+002
3.418000 3.000000e+002
3.420000 3.000000e+002
3.422000 3.000000e+002
3.424000 3.000000e+002
3.426000 3.000000e+002
3.428000 3.000000e+002
3.430000 3.000000e+002
3.432000 3.000000e+002
3.434000 3.000000e+002
3.436000 3.000000e+002
3.438000 3.000000e+002
3.440000 3.000000e+002
3.442000 3.000000e+002
3.444000 3.000000e+002
3.446000 3.000000e+002
3.448000 3.000000e+002
3.450000 3.000000e+002
3.452000 3.000000e+002
3.454000 3.000000e+002
3.456000 3.000000e+002
3.458000 3.000000e+002
3.460000 3.000000e+002
3.462000 3.000000e+002
3.464000 3.000000e+002
3.466000 3.000000e+002
3.468000 3.000000e+002
3.470000 3.000000e+002
3.472000 3.000000e+002
3.474000 3.000000e+002
3.476000 3.000000e+002
3.478000 3.000000e+002
3.480000 3.000000e+002
3.482000 3.000000e+002
3.484000 3.000000e+002
3.486000 3.000000e+002
3.488000 3.000000e+002
3.490000 3.000000e+002
3.492000 3.000000e+002
3.494000 3.000000e+002
3.496000 3.000000e+002
3.498000 3.000000e+002
3.500000 3.000000e+002
3.502000 3.000000e+002
3.504000 3.000000e+002
3.506000 3.000000e+002
3.508000 3.000000e+002
3.510000 3.000000e+002
3.512000 3.000000e+002
3.514000 3.000000e+002
3.516000 3.000000e+002
3.518000 3.000000e+002
3.520000 3.000000e+002
3.522000 3.000000e+002
3.524000 3.000000e+002
3.526000 3.000000e+002
3.528000 3.000000e+002
3.530000 3.000000e+002
3.532000 3.000000e+002
3.534000 3.000000e+002
3.536000 3.000000e+002
3.538000 3.000000e+002
3.540000 3.000000e+002
3.542000 3.000000e+002
3.544000 3.000000e+002
3.546000 3.000000e+002
3.548000 3.000000e+002
3.550000 3.000000e+002
3.552000 3.000000e+002
3.554000 3.000000e+002
3.556000 3.000000e+002
3.558000 3.000000e+002
3.560000 3.000000e+002
3.562000 3.000000e+002
3.564000 3.000000e+002
3.566000 3.000000e+002
3.568000 3.000000e+002
3.570000 3.000000e+002
3.572000 3.000000e+002
3.574000 3.000000e+002
3.576000 3.000000e+002
3.578000 3.000000e+002
3.580000 3.000000e+002
3.582000 3.000000e+002
3.584000 3.000000e+002
3.586000 3.000000e+002
3.588000 3.000000e+002
3.590000 3.000000e+002
3.592000 3.000000e+002
3.594000 3.000000e+002
3.596000 3.000000e+002
3.598000 3.000000e+002
3.600000 3.000000e+002
3.602000 3.000000e+002
3.604000 3.000000e+002
3.606000 3.000000e+002
3.608000 3.000000e+002
3.610000 3.000000e+002
3.612000 3.000000e+002
3.614000 3.000000e+002
3.616000 3.000000e+002
3.618000 3.000000e+002
3.620000 3.000000e+002
3.622000 3.000000e+002
3.624000 3.000000e+002
3.626000 3.000000e+002
3.628000 3.000000e+002
3.630000 3.000000e+002
3.632000 3.000000e+002
3.634000 3.000000e+002
3.636000 3.000000e+002
3.638000 3.000000e+002
3.640000 3.000000e+002
3.642000 3.000000e+002
3.644000 3.000000e+002
3.646000 3.000000e+002
3.648000 3.000000e+002
3.650000 3.000000e+002
3.652000 3.000000e+002
3.654000 3.000000e+002
3.656000 3.000000e+002
3.658000 3.000000e+002
3.660000 3.000000e+002
3.662000 3.000000e+002
3.664000 3.000000e+002
3.666000 3.000000e+002
3.668000 3.000000e+002
3.670000 3.000000e+002
3.672000 3.000000e+002
3.674000 3.000000e+002
3.676000 3.000000e+002
3.678000 3.000000e+002
3.680000 3.000000e+002
3.682000 3.000000e+002
3.684000 3.000000e+002
3.686000 3.000000e+002
3.688000 3.000000e+002
3.690000 3.000000e+002
3.692000 3.000000e+002
3.694000 3.000000e+002
3.696000 3.000000e+002
3.698000 3.000000e+002
3.700000 3.000000e+002
3.702000 3.000000e+002
3.704000 3.000000e+002
3.706000 3.000000e+002
3.708000 3.000000e+002
3.710000 3.000000e+002
3.712000 3.000000e+002
3.714000 3.000000e+002
3.716000 3.000000e+002
3.718000 3.000000e+002
3.720000 3.000000e+002
3.722000 3.000000e+002
3.724000 3.000000e+002
3.726000 3.000000e+002
3.728000 3.000000e+002
3.730000 3.000000e+002
3.732000 3.000000e+002
3.734000 3.000000e+002
3.736000 3.000000e+002
3.738000 3.000000e+002
3.740000 3.000000e+002
3.742000 3.000000e+002
3.744000 3.000000e+002
3.746000 3.000000e+002
3.748000 3.000000e+002
3.750000 3.000000e+002
3.752000 3.000000e+002
3.754000 3.000000e+002
3.756000 3.000000e+002
3.758000 3.000000e+002
3.760000 3.000000e+002
3.762000 3.000000e+002
3.764000 3.000000e+002
3.766000 3.000000e+002
3.768000 3.000000e+002
3.770000 3.000000e+002
3.772000 3.000000e+002
3.774000 3.000000e+002
3.776000 3.000000e+002
3.778000 3.000000e+002
3.780000 3.000000e+002
3.782000 3.000000e+002
3.784000 3.000000e+002
3.786000 3.000000e+002
3.788000 3.000000e+002
3.790000 3.000000e+002
3.792000 3.000000e+002
3.794000 3.000000e+002
3.796000 3.000000e+002
3.798000 3.000000e+002
3.800000 3.000000e+002
3.802000 3.000000e+002
3.804000 3.000000e+002
3.806000 3.000000e+002
3.808000 3.000000e+002
3.810000 3.000000e+002
3.812000 3.000000e+002
3.814000 3.000000e+002
3.816000 3.000000e+002
3.818000 3.000000e+002
3.820000 3.000000e+002
3.822000 3.000000e+002
3.824000 3.000000e+002
3.826000 3.000000e+002
3.828000 3.000000e+002
3.830000 3.000000e+002
3.832000 3.000000e+002
3.834000 3.000000e+002
3.836000 3.000000e+002
3.838000 3.000000e+002
3.840000 3.000000e+002
3.842000 3.000000e+002
3.844000 3.000000e+002
3.846000 3.000000e+002
3.848000 3.000000e+002
3.850000 3.000000e+002
3.852000 3.000000e+002
3.854000 3.000000e+002
3.856000 3.000000e+002
3.858000 3.000000e+002
3.860000 3.000000e+002
3.862000 3.000000e+002
3.864000 3.000000e+002
3.866000 3.000000e+002
3.868000 3.000000e+002
3.870000 3.000000e+002
3.872000 3.000000e+002
3.874000 3.000000e+002
3.876000 3.000000e+002
3.878000 3.000000e+002
3.880000 3.000000e+002
3.882000 3.000000e+002
3.884000 3.000000e+002
3.886000 3.000000e+002
3.888000 3.000000e+002
3.890000 3.000000e+002
3.892000 3.000000e+002
3.894000 3.000000e+002
3.896000 3.000000e+002
3.898000 3.000000e+002
3.900000 3.000000e+002
3.902000 3.000000e+002
3.904000 3.000000e+002
3.906000 3.000000e+002
3.908000 3.000000e+002
3.910000 3.000000e+002
3.912000 3.000000e+002
3.914000 3.000000e+002
3.916000 3.000000e+002
3.918000 3.000000e+002
3.920000 3.000000e+002
3.922000 3.000000e+002
3.924000 3.000000e+002
3.926000 3.000000e+002
3.928000 3.000000e+002
3.930000 3.000000e+002
3.932000 3.000000e+002
3.934000 3.000000e+002
3.936000 3.000000e+002
3.938000 3.000000e+002
3.940000 3.000000e+002
3.942000 3.000000e+002
3.944000 3.000000e+002
3.946000 3.000000e+002
3.948000 3.000000e+002
3.950000 3.000000e+002
3.952000 3.000000e+002
3.954000 3.000000e+002
3.956000 3.000000e+002
3.958000 3.000000e+002
3.960000 3.000000e+002
3.962000 3.000000e+002
3.964000 3.000000e+002
3.966000 3.000000e+002
3.968000 3.000000e+002
3.970000 3.000000e+002
3.972000 3.000000e+002
3.974000 3.000000e+002
3.976000 3.000000e+002
3.978000 3.000000e+002
3.980000 3.000000e+002
3.982000 3.000000e+002
3.984000 3.000000e+002
3.986000 3.000000e+002
3.988000 3.000000e+002
3.990000 3.000000e+002
3.992000 3.000000e+002
3.994000 3.000000e+002
3.996000 3.000000e+002
3.998000 3.000000e+002
