0.000000 3.297004e+002
0.002000 3.329824e+002
0.004000 3.362635e+002
0.006000 3.395437e+002
0.008000 3.428229e+002
0.010000 3.461010e+002
0.012000 3.493780e+002
0.014000 3.526538e+002
0.016000 3.559282e+002
0.018000 3.592012e+002
0.020000 3.624728e+002
0.022000 3.657427e+002
0.024000 3.690111e+002
0.026000 3.722776e+002
0.028000 3.755424e+002
0.030000 3.788053e+002
0.032000 3.820662e+002
0.034000 3.853251e+002
0.036000 3.885817e+002
0.038000 3.918362e+002
0.040000 3.950884e+002
0.042000 3.983382e+002
0.044000 4.015855e+002
0.046000 4.048302e+002
0.048000 4.080724e+002
0.050000 4.113118e+002
0.052000 4.145484e+002
0.054000 4.177821e+002
0.056000 4.210129e+002
0.058000 4.242406e+002
0.060000 4.274652e+002
0.062000 4.306867e+002
0.064000 4.339048e+002
0.066000 4.371196e+002
0.068000 4.403309e+002
0.070000 4.435387e+002
0.072000 4.467430e+002
0.074000 4.499435e+002
0.076000 4.531403e+002
0.078000 4.563332e+002
0.080000 4.595222e+002
0.082000 4.627072e+002
0.084000 4.658882e+002
0.086000 4.690650e+002
0.088000 4.722375e+002
0.090000 4.754058e+002
0.092000 4.785696e+002
0.094000 4.817290e+002
0.096000 4.848838e+002
0.098000 4.880340e+002
0.100000 4.911795e+002
0.102000 4.943202e+002
0.104000 4.974561e+002
0.106000 5.005870e+002
0.108000 5.037129e+002
0.110000 5.068337e+002
0.112000 5.099494e+002
0.114000 5.130598e+002
0.116000 5.161649e+002
0.118000 5.192646e+002
0.120000 5.223589e+002
0.122000 5.254476e+002
0.124000 5.285306e+002
0.126000 5.316080e+002
0.128000 5.346796e+002
0.130000 5.377454e+002
0.132000 5.408052e+002
0.134000 5.438591e+002
0.136000 5.469069e+002
0.138000 5.499486e+002
0.140000 5.529840e+002
0.142000 5.560132e+002
0.144000 5.590360e+002
0.146000 5.620523e+002
0.148000 5.650622e+002
0.150000 5.680655e+002
0.152000 5.710621e+002
0.154000 5.740521e+002
0.156000 5.770352e+002
0.158000 5.800115e+002
0.160000 5.829808e+002
0.162000 5.859432e+002
0.164000 5.888985e+002
0.166000 5.918466e+002
0.168000 5.947875e+002
0.170000 5.977212e+002
0.172000 6.006475e+002
0.174000 6.035663e+002
0.176000 6.064777e+002
0.178000 6.093816e+002
0.180000 6.122778e+002
0.182000 6.151663e+002
0.184000 6.180471e+002
0.186000 6.209200e+002
0.188000 6.237851e+002
0.190000 6.266422e+002
0.192000 6.294913e+002
0.194000 6.323323e+002
0.196000 6.351651e+002
0.198000 6.379897e+002
0.200000 6.408061e+002
0.202000 6.436140e+002
0.204000 6.464136e+002
0.206000 6.492047e+002
0.208000 6.519873e+002
0.210000 6.547613e+002
0.212000 6.575266e+002
0.214000 6.602831e+002
0.216000 6.630309e+002
0.218000 6.657698e+002
0.220000 6.684999e+002
0.222000 6.712209e+002
0.224000 6.739329e+002
0.226000 6.766359e+002
0.228000 6.793296e+002
0.230000 6.820142e+002
0.232000 6.846895e+002
0.234000 6.873554e+002
0.236000 6.900120e+002
0.238000 6.926591e+002
0.240000 6.952967e+002
0.242000 6.979248e+002
0.244000 7.005432e+002
0.246000 7.031520e+002
0.248000 7.057510e+002
0.250000 7.083402e+002
0.252000 7.109196e+002
0.254000 7.134891e+002
0.256000 7.160486e+002
0.258000 7.185982e+002
0.260000 7.211376e+002
0.262000 7.236670e+002
0.264000 7.261862e+002
0.266000 7.286951e+002
0.268000 7.311938e+002
0.270000 7.336822e+002
0.272000 7.361602e+002
0.274000 7.386277e+002
0.276000 7.410848e+002
0.278000 7.435313e+002
0.280000 7.459673e+002
0.282000 7.483926e+002
0.284000 7.508073e+002
0.286000 7.532112e+002
0.288000 7.556044e+002
0.290000 7.579867e+002
0.292000 7.603581e+002
0.294000 7.627187e+002
0.296000 7.650683e+002
0.298000 7.674068e+002
0.300000 7.697343e+002
0.302000 7.720507e+002
0.304000 7.743560e+002
0.306000 7.766500e+002
0.308000 7.789328e+002
0.310000 7.812044e+002
0.312000 7.834646e+002
0.314000 7.857134e+002
0.316000 7.879508e+002
0.318000 7.901768e+002
0.320000 7.923913e+002
0.322000 7.945943e+002
0.324000 7.967856e+002
0.326000 7.989654e+002
0.328000 8.011335e+002
0.330000 8.032899e+002
0.332000 8.054346e+002
0.334000 8.075675e+002
0.336000 8.096886e+002
0.338000 8.117978e+002
0.340000 8.138951e+002
0.342000 8.159806e+002
0.344000 8.180540e+002
0.346000 8.201155e+002
0.348000 8.221649e+002
0.350000 8.242023e+002
0.352000 8.262276e+002
0.354000 8.282407e+002
0.356000 8.302417e+002
0.358000 8.322304e+002
0.360000 8.342070e+002
0.362000 8.361712e+002
0.364000 8.381232e+002
0.366000 8.400628e+002
0.368000 8.419901e+002
0.370000 8.439049e+002
0.372000 8.458074e+002
0.374000 8.476974e+002
0.376000 8.495749e+002
0.378000 8.514399e+002
0.380000 8.532923e+002
0.382000 8.551322e+002
0.384000 8.569595e+002
0.386000 8.587742e+002
0.388000 8.605762e+002
0.390000 8.623656e+002
0.392000 8.641422e+002
0.394000 8.659062e+002
0.396000 8.676573e+002
0.398000 8.693957e+002
0.400000 8.711213e+002
0.402000 8.728341e+002
0.404000 8.745341e+002
0.406000 8.762211e+002
0.408000 8.778953e+002
0.410000 8.795566e+002
0.412000 8.812049e+002
0.414000 8.828403e+002
0.416000 8.844627e+002
0.418000 8.860721e+002
0.420000 8.876686e+002
0.422000 8.892519e+002
0.424000 8.908223e+002
0.426000 8.923796e+002
0.428000 8.939237e+002
0.430000 8.954548e+002
0.432000 8.969728e+002
0.434000 8.984776e+002
0.436000 8.999693e+002
0.438000 9.014479e+002
0.440000 9.029132e+002
0.442000 9.043654e+002
0.444000 9.058043e+002
0.446000 9.072301e+002
0.448000 9.086426e+002
0.450000 9.100418e+002
0.452000 9.114278e+002
0.454000 9.128006e+002
0.456000 9.141601e+002
0.458000 9.155062e+002
0.460000 9.168391e+002
0.462000 9.181587e+002
0.464000 9.194649e+002
0.466000 9.207578e+002
0.468000 9.220374e+002
0.470000 9.233037e+002
0.472000 9.245566e+002
0.474000 9.257961e+002
0.476000 9.270223e+002
0.478000 9.282351e+002
0.480000 9.294346e+002
0.482000 9.306207e+002
0.484000 9.317933e+002
0.486000 9.329526e+002
0.488000 9.340985e+002
0.490000 9.352310e+002
0.492000 9.363502e+002
0.494000 9.374559e+002
0.496000 9.385482e+002
0.498000 9.396271e+002
0.500000 9.406926e+002
0.502000 9.417447e+002
0.504000 9.427834e+002
0.506000 9.438087e+002
0.508000 9.448206e+002
0.510000 9.458191e+002
0.512000 9.468042e+002
0.514000 9.477759e+002
0.516000 9.487342e+002
0.518000 9.496791e+002
0.520000 9.506106e+002
0.522000 9.515287e+002
0.524000 9.524335e+002
0.526000 9.533249e+002
0.528000 9.542029e+002
0.530000 9.550675e+002
0.532000 9.559188e+002
0.534000 9.567567e+002
0.536000 9.575813e+002
0.538000 9.583926e+002
0.540000 9.591905e+002
0.542000 9.599751e+002
0.544000 9.607463e+002
0.546000 9.615043e+002
0.548000 9.622490e+002
0.550000 9.629804e+002
0.552000 9.636985e+002
0.554000 9.644033e+002
0.556000 9.650949e+002
0.558000 9.657733e+002
0.560000 9.664384e+002
0.562000 9.670903e+002
0.564000 9.677290e+002
0.566000 9.683545e+002
0.568000 9.689668e+002
0.570000 9.695660e+002
0.572000 9.701520e+002
0.574000 9.707248e+002
0.576000 9.712846e+002
0.578000 9.718312e+002
0.580000 9.723648e+002
0.582000 9.728853e+002
0.584000 9.733927e+002
0.586000 9.738871e+002
0.588000 9.743685e+002
0.590000 9.748369e+002
0.592000 9.752922e+002
0.594000 9.757347e+002
0.596000 9.761641e+002
0.598000 9.765807e+002
0.600000 9.769843e+002
0.602000 9.773751e+002
0.604000 9.777530e+002
0.606000 9.781180e+002
0.608000 9.784702e+002
0.610000 9.788096e+002
0.612000 9.791363e+002
0.614000 9.794501e+002
0.616000 9.797513e+002
0.618000 9.800397e+002
0.620000 9.803155e+002
0.622000 9.805785e+002
0.624000 9.808290e+002
0.626000 9.810668e+002
0.628000 9.812920e+002
0.630000 9.815047e+002
0.632000 9.817049e+002
0.634000 9.818925e+002
0.636000 9.820676e+002
0.638000 9.822303e+002
0.640000 9.823806e+002
0.642000 9.825184e+002
0.644000 9.826439e+002
0.646000 9.827570e+002
0.648000 9.828578e+002
0.650000 9.829463e+002
0.652000 9.830226e+002
0.654000 9.830866e+002
0.656000 9.831385e+002
0.658000 9.831781e+002
0.660000 9.832056e+002
0.662000 9.832210e+002
0.664000 9.832244e+002
0.666000 9.832157e+002
0.668000 9.831949e+002
0.670000 9.831622e+002
0.672000 9.831176e+002
0.674000 9.830610e+002
0.676000 9.829925e+002
0.678000 9.829122e+002
0.680000 9.828201e+002
0.682000 9.827162e+002
0.684000 9.826006e+002
0.686000 9.824732e+002
0.688000 9.823342e+002
0.690000 9.821835e+002
0.692000 9.820212e+002
0.694000 9.818474e+002
0.696000 9.816620e+002
0.698000 9.814651e+002
0.700000 9.812568e+002
0.702000 9.810370e+002
0.704000 9.808058e+002
0.706000 9.805633e+002
0.708000 9.803095e+002
0.710000 9.800444e+002
0.712000 9.797681e+002
0.714000 9.794806e+002
0.716000 9.791819e+002
0.718000 9.788722e+002
0.720000 9.785513e+002
0.722000 9.782194e+002
0.724000 9.778765e+002
0.726000 9.775227e+002
0.728000 9.771579e+002
0.730000 9.767823e+002
0.732000 9.763958e+002
0.734000 9.759985e+002
0.736000 9.755905e+002
0.738000 9.751718e+002
0.740000 9.747424e+002
0.742000 9.743024e+002
0.744000 9.738518e+002
0.746000 9.733907e+002
0.748000 9.729190e+002
0.750000 9.724370e+002
0.752000 9.719445e+002
0.754000 9.714416e+002
0.756000 9.709285e+002
0.758000 9.704050e+002
0.760000 9.698713e+002
0.762000 9.693275e+002
0.764000 9.687734e+002
0.766000 9.682093e+002
0.768000 9.676352e+002
0.770000 9.670510e+002
0.772000 9.664569e+002
0.774000 9.658528e+002
0.776000 9.652389e+002
0.778000 9.646152e+002
0.780000 9.639817e+002
0.782000 9.633384e+002
0.784000 9.626855e+002
0.786000 9.620230e+002
0.788000 9.613508e+002
0.790000 9.606691e+002
0.792000 9.599780e+002
0.794000 9.592773e+002
0.796000 9.585673e+002
0.798000 9.578479e+002
0.800000 9.571193e+002
0.802000 9.563814e+002
0.804000 9.556342e+002
0.806000 9.548780e+002
0.808000 9.541126e+002
0.810000 9.533381e+002
0.812000 9.525547e+002
0.814000 9.517623e+002
0.816000 9.509610e+002
0.818000 9.501508e+002
0.820000 9.493319e+002
0.822000 9.485041e+002
0.824000 9.476677e+002
0.826000 9.468226e+002
0.828000 9.459689e+002
0.830000 9.451066e+002
0.832000 9.442359e+002
0.834000 9.433567e+002
0.836000 9.424691e+002
0.838000 9.415731e+002
0.840000 9.406688e+002
0.842000 9.397563e+002
0.844000 9.388356e+002
0.846000 9.379067e+002
0.848000 9.369698e+002
0.850000 9.360248e+002
0.852000 9.350718e+002
0.854000 9.341109e+002
0.856000 9.331421e+002
0.858000 9.321654e+002
0.860000 9.311810e+002
0.862000 9.301888e+002
0.864000 9.291890e+002
0.866000 9.281816e+002
0.868000 9.271665e+002
0.870000 9.261440e+002
0.872000 9.251140e+002
0.874000 9.240766e+002
0.876000 9.230318e+002
0.878000 9.219797e+002
0.880000 9.209204e+002
0.882000 9.198539e+002
0.884000 9.187802e+002
0.886000 9.176994e+002
0.888000 9.166116e+002
0.890000 9.155168e+002
0.892000 9.144151e+002
0.894000 9.133065e+002
0.896000 9.121911e+002
0.898000 9.110689e+002
0.900000 9.099400e+002
0.902000 9.088044e+002
0.904000 9.076623e+002
0.906000 9.065135e+002
0.908000 9.053583e+002
0.910000 9.041966e+002
0.912000 9.030286e+002
0.914000 9.018542e+002
0.916000 9.006735e+002
0.918000 8.994866e+002
0.920000 8.982935e+002
0.922000 8.970943e+002
0.924000 8.958890e+002
0.926000 8.946778e+002
0.928000 8.934605e+002
0.930000 8.922374e+002
0.932000 8.910084e+002
0.934000 8.897736e+002
0.936000 8.885331e+002
0.938000 8.872869e+002
0.940000 8.860350e+002
0.942000 8.847776e+002
0.944000 8.835147e+002
0.946000 8.822463e+002
0.948000 8.809725e+002
0.950000 8.796933e+002
0.952000 8.784088e+002
0.954000 8.771191e+002
0.956000 8.758242e+002
0.958000 8.745241e+002
0.960000 8.732190e+002
0.962000 8.719088e+002
0.964000 8.705937e+002
0.966000 8.692736e+002
0.968000 8.679486e+002
0.970000 8.666189e+002
0.972000 8.652843e+002
0.974000 8.639451e+002
0.976000 8.626012e+002
0.978000 8.612527e+002
0.980000 8.598997e+002
0.982000 8.585422e+002
0.984000 8.571803e+002
0.986000 8.558139e+002
0.988000 8.544433e+002
0.990000 8.530683e+002
0.992000 8.516892e+002
0.994000 8.503058e+002
0.996000 8.489184e+002
0.998000 8.475269e+002
1.000000 8.461314e+002
1.002000 8.447320e+002
1.004000 8.433286e+002
1.006000 8.419214e+002
1.008000 8.405104e+002
1.010000 8.390957e+002
1.012000 8.376773e+002
1.014000 8.362552e+002
1.016000 8.348296e+002
1.018000 8.334004e+002
1.020000 8.319678e+002
1.022000 8.305317e+002
1.024000 8.290923e+002
1.026000 8.276496e+002
1.028000 8.262036e+002
1.030000 8.247544e+002
1.032000 8.233020e+002
1.034000 8.218465e+002
1.036000 8.203880e+002
1.038000 8.189264e+002
1.040000 8.174619e+002
1.042000 8.159945e+002
1.044000 8.145243e+002
1.046000 8.130513e+002
1.048000 8.115755e+002
1.050000 8.100970e+002
1.052000 8.086159e+002
1.054000 8.071322e+002
1.056000 8.056460e+002
1.058000 8.041573e+002
1.060000 8.026661e+002
1.062000 8.011726e+002
1.064000 7.996767e+002
1.066000 7.981785e+002
1.068000 7.966781e+002
1.070000 7.951755e+002
1.072000 7.936708e+002
1.074000 7.921640e+002
1.076000 7.906551e+002
1.078000 7.891443e+002
1.080000 7.876316e+002
1.082000 7.861169e+002
1.084000 7.846004e+002
1.086000 7.830821e+002
1.088000 7.815621e+002
1.090000 7.800404e+002
1.092000 7.785171e+002
1.094000 7.769922e+002
1.096000 7.754657e+002
1.098000 7.739377e+002
1.100000 7.724083e+002
1.102000 7.708775e+002
1.104000 7.693453e+002
1.106000 7.678118e+002
1.108000 7.662771e+002
1.110000 7.647411e+002
1.112000 7.632040e+002
1.114000 7.616658e+002
1.116000 7.601265e+002
1.118000 7.585862e+002
1.120000 7.570450e+002
1.122000 7.555027e+002
1.124000 7.539597e+002
1.126000 7.524157e+002
1.128000 7.508710e+002
1.130000 7.493256e+002
1.132000 7.477794e+002
1.134000 7.462326e+002
1.136000 7.446852e+002
1.138000 7.431372e+002
1.140000 7.415887e+002
1.142000 7.400398e+002
1.144000 7.384904e+002
1.146000 7.369406e+002
1.148000 7.353905e+002
1.150000 7.338400e+002
1.152000 7.322894e+002
1.154000 7.307385e+002
1.156000 7.291875e+002
1.158000 7.276363e+002
1.160000 7.260850e+002
1.162000 7.245338e+002
1.164000 7.229825e+002
1.166000 7.214313e+002
1.168000 7.198801e+002
1.170000 7.183292e+002
1.172000 7.167783e+002
1.174000 7.152277e+002
1.176000 7.136774e+002
1.178000 7.121273e+002
1.180000 7.105776e+002
1.182000 7.090283e+002
1.184000 7.074794e+002
1.186000 7.059310e+002
1.188000 7.043830e+002
1.190000 7.028357e+002
1.192000 7.012888e+002
1.194000 6.997427e+002
1.196000 6.981971e+002
1.198000 6.966523e+002
1.200000 6.951083e+002
1.202000 6.935650e+002
1.204000 6.920225e+002
1.206000 6.904809e+002
1.208000 6.889401e+002
1.210000 6.874003e+002
1.212000 6.858615e+002
1.214000 6.843237e+002
1.216000 6.827869e+002
1.218000 6.812513e+002
1.220000 6.797167e+002
1.222000 6.781833e+002
1.224000 6.766511e+002
1.226000 6.751201e+002
1.228000 6.735904e+002
1.230000 6.720619e+002
1.232000 6.705349e+002
1.234000 6.690092e+002
1.236000 6.674849e+002
1.238000 6.659620e+002
1.240000 6.644406e+002
1.242000 6.629208e+002
1.244000 6.614024e+002
1.246000 6.598857e+002
1.248000 6.583706e+002
1.250000 6.568571e+002
1.252000 6.553453e+002
1.254000 6.538352e+002
1.256000 6.523269e+002
1.258000 6.508203e+002
1.260000 6.493156e+002
1.262000 6.478127e+002
1.264000 6.463117e+002
1.266000 6.448125e+002
1.268000 6.433154e+002
1.270000 6.418202e+002
1.272000 6.403270e+002
1.274000 6.388358e+002
1.276000 6.373467e+002
1.278000 6.358597e+002
1.280000 6.343748e+002
1.282000 6.328921e+002
1.284000 6.314116e+002
1.286000 6.299332e+002
1.288000 6.284572e+002
1.290000 6.269833e+002
1.292000 6.255118e+002
1.294000 6.240427e+002
1.296000 6.225758e+002
1.298000 6.211114e+002
1.300000 6.196494e+002
1.302000 6.181898e+002
1.304000 6.167327e+002
1.306000 6.152781e+002
1.308000 6.138260e+002
1.310000 6.123765e+002
1.312000 6.109295e+002
1.314000 6.094852e+002
1.316000 6.080434e+002
1.318000 6.066044e+002
1.320000 6.051680e+002
1.322000 6.037343e+002
1.324000 6.023033e+002
1.326000 6.008751e+002
1.328000 5.994497e+002
1.330000 5.980271e+002
1.332000 5.966073e+002
1.334000 5.951904e+002
1.336000 5.937763e+002
1.338000 5.923652e+002
1.340000 5.909570e+002
1.342000 5.895517e+002
1.344000 5.881494e+002
1.346000 5.867500e+002
1.348000 5.853537e+002
1.350000 5.839604e+002
1.352000 5.825702e+002
1.354000 5.811831e+002
1.356000 5.797991e+002
1.358000 5.784181e+002
1.360000 5.770404e+002
1.362000 5.756658e+002
1.364000 5.742943e+002
1.366000 5.729261e+002
1.368000 5.715611e+002
1.370000 5.701994e+002
1.372000 5.688409e+002
1.374000 5.674857e+002
1.376000 5.661338e+002
1.378000 5.647852e+002
1.380000 5.634399e+002
1.382000 5.620981e+002
1.384000 5.607595e+002
1.386000 5.594244e+002
1.388000 5.580927e+002
1.390000 5.567644e+002
1.392000 5.554396e+002
1.394000 5.541182e+002
1.396000 5.528004e+002
1.398000 5.514860e+002
1.400000 5.501751e+002
1.402000 5.488677e+002
1.404000 5.475639e+002
1.406000 5.462637e+002
1.408000 5.449670e+002
1.410000 5.436739e+002
1.412000 5.423844e+002
1.414000 5.410986e+002
1.416000 5.398164e+002
1.418000 5.385378e+002
1.420000 5.372629e+002
1.422000 5.359917e+002
1.424000 5.347241e+002
1.426000 5.334603e+002
1.428000 5.322002e+002
1.430000 5.309438e+002
1.432000 5.296911e+002
1.434000 5.284422e+002
1.436000 5.271971e+002
1.438000 5.259558e+002
1.440000 5.247182e+002
1.442000 5.234845e+002
1.444000 5.222546e+002
1.446000 5.210285e+002
1.448000 5.198062e+002
1.450000 5.185878e+002
1.452000 5.173733e+002
1.454000 5.161626e+002
1.456000 5.149558e+002
1.458000 5.137529e+002
1.460000 5.125539e+002
1.462000 5.113588e+002
1.464000 5.101676e+002
1.466000 5.089803e+002
1.468000 5.077970e+002
1.470000 5.066176e+002
1.472000 5.054422e+002
1.474000 5.042708e+002
1.476000 5.031033e+002
1.478000 5.019398e+002
1.480000 5.007803e+002
1.482000 4.996247e+002
1.484000 4.984732e+002
1.486000 4.973257e+002
1.488000 4.961822e+002
1.490000 4.950427e+002
1.492000 4.939073e+002
1.494000 4.927759e+002
1.496000 4.916485e+002
1.498000 4.905252e+002
1.500000 4.894059e+002
1.502000 4.882907e+002
1.504000 4.871796e+002
1.506000 4.860725e+002
1.508000 4.849695e+002
1.510000 4.838706e+002
1.512000 4.827758e+002
1.514000 4.816850e+002
1.516000 4.805984e+002
1.518000 4.795158e+002
1.520000 4.784374e+002
1.522000 4.773630e+002
1.524000 4.762928e+002
1.526000 4.752267e+002
1.528000 4.741647e+002
1.530000 4.731068e+002
1.532000 4.720530e+002
1.534000 4.710034e+002
1.536000 4.699579e+002
1.538000 4.689165e+002
1.540000 4.678792e+002
1.542000 4.668461e+002
1.544000 4.658171e+002
1.546000 4.647922e+002
1.548000 4.637715e+002
1.550000 4.627550e+002
1.552000 4.617425e+002
1.554000 4.607342e+002
1.556000 4.597301e+002
1.558000 4.587301e+002
1.560000 4.577342e+002
1.562000 4.567425e+002
1.564000 4.557549e+002
1.566000 4.547714e+002
1.568000 4.537921e+002
1.570000 4.528170e+002
1.572000 4.518460e+002
1.574000 4.508791e+002
1.576000 4.499164e+002
1.578000 4.489578e+002
1.580000 4.480033e+002
1.582000 4.470530e+002
1.584000 4.461069e+002
1.586000 4.451648e+002
1.588000 4.442269e+002
1.590000 4.432931e+002
1.592000 4.423635e+002
1.594000 4.414380e+002
1.596000 4.405166e+002
1.598000 4.395993e+002
1.600000 4.386861e+002
1.602000 4.377771e+002
1.604000 4.368721e+002
1.606000 4.359713e+002
1.608000 4.350746e+002
1.610000 4.341820e+002
1.612000 4.332935e+002
1.614000 4.324091e+002
1.616000 4.315288e+002
1.618000 4.306526e+002
1.620000 4.297804e+002
1.622000 4.289123e+002
1.624000 4.280484e+002
1.626000 4.271885e+002
1.628000 4.263326e+002
1.630000 4.254808e+002
1.632000 4.246331e+002
1.634000 4.237894e+002
1.636000 4.229498e+002
1.638000 4.221142e+002
1.640000 4.212827e+002
1.642000 4.204552e+002
1.644000 4.196317e+002
1.646000 4.188123e+002
1.648000 4.179968e+002
1.650000 4.171854e+002
1.652000 4.163780e+002
1.654000 4.155745e+002
1.656000 4.147751e+002
1.658000 4.139796e+002
1.660000 4.131882e+002
1.662000 4.124007e+002
1.664000 4.116171e+002
1.666000 4.108375e+002
1.668000 4.100619e+002
1.670000 4.092902e+002
1.672000 4.085225e+002
1.674000 4.077587e+002
1.676000 4.069988e+002
1.678000 4.062428e+002
1.680000 4.054908e+002
1.682000 4.047426e+002
1.684000 4.039983e+002
1.686000 4.032579e+002
1.688000 4.025214e+002
1.690000 4.017888e+002
1.692000 4.010600e+002
1.694000 4.003351e+002
1.696000 3.996140e+002
1.698000 3.988968e+002
1.700000 3.981834e+002
1.702000 3.974738e+002
1.704000 3.967680e+002
1.706000 3.960660e+002
1.708000 3.953678e+002
1.710000 3.946734e+002
1.712000 3.939828e+002
1.714000 3.932959e+002
1.716000 3.926128e+002
1.718000 3.919335e+002
1.720000 3.912579e+002
1.722000 3.905860e+002
1.724000 3.899178e+002
1.726000 3.892533e+002
1.728000 3.885926e+002
1.730000 3.879355e+002
1.732000 3.872821e+002
1.734000 3.866324e+002
1.736000 3.859864e+002
1.738000 3.853440e+002
1.740000 3.847052e+002
1.742000 3.840701e+002
1.744000 3.834386e+002
1.746000 3.828107e+002
1.748000 3.821864e+002
1.750000 3.815657e+002
1.752000 3.809486e+002
1.754000 3.803351e+002
1.756000 3.797251e+002
1.758000 3.791187e+002
1.760000 3.785158e+002
1.762000 3.779164e+002
1.764000 3.773205e+002
1.766000 3.767282e+002
1.768000 3.761393e+002
1.770000 3.755539e+002
1.772000 3.749720e+002
1.774000 3.743936e+002
1.776000 3.738186e+002
1.778000 3.732471e+002
1.780000 3.726789e+002
1.782000 3.721142e+002
1.784000 3.715529e+002
1.786000 3.709950e+002
1.788000 3.704405e+002
1.790000 3.698893e+002
1.792000 3.693416e+002
1.794000 3.687971e+002
1.796000 3.682560e+002
1.798000 3.677182e+002
1.800000 3.671838e+002
1.802000 3.666526e+002
1.804000 3.661247e+002
1.806000 3.656001e+002
1.808000 3.650788e+002
1.810000 3.645607e+002
1.812000 3.640459e+002
1.814000 3.635343e+002
1.816000 3.630259e+002
1.818000 3.625207e+002
1.820000 3.620187e+002
1.822000 3.615199e+002
1.824000 3.610243e+002
1.826000 3.605318e+002
1.828000 3.600425e+002
1.830000 3.595563e+002
1.832000 3.590732e+002
1.834000 3.585933e+002
1.836000 3.581164e+002
1.838000 3.576426e+002
1.840000 3.571719e+002
1.842000 3.567043e+002
1.844000 3.562397e+002
1.846000 3.557781e+002
1.848000 3.553196e+002
1.850000 3.548641e+002
1.852000 3.544115e+002
1.854000 3.539620e+002
1.856000 3.535154e+002
1.858000 3.530718e+002
1.860000 3.526312e+002
1.862000 3.521935e+002
1.864000 3.517587e+002
1.866000 3.513268e+002
1.868000 3.508978e+002
1.870000 3.504717e+002
1.872000 3.500485e+002
1.874000 3.496281e+002
1.876000 3.492106e+002
1.878000 3.487959e+002
1.880000 3.483841e+002
1.882000 3.479750e+002
1.884000 3.475688e+002
1.886000 3.471653e+002
1.888000 3.467647e+002
1.890000 3.463667e+002
1.892000 3.459716e+002
1.894000 3.455791e+002
1.896000 3.451894e+002
1.898000 3.448024e+002
1.900000 3.444181e+002
1.902000 3.440365e+002
1.904000 3.436575e+002
1.906000 3.432812e+002
1.908000 3.429076e+002
1.910000 3.425365e+002
1.912000 3.421682e+002
1.914000 3.418024e+002
1.916000 3.414392e+002
1.918000 3.410786e+002
1.920000 3.407205e+002
1.922000 3.403651e+002
1.924000 3.400122e+002
1.926000 3.396618e+002
1.928000 3.393139e+002
1.930000 3.389685e+002
1.932000 3.386257e+002
1.934000 3.382853e+002
1.936000 3.379474e+002
1.938000 3.376119e+002
1.940000 3.372789e+002
1.942000 3.369483e+002
1.944000 3.366201e+002
1.946000 3.362944e+002
1.948000 3.359710e+002
1.950000 3.356501e+002
1.952000 3.353315e+002
1.954000 3.350152e+002
1.956000 3.347013e+002
1.958000 3.343898e+002
1.960000 3.340805e+002
1.962000 3.337736e+002
1.964000 3.334690e+002
1.966000 3.331666e+002
1.968000 3.328665e+002
1.970000 3.325687e+002
1.972000 3.322731e+002
1.974000 3.319798e+002
1.976000 3.316887e+002
1.978000 3.313998e+002
1.980000 3.311131e+002
1.982000 3.308285e+002
1.984000 3.305462e+002
1.986000 3.302660e+002
1.988000 3.299880e+002
1.990000 3.297121e+002
1.992000 3.294383e+002
1.994000 3.291666e+002
1.996000 3.288971e+002
1.998000 3.286296e+002
2.000000 3.283642e+002
2.002000 3.281009e+002
2.004000 3.278396e+002
2.006000 3.275804e+002
2.008000 3.273232e+002
2.010000 3.270680e+002
2.012000 3.268149e+002
2.014000 3.265637e+002
2.016000 3.263145e+002
2.018000 3.260673e+002
2.020000 3.258220e+002
2.022000 3.255787e+002
2.024000 3.253373e+002
2.026000 3.250979e+002
2.028000 3.248603e+002
2.030000 3.246247e+002
2.032000 3.243909e+002
2.034000 3.241591e+002
2.036000 3.239290e+002
2.038000 3.237009e+002
2.040000 3.234746e+002
2.042000 3.232501e+002
2.044000 3.230275e+002
2.046000 3.228066e+002
2.048000 3.225876e+002
2.050000 3.223704e+002
2.052000 3.221549e+002
2.054000 3.219412e+002
2.056000 3.217292e+002
2.058000 3.215190e+002
2.060000 3.213106e+002
2.062000 3.211038e+002
2.064000 3.208988e+002
2.066000 3.206954e+002
2.068000 3.204938e+002
2.070000 3.202938e+002
2.072000 3.200955e+002
2.074000 3.198988e+002
2.076000 3.197038e+002
2.078000 3.195105e+002
2.080000 3.193187e+002
2.082000 3.191286e+002
2.084000 3.189401e+002
2.086000 3.187531e+002
2.088000 3.185678e+002
2.090000 3.183840e+002
2.092000 3.182018e+002
2.094000 3.180211e+002
2.096000 3.178420e+002
2.098000 3.176644e+002
2.100000 3.174883e+002
2.102000 3.173138e+002
2.104000 3.171407e+002
2.106000 3.169691e+002
2.108000 3.167990e+002
2.110000 3.166304e+002
2.112000 3.164632e+002
2.114000 3.162975e+002
2.116000 3.161332e+002
2.118000 3.159704e+002
2.120000 3.158090e+002
2.122000 3.156489e+002
2.124000 3.154903e+002
2.126000 3.153331e+002
2.128000 3.151772e+002
2.130000 3.150228e+002
2.132000 3.148696e+002
2.134000 3.147179e+002
2.136000 3.145675e+002
2.138000 3.144184e+002
2.140000 3.142706e+002
2.142000 3.141241e+002
2.144000 3.139790e+002
2.146000 3.138351e+002
2.148000 3.136926e+002
2.150000 3.135513e+002
2.152000 3.134112e+002
2.154000 3.132725e+002
2.156000 3.131350e+002
2.158000 3.129987e+002
2.160000 3.128636e+002
2.162000 3.127298e+002
2.164000 3.125972e+002
2.166000 3.124658e+002
2.168000 3.123356e+002
2.170000 3.122065e+002
2.172000 3.120787e+002
2.174000 3.119520e+002
2.176000 3.118265e+002
2.178000 3.117021e+002
2.180000 3.115789e+002
2.182000 3.114568e+002
2.184000 3.113358e+002
2.186000 3.112160e+002
2.188000 3.110972e+002
2.190000 3.109796e+002
2.192000 3.108630e+002
2.194000 3.107476e+002
2.196000 3.106332e+002
2.198000 3.105199e+002
2.200000 3.104076e+002
2.202000 3.102964e+002
2.204000 3.101862e+002
2.206000 3.100771e+002
2.208000 3.099690e+002
2.210000 3.098619e+002
2.212000 3.097558e+002
2.214000 3.096507e+002
2.216000 3.095466e+002
2.218000 3.094436e+002
2.220000 3.093414e+002
2.222000 3.092403e+002
2.224000 3.091401e+002
2.226000 3.090409e+002
2.228000 3.089426e+002
2.230000 3.088453e+002
2.232000 3.087489e+002
2.234000 3.086534e+002
2.236000 3.085589e+002
2.238000 3.084652e+002
2.240000 3.083725e+002
2.242000 3.082807e+002
2.244000 3.081897e+002
2.246000 3.080997e+002
2.248000 3.080105e+002
2.250000 3.079222e+002
2.252000 3.078347e+002
2.254000 3.077481e+002
2.256000 3.076623e+002
2.258000 3.075774e+002
2.260000 3.074933e+002
2.262000 3.074101e+002
2.264000 3.073276e+002
2.266000 3.072460e+002
2.268000 3.071652e+002
2.270000 3.070852e+002
2.272000 3.070060e+002
2.274000 3.069275e+002
2.276000 3.068499e+002
2.278000 3.067730e+002
2.280000 3.066969e+002
2.282000 3.066215e+002
2.284000 3.065469e+002
2.286000 3.064730e+002
2.288000 3.063999e+002
2.290000 3.063276e+002
2.292000 3.062559e+002
2.294000 3.061850e+002
2.296000 3.061148e+002
2.298000 3.060453e+002
2.300000 3.059765e+002
2.302000 3.059084e+002
2.304000 3.058409e+002
2.306000 3.057742e+002
2.308000 3.057082e+002
2.310000 3.056428e+002
2.312000 3.055781e+002
2.314000 3.055141e+002
2.316000 3.054507e+002
2.318000 3.053879e+002
2.320000 3.053259e+002
2.322000 3.052644e+002
2.324000 3.052036e+002
2.326000 3.051434e+002
2.328000 3.050839e+002
2.330000 3.050249e+002
2.332000 3.049666e+002
2.334000 3.049089e+002
2.336000 3.048517e+002
2.338000 3.047952e+002
2.340000 3.047393e+002
2.342000 3.046839e+002
2.344000 3.046291e+002
2.346000 3.045749e+002
2.348000 3.045213e+002
2.350000 3.044682e+002
2.352000 3.044157e+002
2.354000 3.043638e+002
2.356000 3.043124e+002
2.358000 3.042615e+002
2.360000 3.042112e+002
2.362000 3.041614e+002
2.364000 3.041121e+002
2.366000 3.040634e+002
2.368000 3.040152e+002
2.370000 3.039675e+002
2.372000 3.039203e+002
2.374000 3.038736e+002
2.376000 3.038274e+002
2.378000 3.037817e+002
2.380000 3.037365e+002
2.382000 3.036918e+002
2.384000 3.036476e+002
2.386000 3.036038e+002
2.388000 3.035606e+002
2.390000 3.035178e+002
2.392000 3.034754e+002
2.394000 3.034335e+002
2.396000 3.033921e+002
2.398000 3.033511e+002
2.400000 3.033106e+002
2.402000 3.032705e+002
2.404000 3.032308e+002
2.406000 3.031916e+002
2.408000 3.031528e+002
2.410000 3.031145e+002
2.412000 3.030765e+002
2.414000 3.030390e+002
2.416000 3.030019e+002
2.418000 3.029652e+002
2.420000 3.029289e+002
2.422000 3.028931e+002
2.424000 3.028576e+002
2.426000 3.028225e+002
2.428000 3.027878e+002
2.430000 3.027535e+002
2.432000 3.027195e+002
2.434000 3.026860e+002
2.436000 3.026528e+002
2.438000 3.026200e+002
2.440000 3.025875e+002
2.442000 3.025555e+002
2.444000 3.025237e+002
2.446000 3.024924e+002
2.448000 3.024614e+002
2.450000 3.024307e+002
2.452000 3.024004e+002
2.454000 3.023705e+002
2.456000 3.023408e+002
2.458000 3.023116e+002
2.460000 3.022826e+002
2.462000 3.022540e+002
2.464000 3.022257e+002
2.466000 3.021977e+002
2.468000 3.021701e+002
2.470000 3.021427e+002
2.472000 3.021157e+002
2.474000 3.020890e+002
2.476000 3.020626e+002
2.478000 3.020365e+002
2.480000 3.020107e+002
2.482000 3.019852e+002
2.484000 3.019600e+002
2.486000 3.019350e+002
2.488000 3.019104e+002
2.490000 3.018861e+002
2.492000 3.018620e+002
2.494000 3.018382e+002
2.496000 3.018147e+002
2.498000 3.017915e+002
2.500000 3.017686e+002
2.502000 3.017459e+002
2.504000 3.017235e+002
2.506000 3.017013e+002
2.508000 3.016794e+002
2.510000 3.016578e+002
2.512000 3.016364e+002
2.514000 3.016152e+002
2.516000 3.015944e+002
2.518000 3.015737e+002
2.520000 3.015533e+002
2.522000 3.015332e+002
2.524000 3.015133e+002
2.526000 3.014936e+002
2.528000 3.014742e+002
2.530000 3.014550e+002
2.532000 3.014360e+002
2.534000 3.014172e+002
2.536000 3.013987e+002
2.538000 3.013804e+002
2.540000 3.013623e+002
2.542000 3.013444e+002
2.544000 3.013268e+002
2.546000 3.013093e+002
2.548000 3.012921e+002
2.550000 3.012751e+002
2.552000 3.012583e+002
2.554000 3.012417e+002
2.556000 3.012253e+002
2.558000 3.012090e+002
2.560000 3.011930e+002
2.562000 3.011772e+002
2.564000 3.011616e+002
2.566000 3.011461e+002
2.568000 3.011309e+002
2.570000 3.011158e+002
2.572000 3.011010e+002
2.574000 3.010863e+002
2.576000 3.010717e+002
2.578000 3.010574e+002
2.580000 3.010432e+002
2.582000 3.010293e+002
2.584000 3.010154e+002
2.586000 3.010018e+002
2.588000 3.009883e+002
2.590000 3.009750e+002
2.592000 3.009619e+002
2.594000 3.009489e+002
2.596000 3.009361e+002
2.598000 3.009234e+002
2.600000 3.009109e+002
2.602000 3.008986e+002
2.604000 3.008864e+002
2.606000 3.008744e+002
2.608000 3.008625e+002
2.610000 3.008507e+002
2.612000 3.008392e+002
2.614000 3.008277e+002
2.616000 3.008164e+002
2.618000 3.008053e+002
2.620000 3.007942e+002
2.622000 3.007834e+002
2.624000 3.007726e+002
2.626000 3.007620e+002
2.628000 3.007515e+002
2.630000 3.007412e+002
2.632000 3.007310e+002
2.634000 3.007209e+002
2.636000 3.007110e+002
2.638000 3.007012e+002
2.640000 3.006915e+002
2.642000 3.006819e+002
2.644000 3.006725e+002
2.646000 3.006631e+002
2.648000 3.006539e+002
2.650000 3.006448e+002
2.652000 3.006359e+002
2.654000 3.006270e+002
2.656000 3.006183e+002
2.658000 3.006096e+002
2.660000 3.006011e+002
2.662000 3.005927e+002
2.664000 3.005844e+002
2.666000 3.005762e+002
2.668000 3.005681e+002
2.670000 3.005602e+002
2.672000 3.005523e+002
2.674000 3.005445e+002
2.676000 3.005368e+002
2.678000 3.005293e+002
2.680000 3.005218e+002
2.682000 3.005144e+002
2.684000 3.005072e+002
2.686000 3.005000e+002
2.688000 3.004929e+002
2.690000 3.004859e+002
2.692000 3.004790e+002
2.694000 3.004722e+002
2.696000 3.004655e+002
2.698000 3.004588e+002
2.700000 3.004523e+002
2.702000 3.004458e+002
2.704000 3.004395e+002
2.706000 3.004332e+002
2.708000 3.004270e+002
2.710000 3.004208e+002
2.712000 3.004148e+002
2.714000 3.004089e+002
2.716000 3.004030e+002
2.718000 3.003972e+002
2.720000 3.003915e+002
2.722000 3.003858e+002
2.724000 3.003802e+002
2.726000 3.003747e+002
2.728000 3.003693e+002
2.730000 3.003640e+002
2.732000 3.003587e+002
2.734000 3.003535e+002
2.736000 3.003484e+002
2.738000 3.003433e+002
2.740000 3.003383e+002
2.742000 3.003334e+002
2.744000 3.003285e+002
2.746000 3.003237e+002
2.748000 3.003190e+002
2.750000 3.003143e+002
2.752000 3.003097e+002
2.754000 3.003052e+002
2.756000 3.003007e+002
2.758000 3.002963e+002
2.760000 3.002919e+002
2.762000 3.002876e+002
2.764000 3.002834e+002
2.766000 3.002792e+002
2.768000 3.002751e+002
2.770000 3.002710e+002
2.772000 3.002670e+002
2.774000 3.002631e+002
2.776000 3.002592e+002
2.778000 3.002553e+002
2.780000 3.002515e+002
2.782000 3.002478e+002
2.784000 3.002441e+002
2.786000 3.002405e+002
2.788000 3.002369e+002
2.790000 3.002334e+002
2.792000 3.002299e+002
2.794000 3.002264e+002
2.796000 3.002231e+002
2.798000 3.002197e+002
2.800000 3.002164e+002
2.802000 3.002132e+002
2.804000 3.002100e+002
2.806000 3.002068e+002
2.808000 3.002037e+002
2.810000 3.002006e+002
2.812000 3.001976e+002
2.814000 3.001946e+002
2.816000 3.001917e+002
2.818000 3.001888e+002
2.820000 3.001859e+002
2.822000 3.001831e+002
2.824000 3.001803e+002
2.826000 3.001776e+002
2.828000 3.001749e+002
2.830000 3.001722e+002
2.832000 3.001696e+002
2.834000 3.001670e+002
2.836000 3.001645e+002
2.838000 3.001620e+002
2.840000 3.001595e+002
2.842000 3.001571e+002
2.844000 3.001547e+002
2.846000 3.001523e+002
2.848000 3.001499e+002
2.850000 3.001476e+002
2.852000 3.001454e+002
2.854000 3.001431e+002
2.856000 3.001409e+002
2.858000 3.001388e+002
2.860000 3.001366e+002
2.862000 3.001345e+002
2.864000 3.001324e+002
2.866000 3.001304e+002
2.868000 3.001284e+002
2.870000 3.001264e+002
2.872000 3.001244e+002
2.874000 3.001225e+002
2.876000 3.001206e+002
2.878000 3.001187e+002
2.880000 3.001169e+002
2.882000 3.001150e+002
2.884000 3.001132e+002
2.886000 3.001115e+002
2.888000 3.001097e+002
2.890000 3.001080e+002
2.892000 3.001063e+002
2.894000 3.001046e+002
2.896000 3.001030e+002
2.898000 3.001014e+002
2.900000 3.000998e+002
2.902000 3.000982e+002
2.904000 3.000967e+002
2.906000 3.000952e+002
2.908000 3.000936e+002
2.910000 3.000922e+002
2.912000 3.000907e+002
2.914000 3.000893e+002
2.916000 3.000879e+002
2.918000 3.000865e+002
2.920000 3.000851e+002
2.922000 3.000837e+002
2.924000 3.000824e+002
2.926000 3.000811e+002
2.928000 3.000798e+002
2.930000 3.000785e+002
2.932000 3.000773e+002
2.934000 3.000761e+002
2.936000 3.000748e+002
2.938000 3.000736e+002
2.940000 3.000725e+002
2.942000 3.000713e+002
2.944000 3.000702e+002
2.946000 3.000690e+002
2.948000 3.000679e+002
2.950000 3.000668e+002
2.952000 3.000657e+002
2.954000 3.000647e+002
2.956000 3.000636e+002
2.958000 3.000626e+002
2.960000 3.000616e+002
2.962000 3.000606e+002
2.964000 3.000596e+002
2.966000 3.000587e+002
2.968000 3.000577e+002
2.970000 3.000568e+002
2.972000 3.000558e+002
2.974000 3.000549e+002
2.976000 3.000540e+002
2.978000 3.000532e+002
2.980000 3.000523e+002
2.982000 3.000514e+002
2.984000 3.000506e+002
2.986000 3.000498e+002
2.988000 3.000490e+002
2.990000 3.000482e+002
2.992000 3.000474e+002
2.994000 3.000466e+002
2.996000 3.000458e+002
2.998000 3.000451e+002
3.000000 3.000443e+002
3.002000 3.000436e+002
3.004000 3.000429e+002
3.006000 3.000422e+002
3.008000 3.000415e+002
3.010000 3.000408e+002
3.012000 3.000401e+002
3.014000 3.000395e+002
3.016000 3.000388e+002
3.018000 3.000382e+002
3.020000 3.000375e+002
3.022000 3.000369e+002
3.024000 3.000363e+002
3.026000 3.000357e+002
3.028000 3.000351e+002
3.030000 3.000345e+002
3.032000 3.000339e+002
3.034000 3.000334e+002
3.036000 3.000328e+002
3.038000 3.000323e+002
3.040000 3.000317e+002
3.042000 3.000312e+002
3.044000 3.000307e+002
3.046000 3.000301e+002
3.048000 3.000296e+002
3.050000 3.000291e+002
3.052000 3.000286e+002
3.054000 3.000282e+002
3.056000 3.000277e+002
3.058000 3.000272e+002
3.060000 3.000268e+002
3.062000 3.000263e+002
3.064000 3.000259e+002
3.066000 3.000254e+002
3.068000 3.000250e+002
3.070000 3.000246e+002
3.072000 3.000242e+002
3.074000 3.000237e+002
3.076000 3.000233e+002
3.078000 3.000229e+002
3.080000 3.000225e+002
3.082000 3.000222e+002
3.084000 3.000218e+002
3.086000 3.000214e+002
3.088000 3.000210e+002
3.090000 3.000207e+002
3.092000 3.000203e+002
3.094000 3.000200e+002
3.096000 3.000196e+002
3.098000 3.000193e+002
3.100000 3.000190e+002
3.102000 3.000186e+002
3.104000 3.000183e+002
3.106000 3.000180e+002
3.108000 3.000177e+002
3.110000 3.000174e+002
3.112000 3.000171e+002
3.114000 3.000168e+002
3.116000 3.000165e+002
3.118000 3.000162e+002
3.120000 3.000159e+002
3.122000 3.000157e+002
3.124000 3.000154e+002
3.126000 3.000151e+002
3.128000 3.000149e+002
3.130000 3.000146e+002
3.132000 3.000143e+002
3.134000 3.000141e+002
3.136000 3.000138e+002
3.138000 3.000136e+002
3.140000 3.000134e+002
3.142000 3.000131e+002
3.144000 3.000129e+002
3.146000 3.000127e+002
3.148000 3.000125e+002
3.150000 3.000122e+002
3.152000 3.000120e+002
3.154000 3.000118e+002
3.156000 3.000116e+002
3.158000 3.000114e+002
3.160000 3.000112e+002
3.162000 3.000110e+002
3.164000 3.000108e+002
3.166000 3.000106e+002
3.168000 3.000104e+002
3.170000 3.000102e+002
3.172000 3.000101e+002
3.174000 3.000099e+002
3.176000 3.000097e+002
3.178000 3.000095e+002
3.180000 3.000094e+002
3.182000 3.000092e+002
3.184000 3.000090e+002
3.186000 3.000089e+002
3.188000 3.000087e+002
3.190000 3.000086e+002
3.192000 3.000084e+002
3.194000 3.000083e+002
3.196000 3.000081e+002
3.198000 3.000080e+002
3.200000 3.000078e+002
3.202000 3.000077e+002
3.204000 3.000075e+002
3.206000 3.000074e+002
3.208000 3.000073e+002
3.210000 3.000071e+002
3.212000 3.000070e+002
3.214000 3.000069e+002
3.216000 3.000068e+002
3.218000 3.000066e+002
3.220000 3.000065e+002
3.222000 3.000064e+002
3.224000 3.000063e+002
3.226000 3.000062e+002
3.228000 3.000061e+002
3.230000 3.000060e+002
3.232000 3.000058e+002
3.234000 3.000057e+002
3.236000 3.000056e+002
3.238000 3.000055e+002
3.240000 3.000054e+002
3.242000 3.000053e+002
3.244000 3.000052e+002
3.246000 3.000051e+002
3.248000 3.000050e+002
3.250000 3.000049e+002
3.252000 3.000049e+002
3.254000 3.000048e+002
3.256000 3.000047e+002
3.258000 3.000046e+002
3.260000 3.000045e+002
3.262000 3.000044e+002
3.264000 3.000043e+002
3.266000 3.000043e+002
3.268000 3.000042e+002
3.270000 3.000041e+002
3.272000 3.000040e+002
3.274000 3.000040e+002
3.276000 3.000039e+002
3.278000 3.000038e+002
3.280000 3.000037e+002
3.282000 3.000037e+002
3.284000 3.000036e+002
3.286000 3.000035e+002
3.288000 3.000035e+002
3.290000 3.000034e+002
3.292000 3.000033e+002
3.294000 3.000033e+002
3.296000 3.000032e+002
3.298000 3.000032e+002
3.300000 3.000031e+002
3.302000 3.000030e+002
3.304000 3.000030e+002
3.306000 3.000029e+002
3.308000 3.000029e+002
3.310000 3.000028e+002
3.312000 3.000028e+002
3.314000 3.000027e+002
3.316000 3.000027e+002
3.318000 3.000026e+002
3.320000 3.000026e+002
3.322000 3.000025e+002
3.324000 3.000025e+002
3.326000 3.000024e+002
3.328000 3.000024e+002
3.330000 3.000023e+002
3.332000 3.000023e+002
3.334000 3.000022e+002
3.336000 3.000022e+002
3.338000 3.000022e+002
3.340000 3.000021e+002
3.342000 3.000021e+002
3.344000 3.000020e+002
3.346000 3.000020e+002
3.348000 3.000020e+002
3.350000 3.000019e+002
3.352000 3.000019e+002
3.354000 3.000019e+002
3.356000 3.000018e+002
3.358000 3.000018e+002
3.360000 3.000018e+002
3.362000 3.000017e+002
3.364000 3.000017e+002
3.366000 3.000017e+002
3.368000 3.000016e+002
3.370000 3.000016e+002
3.372000 3.000016e+002
3.374000 3.000015e+002
3.376000 3.000015e+002
3.378000 3.000015e+002
3.380000 3.000014e+002
3.382000 3.000014e+002
3.384000 3.000014e+002
3.386000 3.000014e+002
3.388000 3.000013e+002
3.390000 3.000013e+002
3.392000 3.000013e+002
3.394000 3.000013e+002
3.396000 3.000012e+002
3.398000 3.000012e+002
3.400000 3.000012e+002
3.402000 3.000012e+002
3.404000 3.000011e+002
3.406000 3.000011e+002
3.408000 3.000011e+002
3.410000 3.000011e+002
3.412000 3.000011e+002
3.414000 3.000010e+002
3.416000 3.000010e+002
3.418000 3.000010e+002
3.420000 3.000010e+002
3.422000 3.000010e+002
3.424000 3.000009e+002
3.426000 3.000009e+002
3.428000 3.000009e+002
3.430000 3.000009e+002
3.432000 3.000009e+002
3.434000 3.000008e+002
3.436000 3.000008e+002
3.438000 3.000008e+002
3.440000 3.000008e+002
3.442000 3.000008e+002
3.444000 3.000008e+002
3.446000 3.000008e+002
3.448000 3.000007e+002
3.450000 3.000007e+002
3.452000 3.000007e+002
3.454000 3.000007e+002
3.456000 3.000007e+002
3.458000 3.000007e+002
3.460000 3.000007e+002
3.462000 3.000006e+002
3.464000 3.000006e+002
3.466000 3.000006e+002
3.468000 3.000006e+002
3.470000 3.000006e+002
3.472000 3.000006e+002
3.474000 3.000006e+002
3.476000 3.000006e+002
3.478000 3.000005e+002
3.480000 3.000005e+002
3.482000 3.000005e+002
3.484000 3.000005e+002
3.486000 3.000005e+002
3.488000 3.000005e+002
3.490000 3.000005e+002
3.492000 3.000005e+002
3.494000 3.000005e+002
3.496000 3.000005e+002
3.498000 3.000004e+002
3.500000 3.000004e+002
3.502000 3.000004e+002
3.504000 3.000004e+002
3.506000 3.000004e+002
3.508000 3.000004e+002
3.510000 3.000004e+002
3.512000 3.000004e+002
3.514000 3.000004e+002
3.516000 3.000004e+002
3.518000 3.000004e+002
3.520000 3.000004e+002
3.522000 3.000003e+002
3.524000 3.000003e+002
3.526000 3.000003e+002
3.528000 3.000003e+002
3.530000 3.000003e+002
3.532000 3.000003e+002
3.534000 3.000003e+002
3.536000 3.000003e+002
3.538000 3.000003e+002
3.540000 3.000003e+002
3.542000 3.000003e+002
3.544000 3.000003e+002
3.546000 3.000003e+002
3.548000 3.000003e+002
3.550000 3.000003e+002
3.552000 3.000003e+002
3.554000 3.000003e+002
3.556000 3.000002e+002
3.558000 3.000002e+002
3.560000 3.000002e+002
3.562000 3.000002e+002
3.564000 3.000002e+002
3.566000 3.000002e+002
3.568000 3.000002e+002
3.570000 3.000002e+002
3.572000 3.000002e+002
3.574000 3.000002e+002
3.576000 3.000002e+002
3.578000 3.000002e+002
3.580000 3.000002e+002
3.582000 3.000002e+002
3.584000 3.000002e+002
3.586000 3.000002e+002
3.588000 3.000002e+002
3.590000 3.000002e+002
3.592000 3.000002e+002
3.594000 3.000002e+002
3.596000 3.000002e+002
3.598000 3.000002e+002
3.600000 3.000002e+002
3.602000 3.000002e+002
3.604000 3.000001e+002
3.606000 3.000001e+002
3.608000 3.000001e+002
3.610000 3.000001e+002
3.612000 3.000001e+002
3.614000 3.000001e+002
3.616000 3.000001e+002
3.618000 3.000001e+002
3.620000 3.000001e+002
3.622000 3.000001e+002
3.624000 3.000001e+002
3.626000 3.000001e+002
3.628000 3.000001e+002
3.630000 3.000001e+002
3.632000 3.000001e+002
3.634000 3.000001e+002
3.636000 3.000001e+002
3.638000 3.000001e+002
3.640000 3.000001e+002
3.642000 3.000001e+002
3.644000 3.000001e+002
3.646000 3.000001e+002
3.648000 3.000001e+002
3.650000 3.000001e+002
3.652000 3.000001e+002
3.654000 3.000001e+002
3.656000 3.000001e+002
3.658000 3.000001e+002
3.660000 3.000001e+002
3.662000 3.000001e+002
3.664000 3.000001e+002
3.666000 3.000001e+002
3.668000 3.000001e+002
3.670000 3.000001e+002
3.672000 3.000001e+002
3.674000 3.000001e+002
3.676000 3.000001e+002
3.678000 3.000001e+002
3.680000 3.000001e+002
3.682000 3.000001e+002
3.684000 3.000001e+002
3.686000 3.000001e+002
3.688000 3.000001e+002
3.690000 3.000001e+002
3.692000 3.000001e+002
3.694000 3.000001e+002
3.696000 3.000001e+002
3.698000 3.000001e+002
3.700000 3.000001e+002
3.702000 3.000001e+002
3.704000 3.000001e+002
3.706000 3.000000e+002
3.708000 3.000000e+002
3.710000 3.000000e+002
3.712000 3.000000e+002
3.714000 3.000000e+002
3.716000 3.000000e+002
3.718000 3.000000e+002
3.720000 3.000000e+002
3.722000 3.000000e+002
3.724000 3.000000e+002
3.726000 3.000000e+002
3.728000 3.000000e+002
3.730000 3.000000e+002
3.732000 3.000000e+002
3.734000 3.000000e+002
3.736000 3.000000e+002
3.738000 3.000000e+002
3.740000 3.000000e+002
3.742000 3.000000e+002
3.744000 3.000000e+002
3.746000 3.000000e+002
3.748000 3.000000e+002
3.750000 3.000000e+002
3.752000 3.000000e+002
3.754000 3.000000e+002
3.756000 3.000000e+002
3.758000 3.000000e+002
3.760000 3.000000e+002
3.762000 3.000000e+002
3.764000 3.000000e+002
3.766000 3.000000e+002
3.768000 3.000000e+002
3.770000 3.000000e+002
3.772000 3.000000e+002
3.774000 3.000000e+002
3.776000 3.000000e+002
3.778000 3.000000e+002
3.780000 3.000000e+002
3.782000 3.000000e+002
3.784000 3.000000e+002
3.786000 3.000000e+002
3.788000 3.000000e+002
3.790000 3.000000e+002
3.792000 3.000000e+002
3.794000 3.000000e+002
3.796000 3.000000e+002
3.798000 3.000000e+002
3.800000 3.000000e+002
3.802000 3.000000e+002
3.804000 3.000000e+002
3.806000 3.000000e+002
3.808000 3.000000e+002
3.810000 3.000000e+002
3.812000 3.000000e+002
3.814000 3.000000e+002
3.816000 3.000000e+002
3.818000 3.000000e+002
3.820000 3.000000e+002
3.822000 3.000000e+002
3.824000 3.000000e+002
3.826000 3.000000e+002
3.828000 3.000000e+002
3.830000 3.000000e+002
3.832000 3.000000e+002
3.834000 3.000000e+002
3.836000 3.000000e+002
3.838000 3.000000e+002
3.840000 3.000000e+002
3.842000 3.000000e+002
3.844000 3.000000e+002
3.846000 3.000000e+002
3.848000 3.000000e+002
3.850000 3.000000e+002
3.852000 3.000000e+002
3.854000 3.000000e+002
3.856000 3.000000e+002
3.858000 3.000000e+002
3.860000 3.000000e+002
3.862000 3.000000e+002
3.864000 3.000000e+002
3.866000 3.000000e+002
3.868000 3.000000e+002
3.870000 3.000000e+002
3.872000 3.000000e+002
3.874000 3.000000e+002
3.876000 3.000000e+002
3.878000 3.000000e+002
3.880000 3.000000e+002
3.882000 3.000000e+002
3.884000 3.000000e+002
3.886000 3.000000e+002
3.888000 3.000000e+002
3.890000 3.000000e+002
3.892000 3.000000e+002
3.894000 3.000000e+002
3.896000 3.000000e+002
3.898000 3.000000e+002
3.900000 3.000000e+002
3.902000 3.000000e+002
3.904000 3.000000e+002
3.906000 3.000000e+002
3.908000 3.000000e+002
3.910000 3.000000e+002
3.912000 3.000000e+002
3.914000 3.000000e+002
3.916000 3.000000e+002
3.918000 3.000000e+002
3.920000 3.000000e+002
3.922000 3.000000e+002
3.924000 3.000000e+002
3.926000 3.000000e+002
3.928000 3.000000e+002
3.930000 3.000000e+002
3.932000 3.000000e+002
3.934000 3.000000e+002
3.936000 3.000000e+002
3.938000 3.000000e+002
3.940000 3.000000e+002
3.942000 3.000000e+002
3.944000 3.000000e+002
3.946000 3.000000e+002
3.948000 3.000000e+002
3.950000 3.000000e+002
3.952000 3.000000e+002
3.954000 3.000000e+002
3.956000 3.000000e+002
3.958000 3.000000e+002
3.960000 3.000000e+002
3.962000 3.000000e+002
3.964000 3.000000e+002
3.966000 3.000000e+002
3.968000 3.000000e+002
3.970000 3.000000e+002
3.972000 3.000000e+002
3.974000 3.000000e+002
3.976000 3.000000e+002
3.978000 3.000000e+002
3.980000 3.000000e+002
3.982000 3.000000e+002
3.984000 3.000000e+002
3.986000 3.000000e+002
3.988000 3.000000e+002
3.990000 3.000000e+002
3.992000 3.000000e+002
3.994000 3.000000e+002
3.996000 3.000000e+002
3.998000 3.000000e+002
