0.000000 3.452989e+002
0.002000 3.503421e+002
0.004000 3.553836e+002
0.006000 3.604233e+002
0.008000 3.654609e+002
0.010000 3.704963e+002
0.012000 3.755293e+002
0.014000 3.805598e+002
0.016000 3.855876e+002
0.018000 3.906124e+002
0.020000 3.956342e+002
0.022000 4.006528e+002
0.024000 4.056679e+002
0.026000 4.106795e+002
0.028000 4.156873e+002
0.030000 4.206912e+002
0.032000 4.256909e+002
0.034000 4.306865e+002
0.036000 4.356776e+002
0.038000 4.406641e+002
0.040000 4.456458e+002
0.042000 4.506226e+002
0.044000 4.555943e+002
0.046000 4.605607e+002
0.048000 4.655217e+002
0.050000 4.704770e+002
0.052000 4.754266e+002
0.054000 4.803702e+002
0.056000 4.853078e+002
0.058000 4.902390e+002
0.060000 4.951638e+002
0.062000 5.000820e+002
0.064000 5.049934e+002
0.066000 5.098979e+002
0.068000 5.147953e+002
0.070000 5.196855e+002
0.072000 5.245682e+002
0.074000 5.294433e+002
0.076000 5.343107e+002
0.078000 5.391702e+002
0.080000 5.440216e+002
0.082000 5.488648e+002
0.084000 5.536996e+002
0.086000 5.585258e+002
0.088000 5.633433e+002
0.090000 5.681520e+002
0.092000 5.729517e+002
0.094000 5.777421e+002
0.096000 5.825233e+002
0.098000 5.872949e+002
0.100000 5.920569e+002
0.102000 5.968091e+002
0.104000 6.015514e+002
0.106000 6.062835e+002
0.108000 6.110054e+002
0.110000 6.157169e+002
0.112000 6.204178e+002
0.114000 6.251080e+002
0.116000 6.297873e+002
0.118000 6.344556e+002
0.120000 6.391128e+002
0.122000 6.437587e+002
0.124000 6.483931e+002
0.126000 6.530159e+002
0.128000 6.576270e+002
0.130000 6.622261e+002
0.132000 6.668133e+002
0.134000 6.713883e+002
0.136000 6.759509e+002
0.138000 6.805011e+002
0.140000 6.850387e+002
0.142000 6.895635e+002
0.144000 6.940755e+002
0.146000 6.985744e+002
0.148000 7.030602e+002
0.150000 7.075327e+002
0.152000 7.119918e+002
0.154000 7.164373e+002
0.156000 7.208691e+002
0.158000 7.252871e+002
0.160000 7.296911e+002
0.162000 7.340810e+002
0.164000 7.384567e+002
0.166000 7.428180e+002
0.168000 7.471648e+002
0.170000 7.514970e+002
0.172000 7.558145e+002
0.174000 7.601171e+002
0.176000 7.644047e+002
0.178000 7.686772e+002
0.180000 7.729344e+002
0.182000 7.771763e+002
0.184000 7.814027e+002
0.186000 7.856135e+002
0.188000 7.898085e+002
0.190000 7.939877e+002
0.192000 7.981510e+002
0.194000 8.022981e+002
0.196000 8.064291e+002
0.198000 8.105437e+002
0.200000 8.146419e+002
0.202000 8.187236e+002
0.204000 8.227886e+002
0.206000 8.268368e+002
0.208000 8.308681e+002
0.210000 8.348825e+002
0.212000 8.388798e+002
0.214000 8.428598e+002
0.216000 8.468226e+002
0.218000 8.507679e+002
0.220000 8.546957e+002
0.222000 8.586059e+002
0.224000 8.624984e+002
0.226000 8.663730e+002
0.228000 8.702297e+002
0.230000 8.740683e+002
0.232000 8.778889e+002
0.234000 8.816912e+002
0.236000 8.854752e+002
0.238000 8.892407e+002
0.240000 8.929878e+002
0.242000 8.967162e+002
0.244000 9.004260e+002
0.246000 9.041169e+002
0.248000 9.077890e+002
0.250000 9.114421e+002
0.252000 9.150761e+002
0.254000 9.186910e+002
0.256000 9.222867e+002
0.258000 9.258630e+002
0.260000 9.294200e+002
0.262000 9.329574e+002
0.264000 9.364753e+002
0.266000 9.399736e+002
0.268000 9.434521e+002
0.270000 9.469108e+002
0.272000 9.503496e+002
0.274000 9.537684e+002
0.276000 9.571672e+002
0.278000 9.605459e+002
0.280000 9.639045e+002
0.282000 9.672427e+002
0.284000 9.705606e+002
0.286000 9.738581e+002
0.288000 9.771352e+002
0.290000 9.803917e+002
0.292000 9.836276e+002
0.294000 9.868428e+002
0.296000 9.900373e+002
0.298000 9.932109e+002
0.300000 9.963637e+002
0.302000 9.994956e+002
0.304000 1.002606e+003
0.306000 1.005696e+003
0.308000 1.008765e+003
0.310000 1.011813e+003
0.312000 1.014839e+003
0.314000 1.017844e+003
0.316000 1.020828e+003
0.318000 1.023790e+003
0.320000 1.026731e+003
0.322000 1.029650e+003
0.324000 1.032548e+003
0.326000 1.035424e+003
0.328000 1.038279e+003
0.330000 1.041112e+003
0.332000 1.043923e+003
0.334000 1.046712e+003
0.336000 1.049480e+003
0.338000 1.052225e+003
0.340000 1.054949e+003
0.342000 1.057651e+003
0.344000 1.060331e+003
0.346000 1.062988e+003
0.348000 1.065624e+003
0.350000 1.068237e+003
0.352000 1.070829e+003
0.354000 1.073398e+003
0.356000 1.075945e+003
0.358000 1.078470e+003
0.360000 1.080972e+003
0.362000 1.083452e+003
0.364000 1.085910e+003
0.366000 1.088345e+003
0.368000 1.090758e+003
0.370000 1.093149e+003
0.372000 1.095517e+003
0.374000 1.097862e+003
0.376000 1.100185e+003
0.378000 1.102486e+003
0.380000 1.104763e+003
0.382000 1.107019e+003
0.384000 1.109251e+003
0.386000 1.111462e+003
0.388000 1.113649e+003
0.390000 1.115814e+003
0.392000 1.117956e+003
0.394000 1.120075e+003
0.396000 1.122172e+003
0.398000 1.124246e+003
0.400000 1.126297e+003
0.402000 1.128325e+003
0.404000 1.130331e+003
0.406000 1.132314e+003
0.408000 1.134274e+003
0.410000 1.136211e+003
0.412000 1.138126e+003
0.414000 1.140017e+003
0.416000 1.141886e+003
0.418000 1.143732e+003
0.420000 1.145556e+003
0.422000 1.147356e+003
0.424000 1.149133e+003
0.426000 1.150888e+003
0.428000 1.152620e+003
0.430000 1.154329e+003
0.432000 1.156015e+003
0.434000 1.157679e+003
0.436000 1.159319e+003
0.438000 1.160937e+003
0.440000 1.162532e+003
0.442000 1.164104e+003
0.444000 1.165653e+003
0.446000 1.167179e+003
0.448000 1.168683e+003
0.450000 1.170164e+003
0.452000 1.171622e+003
0.454000 1.173057e+003
0.456000 1.174469e+003
0.458000 1.175859e+003
0.460000 1.177226e+003
0.462000 1.178570e+003
0.464000 1.179892e+003
0.466000 1.181191e+003
0.468000 1.182467e+003
0.470000 1.183720e+003
0.472000 1.184951e+003
0.474000 1.186159e+003
0.476000 1.187345e+003
0.478000 1.188508e+003
0.480000 1.189648e+003
0.482000 1.190766e+003
0.484000 1.191861e+003
0.486000 1.192934e+003
0.488000 1.193984e+003
0.490000 1.195012e+003
0.492000 1.196018e+003
0.494000 1.197001e+003
0.496000 1.197961e+003
0.498000 1.198900e+003
0.500000 1.199816e+003
0.502000 1.200709e+003
0.504000 1.201581e+003
0.506000 1.202430e+003
0.508000 1.203257e+003
0.510000 1.204061e+003
0.512000 1.204844e+003
0.514000 1.205604e+003
0.516000 1.206343e+003
0.518000 1.207059e+003
0.520000 1.207753e+003
0.522000 1.208426e+003
0.524000 1.209076e+003
0.526000 1.209704e+003
0.528000 1.210311e+003
0.530000 1.210896e+003
0.532000 1.211459e+003
0.534000 1.212000e+003
0.536000 1.212519e+003
0.538000 1.213017e+003
0.540000 1.213493e+003
0.542000 1.213948e+003
0.544000 1.214381e+003
0.546000 1.214792e+003
0.548000 1.215183e+003
0.550000 1.215551e+003
0.552000 1.215898e+003
0.554000 1.216224e+003
0.556000 1.216529e+003
0.558000 1.216812e+003
0.560000 1.217075e+003
0.562000 1.217316e+003
0.564000 1.217536e+003
0.566000 1.217735e+003
0.568000 1.217913e+003
0.570000 1.218070e+003
0.572000 1.218206e+003
0.574000 1.218321e+003
0.576000 1.218416e+003
0.578000 1.218490e+003
0.580000 1.218543e+003
0.582000 1.218575e+003
0.584000 1.218587e+003
0.586000 1.218578e+003
0.588000 1.218549e+003
0.590000 1.218500e+003
0.592000 1.218430e+003
0.594000 1.218340e+003
0.596000 1.218230e+003
0.598000 1.218099e+003
0.600000 1.217948e+003
0.602000 1.217778e+003
0.604000 1.217587e+003
0.606000 1.217377e+003
0.608000 1.217146e+003
0.610000 1.216896e+003
0.612000 1.216626e+003
0.614000 1.216336e+003
0.616000 1.216027e+003
0.618000 1.215698e+003
0.620000 1.215349e+003
0.622000 1.214981e+003
0.624000 1.214594e+003
0.626000 1.214188e+003
0.628000 1.213762e+003
0.630000 1.213317e+003
0.632000 1.212853e+003
0.634000 1.212370e+003
0.636000 1.211868e+003
0.638000 1.211347e+003
0.640000 1.210807e+003
0.642000 1.210248e+003
0.644000 1.209671e+003
0.646000 1.209075e+003
0.648000 1.208461e+003
0.650000 1.207828e+003
0.652000 1.207177e+003
0.654000 1.206507e+003
0.656000 1.205819e+003
0.658000 1.205113e+003
0.660000 1.204389e+003
0.662000 1.203647e+003
0.664000 1.202887e+003
0.666000 1.202109e+003
0.668000 1.201313e+003
0.670000 1.200499e+003
0.672000 1.199668e+003
0.674000 1.198819e+003
0.676000 1.197953e+003
0.678000 1.197069e+003
0.680000 1.196167e+003
0.682000 1.195249e+003
0.684000 1.194313e+003
0.686000 1.193361e+003
0.688000 1.192391e+003
0.690000 1.191404e+003
0.692000 1.190400e+003
0.694000 1.189380e+003
0.696000 1.188343e+003
0.698000 1.187289e+003
0.700000 1.186219e+003
0.702000 1.185132e+003
0.704000 1.184029e+003
0.706000 1.182909e+003
0.708000 1.181773e+003
0.710000 1.180621e+003
0.712000 1.179453e+003
0.714000 1.178269e+003
0.716000 1.177070e+003
0.718000 1.175854e+003
0.720000 1.174623e+003
0.722000 1.173376e+003
0.724000 1.172113e+003
0.726000 1.170835e+003
0.728000 1.169542e+003
0.730000 1.168233e+003
0.732000 1.166910e+003
0.734000 1.165571e+003
0.736000 1.164217e+003
0.738000 1.162848e+003
0.740000 1.161464e+003
0.742000 1.160066e+003
0.744000 1.158653e+003
0.746000 1.157225e+003
0.748000 1.155783e+003
0.750000 1.154326e+003
0.752000 1.152856e+003
0.754000 1.151370e+003
0.756000 1.149871e+003
0.758000 1.148358e+003
0.760000 1.146831e+003
0.762000 1.145290e+003
0.764000 1.143735e+003
0.766000 1.142167e+003
0.768000 1.140585e+003
0.770000 1.138990e+003
0.772000 1.137381e+003
0.774000 1.135759e+003
0.776000 1.134124e+003
0.778000 1.132475e+003
0.780000 1.130814e+003
0.782000 1.129140e+003
0.784000 1.127453e+003
0.786000 1.125753e+003
0.788000 1.124041e+003
0.790000 1.122316e+003
0.792000 1.120578e+003
0.794000 1.118829e+003
0.796000 1.117067e+003
0.798000 1.115293e+003
0.800000 1.113507e+003
0.802000 1.111709e+003
0.804000 1.109899e+003
0.806000 1.108078e+003
0.808000 1.106245e+003
0.810000 1.104400e+003
0.812000 1.102544e+003
0.814000 1.100676e+003
0.816000 1.098798e+003
0.818000 1.096908e+003
0.820000 1.095007e+003
0.822000 1.093095e+003
0.824000 1.091172e+003
0.826000 1.089239e+003
0.828000 1.087295e+003
0.830000 1.085340e+003
0.832000 1.083375e+003
0.834000 1.081400e+003
0.836000 1.079414e+003
0.838000 1.077418e+003
0.840000 1.075412e+003
0.842000 1.073397e+003
0.844000 1.071371e+003
0.846000 1.069336e+003
0.848000 1.067291e+003
0.850000 1.065236e+003
0.852000 1.063172e+003
0.854000 1.061099e+003
0.856000 1.059016e+003
0.858000 1.056925e+003
0.860000 1.054824e+003
0.862000 1.052714e+003
0.864000 1.050596e+003
0.866000 1.048469e+003
0.868000 1.046333e+003
0.870000 1.044189e+003
0.872000 1.042037e+003
0.874000 1.039876e+003
0.876000 1.037707e+003
0.878000 1.035529e+003
0.880000 1.033344e+003
0.882000 1.031151e+003
0.884000 1.028950e+003
0.886000 1.026742e+003
0.888000 1.024526e+003
0.890000 1.022302e+003
0.892000 1.020071e+003
0.894000 1.017833e+003
0.896000 1.015588e+003
0.898000 1.013336e+003
0.900000 1.011076e+003
0.902000 1.008810e+003
0.904000 1.006537e+003
0.906000 1.004258e+003
0.908000 1.001972e+003
0.910000 9.996792e+002
0.912000 9.973804e+002
0.914000 9.950754e+002
0.916000 9.927643e+002
0.918000 9.904471e+002
0.920000 9.881241e+002
0.922000 9.857952e+002
0.924000 9.834607e+002
0.926000 9.811206e+002
0.928000 9.787749e+002
0.930000 9.764239e+002
0.932000 9.740676e+002
0.934000 9.717062e+002
0.936000 9.693396e+002
0.938000 9.669681e+002
0.940000 9.645917e+002
0.942000 9.622106e+002
0.944000 9.598248e+002
0.946000 9.574344e+002
0.948000 9.550396e+002
0.950000 9.526404e+002
0.952000 9.502370e+002
0.954000 9.478295e+002
0.956000 9.454179e+002
0.958000 9.430024e+002
0.960000 9.405830e+002
0.962000 9.381599e+002
0.964000 9.357332e+002
0.966000 9.333029e+002
0.968000 9.308692e+002
0.970000 9.284322e+002
0.972000 9.259920e+002
0.974000 9.235487e+002
0.976000 9.211023e+002
0.978000 9.186530e+002
0.980000 9.162009e+002
0.982000 9.137461e+002
0.984000 9.112887e+002
0.986000 9.088287e+002
0.988000 9.063664e+002
0.990000 9.039017e+002
0.992000 9.014348e+002
0.994000 8.989658e+002
0.996000 8.964948e+002
0.998000 8.940219e+002
1.000000 8.915471e+002
1.002000 8.890707e+002
1.004000 8.865926e+002
1.006000 8.841130e+002
1.008000 8.816320e+002
1.010000 8.791496e+002
1.012000 8.766661e+002
1.014000 8.741814e+002
1.016000 8.716956e+002
1.018000 8.692090e+002
1.020000 8.667215e+002
1.022000 8.642332e+002
1.024000 8.617443e+002
1.026000 8.592549e+002
1.028000 8.567650e+002
1.030000 8.542747e+002
1.032000 8.517842e+002
1.034000 8.492935e+002
1.036000 8.468028e+002
1.038000 8.443120e+002
1.040000 8.418214e+002
1.042000 8.393309e+002
1.044000 8.368408e+002
1.046000 8.343510e+002
1.048000 8.318618e+002
1.050000 8.293731e+002
1.052000 8.268851e+002
1.054000 8.243978e+002
1.056000 8.219114e+002
1.058000 8.194259e+002
1.060000 8.169414e+002
1.062000 8.144581e+002
1.064000 8.119759e+002
1.066000 8.094951e+002
1.068000 8.070156e+002
1.070000 8.045376e+002
1.072000 8.020612e+002
1.074000 7.995864e+002
1.076000 7.971133e+002
1.078000 7.946421e+002
1.080000 7.921727e+002
1.082000 7.897054e+002
1.084000 7.872401e+002
1.086000 7.847770e+002
1.088000 7.823161e+002
1.090000 7.798576e+002
1.092000 7.774014e+002
1.094000 7.749478e+002
1.096000 7.724967e+002
1.098000 7.700483e+002
1.100000 7.676026e+002
1.102000 7.651598e+002
1.104000 7.627198e+002
1.106000 7.602829e+002
1.108000 7.578490e+002
1.110000 7.554182e+002
1.112000 7.529906e+002
1.114000 7.505664e+002
1.116000 7.481455e+002
1.118000 7.457280e+002
1.120000 7.433141e+002
1.122000 7.409038e+002
1.124000 7.384972e+002
1.126000 7.360943e+002
1.128000 7.336952e+002
1.130000 7.313001e+002
1.132000 7.289089e+002
1.134000 7.265218e+002
1.136000 7.241388e+002
1.138000 7.217599e+002
1.140000 7.193854e+002
1.142000 7.170152e+002
1.144000 7.146493e+002
1.146000 7.122880e+002
1.148000 7.099312e+002
1.150000 7.075790e+002
1.152000 7.052315e+002
1.154000 7.028887e+002
1.156000 7.005507e+002
1.158000 6.982176e+002
1.160000 6.958895e+002
1.162000 6.935664e+002
1.164000 6.912483e+002
1.166000 6.889354e+002
1.168000 6.866277e+002
1.170000 6.843252e+002
1.172000 6.820281e+002
1.174000 6.797364e+002
1.176000 6.774501e+002
1.178000 6.751693e+002
1.180000 6.728941e+002
1.182000 6.706245e+002
1.184000 6.683606e+002
1.186000 6.661024e+002
1.188000 6.638501e+002
1.190000 6.616036e+002
1.192000 6.593630e+002
1.194000 6.571284e+002
1.196000 6.548998e+002
1.198000 6.526773e+002
1.200000 6.504609e+002
1.202000 6.482508e+002
1.204000 6.460468e+002
1.206000 6.438492e+002
1.208000 6.416579e+002
1.210000 6.394729e+002
1.212000 6.372945e+002
1.214000 6.351225e+002
1.216000 6.329570e+002
1.218000 6.307982e+002
1.220000 6.286460e+002
1.222000 6.265004e+002
1.224000 6.243616e+002
1.226000 6.222296e+002
1.228000 6.201044e+002
1.230000 6.179861e+002
1.232000 6.158746e+002
1.234000 6.137702e+002
1.236000 6.116727e+002
1.238000 6.095822e+002
1.240000 6.074989e+002
1.242000 6.054226e+002
1.244000 6.033535e+002
1.246000 6.012916e+002
1.248000 5.992369e+002
1.250000 5.971896e+002
1.252000 5.951495e+002
1.254000 5.931167e+002
1.256000 5.910914e+002
1.258000 5.890735e+002
1.260000 5.870630e+002
1.262000 5.850600e+002
1.264000 5.830646e+002
1.266000 5.810766e+002
1.268000 5.790963e+002
1.270000 5.771236e+002
1.272000 5.751586e+002
1.274000 5.732012e+002
1.276000 5.712516e+002
1.278000 5.693096e+002
1.280000 5.673755e+002
1.282000 5.654491e+002
1.284000 5.635306e+002
1.286000 5.616199e+002
1.288000 5.597171e+002
1.290000 5.578222e+002
1.292000 5.559353e+002
1.294000 5.540562e+002
1.296000 5.521852e+002
1.298000 5.503221e+002
1.300000 5.484671e+002
1.302000 5.466201e+002
1.304000 5.447812e+002
1.306000 5.429503e+002
1.308000 5.411276e+002
1.310000 5.393130e+002
1.312000 5.375065e+002
1.314000 5.357082e+002
1.316000 5.339180e+002
1.318000 5.321361e+002
1.320000 5.303624e+002
1.322000 5.285968e+002
1.324000 5.268396e+002
1.326000 5.250905e+002
1.328000 5.233498e+002
1.330000 5.216173e+002
1.332000 5.198932e+002
1.334000 5.181773e+002
1.336000 5.164697e+002
1.338000 5.147705e+002
1.340000 5.130796e+002
1.342000 5.113971e+002
1.344000 5.097229e+002
1.346000 5.080571e+002
1.348000 5.063997e+002
1.350000 5.047507e+002
1.352000 5.031100e+002
1.354000 5.014778e+002
1.356000 4.998539e+002
1.358000 4.982385e+002
1.360000 4.966314e+002
1.362000 4.950328e+002
1.364000 4.934426e+002
1.366000 4.918608e+002
1.368000 4.902875e+002
1.370000 4.887226e+002
1.372000 4.871661e+002
1.374000 4.856180e+002
1.376000 4.840784e+002
1.378000 4.825472e+002
1.380000 4.810244e+002
1.382000 4.795101e+002
1.384000 4.780042e+002
1.386000 4.765067e+002
1.388000 4.750177e+002
1.390000 4.735370e+002
1.392000 4.720648e+002
1.394000 4.706010e+002
1.396000 4.691456e+002
1.398000 4.676986e+002
1.400000 4.662601e+002
1.402000 4.648299e+002
1.404000 4.634080e+002
1.406000 4.619946e+002
1.408000 4.605895e+002
1.410000 4.591928e+002
1.412000 4.578045e+002
1.414000 4.564245e+002
1.416000 4.550528e+002
1.418000 4.536895e+002
1.420000 4.523345e+002
1.422000 4.509877e+002
1.424000 4.496493e+002
1.426000 4.483192e+002
1.428000 4.469973e+002
1.430000 4.456837e+002
1.432000 4.443783e+002
1.434000 4.430812e+002
1.436000 4.417923e+002
1.438000 4.405116e+002
1.440000 4.392391e+002
1.442000 4.379748e+002
1.444000 4.367186e+002
1.446000 4.354706e+002
1.448000 4.342307e+002
1.450000 4.329989e+002
1.452000 4.317752e+002
1.454000 4.305596e+002
1.456000 4.293521e+002
1.458000 4.281526e+002
1.460000 4.269611e+002
1.462000 4.257777e+002
1.464000 4.246022e+002
1.466000 4.234347e+002
1.468000 4.222751e+002
1.470000 4.211235e+002
1.472000 4.199798e+002
1.474000 4.188440e+002
1.476000 4.177160e+002
1.478000 4.165959e+002
1.480000 4.154836e+002
1.482000 4.143791e+002
1.484000 4.132824e+002
1.486000 4.121935e+002
1.488000 4.111123e+002
1.490000 4.100388e+002
1.492000 4.089730e+002
1.494000 4.079148e+002
1.496000 4.068643e+002
1.498000 4.058215e+002
1.500000 4.047862e+002
1.502000 4.037585e+002
1.504000 4.027383e+002
1.506000 4.017256e+002
1.508000 4.007204e+002
1.510000 3.997227e+002
1.512000 3.987325e+002
1.514000 3.977496e+002
1.516000 3.967741e+002
1.518000 3.958060e+002
1.520000 3.948453e+002
1.522000 3.938918e+002
1.524000 3.929456e+002
1.526000 3.920067e+002
1.528000 3.910749e+002
1.530000 3.901504e+002
1.532000 3.892330e+002
1.534000 3.883228e+002
1.536000 3.874197e+002
1.538000 3.865237e+002
1.540000 3.856347e+002
1.542000 3.847527e+002
1.544000 3.838777e+002
1.546000 3.830097e+002
1.548000 3.821486e+002
1.550000 3.812944e+002
1.552000 3.804471e+002
1.554000 3.796066e+002
1.556000 3.787729e+002
1.558000 3.779460e+002
1.560000 3.771259e+002
1.562000 3.763125e+002
1.564000 3.755057e+002
1.566000 3.747056e+002
1.568000 3.739122e+002
1.570000 3.731253e+002
1.572000 3.723450e+002
1.574000 3.715712e+002
1.576000 3.708039e+002
1.578000 3.700430e+002
1.580000 3.692886e+002
1.582000 3.685406e+002
1.584000 3.677990e+002
1.586000 3.670637e+002
1.588000 3.663347e+002
1.590000 3.656120e+002
1.592000 3.648955e+002
1.594000 3.641852e+002
1.596000 3.634810e+002
1.598000 3.627830e+002
1.600000 3.620912e+002
1.602000 3.614053e+002
1.604000 3.607256e+002
1.606000 3.600518e+002
1.608000 3.593840e+002
1.610000 3.587221e+002
1.612000 3.580662e+002
1.614000 3.574161e+002
1.616000 3.567718e+002
1.618000 3.561334e+002
1.620000 3.555007e+002
1.622000 3.548738e+002
1.624000 3.542525e+002
1.626000 3.536369e+002
1.628000 3.530270e+002
1.630000 3.524227e+002
1.632000 3.518239e+002
1.634000 3.512307e+002
1.636000 3.506429e+002
1.638000 3.500606e+002
1.640000 3.494838e+002
1.642000 3.489124e+002
1.644000 3.483463e+002
1.646000 3.477855e+002
1.648000 3.472301e+002
1.650000 3.466799e+002
1.652000 3.461349e+002
1.654000 3.455952e+002
1.656000 3.450606e+002
1.658000 3.445311e+002
1.660000 3.440067e+002
1.662000 3.434874e+002
1.664000 3.429731e+002
1.666000 3.424638e+002
1.668000 3.419594e+002
1.670000 3.414600e+002
1.672000 3.409655e+002
1.674000 3.404758e+002
1.676000 3.399910e+002
1.678000 3.395109e+002
1.680000 3.390356e+002
1.682000 3.385651e+002
1.684000 3.380992e+002
1.686000 3.376380e+002
1.688000 3.371814e+002
1.690000 3.367294e+002
1.692000 3.362819e+002
1.694000 3.358390e+002
1.696000 3.354006e+002
1.698000 3.349666e+002
1.700000 3.345371e+002
1.702000 3.341119e+002
1.704000 3.336911e+002
1.706000 3.332747e+002
1.708000 3.328625e+002
1.710000 3.324547e+002
1.712000 3.320510e+002
1.714000 3.316515e+002
1.716000 3.312563e+002
1.718000 3.308651e+002
1.720000 3.304781e+002
1.722000 3.300951e+002
1.724000 3.297162e+002
1.726000 3.293413e+002
1.728000 3.289703e+002
1.730000 3.286033e+002
1.732000 3.282402e+002
1.734000 3.278810e+002
1.736000 3.275257e+002
1.738000 3.271742e+002
1.740000 3.268264e+002
1.742000 3.264825e+002
1.744000 3.261422e+002
1.746000 3.258057e+002
1.748000 3.254728e+002
1.750000 3.251436e+002
1.752000 3.248180e+002
1.754000 3.244959e+002
1.756000 3.241774e+002
1.758000 3.238624e+002
1.760000 3.235509e+002
1.762000 3.232429e+002
1.764000 3.229383e+002
1.766000 3.226371e+002
1.768000 3.223393e+002
1.770000 3.220448e+002
1.772000 3.217536e+002
1.774000 3.214657e+002
1.776000 3.211811e+002
1.778000 3.208996e+002
1.780000 3.206214e+002
1.782000 3.203464e+002
1.784000 3.200745e+002
1.786000 3.198057e+002
1.788000 3.195400e+002
1.790000 3.192774e+002
1.792000 3.190177e+002
1.794000 3.187611e+002
1.796000 3.185075e+002
1.798000 3.182568e+002
1.800000 3.180091e+002
1.802000 3.177642e+002
1.804000 3.175222e+002
1.806000 3.172830e+002
1.808000 3.170467e+002
1.810000 3.168132e+002
1.812000 3.165824e+002
1.814000 3.163543e+002
1.816000 3.161290e+002
1.818000 3.159063e+002
1.820000 3.156863e+002
1.822000 3.154690e+002
1.824000 3.152542e+002
1.826000 3.150421e+002
1.828000 3.148325e+002
1.830000 3.146254e+002
1.832000 3.144208e+002
1.834000 3.142188e+002
1.836000 3.140191e+002
1.838000 3.138220e+002
1.840000 3.136272e+002
1.842000 3.134348e+002
1.844000 3.132448e+002
1.846000 3.130571e+002
1.848000 3.128718e+002
1.850000 3.126887e+002
1.852000 3.125080e+002
1.854000 3.123294e+002
1.856000 3.121531e+002
1.858000 3.119790e+002
1.860000 3.118071e+002
1.862000 3.116373e+002
1.864000 3.114697e+002
1.866000 3.113042e+002
1.868000 3.111408e+002
1.870000 3.109794e+002
1.872000 3.108201e+002
1.874000 3.106628e+002
1.876000 3.105076e+002
1.878000 3.103543e+002
1.880000 3.102030e+002
1.882000 3.100536e+002
1.884000 3.099061e+002
1.886000 3.097606e+002
1.888000 3.096169e+002
1.890000 3.094751e+002
1.892000 3.093352e+002
1.894000 3.091970e+002
1.896000 3.090607e+002
1.898000 3.089262e+002
1.900000 3.087934e+002
1.902000 3.086623e+002
1.904000 3.085330e+002
1.906000 3.084054e+002
1.908000 3.082795e+002
1.910000 3.081552e+002
1.912000 3.080326e+002
1.914000 3.079116e+002
1.916000 3.077923e+002
1.918000 3.076745e+002
1.920000 3.075583e+002
1.922000 3.074437e+002
1.924000 3.073306e+002
1.926000 3.072190e+002
1.928000 3.071090e+002
1.930000 3.070004e+002
1.932000 3.068933e+002
1.934000 3.067877e+002
1.936000 3.066835e+002
1.938000 3.065807e+002
1.940000 3.064794e+002
1.942000 3.063794e+002
1.944000 3.062808e+002
1.946000 3.061836e+002
1.948000 3.060877e+002
1.950000 3.059931e+002
1.952000 3.058998e+002
1.954000 3.058079e+002
1.956000 3.057172e+002
1.958000 3.056278e+002
1.960000 3.055396e+002
1.962000 3.054527e+002
1.964000 3.053669e+002
1.966000 3.052824e+002
1.968000 3.051991e+002
1.970000 3.051170e+002
1.972000 3.050360e+002
1.974000 3.049562e+002
1.976000 3.048775e+002
1.978000 3.047999e+002
1.980000 3.047234e+002
1.982000 3.046480e+002
1.984000 3.045737e+002
1.986000 3.045005e+002
1.988000 3.044283e+002
1.990000 3.043572e+002
1.992000 3.042871e+002
1.994000 3.042180e+002
1.996000 3.041499e+002
1.998000 3.040828e+002
2.000000 3.040166e+002
2.002000 3.039515e+002
2.004000 3.038873e+002
2.006000 3.038240e+002
2.008000 3.037616e+002
2.010000 3.037002e+002
2.012000 3.036397e+002
2.014000 3.035801e+002
2.016000 3.035213e+002
2.018000 3.034634e+002
2.020000 3.034064e+002
2.022000 3.033502e+002
2.024000 3.032949e+002
2.026000 3.032404e+002
2.028000 3.031867e+002
2.030000 3.031338e+002
2.032000 3.030817e+002
2.034000 3.030304e+002
2.036000 3.029799e+002
2.038000 3.029301e+002
2.040000 3.028811e+002
2.042000 3.028328e+002
2.044000 3.027853e+002
2.046000 3.027384e+002
2.048000 3.026923e+002
2.050000 3.026469e+002
2.052000 3.026022e+002
2.054000 3.025582e+002
2.056000 3.025149e+002
2.058000 3.024722e+002
2.060000 3.024302e+002
2.062000 3.023888e+002
2.064000 3.023481e+002
2.066000 3.023080e+002
2.068000 3.022685e+002
2.070000 3.022296e+002
2.072000 3.021914e+002
2.074000 3.021537e+002
2.076000 3.021167e+002
2.078000 3.020802e+002
2.080000 3.020443e+002
2.082000 3.020089e+002
2.084000 3.019741e+002
2.086000 3.019399e+002
2.088000 3.019062e+002
2.090000 3.018730e+002
2.092000 3.018404e+002
2.094000 3.018083e+002
2.096000 3.017767e+002
2.098000 3.017456e+002
2.100000 3.017150e+002
2.102000 3.016849e+002
2.104000 3.016552e+002
2.106000 3.016261e+002
2.108000 3.015974e+002
2.110000 3.015692e+002
2.112000 3.015414e+002
2.114000 3.015141e+002
2.116000 3.014872e+002
2.118000 3.014608e+002
2.120000 3.014348e+002
2.122000 3.014092e+002
2.124000 3.013841e+002
2.126000 3.013593e+002
2.128000 3.013350e+002
2.130000 3.013110e+002
2.132000 3.012875e+002
2.134000 3.012643e+002
2.136000 3.012416e+002
2.138000 3.012192e+002
2.140000 3.011971e+002
2.142000 3.011755e+002
2.144000 3.011542e+002
2.146000 3.011332e+002
2.148000 3.011126e+002
2.150000 3.010924e+002
2.152000 3.010725e+002
2.154000 3.010529e+002
2.156000 3.010336e+002
2.158000 3.010147e+002
2.160000 3.009961e+002
2.162000 3.009778e+002
2.164000 3.009598e+002
2.166000 3.009421e+002
2.168000 3.009248e+002
2.170000 3.009077e+002
2.172000 3.008909e+002
2.174000 3.008744e+002
2.176000 3.008582e+002
2.178000 3.008422e+002
2.180000 3.008266e+002
2.182000 3.008112e+002
2.184000 3.007960e+002
2.186000 3.007811e+002
2.188000 3.007665e+002
2.190000 3.007522e+002
2.192000 3.007380e+002
2.194000 3.007242e+002
2.196000 3.007105e+002
2.198000 3.006971e+002
2.200000 3.006840e+002
2.202000 3.006711e+002
2.204000 3.006584e+002
2.206000 3.006459e+002
2.208000 3.006336e+002
2.210000 3.006216e+002
2.212000 3.006097e+002
2.214000 3.005981e+002
2.216000 3.005867e+002
2.218000 3.005755e+002
2.220000 3.005645e+002
2.222000 3.005536e+002
2.224000 3.005430e+002
2.226000 3.005326e+002
2.228000 3.005223e+002
2.230000 3.005122e+002
2.232000 3.005023e+002
2.234000 3.004926e+002
2.236000 3.004831e+002
2.238000 3.004737e+002
2.240000 3.004645e+002
2.242000 3.004555e+002
2.244000 3.004466e+002
2.246000 3.004379e+002
2.248000 3.004294e+002
2.250000 3.004210e+002
2.252000 3.004127e+002
2.254000 3.004046e+002
2.256000 3.003967e+002
2.258000 3.003889e+002
2.260000 3.003812e+002
2.262000 3.003737e+002
2.264000 3.003663e+002
2.266000 3.003591e+002
2.268000 3.003520e+002
2.270000 3.003450e+002
2.272000 3.003382e+002
2.274000 3.003315e+002
2.276000 3.003249e+002
2.278000 3.003184e+002
2.280000 3.003120e+002
2.282000 3.003058e+002
2.284000 3.002997e+002
2.286000 3.002937e+002
2.288000 3.002878e+002
2.290000 3.002820e+002
2.292000 3.002763e+002
2.294000 3.002707e+002
2.296000 3.002653e+002
2.298000 3.002599e+002
2.300000 3.002547e+002
2.302000 3.002495e+002
2.304000 3.002444e+002
2.306000 3.002395e+002
2.308000 3.002346e+002
2.310000 3.002298e+002
2.312000 3.002251e+002
2.314000 3.002205e+002
2.316000 3.002160e+002
2.318000 3.002116e+002
2.320000 3.002073e+002
2.322000 3.002030e+002
2.324000 3.001989e+002
2.326000 3.001948e+002
2.328000 3.001907e+002
2.330000 3.001868e+002
2.332000 3.001829e+002
2.334000 3.001792e+002
2.336000 3.001754e+002
2.338000 3.001718e+002
2.340000 3.001682e+002
2.342000 3.001647e+002
2.344000 3.001613e+002
2.346000 3.001579e+002
2.348000 3.001546e+002
2.350000 3.001514e+002
2.352000 3.001482e+002
2.354000 3.001451e+002
2.356000 3.001421e+002
2.358000 3.001391e+002
2.360000 3.001362e+002
2.362000 3.001333e+002
2.364000 3.001305e+002
2.366000 3.001277e+002
2.368000 3.001250e+002
2.370000 3.001224e+002
2.372000 3.001198e+002
2.374000 3.001172e+002
2.376000 3.001148e+002
2.378000 3.001123e+002
2.380000 3.001099e+002
2.382000 3.001076e+002
2.384000 3.001053e+002
2.386000 3.001030e+002
2.388000 3.001008e+002
2.390000 3.000986e+002
2.392000 3.000965e+002
2.394000 3.000945e+002
2.396000 3.000924e+002
2.398000 3.000904e+002
2.400000 3.000885e+002
2.402000 3.000866e+002
2.404000 3.000847e+002
2.406000 3.000829e+002
2.408000 3.000811e+002
2.410000 3.000793e+002
2.412000 3.000776e+002
2.414000 3.000759e+002
2.416000 3.000742e+002
2.418000 3.000726e+002
2.420000 3.000710e+002
2.422000 3.000695e+002
2.424000 3.000679e+002
2.426000 3.000664e+002
2.428000 3.000650e+002
2.430000 3.000636e+002
2.432000 3.000622e+002
2.434000 3.000608e+002
2.436000 3.000594e+002
2.438000 3.000581e+002
2.440000 3.000568e+002
2.442000 3.000556e+002
2.444000 3.000544e+002
2.446000 3.000531e+002
2.448000 3.000520e+002
2.450000 3.000508e+002
2.452000 3.000497e+002
2.454000 3.000486e+002
2.456000 3.000475e+002
2.458000 3.000464e+002
2.460000 3.000454e+002
2.462000 3.000444e+002
2.464000 3.000434e+002
2.466000 3.000424e+002
2.468000 3.000414e+002
2.470000 3.000405e+002
2.472000 3.000396e+002
2.474000 3.000387e+002
2.476000 3.000378e+002
2.478000 3.000370e+002
2.480000 3.000361e+002
2.482000 3.000353e+002
2.484000 3.000345e+002
2.486000 3.000337e+002
2.488000 3.000329e+002
2.490000 3.000322e+002
2.492000 3.000315e+002
2.494000 3.000307e+002
2.496000 3.000300e+002
2.498000 3.000293e+002
2.500000 3.000287e+002
2.502000 3.000280e+002
2.504000 3.000274e+002
2.506000 3.000267e+002
2.508000 3.000261e+002
2.510000 3.000255e+002
2.512000 3.000249e+002
2.514000 3.000243e+002
2.516000 3.000238e+002
2.518000 3.000232e+002
2.520000 3.000227e+002
2.522000 3.000222e+002
2.524000 3.000216e+002
2.526000 3.000211e+002
2.528000 3.000206e+002
2.530000 3.000202e+002
2.532000 3.000197e+002
2.534000 3.000192e+002
2.536000 3.000188e+002
2.538000 3.000183e+002
2.540000 3.000179e+002
2.542000 3.000175e+002
2.544000 3.000171e+002
2.546000 3.000167e+002
2.548000 3.000163e+002
2.550000 3.000159e+002
2.552000 3.000155e+002
2.554000 3.000152e+002
2.556000 3.000148e+002
2.558000 3.000144e+002
2.560000 3.000141e+002
2.562000 3.000138e+002
2.564000 3.000134e+002
2.566000 3.000131e+002
2.568000 3.000128e+002
2.570000 3.000125e+002
2.572000 3.000122e+002
2.574000 3.000119e+002
2.576000 3.000116e+002
2.578000 3.000113e+002
2.580000 3.000111e+002
2.582000 3.000108e+002
2.584000 3.000105e+002
2.586000 3.000103e+002
2.588000 3.000100e+002
2.590000 3.000098e+002
2.592000 3.000096e+002
2.594000 3.000093e+002
2.596000 3.000091e+002
2.598000 3.000089e+002
2.600000 3.000087e+002
2.602000 3.000084e+002
2.604000 3.000082e+002
2.606000 3.000080e+002
2.608000 3.000078e+002
2.610000 3.000077e+002
2.612000 3.000075e+002
2.614000 3.000073e+002
2.616000 3.000071e+002
2.618000 3.000069e+002
2.620000 3.000068e+002
2.622000 3.000066e+002
2.624000 3.000064e+002
2.626000 3.000063e+002
2.628000 3.000061e+002
2.630000 3.000060e+002
2.632000 3.000058e+002
2.634000 3.000057e+002
2.636000 3.000055e+002
2.638000 3.000054e+002
2.640000 3.000053e+002
2.642000 3.000051e+002
2.644000 3.000050e+002
2.646000 3.000049e+002
2.648000 3.000048e+002
2.650000 3.000046e+002
2.652000 3.000045e+002
2.654000 3.000044e+002
2.656000 3.000043e+002
2.658000 3.000042e+002
2.660000 3.000041e+002
2.662000 3.000040e+002
2.664000 3.000039e+002
2.666000 3.000038e+002
2.668000 3.000037e+002
2.670000 3.000036e+002
2.672000 3.000035e+002
2.674000 3.000034e+002
2.676000 3.000033e+002
2.678000 3.000032e+002
2.680000 3.000032e+002
2.682000 3.000031e+002
2.684000 3.000030e+002
2.686000 3.000029e+002
2.688000 3.000028e+002
2.690000 3.000028e+002
2.692000 3.000027e+002
2.694000 3.000026e+002
2.696000 3.000026e+002
2.698000 3.000025e+002
2.700000 3.000024e+002
2.702000 3.000024e+002
2.704000 3.000023e+002
2.706000 3.000023e+002
2.708000 3.000022e+002
2.710000 3.000021e+002
2.712000 3.000021e+002
2.714000 3.000020e+002
2.716000 3.000020e+002
2.718000 3.000019e+002
2.720000 3.000019e+002
2.722000 3.000018e+002
2.724000 3.000018e+002
2.726000 3.000017e+002
2.728000 3.000017e+002
2.730000 3.000016e+002
2.732000 3.000016e+002
2.734000 3.000016e+002
2.736000 3.000015e+002
2.738000 3.000015e+002
2.740000 3.000014e+002
2.742000 3.000014e+002
2.744000 3.000014e+002
2.746000 3.000013e+002
2.748000 3.000013e+002
2.750000 3.000013e+002
2.752000 3.000012e+002
2.754000 3.000012e+002
2.756000 3.000012e+002
2.758000 3.000011e+002
2.760000 3.000011e+002
2.762000 3.000011e+002
2.764000 3.000010e+002
2.766000 3.000010e+002
2.768000 3.000010e+002
2.770000 3.000010e+002
2.772000 3.000009e+002
2.774000 3.000009e+002
2.776000 3.000009e+002
2.778000 3.000009e+002
2.780000 3.000008e+002
2.782000 3.000008e+002
2.784000 3.000008e+002
2.786000 3.000008e+002
2.788000 3.000008e+002
2.790000 3.000007e+002
2.792000 3.000007e+002
2.794000 3.000007e+002
2.796000 3.000007e+002
2.798000 3.000007e+002
2.800000 3.000006e+002
2.802000 3.000006e+002
2.804000 3.000006e+002
2.806000 3.000006e+002
2.808000 3.000006e+002
2.810000 3.000006e+002
2.812000 3.000005e+002
2.814000 3.000005e+002
2.816000 3.000005e+002
2.818000 3.000005e+002
2.820000 3.000005e+002
2.822000 3.000005e+002
2.824000 3.000005e+002
2.826000 3.000004e+002
2.828000 3.000004e+002
2.830000 3.000004e+002
2.832000 3.000004e+002
2.834000 3.000004e+002
2.836000 3.000004e+002
2.838000 3.000004e+002
2.840000 3.000004e+002
2.842000 3.000004e+002
2.844000 3.000003e+002
2.846000 3.000003e+002
2.848000 3.000003e+002
2.850000 3.000003e+002
2.852000 3.000003e+002
2.854000 3.000003e+002
2.856000 3.000003e+002
2.858000 3.000003e+002
2.860000 3.000003e+002
2.862000 3.000003e+002
2.864000 3.000003e+002
2.866000 3.000003e+002
2.868000 3.000002e+002
2.870000 3.000002e+002
2.872000 3.000002e+002
2.874000 3.000002e+002
2.876000 3.000002e+002
2.878000 3.000002e+002
2.880000 3.000002e+002
2.882000 3.000002e+002
2.884000 3.000002e+002
2.886000 3.000002e+002
2.888000 3.000002e+002
2.890000 3.000002e+002
2.892000 3.000002e+002
2.894000 3.000002e+002
2.896000 3.000002e+002
2.898000 3.000002e+002
2.900000 3.000002e+002
2.902000 3.000002e+002
2.904000 3.000001e+002
2.906000 3.000001e+002
2.908000 3.000001e+002
2.910000 3.000001e+002
2.912000 3.000001e+002
2.914000 3.000001e+002
2.916000 3.000001e+002
2.918000 3.000001e+002
2.920000 3.000001e+002
2.922000 3.000001e+002
2.924000 3.000001e+002
2.926000 3.000001e+002
2.928000 3.000001e+002
2.930000 3.000001e+002
2.932000 3.000001e+002
2.934000 3.000001e+002
2.936000 3.000001e+002
2.938000 3.000001e+002
2.940000 3.000001e+002
2.942000 3.000001e+002
2.944000 3.000001e+002
2.946000 3.000001e+002
2.948000 3.000001e+002
2.950000 3.000001e+002
2.952000 3.000001e+002
2.954000 3.000001e+002
2.956000 3.000001e+002
2.958000 3.000001e+002
2.960000 3.000001e+002
2.962000 3.000001e+002
2.964000 3.000001e+002
2.966000 3.000001e+002
2.968000 3.000001e+002
2.970000 3.000001e+002
2.972000 3.000001e+002
2.974000 3.000001e+002
2.976000 3.000001e+002
2.978000 3.000000e+002
2.980000 3.000000e+002
2.982000 3.000000e+002
2.984000 3.000000e+002
2.986000 3.000000e+002
2.988000 3.000000e+002
2.990000 3.000000e+002
2.992000 3.000000e+002
2.994000 3.000000e+002
2.996000 3.000000e+002
2.998000 3.000000e+002
3.000000 3.000000e+002
3.002000 3.000000e+002
3.004000 3.000000e+002
3.006000 3.000000e+002
3.008000 3.000000e+002
3.010000 3.000000e+002
3.012000 3.000000e+002
3.014000 3.000000e+002
3.016000 3.000000e+002
3.018000 3.000000e+002
3.020000 3.000000e+002
3.022000 3.000000e+002
3.024000 3.000000e+002
3.026000 3.000000e+002
3.028000 3.000000e+002
3.030000 3.000000e+002
3.032000 3.000000e+002
3.034000 3.000000e+002
3.036000 3.000000e+002
3.038000 3.000000e+002
3.040000 3.000000e+002
3.042000 3.000000e+002
3.044000 3.000000e+002
3.046000 3.000000e+002
3.048000 3.000000e+002
3.050000 3.000000e+002
3.052000 3.000000e+002
3.054000 3.000000e+002
3.056000 3.000000e+002
3.058000 3.000000e+002
3.060000 3.000000e+002
3.062000 3.000000e+002
3.064000 3.000000e+002
3.066000 3.000000e+002
3.068000 3.000000e+002
3.070000 3.000000e+002
3.072000 3.000000e+002
3.074000 3.000000e+002
3.076000 3.000000e+002
3.078000 3.000000e+002
3.080000 3.000000e+002
3.082000 3.000000e+002
3.084000 3.000000e+002
3.086000 3.000000e+002
3.088000 3.000000e+002
3.090000 3.000000e+002
3.092000 3.000000e+002
3.094000 3.000000e+002
3.096000 3.000000e+002
3.098000 3.000000e+002
3.100000 3.000000e+002
3.102000 3.000000e+002
3.104000 3.000000e+002
3.106000 3.000000e+002
3.108000 3.000000e+002
3.110000 3.000000e+002
3.112000 3.000000e+002
3.114000 3.000000e+002
3.116000 3.000000e+002
3.118000 3.000000e+002
3.120000 3.000000e+002
3.122000 3.000000e+002
3.124000 3.000000e+002
3.126000 3.000000e+002
3.128000 3.000000e+002
3.130000 3.000000e+002
3.132000 3.000000e+002
3.134000 3.000000e+002
3.136000 3.000000e+002
3.138000 3.000000e+002
3.140000 3.000000e+002
3.142000 3.000000e+002
3.144000 3.000000e+002
3.146000 3.000000e+002
3.148000 3.000000e+002
3.150000 3.000000e+002
3.152000 3.000000e+002
3.154000 3.000000e+002
3.156000 3.000000e+002
3.158000 3.000000e+002
3.160000 3.000000e+002
3.162000 3.000000e+002
3.164000 3.000000e+002
3.166000 3.000000e+002
3.168000 3.000000e+002
3.170000 3.000000e+002
3.172000 3.000000e+002
3.174000 3.000000e+002
3.176000 3.000000e+002
3.178000 3.000000e+002
3.180000 3.000000e+002
3.182000 3.000000e+002
3.184000 3.000000e+002
3.186000 3.000000e+002
3.188000 3.000000e+002
3.190000 3.000000e+002
3.192000 3.000000e+002
3.194000 3.000000e+002
3.196000 3.000000e+002
3.198000 3.000000e+002
3.200000 3.000000e+002
3.202000 3.000000e+002
3.204000 3.000000e+002
3.206000 3.000000e+002
3.208000 3.000000e+002
3.210000 3.000000e+002
3.212000 3.000000e+002
3.214000 3.000000e+002
3.216000 3.000000e+002
3.218000 3.000000e+002
3.220000 3.000000e+002
3.222000 3.000000e+002
3.224000 3.000000e+002
3.226000 3.000000e+002
3.228000 3.000000e+002
3.230000 3.000000e+002
3.232000 3.000000e+002
3.234000 3.000000e+002
3.236000 3.000000e+002
3.238000 3.000000e+002
3.240000 3.000000e+002
3.242000 3.000000e+002
3.244000 3.000000e+002
3.246000 3.000000e+002
3.248000 3.000000e+002
3.250000 3.000000e+002
3.252000 3.000000e+002
3.254000 3.000000e+002
3.256000 3.000000e+002
3.258000 3.000000e+002
3.260000 3.000000e+002
3.262000 3.000000e+002
3.264000 3.000000e+002
3.266000 3.000000e+002
3.268000 3.000000e+002
3.270000 3.000000e+002
3.272000 3.000000e+002
3.274000 3.000000e+002
3.276000 3.000000e+002
3.278000 3.000000e+002
3.280000 3.000000e+002
3.282000 3.000000e+002
3.284000 3.000000e+002
3.286000 3.000000e+002
3.288000 3.000000e+002
3.290000 3.000000e+002
3.292000 3.000000e+002
3.294000 3.000000e+002
3.296000 3.000000e+002
3.298000 3.000000e+002
3.300000 3.000000e+002
3.302000 3.000000e+002
3.304000 3.000000e+002
3.306000 3.000000e+002
3.308000 3.000000e+002
3.310000 3.000000e+002
3.312000 3.000000e+002
3.314000 3.000000e+002
3.316000 3.000000e+002
3.318000 3.000000e+002
3.320000 3.000000e+002
3.322000 3.000000e+002
3.324000 3.000000e+002
3.326000 3.000000e+002
3.328000 3.000000e+002
3.330000 3.000000e+002
3.332000 3.000000e+002
3.334000 3.000000e+002
3.336000 3.000000e+002
3.338000 3.000000e+002
3.340000 3.000000e+002
3.342000 3.000000e+002
3.344000 3.000000e+002
3.346000 3.000000e+002
3.348000 3.000000e+002
3.350000 3.000000e+002
3.352000 3.000000e+002
3.354000 3.000000e+002
3.356000 3.000000e+002
3.358000 3.000000e+002
3.360000 3.000000e+002
3.362000 3.000000e+002
3.364000 3.000000e+002
3.366000 3.000000e+002
3.368000 3.000000e+002
3.370000 3.000000e+002
3.372000 3.000000e+002
3.374000 3.000000e+002
3.376000 3.000000e+002
3.378000 3.000000e+002
3.380000 3.000000e+002
3.382000 3.000000e+002
3.384000 3.000000e+002
3.386000 3.000000e+002
3.388000 3.000000e+002
3.390000 3.000000e+002
3.392000 3.000000e+002
3.394000 3.000000e+002
3.396000 3.000000e+002
3.398000 3.000000e+002
3.400000 3.000000e+002
3.402000 3.000000e+002
3.404000 3.000000e+002
3.406000 3.000000e+002
3.408000 3.000000e+002
3.410000 3.000000e+002
3.412000 3.000000e+002
3.414000 3.000000e+002
3.416000 3.000000e+002
3.418000 3.000000e+002
3.420000 3.000000e+002
3.422000 3.000000e+002
3.424000 3.000000e+002
3.426000 3.000000e+002
3.428000 3.000000e+002
3.430000 3.000000e+002
3.432000 3.000000e+002
3.434000 3.000000e+002
3.436000 3.000000e+002
3.438000 3.000000e+002
3.440000 3.000000e+002
3.442000 3.000000e+002
3.444000 3.000000e+002
3.446000 3.000000e+002
3.448000 3.000000e+002
3.450000 3.000000e+002
3.452000 3.000000e+002
3.454000 3.000000e+002
3.456000 3.000000e+002
3.458000 3.000000e+002
3.460000 3.000000e+002
3.462000 3.000000e+002
3.464000 3.000000e+002
3.466000 3.000000e+002
3.468000 3.000000e+002
3.470000 3.000000e+002
3.472000 3.000000e+002
3.474000 3.000000e+002
3.476000 3.000000e+002
3.478000 3.000000e+002
3.480000 3.000000e+002
3.482000 3.000000e+002
3.484000 3.000000e+002
3.486000 3.000000e+002
3.488000 3.000000e+002
3.490000 3.000000e+002
3.492000 3.000000e+002
3.494000 3.000000e+002
3.496000 3.000000e+002
3.498000 3.000000e+002
3.500000 3.000000e+002
3.502000 3.000000e+002
3.504000 3.000000e+002
3.506000 3.000000e+002
3.508000 3.000000e+002
3.510000 3.000000e+002
3.512000 3.000000e+002
3.514000 3.000000e+002
3.516000 3.000000e+002
3.518000 3.000000e+002
3.520000 3.000000e+002
3.522000 3.000000e+002
3.524000 3.000000e+002
3.526000 3.000000e+002
3.528000 3.000000e+002
3.530000 3.000000e+002
3.532000 3.000000e+002
3.534000 3.000000e+002
3.536000 3.000000e+002
3.538000 3.000000e+002
3.540000 3.000000e+002
3.542000 3.000000e+002
3.544000 3.000000e+002
3.546000 3.000000e+002
3.548000 3.000000e+002
3.550000 3.000000e+002
3.552000 3.000000e+002
3.554000 3.000000e+002
3.556000 3.000000e+002
3.558000 3.000000e+002
3.560000 3.000000e+002
3.562000 3.000000e+002
3.564000 3.000000e+002
3.566000 3.000000e+002
3.568000 3.000000e+002
3.570000 3.000000e+002
3.572000 3.000000e+002
3.574000 3.000000e+002
3.576000 3.000000e+002
3.578000 3.000000e+002
3.580000 3.000000e+002
3.582000 3.000000e+002
3.584000 3.000000e+002
3.586000 3.000000e+002
3.588000 3.000000e+002
3.590000 3.000000e+002
3.592000 3.000000e+002
3.594000 3.000000e+002
3.596000 3.000000e+002
3.598000 3.000000e+002
3.600000 3.000000e+002
3.602000 3.000000e+002
3.604000 3.000000e+002
3.606000 3.000000e+002
3.608000 3.000000e+002
3.610000 3.000000e+002
3.612000 3.000000e+002
3.614000 3.000000e+002
3.616000 3.000000e+002
3.618000 3.000000e+002
3.620000 3.000000e+002
3.622000 3.000000e+002
3.624000 3.000000e+002
3.626000 3.000000e+002
3.628000 3.000000e+002
3.630000 3.000000e+002
3.632000 3.000000e+002
3.634000 3.000000e+002
3.636000 3.000000e+002
3.638000 3.000000e+002
3.640000 3.000000e+002
3.642000 3.000000e+002
3.644000 3.000000e+002
3.646000 3.000000e+002
3.648000 3.000000e+002
3.650000 3.000000e+002
3.652000 3.000000e+002
3.654000 3.000000e+002
3.656000 3.000000e+002
3.658000 3.000000e+002
3.660000 3.000000e+002
3.662000 3.000000e+002
3.664000 3.000000e+002
3.666000 3.000000e+002
3.668000 3.000000e+002
3.670000 3.000000e+002
3.672000 3.000000e+002
3.674000 3.000000e+002
3.676000 3.000000e+002
3.678000 3.000000e+002
3.680000 3.000000e+002
3.682000 3.000000e+002
3.684000 3.000000e+002
3.686000 3.000000e+002
3.688000 3.000000e+002
3.690000 3.000000e+002
3.692000 3.000000e+002
3.694000 3.000000e+002
3.696000 3.000000e+002
3.698000 3.000000e+002
3.700000 3.000000e+002
3.702000 3.000000e+002
3.704000 3.000000e+002
3.706000 3.000000e+002
3.708000 3.000000e+002
3.710000 3.000000e+002
3.712000 3.000000e+002
3.714000 3.000000e+002
3.716000 3.000000e+002
3.718000 3.000000e+002
3.720000 3.000000e+002
3.722000 3.000000e+002
3.724000 3.000000e+002
3.726000 3.000000e+002
3.728000 3.000000e+002
3.730000 3.000000e+002
3.732000 3.000000e+002
3.734000 3.000000e+002
3.736000 3.000000e+002
3.738000 3.000000e+002
3.740000 3.000000e+002
3.742000 3.000000e+002
3.744000 3.000000e+002
3.746000 3.000000e+002
3.748000 3.000000e+002
3.750000 3.000000e+002
3.752000 3.000000e+002
3.754000 3.000000e+002
3.756000 3.000000e+002
3.758000 3.000000e+002
3.760000 3.000000e+002
3.762000 3.000000e+002
3.764000 3.000000e+002
3.766000 3.000000e+002
3.768000 3.000000e+002
3.770000 3.000000e+002
3.772000 3.000000e+002
3.774000 3.000000e+002
3.776000 3.000000e+002
3.778000 3.000000e+002
3.780000 3.000000e+002
3.782000 3.000000e+002
3.784000 3.000000e+002
3.786000 3.000000e+002
3.788000 3.000000e+002
3.790000 3.000000e+002
3.792000 3.000000e+002
3.794000 3.000000e+002
3.796000 3.000000e+002
3.798000 3.000000e+002
3.800000 3.000000e+002
3.802000 3.000000e+002
3.804000 3.000000e+002
3.806000 3.000000e+002
3.808000 3.000000e+002
3.810000 3.000000e+002
3.812000 3.000000e+002
3.814000 3.000000e+002
3.816000 3.000000e+002
3.818000 3.000000e+002
3.820000 3.000000e+002
3.822000 3.000000e+002
3.824000 3.000000e+002
3.826000 3.000000e+002
3.828000 3.000000e+002
3.830000 3.000000e+002
3.832000 3.000000e+002
3.834000 3.000000e+002
3.836000 3.000000e+002
3.838000 3.000000e+002
3.840000 3.000000e+002
3.842000 3.000000e+002
3.844000 3.000000e+002
3.846000 3.000000e+002
3.848000 3.000000e+002
3.850000 3.000000e+002
3.852000 3.000000e+002
3.854000 3.000000e+002
3.856000 3.000000e+002
3.858000 3.000000e+002
3.860000 3.000000e+002
3.862000 3.000000e+002
3.864000 3.000000e+002
3.866000 3.000000e+002
3.868000 3.000000e+002
3.870000 3.000000e+002
3.872000 3.000000e+002
3.874000 3.000000e+002
3.876000 3.000000e+002
3.878000 3.000000e+002
3.880000 3.000000e+002
3.882000 3.000000e+002
3.884000 3.000000e+002
3.886000 3.000000e+002
3.888000 3.000000e+002
3.890000 3.000000e+002
3.892000 3.000000e+002
3.894000 3.000000e+002
3.896000 3.000000e+002
3.898000 3.000000e+002
3.900000 3.000000e+002
3.902000 3.000000e+002
3.904000 3.000000e+002
3.906000 3.000000e+002
3.908000 3.000000e+002
3.910000 3.000000e+002
3.912000 3.000000e+002
3.914000 3.000000e+002
3.916000 3.000000e+002
3.918000 3.000000e+002
3.920000 3.000000e+002
3.922000 3.000000e+002
3.924000 3.000000e+002
3.926000 3.000000e+002
3.928000 3.000000e+002
3.930000 3.000000e+002
3.932000 3.000000e+002
3.934000 3.000000e+002
3.936000 3.000000e+002
3.938000 3.000000e+002
3.940000 3.000000e+002
3.942000 3.000000e+002
3.944000 3.000000e+002
3.946000 3.000000e+002
3.948000 3.000000e+002
3.950000 3.000000e+002
3.952000 3.000000e+002
3.954000 3.000000e+002
3.956000 3.000000e+002
3.958000 3.000000e+002
3.960000 3.000000e+002
3.962000 3.000000e+002
3.964000 3.000000e+002
3.966000 3.000000e+002
3.968000 3.000000e+002
3.970000 3.000000e+002
3.972000 3.000000e+002
3.974000 3.000000e+002
3.976000 3.000000e+002
3.978000 3.000000e+002
3.980000 3.000000e+002
3.982000 3.000000e+002
3.984000 3.000000e+002
3.986000 3.000000e+002
3.988000 3.000000e+002
3.990000 3.000000e+002
3.992000 3.000000e+002
3.994000 3.000000e+002
3.996000 3.000000e+002
3.998000 3.000000e+002
