0.000000 3.160936e+002
0.002000 3.178610e+002
0.004000 3.196281e+002
0.006000 3.213949e+002
0.008000 3.231612e+002
0.010000 3.249272e+002
0.012000 3.266928e+002
0.014000 3.284579e+002
0.016000 3.302225e+002
0.018000 3.319866e+002
0.020000 3.337501e+002
0.022000 3.355131e+002
0.024000 3.372754e+002
0.026000 3.390371e+002
0.028000 3.407982e+002
0.030000 3.425585e+002
0.032000 3.443181e+002
0.034000 3.460769e+002
0.036000 3.478350e+002
0.038000 3.495922e+002
0.040000 3.513486e+002
0.042000 3.531041e+002
0.044000 3.548586e+002
0.046000 3.566123e+002
0.048000 3.583649e+002
0.050000 3.601166e+002
0.052000 3.618672e+002
0.054000 3.636167e+002
0.056000 3.653652e+002
0.058000 3.671125e+002
0.060000 3.688587e+002
0.062000 3.706037e+002
0.064000 3.723475e+002
0.066000 3.740900e+002
0.068000 3.758313e+002
0.070000 3.775712e+002
0.072000 3.793098e+002
0.074000 3.810471e+002
0.076000 3.827830e+002
0.078000 3.845174e+002
0.080000 3.862504e+002
0.082000 3.879819e+002
0.084000 3.897119e+002
0.086000 3.914404e+002
0.088000 3.931673e+002
0.090000 3.948926e+002
0.092000 3.966162e+002
0.094000 3.983382e+002
0.096000 4.000586e+002
0.098000 4.017772e+002
0.100000 4.034940e+002
0.102000 4.052091e+002
0.104000 4.069224e+002
0.106000 4.086338e+002
0.108000 4.103434e+002
0.110000 4.120511e+002
0.112000 4.137569e+002
0.114000 4.154607e+002
0.116000 4.171626e+002
0.118000 4.188624e+002
0.120000 4.205602e+002
0.122000 4.222560e+002
0.124000 4.239496e+002
0.126000 4.256412e+002
0.128000 4.273306e+002
0.130000 4.290178e+002
0.132000 4.307028e+002
0.134000 4.323856e+002
0.136000 4.340661e+002
0.138000 4.357443e+002
0.140000 4.374202e+002
0.142000 4.390938e+002
0.144000 4.407650e+002
0.146000 4.424338e+002
0.148000 4.441001e+002
0.150000 4.457640e+002
0.152000 4.474255e+002
0.154000 4.490844e+002
0.156000 4.507407e+002
0.158000 4.523945e+002
0.160000 4.540458e+002
0.162000 4.556943e+002
0.164000 4.573403e+002
0.166000 4.589836e+002
0.168000 4.606241e+002
0.170000 4.622620e+002
0.172000 4.638970e+002
0.174000 4.655293e+002
0.176000 4.671588e+002
0.178000 4.687855e+002
0.180000 4.704093e+002
0.182000 4.720302e+002
0.184000 4.736482e+002
0.186000 4.752632e+002
0.188000 4.768753e+002
0.190000 4.784844e+002
0.192000 4.800904e+002
0.194000 4.816934e+002
0.196000 4.832934e+002
0.198000 4.848902e+002
0.200000 4.864839e+002
0.202000 4.880745e+002
0.204000 4.896619e+002
0.206000 4.912461e+002
0.208000 4.928270e+002
0.210000 4.944047e+002
0.212000 4.959792e+002
0.214000 4.975503e+002
0.216000 4.991181e+002
0.218000 5.006826e+002
0.220000 5.022436e+002
0.222000 5.038013e+002
0.224000 5.053556e+002
0.226000 5.069064e+002
0.228000 5.084537e+002
0.230000 5.099975e+002
0.232000 5.115378e+002
0.234000 5.130745e+002
0.236000 5.146077e+002
0.238000 5.161373e+002
0.240000 5.176633e+002
0.242000 5.191856e+002
0.244000 5.207042e+002
0.246000 5.222192e+002
0.248000 5.237304e+002
0.250000 5.252379e+002
0.252000 5.267417e+002
0.254000 5.282416e+002
0.256000 5.297378e+002
0.258000 5.312301e+002
0.260000 5.327185e+002
0.262000 5.342031e+002
0.264000 5.356838e+002
0.266000 5.371606e+002
0.268000 5.386334e+002
0.270000 5.401022e+002
0.272000 5.415671e+002
0.274000 5.430279e+002
0.276000 5.444848e+002
0.278000 5.459375e+002
0.280000 5.473862e+002
0.282000 5.488308e+002
0.284000 5.502712e+002
0.286000 5.517076e+002
0.288000 5.531397e+002
0.290000 5.545677e+002
0.292000 5.559915e+002
0.294000 5.574110e+002
0.296000 5.588263e+002
0.298000 5.602373e+002
0.300000 5.616441e+002
0.302000 5.630465e+002
0.304000 5.644446e+002
0.306000 5.658383e+002
0.308000 5.672277e+002
0.310000 5.686127e+002
0.312000 5.699933e+002
0.314000 5.713694e+002
0.316000 5.727411e+002
0.318000 5.741083e+002
0.320000 5.754710e+002
0.322000 5.768293e+002
0.324000 5.781830e+002
0.326000 5.795321e+002
0.328000 5.808767e+002
0.330000 5.822167e+002
0.332000 5.835521e+002
0.334000 5.848828e+002
0.336000 5.862090e+002
0.338000 5.875304e+002
0.340000 5.888472e+002
0.342000 5.901593e+002
0.344000 5.914667e+002
0.346000 5.927693e+002
0.348000 5.940672e+002
0.350000 5.953604e+002
0.352000 5.966487e+002
0.354000 5.979322e+002
0.356000 5.992110e+002
0.358000 6.004848e+002
0.360000 6.017539e+002
0.362000 6.030180e+002
0.364000 6.042773e+002
0.366000 6.055316e+002
0.368000 6.067811e+002
0.370000 6.080256e+002
0.372000 6.092651e+002
0.374000 6.104997e+002
0.376000 6.117293e+002
0.378000 6.129539e+002
0.380000 6.141735e+002
0.382000 6.153880e+002
0.384000 6.165975e+002
0.386000 6.178020e+002
0.388000 6.190013e+002
0.390000 6.201956e+002
0.392000 6.213847e+002
0.394000 6.225687e+002
0.396000 6.237476e+002
0.398000 6.249214e+002
0.400000 6.260899e+002
0.402000 6.272533e+002
0.404000 6.284115e+002
0.406000 6.295645e+002
0.408000 6.307122e+002
0.410000 6.318547e+002
0.412000 6.329920e+002
0.414000 6.341240e+002
0.416000 6.352507e+002
0.418000 6.363722e+002
0.420000 6.374883e+002
0.422000 6.385991e+002
0.424000 6.397046e+002
0.426000 6.408047e+002
0.428000 6.418995e+002
0.430000 6.429889e+002
0.432000 6.440730e+002
0.434000 6.451516e+002
0.436000 6.462248e+002
0.438000 6.472927e+002
0.440000 6.483551e+002
0.442000 6.494120e+002
0.444000 6.504635e+002
0.446000 6.515096e+002
0.448000 6.525501e+002
0.450000 6.535852e+002
0.452000 6.546148e+002
0.454000 6.556389e+002
0.456000 6.566575e+002
0.458000 6.576706e+002
0.460000 6.586781e+002
0.462000 6.596800e+002
0.464000 6.606765e+002
0.466000 6.616673e+002
0.468000 6.626526e+002
0.470000 6.636322e+002
0.472000 6.646063e+002
0.474000 6.655748e+002
0.476000 6.665377e+002
0.478000 6.674949e+002
0.480000 6.684466e+002
0.482000 6.693925e+002
0.484000 6.703329e+002
0.486000 6.712675e+002
0.488000 6.721965e+002
0.490000 6.731199e+002
0.492000 6.740375e+002
0.494000 6.749495e+002
0.496000 6.758557e+002
0.498000 6.767563e+002
0.500000 6.776511e+002
0.502000 6.785403e+002
0.504000 6.794237e+002
0.506000 6.803013e+002
0.508000 6.811732e+002
0.510000 6.820394e+002
0.512000 6.828998e+002
0.514000 6.837545e+002
0.516000 6.846034e+002
0.518000 6.854465e+002
0.520000 6.862838e+002
0.522000 6.871154e+002
0.524000 6.879412e+002
0.526000 6.887611e+002
0.528000 6.895753e+002
0.530000 6.903836e+002
0.532000 6.911862e+002
0.534000 6.919829e+002
0.536000 6.927738e+002
0.538000 6.935589e+002
0.540000 6.943381e+002
0.542000 6.951115e+002
0.544000 6.958791e+002
0.546000 6.966408e+002
0.548000 6.973967e+002
0.550000 6.981467e+002
0.552000 6.988908e+002
0.554000 6.996291e+002
0.556000 7.003616e+002
0.558000 7.010881e+002
0.560000 7.018088e+002
0.562000 7.025236e+002
0.564000 7.032326e+002
0.566000 7.039356e+002
0.568000 7.046328e+002
0.570000 7.053241e+002
0.572000 7.060095e+002
0.574000 7.066890e+002
0.576000 7.073627e+002
0.578000 7.080304e+002
0.580000 7.086922e+002
0.582000 7.093482e+002
0.584000 7.099982e+002
0.586000 7.106423e+002
0.588000 7.112806e+002
0.590000 7.119129e+002
0.592000 7.125393e+002
0.594000 7.131598e+002
0.596000 7.137745e+002
0.598000 7.143832e+002
0.600000 7.149860e+002
0.602000 7.155829e+002
0.604000 7.161738e+002
0.606000 7.167589e+002
0.608000 7.173381e+002
0.610000 7.179114e+002
0.612000 7.184787e+002
0.614000 7.190402e+002
0.616000 7.195957e+002
0.618000 7.201454e+002
0.620000 7.206891e+002
0.622000 7.212269e+002
0.624000 7.217588e+002
0.626000 7.222849e+002
0.628000 7.228050e+002
0.630000 7.233192e+002
0.632000 7.238276e+002
0.634000 7.243300e+002
0.636000 7.248266e+002
0.638000 7.253172e+002
0.640000 7.258020e+002
0.642000 7.262809e+002
0.644000 7.267539e+002
0.646000 7.272210e+002
0.648000 7.276822e+002
0.650000 7.281376e+002
0.652000 7.285871e+002
0.654000 7.290307e+002
0.656000 7.294684e+002
0.658000 7.299003e+002
0.660000 7.303264e+002
0.662000 7.307465e+002
0.664000 7.311609e+002
0.666000 7.315693e+002
0.668000 7.319720e+002
0.670000 7.323688e+002
0.672000 7.327597e+002
0.674000 7.331449e+002
0.676000 7.335242e+002
0.678000 7.338976e+002
0.680000 7.342653e+002
0.682000 7.346271e+002
0.684000 7.349832e+002
0.686000 7.353334e+002
0.688000 7.356779e+002
0.690000 7.360165e+002
0.692000 7.363494e+002
0.694000 7.366765e+002
0.696000 7.369978e+002
0.698000 7.373133e+002
0.700000 7.376231e+002
0.702000 7.379271e+002
0.704000 7.382254e+002
0.706000 7.385179e+002
0.708000 7.388047e+002
0.710000 7.390857e+002
0.712000 7.393611e+002
0.714000 7.396307e+002
0.716000 7.398946e+002
0.718000 7.401528e+002
0.720000 7.404053e+002
0.722000 7.406521e+002
0.724000 7.408932e+002
0.726000 7.411287e+002
0.728000 7.413585e+002
0.730000 7.415826e+002
0.732000 7.418011e+002
0.734000 7.420139e+002
0.736000 7.422212e+002
0.738000 7.424227e+002
0.740000 7.426187e+002
0.742000 7.428090e+002
0.744000 7.429938e+002
0.746000 7.431729e+002
0.748000 7.433465e+002
0.750000 7.435145e+002
0.752000 7.436769e+002
0.754000 7.438338e+002
0.756000 7.439851e+002
0.758000 7.441309e+002
0.760000 7.442712e+002
0.762000 7.444059e+002
0.764000 7.445352e+002
0.766000 7.446589e+002
0.768000 7.447771e+002
0.770000 7.448899e+002
0.772000 7.449972e+002
0.774000 7.450990e+002
0.776000 7.451954e+002
0.778000 7.452863e+002
0.780000 7.453718e+002
0.782000 7.454519e+002
0.784000 7.455266e+002
0.786000 7.455959e+002
0.788000 7.456598e+002
0.790000 7.457183e+002
0.792000 7.457715e+002
0.794000 7.458193e+002
0.796000 7.458618e+002
0.798000 7.458989e+002
0.800000 7.459307e+002
0.802000 7.459573e+002
0.804000 7.459785e+002
0.806000 7.459944e+002
0.808000 7.460051e+002
0.810000 7.460105e+002
0.812000 7.460106e+002
0.814000 7.460056e+002
0.816000 7.459953e+002
0.818000 7.459797e+002
0.820000 7.459590e+002
0.822000 7.459331e+002
0.824000 7.459021e+002
0.826000 7.458658e+002
0.828000 7.458244e+002
0.830000 7.457779e+002
0.832000 7.457263e+002
0.834000 7.456696e+002
0.836000 7.456077e+002
0.838000 7.455408e+002
0.840000 7.454688e+002
0.842000 7.453917e+002
0.844000 7.453097e+002
0.846000 7.452225e+002
0.848000 7.451304e+002
0.850000 7.450333e+002
0.852000 7.449311e+002
0.854000 7.448240e+002
0.856000 7.447120e+002
0.858000 7.445950e+002
0.860000 7.444730e+002
0.862000 7.443462e+002
0.864000 7.442144e+002
0.866000 7.440778e+002
0.868000 7.439363e+002
0.870000 7.437899e+002
0.872000 7.436387e+002
0.874000 7.434826e+002
0.876000 7.433217e+002
0.878000 7.431561e+002
0.880000 7.429856e+002
0.882000 7.428104e+002
0.884000 7.426304e+002
0.886000 7.424457e+002
0.888000 7.422562e+002
0.890000 7.420621e+002
0.892000 7.418632e+002
0.894000 7.416597e+002
0.896000 7.414515e+002
0.898000 7.412386e+002
0.900000 7.410212e+002
0.902000 7.407991e+002
0.904000 7.405724e+002
0.906000 7.403411e+002
0.908000 7.401052e+002
0.910000 7.398648e+002
0.912000 7.396199e+002
0.914000 7.393704e+002
0.916000 7.391165e+002
0.918000 7.388580e+002
0.920000 7.385951e+002
0.922000 7.383277e+002
0.924000 7.380559e+002
0.926000 7.377796e+002
0.928000 7.374990e+002
0.930000 7.372139e+002
0.932000 7.369245e+002
0.934000 7.366307e+002
0.936000 7.363326e+002
0.938000 7.360302e+002
0.940000 7.357234e+002
0.942000 7.354124e+002
0.944000 7.350971e+002
0.946000 7.347775e+002
0.948000 7.344537e+002
0.950000 7.341257e+002
0.952000 7.337934e+002
0.954000 7.334570e+002
0.956000 7.331164e+002
0.958000 7.327717e+002
0.960000 7.324228e+002
0.962000 7.320698e+002
0.964000 7.317127e+002
0.966000 7.313516e+002
0.968000 7.309863e+002
0.970000 7.306170e+002
0.972000 7.302437e+002
0.974000 7.298664e+002
0.976000 7.294851e+002
0.978000 7.290998e+002
0.980000 7.287105e+002
0.982000 7.283173e+002
0.984000 7.279202e+002
0.986000 7.275192e+002
0.988000 7.271143e+002
0.990000 7.267055e+002
0.992000 7.262929e+002
0.994000 7.258764e+002
0.996000 7.254562e+002
0.998000 7.250321e+002
1.000000 7.246042e+002
1.002000 7.241726e+002
1.004000 7.237373e+002
1.006000 7.232982e+002
1.008000 7.228554e+002
1.010000 7.224090e+002
1.012000 7.219589e+002
1.014000 7.215051e+002
1.016000 7.210477e+002
1.018000 7.205867e+002
1.020000 7.201221e+002
1.022000 7.196539e+002
1.024000 7.191821e+002
1.026000 7.187069e+002
1.028000 7.182281e+002
1.030000 7.177458e+002
1.032000 7.172600e+002
1.034000 7.167708e+002
1.036000 7.162781e+002
1.038000 7.157820e+002
1.040000 7.152825e+002
1.042000 7.147796e+002
1.044000 7.142733e+002
1.046000 7.137637e+002
1.048000 7.132508e+002
1.050000 7.127345e+002
1.052000 7.122150e+002
1.054000 7.116922e+002
1.056000 7.111661e+002
1.058000 7.106368e+002
1.060000 7.101043e+002
1.062000 7.095686e+002
1.064000 7.090297e+002
1.066000 7.084876e+002
1.068000 7.079424e+002
1.070000 7.073941e+002
1.072000 7.068427e+002
1.074000 7.062882e+002
1.076000 7.057307e+002
1.078000 7.051701e+002
1.080000 7.046065e+002
1.082000 7.040398e+002
1.084000 7.034702e+002
1.086000 7.028977e+002
1.088000 7.023221e+002
1.090000 7.017437e+002
1.092000 7.011623e+002
1.094000 7.005781e+002
1.096000 6.999910e+002
1.098000 6.994010e+002
1.100000 6.988082e+002
1.102000 6.982126e+002
1.104000 6.976142e+002
1.106000 6.970131e+002
1.108000 6.964092e+002
1.110000 6.958025e+002
1.112000 6.951931e+002
1.114000 6.945811e+002
1.116000 6.939663e+002
1.118000 6.933489e+002
1.120000 6.927289e+002
1.122000 6.921063e+002
1.124000 6.914810e+002
1.126000 6.908532e+002
1.128000 6.902228e+002
1.130000 6.895899e+002
1.132000 6.889545e+002
1.134000 6.883165e+002
1.136000 6.876761e+002
1.138000 6.870332e+002
1.140000 6.863879e+002
1.142000 6.857401e+002
1.144000 6.850899e+002
1.146000 6.844374e+002
1.148000 6.837825e+002
1.150000 6.831252e+002
1.152000 6.824657e+002
1.154000 6.818038e+002
1.156000 6.811396e+002
1.158000 6.804731e+002
1.160000 6.798044e+002
1.162000 6.791335e+002
1.164000 6.784604e+002
1.166000 6.777850e+002
1.168000 6.771075e+002
1.170000 6.764279e+002
1.172000 6.757461e+002
1.174000 6.750622e+002
1.176000 6.743762e+002
1.178000 6.736881e+002
1.180000 6.729980e+002
1.182000 6.723058e+002
1.184000 6.716116e+002
1.186000 6.709154e+002
1.188000 6.702172e+002
1.190000 6.695171e+002
1.192000 6.688150e+002
1.194000 6.681110e+002
1.196000 6.674051e+002
1.198000 6.666973e+002
1.200000 6.659876e+002
1.202000 6.652761e+002
1.204000 6.645628e+002
1.206000 6.638476e+002
1.208000 6.631307e+002
1.210000 6.624120e+002
1.212000 6.616915e+002
1.214000 6.609693e+002
1.216000 6.602454e+002
1.218000 6.595198e+002
1.220000 6.587925e+002
1.222000 6.580636e+002
1.224000 6.573330e+002
1.226000 6.566008e+002
1.228000 6.558670e+002
1.230000 6.551316e+002
1.232000 6.543946e+002
1.234000 6.536561e+002
1.236000 6.529160e+002
1.238000 6.521745e+002
1.240000 6.514314e+002
1.242000 6.506869e+002
1.244000 6.499409e+002
1.246000 6.491935e+002
1.248000 6.484447e+002
1.250000 6.476945e+002
1.252000 6.469429e+002
1.254000 6.461899e+002
1.256000 6.454356e+002
1.258000 6.446799e+002
1.260000 6.439230e+002
1.262000 6.431647e+002
1.264000 6.424052e+002
1.266000 6.416445e+002
1.268000 6.408825e+002
1.270000 6.401192e+002
1.272000 6.393548e+002
1.274000 6.385892e+002
1.276000 6.378224e+002
1.278000 6.370545e+002
1.280000 6.362855e+002
1.282000 6.355153e+002
1.284000 6.347440e+002
1.286000 6.339717e+002
1.288000 6.331983e+002
1.290000 6.324239e+002
1.292000 6.316484e+002
1.294000 6.308720e+002
1.296000 6.300946e+002
1.298000 6.293161e+002
1.300000 6.285368e+002
1.302000 6.277565e+002
1.304000 6.269753e+002
1.306000 6.261931e+002
1.308000 6.254101e+002
1.310000 6.246263e+002
1.312000 6.238415e+002
1.314000 6.230560e+002
1.316000 6.222696e+002
1.318000 6.214825e+002
1.320000 6.206945e+002
1.322000 6.199058e+002
1.324000 6.191164e+002
1.326000 6.183262e+002
1.328000 6.175353e+002
1.330000 6.167437e+002
1.332000 6.159514e+002
1.334000 6.151585e+002
1.336000 6.143649e+002
1.338000 6.135707e+002
1.340000 6.127758e+002
1.342000 6.119804e+002
1.344000 6.111844e+002
1.346000 6.103878e+002
1.348000 6.095907e+002
1.350000 6.087931e+002
1.352000 6.079949e+002
1.354000 6.071962e+002
1.356000 6.063971e+002
1.358000 6.055975e+002
1.360000 6.047974e+002
1.362000 6.039969e+002
1.364000 6.031960e+002
1.366000 6.023947e+002
1.368000 6.015930e+002
1.370000 6.007909e+002
1.372000 5.999885e+002
1.374000 5.991857e+002
1.376000 5.983826e+002
1.378000 5.975792e+002
1.380000 5.967755e+002
1.382000 5.959715e+002
1.384000 5.951673e+002
1.386000 5.943628e+002
1.388000 5.935580e+002
1.390000 5.927531e+002
1.392000 5.919480e+002
1.394000 5.911426e+002
1.396000 5.903372e+002
1.398000 5.895315e+002
1.400000 5.887257e+002
1.402000 5.879198e+002
1.404000 5.871138e+002
1.406000 5.863076e+002
1.408000 5.855014e+002
1.410000 5.846951e+002
1.412000 5.838888e+002
1.414000 5.830825e+002
1.416000 5.822761e+002
1.418000 5.814697e+002
1.420000 5.806633e+002
1.422000 5.798569e+002
1.424000 5.790506e+002
1.426000 5.782443e+002
1.428000 5.774380e+002
1.430000 5.766319e+002
1.432000 5.758258e+002
1.434000 5.750199e+002
1.436000 5.742140e+002
1.438000 5.734083e+002
1.440000 5.726028e+002
1.442000 5.717974e+002
1.444000 5.709921e+002
1.446000 5.701871e+002
1.448000 5.693823e+002
1.450000 5.685776e+002
1.452000 5.677733e+002
1.454000 5.669691e+002
1.456000 5.661652e+002
1.458000 5.653616e+002
1.460000 5.645582e+002
1.462000 5.637552e+002
1.464000 5.629524e+002
1.466000 5.621500e+002
1.468000 5.613479e+002
1.470000 5.605461e+002
1.472000 5.597448e+002
1.474000 5.589437e+002
1.476000 5.581431e+002
1.478000 5.573429e+002
1.480000 5.565430e+002
1.482000 5.557436e+002
1.484000 5.549447e+002
1.486000 5.541461e+002
1.488000 5.533481e+002
1.490000 5.525505e+002
1.492000 5.517534e+002
1.494000 5.509568e+002
1.496000 5.501607e+002
1.498000 5.493651e+002
1.500000 5.485700e+002
1.502000 5.477755e+002
1.504000 5.469816e+002
1.506000 5.461882e+002
1.508000 5.453954e+002
1.510000 5.446032e+002
1.512000 5.438116e+002
1.514000 5.430206e+002
1.516000 5.422302e+002
1.518000 5.414405e+002
1.520000 5.406514e+002
1.522000 5.398630e+002
1.524000 5.390752e+002
1.526000 5.382881e+002
1.528000 5.375017e+002
1.530000 5.367161e+002
1.532000 5.359311e+002
1.534000 5.351469e+002
1.536000 5.343634e+002
1.538000 5.335806e+002
1.540000 5.327986e+002
1.542000 5.320174e+002
1.544000 5.312369e+002
1.546000 5.304573e+002
1.548000 5.296784e+002
1.550000 5.289004e+002
1.552000 5.281232e+002
1.554000 5.273468e+002
1.556000 5.265712e+002
1.558000 5.257965e+002
1.560000 5.250226e+002
1.562000 5.242497e+002
1.564000 5.234776e+002
1.566000 5.227064e+002
1.568000 5.219361e+002
1.570000 5.211667e+002
1.572000 5.203982e+002
1.574000 5.196307e+002
1.576000 5.188641e+002
1.578000 5.180984e+002
1.580000 5.173337e+002
1.582000 5.165700e+002
1.584000 5.158072e+002
1.586000 5.150455e+002
1.588000 5.142847e+002
1.590000 5.135249e+002
1.592000 5.127662e+002
1.594000 5.120084e+002
1.596000 5.112517e+002
1.598000 5.104961e+002
1.600000 5.097414e+002
1.602000 5.089879e+002
1.604000 5.082354e+002
1.606000 5.074840e+002
1.608000 5.067336e+002
1.610000 5.059844e+002
1.612000 5.052362e+002
1.614000 5.044892e+002
1.616000 5.037432e+002
1.618000 5.029984e+002
1.620000 5.022548e+002
1.622000 5.015122e+002
1.624000 5.007708e+002
1.626000 5.000306e+002
1.628000 4.992915e+002
1.630000 4.985536e+002
1.632000 4.978169e+002
1.634000 4.970814e+002
1.636000 4.963470e+002
1.638000 4.956139e+002
1.640000 4.948820e+002
1.642000 4.941513e+002
1.644000 4.934218e+002
1.646000 4.926935e+002
1.648000 4.919665e+002
1.650000 4.912407e+002
1.652000 4.905162e+002
1.654000 4.897929e+002
1.656000 4.890709e+002
1.658000 4.883502e+002
1.660000 4.876308e+002
1.662000 4.869126e+002
1.664000 4.861957e+002
1.666000 4.854802e+002
1.668000 4.847659e+002
1.670000 4.840529e+002
1.672000 4.833413e+002
1.674000 4.826310e+002
1.676000 4.819220e+002
1.678000 4.812144e+002
1.680000 4.805081e+002
1.682000 4.798032e+002
1.684000 4.790996e+002
1.686000 4.783974e+002
1.688000 4.776965e+002
1.690000 4.769971e+002
1.692000 4.762990e+002
1.694000 4.756022e+002
1.696000 4.749069e+002
1.698000 4.742130e+002
1.700000 4.735205e+002
1.702000 4.728294e+002
1.704000 4.721397e+002
1.706000 4.714514e+002
1.708000 4.707645e+002
1.710000 4.700791e+002
1.712000 4.693951e+002
1.714000 4.687126e+002
1.716000 4.680315e+002
1.718000 4.673518e+002
1.720000 4.666736e+002
1.722000 4.659969e+002
1.724000 4.653216e+002
1.726000 4.646478e+002
1.728000 4.639755e+002
1.730000 4.633046e+002
1.732000 4.626352e+002
1.734000 4.619674e+002
1.736000 4.613010e+002
1.738000 4.606361e+002
1.740000 4.599727e+002
1.742000 4.593108e+002
1.744000 4.586504e+002
1.746000 4.579916e+002
1.748000 4.573342e+002
1.750000 4.566784e+002
1.752000 4.560241e+002
1.754000 4.553714e+002
1.756000 4.547201e+002
1.758000 4.540704e+002
1.760000 4.534223e+002
1.762000 4.527757e+002
1.764000 4.521307e+002
1.766000 4.514872e+002
1.768000 4.508452e+002
1.770000 4.502048e+002
1.772000 4.495660e+002
1.774000 4.489288e+002
1.776000 4.482931e+002
1.778000 4.476590e+002
1.780000 4.470265e+002
1.782000 4.463955e+002
1.784000 4.457661e+002
1.786000 4.451384e+002
1.788000 4.445122e+002
1.790000 4.438876e+002
1.792000 4.432646e+002
1.794000 4.426432e+002
1.796000 4.420234e+002
1.798000 4.414052e+002
1.800000 4.407886e+002
1.802000 4.401736e+002
1.804000 4.395602e+002
1.806000 4.389485e+002
1.808000 4.383384e+002
1.810000 4.377298e+002
1.812000 4.371229e+002
1.814000 4.365177e+002
1.816000 4.359140e+002
1.818000 4.353120e+002
1.820000 4.347116e+002
1.822000 4.341129e+002
1.824000 4.335158e+002
1.826000 4.329203e+002
1.828000 4.323264e+002
1.830000 4.317342e+002
1.832000 4.311437e+002
1.834000 4.305548e+002
1.836000 4.299675e+002
1.838000 4.293819e+002
1.840000 4.287979e+002
1.842000 4.282156e+002
1.844000 4.276350e+002
1.846000 4.270560e+002
1.848000 4.264786e+002
1.850000 4.259029e+002
1.852000 4.253289e+002
1.854000 4.247565e+002
1.856000 4.241858e+002
1.858000 4.236168e+002
1.860000 4.230494e+002
1.862000 4.224837e+002
1.864000 4.219196e+002
1.866000 4.213572e+002
1.868000 4.207965e+002
1.870000 4.202375e+002
1.872000 4.196801e+002
1.874000 4.191244e+002
1.876000 4.185704e+002
1.878000 4.180181e+002
1.880000 4.174674e+002
1.882000 4.169184e+002
1.884000 4.163710e+002
1.886000 4.158254e+002
1.888000 4.152814e+002
1.890000 4.147391e+002
1.892000 4.141985e+002
1.894000 4.136596e+002
1.896000 4.131223e+002
1.898000 4.125867e+002
1.900000 4.120528e+002
1.902000 4.115206e+002
1.904000 4.109901e+002
1.906000 4.104612e+002
1.908000 4.099340e+002
1.910000 4.094085e+002
1.912000 4.088847e+002
1.914000 4.083625e+002
1.916000 4.078421e+002
1.918000 4.073233e+002
1.920000 4.068062e+002
1.922000 4.062908e+002
1.924000 4.057770e+002
1.926000 4.052650e+002
1.928000 4.047546e+002
1.930000 4.042459e+002
1.932000 4.037389e+002
1.934000 4.032335e+002
1.936000 4.027299e+002
1.938000 4.022279e+002
1.940000 4.017276e+002
1.942000 4.012290e+002
1.944000 4.007320e+002
1.946000 4.002367e+002
1.948000 3.997431e+002
1.950000 3.992512e+002
1.952000 3.987609e+002
1.954000 3.982723e+002
1.956000 3.977854e+002
1.958000 3.973002e+002
1.960000 3.968166e+002
1.962000 3.963347e+002
1.964000 3.958545e+002
1.966000 3.953759e+002
1.968000 3.948990e+002
1.970000 3.944238e+002
1.972000 3.939502e+002
1.974000 3.934783e+002
1.976000 3.930081e+002
1.978000 3.925395e+002
1.980000 3.920726e+002
1.982000 3.916074e+002
1.984000 3.911438e+002
1.986000 3.906818e+002
1.988000 3.902215e+002
1.990000 3.897629e+002
1.992000 3.893059e+002
1.994000 3.888506e+002
1.996000 3.883969e+002
1.998000 3.879449e+002
2.000000 3.874945e+002
2.002000 3.870457e+002
2.004000 3.865986e+002
2.006000 3.861532e+002
2.008000 3.857094e+002
2.010000 3.852672e+002
2.012000 3.848267e+002
2.014000 3.843877e+002
2.016000 3.839505e+002
2.018000 3.835148e+002
2.020000 3.830808e+002
2.022000 3.826484e+002
2.024000 3.822177e+002
2.026000 3.817886e+002
2.028000 3.813610e+002
2.030000 3.809352e+002
2.032000 3.805109e+002
2.034000 3.800882e+002
2.036000 3.796672e+002
2.038000 3.792478e+002
2.040000 3.788299e+002
2.042000 3.784137e+002
2.044000 3.779991e+002
2.046000 3.775861e+002
2.048000 3.771747e+002
2.050000 3.767649e+002
2.052000 3.763567e+002
2.054000 3.759501e+002
2.056000 3.755451e+002
2.058000 3.751417e+002
2.060000 3.747398e+002
2.062000 3.743396e+002
2.064000 3.739409e+002
2.066000 3.735438e+002
2.068000 3.731483e+002
2.070000 3.727543e+002
2.072000 3.723620e+002
2.074000 3.719712e+002
2.076000 3.715820e+002
2.078000 3.711943e+002
2.080000 3.708082e+002
2.082000 3.704237e+002
2.084000 3.700407e+002
2.086000 3.696593e+002
2.088000 3.692794e+002
2.090000 3.689011e+002
2.092000 3.685243e+002
2.094000 3.681491e+002
2.096000 3.677754e+002
2.098000 3.674032e+002
2.100000 3.670326e+002
2.102000 3.666635e+002
2.104000 3.662960e+002
2.106000 3.659299e+002
2.108000 3.655654e+002
2.110000 3.652025e+002
2.112000 3.648410e+002
2.114000 3.644810e+002
2.116000 3.641226e+002
2.118000 3.637657e+002
2.120000 3.634103e+002
2.122000 3.630564e+002
2.124000 3.627040e+002
2.126000 3.623530e+002
2.128000 3.620036e+002
2.130000 3.616557e+002
2.132000 3.613093e+002
2.134000 3.609643e+002
2.136000 3.606208e+002
2.138000 3.602788e+002
2.140000 3.599383e+002
2.142000 3.595993e+002
2.144000 3.592617e+002
2.146000 3.589256e+002
2.148000 3.585910e+002
2.150000 3.582578e+002
2.152000 3.579260e+002
2.154000 3.575958e+002
2.156000 3.572669e+002
2.158000 3.569396e+002
2.160000 3.566136e+002
2.162000 3.562891e+002
2.164000 3.559661e+002
2.166000 3.556444e+002
2.168000 3.553242e+002
2.170000 3.550055e+002
2.172000 3.546881e+002
2.174000 3.543722e+002
2.176000 3.540577e+002
2.178000 3.537446e+002
2.180000 3.534329e+002
2.182000 3.531226e+002
2.184000 3.528138e+002
2.186000 3.525063e+002
2.188000 3.522002e+002
2.190000 3.518955e+002
2.192000 3.515922e+002
2.194000 3.512903e+002
2.196000 3.509898e+002
2.198000 3.506906e+002
2.200000 3.503928e+002
2.202000 3.500964e+002
2.204000 3.498014e+002
2.206000 3.495077e+002
2.208000 3.492153e+002
2.210000 3.489244e+002
2.212000 3.486348e+002
2.214000 3.483465e+002
2.216000 3.480596e+002
2.218000 3.477740e+002
2.220000 3.474898e+002
2.222000 3.472069e+002
2.224000 3.469253e+002
2.226000 3.466451e+002
2.228000 3.463661e+002
2.230000 3.460885e+002
2.232000 3.458122e+002
2.234000 3.455373e+002
2.236000 3.452636e+002
2.238000 3.449912e+002
2.240000 3.447202e+002
2.242000 3.444504e+002
2.244000 3.441819e+002
2.246000 3.439148e+002
2.248000 3.436489e+002
2.250000 3.433843e+002
2.252000 3.431209e+002
2.254000 3.428589e+002
2.256000 3.425981e+002
2.258000 3.423386e+002
2.260000 3.420803e+002
2.262000 3.418233e+002
2.264000 3.415676e+002
2.266000 3.413131e+002
2.268000 3.410598e+002
2.270000 3.408078e+002
2.272000 3.405571e+002
2.274000 3.403076e+002
2.276000 3.400593e+002
2.278000 3.398122e+002
2.280000 3.395664e+002
2.282000 3.393218e+002
2.284000 3.390784e+002
2.286000 3.388362e+002
2.288000 3.385952e+002
2.290000 3.383555e+002
2.292000 3.381169e+002
2.294000 3.378795e+002
2.296000 3.376434e+002
2.298000 3.374084e+002
2.300000 3.371746e+002
2.302000 3.369420e+002
2.304000 3.367105e+002
2.306000 3.364803e+002
2.308000 3.362512e+002
2.310000 3.360232e+002
2.312000 3.357965e+002
2.314000 3.355709e+002
2.316000 3.353464e+002
2.318000 3.351231e+002
2.320000 3.349010e+002
2.322000 3.346800e+002
2.324000 3.344601e+002
2.326000 3.342414e+002
2.328000 3.340238e+002
2.330000 3.338073e+002
2.332000 3.335920e+002
2.334000 3.333777e+002
2.336000 3.331646e+002
2.338000 3.329526e+002
2.340000 3.327417e+002
2.342000 3.325319e+002
2.344000 3.323233e+002
2.346000 3.321157e+002
2.348000 3.319092e+002
2.350000 3.317038e+002
2.352000 3.314994e+002
2.354000 3.312962e+002
2.356000 3.310940e+002
2.358000 3.308929e+002
2.360000 3.306929e+002
2.362000 3.304939e+002
2.364000 3.302960e+002
2.366000 3.300992e+002
2.368000 3.299034e+002
2.370000 3.297086e+002
2.372000 3.295150e+002
2.374000 3.293223e+002
2.376000 3.291307e+002
2.378000 3.289401e+002
2.380000 3.287505e+002
2.382000 3.285620e+002
2.384000 3.283745e+002
2.386000 3.281880e+002
2.388000 3.280026e+002
2.390000 3.278181e+002
2.392000 3.276346e+002
2.394000 3.274522e+002
2.396000 3.272707e+002
2.398000 3.270903e+002
2.400000 3.269108e+002
2.402000 3.267323e+002
2.404000 3.265548e+002
2.406000 3.263783e+002
2.408000 3.262028e+002
2.410000 3.260282e+002
2.412000 3.258546e+002
2.414000 3.256819e+002
2.416000 3.255103e+002
2.418000 3.253395e+002
2.420000 3.251698e+002
2.422000 3.250009e+002
2.424000 3.248331e+002
2.426000 3.246661e+002
2.428000 3.245001e+002
2.430000 3.243351e+002
2.432000 3.241709e+002
2.434000 3.240077e+002
2.436000 3.238454e+002
2.438000 3.236841e+002
2.440000 3.235236e+002
2.442000 3.233641e+002
2.444000 3.232054e+002
2.446000 3.230477e+002
2.448000 3.228909e+002
2.450000 3.227349e+002
2.452000 3.225799e+002
2.454000 3.224257e+002
2.456000 3.222724e+002
2.458000 3.221200e+002
2.460000 3.219685e+002
2.462000 3.218179e+002
2.464000 3.216681e+002
2.466000 3.215192e+002
2.468000 3.213711e+002
2.470000 3.212240e+002
2.472000 3.210776e+002
2.474000 3.209321e+002
2.476000 3.207875e+002
2.478000 3.206437e+002
2.480000 3.205008e+002
2.482000 3.203586e+002
2.484000 3.202174e+002
2.486000 3.200769e+002
2.488000 3.199373e+002
2.490000 3.197985e+002
2.492000 3.196605e+002
2.494000 3.195233e+002
2.496000 3.193869e+002
2.498000 3.192514e+002
2.500000 3.191166e+002
2.502000 3.189827e+002
2.504000 3.188495e+002
2.506000 3.187171e+002
2.508000 3.185856e+002
2.510000 3.184548e+002
2.512000 3.183248e+002
2.514000 3.181955e+002
2.516000 3.180671e+002
2.518000 3.179394e+002
2.520000 3.178125e+002
2.522000 3.176863e+002
2.524000 3.175609e+002
2.526000 3.174363e+002
2.528000 3.173124e+002
2.530000 3.171893e+002
2.532000 3.170669e+002
2.534000 3.169452e+002
2.536000 3.168243e+002
2.538000 3.167042e+002
2.540000 3.165847e+002
2.542000 3.164660e+002
2.544000 3.163481e+002
2.546000 3.162308e+002
2.548000 3.161143e+002
2.550000 3.159985e+002
2.552000 3.158834e+002
2.554000 3.157690e+002
2.556000 3.156553e+002
2.558000 3.155423e+002
2.560000 3.154300e+002
2.562000 3.153184e+002
2.564000 3.152075e+002
2.566000 3.150973e+002
2.568000 3.149877e+002
2.570000 3.148789e+002
2.572000 3.147707e+002
2.574000 3.146632e+002
2.576000 3.145564e+002
2.578000 3.144503e+002
2.580000 3.143448e+002
2.582000 3.142400e+002
2.584000 3.141358e+002
2.586000 3.140323e+002
2.588000 3.139294e+002
2.590000 3.138272e+002
2.592000 3.137257e+002
2.594000 3.136248e+002
2.596000 3.135245e+002
2.598000 3.134248e+002
2.600000 3.133258e+002
2.602000 3.132274e+002
2.604000 3.131297e+002
2.606000 3.130326e+002
2.608000 3.129361e+002
2.610000 3.128402e+002
2.612000 3.127449e+002
2.614000 3.126502e+002
2.616000 3.125562e+002
2.618000 3.124627e+002
2.620000 3.123699e+002
2.622000 3.122776e+002
2.624000 3.121860e+002
2.626000 3.120949e+002
2.628000 3.120045e+002
2.630000 3.119146e+002
2.632000 3.118253e+002
2.634000 3.117366e+002
2.636000 3.116484e+002
2.638000 3.115608e+002
2.640000 3.114738e+002
2.642000 3.113874e+002
2.644000 3.113016e+002
2.646000 3.112163e+002
2.648000 3.111315e+002
2.650000 3.110473e+002
2.652000 3.109637e+002
2.654000 3.108806e+002
2.656000 3.107981e+002
2.658000 3.107161e+002
2.660000 3.106347e+002
2.662000 3.105538e+002
2.664000 3.104734e+002
2.666000 3.103936e+002
2.668000 3.103142e+002
2.670000 3.102355e+002
2.672000 3.101572e+002
2.674000 3.100795e+002
2.676000 3.100023e+002
2.678000 3.099256e+002
2.680000 3.098494e+002
2.682000 3.097737e+002
2.684000 3.096986e+002
2.686000 3.096239e+002
2.688000 3.095497e+002
2.690000 3.094761e+002
2.692000 3.094029e+002
2.694000 3.093303e+002
2.696000 3.092581e+002
2.698000 3.091864e+002
2.700000 3.091152e+002
2.702000 3.090445e+002
2.704000 3.089743e+002
2.706000 3.089045e+002
2.708000 3.088352e+002
2.710000 3.087664e+002
2.712000 3.086981e+002
2.714000 3.086302e+002
2.716000 3.085628e+002
2.718000 3.084959e+002
2.720000 3.084294e+002
2.722000 3.083633e+002
2.724000 3.082978e+002
2.726000 3.082326e+002
2.728000 3.081680e+002
2.730000 3.081037e+002
2.732000 3.080400e+002
2.734000 3.079766e+002
2.736000 3.079137e+002
2.738000 3.078513e+002
2.740000 3.077892e+002
2.742000 3.077276e+002
2.744000 3.076665e+002
2.746000 3.076057e+002
2.748000 3.075454e+002
2.750000 3.074855e+002
2.752000 3.074260e+002
2.754000 3.073669e+002
2.756000 3.073083e+002
2.758000 3.072501e+002
2.760000 3.071922e+002
2.762000 3.071348e+002
2.764000 3.070778e+002
2.766000 3.070212e+002
2.768000 3.069650e+002
2.770000 3.069092e+002
2.772000 3.068537e+002
2.774000 3.067987e+002
2.776000 3.067441e+002
2.778000 3.066898e+002
2.780000 3.066360e+002
2.782000 3.065825e+002
2.784000 3.065294e+002
2.786000 3.064767e+002
2.788000 3.064243e+002
2.790000 3.063724e+002
2.792000 3.063208e+002
2.794000 3.062696e+002
2.796000 3.062187e+002
2.798000 3.061682e+002
2.800000 3.061181e+002
2.802000 3.060683e+002
2.804000 3.060189e+002
2.806000 3.059699e+002
2.808000 3.059212e+002
2.810000 3.058728e+002
2.812000 3.058248e+002
2.814000 3.057772e+002
2.816000 3.057299e+002
2.818000 3.056830e+002
2.820000 3.056363e+002
2.822000 3.055901e+002
2.824000 3.055441e+002
2.826000 3.054985e+002
2.828000 3.054533e+002
2.830000 3.054083e+002
2.832000 3.053637e+002
2.834000 3.053195e+002
2.836000 3.052755e+002
2.838000 3.052319e+002
2.840000 3.051886e+002
2.842000 3.051456e+002
2.844000 3.051029e+002
2.846000 3.050606e+002
2.848000 3.050185e+002
2.850000 3.049768e+002
2.852000 3.049354e+002
2.854000 3.048943e+002
2.856000 3.048535e+002
2.858000 3.048130e+002
2.860000 3.047728e+002
2.862000 3.047329e+002
2.864000 3.046933e+002
2.866000 3.046540e+002
2.868000 3.046150e+002
2.870000 3.045762e+002
2.872000 3.045378e+002
2.874000 3.044997e+002
2.876000 3.044618e+002
2.878000 3.044243e+002
2.880000 3.043870e+002
2.882000 3.043500e+002
2.884000 3.043132e+002
2.886000 3.042768e+002
2.888000 3.042406e+002
2.890000 3.042047e+002
2.892000 3.041691e+002
2.894000 3.041337e+002
2.896000 3.040986e+002
2.898000 3.040638e+002
2.900000 3.040293e+002
2.902000 3.039950e+002
2.904000 3.039609e+002
2.906000 3.039272e+002
2.908000 3.038937e+002
2.910000 3.038604e+002
2.912000 3.038274e+002
2.914000 3.037947e+002
2.916000 3.037622e+002
2.918000 3.037299e+002
2.920000 3.036979e+002
2.922000 3.036662e+002
2.924000 3.036347e+002
2.926000 3.036034e+002
2.928000 3.035724e+002
2.930000 3.035416e+002
2.932000 3.035111e+002
2.934000 3.034808e+002
2.936000 3.034507e+002
2.938000 3.034209e+002
2.940000 3.033913e+002
2.942000 3.033619e+002
2.944000 3.033327e+002
2.946000 3.033038e+002
2.948000 3.032751e+002
2.950000 3.032467e+002
2.952000 3.032184e+002
2.954000 3.031904e+002
2.956000 3.031626e+002
2.958000 3.031350e+002
2.960000 3.031076e+002
2.962000 3.030805e+002
2.964000 3.030536e+002
2.966000 3.030268e+002
2.968000 3.030003e+002
2.970000 3.029740e+002
2.972000 3.029479e+002
2.974000 3.029220e+002
2.976000 3.028963e+002
2.978000 3.028709e+002
2.980000 3.028456e+002
2.982000 3.028205e+002
2.984000 3.027956e+002
2.986000 3.027710e+002
2.988000 3.027465e+002
2.990000 3.027222e+002
2.992000 3.026981e+002
2.994000 3.026742e+002
2.996000 3.026505e+002
2.998000 3.026270e+002
3.000000 3.026036e+002
3.002000 3.025805e+002
3.004000 3.025575e+002
3.006000 3.025348e+002
3.008000 3.025122e+002
3.010000 3.024898e+002
3.012000 3.024676e+002
3.014000 3.024455e+002
3.016000 3.024237e+002
3.018000 3.024020e+002
3.020000 3.023805e+002
3.022000 3.023591e+002
3.024000 3.023380e+002
3.026000 3.023170e+002
3.028000 3.022961e+002
3.030000 3.022755e+002
3.032000 3.022550e+002
3.034000 3.022347e+002
3.036000 3.022145e+002
3.038000 3.021946e+002
3.040000 3.021747e+002
3.042000 3.021551e+002
3.044000 3.021356e+002
3.046000 3.021163e+002
3.048000 3.020971e+002
3.050000 3.020781e+002
3.052000 3.020592e+002
3.054000 3.020405e+002
3.056000 3.020219e+002
3.058000 3.020035e+002
3.060000 3.019853e+002
3.062000 3.019672e+002
3.064000 3.019493e+002
3.066000 3.019315e+002
3.068000 3.019138e+002
3.070000 3.018963e+002
3.072000 3.018790e+002
3.074000 3.018617e+002
3.076000 3.018447e+002
3.078000 3.018277e+002
3.080000 3.018110e+002
3.082000 3.017943e+002
3.084000 3.017778e+002
3.086000 3.017615e+002
3.088000 3.017452e+002
3.090000 3.017291e+002
3.092000 3.017132e+002
3.094000 3.016974e+002
3.096000 3.016817e+002
3.098000 3.016661e+002
3.100000 3.016507e+002
3.102000 3.016354e+002
3.104000 3.016202e+002
3.106000 3.016052e+002
3.108000 3.015903e+002
3.110000 3.015755e+002
3.112000 3.015608e+002
3.114000 3.015463e+002
3.116000 3.015319e+002
3.118000 3.015176e+002
3.120000 3.015034e+002
3.122000 3.014894e+002
3.124000 3.014755e+002
3.126000 3.014617e+002
3.128000 3.014480e+002
3.130000 3.014344e+002
3.132000 3.014210e+002
3.134000 3.014076e+002
3.136000 3.013944e+002
3.138000 3.013813e+002
3.140000 3.013683e+002
3.142000 3.013554e+002
3.144000 3.013426e+002
3.146000 3.013300e+002
3.148000 3.013174e+002
3.150000 3.013050e+002
3.152000 3.012926e+002
3.154000 3.012804e+002
3.156000 3.012683e+002
3.158000 3.012563e+002
3.160000 3.012443e+002
3.162000 3.012325e+002
3.164000 3.012208e+002
3.166000 3.012092e+002
3.168000 3.011977e+002
3.170000 3.011863e+002
3.172000 3.011750e+002
3.174000 3.011638e+002
3.176000 3.011527e+002
3.178000 3.011417e+002
3.180000 3.011307e+002
3.182000 3.011199e+002
3.184000 3.011092e+002
3.186000 3.010986e+002
3.188000 3.010880e+002
3.190000 3.010776e+002
3.192000 3.010672e+002
3.194000 3.010570e+002
3.196000 3.010468e+002
3.198000 3.010367e+002
3.200000 3.010267e+002
3.202000 3.010168e+002
3.204000 3.010070e+002
3.206000 3.009973e+002
3.208000 3.009877e+002
3.210000 3.009781e+002
3.212000 3.009686e+002
3.214000 3.009593e+002
3.216000 3.009500e+002
3.218000 3.009407e+002
3.220000 3.009316e+002
3.222000 3.009225e+002
3.224000 3.009136e+002
3.226000 3.009047e+002
3.228000 3.008959e+002
3.230000 3.008871e+002
3.232000 3.008785e+002
3.234000 3.008699e+002
3.236000 3.008614e+002
3.238000 3.008530e+002
3.240000 3.008446e+002
3.242000 3.008363e+002
3.244000 3.008282e+002
3.246000 3.008200e+002
3.248000 3.008120e+002
3.250000 3.008040e+002
3.252000 3.007961e+002
3.254000 3.007883e+002
3.256000 3.007805e+002
3.258000 3.007728e+002
3.260000 3.007652e+002
3.262000 3.007576e+002
3.264000 3.007501e+002
3.266000 3.007427e+002
3.268000 3.007354e+002
3.270000 3.007281e+002
3.272000 3.007209e+002
3.274000 3.007137e+002
3.276000 3.007067e+002
3.278000 3.006996e+002
3.280000 3.006927e+002
3.282000 3.006858e+002
3.284000 3.006790e+002
3.286000 3.006722e+002
3.288000 3.006655e+002
3.290000 3.006589e+002
3.292000 3.006523e+002
3.294000 3.006458e+002
3.296000 3.006393e+002
3.298000 3.006329e+002
3.300000 3.006266e+002
3.302000 3.006203e+002
3.304000 3.006141e+002
3.306000 3.006079e+002
3.308000 3.006018e+002
3.310000 3.005958e+002
3.312000 3.005898e+002
3.314000 3.005838e+002
3.316000 3.005780e+002
3.318000 3.005721e+002
3.320000 3.005664e+002
3.322000 3.005606e+002
3.324000 3.005550e+002
3.326000 3.005494e+002
3.328000 3.005438e+002
3.330000 3.005383e+002
3.332000 3.005328e+002
3.334000 3.005274e+002
3.336000 3.005221e+002
3.338000 3.005168e+002
3.340000 3.005115e+002
3.342000 3.005063e+002
3.344000 3.005012e+002
3.346000 3.004961e+002
3.348000 3.004910e+002
3.350000 3.004860e+002
3.352000 3.004811e+002
3.354000 3.004761e+002
3.356000 3.004713e+002
3.358000 3.004665e+002
3.360000 3.004617e+002
3.362000 3.004569e+002
3.364000 3.004523e+002
3.366000 3.004476e+002
3.368000 3.004430e+002
3.370000 3.004385e+002
3.372000 3.004340e+002
3.374000 3.004295e+002
3.376000 3.004251e+002
3.378000 3.004207e+002
3.380000 3.004164e+002
3.382000 3.004121e+002
3.384000 3.004078e+002
3.386000 3.004036e+002
3.388000 3.003994e+002
3.390000 3.003953e+002
3.392000 3.003912e+002
3.394000 3.003871e+002
3.396000 3.003831e+002
3.398000 3.003792e+002
3.400000 3.003752e+002
3.402000 3.003713e+002
3.404000 3.003675e+002
3.406000 3.003636e+002
3.408000 3.003598e+002
3.410000 3.003561e+002
3.412000 3.003524e+002
3.414000 3.003487e+002
3.416000 3.003451e+002
3.418000 3.003415e+002
3.420000 3.003379e+002
3.422000 3.003343e+002
3.424000 3.003308e+002
3.426000 3.003274e+002
3.428000 3.003239e+002
3.430000 3.003205e+002
3.432000 3.003172e+002
3.434000 3.003139e+002
3.436000 3.003106e+002
3.438000 3.003073e+002
3.440000 3.003040e+002
3.442000 3.003008e+002
3.444000 3.002977e+002
3.446000 3.002945e+002
3.448000 3.002914e+002
3.450000 3.002883e+002
3.452000 3.002853e+002
3.454000 3.002823e+002
3.456000 3.002793e+002
3.458000 3.002763e+002
3.460000 3.002734e+002
3.462000 3.002705e+002
3.464000 3.002676e+002
3.466000 3.002648e+002
3.468000 3.002620e+002
3.470000 3.002592e+002
3.472000 3.002564e+002
3.474000 3.002537e+002
3.476000 3.002510e+002
3.478000 3.002483e+002
3.480000 3.002457e+002
3.482000 3.002431e+002
3.484000 3.002405e+002
3.486000 3.002379e+002
3.488000 3.002353e+002
3.490000 3.002328e+002
3.492000 3.002303e+002
3.494000 3.002279e+002
3.496000 3.002254e+002
3.498000 3.002230e+002
3.500000 3.002206e+002
3.502000 3.002182e+002
3.504000 3.002159e+002
3.506000 3.002136e+002
3.508000 3.002113e+002
3.510000 3.002090e+002
3.512000 3.002068e+002
3.514000 3.002045e+002
3.516000 3.002023e+002
3.518000 3.002001e+002
3.520000 3.001980e+002
3.522000 3.001958e+002
3.524000 3.001937e+002
3.526000 3.001916e+002
3.528000 3.001896e+002
3.530000 3.001875e+002
3.532000 3.001855e+002
3.534000 3.001835e+002
3.536000 3.001815e+002
3.538000 3.001795e+002
3.540000 3.001776e+002
3.542000 3.001756e+002
3.544000 3.001737e+002
3.546000 3.001718e+002
3.548000 3.001700e+002
3.550000 3.001681e+002
3.552000 3.001663e+002
3.554000 3.001645e+002
3.556000 3.001627e+002
3.558000 3.001609e+002
3.560000 3.001591e+002
3.562000 3.001574e+002
3.564000 3.001557e+002
3.566000 3.001540e+002
3.568000 3.001523e+002
3.570000 3.001506e+002
3.572000 3.001490e+002
3.574000 3.001474e+002
3.576000 3.001457e+002
3.578000 3.001441e+002
3.580000 3.001426e+002
3.582000 3.001410e+002
3.584000 3.001395e+002
3.586000 3.001379e+002
3.588000 3.001364e+002
3.590000 3.001349e+002
3.592000 3.001334e+002
3.594000 3.001320e+002
3.596000 3.001305e+002
3.598000 3.001291e+002
3.600000 3.001277e+002
3.602000 3.001263e+002
3.604000 3.001249e+002
3.606000 3.001235e+002
3.608000 3.001221e+002
3.610000 3.001208e+002
3.612000 3.001195e+002
3.614000 3.001181e+002
3.616000 3.001168e+002
3.618000 3.001156e+002
3.620000 3.001143e+002
3.622000 3.001130e+002
3.624000 3.001118e+002
3.626000 3.001105e+002
3.628000 3.001093e+002
3.630000 3.001081e+002
3.632000 3.001069e+002
3.634000 3.001057e+002
3.636000 3.001046e+002
3.638000 3.001034e+002
3.640000 3.001023e+002
3.642000 3.001011e+002
3.644000 3.001000e+002
3.646000 3.000989e+002
3.648000 3.000978e+002
3.650000 3.000967e+002
3.652000 3.000957e+002
3.654000 3.000946e+002
3.656000 3.000936e+002
3.658000 3.000925e+002
3.660000 3.000915e+002
3.662000 3.000905e+002
3.664000 3.000895e+002
3.666000 3.000885e+002
3.668000 3.000875e+002
3.670000 3.000866e+002
3.672000 3.000856e+002
3.674000 3.000847e+002
3.676000 3.000837e+002
3.678000 3.000828e+002
3.680000 3.000819e+002
3.682000 3.000810e+002
3.684000 3.000801e+002
3.686000 3.000792e+002
3.688000 3.000784e+002
3.690000 3.000775e+002
3.692000 3.000766e+002
3.694000 3.000758e+002
3.696000 3.000750e+002
3.698000 3.000741e+002
3.700000 3.000733e+002
3.702000 3.000725e+002
3.704000 3.000717e+002
3.706000 3.000709e+002
3.708000 3.000702e+002
3.710000 3.000694e+002
3.712000 3.000686e+002
3.714000 3.000679e+002
3.716000 3.000671e+002
3.718000 3.000664e+002
3.720000 3.000657e+002
3.722000 3.000650e+002
3.724000 3.000643e+002
3.726000 3.000636e+002
3.728000 3.000629e+002
3.730000 3.000622e+002
3.732000 3.000615e+002
3.734000 3.000609e+002
3.736000 3.000602e+002
3.738000 3.000596e+002
3.740000 3.000589e+002
3.742000 3.000583e+002
3.744000 3.000577e+002
3.746000 3.000570e+002
3.748000 3.000564e+002
3.750000 3.000558e+002
3.752000 3.000552e+002
3.754000 3.000546e+002
3.756000 3.000541e+002
3.758000 3.000535e+002
3.760000 3.000529e+002
3.762000 3.000524e+002
3.764000 3.000518e+002
3.766000 3.000513e+002
3.768000 3.000507e+002
3.770000 3.000502e+002
3.772000 3.000497e+002
3.774000 3.000492e+002
3.776000 3.000486e+002
3.778000 3.000481e+002
3.780000 3.000476e+002
3.782000 3.000471e+002
3.784000 3.000467e+002
3.786000 3.000462e+002
3.788000 3.000457e+002
3.790000 3.000452e+002
3.792000 3.000448e+002
3.794000 3.000443e+002
3.796000 3.000439e+002
3.798000 3.000434e+002
3.800000 3.000430e+002
3.802000 3.000426e+002
3.804000 3.000422e+002
3.806000 3.000417e+002
3.808000 3.000413e+002
3.810000 3.000409e+002
3.812000 3.000405e+002
3.814000 3.000401e+002
3.816000 3.000397e+002
3.818000 3.000394e+002
3.820000 3.000390e+002
3.822000 3.000386e+002
3.824000 3.000382e+002
3.826000 3.000379e+002
3.828000 3.000375e+002
3.830000 3.000372e+002
3.832000 3.000368e+002
3.834000 3.000365e+002
3.836000 3.000362e+002
3.838000 3.000358e+002
3.840000 3.000355e+002
3.842000 3.000352e+002
3.844000 3.000349e+002
3.846000 3.000346e+002
3.848000 3.000343e+002
3.850000 3.000340e+002
3.852000 3.000337e+002
3.854000 3.000334e+002
3.856000 3.000331e+002
3.858000 3.000328e+002
3.860000 3.000325e+002
3.862000 3.000323e+002
3.864000 3.000320e+002
3.866000 3.000317e+002
3.868000 3.000315e+002
3.870000 3.000312e+002
3.872000 3.000310e+002
3.874000 3.000307e+002
3.876000 3.000305e+002
3.878000 3.000303e+002
3.880000 3.000301e+002
3.882000 3.000298e+002
3.884000 3.000296e+002
3.886000 3.000294e+002
3.888000 3.000292e+002
3.890000 3.000290e+002
3.892000 3.000288e+002
3.894000 3.000286e+002
3.896000 3.000284e+002
3.898000 3.000282e+002
3.900000 3.000280e+002
3.902000 3.000278e+002
3.904000 3.000276e+002
3.906000 3.000275e+002
3.908000 3.000273e+002
3.910000 3.000271e+002
3.912000 3.000270e+002
3.914000 3.000268e+002
3.916000 3.000267e+002
3.918000 3.000265e+002
3.920000 3.000264e+002
3.922000 3.000262e+002
3.924000 3.000261e+002
3.926000 3.000260e+002
3.928000 3.000258e+002
3.930000 3.000257e+002
3.932000 3.000256e+002
3.934000 3.000255e+002
3.936000 3.000254e+002
3.938000 3.000253e+002
3.940000 3.000252e+002
3.942000 3.000251e+002
3.944000 3.000250e+002
3.946000 3.000249e+002
3.948000 3.000248e+002
3.950000 3.000247e+002
3.952000 3.000246e+002
3.954000 3.000245e+002
3.956000 3.000245e+002
3.958000 3.000244e+002
3.960000 3.000243e+002
3.962000 3.000243e+002
3.964000 3.000242e+002
3.966000 3.000241e+002
3.968000 3.000241e+002
3.970000 3.000240e+002
3.972000 3.000240e+002
3.974000 3.000240e+002
3.976000 3.000239e+002
3.978000 3.000239e+002
3.980000 3.000239e+002
3.982000 3.000238e+002
3.984000 3.000238e+002
3.986000 3.000238e+002
3.988000 3.000238e+002
3.990000 3.000238e+002
3.992000 3.000238e+002
3.994000 3.000238e+002
3.996000 3.000238e+002
3.998000 3.000000e+002
