0.000000 3.084973e+002
0.002000 3.094274e+002
0.004000 3.103574e+002
0.006000 3.112872e+002
0.008000 3.122169e+002
0.010000 3.131465e+002
0.012000 3.140760e+002
0.014000 3.150052e+002
0.016000 3.159343e+002
0.018000 3.168633e+002
0.020000 3.177920e+002
0.022000 3.187205e+002
0.024000 3.196489e+002
0.026000 3.205769e+002
0.028000 3.215048e+002
0.030000 3.224324e+002
0.032000 3.233598e+002
0.034000 3.242869e+002
0.036000 3.252137e+002
0.038000 3.261402e+002
0.040000 3.270664e+002
0.042000 3.279924e+002
0.044000 3.289180e+002
0.046000 3.298432e+002
0.048000 3.307682e+002
0.050000 3.316928e+002
0.052000 3.326170e+002
0.054000 3.335408e+002
0.056000 3.344643e+002
0.058000 3.353874e+002
0.060000 3.363100e+002
0.062000 3.372323e+002
0.064000 3.381541e+002
0.066000 3.390755e+002
0.068000 3.399965e+002
0.070000 3.409170e+002
0.072000 3.418370e+002
0.074000 3.427566e+002
0.076000 3.436757e+002
0.078000 3.445942e+002
0.080000 3.455123e+002
0.082000 3.464299e+002
0.084000 3.473469e+002
0.086000 3.482634e+002
0.088000 3.491793e+002
0.090000 3.500947e+002
0.092000 3.510095e+002
0.094000 3.519237e+002
0.096000 3.528374e+002
0.098000 3.537504e+002
0.100000 3.546628e+002
0.102000 3.555746e+002
0.104000 3.564858e+002
0.106000 3.573963e+002
0.108000 3.583062e+002
0.110000 3.592154e+002
0.112000 3.601240e+002
0.114000 3.610318e+002
0.116000 3.619390e+002
0.118000 3.628455e+002
0.120000 3.637512e+002
0.122000 3.646563e+002
0.124000 3.655606e+002
0.126000 3.664641e+002
0.128000 3.673669e+002
0.130000 3.682690e+002
0.132000 3.691702e+002
0.134000 3.700707e+002
0.136000 3.709704e+002
0.138000 3.718693e+002
0.140000 3.727673e+002
0.142000 3.736646e+002
0.144000 3.745610e+002
0.146000 3.754566e+002
0.148000 3.763513e+002
0.150000 3.772451e+002
0.152000 3.781381e+002
0.154000 3.790302e+002
0.156000 3.799214e+002
0.158000 3.808117e+002
0.160000 3.817011e+002
0.162000 3.825895e+002
0.164000 3.834770e+002
0.166000 3.843636e+002
0.168000 3.852493e+002
0.170000 3.861339e+002
0.172000 3.870176e+002
0.174000 3.879003e+002
0.176000 3.887820e+002
0.178000 3.896628e+002
0.180000 3.905425e+002
0.182000 3.914212e+002
0.184000 3.922988e+002
0.186000 3.931754e+002
0.188000 3.940510e+002
0.190000 3.949255e+002
0.192000 3.957989e+002
0.194000 3.966713e+002
0.196000 3.975426e+002
0.198000 3.984127e+002
0.200000 3.992818e+002
0.202000 4.001498e+002
0.204000 4.010166e+002
0.206000 4.018823e+002
0.208000 4.027468e+002
0.210000 4.036102e+002
0.212000 4.044724e+002
0.214000 4.053335e+002
0.216000 4.061934e+002
0.218000 4.070520e+002
0.220000 4.079095e+002
0.222000 4.087658e+002
0.224000 4.096208e+002
0.226000 4.104747e+002
0.228000 4.113273e+002
0.230000 4.121786e+002
0.232000 4.130287e+002
0.234000 4.138775e+002
0.236000 4.147250e+002
0.238000 4.155713e+002
0.240000 4.164163e+002
0.242000 4.172599e+002
0.244000 4.181023e+002
0.246000 4.189433e+002
0.248000 4.197830e+002
0.250000 4.206214e+002
0.252000 4.214584e+002
0.254000 4.222941e+002
0.256000 4.231284e+002
0.258000 4.239613e+002
0.260000 4.247929e+002
0.262000 4.256230e+002
0.264000 4.264518e+002
0.266000 4.272792e+002
0.268000 4.281051e+002
0.270000 4.289296e+002
0.272000 4.297527e+002
0.274000 4.305743e+002
0.276000 4.313945e+002
0.278000 4.322133e+002
0.280000 4.330305e+002
0.282000 4.338463e+002
0.284000 4.346606e+002
0.286000 4.354734e+002
0.288000 4.362847e+002
0.290000 4.370945e+002
0.292000 4.379028e+002
0.294000 4.387095e+002
0.296000 4.395147e+002
0.298000 4.403184e+002
0.300000 4.411205e+002
0.302000 4.419211e+002
0.304000 4.427200e+002
0.306000 4.435175e+002
0.308000 4.443133e+002
0.310000 4.451075e+002
0.312000 4.459001e+002
0.314000 4.466912e+002
0.316000 4.474806e+002
0.318000 4.482683e+002
0.320000 4.490545e+002
0.322000 4.498390e+002
0.324000 4.506219e+002
0.326000 4.514031e+002
0.328000 4.521826e+002
0.330000 4.529605e+002
0.332000 4.537366e+002
0.334000 4.545111e+002
0.336000 4.552839e+002
0.338000 4.560550e+002
0.340000 4.568244e+002
0.342000 4.575921e+002
0.344000 4.583580e+002
0.346000 4.591222e+002
0.348000 4.598847e+002
0.350000 4.606454e+002
0.352000 4.614044e+002
0.354000 4.621616e+002
0.356000 4.629170e+002
0.358000 4.636706e+002
0.360000 4.644225e+002
0.362000 4.651726e+002
0.364000 4.659208e+002
0.366000 4.666673e+002
0.368000 4.674119e+002
0.370000 4.681547e+002
0.372000 4.688957e+002
0.374000 4.696349e+002
0.376000 4.703722e+002
0.378000 4.711076e+002
0.380000 4.718412e+002
0.382000 4.725730e+002
0.384000 4.733028e+002
0.386000 4.740308e+002
0.388000 4.747569e+002
0.390000 4.754811e+002
0.392000 4.762034e+002
0.394000 4.769238e+002
0.396000 4.776423e+002
0.398000 4.783589e+002
0.400000 4.790735e+002
0.402000 4.797862e+002
0.404000 4.804970e+002
0.406000 4.812058e+002
0.408000 4.819127e+002
0.410000 4.826176e+002
0.412000 4.833206e+002
0.414000 4.840215e+002
0.416000 4.847205e+002
0.418000 4.854175e+002
0.420000 4.861126e+002
0.422000 4.868056e+002
0.424000 4.874966e+002
0.426000 4.881856e+002
0.428000 4.888726e+002
0.430000 4.895576e+002
0.432000 4.902405e+002
0.434000 4.909214e+002
0.436000 4.916003e+002
0.438000 4.922771e+002
0.440000 4.929518e+002
0.442000 4.936245e+002
0.444000 4.942952e+002
0.446000 4.949638e+002
0.448000 4.956303e+002
0.450000 4.962947e+002
0.452000 4.969570e+002
0.454000 4.976172e+002
0.456000 4.982753e+002
0.458000 4.989314e+002
0.460000 4.995853e+002
0.462000 5.002371e+002
0.464000 5.008868e+002
0.466000 5.015343e+002
0.468000 5.021797e+002
0.470000 5.028230e+002
0.472000 5.034641e+002
0.474000 5.041031e+002
0.476000 5.047400e+002
0.478000 5.053746e+002
0.480000 5.060071e+002
0.482000 5.066375e+002
0.484000 5.072656e+002
0.486000 5.078916e+002
0.488000 5.085154e+002
0.490000 5.091370e+002
0.492000 5.097564e+002
0.494000 5.103736e+002
0.496000 5.109886e+002
0.498000 5.116014e+002
0.500000 5.122120e+002
0.502000 5.128204e+002
0.504000 5.134265e+002
0.506000 5.140304e+002
0.508000 5.146321e+002
0.510000 5.152315e+002
0.512000 5.158287e+002
0.514000 5.164236e+002
0.516000 5.170163e+002
0.518000 5.176068e+002
0.520000 5.181949e+002
0.522000 5.187808e+002
0.524000 5.193645e+002
0.526000 5.199458e+002
0.528000 5.205249e+002
0.530000 5.211017e+002
0.532000 5.216762e+002
0.534000 5.222484e+002
0.536000 5.228183e+002
0.538000 5.233859e+002
0.540000 5.239513e+002
0.542000 5.245143e+002
0.544000 5.250750e+002
0.546000 5.256333e+002
0.548000 5.261894e+002
0.550000 5.267431e+002
0.552000 5.272945e+002
0.554000 5.278436e+002
0.556000 5.283903e+002
0.558000 5.289347e+002
0.560000 5.294768e+002
0.562000 5.300165e+002
0.564000 5.305538e+002
0.566000 5.310888e+002
0.568000 5.316215e+002
0.570000 5.321518e+002
0.572000 5.326797e+002
0.574000 5.332052e+002
0.576000 5.337284e+002
0.578000 5.342492e+002
0.580000 5.347676e+002
0.582000 5.352837e+002
0.584000 5.357974e+002
0.586000 5.363086e+002
0.588000 5.368175e+002
0.590000 5.373240e+002
0.592000 5.378281e+002
0.594000 5.383298e+002
0.596000 5.388291e+002
0.598000 5.393260e+002
0.600000 5.398204e+002
0.602000 5.403125e+002
0.604000 5.408021e+002
0.606000 5.412894e+002
0.608000 5.417742e+002
0.610000 5.422566e+002
0.612000 5.427365e+002
0.614000 5.432141e+002
0.616000 5.436892e+002
0.618000 5.441619e+002
0.620000 5.446321e+002
0.622000 5.450999e+002
0.624000 5.455652e+002
0.626000 5.460282e+002
0.628000 5.464886e+002
0.630000 5.469467e+002
0.632000 5.474022e+002
0.634000 5.478553e+002
0.636000 5.483060e+002
0.638000 5.487542e+002
0.640000 5.492000e+002
0.642000 5.496433e+002
0.644000 5.500841e+002
0.646000 5.505225e+002
0.648000 5.509584e+002
0.650000 5.513918e+002
0.652000 5.518227e+002
0.654000 5.522512e+002
0.656000 5.526772e+002
0.658000 5.531008e+002
0.660000 5.535218e+002
0.662000 5.539404e+002
0.664000 5.543565e+002
0.666000 5.547701e+002
0.668000 5.551813e+002
0.670000 5.555899e+002
0.672000 5.559961e+002
0.674000 5.563998e+002
0.676000 5.568010e+002
0.678000 5.571997e+002
0.680000 5.575959e+002
0.682000 5.579896e+002
0.684000 5.583808e+002
0.686000 5.587695e+002
0.688000 5.591557e+002
0.690000 5.595394e+002
0.692000 5.599207e+002
0.694000 5.602994e+002
0.696000 5.606756e+002
0.698000 5.610493e+002
0.700000 5.614206e+002
0.702000 5.617893e+002
0.704000 5.621555e+002
0.706000 5.625192e+002
0.708000 5.628804e+002
0.710000 5.632391e+002
0.712000 5.635953e+002
0.714000 5.639489e+002
0.716000 5.643001e+002
0.718000 5.646488e+002
0.720000 5.649949e+002
0.722000 5.653385e+002
0.724000 5.656797e+002
0.726000 5.660183e+002
0.728000 5.663544e+002
0.730000 5.666880e+002
0.732000 5.670190e+002
0.734000 5.673476e+002
0.736000 5.676737e+002
0.738000 5.679972e+002
0.740000 5.683182e+002
0.742000 5.686367e+002
0.744000 5.689527e+002
0.746000 5.692662e+002
0.748000 5.695772e+002
0.750000 5.698856e+002
0.752000 5.701916e+002
0.754000 5.704950e+002
0.756000 5.707959e+002
0.758000 5.710943e+002
0.760000 5.713902e+002
0.762000 5.716836e+002
0.764000 5.719745e+002
0.766000 5.722629e+002
0.768000 5.725487e+002
0.770000 5.728320e+002
0.772000 5.731129e+002
0.774000 5.733912e+002
0.776000 5.736670e+002
0.778000 5.739403e+002
0.780000 5.742111e+002
0.782000 5.744794e+002
0.784000 5.747451e+002
0.786000 5.750084e+002
0.788000 5.752692e+002
0.790000 5.755274e+002
0.792000 5.757832e+002
0.794000 5.760365e+002
0.796000 5.762872e+002
0.798000 5.765355e+002
0.800000 5.767812e+002
0.802000 5.770245e+002
0.804000 5.772652e+002
0.806000 5.775035e+002
0.808000 5.777393e+002
0.810000 5.779725e+002
0.812000 5.782033e+002
0.814000 5.784316e+002
0.816000 5.786574e+002
0.818000 5.788807e+002
0.820000 5.791015e+002
0.822000 5.793199e+002
0.824000 5.795357e+002
0.826000 5.797491e+002
0.828000 5.799600e+002
0.830000 5.801684e+002
0.832000 5.803743e+002
0.834000 5.805777e+002
0.836000 5.807787e+002
0.838000 5.809772e+002
0.840000 5.811732e+002
0.842000 5.813668e+002
0.844000 5.815579e+002
0.846000 5.817465e+002
0.848000 5.819326e+002
0.850000 5.821163e+002
0.852000 5.822975e+002
0.854000 5.824763e+002
0.856000 5.826526e+002
0.858000 5.828265e+002
0.860000 5.829979e+002
0.862000 5.831668e+002
0.864000 5.833333e+002
0.866000 5.834974e+002
0.868000 5.836590e+002
0.870000 5.838181e+002
0.872000 5.839749e+002
0.874000 5.841292e+002
0.876000 5.842810e+002
0.878000 5.844304e+002
0.880000 5.845774e+002
0.882000 5.847220e+002
0.884000 5.848641e+002
0.886000 5.850038e+002
0.888000 5.851411e+002
0.890000 5.852760e+002
0.892000 5.854084e+002
0.894000 5.855385e+002
0.896000 5.856661e+002
0.898000 5.857913e+002
0.900000 5.859141e+002
0.902000 5.860345e+002
0.904000 5.861525e+002
0.906000 5.862681e+002
0.908000 5.863814e+002
0.910000 5.864922e+002
0.912000 5.866006e+002
0.914000 5.867067e+002
0.916000 5.868104e+002
0.918000 5.869116e+002
0.920000 5.870106e+002
0.922000 5.871071e+002
0.924000 5.872013e+002
0.926000 5.872931e+002
0.928000 5.873825e+002
0.930000 5.874696e+002
0.932000 5.875543e+002
0.934000 5.876367e+002
0.936000 5.877167e+002
0.938000 5.877944e+002
0.940000 5.878697e+002
0.942000 5.879427e+002
0.944000 5.880133e+002
0.946000 5.880816e+002
0.948000 5.881476e+002
0.950000 5.882112e+002
0.952000 5.882726e+002
0.954000 5.883316e+002
0.956000 5.883882e+002
0.958000 5.884426e+002
0.960000 5.884947e+002
0.962000 5.885444e+002
0.964000 5.885919e+002
0.966000 5.886370e+002
0.968000 5.886799e+002
0.970000 5.887205e+002
0.972000 5.887588e+002
0.974000 5.887947e+002
0.976000 5.888285e+002
0.978000 5.888599e+002
0.980000 5.888891e+002
0.982000 5.889160e+002
0.984000 5.889406e+002
0.986000 5.889630e+002
0.988000 5.889831e+002
0.990000 5.890010e+002
0.992000 5.890166e+002
0.994000 5.890300e+002
0.996000 5.890411e+002
0.998000 5.890500e+002
1.000000 5.890567e+002
1.002000 5.890611e+002
1.004000 5.890633e+002
1.006000 5.890633e+002
1.008000 5.890611e+002
1.010000 5.890567e+002
1.012000 5.890501e+002
1.014000 5.890412e+002
1.016000 5.890302e+002
1.018000 5.890170e+002
1.020000 5.890015e+002
1.022000 5.889839e+002
1.024000 5.889642e+002
1.026000 5.889422e+002
1.028000 5.889181e+002
1.030000 5.888918e+002
1.032000 5.888634e+002
1.034000 5.888327e+002
1.036000 5.888000e+002
1.038000 5.887651e+002
1.040000 5.887280e+002
1.042000 5.886888e+002
1.044000 5.886475e+002
1.046000 5.886041e+002
1.048000 5.885585e+002
1.050000 5.885108e+002
1.052000 5.884610e+002
1.054000 5.884091e+002
1.056000 5.883550e+002
1.058000 5.882989e+002
1.060000 5.882407e+002
1.062000 5.881804e+002
1.064000 5.881180e+002
1.066000 5.880535e+002
1.068000 5.879870e+002
1.070000 5.879183e+002
1.072000 5.878476e+002
1.074000 5.877749e+002
1.076000 5.877001e+002
1.078000 5.876232e+002
1.080000 5.875443e+002
1.082000 5.874634e+002
1.084000 5.873804e+002
1.086000 5.872954e+002
1.088000 5.872084e+002
1.090000 5.871194e+002
1.092000 5.870283e+002
1.094000 5.869352e+002
1.096000 5.868402e+002
1.098000 5.867431e+002
1.100000 5.866440e+002
1.102000 5.865430e+002
1.104000 5.864400e+002
1.106000 5.863349e+002
1.108000 5.862280e+002
1.110000 5.861190e+002
1.112000 5.860081e+002
1.114000 5.858952e+002
1.116000 5.857804e+002
1.118000 5.856637e+002
1.120000 5.855450e+002
1.122000 5.854244e+002
1.124000 5.853018e+002
1.126000 5.851773e+002
1.128000 5.850509e+002
1.130000 5.849226e+002
1.132000 5.847924e+002
1.134000 5.846603e+002
1.136000 5.845263e+002
1.138000 5.843904e+002
1.140000 5.842526e+002
1.142000 5.841130e+002
1.144000 5.839714e+002
1.146000 5.838280e+002
1.148000 5.836828e+002
1.150000 5.835357e+002
1.152000 5.833867e+002
1.154000 5.832359e+002
1.156000 5.830833e+002
1.158000 5.829288e+002
1.160000 5.827726e+002
1.162000 5.826144e+002
1.164000 5.824545e+002
1.166000 5.822928e+002
1.168000 5.821293e+002
1.170000 5.819639e+002
1.172000 5.817968e+002
1.174000 5.816279e+002
1.176000 5.814572e+002
1.178000 5.812848e+002
1.180000 5.811105e+002
1.182000 5.809346e+002
1.184000 5.807568e+002
1.186000 5.805774e+002
1.188000 5.803961e+002
1.190000 5.802132e+002
1.192000 5.800285e+002
1.194000 5.798421e+002
1.196000 5.796539e+002
1.198000 5.794641e+002
1.200000 5.792725e+002
1.202000 5.790793e+002
1.204000 5.788843e+002
1.206000 5.786877e+002
1.208000 5.784894e+002
1.210000 5.782894e+002
1.212000 5.780877e+002
1.214000 5.778844e+002
1.216000 5.776794e+002
1.218000 5.774728e+002
1.220000 5.772645e+002
1.222000 5.770546e+002
1.224000 5.768431e+002
1.226000 5.766299e+002
1.228000 5.764151e+002
1.230000 5.761987e+002
1.232000 5.759807e+002
1.234000 5.757611e+002
1.236000 5.755399e+002
1.238000 5.753171e+002
1.240000 5.750927e+002
1.242000 5.748668e+002
1.244000 5.746393e+002
1.246000 5.744102e+002
1.248000 5.741796e+002
1.250000 5.739474e+002
1.252000 5.737137e+002
1.254000 5.734784e+002
1.256000 5.732416e+002
1.258000 5.730033e+002
1.260000 5.727634e+002
1.262000 5.725221e+002
1.264000 5.722792e+002
1.266000 5.720349e+002
1.268000 5.717890e+002
1.270000 5.715417e+002
1.272000 5.712929e+002
1.274000 5.710426e+002
1.276000 5.707909e+002
1.278000 5.705376e+002
1.280000 5.702830e+002
1.282000 5.700269e+002
1.284000 5.697693e+002
1.286000 5.695103e+002
1.288000 5.692499e+002
1.290000 5.689881e+002
1.292000 5.687248e+002
1.294000 5.684602e+002
1.296000 5.681941e+002
1.298000 5.679267e+002
1.300000 5.676578e+002
1.302000 5.673876e+002
1.304000 5.671160e+002
1.306000 5.668430e+002
1.308000 5.665687e+002
1.310000 5.662930e+002
1.312000 5.660160e+002
1.314000 5.657376e+002
1.316000 5.654579e+002
1.318000 5.651768e+002
1.320000 5.648945e+002
1.322000 5.646108e+002
1.324000 5.643258e+002
1.326000 5.640395e+002
1.328000 5.637519e+002
1.330000 5.634630e+002
1.332000 5.631728e+002
1.334000 5.628814e+002
1.336000 5.625887e+002
1.338000 5.622947e+002
1.340000 5.619995e+002
1.342000 5.617030e+002
1.344000 5.614053e+002
1.346000 5.611063e+002
1.348000 5.608061e+002
1.350000 5.605047e+002
1.352000 5.602020e+002
1.354000 5.598982e+002
1.356000 5.595931e+002
1.358000 5.592869e+002
1.360000 5.589794e+002
1.362000 5.586708e+002
1.364000 5.583610e+002
1.366000 5.580500e+002
1.368000 5.577379e+002
1.370000 5.574246e+002
1.372000 5.571102e+002
1.374000 5.567946e+002
1.376000 5.564778e+002
1.378000 5.561600e+002
1.380000 5.558410e+002
1.382000 5.555209e+002
1.384000 5.551997e+002
1.386000 5.548774e+002
1.388000 5.545539e+002
1.390000 5.542294e+002
1.392000 5.539038e+002
1.394000 5.535772e+002
1.396000 5.532494e+002
1.398000 5.529206e+002
1.400000 5.525907e+002
1.402000 5.522598e+002
1.404000 5.519279e+002
1.406000 5.515949e+002
1.408000 5.512608e+002
1.410000 5.509258e+002
1.412000 5.505897e+002
1.414000 5.502526e+002
1.416000 5.499145e+002
1.418000 5.495754e+002
1.420000 5.492353e+002
1.422000 5.488943e+002
1.424000 5.485522e+002
1.426000 5.482092e+002
1.428000 5.478652e+002
1.430000 5.475203e+002
1.432000 5.471744e+002
1.434000 5.468275e+002
1.436000 5.464797e+002
1.438000 5.461310e+002
1.440000 5.457814e+002
1.442000 5.454308e+002
1.444000 5.450793e+002
1.446000 5.447269e+002
1.448000 5.443737e+002
1.450000 5.440195e+002
1.452000 5.436644e+002
1.454000 5.433085e+002
1.456000 5.429517e+002
1.458000 5.425940e+002
1.460000 5.422354e+002
1.462000 5.418760e+002
1.464000 5.415158e+002
1.466000 5.411547e+002
1.468000 5.407928e+002
1.470000 5.404300e+002
1.472000 5.400664e+002
1.474000 5.397020e+002
1.476000 5.393369e+002
1.478000 5.389709e+002
1.480000 5.386041e+002
1.482000 5.382365e+002
1.484000 5.378681e+002
1.486000 5.374990e+002
1.488000 5.371290e+002
1.490000 5.367584e+002
1.492000 5.363869e+002
1.494000 5.360147e+002
1.496000 5.356418e+002
1.498000 5.352681e+002
1.500000 5.348937e+002
1.502000 5.345186e+002
1.504000 5.341428e+002
1.506000 5.337662e+002
1.508000 5.333890e+002
1.510000 5.330110e+002
1.512000 5.326324e+002
1.514000 5.322530e+002
1.516000 5.318730e+002
1.518000 5.314923e+002
1.520000 5.311109e+002
1.522000 5.307289e+002
1.524000 5.303462e+002
1.526000 5.299629e+002
1.528000 5.295789e+002
1.530000 5.291943e+002
1.532000 5.288091e+002
1.534000 5.284232e+002
1.536000 5.280368e+002
1.538000 5.276497e+002
1.540000 5.272620e+002
1.542000 5.268737e+002
1.544000 5.264848e+002
1.546000 5.260954e+002
1.548000 5.257053e+002
1.550000 5.253147e+002
1.552000 5.249235e+002
1.554000 5.245317e+002
1.556000 5.241394e+002
1.558000 5.237466e+002
1.560000 5.233532e+002
1.562000 5.229593e+002
1.564000 5.225648e+002
1.566000 5.221698e+002
1.568000 5.217743e+002
1.570000 5.213783e+002
1.572000 5.209817e+002
1.574000 5.205847e+002
1.576000 5.201872e+002
1.578000 5.197892e+002
1.580000 5.193907e+002
1.582000 5.189917e+002
1.584000 5.185923e+002
1.586000 5.181924e+002
1.588000 5.177921e+002
1.590000 5.173912e+002
1.592000 5.169900e+002
1.594000 5.165883e+002
1.596000 5.161862e+002
1.598000 5.157836e+002
1.600000 5.153806e+002
1.602000 5.149773e+002
1.604000 5.145735e+002
1.606000 5.141693e+002
1.608000 5.137646e+002
1.610000 5.133597e+002
1.612000 5.129543e+002
1.614000 5.125485e+002
1.616000 5.121424e+002
1.618000 5.117359e+002
1.620000 5.113290e+002
1.622000 5.109218e+002
1.624000 5.105142e+002
1.626000 5.101063e+002
1.628000 5.096980e+002
1.630000 5.092894e+002
1.632000 5.088805e+002
1.634000 5.084712e+002
1.636000 5.080617e+002
1.638000 5.076518e+002
1.640000 5.072416e+002
1.642000 5.068311e+002
1.644000 5.064203e+002
1.646000 5.060093e+002
1.648000 5.055979e+002
1.650000 5.051863e+002
1.652000 5.047744e+002
1.654000 5.043622e+002
1.656000 5.039498e+002
1.658000 5.035371e+002
1.660000 5.031242e+002
1.662000 5.027110e+002
1.664000 5.022976e+002
1.666000 5.018840e+002
1.668000 5.014701e+002
1.670000 5.010560e+002
1.672000 5.006417e+002
1.674000 5.002272e+002
1.676000 4.998125e+002
1.678000 4.993976e+002
1.680000 4.989825e+002
1.682000 4.985671e+002
1.684000 4.981517e+002
1.686000 4.977360e+002
1.688000 4.973201e+002
1.690000 4.969041e+002
1.692000 4.964880e+002
1.694000 4.960716e+002
1.696000 4.956552e+002
1.698000 4.952385e+002
1.700000 4.948218e+002
1.702000 4.944049e+002
1.704000 4.939878e+002
1.706000 4.935707e+002
1.708000 4.931534e+002
1.710000 4.927360e+002
1.712000 4.923185e+002
1.714000 4.919009e+002
1.716000 4.914832e+002
1.718000 4.910654e+002
1.720000 4.906475e+002
1.722000 4.902295e+002
1.724000 4.898115e+002
1.726000 4.893934e+002
1.728000 4.889752e+002
1.730000 4.885569e+002
1.732000 4.881386e+002
1.734000 4.877202e+002
1.736000 4.873018e+002
1.738000 4.868833e+002
1.740000 4.864648e+002
1.742000 4.860463e+002
1.744000 4.856278e+002
1.746000 4.852092e+002
1.748000 4.847906e+002
1.750000 4.843719e+002
1.752000 4.839533e+002
1.754000 4.835347e+002
1.756000 4.831160e+002
1.758000 4.826974e+002
1.760000 4.822788e+002
1.762000 4.818602e+002
1.764000 4.814416e+002
1.766000 4.810231e+002
1.768000 4.806045e+002
1.770000 4.801860e+002
1.772000 4.797676e+002
1.774000 4.793492e+002
1.776000 4.789308e+002
1.778000 4.785125e+002
1.780000 4.780943e+002
1.782000 4.776761e+002
1.784000 4.772579e+002
1.786000 4.768399e+002
1.788000 4.764219e+002
1.790000 4.760040e+002
1.792000 4.755862e+002
1.794000 4.751685e+002
1.796000 4.747509e+002
1.798000 4.743333e+002
1.800000 4.739159e+002
1.802000 4.734986e+002
1.804000 4.730814e+002
1.806000 4.726643e+002
1.808000 4.722473e+002
1.810000 4.718305e+002
1.812000 4.714137e+002
1.814000 4.709972e+002
1.816000 4.705807e+002
1.818000 4.701644e+002
1.820000 4.697483e+002
1.822000 4.693323e+002
1.824000 4.689164e+002
1.826000 4.685007e+002
1.828000 4.680852e+002
1.830000 4.676698e+002
1.832000 4.672547e+002
1.834000 4.668397e+002
1.836000 4.664248e+002
1.838000 4.660102e+002
1.840000 4.655957e+002
1.842000 4.651815e+002
1.844000 4.647674e+002
1.846000 4.643536e+002
1.848000 4.639399e+002
1.850000 4.635265e+002
1.852000 4.631132e+002
1.854000 4.627002e+002
1.856000 4.622874e+002
1.858000 4.618748e+002
1.860000 4.614625e+002
1.862000 4.610504e+002
1.864000 4.606385e+002
1.866000 4.602269e+002
1.868000 4.598155e+002
1.870000 4.594044e+002
1.872000 4.589935e+002
1.874000 4.585829e+002
1.876000 4.581725e+002
1.878000 4.577624e+002
1.880000 4.573526e+002
1.882000 4.569430e+002
1.884000 4.565338e+002
1.886000 4.561248e+002
1.888000 4.557160e+002
1.890000 4.553076e+002
1.892000 4.548995e+002
1.894000 4.544916e+002
1.896000 4.540841e+002
1.898000 4.536768e+002
1.900000 4.532699e+002
1.902000 4.528632e+002
1.904000 4.524569e+002
1.906000 4.520509e+002
1.908000 4.516452e+002
1.910000 4.512398e+002
1.912000 4.508348e+002
1.914000 4.504301e+002
1.916000 4.500257e+002
1.918000 4.496217e+002
1.920000 4.492180e+002
1.922000 4.488146e+002
1.924000 4.484116e+002
1.926000 4.480089e+002
1.928000 4.476066e+002
1.930000 4.472047e+002
1.932000 4.468031e+002
1.934000 4.464018e+002
1.936000 4.460010e+002
1.938000 4.456005e+002
1.940000 4.452004e+002
1.942000 4.448006e+002
1.944000 4.444013e+002
1.946000 4.440023e+002
1.948000 4.436037e+002
1.950000 4.432055e+002
1.952000 4.428077e+002
1.954000 4.424103e+002
1.956000 4.420133e+002
1.958000 4.416167e+002
1.960000 4.412205e+002
1.962000 4.408247e+002
1.964000 4.404293e+002
1.966000 4.400343e+002
1.968000 4.396398e+002
1.970000 4.392456e+002
1.972000 4.388519e+002
1.974000 4.384586e+002
1.976000 4.380658e+002
1.978000 4.376733e+002
1.980000 4.372813e+002
1.982000 4.368898e+002
1.984000 4.364987e+002
1.986000 4.361080e+002
1.988000 4.357178e+002
1.990000 4.353280e+002
1.992000 4.349387e+002
1.994000 4.345498e+002
1.996000 4.341614e+002
1.998000 4.337735e+002
2.000000 4.333860e+002
2.002000 4.329989e+002
2.004000 4.326124e+002
2.006000 4.322263e+002
2.008000 4.318407e+002
2.010000 4.314556e+002
2.012000 4.310709e+002
2.014000 4.306867e+002
2.016000 4.303030e+002
2.018000 4.299198e+002
2.020000 4.295371e+002
2.022000 4.291549e+002
2.024000 4.287732e+002
2.026000 4.283919e+002
2.028000 4.280112e+002
2.030000 4.276310e+002
2.032000 4.272513e+002
2.034000 4.268720e+002
2.036000 4.264933e+002
2.038000 4.261151e+002
2.040000 4.257374e+002
2.042000 4.253603e+002
2.044000 4.249836e+002
2.046000 4.246075e+002
2.048000 4.242319e+002
2.050000 4.238568e+002
2.052000 4.234822e+002
2.054000 4.231082e+002
2.056000 4.227347e+002
2.058000 4.223618e+002
2.060000 4.219893e+002
2.062000 4.216175e+002
2.064000 4.212461e+002
2.066000 4.208753e+002
2.068000 4.205051e+002
2.070000 4.201354e+002
2.072000 4.197662e+002
2.074000 4.193976e+002
2.076000 4.190295e+002
2.078000 4.186620e+002
2.080000 4.182951e+002
2.082000 4.179287e+002
2.084000 4.175629e+002
2.086000 4.171977e+002
2.088000 4.168330e+002
2.090000 4.164688e+002
2.092000 4.161053e+002
2.094000 4.157423e+002
2.096000 4.153799e+002
2.098000 4.150181e+002
2.100000 4.146568e+002
2.102000 4.142961e+002
2.104000 4.139360e+002
2.106000 4.135765e+002
2.108000 4.132176e+002
2.110000 4.128593e+002
2.112000 4.125015e+002
2.114000 4.121444e+002
2.116000 4.117878e+002
2.118000 4.114318e+002
2.120000 4.110764e+002
2.122000 4.107216e+002
2.124000 4.103674e+002
2.126000 4.100139e+002
2.128000 4.096609e+002
2.130000 4.093085e+002
2.132000 4.089567e+002
2.134000 4.086055e+002
2.136000 4.082550e+002
2.138000 4.079050e+002
2.140000 4.075557e+002
2.142000 4.072069e+002
2.144000 4.068588e+002
2.146000 4.065113e+002
2.148000 4.061644e+002
2.150000 4.058182e+002
2.152000 4.054725e+002
2.154000 4.051275e+002
2.156000 4.047831e+002
2.158000 4.044393e+002
2.160000 4.040962e+002
2.162000 4.037537e+002
2.164000 4.034118e+002
2.166000 4.030705e+002
2.168000 4.027299e+002
2.170000 4.023899e+002
2.172000 4.020505e+002
2.174000 4.017118e+002
2.176000 4.013737e+002
2.178000 4.010362e+002
2.180000 4.006994e+002
2.182000 4.003633e+002
2.184000 4.000277e+002
2.186000 3.996928e+002
2.188000 3.993586e+002
2.190000 3.990250e+002
2.192000 3.986920e+002
2.194000 3.983597e+002
2.196000 3.980280e+002
2.198000 3.976970e+002
2.200000 3.973667e+002
2.202000 3.970370e+002
2.204000 3.967079e+002
2.206000 3.963795e+002
2.208000 3.960518e+002
2.210000 3.957247e+002
2.212000 3.953982e+002
2.214000 3.950725e+002
2.216000 3.947473e+002
2.218000 3.944229e+002
2.220000 3.940991e+002
2.222000 3.937759e+002
2.224000 3.934535e+002
2.226000 3.931317e+002
2.228000 3.928105e+002
2.230000 3.924900e+002
2.232000 3.921702e+002
2.234000 3.918511e+002
2.236000 3.915326e+002
2.238000 3.912148e+002
2.240000 3.908976e+002
2.242000 3.905812e+002
2.244000 3.902654e+002
2.246000 3.899503e+002
2.248000 3.896358e+002
2.250000 3.893220e+002
2.252000 3.890089e+002
2.254000 3.886965e+002
2.256000 3.883847e+002
2.258000 3.880736e+002
2.260000 3.877632e+002
2.262000 3.874535e+002
2.264000 3.871445e+002
2.266000 3.868361e+002
2.268000 3.865284e+002
2.270000 3.862214e+002
2.272000 3.859151e+002
2.274000 3.856094e+002
2.276000 3.853045e+002
2.278000 3.850002e+002
2.280000 3.846966e+002
2.282000 3.843937e+002
2.284000 3.840914e+002
2.286000 3.837899e+002
2.288000 3.834890e+002
2.290000 3.831888e+002
2.292000 3.828893e+002
2.294000 3.825905e+002
2.296000 3.822924e+002
2.298000 3.819950e+002
2.300000 3.816982e+002
2.302000 3.814022e+002
2.304000 3.811068e+002
2.306000 3.808121e+002
2.308000 3.805181e+002
2.310000 3.802248e+002
2.312000 3.799322e+002
2.314000 3.796403e+002
2.316000 3.793491e+002
2.318000 3.790585e+002
2.320000 3.787687e+002
2.322000 3.784795e+002
2.324000 3.781911e+002
2.326000 3.779033e+002
2.328000 3.776162e+002
2.330000 3.773298e+002
2.332000 3.770441e+002
2.334000 3.767591e+002
2.336000 3.764748e+002
2.338000 3.761912e+002
2.340000 3.759083e+002
2.342000 3.756260e+002
2.344000 3.753445e+002
2.346000 3.750637e+002
2.348000 3.747835e+002
2.350000 3.745041e+002
2.352000 3.742253e+002
2.354000 3.739472e+002
2.356000 3.736699e+002
2.358000 3.733932e+002
2.360000 3.731172e+002
2.362000 3.728419e+002
2.364000 3.725673e+002
2.366000 3.722934e+002
2.368000 3.720202e+002
2.370000 3.717477e+002
2.372000 3.714759e+002
2.374000 3.712048e+002
2.376000 3.709344e+002
2.378000 3.706646e+002
2.380000 3.703956e+002
2.382000 3.701273e+002
2.384000 3.698596e+002
2.386000 3.695927e+002
2.388000 3.693264e+002
2.390000 3.690608e+002
2.392000 3.687960e+002
2.394000 3.685318e+002
2.396000 3.682683e+002
2.398000 3.680055e+002
2.400000 3.677434e+002
2.402000 3.674820e+002
2.404000 3.672213e+002
2.406000 3.669613e+002
2.408000 3.667020e+002
2.410000 3.664433e+002
2.412000 3.661854e+002
2.414000 3.659282e+002
2.416000 3.656716e+002
2.418000 3.654157e+002
2.420000 3.651606e+002
2.422000 3.649061e+002
2.424000 3.646523e+002
2.426000 3.643992e+002
2.428000 3.641468e+002
2.430000 3.638951e+002
2.432000 3.636441e+002
2.434000 3.633937e+002
2.436000 3.631441e+002
2.438000 3.628951e+002
2.440000 3.626469e+002
2.442000 3.623993e+002
2.444000 3.621524e+002
2.446000 3.619062e+002
2.448000 3.616607e+002
2.450000 3.614158e+002
2.452000 3.611717e+002
2.454000 3.609282e+002
2.456000 3.606854e+002
2.458000 3.604434e+002
2.460000 3.602019e+002
2.462000 3.599612e+002
2.464000 3.597212e+002
2.466000 3.594818e+002
2.468000 3.592432e+002
2.470000 3.590052e+002
2.472000 3.587679e+002
2.474000 3.585312e+002
2.476000 3.582953e+002
2.478000 3.580600e+002
2.480000 3.578255e+002
2.482000 3.575916e+002
2.484000 3.573583e+002
2.486000 3.571258e+002
2.488000 3.568939e+002
2.490000 3.566627e+002
2.492000 3.564322e+002
2.494000 3.562024e+002
2.496000 3.559732e+002
2.498000 3.557447e+002
2.500000 3.555169e+002
2.502000 3.552898e+002
2.504000 3.550633e+002
2.506000 3.548375e+002
2.508000 3.546124e+002
2.510000 3.543879e+002
2.512000 3.541641e+002
2.514000 3.539410e+002
2.516000 3.537186e+002
2.518000 3.534968e+002
2.520000 3.532757e+002
2.522000 3.530553e+002
2.524000 3.528355e+002
2.526000 3.526164e+002
2.528000 3.523980e+002
2.530000 3.521802e+002
2.532000 3.519631e+002
2.534000 3.517466e+002
2.536000 3.515308e+002
2.538000 3.513157e+002
2.540000 3.511013e+002
2.542000 3.508875e+002
2.544000 3.506743e+002
2.546000 3.504618e+002
2.548000 3.502500e+002
2.550000 3.500388e+002
2.552000 3.498283e+002
2.554000 3.496185e+002
2.556000 3.494093e+002
2.558000 3.492007e+002
2.560000 3.489928e+002
2.562000 3.487856e+002
2.564000 3.485790e+002
2.566000 3.483731e+002
2.568000 3.481678e+002
2.570000 3.479631e+002
2.572000 3.477592e+002
2.574000 3.475558e+002
2.576000 3.473531e+002
2.578000 3.471511e+002
2.580000 3.469497e+002
2.582000 3.467489e+002
2.584000 3.465488e+002
2.586000 3.463493e+002
2.588000 3.461505e+002
2.590000 3.459523e+002
2.592000 3.457547e+002
2.594000 3.455578e+002
2.596000 3.453615e+002
2.598000 3.451659e+002
2.600000 3.449709e+002
2.602000 3.447765e+002
2.604000 3.445828e+002
2.606000 3.443897e+002
2.608000 3.441972e+002
2.610000 3.440054e+002
2.612000 3.438142e+002
2.614000 3.436236e+002
2.616000 3.434337e+002
2.618000 3.432443e+002
2.620000 3.430557e+002
2.622000 3.428676e+002
2.624000 3.426801e+002
2.626000 3.424933e+002
2.628000 3.423071e+002
2.630000 3.421216e+002
2.632000 3.419366e+002
2.634000 3.417523e+002
2.636000 3.415686e+002
2.638000 3.413855e+002
2.640000 3.412030e+002
2.642000 3.410211e+002
2.644000 3.408399e+002
2.646000 3.406592e+002
2.648000 3.404792e+002
2.650000 3.402998e+002
2.652000 3.401210e+002
2.654000 3.399428e+002
2.656000 3.397652e+002
2.658000 3.395883e+002
2.660000 3.394119e+002
2.662000 3.392361e+002
2.664000 3.390610e+002
2.666000 3.388864e+002
2.668000 3.387125e+002
2.670000 3.385391e+002
2.672000 3.383664e+002
2.674000 3.381942e+002
2.676000 3.380227e+002
2.678000 3.378517e+002
2.680000 3.376813e+002
2.682000 3.375116e+002
2.684000 3.373424e+002
2.686000 3.371738e+002
2.688000 3.370058e+002
2.690000 3.368384e+002
2.692000 3.366716e+002
2.694000 3.365054e+002
2.696000 3.363398e+002
2.698000 3.361747e+002
2.700000 3.360103e+002
2.702000 3.358464e+002
2.704000 3.356831e+002
2.706000 3.355204e+002
2.708000 3.353582e+002
2.710000 3.351967e+002
2.712000 3.350357e+002
2.714000 3.348753e+002
2.716000 3.347155e+002
2.718000 3.345562e+002
2.720000 3.343975e+002
2.722000 3.342394e+002
2.724000 3.340819e+002
2.726000 3.339249e+002
2.728000 3.337685e+002
2.730000 3.336127e+002
2.732000 3.334574e+002
2.734000 3.333027e+002
2.736000 3.331486e+002
2.738000 3.329950e+002
2.740000 3.328420e+002
2.742000 3.326896e+002
2.744000 3.325377e+002
2.746000 3.323863e+002
2.748000 3.322355e+002
2.750000 3.320853e+002
2.752000 3.319357e+002
2.754000 3.317865e+002
2.756000 3.316380e+002
2.758000 3.314900e+002
2.760000 3.313425e+002
2.762000 3.311956e+002
2.764000 3.310492e+002
2.766000 3.309034e+002
2.768000 3.307581e+002
2.770000 3.306134e+002
2.772000 3.304692e+002
2.774000 3.303256e+002
2.776000 3.301824e+002
2.778000 3.300399e+002
2.780000 3.298978e+002
2.782000 3.297563e+002
2.784000 3.296154e+002
2.786000 3.294750e+002
2.788000 3.293351e+002
2.790000 3.291957e+002
2.792000 3.290569e+002
2.794000 3.289186e+002
2.796000 3.287808e+002
2.798000 3.286435e+002
2.800000 3.285068e+002
2.802000 3.283706e+002
2.804000 3.282349e+002
2.806000 3.280997e+002
2.808000 3.279651e+002
2.810000 3.278310e+002
2.812000 3.276974e+002
2.814000 3.275643e+002
2.816000 3.274317e+002
2.818000 3.272997e+002
2.820000 3.271681e+002
2.822000 3.270371e+002
2.824000 3.269066e+002
2.826000 3.267766e+002
2.828000 3.266470e+002
2.830000 3.265180e+002
2.832000 3.263895e+002
2.834000 3.262616e+002
2.836000 3.261341e+002
2.838000 3.260071e+002
2.840000 3.258806e+002
2.842000 3.257546e+002
2.844000 3.256291e+002
2.846000 3.255041e+002
2.848000 3.253796e+002
2.850000 3.252556e+002
2.852000 3.251321e+002
2.854000 3.250091e+002
2.856000 3.248865e+002
2.858000 3.247645e+002
2.860000 3.246429e+002
2.862000 3.245219e+002
2.864000 3.244013e+002
2.866000 3.242812e+002
2.868000 3.241615e+002
2.870000 3.240424e+002
2.872000 3.239237e+002
2.874000 3.238056e+002
2.876000 3.236878e+002
2.878000 3.235706e+002
2.880000 3.234539e+002
2.882000 3.233376e+002
2.884000 3.232218e+002
2.886000 3.231064e+002
2.888000 3.229916e+002
2.890000 3.228772e+002
2.892000 3.227632e+002
2.894000 3.226498e+002
2.896000 3.225367e+002
2.898000 3.224242e+002
2.900000 3.223121e+002
2.902000 3.222005e+002
2.904000 3.220893e+002
2.906000 3.219786e+002
2.908000 3.218684e+002
2.910000 3.217586e+002
2.912000 3.216493e+002
2.914000 3.215404e+002
2.916000 3.214320e+002
2.918000 3.213240e+002
2.920000 3.212164e+002
2.922000 3.211094e+002
2.924000 3.210027e+002
2.926000 3.208965e+002
2.928000 3.207908e+002
2.930000 3.206855e+002
2.932000 3.205806e+002
2.934000 3.204762e+002
2.936000 3.203722e+002
2.938000 3.202687e+002
2.940000 3.201655e+002
2.942000 3.200629e+002
2.944000 3.199606e+002
2.946000 3.198588e+002
2.948000 3.197574e+002
2.950000 3.196565e+002
2.952000 3.195560e+002
2.954000 3.194559e+002
2.956000 3.193562e+002
2.958000 3.192570e+002
2.960000 3.191582e+002
2.962000 3.190598e+002
2.964000 3.189618e+002
2.966000 3.188642e+002
2.968000 3.187671e+002
2.970000 3.186704e+002
2.972000 3.185741e+002
2.974000 3.184782e+002
2.976000 3.183827e+002
2.978000 3.182877e+002
2.980000 3.181930e+002
2.982000 3.180988e+002
2.984000 3.180049e+002
2.986000 3.179115e+002
2.988000 3.178185e+002
2.990000 3.177259e+002
2.992000 3.176337e+002
2.994000 3.175419e+002
2.996000 3.174504e+002
2.998000 3.173594e+002
3.000000 3.172688e+002
3.002000 3.171786e+002
3.004000 3.170888e+002
3.006000 3.169994e+002
3.008000 3.169104e+002
3.010000 3.168217e+002
3.012000 3.167335e+002
3.014000 3.166456e+002
3.016000 3.165582e+002
3.018000 3.164711e+002
3.020000 3.163844e+002
3.022000 3.162981e+002
3.024000 3.162122e+002
3.026000 3.161266e+002
3.028000 3.160415e+002
3.030000 3.159567e+002
3.032000 3.158723e+002
3.034000 3.157883e+002
3.036000 3.157046e+002
3.038000 3.156213e+002
3.040000 3.155384e+002
3.042000 3.154559e+002
3.044000 3.153738e+002
3.046000 3.152920e+002
3.048000 3.152106e+002
3.050000 3.151295e+002
3.052000 3.150488e+002
3.054000 3.149685e+002
3.056000 3.148886e+002
3.058000 3.148090e+002
3.060000 3.147298e+002
3.062000 3.146509e+002
3.064000 3.145724e+002
3.066000 3.144942e+002
3.068000 3.144164e+002
3.070000 3.143390e+002
3.072000 3.142619e+002
3.074000 3.141852e+002
3.076000 3.141088e+002
3.078000 3.140328e+002
3.080000 3.139571e+002
3.082000 3.138818e+002
3.084000 3.138068e+002
3.086000 3.137322e+002
3.088000 3.136579e+002
3.090000 3.135840e+002
3.092000 3.135104e+002
3.094000 3.134371e+002
3.096000 3.133642e+002
3.098000 3.132916e+002
3.100000 3.132194e+002
3.102000 3.131475e+002
3.104000 3.130759e+002
3.106000 3.130047e+002
3.108000 3.129338e+002
3.110000 3.128632e+002
3.112000 3.127929e+002
3.114000 3.127230e+002
3.116000 3.126535e+002
3.118000 3.125842e+002
3.120000 3.125153e+002
3.122000 3.124467e+002
3.124000 3.123784e+002
3.126000 3.123105e+002
3.128000 3.122428e+002
3.130000 3.121755e+002
3.132000 3.121085e+002
3.134000 3.120418e+002
3.136000 3.119755e+002
3.138000 3.119095e+002
3.140000 3.118437e+002
3.142000 3.117783e+002
3.144000 3.117132e+002
3.146000 3.116484e+002
3.148000 3.115840e+002
3.150000 3.115198e+002
3.152000 3.114559e+002
3.154000 3.113924e+002
3.156000 3.113291e+002
3.158000 3.112662e+002
3.160000 3.112036e+002
3.162000 3.111412e+002
3.164000 3.110792e+002
3.166000 3.110175e+002
3.168000 3.109560e+002
3.170000 3.108949e+002
3.172000 3.108341e+002
3.174000 3.107735e+002
3.176000 3.107133e+002
3.178000 3.106533e+002
3.180000 3.105937e+002
3.182000 3.105343e+002
3.184000 3.104753e+002
3.186000 3.104165e+002
3.188000 3.103580e+002
3.190000 3.102998e+002
3.192000 3.102418e+002
3.194000 3.101842e+002
3.196000 3.101269e+002
3.198000 3.100698e+002
3.200000 3.100130e+002
3.202000 3.099565e+002
3.204000 3.099003e+002
3.206000 3.098443e+002
3.208000 3.097886e+002
3.210000 3.097333e+002
3.212000 3.096781e+002
3.214000 3.096233e+002
3.216000 3.095687e+002
3.218000 3.095144e+002
3.220000 3.094604e+002
3.222000 3.094067e+002
3.224000 3.093532e+002
3.226000 3.093000e+002
3.228000 3.092470e+002
3.230000 3.091943e+002
3.232000 3.091419e+002
3.234000 3.090898e+002
3.236000 3.090379e+002
3.238000 3.089863e+002
3.240000 3.089349e+002
3.242000 3.088838e+002
3.244000 3.088330e+002
3.246000 3.087824e+002
3.248000 3.087321e+002
3.250000 3.086820e+002
3.252000 3.086322e+002
3.254000 3.085826e+002
3.256000 3.085333e+002
3.258000 3.084843e+002
3.260000 3.084355e+002
3.262000 3.083869e+002
3.264000 3.083386e+002
3.266000 3.082905e+002
3.268000 3.082427e+002
3.270000 3.081952e+002
3.272000 3.081479e+002
3.274000 3.081008e+002
3.276000 3.080540e+002
3.278000 3.080074e+002
3.280000 3.079611e+002
3.282000 3.079150e+002
3.284000 3.078691e+002
3.286000 3.078235e+002
3.288000 3.077781e+002
3.290000 3.077330e+002
3.292000 3.076880e+002
3.294000 3.076434e+002
3.296000 3.075989e+002
3.298000 3.075547e+002
3.300000 3.075108e+002
3.302000 3.074670e+002
3.304000 3.074235e+002
3.306000 3.073802e+002
3.308000 3.073372e+002
3.310000 3.072943e+002
3.312000 3.072517e+002
3.314000 3.072094e+002
3.316000 3.071672e+002
3.318000 3.071253e+002
3.320000 3.070836e+002
3.322000 3.070421e+002
3.324000 3.070009e+002
3.326000 3.069598e+002
3.328000 3.069190e+002
3.330000 3.068784e+002
3.332000 3.068380e+002
3.334000 3.067979e+002
3.336000 3.067579e+002
3.338000 3.067182e+002
3.340000 3.066787e+002
3.342000 3.066394e+002
3.344000 3.066003e+002
3.346000 3.065614e+002
3.348000 3.065227e+002
3.350000 3.064843e+002
3.352000 3.064460e+002
3.354000 3.064080e+002
3.356000 3.063702e+002
3.358000 3.063325e+002
3.360000 3.062951e+002
3.362000 3.062579e+002
3.364000 3.062209e+002
3.366000 3.061841e+002
3.368000 3.061475e+002
3.370000 3.061111e+002
3.372000 3.060749e+002
3.374000 3.060389e+002
3.376000 3.060031e+002
3.378000 3.059674e+002
3.380000 3.059320e+002
3.382000 3.058968e+002
3.384000 3.058618e+002
3.386000 3.058270e+002
3.388000 3.057924e+002
3.390000 3.057579e+002
3.392000 3.057237e+002
3.394000 3.056896e+002
3.396000 3.056558e+002
3.398000 3.056221e+002
3.400000 3.055886e+002
3.402000 3.055553e+002
3.404000 3.055222e+002
3.406000 3.054893e+002
3.408000 3.054566e+002
3.410000 3.054240e+002
3.412000 3.053917e+002
3.414000 3.053595e+002
3.416000 3.053275e+002
3.418000 3.052957e+002
3.420000 3.052641e+002
3.422000 3.052326e+002
3.424000 3.052014e+002
3.426000 3.051703e+002
3.428000 3.051394e+002
3.430000 3.051086e+002
3.432000 3.050781e+002
3.434000 3.050477e+002
3.436000 3.050175e+002
3.438000 3.049875e+002
3.440000 3.049576e+002
3.442000 3.049279e+002
3.444000 3.048984e+002
3.446000 3.048691e+002
3.448000 3.048399e+002
3.450000 3.048109e+002
3.452000 3.047821e+002
3.454000 3.047535e+002
3.456000 3.047250e+002
3.458000 3.046967e+002
3.460000 3.046685e+002
3.462000 3.046405e+002
3.464000 3.046127e+002
3.466000 3.045850e+002
3.468000 3.045576e+002
3.470000 3.045302e+002
3.472000 3.045031e+002
3.474000 3.044761e+002
3.476000 3.044492e+002
3.478000 3.044225e+002
3.480000 3.043960e+002
3.482000 3.043696e+002
3.484000 3.043434e+002
3.486000 3.043174e+002
3.488000 3.042915e+002
3.490000 3.042658e+002
3.492000 3.042402e+002
3.494000 3.042148e+002
3.496000 3.041895e+002
3.498000 3.041644e+002
3.500000 3.041395e+002
3.502000 3.041146e+002
3.504000 3.040900e+002
3.506000 3.040655e+002
3.508000 3.040411e+002
3.510000 3.040169e+002
3.512000 3.039929e+002
3.514000 3.039690e+002
3.516000 3.039452e+002
3.518000 3.039216e+002
3.520000 3.038982e+002
3.522000 3.038749e+002
3.524000 3.038517e+002
3.526000 3.038287e+002
3.528000 3.038058e+002
3.530000 3.037831e+002
3.532000 3.037605e+002
3.534000 3.037380e+002
3.536000 3.037157e+002
3.538000 3.036936e+002
3.540000 3.036715e+002
3.542000 3.036497e+002
3.544000 3.036279e+002
3.546000 3.036063e+002
3.548000 3.035848e+002
3.550000 3.035635e+002
3.552000 3.035423e+002
3.554000 3.035213e+002
3.556000 3.035004e+002
3.558000 3.034796e+002
3.560000 3.034589e+002
3.562000 3.034384e+002
3.564000 3.034181e+002
3.566000 3.033978e+002
3.568000 3.033777e+002
3.570000 3.033577e+002
3.572000 3.033379e+002
3.574000 3.033182e+002
3.576000 3.032986e+002
3.578000 3.032791e+002
3.580000 3.032598e+002
3.582000 3.032406e+002
3.584000 3.032216e+002
3.586000 3.032026e+002
3.588000 3.031838e+002
3.590000 3.031651e+002
3.592000 3.031466e+002
3.594000 3.031281e+002
3.596000 3.031098e+002
3.598000 3.030917e+002
3.600000 3.030736e+002
3.602000 3.030557e+002
3.604000 3.030379e+002
3.606000 3.030202e+002
3.608000 3.030026e+002
3.610000 3.029852e+002
3.612000 3.029678e+002
3.614000 3.029507e+002
3.616000 3.029336e+002
3.618000 3.029166e+002
3.620000 3.028998e+002
3.622000 3.028831e+002
3.624000 3.028665e+002
3.626000 3.028500e+002
3.628000 3.028336e+002
3.630000 3.028174e+002
3.632000 3.028012e+002
3.634000 3.027852e+002
3.636000 3.027693e+002
3.638000 3.027535e+002
3.640000 3.027379e+002
3.642000 3.027223e+002
3.644000 3.027069e+002
3.646000 3.026915e+002
3.648000 3.026763e+002
3.650000 3.026612e+002
3.652000 3.026462e+002
3.654000 3.026314e+002
3.656000 3.026166e+002
3.658000 3.026019e+002
3.660000 3.025874e+002
3.662000 3.025729e+002
3.664000 3.025586e+002
3.666000 3.025444e+002
3.668000 3.025303e+002
3.670000 3.025163e+002
3.672000 3.025024e+002
3.674000 3.024886e+002
3.676000 3.024749e+002
3.678000 3.024614e+002
3.680000 3.024479e+002
3.682000 3.024345e+002
3.684000 3.024213e+002
3.686000 3.024081e+002
3.688000 3.023951e+002
3.690000 3.023822e+002
3.692000 3.023693e+002
3.694000 3.023566e+002
3.696000 3.023440e+002
3.698000 3.023314e+002
3.700000 3.023190e+002
3.702000 3.023067e+002
3.704000 3.022945e+002
3.706000 3.022823e+002
3.708000 3.022703e+002
3.710000 3.022584e+002
3.712000 3.022466e+002
3.714000 3.022349e+002
3.716000 3.022233e+002
3.718000 3.022117e+002
3.720000 3.022003e+002
3.722000 3.021890e+002
3.724000 3.021778e+002
3.726000 3.021666e+002
3.728000 3.021556e+002
3.730000 3.021447e+002
3.732000 3.021338e+002
3.734000 3.021231e+002
3.736000 3.021125e+002
3.738000 3.021019e+002
3.740000 3.020915e+002
3.742000 3.020811e+002
3.744000 3.020708e+002
3.746000 3.020607e+002
3.748000 3.020506e+002
3.750000 3.020406e+002
3.752000 3.020307e+002
3.754000 3.020209e+002
3.756000 3.020112e+002
3.758000 3.020016e+002
3.760000 3.019921e+002
3.762000 3.019827e+002
3.764000 3.019734e+002
3.766000 3.019641e+002
3.768000 3.019550e+002
3.770000 3.019459e+002
3.772000 3.019370e+002
3.774000 3.019281e+002
3.776000 3.019193e+002
3.778000 3.019106e+002
3.780000 3.019020e+002
3.782000 3.018935e+002
3.784000 3.018850e+002
3.786000 3.018767e+002
3.788000 3.018684e+002
3.790000 3.018603e+002
3.792000 3.018522e+002
3.794000 3.018442e+002
3.796000 3.018363e+002
3.798000 3.018285e+002
3.800000 3.018208e+002
3.802000 3.018131e+002
3.804000 3.018056e+002
3.806000 3.017981e+002
3.808000 3.017907e+002
3.810000 3.017834e+002
3.812000 3.017762e+002
3.814000 3.017691e+002
3.816000 3.017620e+002
3.818000 3.017551e+002
3.820000 3.017482e+002
3.822000 3.017414e+002
3.824000 3.017347e+002
3.826000 3.017281e+002
3.828000 3.017216e+002
3.830000 3.017151e+002
3.832000 3.017088e+002
3.834000 3.017025e+002
3.836000 3.016963e+002
3.838000 3.016901e+002
3.840000 3.016841e+002
3.842000 3.016782e+002
3.844000 3.016723e+002
3.846000 3.016665e+002
3.848000 3.016608e+002
3.850000 3.016552e+002
3.852000 3.016496e+002
3.854000 3.016441e+002
3.856000 3.016388e+002
3.858000 3.016335e+002
3.860000 3.016282e+002
3.862000 3.016231e+002
3.864000 3.016180e+002
3.866000 3.016130e+002
3.868000 3.016081e+002
3.870000 3.016033e+002
3.872000 3.015986e+002
3.874000 3.015939e+002
3.876000 3.015893e+002
3.878000 3.015848e+002
3.880000 3.015804e+002
3.882000 3.015761e+002
3.884000 3.015718e+002
3.886000 3.015676e+002
3.888000 3.015635e+002
3.890000 3.015595e+002
3.892000 3.015555e+002
3.894000 3.015516e+002
3.896000 3.015478e+002
3.898000 3.015441e+002
3.900000 3.015405e+002
3.902000 3.015369e+002
3.904000 3.015334e+002
3.906000 3.015300e+002
3.908000 3.015267e+002
3.910000 3.015234e+002
3.912000 3.015203e+002
3.914000 3.015172e+002
3.916000 3.015141e+002
3.918000 3.015112e+002
3.920000 3.015083e+002
3.922000 3.015055e+002
3.924000 3.015028e+002
3.926000 3.015002e+002
3.928000 3.014976e+002
3.930000 3.014951e+002
3.932000 3.014927e+002
3.934000 3.014904e+002
3.936000 3.014881e+002
3.938000 3.014859e+002
3.940000 3.014838e+002
3.942000 3.014818e+002
3.944000 3.014799e+002
3.946000 3.014780e+002
3.948000 3.014762e+002
3.950000 3.014744e+002
3.952000 3.014728e+002
3.954000 3.014712e+002
3.956000 3.014697e+002
3.958000 3.014683e+002
3.960000 3.014669e+002
3.962000 3.014657e+002
3.964000 3.014645e+002
3.966000 3.014633e+002
3.968000 3.014623e+002
3.970000 3.014613e+002
3.972000 3.014604e+002
3.974000 3.014596e+002
3.976000 3.014588e+002
3.978000 3.014582e+002
3.980000 3.014576e+002
3.982000 3.014570e+002
3.984000 3.014566e+002
3.986000 3.014562e+002
3.988000 3.014559e+002
3.990000 3.014557e+002
3.992000 3.014555e+002
3.994000 3.014555e+002
3.996000 3.014555e+002
3.998000 3.000000e+002
