0.000000 3.257050e+002
0.002000 3.285401e+002
0.004000 3.313746e+002
0.006000 3.342085e+002
0.008000 3.370415e+002
0.010000 3.398736e+002
0.012000 3.427049e+002
0.014000 3.455352e+002
0.016000 3.483644e+002
0.018000 3.511925e+002
0.020000 3.540195e+002
0.022000 3.568452e+002
0.024000 3.596695e+002
0.026000 3.624926e+002
0.028000 3.653141e+002
0.030000 3.681342e+002
0.032000 3.709527e+002
0.034000 3.737696e+002
0.036000 3.765848e+002
0.038000 3.793982e+002
0.040000 3.822098e+002
0.042000 3.850195e+002
0.044000 3.878273e+002
0.046000 3.906330e+002
0.048000 3.934366e+002
0.050000 3.962381e+002
0.052000 3.990374e+002
0.054000 4.018344e+002
0.056000 4.046291e+002
0.058000 4.074213e+002
0.060000 4.102111e+002
0.062000 4.129983e+002
0.064000 4.157830e+002
0.066000 4.185650e+002
0.068000 4.213442e+002
0.070000 4.241207e+002
0.072000 4.268943e+002
0.074000 4.296650e+002
0.076000 4.324327e+002
0.078000 4.351974e+002
0.080000 4.379590e+002
0.082000 4.407174e+002
0.084000 4.434726e+002
0.086000 4.462245e+002
0.088000 4.489730e+002
0.090000 4.517181e+002
0.092000 4.544598e+002
0.094000 4.571979e+002
0.096000 4.599324e+002
0.098000 4.626632e+002
0.100000 4.653903e+002
0.102000 4.681136e+002
0.104000 4.708330e+002
0.106000 4.735486e+002
0.108000 4.762601e+002
0.110000 4.789677e+002
0.112000 4.816711e+002
0.114000 4.843704e+002
0.116000 4.870655e+002
0.118000 4.897563e+002
0.120000 4.924427e+002
0.122000 4.951248e+002
0.124000 4.978024e+002
0.126000 5.004754e+002
0.128000 5.031439e+002
0.130000 5.058078e+002
0.132000 5.084670e+002
0.134000 5.111214e+002
0.136000 5.137710e+002
0.138000 5.164158e+002
0.140000 5.190556e+002
0.142000 5.216904e+002
0.144000 5.243201e+002
0.146000 5.269448e+002
0.148000 5.295643e+002
0.150000 5.321786e+002
0.152000 5.347876e+002
0.154000 5.373913e+002
0.156000 5.399895e+002
0.158000 5.425824e+002
0.160000 5.451697e+002
0.162000 5.477514e+002
0.164000 5.503276e+002
0.166000 5.528980e+002
0.168000 5.554628e+002
0.170000 5.580217e+002
0.172000 5.605748e+002
0.174000 5.631220e+002
0.176000 5.656633e+002
0.178000 5.681986e+002
0.180000 5.707277e+002
0.182000 5.732508e+002
0.184000 5.757677e+002
0.186000 5.782784e+002
0.188000 5.807828e+002
0.190000 5.832809e+002
0.192000 5.857726e+002
0.194000 5.882578e+002
0.196000 5.907366e+002
0.198000 5.932088e+002
0.200000 5.956744e+002
0.202000 5.981334e+002
0.204000 6.005857e+002
0.206000 6.030312e+002
0.208000 6.054700e+002
0.210000 6.079018e+002
0.212000 6.103268e+002
0.214000 6.127448e+002
0.216000 6.151559e+002
0.218000 6.175598e+002
0.220000 6.199567e+002
0.222000 6.223464e+002
0.224000 6.247289e+002
0.226000 6.271042e+002
0.228000 6.294721e+002
0.230000 6.318327e+002
0.232000 6.341859e+002
0.234000 6.365317e+002
0.236000 6.388699e+002
0.238000 6.412007e+002
0.240000 6.435238e+002
0.242000 6.458393e+002
0.244000 6.481471e+002
0.246000 6.504472e+002
0.248000 6.527395e+002
0.250000 6.550240e+002
0.252000 6.573007e+002
0.254000 6.595694e+002
0.256000 6.618302e+002
0.258000 6.640829e+002
0.260000 6.663277e+002
0.262000 6.685643e+002
0.264000 6.707928e+002
0.266000 6.730131e+002
0.268000 6.752252e+002
0.270000 6.774291e+002
0.272000 6.796246e+002
0.274000 6.818118e+002
0.276000 6.839906e+002
0.278000 6.861610e+002
0.280000 6.883229e+002
0.282000 6.904762e+002
0.284000 6.926211e+002
0.286000 6.947573e+002
0.288000 6.968849e+002
0.290000 6.990038e+002
0.292000 7.011140e+002
0.294000 7.032154e+002
0.296000 7.053081e+002
0.298000 7.073919e+002
0.300000 7.094669e+002
0.302000 7.115329e+002
0.304000 7.135900e+002
0.306000 7.156381e+002
0.308000 7.176772e+002
0.310000 7.197072e+002
0.312000 7.217281e+002
0.314000 7.237399e+002
0.316000 7.257426e+002
0.318000 7.277360e+002
0.320000 7.297202e+002
0.322000 7.316951e+002
0.324000 7.336607e+002
0.326000 7.356169e+002
0.328000 7.375638e+002
0.330000 7.395013e+002
0.332000 7.414293e+002
0.334000 7.433479e+002
0.336000 7.452569e+002
0.338000 7.471564e+002
0.340000 7.490463e+002
0.342000 7.509266e+002
0.344000 7.527973e+002
0.346000 7.546583e+002
0.348000 7.565096e+002
0.350000 7.583512e+002
0.352000 7.601831e+002
0.354000 7.620051e+002
0.356000 7.638173e+002
0.358000 7.656197e+002
0.360000 7.674122e+002
0.362000 7.691947e+002
0.364000 7.709674e+002
0.366000 7.727301e+002
0.368000 7.744828e+002
0.370000 7.762255e+002
0.372000 7.779581e+002
0.374000 7.796807e+002
0.376000 7.813932e+002
0.378000 7.830955e+002
0.380000 7.847877e+002
0.382000 7.864698e+002
0.384000 7.881416e+002
0.386000 7.898033e+002
0.388000 7.914546e+002
0.390000 7.930958e+002
0.392000 7.947266e+002
0.394000 7.963471e+002
0.396000 7.979573e+002
0.398000 7.995571e+002
0.400000 8.011466e+002
0.402000 8.027256e+002
0.404000 8.042942e+002
0.406000 8.058524e+002
0.408000 8.074001e+002
0.410000 8.089373e+002
0.412000 8.104640e+002
0.414000 8.119802e+002
0.416000 8.134859e+002
0.418000 8.149810e+002
0.420000 8.164655e+002
0.422000 8.179394e+002
0.424000 8.194027e+002
0.426000 8.208554e+002
0.428000 8.222974e+002
0.430000 8.237287e+002
0.432000 8.251494e+002
0.434000 8.265593e+002
0.436000 8.279586e+002
0.438000 8.293471e+002
0.440000 8.307249e+002
0.442000 8.320919e+002
0.444000 8.334481e+002
0.446000 8.347936e+002
0.448000 8.361283e+002
0.450000 8.374521e+002
0.452000 8.387651e+002
0.454000 8.400673e+002
0.456000 8.413586e+002
0.458000 8.426390e+002
0.460000 8.439086e+002
0.462000 8.451673e+002
0.464000 8.464151e+002
0.466000 8.476520e+002
0.468000 8.488780e+002
0.470000 8.500930e+002
0.472000 8.512971e+002
0.474000 8.524903e+002
0.476000 8.536725e+002
0.478000 8.548438e+002
0.480000 8.560040e+002
0.482000 8.571533e+002
0.484000 8.582916e+002
0.486000 8.594190e+002
0.488000 8.605353e+002
0.490000 8.616406e+002
0.492000 8.627349e+002
0.494000 8.638182e+002
0.496000 8.648905e+002
0.498000 8.659517e+002
0.500000 8.670019e+002
0.502000 8.680411e+002
0.504000 8.690693e+002
0.506000 8.700864e+002
0.508000 8.710924e+002
0.510000 8.720874e+002
0.512000 8.730714e+002
0.514000 8.740443e+002
0.516000 8.750061e+002
0.518000 8.759569e+002
0.520000 8.768967e+002
0.522000 8.778253e+002
0.524000 8.787430e+002
0.526000 8.796495e+002
0.528000 8.805450e+002
0.530000 8.814295e+002
0.532000 8.823029e+002
0.534000 8.831652e+002
0.536000 8.840165e+002
0.538000 8.848568e+002
0.540000 8.856859e+002
0.542000 8.865041e+002
0.544000 8.873112e+002
0.546000 8.881072e+002
0.548000 8.888923e+002
0.550000 8.896663e+002
0.552000 8.904292e+002
0.554000 8.911812e+002
0.556000 8.919221e+002
0.558000 8.926520e+002
0.560000 8.933709e+002
0.562000 8.940788e+002
0.564000 8.947757e+002
0.566000 8.954616e+002
0.568000 8.961365e+002
0.570000 8.968005e+002
0.572000 8.974535e+002
0.574000 8.980955e+002
0.576000 8.987266e+002
0.578000 8.993468e+002
0.580000 8.999560e+002
0.582000 9.005542e+002
0.584000 9.011416e+002
0.586000 9.017181e+002
0.588000 9.022836e+002
0.590000 9.028383e+002
0.592000 9.033821e+002
0.594000 9.039151e+002
0.596000 9.044372e+002
0.598000 9.049484e+002
0.600000 9.054488e+002
0.602000 9.059384e+002
0.604000 9.064172e+002
0.606000 9.068853e+002
0.608000 9.073425e+002
0.610000 9.077890e+002
0.612000 9.082247e+002
0.614000 9.086497e+002
0.616000 9.090639e+002
0.618000 9.094675e+002
0.620000 9.098603e+002
0.622000 9.102425e+002
0.624000 9.106140e+002
0.626000 9.109749e+002
0.628000 9.113252e+002
0.630000 9.116648e+002
0.632000 9.119938e+002
0.634000 9.123123e+002
0.636000 9.126202e+002
0.638000 9.129175e+002
0.640000 9.132044e+002
0.642000 9.134807e+002
0.644000 9.137465e+002
0.646000 9.140018e+002
0.648000 9.142467e+002
0.650000 9.144812e+002
0.652000 9.147053e+002
0.654000 9.149189e+002
0.656000 9.151222e+002
0.658000 9.153151e+002
0.660000 9.154977e+002
0.662000 9.156700e+002
0.664000 9.158320e+002
0.666000 9.159837e+002
0.668000 9.161252e+002
0.670000 9.162564e+002
0.672000 9.163775e+002
0.674000 9.164883e+002
0.676000 9.165890e+002
0.678000 9.166796e+002
0.680000 9.167601e+002
0.682000 9.168304e+002
0.684000 9.168907e+002
0.686000 9.169410e+002
0.688000 9.169812e+002
0.690000 9.170115e+002
0.692000 9.170317e+002
0.694000 9.170421e+002
0.696000 9.170425e+002
0.698000 9.170330e+002
0.700000 9.170137e+002
0.702000 9.169845e+002
0.704000 9.169455e+002
0.706000 9.168967e+002
0.708000 9.168382e+002
0.710000 9.167699e+002
0.712000 9.166919e+002
0.714000 9.166042e+002
0.716000 9.165069e+002
0.718000 9.164000e+002
0.720000 9.162834e+002
0.722000 9.161573e+002
0.724000 9.160217e+002
0.726000 9.158765e+002
0.728000 9.157219e+002
0.730000 9.155578e+002
0.732000 9.153843e+002
0.734000 9.152013e+002
0.736000 9.150091e+002
0.738000 9.148075e+002
0.740000 9.145965e+002
0.742000 9.143764e+002
0.744000 9.141469e+002
0.746000 9.139083e+002
0.748000 9.136605e+002
0.750000 9.134035e+002
0.752000 9.131374e+002
0.754000 9.128622e+002
0.756000 9.125780e+002
0.758000 9.122848e+002
0.760000 9.119825e+002
0.762000 9.116713e+002
0.764000 9.113512e+002
0.766000 9.110222e+002
0.768000 9.106843e+002
0.770000 9.103376e+002
0.772000 9.099821e+002
0.774000 9.096178e+002
0.776000 9.092449e+002
0.778000 9.088632e+002
0.780000 9.084729e+002
0.782000 9.080739e+002
0.784000 9.076664e+002
0.786000 9.072503e+002
0.788000 9.068257e+002
0.790000 9.063926e+002
0.792000 9.059510e+002
0.794000 9.055011e+002
0.796000 9.050427e+002
0.798000 9.045760e+002
0.800000 9.041010e+002
0.802000 9.036178e+002
0.804000 9.031263e+002
0.806000 9.026266e+002
0.808000 9.021187e+002
0.810000 9.016027e+002
0.812000 9.010787e+002
0.814000 9.005465e+002
0.816000 9.000064e+002
0.818000 8.994583e+002
0.820000 8.989022e+002
0.822000 8.983382e+002
0.824000 8.977664e+002
0.826000 8.971867e+002
0.828000 8.965993e+002
0.830000 8.960041e+002
0.832000 8.954011e+002
0.834000 8.947905e+002
0.836000 8.941723e+002
0.838000 8.935465e+002
0.840000 8.929131e+002
0.842000 8.922721e+002
0.844000 8.916237e+002
0.846000 8.909679e+002
0.848000 8.903046e+002
0.850000 8.896340e+002
0.852000 8.889560e+002
0.854000 8.882708e+002
0.856000 8.875783e+002
0.858000 8.868786e+002
0.860000 8.861717e+002
0.862000 8.854577e+002
0.864000 8.847366e+002
0.866000 8.840085e+002
0.868000 8.832733e+002
0.870000 8.825312e+002
0.872000 8.817821e+002
0.874000 8.810262e+002
0.876000 8.802634e+002
0.878000 8.794938e+002
0.880000 8.787174e+002
0.882000 8.779343e+002
0.884000 8.771446e+002
0.886000 8.763481e+002
0.888000 8.755451e+002
0.890000 8.747355e+002
0.892000 8.739194e+002
0.894000 8.730968e+002
0.896000 8.722677e+002
0.898000 8.714323e+002
0.900000 8.705905e+002
0.902000 8.697424e+002
0.904000 8.688880e+002
0.906000 8.680274e+002
0.908000 8.671606e+002
0.910000 8.662877e+002
0.912000 8.654086e+002
0.914000 8.645235e+002
0.916000 8.636323e+002
0.918000 8.627352e+002
0.920000 8.618321e+002
0.922000 8.609231e+002
0.924000 8.600083e+002
0.926000 8.590877e+002
0.928000 8.581613e+002
0.930000 8.572291e+002
0.932000 8.562913e+002
0.934000 8.553478e+002
0.936000 8.543988e+002
0.938000 8.534441e+002
0.940000 8.524840e+002
0.942000 8.515184e+002
0.944000 8.505473e+002
0.946000 8.495709e+002
0.948000 8.485891e+002
0.950000 8.476020e+002
0.952000 8.466096e+002
0.954000 8.456120e+002
0.956000 8.446093e+002
0.958000 8.436014e+002
0.960000 8.425884e+002
0.962000 8.415704e+002
0.964000 8.405473e+002
0.966000 8.395193e+002
0.968000 8.384864e+002
0.970000 8.374486e+002
0.972000 8.364060e+002
0.974000 8.353586e+002
0.976000 8.343064e+002
0.978000 8.332495e+002
0.980000 8.321879e+002
0.982000 8.311218e+002
0.984000 8.300510e+002
0.986000 8.289757e+002
0.988000 8.278959e+002
0.990000 8.268117e+002
0.992000 8.257231e+002
0.994000 8.246301e+002
0.996000 8.235327e+002
0.998000 8.224311e+002
1.000000 8.213253e+002
1.002000 8.202152e+002
1.004000 8.191010e+002
1.006000 8.179827e+002
1.008000 8.168604e+002
1.010000 8.157340e+002
1.012000 8.146036e+002
1.014000 8.134693e+002
1.016000 8.123310e+002
1.018000 8.111890e+002
1.020000 8.100431e+002
1.022000 8.088934e+002
1.024000 8.077401e+002
1.026000 8.065830e+002
1.028000 8.054223e+002
1.030000 8.042580e+002
1.032000 8.030901e+002
1.034000 8.019187e+002
1.036000 8.007438e+002
1.038000 7.995655e+002
1.040000 7.983839e+002
1.042000 7.971988e+002
1.044000 7.960105e+002
1.046000 7.948189e+002
1.048000 7.936240e+002
1.050000 7.924260e+002
1.052000 7.912249e+002
1.054000 7.900206e+002
1.056000 7.888133e+002
1.058000 7.876030e+002
1.060000 7.863897e+002
1.062000 7.851735e+002
1.064000 7.839543e+002
1.066000 7.827324e+002
1.068000 7.815076e+002
1.070000 7.802800e+002
1.072000 7.790498e+002
1.074000 7.778168e+002
1.076000 7.765812e+002
1.078000 7.753430e+002
1.080000 7.741022e+002
1.082000 7.728589e+002
1.084000 7.716131e+002
1.086000 7.703649e+002
1.088000 7.691143e+002
1.090000 7.678613e+002
1.092000 7.666060e+002
1.094000 7.653485e+002
1.096000 7.640886e+002
1.098000 7.628266e+002
1.100000 7.615624e+002
1.102000 7.602961e+002
1.104000 7.590278e+002
1.106000 7.577573e+002
1.108000 7.564849e+002
1.110000 7.552105e+002
1.112000 7.539342e+002
1.114000 7.526560e+002
1.116000 7.513760e+002
1.118000 7.500942e+002
1.120000 7.488106e+002
1.122000 7.475252e+002
1.124000 7.462382e+002
1.126000 7.449496e+002
1.128000 7.436593e+002
1.130000 7.423674e+002
1.132000 7.410740e+002
1.134000 7.397792e+002
1.136000 7.384828e+002
1.138000 7.371851e+002
1.140000 7.358859e+002
1.142000 7.345855e+002
1.144000 7.332837e+002
1.146000 7.319806e+002
1.148000 7.306763e+002
1.150000 7.293708e+002
1.152000 7.280642e+002
1.154000 7.267564e+002
1.156000 7.254476e+002
1.158000 7.241377e+002
1.160000 7.228268e+002
1.162000 7.215150e+002
1.164000 7.202022e+002
1.166000 7.188885e+002
1.168000 7.175739e+002
1.170000 7.162585e+002
1.172000 7.149423e+002
1.174000 7.136254e+002
1.176000 7.123077e+002
1.178000 7.109894e+002
1.180000 7.096704e+002
1.182000 7.083508e+002
1.184000 7.070307e+002
1.186000 7.057099e+002
1.188000 7.043887e+002
1.190000 7.030670e+002
1.192000 7.017449e+002
1.194000 7.004223e+002
1.196000 6.990994e+002
1.198000 6.977762e+002
1.200000 6.964527e+002
1.202000 6.951289e+002
1.204000 6.938048e+002
1.206000 6.924806e+002
1.208000 6.911562e+002
1.210000 6.898317e+002
1.212000 6.885070e+002
1.214000 6.871823e+002
1.216000 6.858576e+002
1.218000 6.845329e+002
1.220000 6.832082e+002
1.222000 6.818836e+002
1.224000 6.805591e+002
1.226000 6.792347e+002
1.228000 6.779104e+002
1.230000 6.765864e+002
1.232000 6.752626e+002
1.234000 6.739390e+002
1.236000 6.726158e+002
1.238000 6.712928e+002
1.240000 6.699703e+002
1.242000 6.686481e+002
1.244000 6.673263e+002
1.246000 6.660049e+002
1.248000 6.646841e+002
1.250000 6.633637e+002
1.252000 6.620439e+002
1.254000 6.607246e+002
1.256000 6.594060e+002
1.258000 6.580880e+002
1.260000 6.567706e+002
1.262000 6.554539e+002
1.264000 6.541379e+002
1.266000 6.528227e+002
1.268000 6.515083e+002
1.270000 6.501946e+002
1.272000 6.488818e+002
1.274000 6.475698e+002
1.276000 6.462588e+002
1.278000 6.449486e+002
1.280000 6.436394e+002
1.282000 6.423312e+002
1.284000 6.410239e+002
1.286000 6.397177e+002
1.288000 6.384126e+002
1.290000 6.371085e+002
1.292000 6.358056e+002
1.294000 6.345037e+002
1.296000 6.332031e+002
1.298000 6.319036e+002
1.300000 6.306054e+002
1.302000 6.293084e+002
1.304000 6.280126e+002
1.306000 6.267182e+002
1.308000 6.254251e+002
1.310000 6.241333e+002
1.312000 6.228429e+002
1.314000 6.215539e+002
1.316000 6.202663e+002
1.318000 6.189801e+002
1.320000 6.176955e+002
1.322000 6.164123e+002
1.324000 6.151307e+002
1.326000 6.138505e+002
1.328000 6.125720e+002
1.330000 6.112951e+002
1.332000 6.100197e+002
1.334000 6.087460e+002
1.336000 6.074740e+002
1.338000 6.062037e+002
1.340000 6.049351e+002
1.342000 6.036682e+002
1.344000 6.024030e+002
1.346000 6.011397e+002
1.348000 5.998781e+002
1.350000 5.986184e+002
1.352000 5.973605e+002
1.354000 5.961044e+002
1.356000 5.948503e+002
1.358000 5.935981e+002
1.360000 5.923478e+002
1.362000 5.910994e+002
1.364000 5.898530e+002
1.366000 5.886086e+002
1.368000 5.873663e+002
1.370000 5.861259e+002
1.372000 5.848877e+002
1.374000 5.836515e+002
1.376000 5.824173e+002
1.378000 5.811854e+002
1.380000 5.799555e+002
1.382000 5.787278e+002
1.384000 5.775023e+002
1.386000 5.762789e+002
1.388000 5.750578e+002
1.390000 5.738389e+002
1.392000 5.726223e+002
1.394000 5.714079e+002
1.396000 5.701958e+002
1.398000 5.689860e+002
1.400000 5.677785e+002
1.402000 5.665734e+002
1.404000 5.653706e+002
1.406000 5.641702e+002
1.408000 5.629722e+002
1.410000 5.617766e+002
1.412000 5.605834e+002
1.414000 5.593927e+002
1.416000 5.582044e+002
1.418000 5.570186e+002
1.420000 5.558353e+002
1.422000 5.546545e+002
1.424000 5.534762e+002
1.426000 5.523005e+002
1.428000 5.511273e+002
1.430000 5.499567e+002
1.432000 5.487886e+002
1.434000 5.476232e+002
1.436000 5.464604e+002
1.438000 5.453002e+002
1.440000 5.441426e+002
1.442000 5.429878e+002
1.444000 5.418355e+002
1.446000 5.406860e+002
1.448000 5.395392e+002
1.450000 5.383951e+002
1.452000 5.372537e+002
1.454000 5.361150e+002
1.456000 5.349791e+002
1.458000 5.338460e+002
1.460000 5.327157e+002
1.462000 5.315881e+002
1.464000 5.304633e+002
1.466000 5.293414e+002
1.468000 5.282223e+002
1.470000 5.271060e+002
1.472000 5.259926e+002
1.474000 5.248821e+002
1.476000 5.237744e+002
1.478000 5.226696e+002
1.480000 5.215678e+002
1.482000 5.204688e+002
1.484000 5.193727e+002
1.486000 5.182796e+002
1.488000 5.171894e+002
1.490000 5.161022e+002
1.492000 5.150180e+002
1.494000 5.139367e+002
1.496000 5.128584e+002
1.498000 5.117831e+002
1.500000 5.107108e+002
1.502000 5.096415e+002
1.504000 5.085752e+002
1.506000 5.075120e+002
1.508000 5.064517e+002
1.510000 5.053946e+002
1.512000 5.043405e+002
1.514000 5.032895e+002
1.516000 5.022415e+002
1.518000 5.011966e+002
1.520000 5.001549e+002
1.522000 4.991162e+002
1.524000 4.980806e+002
1.526000 4.970481e+002
1.528000 4.960188e+002
1.530000 4.949926e+002
1.532000 4.939695e+002
1.534000 4.929496e+002
1.536000 4.919328e+002
1.538000 4.909191e+002
1.540000 4.899087e+002
1.542000 4.889014e+002
1.544000 4.878973e+002
1.546000 4.868963e+002
1.548000 4.858986e+002
1.550000 4.849040e+002
1.552000 4.839127e+002
1.554000 4.829245e+002
1.556000 4.819396e+002
1.558000 4.809579e+002
1.560000 4.799794e+002
1.562000 4.790041e+002
1.564000 4.780320e+002
1.566000 4.770632e+002
1.568000 4.760977e+002
1.570000 4.751354e+002
1.572000 4.741763e+002
1.574000 4.732205e+002
1.576000 4.722679e+002
1.578000 4.713186e+002
1.580000 4.703726e+002
1.582000 4.694298e+002
1.584000 4.684903e+002
1.586000 4.675541e+002
1.588000 4.666212e+002
1.590000 4.656915e+002
1.592000 4.647652e+002
1.594000 4.638421e+002
1.596000 4.629223e+002
1.598000 4.620058e+002
1.600000 4.610926e+002
1.602000 4.601827e+002
1.604000 4.592761e+002
1.606000 4.583728e+002
1.608000 4.574728e+002
1.610000 4.565761e+002
1.612000 4.556828e+002
1.614000 4.547927e+002
1.616000 4.539060e+002
1.618000 4.530225e+002
1.620000 4.521424e+002
1.622000 4.512656e+002
1.624000 4.503921e+002
1.626000 4.495219e+002
1.628000 4.486550e+002
1.630000 4.477915e+002
1.632000 4.469313e+002
1.634000 4.460744e+002
1.636000 4.452208e+002
1.638000 4.443705e+002
1.640000 4.435236e+002
1.642000 4.426799e+002
1.644000 4.418396e+002
1.646000 4.410026e+002
1.648000 4.401690e+002
1.650000 4.393386e+002
1.652000 4.385116e+002
1.654000 4.376879e+002
1.656000 4.368675e+002
1.658000 4.360504e+002
1.660000 4.352366e+002
1.662000 4.344262e+002
1.664000 4.336190e+002
1.666000 4.328152e+002
1.668000 4.320147e+002
1.670000 4.312174e+002
1.672000 4.304235e+002
1.674000 4.296329e+002
1.676000 4.288456e+002
1.678000 4.280616e+002
1.680000 4.272809e+002
1.682000 4.265035e+002
1.684000 4.257293e+002
1.686000 4.249585e+002
1.688000 4.241909e+002
1.690000 4.234267e+002
1.692000 4.226657e+002
1.694000 4.219080e+002
1.696000 4.211536e+002
1.698000 4.204024e+002
1.700000 4.196546e+002
1.702000 4.189100e+002
1.704000 4.181686e+002
1.706000 4.174305e+002
1.708000 4.166957e+002
1.710000 4.159641e+002
1.712000 4.152358e+002
1.714000 4.145107e+002
1.716000 4.137889e+002
1.718000 4.130703e+002
1.720000 4.123550e+002
1.722000 4.116428e+002
1.724000 4.109339e+002
1.726000 4.102283e+002
1.728000 4.095258e+002
1.730000 4.088266e+002
1.732000 4.081305e+002
1.734000 4.074377e+002
1.736000 4.067481e+002
1.738000 4.060616e+002
1.740000 4.053784e+002
1.742000 4.046983e+002
1.744000 4.040215e+002
1.746000 4.033478e+002
1.748000 4.026772e+002
1.750000 4.020099e+002
1.752000 4.013457e+002
1.754000 4.006846e+002
1.756000 4.000267e+002
1.758000 3.993720e+002
1.760000 3.987204e+002
1.762000 3.980719e+002
1.764000 3.974266e+002
1.766000 3.967843e+002
1.768000 3.961452e+002
1.770000 3.955092e+002
1.772000 3.948763e+002
1.774000 3.942465e+002
1.776000 3.936198e+002
1.778000 3.929962e+002
1.780000 3.923756e+002
1.782000 3.917582e+002
1.784000 3.911438e+002
1.786000 3.905324e+002
1.788000 3.899241e+002
1.790000 3.893189e+002
1.792000 3.887167e+002
1.794000 3.881175e+002
1.796000 3.875214e+002
1.798000 3.869283e+002
1.800000 3.863382e+002
1.802000 3.857511e+002
1.804000 3.851670e+002
1.806000 3.845859e+002
1.808000 3.840078e+002
1.810000 3.834326e+002
1.812000 3.828605e+002
1.814000 3.822913e+002
1.816000 3.817250e+002
1.818000 3.811617e+002
1.820000 3.806014e+002
1.822000 3.800440e+002
1.824000 3.794895e+002
1.826000 3.789379e+002
1.828000 3.783893e+002
1.830000 3.778435e+002
1.832000 3.773007e+002
1.834000 3.767607e+002
1.836000 3.762236e+002
1.838000 3.756894e+002
1.840000 3.751581e+002
1.842000 3.746296e+002
1.844000 3.741040e+002
1.846000 3.735812e+002
1.848000 3.730612e+002
1.850000 3.725441e+002
1.852000 3.720298e+002
1.854000 3.715183e+002
1.856000 3.710096e+002
1.858000 3.705037e+002
1.860000 3.700006e+002
1.862000 3.695003e+002
1.864000 3.690027e+002
1.866000 3.685079e+002
1.868000 3.680159e+002
1.870000 3.675266e+002
1.872000 3.670400e+002
1.874000 3.665561e+002
1.876000 3.660750e+002
1.878000 3.655966e+002
1.880000 3.651209e+002
1.882000 3.646479e+002
1.884000 3.641775e+002
1.886000 3.637099e+002
1.888000 3.632449e+002
1.890000 3.627826e+002
1.892000 3.623229e+002
1.894000 3.618658e+002
1.896000 3.614114e+002
1.898000 3.609596e+002
1.900000 3.605105e+002
1.902000 3.600639e+002
1.904000 3.596199e+002
1.906000 3.591786e+002
1.908000 3.587398e+002
1.910000 3.583035e+002
1.912000 3.578699e+002
1.914000 3.574387e+002
1.916000 3.570102e+002
1.918000 3.565841e+002
1.920000 3.561606e+002
1.922000 3.557396e+002
1.924000 3.553211e+002
1.926000 3.549051e+002
1.928000 3.544916e+002
1.930000 3.540806e+002
1.932000 3.536720e+002
1.934000 3.532659e+002
1.936000 3.528623e+002
1.938000 3.524611e+002
1.940000 3.520623e+002
1.942000 3.516660e+002
1.944000 3.512720e+002
1.946000 3.508805e+002
1.948000 3.504914e+002
1.950000 3.501046e+002
1.952000 3.497203e+002
1.954000 3.493383e+002
1.956000 3.489586e+002
1.958000 3.485814e+002
1.960000 3.482064e+002
1.962000 3.478338e+002
1.964000 3.474635e+002
1.966000 3.470955e+002
1.968000 3.467298e+002
1.970000 3.463664e+002
1.972000 3.460053e+002
1.974000 3.456465e+002
1.976000 3.452900e+002
1.978000 3.449357e+002
1.980000 3.445836e+002
1.982000 3.442338e+002
1.984000 3.438862e+002
1.986000 3.435408e+002
1.988000 3.431976e+002
1.990000 3.428567e+002
1.992000 3.425179e+002
1.994000 3.421813e+002
1.996000 3.418469e+002
1.998000 3.415146e+002
2.000000 3.411845e+002
2.002000 3.408565e+002
2.004000 3.405307e+002
2.006000 3.402070e+002
2.008000 3.398854e+002
2.010000 3.395659e+002
2.012000 3.392485e+002
2.014000 3.389332e+002
2.016000 3.386199e+002
2.018000 3.383088e+002
2.020000 3.379997e+002
2.022000 3.376926e+002
2.024000 3.373876e+002
2.026000 3.370846e+002
2.028000 3.367836e+002
2.030000 3.364847e+002
2.032000 3.361877e+002
2.034000 3.358928e+002
2.036000 3.355998e+002
2.038000 3.353088e+002
2.040000 3.350197e+002
2.042000 3.347326e+002
2.044000 3.344475e+002
2.046000 3.341643e+002
2.048000 3.338830e+002
2.050000 3.336037e+002
2.052000 3.333262e+002
2.054000 3.330507e+002
2.056000 3.327770e+002
2.058000 3.325052e+002
2.060000 3.322353e+002
2.062000 3.319673e+002
2.064000 3.317011e+002
2.066000 3.314367e+002
2.068000 3.311742e+002
2.070000 3.309135e+002
2.072000 3.306547e+002
2.074000 3.303976e+002
2.076000 3.301423e+002
2.078000 3.298889e+002
2.080000 3.296372e+002
2.082000 3.293872e+002
2.084000 3.291391e+002
2.086000 3.288927e+002
2.088000 3.286480e+002
2.090000 3.284051e+002
2.092000 3.281638e+002
2.094000 3.279244e+002
2.096000 3.276866e+002
2.098000 3.274505e+002
2.100000 3.272161e+002
2.102000 3.269834e+002
2.104000 3.267523e+002
2.106000 3.265230e+002
2.108000 3.262952e+002
2.110000 3.260692e+002
2.112000 3.258447e+002
2.114000 3.256219e+002
2.116000 3.254007e+002
2.118000 3.251811e+002
2.120000 3.249631e+002
2.122000 3.247467e+002
2.124000 3.245319e+002
2.126000 3.243187e+002
2.128000 3.241070e+002
2.130000 3.238969e+002
2.132000 3.236884e+002
2.134000 3.234813e+002
2.136000 3.232759e+002
2.138000 3.230719e+002
2.140000 3.228694e+002
2.142000 3.226685e+002
2.144000 3.224691e+002
2.146000 3.222711e+002
2.148000 3.220746e+002
2.150000 3.218796e+002
2.152000 3.216861e+002
2.154000 3.214940e+002
2.156000 3.213034e+002
2.158000 3.211142e+002
2.160000 3.209264e+002
2.162000 3.207401e+002
2.164000 3.205551e+002
2.166000 3.203716e+002
2.168000 3.201895e+002
2.170000 3.200088e+002
2.172000 3.198294e+002
2.174000 3.196514e+002
2.176000 3.194748e+002
2.178000 3.192995e+002
2.180000 3.191256e+002
2.182000 3.189531e+002
2.184000 3.187818e+002
2.186000 3.186119e+002
2.188000 3.184433e+002
2.190000 3.182760e+002
2.192000 3.181100e+002
2.194000 3.179453e+002
2.196000 3.177819e+002
2.198000 3.176198e+002
2.200000 3.174589e+002
2.202000 3.172993e+002
2.204000 3.171410e+002
2.206000 3.169839e+002
2.208000 3.168280e+002
2.210000 3.166734e+002
2.212000 3.165200e+002
2.214000 3.163678e+002
2.216000 3.162168e+002
2.218000 3.160670e+002
2.220000 3.159184e+002
2.222000 3.157710e+002
2.224000 3.156248e+002
2.226000 3.154798e+002
2.228000 3.153359e+002
2.230000 3.151931e+002
2.232000 3.150515e+002
2.234000 3.149111e+002
2.236000 3.147718e+002
2.238000 3.146336e+002
2.240000 3.144965e+002
2.242000 3.143605e+002
2.244000 3.142257e+002
2.246000 3.140919e+002
2.248000 3.139592e+002
2.250000 3.138277e+002
2.252000 3.136972e+002
2.254000 3.135677e+002
2.256000 3.134393e+002
2.258000 3.133120e+002
2.260000 3.131857e+002
2.262000 3.130605e+002
2.264000 3.129363e+002
2.266000 3.128131e+002
2.268000 3.126910e+002
2.270000 3.125698e+002
2.272000 3.124497e+002
2.274000 3.123306e+002
2.276000 3.122124e+002
2.278000 3.120953e+002
2.280000 3.119791e+002
2.282000 3.118639e+002
2.284000 3.117497e+002
2.286000 3.116364e+002
2.288000 3.115241e+002
2.290000 3.114127e+002
2.292000 3.113023e+002
2.294000 3.111928e+002
2.296000 3.110842e+002
2.298000 3.109765e+002
2.300000 3.108698e+002
2.302000 3.107640e+002
2.304000 3.106590e+002
2.306000 3.105550e+002
2.308000 3.104519e+002
2.310000 3.103496e+002
2.312000 3.102482e+002
2.314000 3.101477e+002
2.316000 3.100481e+002
2.318000 3.099493e+002
2.320000 3.098513e+002
2.322000 3.097543e+002
2.324000 3.096580e+002
2.326000 3.095626e+002
2.328000 3.094680e+002
2.330000 3.093742e+002
2.332000 3.092813e+002
2.334000 3.091892e+002
2.336000 3.090978e+002
2.338000 3.090073e+002
2.340000 3.089176e+002
2.342000 3.088286e+002
2.344000 3.087404e+002
2.346000 3.086530e+002
2.348000 3.085664e+002
2.350000 3.084806e+002
2.352000 3.083955e+002
2.354000 3.083111e+002
2.356000 3.082275e+002
2.358000 3.081447e+002
2.360000 3.080625e+002
2.362000 3.079812e+002
2.364000 3.079005e+002
2.366000 3.078206e+002
2.368000 3.077413e+002
2.370000 3.076628e+002
2.372000 3.075850e+002
2.374000 3.075079e+002
2.376000 3.074315e+002
2.378000 3.073557e+002
2.380000 3.072807e+002
2.382000 3.072063e+002
2.384000 3.071326e+002
2.386000 3.070596e+002
2.388000 3.069873e+002
2.390000 3.069155e+002
2.392000 3.068445e+002
2.394000 3.067741e+002
2.396000 3.067043e+002
2.398000 3.066352e+002
2.400000 3.065667e+002
2.402000 3.064989e+002
2.404000 3.064316e+002
2.406000 3.063650e+002
2.408000 3.062990e+002
2.410000 3.062336e+002
2.412000 3.061688e+002
2.414000 3.061046e+002
2.416000 3.060410e+002
2.418000 3.059780e+002
2.420000 3.059156e+002
2.422000 3.058537e+002
2.424000 3.057925e+002
2.426000 3.057318e+002
2.428000 3.056716e+002
2.430000 3.056121e+002
2.432000 3.055531e+002
2.434000 3.054946e+002
2.436000 3.054367e+002
2.438000 3.053794e+002
2.440000 3.053225e+002
2.442000 3.052663e+002
2.444000 3.052105e+002
2.446000 3.051553e+002
2.448000 3.051006e+002
2.450000 3.050464e+002
2.452000 3.049927e+002
2.454000 3.049396e+002
2.456000 3.048869e+002
2.458000 3.048348e+002
2.460000 3.047831e+002
2.462000 3.047320e+002
2.464000 3.046813e+002
2.466000 3.046311e+002
2.468000 3.045815e+002
2.470000 3.045322e+002
2.472000 3.044835e+002
2.474000 3.044352e+002
2.476000 3.043874e+002
2.478000 3.043401e+002
2.480000 3.042932e+002
2.482000 3.042468e+002
2.484000 3.042008e+002
2.486000 3.041552e+002
2.488000 3.041101e+002
2.490000 3.040655e+002
2.492000 3.040213e+002
2.494000 3.039775e+002
2.496000 3.039342e+002
2.498000 3.038912e+002
2.500000 3.038487e+002
2.502000 3.038066e+002
2.504000 3.037650e+002
2.506000 3.037237e+002
2.508000 3.036828e+002
2.510000 3.036424e+002
2.512000 3.036023e+002
2.514000 3.035627e+002
2.516000 3.035234e+002
2.518000 3.034846e+002
2.520000 3.034461e+002
2.522000 3.034080e+002
2.524000 3.033702e+002
2.526000 3.033329e+002
2.528000 3.032959e+002
2.530000 3.032593e+002
2.532000 3.032231e+002
2.534000 3.031872e+002
2.536000 3.031517e+002
2.538000 3.031166e+002
2.540000 3.030818e+002
2.542000 3.030473e+002
2.544000 3.030132e+002
2.546000 3.029795e+002
2.548000 3.029461e+002
2.550000 3.029130e+002
2.552000 3.028803e+002
2.554000 3.028479e+002
2.556000 3.028158e+002
2.558000 3.027840e+002
2.560000 3.027526e+002
2.562000 3.027215e+002
2.564000 3.026907e+002
2.566000 3.026603e+002
2.568000 3.026301e+002
2.570000 3.026003e+002
2.572000 3.025708e+002
2.574000 3.025415e+002
2.576000 3.025126e+002
2.578000 3.024840e+002
2.580000 3.024556e+002
2.582000 3.024276e+002
2.584000 3.023998e+002
2.586000 3.023724e+002
2.588000 3.023452e+002
2.590000 3.023183e+002
2.592000 3.022917e+002
2.594000 3.022654e+002
2.596000 3.022393e+002
2.598000 3.022135e+002
2.600000 3.021880e+002
2.602000 3.021627e+002
2.604000 3.021378e+002
2.606000 3.021130e+002
2.608000 3.020886e+002
2.610000 3.020644e+002
2.612000 3.020404e+002
2.614000 3.020167e+002
2.616000 3.019933e+002
2.618000 3.019701e+002
2.620000 3.019471e+002
2.622000 3.019244e+002
2.624000 3.019020e+002
2.626000 3.018797e+002
2.628000 3.018577e+002
2.630000 3.018360e+002
2.632000 3.018145e+002
2.634000 3.017932e+002
2.636000 3.017721e+002
2.638000 3.017513e+002
2.640000 3.017307e+002
2.642000 3.017103e+002
2.644000 3.016901e+002
2.646000 3.016701e+002
2.648000 3.016504e+002
2.650000 3.016309e+002
2.652000 3.016116e+002
2.654000 3.015925e+002
2.656000 3.015736e+002
2.658000 3.015549e+002
2.660000 3.015364e+002
2.662000 3.015181e+002
2.664000 3.015000e+002
2.666000 3.014821e+002
2.668000 3.014644e+002
2.670000 3.014469e+002
2.672000 3.014296e+002
2.674000 3.014125e+002
2.676000 3.013955e+002
2.678000 3.013788e+002
2.680000 3.013622e+002
2.682000 3.013458e+002
2.684000 3.013296e+002
2.686000 3.013136e+002
2.688000 3.012978e+002
2.690000 3.012821e+002
2.692000 3.012666e+002
2.694000 3.012513e+002
2.696000 3.012361e+002
2.698000 3.012211e+002
2.700000 3.012063e+002
2.702000 3.011917e+002
2.704000 3.011772e+002
2.706000 3.011628e+002
2.708000 3.011487e+002
2.710000 3.011347e+002
2.712000 3.011208e+002
2.714000 3.011071e+002
2.716000 3.010936e+002
2.718000 3.010802e+002
2.720000 3.010669e+002
2.722000 3.010539e+002
2.724000 3.010409e+002
2.726000 3.010281e+002
2.728000 3.010155e+002
2.730000 3.010030e+002
2.732000 3.009906e+002
2.734000 3.009784e+002
2.736000 3.009663e+002
2.738000 3.009543e+002
2.740000 3.009425e+002
2.742000 3.009308e+002
2.744000 3.009193e+002
2.746000 3.009079e+002
2.748000 3.008966e+002
2.750000 3.008854e+002
2.752000 3.008744e+002
2.754000 3.008635e+002
2.756000 3.008527e+002
2.758000 3.008421e+002
2.760000 3.008316e+002
2.762000 3.008212e+002
2.764000 3.008109e+002
2.766000 3.008007e+002
2.768000 3.007907e+002
2.770000 3.007807e+002
2.772000 3.007709e+002
2.774000 3.007612e+002
2.776000 3.007516e+002
2.778000 3.007421e+002
2.780000 3.007328e+002
2.782000 3.007235e+002
2.784000 3.007144e+002
2.786000 3.007053e+002
2.788000 3.006964e+002
2.790000 3.006875e+002
2.792000 3.006788e+002
2.794000 3.006702e+002
2.796000 3.006617e+002
2.798000 3.006532e+002
2.800000 3.006449e+002
2.802000 3.006367e+002
2.804000 3.006285e+002
2.806000 3.006205e+002
2.808000 3.006126e+002
2.810000 3.006047e+002
2.812000 3.005970e+002
2.814000 3.005893e+002
2.816000 3.005817e+002
2.818000 3.005743e+002
2.820000 3.005669e+002
2.822000 3.005596e+002
2.824000 3.005524e+002
2.826000 3.005452e+002
2.828000 3.005382e+002
2.830000 3.005312e+002
2.832000 3.005244e+002
2.834000 3.005176e+002
2.836000 3.005109e+002
2.838000 3.005042e+002
2.840000 3.004977e+002
2.842000 3.004912e+002
2.844000 3.004848e+002
2.846000 3.004785e+002
2.848000 3.004723e+002
2.850000 3.004661e+002
2.852000 3.004600e+002
2.854000 3.004540e+002
2.856000 3.004480e+002
2.858000 3.004422e+002
2.860000 3.004364e+002
2.862000 3.004307e+002
2.864000 3.004250e+002
2.866000 3.004194e+002
2.868000 3.004139e+002
2.870000 3.004084e+002
2.872000 3.004030e+002
2.874000 3.003977e+002
2.876000 3.003925e+002
2.878000 3.003873e+002
2.880000 3.003822e+002
2.882000 3.003771e+002
2.884000 3.003721e+002
2.886000 3.003672e+002
2.888000 3.003623e+002
2.890000 3.003575e+002
2.892000 3.003527e+002
2.894000 3.003480e+002
2.896000 3.003434e+002
2.898000 3.003388e+002
2.900000 3.003343e+002
2.902000 3.003298e+002
2.904000 3.003254e+002
2.906000 3.003210e+002
2.908000 3.003167e+002
2.910000 3.003125e+002
2.912000 3.003083e+002
2.914000 3.003041e+002
2.916000 3.003000e+002
2.918000 3.002960e+002
2.920000 3.002920e+002
2.922000 3.002881e+002
2.924000 3.002842e+002
2.926000 3.002803e+002
2.928000 3.002765e+002
2.930000 3.002728e+002
2.932000 3.002691e+002
2.934000 3.002654e+002
2.936000 3.002618e+002
2.938000 3.002583e+002
2.940000 3.002548e+002
2.942000 3.002513e+002
2.944000 3.002479e+002
2.946000 3.002445e+002
2.948000 3.002412e+002
2.950000 3.002379e+002
2.952000 3.002346e+002
2.954000 3.002314e+002
2.956000 3.002282e+002
2.958000 3.002251e+002
2.960000 3.002220e+002
2.962000 3.002190e+002
2.964000 3.002159e+002
2.966000 3.002130e+002
2.968000 3.002100e+002
2.970000 3.002071e+002
2.972000 3.002043e+002
2.974000 3.002015e+002
2.976000 3.001987e+002
2.978000 3.001959e+002
2.980000 3.001932e+002
2.982000 3.001905e+002
2.984000 3.001879e+002
2.986000 3.001853e+002
2.988000 3.001827e+002
2.990000 3.001802e+002
2.992000 3.001777e+002
2.994000 3.001752e+002
2.996000 3.001727e+002
2.998000 3.001703e+002
3.000000 3.001679e+002
3.002000 3.001656e+002
3.004000 3.001633e+002
3.006000 3.001610e+002
3.008000 3.001587e+002
3.010000 3.001565e+002
3.012000 3.001543e+002
3.014000 3.001521e+002
3.016000 3.001500e+002
3.018000 3.001479e+002
3.020000 3.001458e+002
3.022000 3.001437e+002
3.024000 3.001417e+002
3.026000 3.001397e+002
3.028000 3.001377e+002
3.030000 3.001358e+002
3.032000 3.001339e+002
3.034000 3.001320e+002
3.036000 3.001301e+002
3.038000 3.001282e+002
3.040000 3.001264e+002
3.042000 3.001246e+002
3.044000 3.001228e+002
3.046000 3.001211e+002
3.048000 3.001194e+002
3.050000 3.001177e+002
3.052000 3.001160e+002
3.054000 3.001143e+002
3.056000 3.001127e+002
3.058000 3.001111e+002
3.060000 3.001095e+002
3.062000 3.001079e+002
3.064000 3.001064e+002
3.066000 3.001048e+002
3.068000 3.001033e+002
3.070000 3.001018e+002
3.072000 3.001004e+002
3.074000 3.000989e+002
3.076000 3.000975e+002
3.078000 3.000961e+002
3.080000 3.000947e+002
3.082000 3.000933e+002
3.084000 3.000920e+002
3.086000 3.000906e+002
3.088000 3.000893e+002
3.090000 3.000880e+002
3.092000 3.000867e+002
3.094000 3.000855e+002
3.096000 3.000842e+002
3.098000 3.000830e+002
3.100000 3.000818e+002
3.102000 3.000806e+002
3.104000 3.000794e+002
3.106000 3.000783e+002
3.108000 3.000771e+002
3.110000 3.000760e+002
3.112000 3.000749e+002
3.114000 3.000738e+002
3.116000 3.000727e+002
3.118000 3.000716e+002
3.120000 3.000706e+002
3.122000 3.000695e+002
3.124000 3.000685e+002
3.126000 3.000675e+002
3.128000 3.000665e+002
3.130000 3.000655e+002
3.132000 3.000645e+002
3.134000 3.000636e+002
3.136000 3.000626e+002
3.138000 3.000617e+002
3.140000 3.000608e+002
3.142000 3.000599e+002
3.144000 3.000590e+002
3.146000 3.000581e+002
3.148000 3.000573e+002
3.150000 3.000564e+002
3.152000 3.000556e+002
3.154000 3.000547e+002
3.156000 3.000539e+002
3.158000 3.000531e+002
3.160000 3.000523e+002
3.162000 3.000515e+002
3.164000 3.000508e+002
3.166000 3.000500e+002
3.168000 3.000493e+002
3.170000 3.000485e+002
3.172000 3.000478e+002
3.174000 3.000471e+002
3.176000 3.000464e+002
3.178000 3.000457e+002
3.180000 3.000450e+002
3.182000 3.000443e+002
3.184000 3.000436e+002
3.186000 3.000430e+002
3.188000 3.000423e+002
3.190000 3.000417e+002
3.192000 3.000410e+002
3.194000 3.000404e+002
3.196000 3.000398e+002
3.198000 3.000392e+002
3.200000 3.000386e+002
3.202000 3.000380e+002
3.204000 3.000374e+002
3.206000 3.000369e+002
3.208000 3.000363e+002
3.210000 3.000357e+002
3.212000 3.000352e+002
3.214000 3.000347e+002
3.216000 3.000341e+002
3.218000 3.000336e+002
3.220000 3.000331e+002
3.222000 3.000326e+002
3.224000 3.000321e+002
3.226000 3.000316e+002
3.228000 3.000311e+002
3.230000 3.000306e+002
3.232000 3.000302e+002
3.234000 3.000297e+002
3.236000 3.000292e+002
3.238000 3.000288e+002
3.240000 3.000283e+002
3.242000 3.000279e+002
3.244000 3.000275e+002
3.246000 3.000270e+002
3.248000 3.000266e+002
3.250000 3.000262e+002
3.252000 3.000258e+002
3.254000 3.000254e+002
3.256000 3.000250e+002
3.258000 3.000246e+002
3.260000 3.000242e+002
3.262000 3.000239e+002
3.264000 3.000235e+002
3.266000 3.000231e+002
3.268000 3.000228e+002
3.270000 3.000224e+002
3.272000 3.000220e+002
3.274000 3.000217e+002
3.276000 3.000214e+002
3.278000 3.000210e+002
3.280000 3.000207e+002
3.282000 3.000204e+002
3.284000 3.000201e+002
3.286000 3.000197e+002
3.288000 3.000194e+002
3.290000 3.000191e+002
3.292000 3.000188e+002
3.294000 3.000185e+002
3.296000 3.000182e+002
3.298000 3.000179e+002
3.300000 3.000177e+002
3.302000 3.000174e+002
3.304000 3.000171e+002
3.306000 3.000168e+002
3.308000 3.000166e+002
3.310000 3.000163e+002
3.312000 3.000160e+002
3.314000 3.000158e+002
3.316000 3.000155e+002
3.318000 3.000153e+002
3.320000 3.000150e+002
3.322000 3.000148e+002
3.324000 3.000146e+002
3.326000 3.000143e+002
3.328000 3.000141e+002
3.330000 3.000139e+002
3.332000 3.000137e+002
3.334000 3.000134e+002
3.336000 3.000132e+002
3.338000 3.000130e+002
3.340000 3.000128e+002
3.342000 3.000126e+002
3.344000 3.000124e+002
3.346000 3.000122e+002
3.348000 3.000120e+002
3.350000 3.000118e+002
3.352000 3.000116e+002
3.354000 3.000114e+002
3.356000 3.000112e+002
3.358000 3.000111e+002
3.360000 3.000109e+002
3.362000 3.000107e+002
3.364000 3.000105e+002
3.366000 3.000104e+002
3.368000 3.000102e+002
3.370000 3.000100e+002
3.372000 3.000099e+002
3.374000 3.000097e+002
3.376000 3.000095e+002
3.378000 3.000094e+002
3.380000 3.000092e+002
3.382000 3.000091e+002
3.384000 3.000089e+002
3.386000 3.000088e+002
3.388000 3.000086e+002
3.390000 3.000085e+002
3.392000 3.000084e+002
3.394000 3.000082e+002
3.396000 3.000081e+002
3.398000 3.000080e+002
3.400000 3.000078e+002
3.402000 3.000077e+002
3.404000 3.000076e+002
3.406000 3.000074e+002
3.408000 3.000073e+002
3.410000 3.000072e+002
3.412000 3.000071e+002
3.414000 3.000070e+002
3.416000 3.000068e+002
3.418000 3.000067e+002
3.420000 3.000066e+002
3.422000 3.000065e+002
3.424000 3.000064e+002
3.426000 3.000063e+002
3.428000 3.000062e+002
3.430000 3.000061e+002
3.432000 3.000060e+002
3.434000 3.000059e+002
3.436000 3.000058e+002
3.438000 3.000057e+002
3.440000 3.000056e+002
3.442000 3.000055e+002
3.444000 3.000054e+002
3.446000 3.000053e+002
3.448000 3.000052e+002
3.450000 3.000051e+002
3.452000 3.000051e+002
3.454000 3.000050e+002
3.456000 3.000049e+002
3.458000 3.000048e+002
3.460000 3.000047e+002
3.462000 3.000046e+002
3.464000 3.000046e+002
3.466000 3.000045e+002
3.468000 3.000044e+002
3.470000 3.000043e+002
3.472000 3.000043e+002
3.474000 3.000042e+002
3.476000 3.000041e+002
3.478000 3.000041e+002
3.480000 3.000040e+002
3.482000 3.000039e+002
3.484000 3.000039e+002
3.486000 3.000038e+002
3.488000 3.000037e+002
3.490000 3.000037e+002
3.492000 3.000036e+002
3.494000 3.000035e+002
3.496000 3.000035e+002
3.498000 3.000034e+002
3.500000 3.000034e+002
3.502000 3.000033e+002
3.504000 3.000032e+002
3.506000 3.000032e+002
3.508000 3.000031e+002
3.510000 3.000031e+002
3.512000 3.000030e+002
3.514000 3.000030e+002
3.516000 3.000029e+002
3.518000 3.000029e+002
3.520000 3.000028e+002
3.522000 3.000028e+002
3.524000 3.000027e+002
3.526000 3.000027e+002
3.528000 3.000026e+002
3.530000 3.000026e+002
3.532000 3.000025e+002
3.534000 3.000025e+002
3.536000 3.000025e+002
3.538000 3.000024e+002
3.540000 3.000024e+002
3.542000 3.000023e+002
3.544000 3.000023e+002
3.546000 3.000023e+002
3.548000 3.000022e+002
3.550000 3.000022e+002
3.552000 3.000021e+002
3.554000 3.000021e+002
3.556000 3.000021e+002
3.558000 3.000020e+002
3.560000 3.000020e+002
3.562000 3.000020e+002
3.564000 3.000019e+002
3.566000 3.000019e+002
3.568000 3.000019e+002
3.570000 3.000018e+002
3.572000 3.000018e+002
3.574000 3.000018e+002
3.576000 3.000017e+002
3.578000 3.000017e+002
3.580000 3.000017e+002
3.582000 3.000016e+002
3.584000 3.000016e+002
3.586000 3.000016e+002
3.588000 3.000016e+002
3.590000 3.000015e+002
3.592000 3.000015e+002
3.594000 3.000015e+002
3.596000 3.000014e+002
3.598000 3.000014e+002
3.600000 3.000014e+002
3.602000 3.000014e+002
3.604000 3.000013e+002
3.606000 3.000013e+002
3.608000 3.000013e+002
3.610000 3.000013e+002
3.612000 3.000013e+002
3.614000 3.000012e+002
3.616000 3.000012e+002
3.618000 3.000012e+002
3.620000 3.000012e+002
3.622000 3.000011e+002
3.624000 3.000011e+002
3.626000 3.000011e+002
3.628000 3.000011e+002
3.630000 3.000011e+002
3.632000 3.000010e+002
3.634000 3.000010e+002
3.636000 3.000010e+002
3.638000 3.000010e+002
3.640000 3.000010e+002
3.642000 3.000010e+002
3.644000 3.000009e+002
3.646000 3.000009e+002
3.648000 3.000009e+002
3.650000 3.000009e+002
3.652000 3.000009e+002
3.654000 3.000009e+002
3.656000 3.000008e+002
3.658000 3.000008e+002
3.660000 3.000008e+002
3.662000 3.000008e+002
3.664000 3.000008e+002
3.666000 3.000008e+002
3.668000 3.000008e+002
3.670000 3.000007e+002
3.672000 3.000007e+002
3.674000 3.000007e+002
3.676000 3.000007e+002
3.678000 3.000007e+002
3.680000 3.000007e+002
3.682000 3.000007e+002
3.684000 3.000007e+002
3.686000 3.000006e+002
3.688000 3.000006e+002
3.690000 3.000006e+002
3.692000 3.000006e+002
3.694000 3.000006e+002
3.696000 3.000006e+002
3.698000 3.000006e+002
3.700000 3.000006e+002
3.702000 3.000006e+002
3.704000 3.000005e+002
3.706000 3.000005e+002
3.708000 3.000005e+002
3.710000 3.000005e+002
3.712000 3.000005e+002
3.714000 3.000005e+002
3.716000 3.000005e+002
3.718000 3.000005e+002
3.720000 3.000005e+002
3.722000 3.000005e+002
3.724000 3.000005e+002
3.726000 3.000004e+002
3.728000 3.000004e+002
3.730000 3.000004e+002
3.732000 3.000004e+002
3.734000 3.000004e+002
3.736000 3.000004e+002
3.738000 3.000004e+002
3.740000 3.000004e+002
3.742000 3.000004e+002
3.744000 3.000004e+002
3.746000 3.000004e+002
3.748000 3.000004e+002
3.750000 3.000004e+002
3.752000 3.000003e+002
3.754000 3.000003e+002
3.756000 3.000003e+002
3.758000 3.000003e+002
3.760000 3.000003e+002
3.762000 3.000003e+002
3.764000 3.000003e+002
3.766000 3.000003e+002
3.768000 3.000003e+002
3.770000 3.000003e+002
3.772000 3.000003e+002
3.774000 3.000003e+002
3.776000 3.000003e+002
3.778000 3.000003e+002
3.780000 3.000003e+002
3.782000 3.000003e+002
3.784000 3.000003e+002
3.786000 3.000003e+002
3.788000 3.000003e+002
3.790000 3.000002e+002
3.792000 3.000002e+002
3.794000 3.000002e+002
3.796000 3.000002e+002
3.798000 3.000002e+002
3.800000 3.000002e+002
3.802000 3.000002e+002
3.804000 3.000002e+002
3.806000 3.000002e+002
3.808000 3.000002e+002
3.810000 3.000002e+002
3.812000 3.000002e+002
3.814000 3.000002e+002
3.816000 3.000002e+002
3.818000 3.000002e+002
3.820000 3.000002e+002
3.822000 3.000002e+002
3.824000 3.000002e+002
3.826000 3.000002e+002
3.828000 3.000002e+002
3.830000 3.000002e+002
3.832000 3.000002e+002
3.834000 3.000002e+002
3.836000 3.000002e+002
3.838000 3.000002e+002
3.840000 3.000002e+002
3.842000 3.000002e+002
3.844000 3.000002e+002
3.846000 3.000001e+002
3.848000 3.000001e+002
3.850000 3.000001e+002
3.852000 3.000001e+002
3.854000 3.000001e+002
3.856000 3.000001e+002
3.858000 3.000001e+002
3.860000 3.000001e+002
3.862000 3.000001e+002
3.864000 3.000001e+002
3.866000 3.000001e+002
3.868000 3.000001e+002
3.870000 3.000001e+002
3.872000 3.000001e+002
3.874000 3.000001e+002
3.876000 3.000001e+002
3.878000 3.000001e+002
3.880000 3.000001e+002
3.882000 3.000001e+002
3.884000 3.000001e+002
3.886000 3.000001e+002
3.888000 3.000001e+002
3.890000 3.000001e+002
3.892000 3.000001e+002
3.894000 3.000001e+002
3.896000 3.000001e+002
3.898000 3.000001e+002
3.900000 3.000001e+002
3.902000 3.000001e+002
3.904000 3.000001e+002
3.906000 3.000001e+002
3.908000 3.000001e+002
3.910000 3.000001e+002
3.912000 3.000001e+002
3.914000 3.000001e+002
3.916000 3.000001e+002
3.918000 3.000001e+002
3.920000 3.000001e+002
3.922000 3.000001e+002
3.924000 3.000001e+002
3.926000 3.000001e+002
3.928000 3.000001e+002
3.930000 3.000001e+002
3.932000 3.000001e+002
3.934000 3.000001e+002
3.936000 3.000001e+002
3.938000 3.000001e+002
3.940000 3.000001e+002
3.942000 3.000001e+002
3.944000 3.000001e+002
3.946000 3.000001e+002
3.948000 3.000001e+002
3.950000 3.000001e+002
3.952000 3.000001e+002
3.954000 3.000001e+002
3.956000 3.000001e+002
3.958000 3.000001e+002
3.960000 3.000001e+002
3.962000 3.000001e+002
3.964000 3.000001e+002
3.966000 3.000001e+002
3.968000 3.000001e+002
3.970000 3.000001e+002
3.972000 3.000001e+002
3.974000 3.000001e+002
3.976000 3.000001e+002
3.978000 3.000001e+002
3.980000 3.000001e+002
3.982000 3.000001e+002
3.984000 3.000001e+002
3.986000 3.000001e+002
3.988000 3.000001e+002
3.990000 3.000001e+002
3.992000 3.000001e+002
3.994000 3.000001e+002
3.996000 3.000001e+002
3.998000 3.000000e+002
