0.000000 3.192048e+002
0.002000 3.213168e+002
0.004000 3.234284e+002
0.006000 3.255395e+002
0.008000 3.276502e+002
0.010000 3.297603e+002
0.012000 3.318698e+002
0.014000 3.339788e+002
0.016000 3.360870e+002
0.018000 3.381946e+002
0.020000 3.403015e+002
0.022000 3.424076e+002
0.024000 3.445128e+002
0.026000 3.466172e+002
0.028000 3.487207e+002
0.030000 3.508233e+002
0.032000 3.529249e+002
0.034000 3.550255e+002
0.036000 3.571250e+002
0.038000 3.592234e+002
0.040000 3.613207e+002
0.042000 3.634168e+002
0.044000 3.655117e+002
0.046000 3.676053e+002
0.048000 3.696976e+002
0.050000 3.717886e+002
0.052000 3.738782e+002
0.054000 3.759664e+002
0.056000 3.780531e+002
0.058000 3.801383e+002
0.060000 3.822220e+002
0.062000 3.843041e+002
0.064000 3.863846e+002
0.066000 3.884634e+002
0.068000 3.905405e+002
0.070000 3.926159e+002
0.072000 3.946895e+002
0.074000 3.967613e+002
0.076000 3.988312e+002
0.078000 4.008992e+002
0.080000 4.029653e+002
0.082000 4.050294e+002
0.084000 4.070915e+002
0.086000 4.091516e+002
0.088000 4.112095e+002
0.090000 4.132653e+002
0.092000 4.153190e+002
0.094000 4.173704e+002
0.096000 4.194196e+002
0.098000 4.214665e+002
0.100000 4.235111e+002
0.102000 4.255533e+002
0.104000 4.275931e+002
0.106000 4.296304e+002
0.108000 4.316653e+002
0.110000 4.336977e+002
0.112000 4.357274e+002
0.114000 4.377546e+002
0.116000 4.397792e+002
0.118000 4.418011e+002
0.120000 4.438203e+002
0.122000 4.458367e+002
0.124000 4.478503e+002
0.126000 4.498612e+002
0.128000 4.518691e+002
0.130000 4.538742e+002
0.132000 4.558763e+002
0.134000 4.578755e+002
0.136000 4.598716e+002
0.138000 4.618647e+002
0.140000 4.638547e+002
0.142000 4.658416e+002
0.144000 4.678253e+002
0.146000 4.698058e+002
0.148000 4.717831e+002
0.150000 4.737571e+002
0.152000 4.757278e+002
0.154000 4.776952e+002
0.156000 4.796592e+002
0.158000 4.816198e+002
0.160000 4.835769e+002
0.162000 4.855305e+002
0.164000 4.874807e+002
0.166000 4.894272e+002
0.168000 4.913702e+002
0.170000 4.933095e+002
0.172000 4.952452e+002
0.174000 4.971772e+002
0.176000 4.991054e+002
0.178000 5.010299e+002
0.180000 5.029505e+002
0.182000 5.048673e+002
0.184000 5.067803e+002
0.186000 5.086893e+002
0.188000 5.105944e+002
0.190000 5.124955e+002
0.192000 5.143926e+002
0.194000 5.162856e+002
0.196000 5.181746e+002
0.198000 5.200595e+002
0.200000 5.219402e+002
0.202000 5.238167e+002
0.204000 5.256890e+002
0.206000 5.275570e+002
0.208000 5.294208e+002
0.210000 5.312803e+002
0.212000 5.331354e+002
0.214000 5.349861e+002
0.216000 5.368324e+002
0.218000 5.386743e+002
0.220000 5.405117e+002
0.222000 5.423446e+002
0.224000 5.441729e+002
0.226000 5.459966e+002
0.228000 5.478158e+002
0.230000 5.496303e+002
0.232000 5.514401e+002
0.234000 5.532453e+002
0.236000 5.550457e+002
0.238000 5.568413e+002
0.240000 5.586322e+002
0.242000 5.604182e+002
0.244000 5.621993e+002
0.246000 5.639756e+002
0.248000 5.657470e+002
0.250000 5.675134e+002
0.252000 5.692748e+002
0.254000 5.710312e+002
0.256000 5.727826e+002
0.258000 5.745289e+002
0.260000 5.762701e+002
0.262000 5.780062e+002
0.264000 5.797371e+002
0.266000 5.814628e+002
0.268000 5.831834e+002
0.270000 5.848986e+002
0.272000 5.866086e+002
0.274000 5.883134e+002
0.276000 5.900127e+002
0.278000 5.917068e+002
0.280000 5.933954e+002
0.282000 5.950786e+002
0.284000 5.967564e+002
0.286000 5.984287e+002
0.288000 6.000956e+002
0.290000 6.017569e+002
0.292000 6.034126e+002
0.294000 6.050628e+002
0.296000 6.067074e+002
0.298000 6.083463e+002
0.300000 6.099796e+002
0.302000 6.116072e+002
0.304000 6.132291e+002
0.306000 6.148453e+002
0.308000 6.164557e+002
0.310000 6.180603e+002
0.312000 6.196591e+002
0.314000 6.212521e+002
0.316000 6.228392e+002
0.318000 6.244205e+002
0.320000 6.259958e+002
0.322000 6.275652e+002
0.324000 6.291286e+002
0.326000 6.306861e+002
0.328000 6.322375e+002
0.330000 6.337829e+002
0.332000 6.353223e+002
0.334000 6.368556e+002
0.336000 6.383828e+002
0.338000 6.399038e+002
0.340000 6.414187e+002
0.342000 6.429275e+002
0.344000 6.444301e+002
0.346000 6.459264e+002
0.348000 6.474165e+002
0.350000 6.489004e+002
0.352000 6.503780e+002
0.354000 6.518492e+002
0.356000 6.533142e+002
0.358000 6.547728e+002
0.360000 6.562251e+002
0.362000 6.576709e+002
0.364000 6.591104e+002
0.366000 6.605434e+002
0.368000 6.619700e+002
0.370000 6.633901e+002
0.372000 6.648038e+002
0.374000 6.662109e+002
0.376000 6.676115e+002
0.378000 6.690056e+002
0.380000 6.703931e+002
0.382000 6.717740e+002
0.384000 6.731483e+002
0.386000 6.745160e+002
0.388000 6.758771e+002
0.390000 6.772315e+002
0.392000 6.785792e+002
0.394000 6.799202e+002
0.396000 6.812545e+002
0.398000 6.825821e+002
0.400000 6.839030e+002
0.402000 6.852171e+002
0.404000 6.865244e+002
0.406000 6.878249e+002
0.408000 6.891186e+002
0.410000 6.904055e+002
0.412000 6.916856e+002
0.414000 6.929588e+002
0.416000 6.942251e+002
0.418000 6.954845e+002
0.420000 6.967370e+002
0.422000 6.979826e+002
0.424000 6.992212e+002
0.426000 7.004529e+002
0.428000 7.016777e+002
0.430000 7.028954e+002
0.432000 7.041062e+002
0.434000 7.053100e+002
0.436000 7.065067e+002
0.438000 7.076964e+002
0.440000 7.088791e+002
0.442000 7.100547e+002
0.444000 7.112232e+002
0.446000 7.123846e+002
0.448000 7.135390e+002
0.450000 7.146862e+002
0.452000 7.158263e+002
0.454000 7.169593e+002
0.456000 7.180851e+002
0.458000 7.192038e+002
0.460000 7.203153e+002
0.462000 7.214196e+002
0.464000 7.225167e+002
0.466000 7.236067e+002
0.468000 7.246894e+002
0.470000 7.257649e+002
0.472000 7.268331e+002
0.474000 7.278941e+002
0.476000 7.289479e+002
0.478000 7.299944e+002
0.480000 7.310336e+002
0.482000 7.320656e+002
0.484000 7.330902e+002
0.486000 7.341076e+002
0.488000 7.351177e+002
0.490000 7.361204e+002
0.492000 7.371158e+002
0.494000 7.381039e+002
0.496000 7.390846e+002
0.498000 7.400580e+002
0.500000 7.410241e+002
0.502000 7.419828e+002
0.504000 7.429341e+002
0.506000 7.438780e+002
0.508000 7.448146e+002
0.510000 7.457438e+002
0.512000 7.466656e+002
0.514000 7.475799e+002
0.516000 7.484869e+002
0.518000 7.493865e+002
0.520000 7.502786e+002
0.522000 7.511634e+002
0.524000 7.520407e+002
0.526000 7.529106e+002
0.528000 7.537730e+002
0.530000 7.546280e+002
0.532000 7.554755e+002
0.534000 7.563157e+002
0.536000 7.571483e+002
0.538000 7.579735e+002
0.540000 7.587913e+002
0.542000 7.596015e+002
0.544000 7.604044e+002
0.546000 7.611997e+002
0.548000 7.619876e+002
0.550000 7.627680e+002
0.552000 7.635409e+002
0.554000 7.643064e+002
0.556000 7.650644e+002
0.558000 7.658149e+002
0.560000 7.665579e+002
0.562000 7.672934e+002
0.564000 7.680215e+002
0.566000 7.687420e+002
0.568000 7.694551e+002
0.570000 7.701607e+002
0.572000 7.708588e+002
0.574000 7.715495e+002
0.576000 7.722326e+002
0.578000 7.729083e+002
0.580000 7.735764e+002
0.582000 7.742371e+002
0.584000 7.748903e+002
0.586000 7.755361e+002
0.588000 7.761743e+002
0.590000 7.768051e+002
0.592000 7.774284e+002
0.594000 7.780442e+002
0.596000 7.786525e+002
0.598000 7.792534e+002
0.600000 7.798468e+002
0.602000 7.804327e+002
0.604000 7.810112e+002
0.606000 7.815822e+002
0.608000 7.821457e+002
0.610000 7.827018e+002
0.612000 7.832505e+002
0.614000 7.837917e+002
0.616000 7.843254e+002
0.618000 7.848517e+002
0.620000 7.853706e+002
0.622000 7.858821e+002
0.624000 7.863861e+002
0.626000 7.868827e+002
0.628000 7.873719e+002
0.630000 7.878537e+002
0.632000 7.883281e+002
0.634000 7.887950e+002
0.636000 7.892546e+002
0.638000 7.897068e+002
0.640000 7.901516e+002
0.642000 7.905891e+002
0.644000 7.910191e+002
0.646000 7.914419e+002
0.648000 7.918572e+002
0.650000 7.922652e+002
0.652000 7.926659e+002
0.654000 7.930592e+002
0.656000 7.934452e+002
0.658000 7.938239e+002
0.660000 7.941952e+002
0.662000 7.945593e+002
0.664000 7.949161e+002
0.666000 7.952655e+002
0.668000 7.956077e+002
0.670000 7.959427e+002
0.672000 7.962703e+002
0.674000 7.965908e+002
0.676000 7.969039e+002
0.678000 7.972099e+002
0.680000 7.975086e+002
0.682000 7.978001e+002
0.684000 7.980844e+002
0.686000 7.983615e+002
0.688000 7.986314e+002
0.690000 7.988942e+002
0.692000 7.991498e+002
0.694000 7.993982e+002
0.696000 7.996395e+002
0.698000 7.998737e+002
0.700000 8.001007e+002
0.702000 8.003206e+002
0.704000 8.005335e+002
0.706000 8.007392e+002
0.708000 8.009379e+002
0.710000 8.011295e+002
0.712000 8.013141e+002
0.714000 8.014916e+002
0.716000 8.016621e+002
0.718000 8.018256e+002
0.720000 8.019821e+002
0.722000 8.021316e+002
0.724000 8.022741e+002
0.726000 8.024097e+002
0.728000 8.025383e+002
0.730000 8.026600e+002
0.732000 8.027748e+002
0.734000 8.028826e+002
0.736000 8.029836e+002
0.738000 8.030777e+002
0.740000 8.031649e+002
0.742000 8.032453e+002
0.744000 8.033188e+002
0.746000 8.033855e+002
0.748000 8.034454e+002
0.750000 8.034986e+002
0.752000 8.035449e+002
0.754000 8.035845e+002
0.756000 8.036173e+002
0.758000 8.036434e+002
0.760000 8.036628e+002
0.762000 8.036755e+002
0.764000 8.036815e+002
0.766000 8.036809e+002
0.768000 8.036736e+002
0.770000 8.036596e+002
0.772000 8.036391e+002
0.774000 8.036119e+002
0.776000 8.035782e+002
0.778000 8.035379e+002
0.780000 8.034910e+002
0.782000 8.034376e+002
0.784000 8.033777e+002
0.786000 8.033113e+002
0.788000 8.032384e+002
0.790000 8.031590e+002
0.792000 8.030732e+002
0.794000 8.029810e+002
0.796000 8.028823e+002
0.798000 8.027773e+002
0.800000 8.026659e+002
0.802000 8.025481e+002
0.804000 8.024240e+002
0.806000 8.022936e+002
0.808000 8.021568e+002
0.810000 8.020138e+002
0.812000 8.018645e+002
0.814000 8.017090e+002
0.816000 8.015473e+002
0.818000 8.013793e+002
0.820000 8.012052e+002
0.822000 8.010249e+002
0.824000 8.008384e+002
0.826000 8.006459e+002
0.828000 8.004472e+002
0.830000 8.002424e+002
0.832000 8.000315e+002
0.834000 7.998147e+002
0.836000 7.995917e+002
0.838000 7.993628e+002
0.840000 7.991279e+002
0.842000 7.988870e+002
0.844000 7.986402e+002
0.846000 7.983874e+002
0.848000 7.981288e+002
0.850000 7.978642e+002
0.852000 7.975938e+002
0.854000 7.973176e+002
0.856000 7.970355e+002
0.858000 7.967477e+002
0.860000 7.964540e+002
0.862000 7.961546e+002
0.864000 7.958495e+002
0.866000 7.955387e+002
0.868000 7.952221e+002
0.870000 7.948999e+002
0.872000 7.945721e+002
0.874000 7.942386e+002
0.876000 7.938995e+002
0.878000 7.935549e+002
0.880000 7.932046e+002
0.882000 7.928489e+002
0.884000 7.924876e+002
0.886000 7.921209e+002
0.888000 7.917486e+002
0.890000 7.913710e+002
0.892000 7.909879e+002
0.894000 7.905994e+002
0.896000 7.902055e+002
0.898000 7.898063e+002
0.900000 7.894017e+002
0.902000 7.889919e+002
0.904000 7.885767e+002
0.906000 7.881563e+002
0.908000 7.877307e+002
0.910000 7.872998e+002
0.912000 7.868637e+002
0.914000 7.864225e+002
0.916000 7.859762e+002
0.918000 7.855247e+002
0.920000 7.850681e+002
0.922000 7.846064e+002
0.924000 7.841397e+002
0.926000 7.836680e+002
0.928000 7.831913e+002
0.930000 7.827096e+002
0.932000 7.822229e+002
0.934000 7.817314e+002
0.936000 7.812349e+002
0.938000 7.807335e+002
0.940000 7.802273e+002
0.942000 7.797162e+002
0.944000 7.792004e+002
0.946000 7.786797e+002
0.948000 7.781543e+002
0.950000 7.776242e+002
0.952000 7.770894e+002
0.954000 7.765499e+002
0.956000 7.760057e+002
0.958000 7.754569e+002
0.960000 7.749035e+002
0.962000 7.743455e+002
0.964000 7.737829e+002
0.966000 7.732158e+002
0.968000 7.726442e+002
0.970000 7.720682e+002
0.972000 7.714876e+002
0.974000 7.709027e+002
0.976000 7.703133e+002
0.978000 7.697195e+002
0.980000 7.691214e+002
0.982000 7.685190e+002
0.984000 7.679122e+002
0.986000 7.673012e+002
0.988000 7.666859e+002
0.990000 7.660664e+002
0.992000 7.654427e+002
0.994000 7.648148e+002
0.996000 7.641827e+002
0.998000 7.635466e+002
1.000000 7.629063e+002
1.002000 7.622619e+002
1.004000 7.616135e+002
1.006000 7.609611e+002
1.008000 7.603047e+002
1.010000 7.596443e+002
1.012000 7.589799e+002
1.014000 7.583117e+002
1.016000 7.576395e+002
1.018000 7.569635e+002
1.020000 7.562836e+002
1.022000 7.555999e+002
1.024000 7.549125e+002
1.026000 7.542212e+002
1.028000 7.535262e+002
1.030000 7.528275e+002
1.032000 7.521252e+002
1.034000 7.514191e+002
1.036000 7.507094e+002
1.038000 7.499961e+002
1.040000 7.492793e+002
1.042000 7.485588e+002
1.044000 7.478349e+002
1.046000 7.471074e+002
1.048000 7.463765e+002
1.050000 7.456421e+002
1.052000 7.449043e+002
1.054000 7.441630e+002
1.056000 7.434184e+002
1.058000 7.426705e+002
1.060000 7.419192e+002
1.062000 7.411646e+002
1.064000 7.404068e+002
1.066000 7.396457e+002
1.068000 7.388814e+002
1.070000 7.381139e+002
1.072000 7.373433e+002
1.074000 7.365695e+002
1.076000 7.357926e+002
1.078000 7.350126e+002
1.080000 7.342295e+002
1.082000 7.334434e+002
1.084000 7.326543e+002
1.086000 7.318623e+002
1.088000 7.310672e+002
1.090000 7.302692e+002
1.092000 7.294684e+002
1.094000 7.286646e+002
1.096000 7.278580e+002
1.098000 7.270486e+002
1.100000 7.262363e+002
1.102000 7.254213e+002
1.104000 7.246036e+002
1.106000 7.237831e+002
1.108000 7.229599e+002
1.110000 7.221341e+002
1.112000 7.213056e+002
1.114000 7.204744e+002
1.116000 7.196407e+002
1.118000 7.188045e+002
1.120000 7.179656e+002
1.122000 7.171243e+002
1.124000 7.162805e+002
1.126000 7.154342e+002
1.128000 7.145855e+002
1.130000 7.137343e+002
1.132000 7.128808e+002
1.134000 7.120249e+002
1.136000 7.111667e+002
1.138000 7.103061e+002
1.140000 7.094433e+002
1.142000 7.085782e+002
1.144000 7.077109e+002
1.146000 7.068414e+002
1.148000 7.059697e+002
1.150000 7.050958e+002
1.152000 7.042198e+002
1.154000 7.033417e+002
1.156000 7.024615e+002
1.158000 7.015792e+002
1.160000 7.006950e+002
1.162000 6.998087e+002
1.164000 6.989204e+002
1.166000 6.980302e+002
1.168000 6.971380e+002
1.170000 6.962440e+002
1.172000 6.953480e+002
1.174000 6.944502e+002
1.176000 6.935506e+002
1.178000 6.926492e+002
1.180000 6.917459e+002
1.182000 6.908410e+002
1.184000 6.899342e+002
1.186000 6.890258e+002
1.188000 6.881157e+002
1.190000 6.872040e+002
1.192000 6.862906e+002
1.194000 6.853756e+002
1.196000 6.844590e+002
1.198000 6.835408e+002
1.200000 6.826211e+002
1.202000 6.816999e+002
1.204000 6.807773e+002
1.206000 6.798531e+002
1.208000 6.789275e+002
1.210000 6.780005e+002
1.212000 6.770721e+002
1.214000 6.761424e+002
1.216000 6.752112e+002
1.218000 6.742788e+002
1.220000 6.733451e+002
1.222000 6.724101e+002
1.224000 6.714739e+002
1.226000 6.705364e+002
1.228000 6.695977e+002
1.230000 6.686579e+002
1.232000 6.677169e+002
1.234000 6.667747e+002
1.236000 6.658315e+002
1.238000 6.648872e+002
1.240000 6.639418e+002
1.242000 6.629953e+002
1.244000 6.620479e+002
1.246000 6.610995e+002
1.248000 6.601501e+002
1.250000 6.591997e+002
1.252000 6.582485e+002
1.254000 6.572963e+002
1.256000 6.563432e+002
1.258000 6.553893e+002
1.260000 6.544346e+002
1.262000 6.534790e+002
1.264000 6.525227e+002
1.266000 6.515656e+002
1.268000 6.506078e+002
1.270000 6.496492e+002
1.272000 6.486899e+002
1.274000 6.477300e+002
1.276000 6.467694e+002
1.278000 6.458082e+002
1.280000 6.448463e+002
1.282000 6.438839e+002
1.284000 6.429209e+002
1.286000 6.419574e+002
1.288000 6.409933e+002
1.290000 6.400288e+002
1.292000 6.390637e+002
1.294000 6.380982e+002
1.296000 6.371323e+002
1.298000 6.361659e+002
1.300000 6.351992e+002
1.302000 6.342320e+002
1.304000 6.332646e+002
1.306000 6.322967e+002
1.308000 6.313286e+002
1.310000 6.303602e+002
1.312000 6.293915e+002
1.314000 6.284226e+002
1.316000 6.274534e+002
1.318000 6.264840e+002
1.320000 6.255145e+002
1.322000 6.245447e+002
1.324000 6.235748e+002
1.326000 6.226048e+002
1.328000 6.216347e+002
1.330000 6.206645e+002
1.332000 6.196942e+002
1.334000 6.187239e+002
1.336000 6.177536e+002
1.338000 6.167832e+002
1.340000 6.158129e+002
1.342000 6.148426e+002
1.344000 6.138723e+002
1.346000 6.129021e+002
1.348000 6.119320e+002
1.350000 6.109620e+002
1.352000 6.099921e+002
1.354000 6.090224e+002
1.356000 6.080528e+002
1.358000 6.070834e+002
1.360000 6.061143e+002
1.362000 6.051453e+002
1.364000 6.041766e+002
1.366000 6.032081e+002
1.368000 6.022399e+002
1.370000 6.012721e+002
1.372000 6.003045e+002
1.374000 5.993372e+002
1.376000 5.983703e+002
1.378000 5.974038e+002
1.380000 5.964377e+002
1.382000 5.954719e+002
1.384000 5.945066e+002
1.386000 5.935417e+002
1.388000 5.925773e+002
1.390000 5.916133e+002
1.392000 5.906498e+002
1.394000 5.896869e+002
1.396000 5.887244e+002
1.398000 5.877625e+002
1.400000 5.868012e+002
1.402000 5.858404e+002
1.404000 5.848803e+002
1.406000 5.839207e+002
1.408000 5.829618e+002
1.410000 5.820035e+002
1.412000 5.810459e+002
1.414000 5.800889e+002
1.416000 5.791326e+002
1.418000 5.781771e+002
1.420000 5.772222e+002
1.422000 5.762681e+002
1.424000 5.753148e+002
1.426000 5.743622e+002
1.428000 5.734104e+002
1.430000 5.724594e+002
1.432000 5.715093e+002
1.434000 5.705599e+002
1.436000 5.696115e+002
1.438000 5.686638e+002
1.440000 5.677171e+002
1.442000 5.667712e+002
1.444000 5.658263e+002
1.446000 5.648823e+002
1.448000 5.639392e+002
1.450000 5.629971e+002
1.452000 5.620559e+002
1.454000 5.611158e+002
1.456000 5.601766e+002
1.458000 5.592384e+002
1.460000 5.583013e+002
1.462000 5.573652e+002
1.464000 5.564301e+002
1.466000 5.554962e+002
1.468000 5.545633e+002
1.470000 5.536315e+002
1.472000 5.527008e+002
1.474000 5.517712e+002
1.476000 5.508428e+002
1.478000 5.499155e+002
1.480000 5.489894e+002
1.482000 5.480644e+002
1.484000 5.471407e+002
1.486000 5.462181e+002
1.488000 5.452968e+002
1.490000 5.443767e+002
1.492000 5.434578e+002
1.494000 5.425402e+002
1.496000 5.416238e+002
1.498000 5.407087e+002
1.500000 5.397950e+002
1.502000 5.388825e+002
1.504000 5.379713e+002
1.506000 5.370615e+002
1.508000 5.361530e+002
1.510000 5.352458e+002
1.512000 5.343400e+002
1.514000 5.334356e+002
1.516000 5.325326e+002
1.518000 5.316309e+002
1.520000 5.307307e+002
1.522000 5.298319e+002
1.524000 5.289345e+002
1.526000 5.280386e+002
1.528000 5.271441e+002
1.530000 5.262511e+002
1.532000 5.253596e+002
1.534000 5.244695e+002
1.536000 5.235810e+002
1.538000 5.226939e+002
1.540000 5.218084e+002
1.542000 5.209244e+002
1.544000 5.200420e+002
1.546000 5.191611e+002
1.548000 5.182817e+002
1.550000 5.174039e+002
1.552000 5.165277e+002
1.554000 5.156531e+002
1.556000 5.147801e+002
1.558000 5.139087e+002
1.560000 5.130389e+002
1.562000 5.121707e+002
1.564000 5.113042e+002
1.566000 5.104393e+002
1.568000 5.095761e+002
1.570000 5.087145e+002
1.572000 5.078546e+002
1.574000 5.069964e+002
1.576000 5.061399e+002
1.578000 5.052851e+002
1.580000 5.044320e+002
1.582000 5.035806e+002
1.584000 5.027310e+002
1.586000 5.018830e+002
1.588000 5.010368e+002
1.590000 5.001924e+002
1.592000 4.993497e+002
1.594000 4.985088e+002
1.596000 4.976697e+002
1.598000 4.968323e+002
1.600000 4.959968e+002
1.602000 4.951630e+002
1.604000 4.943310e+002
1.606000 4.935009e+002
1.608000 4.926726e+002
1.610000 4.918461e+002
1.612000 4.910214e+002
1.614000 4.901986e+002
1.616000 4.893776e+002
1.618000 4.885585e+002
1.620000 4.877413e+002
1.622000 4.869259e+002
1.624000 4.861124e+002
1.626000 4.853008e+002
1.628000 4.844910e+002
1.630000 4.836832e+002
1.632000 4.828773e+002
1.634000 4.820733e+002
1.636000 4.812712e+002
1.638000 4.804710e+002
1.640000 4.796727e+002
1.642000 4.788764e+002
1.644000 4.780820e+002
1.646000 4.772896e+002
1.648000 4.764991e+002
1.650000 4.757106e+002
1.652000 4.749240e+002
1.654000 4.741394e+002
1.656000 4.733568e+002
1.658000 4.725761e+002
1.660000 4.717975e+002
1.662000 4.710208e+002
1.664000 4.702461e+002
1.666000 4.694734e+002
1.668000 4.687028e+002
1.670000 4.679341e+002
1.672000 4.671674e+002
1.674000 4.664028e+002
1.676000 4.656402e+002
1.678000 4.648796e+002
1.680000 4.641210e+002
1.682000 4.633645e+002
1.684000 4.626100e+002
1.686000 4.618576e+002
1.688000 4.611072e+002
1.690000 4.603589e+002
1.692000 4.596126e+002
1.694000 4.588684e+002
1.696000 4.581262e+002
1.698000 4.573861e+002
1.700000 4.566481e+002
1.702000 4.559121e+002
1.704000 4.551783e+002
1.706000 4.544465e+002
1.708000 4.537168e+002
1.710000 4.529892e+002
1.712000 4.522637e+002
1.714000 4.515402e+002
1.716000 4.508189e+002
1.718000 4.500997e+002
1.720000 4.493826e+002
1.722000 4.486675e+002
1.724000 4.479546e+002
1.726000 4.472438e+002
1.728000 4.465352e+002
1.730000 4.458286e+002
1.732000 4.451241e+002
1.734000 4.444218e+002
1.736000 4.437216e+002
1.738000 4.430235e+002
1.740000 4.423276e+002
1.742000 4.416338e+002
1.744000 4.409421e+002
1.746000 4.402525e+002
1.748000 4.395651e+002
1.750000 4.388798e+002
1.752000 4.381967e+002
1.754000 4.375157e+002
1.756000 4.368369e+002
1.758000 4.361602e+002
1.760000 4.354856e+002
1.762000 4.348132e+002
1.764000 4.341429e+002
1.766000 4.334748e+002
1.768000 4.328088e+002
1.770000 4.321450e+002
1.772000 4.314834e+002
1.774000 4.308239e+002
1.776000 4.301665e+002
1.778000 4.295113e+002
1.780000 4.288583e+002
1.782000 4.282074e+002
1.784000 4.275587e+002
1.786000 4.269121e+002
1.788000 4.262677e+002
1.790000 4.256255e+002
1.792000 4.249854e+002
1.794000 4.243475e+002
1.796000 4.237117e+002
1.798000 4.230781e+002
1.800000 4.224467e+002
1.802000 4.218174e+002
1.804000 4.211903e+002
1.806000 4.205654e+002
1.808000 4.199426e+002
1.810000 4.193220e+002
1.812000 4.187035e+002
1.814000 4.180872e+002
1.816000 4.174731e+002
1.818000 4.168611e+002
1.820000 4.162513e+002
1.822000 4.156436e+002
1.824000 4.150381e+002
1.826000 4.144348e+002
1.828000 4.138336e+002
1.830000 4.132346e+002
1.832000 4.126377e+002
1.834000 4.120430e+002
1.836000 4.114504e+002
1.838000 4.108600e+002
1.840000 4.102718e+002
1.842000 4.096857e+002
1.844000 4.091018e+002
1.846000 4.085200e+002
1.848000 4.079403e+002
1.850000 4.073628e+002
1.852000 4.067875e+002
1.854000 4.062143e+002
1.856000 4.056432e+002
1.858000 4.050743e+002
1.860000 4.045075e+002
1.862000 4.039429e+002
1.864000 4.033804e+002
1.866000 4.028200e+002
1.868000 4.022618e+002
1.870000 4.017057e+002
1.872000 4.011517e+002
1.874000 4.005999e+002
1.876000 4.000502e+002
1.878000 3.995026e+002
1.880000 3.989571e+002
1.882000 3.984138e+002
1.884000 3.978726e+002
1.886000 3.973335e+002
1.888000 3.967965e+002
1.890000 3.962616e+002
1.892000 3.957289e+002
1.894000 3.951982e+002
1.896000 3.946697e+002
1.898000 3.941432e+002
1.900000 3.936189e+002
1.902000 3.930967e+002
1.904000 3.925765e+002
1.906000 3.920585e+002
1.908000 3.915425e+002
1.910000 3.910286e+002
1.912000 3.905168e+002
1.914000 3.900071e+002
1.916000 3.894995e+002
1.918000 3.889940e+002
1.920000 3.884905e+002
1.922000 3.879891e+002
1.924000 3.874898e+002
1.926000 3.869925e+002
1.928000 3.864973e+002
1.930000 3.860042e+002
1.932000 3.855131e+002
1.934000 3.850241e+002
1.936000 3.845371e+002
1.938000 3.840522e+002
1.940000 3.835693e+002
1.942000 3.830885e+002
1.944000 3.826097e+002
1.946000 3.821329e+002
1.948000 3.816582e+002
1.950000 3.811855e+002
1.952000 3.807148e+002
1.954000 3.802462e+002
1.956000 3.797795e+002
1.958000 3.793149e+002
1.960000 3.788523e+002
1.962000 3.783917e+002
1.964000 3.779331e+002
1.966000 3.774765e+002
1.968000 3.770219e+002
1.970000 3.765692e+002
1.972000 3.761186e+002
1.974000 3.756700e+002
1.976000 3.752233e+002
1.978000 3.747786e+002
1.980000 3.743359e+002
1.982000 3.738952e+002
1.984000 3.734564e+002
1.986000 3.730196e+002
1.988000 3.725847e+002
1.990000 3.721518e+002
1.992000 3.717209e+002
1.994000 3.712919e+002
1.996000 3.708648e+002
1.998000 3.704397e+002
2.000000 3.700165e+002
2.002000 3.695952e+002
2.004000 3.691759e+002
2.006000 3.687585e+002
2.008000 3.683429e+002
2.010000 3.679294e+002
2.012000 3.675177e+002
2.014000 3.671079e+002
2.016000 3.667000e+002
2.018000 3.662940e+002
2.020000 3.658899e+002
2.022000 3.654877e+002
2.024000 3.650874e+002
2.026000 3.646889e+002
2.028000 3.642924e+002
2.030000 3.638977e+002
2.032000 3.635048e+002
2.034000 3.631138e+002
2.036000 3.627247e+002
2.038000 3.623374e+002
2.040000 3.619520e+002
2.042000 3.615684e+002
2.044000 3.611866e+002
2.046000 3.608067e+002
2.048000 3.604286e+002
2.050000 3.600523e+002
2.052000 3.596778e+002
2.054000 3.593052e+002
2.056000 3.589343e+002
2.058000 3.585653e+002
2.060000 3.581980e+002
2.062000 3.578326e+002
2.064000 3.574689e+002
2.066000 3.571070e+002
2.068000 3.567469e+002
2.070000 3.563886e+002
2.072000 3.560320e+002
2.074000 3.556772e+002
2.076000 3.553242e+002
2.078000 3.549729e+002
2.080000 3.546234e+002
2.082000 3.542756e+002
2.084000 3.539295e+002
2.086000 3.535852e+002
2.088000 3.532426e+002
2.090000 3.529018e+002
2.092000 3.525626e+002
2.094000 3.522252e+002
2.096000 3.518894e+002
2.098000 3.515554e+002
2.100000 3.512231e+002
2.102000 3.508925e+002
2.104000 3.505635e+002
2.106000 3.502363e+002
2.108000 3.499107e+002
2.110000 3.495868e+002
2.112000 3.492645e+002
2.114000 3.489440e+002
2.116000 3.486250e+002
2.118000 3.483078e+002
2.120000 3.479922e+002
2.122000 3.476782e+002
2.124000 3.473658e+002
2.126000 3.470551e+002
2.128000 3.467460e+002
2.130000 3.464386e+002
2.132000 3.461327e+002
2.134000 3.458285e+002
2.136000 3.455258e+002
2.138000 3.452248e+002
2.140000 3.449254e+002
2.142000 3.446275e+002
2.144000 3.443312e+002
2.146000 3.440365e+002
2.148000 3.437434e+002
2.150000 3.434519e+002
2.152000 3.431619e+002
2.154000 3.428735e+002
2.156000 3.425866e+002
2.158000 3.423012e+002
2.160000 3.420174e+002
2.162000 3.417352e+002
2.164000 3.414545e+002
2.166000 3.411753e+002
2.168000 3.408976e+002
2.170000 3.406214e+002
2.172000 3.403467e+002
2.174000 3.400736e+002
2.176000 3.398019e+002
2.178000 3.395318e+002
2.180000 3.392631e+002
2.182000 3.389959e+002
2.184000 3.387302e+002
2.186000 3.384659e+002
2.188000 3.382031e+002
2.190000 3.379418e+002
2.192000 3.376819e+002
2.194000 3.374235e+002
2.196000 3.371665e+002
2.198000 3.369110e+002
2.200000 3.366569e+002
2.202000 3.364042e+002
2.204000 3.361530e+002
2.206000 3.359031e+002
2.208000 3.356547e+002
2.210000 3.354077e+002
2.212000 3.351621e+002
2.214000 3.349179e+002
2.216000 3.346750e+002
2.218000 3.344336e+002
2.220000 3.341935e+002
2.222000 3.339548e+002
2.224000 3.337175e+002
2.226000 3.334815e+002
2.228000 3.332469e+002
2.230000 3.330137e+002
2.232000 3.327817e+002
2.234000 3.325512e+002
2.236000 3.323220e+002
2.238000 3.320941e+002
2.240000 3.318675e+002
2.242000 3.316422e+002
2.244000 3.314183e+002
2.246000 3.311957e+002
2.248000 3.309743e+002
2.250000 3.307543e+002
2.252000 3.305356e+002
2.254000 3.303181e+002
2.256000 3.301019e+002
2.258000 3.298871e+002
2.260000 3.296734e+002
2.262000 3.294611e+002
2.264000 3.292500e+002
2.266000 3.290402e+002
2.268000 3.288316e+002
2.270000 3.286242e+002
2.272000 3.284181e+002
2.274000 3.282133e+002
2.276000 3.280096e+002
2.278000 3.278072e+002
2.280000 3.276060e+002
2.282000 3.274060e+002
2.284000 3.272073e+002
2.286000 3.270097e+002
2.288000 3.268133e+002
2.290000 3.266182e+002
2.292000 3.264242e+002
2.294000 3.262313e+002
2.296000 3.260397e+002
2.298000 3.258492e+002
2.300000 3.256600e+002
2.302000 3.254718e+002
2.304000 3.252848e+002
2.306000 3.250990e+002
2.308000 3.249143e+002
2.310000 3.247308e+002
2.312000 3.245484e+002
2.314000 3.243671e+002
2.316000 3.241869e+002
2.318000 3.240079e+002
2.320000 3.238300e+002
2.322000 3.236531e+002
2.324000 3.234774e+002
2.326000 3.233028e+002
2.328000 3.231293e+002
2.330000 3.229569e+002
2.332000 3.227855e+002
2.334000 3.226153e+002
2.336000 3.224461e+002
2.338000 3.222779e+002
2.340000 3.221109e+002
2.342000 3.219449e+002
2.344000 3.217799e+002
2.346000 3.216160e+002
2.348000 3.214532e+002
2.350000 3.212913e+002
2.352000 3.211306e+002
2.354000 3.209708e+002
2.356000 3.208121e+002
2.358000 3.206543e+002
2.360000 3.204976e+002
2.362000 3.203419e+002
2.364000 3.201873e+002
2.366000 3.200336e+002
2.368000 3.198809e+002
2.370000 3.197292e+002
2.372000 3.195784e+002
2.374000 3.194287e+002
2.376000 3.192799e+002
2.378000 3.191321e+002
2.380000 3.189853e+002
2.382000 3.188394e+002
2.384000 3.186945e+002
2.386000 3.185505e+002
2.388000 3.184075e+002
2.390000 3.182654e+002
2.392000 3.181242e+002
2.394000 3.179840e+002
2.396000 3.178447e+002
2.398000 3.177063e+002
2.400000 3.175689e+002
2.402000 3.174324e+002
2.404000 3.172967e+002
2.406000 3.171620e+002
2.408000 3.170282e+002
2.410000 3.168952e+002
2.412000 3.167632e+002
2.414000 3.166320e+002
2.416000 3.165017e+002
2.418000 3.163723e+002
2.420000 3.162438e+002
2.422000 3.161161e+002
2.424000 3.159893e+002
2.426000 3.158633e+002
2.428000 3.157382e+002
2.430000 3.156140e+002
2.432000 3.154905e+002
2.434000 3.153680e+002
2.436000 3.152462e+002
2.438000 3.151253e+002
2.440000 3.150052e+002
2.442000 3.148860e+002
2.444000 3.147675e+002
2.446000 3.146499e+002
2.448000 3.145331e+002
2.450000 3.144170e+002
2.452000 3.143018e+002
2.454000 3.141874e+002
2.456000 3.140738e+002
2.458000 3.139609e+002
2.460000 3.138488e+002
2.462000 3.137375e+002
2.464000 3.136270e+002
2.466000 3.135173e+002
2.468000 3.134083e+002
2.470000 3.133001e+002
2.472000 3.131926e+002
2.474000 3.130859e+002
2.476000 3.129799e+002
2.478000 3.128747e+002
2.480000 3.127702e+002
2.482000 3.126664e+002
2.484000 3.125634e+002
2.486000 3.124611e+002
2.488000 3.123596e+002
2.490000 3.122587e+002
2.492000 3.121586e+002
2.494000 3.120591e+002
2.496000 3.119604e+002
2.498000 3.118624e+002
2.500000 3.117651e+002
2.502000 3.116685e+002
2.504000 3.115725e+002
2.506000 3.114773e+002
2.508000 3.113827e+002
2.510000 3.112888e+002
2.512000 3.111956e+002
2.514000 3.111031e+002
2.516000 3.110112e+002
2.518000 3.109200e+002
2.520000 3.108294e+002
2.522000 3.107395e+002
2.524000 3.106503e+002
2.526000 3.105617e+002
2.528000 3.104738e+002
2.530000 3.103864e+002
2.532000 3.102998e+002
2.534000 3.102137e+002
2.536000 3.101283e+002
2.538000 3.100435e+002
2.540000 3.099593e+002
2.542000 3.098758e+002
2.544000 3.097928e+002
2.546000 3.097105e+002
2.548000 3.096288e+002
2.550000 3.095477e+002
2.552000 3.094671e+002
2.554000 3.093872e+002
2.556000 3.093079e+002
2.558000 3.092291e+002
2.560000 3.091510e+002
2.562000 3.090734e+002
2.564000 3.089964e+002
2.566000 3.089200e+002
2.568000 3.088441e+002
2.570000 3.087688e+002
2.572000 3.086941e+002
2.574000 3.086199e+002
2.576000 3.085463e+002
2.578000 3.084732e+002
2.580000 3.084007e+002
2.582000 3.083288e+002
2.584000 3.082573e+002
2.586000 3.081865e+002
2.588000 3.081161e+002
2.590000 3.080463e+002
2.592000 3.079770e+002
2.594000 3.079082e+002
2.596000 3.078400e+002
2.598000 3.077723e+002
2.600000 3.077051e+002
2.602000 3.076384e+002
2.604000 3.075722e+002
2.606000 3.075066e+002
2.608000 3.074414e+002
2.610000 3.073767e+002
2.612000 3.073126e+002
2.614000 3.072489e+002
2.616000 3.071857e+002
2.618000 3.071230e+002
2.620000 3.070608e+002
2.622000 3.069990e+002
2.624000 3.069378e+002
2.626000 3.068770e+002
2.628000 3.068167e+002
2.630000 3.067568e+002
2.632000 3.066975e+002
2.634000 3.066385e+002
2.636000 3.065801e+002
2.638000 3.065221e+002
2.640000 3.064645e+002
2.642000 3.064074e+002
2.644000 3.063508e+002
2.646000 3.062946e+002
2.648000 3.062388e+002
2.650000 3.061835e+002
2.652000 3.061286e+002
2.654000 3.060742e+002
2.656000 3.060201e+002
2.658000 3.059665e+002
2.660000 3.059134e+002
2.662000 3.058606e+002
2.664000 3.058083e+002
2.666000 3.057564e+002
2.668000 3.057048e+002
2.670000 3.056538e+002
2.672000 3.056031e+002
2.674000 3.055528e+002
2.676000 3.055029e+002
2.678000 3.054534e+002
2.680000 3.054043e+002
2.682000 3.053556e+002
2.684000 3.053073e+002
2.686000 3.052594e+002
2.688000 3.052119e+002
2.690000 3.051648e+002
2.692000 3.051180e+002
2.694000 3.050716e+002
2.696000 3.050256e+002
2.698000 3.049800e+002
2.700000 3.049347e+002
2.702000 3.048898e+002
2.704000 3.048453e+002
2.706000 3.048011e+002
2.708000 3.047573e+002
2.710000 3.047138e+002
2.712000 3.046707e+002
2.714000 3.046280e+002
2.716000 3.045856e+002
2.718000 3.045436e+002
2.720000 3.045019e+002
2.722000 3.044605e+002
2.724000 3.044195e+002
2.726000 3.043788e+002
2.728000 3.043384e+002
2.730000 3.042984e+002
2.732000 3.042587e+002
2.734000 3.042194e+002
2.736000 3.041804e+002
2.738000 3.041417e+002
2.740000 3.041033e+002
2.742000 3.040652e+002
2.744000 3.040275e+002
2.746000 3.039900e+002
2.748000 3.039529e+002
2.750000 3.039161e+002
2.752000 3.038796e+002
2.754000 3.038434e+002
2.756000 3.038075e+002
2.758000 3.037719e+002
2.760000 3.037366e+002
2.762000 3.037017e+002
2.764000 3.036670e+002
2.766000 3.036325e+002
2.768000 3.035984e+002
2.770000 3.035646e+002
2.772000 3.035311e+002
2.774000 3.034978e+002
2.776000 3.034648e+002
2.778000 3.034321e+002
2.780000 3.033997e+002
2.782000 3.033676e+002
2.784000 3.033357e+002
2.786000 3.033041e+002
2.788000 3.032728e+002
2.790000 3.032417e+002
2.792000 3.032109e+002
2.794000 3.031804e+002
2.796000 3.031501e+002
2.798000 3.031201e+002
2.800000 3.030904e+002
2.802000 3.030609e+002
2.804000 3.030316e+002
2.806000 3.030027e+002
2.808000 3.029739e+002
2.810000 3.029454e+002
2.812000 3.029172e+002
2.814000 3.028892e+002
2.816000 3.028615e+002
2.818000 3.028339e+002
2.820000 3.028067e+002
2.822000 3.027796e+002
2.824000 3.027528e+002
2.826000 3.027263e+002
2.828000 3.026999e+002
2.830000 3.026738e+002
2.832000 3.026480e+002
2.834000 3.026223e+002
2.836000 3.025969e+002
2.838000 3.025717e+002
2.840000 3.025467e+002
2.842000 3.025220e+002
2.844000 3.024974e+002
2.846000 3.024731e+002
2.848000 3.024490e+002
2.850000 3.024251e+002
2.852000 3.024014e+002
2.854000 3.023779e+002
2.856000 3.023547e+002
2.858000 3.023316e+002
2.860000 3.023087e+002
2.862000 3.022861e+002
2.864000 3.022636e+002
2.866000 3.022414e+002
2.868000 3.022193e+002
2.870000 3.021975e+002
2.872000 3.021758e+002
2.874000 3.021544e+002
2.876000 3.021331e+002
2.878000 3.021120e+002
2.880000 3.020911e+002
2.882000 3.020704e+002
2.884000 3.020499e+002
2.886000 3.020296e+002
2.888000 3.020094e+002
2.890000 3.019895e+002
2.892000 3.019697e+002
2.894000 3.019501e+002
2.896000 3.019307e+002
2.898000 3.019114e+002
2.900000 3.018923e+002
2.902000 3.018734e+002
2.904000 3.018547e+002
2.906000 3.018361e+002
2.908000 3.018177e+002
2.910000 3.017995e+002
2.912000 3.017815e+002
2.914000 3.017636e+002
2.916000 3.017458e+002
2.918000 3.017283e+002
2.920000 3.017109e+002
2.922000 3.016936e+002
2.924000 3.016765e+002
2.926000 3.016596e+002
2.928000 3.016428e+002
2.930000 3.016262e+002
2.932000 3.016098e+002
2.934000 3.015935e+002
2.936000 3.015773e+002
2.938000 3.015613e+002
2.940000 3.015454e+002
2.942000 3.015297e+002
2.944000 3.015141e+002
2.946000 3.014987e+002
2.948000 3.014834e+002
2.950000 3.014683e+002
2.952000 3.014533e+002
2.954000 3.014384e+002
2.956000 3.014237e+002
2.958000 3.014092e+002
2.960000 3.013947e+002
2.962000 3.013804e+002
2.964000 3.013662e+002
2.966000 3.013522e+002
2.968000 3.013383e+002
2.970000 3.013245e+002
2.972000 3.013109e+002
2.974000 3.012973e+002
2.976000 3.012840e+002
2.978000 3.012707e+002
2.980000 3.012576e+002
2.982000 3.012445e+002
2.984000 3.012317e+002
2.986000 3.012189e+002
2.988000 3.012062e+002
2.990000 3.011937e+002
2.992000 3.011813e+002
2.994000 3.011690e+002
2.996000 3.011569e+002
2.998000 3.011448e+002
3.000000 3.011329e+002
3.002000 3.011210e+002
3.004000 3.011093e+002
3.006000 3.010977e+002
3.008000 3.010863e+002
3.010000 3.010749e+002
3.012000 3.010636e+002
3.014000 3.010525e+002
3.016000 3.010414e+002
3.018000 3.010305e+002
3.020000 3.010196e+002
3.022000 3.010089e+002
3.024000 3.009983e+002
3.026000 3.009877e+002
3.028000 3.009773e+002
3.030000 3.009670e+002
3.032000 3.009568e+002
3.034000 3.009466e+002
3.036000 3.009366e+002
3.038000 3.009267e+002
3.040000 3.009169e+002
3.042000 3.009071e+002
3.044000 3.008975e+002
3.046000 3.008879e+002
3.048000 3.008785e+002
3.050000 3.008691e+002
3.052000 3.008599e+002
3.054000 3.008507e+002
3.056000 3.008416e+002
3.058000 3.008326e+002
3.060000 3.008237e+002
3.062000 3.008149e+002
3.064000 3.008062e+002
3.066000 3.007975e+002
3.068000 3.007890e+002
3.070000 3.007805e+002
3.072000 3.007721e+002
3.074000 3.007638e+002
3.076000 3.007556e+002
3.078000 3.007474e+002
3.080000 3.007394e+002
3.082000 3.007314e+002
3.084000 3.007235e+002
3.086000 3.007156e+002
3.088000 3.007079e+002
3.090000 3.007002e+002
3.092000 3.006926e+002
3.094000 3.006851e+002
3.096000 3.006777e+002
3.098000 3.006703e+002
3.100000 3.006630e+002
3.102000 3.006558e+002
3.104000 3.006487e+002
3.106000 3.006416e+002
3.108000 3.006346e+002
3.110000 3.006277e+002
3.112000 3.006208e+002
3.114000 3.006140e+002
3.116000 3.006073e+002
3.118000 3.006006e+002
3.120000 3.005940e+002
3.122000 3.005875e+002
3.124000 3.005811e+002
3.126000 3.005747e+002
3.128000 3.005684e+002
3.130000 3.005621e+002
3.132000 3.005559e+002
3.134000 3.005498e+002
3.136000 3.005437e+002
3.138000 3.005377e+002
3.140000 3.005318e+002
3.142000 3.005259e+002
3.144000 3.005200e+002
3.146000 3.005143e+002
3.148000 3.005086e+002
3.150000 3.005029e+002
3.152000 3.004973e+002
3.154000 3.004918e+002
3.156000 3.004863e+002
3.158000 3.004809e+002
3.160000 3.004756e+002
3.162000 3.004703e+002
3.164000 3.004650e+002
3.166000 3.004598e+002
3.168000 3.004547e+002
3.170000 3.004496e+002
3.172000 3.004446e+002
3.174000 3.004396e+002
3.176000 3.004346e+002
3.178000 3.004298e+002
3.180000 3.004249e+002
3.182000 3.004201e+002
3.184000 3.004154e+002
3.186000 3.004107e+002
3.188000 3.004061e+002
3.190000 3.004015e+002
3.192000 3.003970e+002
3.194000 3.003925e+002
3.196000 3.003881e+002
3.198000 3.003837e+002
3.200000 3.003793e+002
3.202000 3.003750e+002
3.204000 3.003708e+002
3.206000 3.003666e+002
3.208000 3.003624e+002
3.210000 3.003583e+002
3.212000 3.003542e+002
3.214000 3.003502e+002
3.216000 3.003462e+002
3.218000 3.003422e+002
3.220000 3.003383e+002
3.222000 3.003345e+002
3.224000 3.003306e+002
3.226000 3.003269e+002
3.228000 3.003231e+002
3.230000 3.003194e+002
3.232000 3.003157e+002
3.234000 3.003121e+002
3.236000 3.003085e+002
3.238000 3.003050e+002
3.240000 3.003015e+002
3.242000 3.002980e+002
3.244000 3.002946e+002
3.246000 3.002912e+002
3.248000 3.002878e+002
3.250000 3.002845e+002
3.252000 3.002812e+002
3.254000 3.002779e+002
3.256000 3.002747e+002
3.258000 3.002715e+002
3.260000 3.002684e+002
3.262000 3.002653e+002
3.264000 3.002622e+002
3.266000 3.002591e+002
3.268000 3.002561e+002
3.270000 3.002532e+002
3.272000 3.002502e+002
3.274000 3.002473e+002
3.276000 3.002444e+002
3.278000 3.002415e+002
3.280000 3.002387e+002
3.282000 3.002359e+002
3.284000 3.002332e+002
3.286000 3.002304e+002
3.288000 3.002277e+002
3.290000 3.002251e+002
3.292000 3.002224e+002
3.294000 3.002198e+002
3.296000 3.002172e+002
3.298000 3.002147e+002
3.300000 3.002121e+002
3.302000 3.002096e+002
3.304000 3.002072e+002
3.306000 3.002047e+002
3.308000 3.002023e+002
3.310000 3.001999e+002
3.312000 3.001975e+002
3.314000 3.001952e+002
3.316000 3.001929e+002
3.318000 3.001906e+002
3.320000 3.001883e+002
3.322000 3.001861e+002
3.324000 3.001839e+002
3.326000 3.001817e+002
3.328000 3.001795e+002
3.330000 3.001774e+002
3.332000 3.001753e+002
3.334000 3.001732e+002
3.336000 3.001711e+002
3.338000 3.001691e+002
3.340000 3.001671e+002
3.342000 3.001651e+002
3.344000 3.001631e+002
3.346000 3.001611e+002
3.348000 3.001592e+002
3.350000 3.001573e+002
3.352000 3.001554e+002
3.354000 3.001535e+002
3.356000 3.001517e+002
3.358000 3.001499e+002
3.360000 3.001481e+002
3.362000 3.001463e+002
3.364000 3.001445e+002
3.366000 3.001428e+002
3.368000 3.001410e+002
3.370000 3.001393e+002
3.372000 3.001376e+002
3.374000 3.001360e+002
3.376000 3.001343e+002
3.378000 3.001327e+002
3.380000 3.001311e+002
3.382000 3.001295e+002
3.384000 3.001279e+002
3.386000 3.001264e+002
3.388000 3.001248e+002
3.390000 3.001233e+002
3.392000 3.001218e+002
3.394000 3.001203e+002
3.396000 3.001189e+002
3.398000 3.001174e+002
3.400000 3.001160e+002
3.402000 3.001145e+002
3.404000 3.001131e+002
3.406000 3.001118e+002
3.408000 3.001104e+002
3.410000 3.001090e+002
3.412000 3.001077e+002
3.414000 3.001064e+002
3.416000 3.001051e+002
3.418000 3.001038e+002
3.420000 3.001025e+002
3.422000 3.001012e+002
3.424000 3.001000e+002
3.426000 3.000987e+002
3.428000 3.000975e+002
3.430000 3.000963e+002
3.432000 3.000951e+002
3.434000 3.000940e+002
3.436000 3.000928e+002
3.438000 3.000916e+002
3.440000 3.000905e+002
3.442000 3.000894e+002
3.444000 3.000883e+002
3.446000 3.000872e+002
3.448000 3.000861e+002
3.450000 3.000850e+002
3.452000 3.000840e+002
3.454000 3.000829e+002
3.456000 3.000819e+002
3.458000 3.000809e+002
3.460000 3.000798e+002
3.462000 3.000788e+002
3.464000 3.000779e+002
3.466000 3.000769e+002
3.468000 3.000759e+002
3.470000 3.000750e+002
3.472000 3.000740e+002
3.474000 3.000731e+002
3.476000 3.000722e+002
3.478000 3.000713e+002
3.480000 3.000704e+002
3.482000 3.000695e+002
3.484000 3.000686e+002
3.486000 3.000678e+002
3.488000 3.000669e+002
3.490000 3.000661e+002
3.492000 3.000652e+002
3.494000 3.000644e+002
3.496000 3.000636e+002
3.498000 3.000628e+002
3.500000 3.000620e+002
3.502000 3.000612e+002
3.504000 3.000604e+002
3.506000 3.000597e+002
3.508000 3.000589e+002
3.510000 3.000581e+002
3.512000 3.000574e+002
3.514000 3.000567e+002
3.516000 3.000560e+002
3.518000 3.000552e+002
3.520000 3.000545e+002
3.522000 3.000538e+002
3.524000 3.000532e+002
3.526000 3.000525e+002
3.528000 3.000518e+002
3.530000 3.000511e+002
3.532000 3.000505e+002
3.534000 3.000498e+002
3.536000 3.000492e+002
3.538000 3.000486e+002
3.540000 3.000479e+002
3.542000 3.000473e+002
3.544000 3.000467e+002
3.546000 3.000461e+002
3.548000 3.000455e+002
3.550000 3.000449e+002
3.552000 3.000444e+002
3.554000 3.000438e+002
3.556000 3.000432e+002
3.558000 3.000427e+002
3.560000 3.000421e+002
3.562000 3.000416e+002
3.564000 3.000410e+002
3.566000 3.000405e+002
3.568000 3.000400e+002
3.570000 3.000395e+002
3.572000 3.000390e+002
3.574000 3.000384e+002
3.576000 3.000379e+002
3.578000 3.000375e+002
3.580000 3.000370e+002
3.582000 3.000365e+002
3.584000 3.000360e+002
3.586000 3.000355e+002
3.588000 3.000351e+002
3.590000 3.000346e+002
3.592000 3.000342e+002
3.594000 3.000337e+002
3.596000 3.000333e+002
3.598000 3.000329e+002
3.600000 3.000324e+002
3.602000 3.000320e+002
3.604000 3.000316e+002
3.606000 3.000312e+002
3.608000 3.000308e+002
3.610000 3.000304e+002
3.612000 3.000300e+002
3.614000 3.000296e+002
3.616000 3.000292e+002
3.618000 3.000288e+002
3.620000 3.000284e+002
3.622000 3.000280e+002
3.624000 3.000277e+002
3.626000 3.000273e+002
3.628000 3.000270e+002
3.630000 3.000266e+002
3.632000 3.000263e+002
3.634000 3.000259e+002
3.636000 3.000256e+002
3.638000 3.000252e+002
3.640000 3.000249e+002
3.642000 3.000246e+002
3.644000 3.000242e+002
3.646000 3.000239e+002
3.648000 3.000236e+002
3.650000 3.000233e+002
3.652000 3.000230e+002
3.654000 3.000227e+002
3.656000 3.000224e+002
3.658000 3.000221e+002
3.660000 3.000218e+002
3.662000 3.000215e+002
3.664000 3.000212e+002
3.666000 3.000209e+002
3.668000 3.000207e+002
3.670000 3.000204e+002
3.672000 3.000201e+002
3.674000 3.000199e+002
3.676000 3.000196e+002
3.678000 3.000193e+002
3.680000 3.000191e+002
3.682000 3.000188e+002
3.684000 3.000186e+002
3.686000 3.000183e+002
3.688000 3.000181e+002
3.690000 3.000178e+002
3.692000 3.000176e+002
3.694000 3.000174e+002
3.696000 3.000171e+002
3.698000 3.000169e+002
3.700000 3.000167e+002
3.702000 3.000165e+002
3.704000 3.000163e+002
3.706000 3.000160e+002
3.708000 3.000158e+002
3.710000 3.000156e+002
3.712000 3.000154e+002
3.714000 3.000152e+002
3.716000 3.000150e+002
3.718000 3.000148e+002
3.720000 3.000146e+002
3.722000 3.000144e+002
3.724000 3.000142e+002
3.726000 3.000140e+002
3.728000 3.000139e+002
3.730000 3.000137e+002
3.732000 3.000135e+002
3.734000 3.000133e+002
3.736000 3.000131e+002
3.738000 3.000130e+002
3.740000 3.000128e+002
3.742000 3.000126e+002
3.744000 3.000125e+002
3.746000 3.000123e+002
3.748000 3.000121e+002
3.750000 3.000120e+002
3.752000 3.000118e+002
3.754000 3.000117e+002
3.756000 3.000115e+002
3.758000 3.000114e+002
3.760000 3.000112e+002
3.762000 3.000111e+002
3.764000 3.000109e+002
3.766000 3.000108e+002
3.768000 3.000106e+002
3.770000 3.000105e+002
3.772000 3.000104e+002
3.774000 3.000102e+002
3.776000 3.000101e+002
3.778000 3.000100e+002
3.780000 3.000098e+002
3.782000 3.000097e+002
3.784000 3.000096e+002
3.786000 3.000095e+002
3.788000 3.000093e+002
3.790000 3.000092e+002
3.792000 3.000091e+002
3.794000 3.000090e+002
3.796000 3.000089e+002
3.798000 3.000088e+002
3.800000 3.000087e+002
3.802000 3.000086e+002
3.804000 3.000084e+002
3.806000 3.000083e+002
3.808000 3.000082e+002
3.810000 3.000081e+002
3.812000 3.000080e+002
3.814000 3.000079e+002
3.816000 3.000078e+002
3.818000 3.000077e+002
3.820000 3.000076e+002
3.822000 3.000076e+002
3.824000 3.000075e+002
3.826000 3.000074e+002
3.828000 3.000073e+002
3.830000 3.000072e+002
3.832000 3.000071e+002
3.834000 3.000070e+002
3.836000 3.000069e+002
3.838000 3.000069e+002
3.840000 3.000068e+002
3.842000 3.000067e+002
3.844000 3.000066e+002
3.846000 3.000066e+002
3.848000 3.000065e+002
3.850000 3.000064e+002
3.852000 3.000063e+002
3.854000 3.000063e+002
3.856000 3.000062e+002
3.858000 3.000061e+002
3.860000 3.000061e+002
3.862000 3.000060e+002
3.864000 3.000059e+002
3.866000 3.000059e+002
3.868000 3.000058e+002
3.870000 3.000057e+002
3.872000 3.000057e+002
3.874000 3.000056e+002
3.876000 3.000056e+002
3.878000 3.000055e+002
3.880000 3.000055e+002
3.882000 3.000054e+002
3.884000 3.000053e+002
3.886000 3.000053e+002
3.888000 3.000052e+002
3.890000 3.000052e+002
3.892000 3.000051e+002
3.894000 3.000051e+002
3.896000 3.000051e+002
3.898000 3.000050e+002
3.900000 3.000050e+002
3.902000 3.000049e+002
3.904000 3.000049e+002
3.906000 3.000048e+002
3.908000 3.000048e+002
3.910000 3.000048e+002
3.912000 3.000047e+002
3.914000 3.000047e+002
3.916000 3.000046e+002
3.918000 3.000046e+002
3.920000 3.000046e+002
3.922000 3.000045e+002
3.924000 3.000045e+002
3.926000 3.000045e+002
3.928000 3.000045e+002
3.930000 3.000044e+002
3.932000 3.000044e+002
3.934000 3.000044e+002
3.936000 3.000043e+002
3.938000 3.000043e+002
3.940000 3.000043e+002
3.942000 3.000043e+002
3.944000 3.000042e+002
3.946000 3.000042e+002
3.948000 3.000042e+002
3.950000 3.000042e+002
3.952000 3.000042e+002
3.954000 3.000041e+002
3.956000 3.000041e+002
3.958000 3.000041e+002
3.960000 3.000041e+002
3.962000 3.000041e+002
3.964000 3.000041e+002
3.966000 3.000041e+002
3.968000 3.000040e+002
3.970000 3.000040e+002
3.972000 3.000040e+002
3.974000 3.000040e+002
3.976000 3.000040e+002
3.978000 3.000040e+002
3.980000 3.000040e+002
3.982000 3.000040e+002
3.984000 3.000040e+002
3.986000 3.000040e+002
3.988000 3.000040e+002
3.990000 3.000040e+002
3.992000 3.000040e+002
3.994000 3.000040e+002
3.996000 3.000040e+002
3.998000 3.000000e+002
