0.000000 3.070628e+002
0.002000 3.078354e+002
0.004000 3.086079e+002
0.006000 3.093803e+002
0.008000 3.101527e+002
0.010000 3.109249e+002
0.012000 3.116970e+002
0.014000 3.124690e+002
0.016000 3.132409e+002
0.018000 3.140126e+002
0.020000 3.147842e+002
0.022000 3.155557e+002
0.024000 3.163270e+002
0.026000 3.170981e+002
0.028000 3.178691e+002
0.030000 3.186398e+002
0.032000 3.194104e+002
0.034000 3.201808e+002
0.036000 3.209510e+002
0.038000 3.217210e+002
0.040000 3.224907e+002
0.042000 3.232603e+002
0.044000 3.240296e+002
0.046000 3.247986e+002
0.048000 3.255674e+002
0.050000 3.263360e+002
0.052000 3.271042e+002
0.054000 3.278722e+002
0.056000 3.286400e+002
0.058000 3.294074e+002
0.060000 3.301745e+002
0.062000 3.309414e+002
0.064000 3.317079e+002
0.066000 3.324741e+002
0.068000 3.332400e+002
0.070000 3.340055e+002
0.072000 3.347707e+002
0.074000 3.355356e+002
0.076000 3.363000e+002
0.078000 3.370642e+002
0.080000 3.378279e+002
0.082000 3.385913e+002
0.084000 3.393543e+002
0.086000 3.401168e+002
0.088000 3.408790e+002
0.090000 3.416408e+002
0.092000 3.424021e+002
0.094000 3.431631e+002
0.096000 3.439235e+002
0.098000 3.446836e+002
0.100000 3.454432e+002
0.102000 3.462023e+002
0.104000 3.469610e+002
0.106000 3.477192e+002
0.108000 3.484769e+002
0.110000 3.492341e+002
0.112000 3.499909e+002
0.114000 3.507471e+002
0.116000 3.515028e+002
0.118000 3.522580e+002
0.120000 3.530127e+002
0.122000 3.537669e+002
0.124000 3.545205e+002
0.126000 3.552735e+002
0.128000 3.560260e+002
0.130000 3.567780e+002
0.132000 3.575293e+002
0.134000 3.582801e+002
0.136000 3.590303e+002
0.138000 3.597800e+002
0.140000 3.605290e+002
0.142000 3.612774e+002
0.144000 3.620252e+002
0.146000 3.627723e+002
0.148000 3.635189e+002
0.150000 3.642648e+002
0.152000 3.650100e+002
0.154000 3.657546e+002
0.156000 3.664986e+002
0.158000 3.672419e+002
0.160000 3.679845e+002
0.162000 3.687264e+002
0.164000 3.694676e+002
0.166000 3.702082e+002
0.168000 3.709480e+002
0.170000 3.716872e+002
0.172000 3.724256e+002
0.174000 3.731633e+002
0.176000 3.739002e+002
0.178000 3.746364e+002
0.180000 3.753719e+002
0.182000 3.761066e+002
0.184000 3.768406e+002
0.186000 3.775738e+002
0.188000 3.783062e+002
0.190000 3.790378e+002
0.192000 3.797686e+002
0.194000 3.804987e+002
0.196000 3.812279e+002
0.198000 3.819564e+002
0.200000 3.826840e+002
0.202000 3.834108e+002
0.204000 3.841367e+002
0.206000 3.848618e+002
0.208000 3.855861e+002
0.210000 3.863095e+002
0.212000 3.870321e+002
0.214000 3.877538e+002
0.216000 3.884746e+002
0.218000 3.891945e+002
0.220000 3.899136e+002
0.222000 3.906318e+002
0.224000 3.913490e+002
0.226000 3.920654e+002
0.228000 3.927808e+002
0.230000 3.934953e+002
0.232000 3.942089e+002
0.234000 3.949215e+002
0.236000 3.956332e+002
0.238000 3.963440e+002
0.240000 3.970538e+002
0.242000 3.977626e+002
0.244000 3.984705e+002
0.246000 3.991774e+002
0.248000 3.998833e+002
0.250000 4.005882e+002
0.252000 4.012921e+002
0.254000 4.019950e+002
0.256000 4.026969e+002
0.258000 4.033978e+002
0.260000 4.040977e+002
0.262000 4.047965e+002
0.264000 4.054943e+002
0.266000 4.061911e+002
0.268000 4.068868e+002
0.270000 4.075814e+002
0.272000 4.082750e+002
0.274000 4.089676e+002
0.276000 4.096590e+002
0.278000 4.103494e+002
0.280000 4.110386e+002
0.282000 4.117268e+002
0.284000 4.124139e+002
0.286000 4.130999e+002
0.288000 4.137847e+002
0.290000 4.144685e+002
0.292000 4.151511e+002
0.294000 4.158326e+002
0.296000 4.165129e+002
0.298000 4.171921e+002
0.300000 4.178701e+002
0.302000 4.185470e+002
0.304000 4.192227e+002
0.306000 4.198973e+002
0.308000 4.205707e+002
0.310000 4.212428e+002
0.312000 4.219138e+002
0.314000 4.225837e+002
0.316000 4.232523e+002
0.318000 4.239197e+002
0.320000 4.245858e+002
0.322000 4.252508e+002
0.324000 4.259145e+002
0.326000 4.265770e+002
0.328000 4.272383e+002
0.330000 4.278983e+002
0.332000 4.285571e+002
0.334000 4.292146e+002
0.336000 4.298709e+002
0.338000 4.305259e+002
0.340000 4.311796e+002
0.342000 4.318321e+002
0.344000 4.324832e+002
0.346000 4.331331e+002
0.348000 4.337816e+002
0.350000 4.344289e+002
0.352000 4.350749e+002
0.354000 4.357195e+002
0.356000 4.363628e+002
0.358000 4.370048e+002
0.360000 4.376455e+002
0.362000 4.382849e+002
0.364000 4.389228e+002
0.366000 4.395595e+002
0.368000 4.401948e+002
0.370000 4.408287e+002
0.372000 4.414613e+002
0.374000 4.420925e+002
0.376000 4.427223e+002
0.378000 4.433508e+002
0.380000 4.439778e+002
0.382000 4.446035e+002
0.384000 4.452277e+002
0.386000 4.458506e+002
0.388000 4.464721e+002
0.390000 4.470921e+002
0.392000 4.477107e+002
0.394000 4.483280e+002
0.396000 4.489437e+002
0.398000 4.495581e+002
0.400000 4.501710e+002
0.402000 4.507824e+002
0.404000 4.513924e+002
0.406000 4.520010e+002
0.408000 4.526081e+002
0.410000 4.532137e+002
0.412000 4.538179e+002
0.414000 4.544206e+002
0.416000 4.550218e+002
0.418000 4.556215e+002
0.420000 4.562197e+002
0.422000 4.568164e+002
0.424000 4.574117e+002
0.426000 4.580054e+002
0.428000 4.585976e+002
0.430000 4.591883e+002
0.432000 4.597775e+002
0.434000 4.603652e+002
0.436000 4.609513e+002
0.438000 4.615359e+002
0.440000 4.621189e+002
0.442000 4.627004e+002
0.444000 4.632804e+002
0.446000 4.638588e+002
0.448000 4.644357e+002
0.450000 4.650110e+002
0.452000 4.655847e+002
0.454000 4.661568e+002
0.456000 4.667274e+002
0.458000 4.672964e+002
0.460000 4.678638e+002
0.462000 4.684297e+002
0.464000 4.689939e+002
0.466000 4.695565e+002
0.468000 4.701176e+002
0.470000 4.706770e+002
0.472000 4.712348e+002
0.474000 4.717910e+002
0.476000 4.723455e+002
0.478000 4.728985e+002
0.480000 4.734498e+002
0.482000 4.739995e+002
0.484000 4.745476e+002
0.486000 4.750940e+002
0.488000 4.756387e+002
0.490000 4.761819e+002
0.492000 4.767233e+002
0.494000 4.772631e+002
0.496000 4.778013e+002
0.498000 4.783377e+002
0.500000 4.788725e+002
0.502000 4.794057e+002
0.504000 4.799371e+002
0.506000 4.804669e+002
0.508000 4.809950e+002
0.510000 4.815214e+002
0.512000 4.820461e+002
0.514000 4.825691e+002
0.516000 4.830904e+002
0.518000 4.836100e+002
0.520000 4.841279e+002
0.522000 4.846441e+002
0.524000 4.851586e+002
0.526000 4.856713e+002
0.528000 4.861824e+002
0.530000 4.866917e+002
0.532000 4.871992e+002
0.534000 4.877051e+002
0.536000 4.882092e+002
0.538000 4.887115e+002
0.540000 4.892121e+002
0.542000 4.897110e+002
0.544000 4.902081e+002
0.546000 4.907035e+002
0.548000 4.911971e+002
0.550000 4.916889e+002
0.552000 4.921790e+002
0.554000 4.926673e+002
0.556000 4.931538e+002
0.558000 4.936386e+002
0.560000 4.941216e+002
0.562000 4.946028e+002
0.564000 4.950822e+002
0.566000 4.955599e+002
0.568000 4.960357e+002
0.570000 4.965098e+002
0.572000 4.969820e+002
0.574000 4.974525e+002
0.576000 4.979211e+002
0.578000 4.983880e+002
0.580000 4.988530e+002
0.582000 4.993163e+002
0.584000 4.997777e+002
0.586000 5.002373e+002
0.588000 5.006951e+002
0.590000 5.011510e+002
0.592000 5.016052e+002
0.594000 5.020575e+002
0.596000 5.025080e+002
0.598000 5.029566e+002
0.600000 5.034034e+002
0.602000 5.038484e+002
0.604000 5.042915e+002
0.606000 5.047328e+002
0.608000 5.051723e+002
0.610000 5.056099e+002
0.612000 5.060456e+002
0.614000 5.064795e+002
0.616000 5.069115e+002
0.618000 5.073417e+002
0.620000 5.077700e+002
0.622000 5.081965e+002
0.624000 5.086210e+002
0.626000 5.090438e+002
0.628000 5.094646e+002
0.630000 5.098836e+002
0.632000 5.103007e+002
0.634000 5.107159e+002
0.636000 5.111292e+002
0.638000 5.115407e+002
0.640000 5.119503e+002
0.642000 5.123580e+002
0.644000 5.127638e+002
0.646000 5.131677e+002
0.648000 5.135697e+002
0.650000 5.139699e+002
0.652000 5.143681e+002
0.654000 5.147644e+002
0.656000 5.151589e+002
0.658000 5.155514e+002
0.660000 5.159421e+002
0.662000 5.163308e+002
0.664000 5.167176e+002
0.666000 5.171025e+002
0.668000 5.174856e+002
0.670000 5.178667e+002
0.672000 5.182458e+002
0.674000 5.186231e+002
0.676000 5.189985e+002
0.678000 5.193719e+002
0.680000 5.197434e+002
0.682000 5.201130e+002
0.684000 5.204807e+002
0.686000 5.208464e+002
0.688000 5.212103e+002
0.690000 5.215722e+002
0.692000 5.219321e+002
0.694000 5.222902e+002
0.696000 5.226463e+002
0.698000 5.230005e+002
0.700000 5.233527e+002
0.702000 5.237030e+002
0.704000 5.240514e+002
0.706000 5.243978e+002
0.708000 5.247423e+002
0.710000 5.250849e+002
0.712000 5.254255e+002
0.714000 5.257642e+002
0.716000 5.261009e+002
0.718000 5.264357e+002
0.720000 5.267685e+002
0.722000 5.270994e+002
0.724000 5.274284e+002
0.726000 5.277554e+002
0.728000 5.280804e+002
0.730000 5.284035e+002
0.732000 5.287247e+002
0.734000 5.290439e+002
0.736000 5.293611e+002
0.738000 5.296764e+002
0.740000 5.299898e+002
0.742000 5.303012e+002
0.744000 5.306106e+002
0.746000 5.309181e+002
0.748000 5.312236e+002
0.750000 5.315272e+002
0.752000 5.318288e+002
0.754000 5.321285e+002
0.756000 5.324262e+002
0.758000 5.327219e+002
0.760000 5.330157e+002
0.762000 5.333075e+002
0.764000 5.335973e+002
0.766000 5.338852e+002
0.768000 5.341712e+002
0.770000 5.344552e+002
0.772000 5.347372e+002
0.774000 5.350172e+002
0.776000 5.352953e+002
0.778000 5.355714e+002
0.780000 5.358456e+002
0.782000 5.361178e+002
0.784000 5.363881e+002
0.786000 5.366563e+002
0.788000 5.369226e+002
0.790000 5.371870e+002
0.792000 5.374494e+002
0.794000 5.377098e+002
0.796000 5.379683e+002
0.798000 5.382248e+002
0.800000 5.384793e+002
0.802000 5.387319e+002
0.804000 5.389825e+002
0.806000 5.392312e+002
0.808000 5.394778e+002
0.810000 5.397226e+002
0.812000 5.399653e+002
0.814000 5.402061e+002
0.816000 5.404450e+002
0.818000 5.406819e+002
0.820000 5.409168e+002
0.822000 5.411497e+002
0.824000 5.413807e+002
0.826000 5.416098e+002
0.828000 5.418369e+002
0.830000 5.420620e+002
0.832000 5.422852e+002
0.834000 5.425064e+002
0.836000 5.427256e+002
0.838000 5.429429e+002
0.840000 5.431582e+002
0.842000 5.433716e+002
0.844000 5.435831e+002
0.846000 5.437925e+002
0.848000 5.440000e+002
0.850000 5.442056e+002
0.852000 5.444092e+002
0.854000 5.446109e+002
0.856000 5.448106e+002
0.858000 5.450084e+002
0.860000 5.452042e+002
0.862000 5.453981e+002
0.864000 5.455900e+002
0.866000 5.457800e+002
0.868000 5.459680e+002
0.870000 5.461541e+002
0.872000 5.463382e+002
0.874000 5.465204e+002
0.876000 5.467007e+002
0.878000 5.468790e+002
0.880000 5.470554e+002
0.882000 5.472298e+002
0.884000 5.474024e+002
0.886000 5.475729e+002
0.888000 5.477416e+002
0.890000 5.479083e+002
0.892000 5.480731e+002
0.894000 5.482359e+002
0.896000 5.483968e+002
0.898000 5.485558e+002
0.900000 5.487129e+002
0.902000 5.488680e+002
0.904000 5.490212e+002
0.906000 5.491725e+002
0.908000 5.493219e+002
0.910000 5.494693e+002
0.912000 5.496148e+002
0.914000 5.497585e+002
0.916000 5.499002e+002
0.918000 5.500400e+002
0.920000 5.501778e+002
0.922000 5.503138e+002
0.924000 5.504478e+002
0.926000 5.505800e+002
0.928000 5.507102e+002
0.930000 5.508386e+002
0.932000 5.509650e+002
0.934000 5.510896e+002
0.936000 5.512122e+002
0.938000 5.513329e+002
0.940000 5.514518e+002
0.942000 5.515687e+002
0.944000 5.516838e+002
0.946000 5.517970e+002
0.948000 5.519083e+002
0.950000 5.520177e+002
0.952000 5.521252e+002
0.954000 5.522308e+002
0.956000 5.523346e+002
0.958000 5.524364e+002
0.960000 5.525364e+002
0.962000 5.526346e+002
0.964000 5.527308e+002
0.966000 5.528252e+002
0.968000 5.529177e+002
0.970000 5.530084e+002
0.972000 5.530972e+002
0.974000 5.531841e+002
0.976000 5.532692e+002
0.978000 5.533524e+002
0.980000 5.534338e+002
0.982000 5.535133e+002
0.984000 5.535909e+002
0.986000 5.536668e+002
0.988000 5.537407e+002
0.990000 5.538128e+002
0.992000 5.538831e+002
0.994000 5.539516e+002
0.996000 5.540182e+002
0.998000 5.540830e+002
1.000000 5.541459e+002
1.002000 5.542070e+002
1.004000 5.542663e+002
1.006000 5.543238e+002
1.008000 5.543794e+002
1.010000 5.544333e+002
1.012000 5.544853e+002
1.014000 5.545355e+002
1.016000 5.545839e+002
1.018000 5.546305e+002
1.020000 5.546753e+002
1.022000 5.547182e+002
1.024000 5.547594e+002
1.026000 5.547988e+002
1.028000 5.548364e+002
1.030000 5.548722e+002
1.032000 5.549062e+002
1.034000 5.549384e+002
1.036000 5.549688e+002
1.038000 5.549975e+002
1.040000 5.550244e+002
1.042000 5.550495e+002
1.044000 5.550728e+002
1.046000 5.550944e+002
1.048000 5.551142e+002
1.050000 5.551322e+002
1.052000 5.551485e+002
1.054000 5.551630e+002
1.056000 5.551758e+002
1.058000 5.551868e+002
1.060000 5.551961e+002
1.062000 5.552036e+002
1.064000 5.552094e+002
1.066000 5.552134e+002
1.068000 5.552157e+002
1.070000 5.552163e+002
1.072000 5.552151e+002
1.074000 5.552122e+002
1.076000 5.552076e+002
1.078000 5.552013e+002
1.080000 5.551933e+002
1.082000 5.551835e+002
1.084000 5.551720e+002
1.086000 5.551589e+002
1.088000 5.551440e+002
1.090000 5.551274e+002
1.092000 5.551091e+002
1.094000 5.550892e+002
1.096000 5.550675e+002
1.098000 5.550442e+002
1.100000 5.550191e+002
1.102000 5.549924e+002
1.104000 5.549640e+002
1.106000 5.549340e+002
1.108000 5.549023e+002
1.110000 5.548689e+002
1.112000 5.548338e+002
1.114000 5.547971e+002
1.116000 5.547587e+002
1.118000 5.547187e+002
1.120000 5.546770e+002
1.122000 5.546337e+002
1.124000 5.545887e+002
1.126000 5.545421e+002
1.128000 5.544939e+002
1.130000 5.544440e+002
1.132000 5.543925e+002
1.134000 5.543394e+002
1.136000 5.542847e+002
1.138000 5.542283e+002
1.140000 5.541703e+002
1.142000 5.541108e+002
1.144000 5.540496e+002
1.146000 5.539868e+002
1.148000 5.539224e+002
1.150000 5.538564e+002
1.152000 5.537889e+002
1.154000 5.537197e+002
1.156000 5.536490e+002
1.158000 5.535767e+002
1.160000 5.535028e+002
1.162000 5.534273e+002
1.164000 5.533503e+002
1.166000 5.532717e+002
1.168000 5.531916e+002
1.170000 5.531099e+002
1.172000 5.530266e+002
1.174000 5.529418e+002
1.176000 5.528554e+002
1.178000 5.527676e+002
1.180000 5.526781e+002
1.182000 5.525872e+002
1.184000 5.524947e+002
1.186000 5.524007e+002
1.188000 5.523051e+002
1.190000 5.522081e+002
1.192000 5.521095e+002
1.194000 5.520095e+002
1.196000 5.519079e+002
1.198000 5.518048e+002
1.200000 5.517003e+002
1.202000 5.515942e+002
1.204000 5.514867e+002
1.206000 5.513777e+002
1.208000 5.512671e+002
1.210000 5.511552e+002
1.212000 5.510417e+002
1.214000 5.509268e+002
1.216000 5.508104e+002
1.218000 5.506926e+002
1.220000 5.505733e+002
1.222000 5.504525e+002
1.224000 5.503304e+002
1.226000 5.502067e+002
1.228000 5.500817e+002
1.230000 5.499552e+002
1.232000 5.498272e+002
1.234000 5.496979e+002
1.236000 5.495671e+002
1.238000 5.494349e+002
1.240000 5.493013e+002
1.242000 5.491663e+002
1.244000 5.490299e+002
1.246000 5.488921e+002
1.248000 5.487529e+002
1.250000 5.486123e+002
1.252000 5.484703e+002
1.254000 5.483270e+002
1.256000 5.481822e+002
1.258000 5.480361e+002
1.260000 5.478887e+002
1.262000 5.477398e+002
1.264000 5.475896e+002
1.266000 5.474381e+002
1.268000 5.472852e+002
1.270000 5.471309e+002
1.272000 5.469753e+002
1.274000 5.468184e+002
1.276000 5.466601e+002
1.278000 5.465006e+002
1.280000 5.463397e+002
1.282000 5.461774e+002
1.284000 5.460139e+002
1.286000 5.458490e+002
1.288000 5.456829e+002
1.290000 5.455154e+002
1.292000 5.453467e+002
1.294000 5.451766e+002
1.296000 5.450053e+002
1.298000 5.448327e+002
1.300000 5.446588e+002
1.302000 5.444836e+002
1.304000 5.443072e+002
1.306000 5.441295e+002
1.308000 5.439505e+002
1.310000 5.437703e+002
1.312000 5.435889e+002
1.314000 5.434061e+002
1.316000 5.432222e+002
1.318000 5.430370e+002
1.320000 5.428506e+002
1.322000 5.426629e+002
1.324000 5.424741e+002
1.326000 5.422840e+002
1.328000 5.420927e+002
1.330000 5.419002e+002
1.332000 5.417065e+002
1.334000 5.415116e+002
1.336000 5.413155e+002
1.338000 5.411182e+002
1.340000 5.409197e+002
1.342000 5.407200e+002
1.344000 5.405192e+002
1.346000 5.403172e+002
1.348000 5.401140e+002
1.350000 5.399097e+002
1.352000 5.397042e+002
1.354000 5.394976e+002
1.356000 5.392898e+002
1.358000 5.390808e+002
1.360000 5.388708e+002
1.362000 5.386596e+002
1.364000 5.384472e+002
1.366000 5.382338e+002
1.368000 5.380192e+002
1.370000 5.378035e+002
1.372000 5.375867e+002
1.374000 5.373688e+002
1.376000 5.371498e+002
1.378000 5.369297e+002
1.380000 5.367085e+002
1.382000 5.364863e+002
1.384000 5.362629e+002
1.386000 5.360385e+002
1.388000 5.358130e+002
1.390000 5.355864e+002
1.392000 5.353588e+002
1.394000 5.351301e+002
1.396000 5.349004e+002
1.398000 5.346696e+002
1.400000 5.344378e+002
1.402000 5.342049e+002
1.404000 5.339710e+002
1.406000 5.337361e+002
1.408000 5.335002e+002
1.410000 5.332632e+002
1.412000 5.330252e+002
1.414000 5.327863e+002
1.416000 5.325463e+002
1.418000 5.323053e+002
1.420000 5.320633e+002
1.422000 5.318204e+002
1.424000 5.315764e+002
1.426000 5.313315e+002
1.428000 5.310856e+002
1.430000 5.308387e+002
1.432000 5.305909e+002
1.434000 5.303421e+002
1.436000 5.300923e+002
1.438000 5.298416e+002
1.440000 5.295900e+002
1.442000 5.293374e+002
1.444000 5.290839e+002
1.446000 5.288294e+002
1.448000 5.285740e+002
1.450000 5.283177e+002
1.452000 5.280605e+002
1.454000 5.278024e+002
1.456000 5.275434e+002
1.458000 5.272834e+002
1.460000 5.270226e+002
1.462000 5.267609e+002
1.464000 5.264983e+002
1.466000 5.262348e+002
1.468000 5.259704e+002
1.470000 5.257052e+002
1.472000 5.254391e+002
1.474000 5.251721e+002
1.476000 5.249043e+002
1.478000 5.246356e+002
1.480000 5.243661e+002
1.482000 5.240957e+002
1.484000 5.238245e+002
1.486000 5.235525e+002
1.488000 5.232796e+002
1.490000 5.230059e+002
1.492000 5.227314e+002
1.494000 5.224561e+002
1.496000 5.221799e+002
1.498000 5.219030e+002
1.500000 5.216253e+002
1.502000 5.213467e+002
1.504000 5.210674e+002
1.506000 5.207873e+002
1.508000 5.205064e+002
1.510000 5.202248e+002
1.512000 5.199423e+002
1.514000 5.196591e+002
1.516000 5.193752e+002
1.518000 5.190905e+002
1.520000 5.188050e+002
1.522000 5.185188e+002
1.524000 5.182318e+002
1.526000 5.179441e+002
1.528000 5.176557e+002
1.530000 5.173666e+002
1.532000 5.170767e+002
1.534000 5.167861e+002
1.536000 5.164948e+002
1.538000 5.162028e+002
1.540000 5.159101e+002
1.542000 5.156167e+002
1.544000 5.153226e+002
1.546000 5.150278e+002
1.548000 5.147324e+002
1.550000 5.144362e+002
1.552000 5.141394e+002
1.554000 5.138419e+002
1.556000 5.135438e+002
1.558000 5.132449e+002
1.560000 5.129455e+002
1.562000 5.126454e+002
1.564000 5.123446e+002
1.566000 5.120432e+002
1.568000 5.117411e+002
1.570000 5.114385e+002
1.572000 5.111352e+002
1.574000 5.108313e+002
1.576000 5.105267e+002
1.578000 5.102216e+002
1.580000 5.099158e+002
1.582000 5.096095e+002
1.584000 5.093025e+002
1.586000 5.089950e+002
1.588000 5.086868e+002
1.590000 5.083781e+002
1.592000 5.080688e+002
1.594000 5.077589e+002
1.596000 5.074485e+002
1.598000 5.071375e+002
1.600000 5.068259e+002
1.602000 5.065138e+002
1.604000 5.062011e+002
1.606000 5.058879e+002
1.608000 5.055742e+002
1.610000 5.052599e+002
1.612000 5.049450e+002
1.614000 5.046297e+002
1.616000 5.043138e+002
1.618000 5.039974e+002
1.620000 5.036805e+002
1.622000 5.033631e+002
1.624000 5.030452e+002
1.626000 5.027267e+002
1.628000 5.024078e+002
1.630000 5.020884e+002
1.632000 5.017685e+002
1.634000 5.014482e+002
1.636000 5.011273e+002
1.638000 5.008060e+002
1.640000 5.004842e+002
1.642000 5.001619e+002
1.644000 4.998392e+002
1.646000 4.995161e+002
1.648000 4.991925e+002
1.650000 4.988684e+002
1.652000 4.985439e+002
1.654000 4.982190e+002
1.656000 4.978936e+002
1.658000 4.975678e+002
1.660000 4.972416e+002
1.662000 4.969150e+002
1.664000 4.965879e+002
1.666000 4.962605e+002
1.668000 4.959326e+002
1.670000 4.956044e+002
1.672000 4.952757e+002
1.674000 4.949467e+002
1.676000 4.946172e+002
1.678000 4.942874e+002
1.680000 4.939572e+002
1.682000 4.936267e+002
1.684000 4.932958e+002
1.686000 4.929645e+002
1.688000 4.926328e+002
1.690000 4.923008e+002
1.692000 4.919685e+002
1.694000 4.916358e+002
1.696000 4.913027e+002
1.698000 4.909693e+002
1.700000 4.906356e+002
1.702000 4.903016e+002
1.704000 4.899672e+002
1.706000 4.896325e+002
1.708000 4.892975e+002
1.710000 4.889622e+002
1.712000 4.886266e+002
1.714000 4.882906e+002
1.716000 4.879544e+002
1.718000 4.876179e+002
1.720000 4.872811e+002
1.722000 4.869440e+002
1.724000 4.866066e+002
1.726000 4.862689e+002
1.728000 4.859310e+002
1.730000 4.855928e+002
1.732000 4.852543e+002
1.734000 4.849156e+002
1.736000 4.845766e+002
1.738000 4.842374e+002
1.740000 4.838979e+002
1.742000 4.835582e+002
1.744000 4.832182e+002
1.746000 4.828781e+002
1.748000 4.825376e+002
1.750000 4.821970e+002
1.752000 4.818561e+002
1.754000 4.815150e+002
1.756000 4.811737e+002
1.758000 4.808322e+002
1.760000 4.804904e+002
1.762000 4.801485e+002
1.764000 4.798064e+002
1.766000 4.794641e+002
1.768000 4.791215e+002
1.770000 4.787788e+002
1.772000 4.784360e+002
1.774000 4.780929e+002
1.776000 4.777497e+002
1.778000 4.774063e+002
1.780000 4.770627e+002
1.782000 4.767190e+002
1.784000 4.763751e+002
1.786000 4.760310e+002
1.788000 4.756869e+002
1.790000 4.753425e+002
1.792000 4.749980e+002
1.794000 4.746534e+002
1.796000 4.743087e+002
1.798000 4.739638e+002
1.800000 4.736188e+002
1.802000 4.732736e+002
1.804000 4.729284e+002
1.806000 4.725830e+002
1.808000 4.722376e+002
1.810000 4.718920e+002
1.812000 4.715463e+002
1.814000 4.712005e+002
1.816000 4.708546e+002
1.818000 4.705087e+002
1.820000 4.701626e+002
1.822000 4.698165e+002
1.824000 4.694702e+002
1.826000 4.691239e+002
1.828000 4.687776e+002
1.830000 4.684311e+002
1.832000 4.680846e+002
1.834000 4.677380e+002
1.836000 4.673914e+002
1.838000 4.670447e+002
1.840000 4.666980e+002
1.842000 4.663512e+002
1.844000 4.660044e+002
1.846000 4.656576e+002
1.848000 4.653107e+002
1.850000 4.649637e+002
1.852000 4.646168e+002
1.854000 4.642698e+002
1.856000 4.639228e+002
1.858000 4.635758e+002
1.860000 4.632287e+002
1.862000 4.628817e+002
1.864000 4.625347e+002
1.866000 4.621876e+002
1.868000 4.618406e+002
1.870000 4.614935e+002
1.872000 4.611465e+002
1.874000 4.607994e+002
1.876000 4.604524e+002
1.878000 4.601054e+002
1.880000 4.597584e+002
1.882000 4.594115e+002
1.884000 4.590646e+002
1.886000 4.587177e+002
1.888000 4.583708e+002
1.890000 4.580240e+002
1.892000 4.576772e+002
1.894000 4.573305e+002
1.896000 4.569838e+002
1.898000 4.566372e+002
1.900000 4.562906e+002
1.902000 4.559441e+002
1.904000 4.555976e+002
1.906000 4.552512e+002
1.908000 4.549049e+002
1.910000 4.545587e+002
1.912000 4.542125e+002
1.914000 4.538664e+002
1.916000 4.535204e+002
1.918000 4.531745e+002
1.920000 4.528286e+002
1.922000 4.524829e+002
1.924000 4.521372e+002
1.926000 4.517917e+002
1.928000 4.514462e+002
1.930000 4.511009e+002
1.932000 4.507556e+002
1.934000 4.504105e+002
1.936000 4.500655e+002
1.938000 4.497206e+002
1.940000 4.493758e+002
1.942000 4.490312e+002
1.944000 4.486866e+002
1.946000 4.483422e+002
1.948000 4.479980e+002
1.950000 4.476539e+002
1.952000 4.473099e+002
1.954000 4.469660e+002
1.956000 4.466223e+002
1.958000 4.462788e+002
1.960000 4.459354e+002
1.962000 4.455921e+002
1.964000 4.452490e+002
1.966000 4.449061e+002
1.968000 4.445633e+002
1.970000 4.442207e+002
1.972000 4.438783e+002
1.974000 4.435360e+002
1.976000 4.431939e+002
1.978000 4.428520e+002
1.980000 4.425103e+002
1.982000 4.421687e+002
1.984000 4.418274e+002
1.986000 4.414862e+002
1.988000 4.411452e+002
1.990000 4.408044e+002
1.992000 4.404638e+002
1.994000 4.401234e+002
1.996000 4.397832e+002
1.998000 4.394433e+002
2.000000 4.391035e+002
2.002000 4.387639e+002
2.004000 4.384246e+002
2.006000 4.380855e+002
2.008000 4.377466e+002
2.010000 4.374079e+002
2.012000 4.370694e+002
2.014000 4.367312e+002
2.016000 4.363932e+002
2.018000 4.360554e+002
2.020000 4.357179e+002
2.022000 4.353806e+002
2.024000 4.350435e+002
2.026000 4.347067e+002
2.028000 4.343701e+002
2.030000 4.340338e+002
2.032000 4.336977e+002
2.034000 4.333619e+002
2.036000 4.330264e+002
2.038000 4.326911e+002
2.040000 4.323560e+002
2.042000 4.320213e+002
2.044000 4.316868e+002
2.046000 4.313525e+002
2.048000 4.310186e+002
2.050000 4.306849e+002
2.052000 4.303515e+002
2.054000 4.300183e+002
2.056000 4.296855e+002
2.058000 4.293529e+002
2.060000 4.290206e+002
2.062000 4.286886e+002
2.064000 4.283569e+002
2.066000 4.280255e+002
2.068000 4.276944e+002
2.070000 4.273636e+002
2.072000 4.270330e+002
2.074000 4.267028e+002
2.076000 4.263729e+002
2.078000 4.260433e+002
2.080000 4.257140e+002
2.082000 4.253850e+002
2.084000 4.250564e+002
2.086000 4.247280e+002
2.088000 4.244000e+002
2.090000 4.240722e+002
2.092000 4.237449e+002
2.094000 4.234178e+002
2.096000 4.230910e+002
2.098000 4.227646e+002
2.100000 4.224386e+002
2.102000 4.221128e+002
2.104000 4.217874e+002
2.106000 4.214623e+002
2.108000 4.211376e+002
2.110000 4.208132e+002
2.112000 4.204892e+002
2.114000 4.201655e+002
2.116000 4.198421e+002
2.118000 4.195191e+002
2.120000 4.191965e+002
2.122000 4.188742e+002
2.124000 4.185522e+002
2.126000 4.182307e+002
2.128000 4.179095e+002
2.130000 4.175886e+002
2.132000 4.172681e+002
2.134000 4.169480e+002
2.136000 4.166282e+002
2.138000 4.163088e+002
2.140000 4.159898e+002
2.142000 4.156712e+002
2.144000 4.153529e+002
2.146000 4.150350e+002
2.148000 4.147175e+002
2.150000 4.144004e+002
2.152000 4.140837e+002
2.154000 4.137673e+002
2.156000 4.134514e+002
2.158000 4.131358e+002
2.160000 4.128206e+002
2.162000 4.125058e+002
2.164000 4.121914e+002
2.166000 4.118774e+002
2.168000 4.115638e+002
2.170000 4.112506e+002
2.172000 4.109378e+002
2.174000 4.106254e+002
2.176000 4.103134e+002
2.178000 4.100018e+002
2.180000 4.096906e+002
2.182000 4.093798e+002
2.184000 4.090694e+002
2.186000 4.087595e+002
2.188000 4.084499e+002
2.190000 4.081408e+002
2.192000 4.078321e+002
2.194000 4.075238e+002
2.196000 4.072160e+002
2.198000 4.069085e+002
2.200000 4.066015e+002
2.202000 4.062949e+002
2.204000 4.059888e+002
2.206000 4.056830e+002
2.208000 4.053777e+002
2.210000 4.050729e+002
2.212000 4.047684e+002
2.214000 4.044644e+002
2.216000 4.041609e+002
2.218000 4.038577e+002
2.220000 4.035550e+002
2.222000 4.032528e+002
2.224000 4.029510e+002
2.226000 4.026496e+002
2.228000 4.023487e+002
2.230000 4.020482e+002
2.232000 4.017482e+002
2.234000 4.014486e+002
2.236000 4.011495e+002
2.238000 4.008508e+002
2.240000 4.005526e+002
2.242000 4.002549e+002
2.244000 3.999575e+002
2.246000 3.996607e+002
2.248000 3.993643e+002
2.250000 3.990684e+002
2.252000 3.987729e+002
2.254000 3.984779e+002
2.256000 3.981833e+002
2.258000 3.978892e+002
2.260000 3.975956e+002
2.262000 3.973025e+002
2.264000 3.970098e+002
2.266000 3.967176e+002
2.268000 3.964258e+002
2.270000 3.961346e+002
2.272000 3.958438e+002
2.274000 3.955534e+002
2.276000 3.952636e+002
2.278000 3.949742e+002
2.280000 3.946853e+002
2.282000 3.943969e+002
2.284000 3.941090e+002
2.286000 3.938215e+002
2.288000 3.935345e+002
2.290000 3.932480e+002
2.292000 3.929620e+002
2.294000 3.926765e+002
2.296000 3.923915e+002
2.298000 3.921069e+002
2.300000 3.918229e+002
2.302000 3.915393e+002
2.304000 3.912562e+002
2.306000 3.909736e+002
2.308000 3.906915e+002
2.310000 3.904099e+002
2.312000 3.901288e+002
2.314000 3.898482e+002
2.316000 3.895681e+002
2.318000 3.892884e+002
2.320000 3.890093e+002
2.322000 3.887307e+002
2.324000 3.884526e+002
2.326000 3.881749e+002
2.328000 3.878978e+002
2.330000 3.876212e+002
2.332000 3.873451e+002
2.334000 3.870694e+002
2.336000 3.867943e+002
2.338000 3.865197e+002
2.340000 3.862456e+002
2.342000 3.859720e+002
2.344000 3.856989e+002
2.346000 3.854263e+002
2.348000 3.851543e+002
2.350000 3.848827e+002
2.352000 3.846116e+002
2.354000 3.843411e+002
2.356000 3.840711e+002
2.358000 3.838016e+002
2.360000 3.835326e+002
2.362000 3.832641e+002
2.364000 3.829961e+002
2.366000 3.827286e+002
2.368000 3.824617e+002
2.370000 3.821953e+002
2.372000 3.819294e+002
2.374000 3.816640e+002
2.376000 3.813991e+002
2.378000 3.811348e+002
2.380000 3.808709e+002
2.382000 3.806076e+002
2.384000 3.803448e+002
2.386000 3.800826e+002
2.388000 3.798208e+002
2.390000 3.795596e+002
2.392000 3.792989e+002
2.394000 3.790387e+002
2.396000 3.787791e+002
2.398000 3.785200e+002
2.400000 3.782614e+002
2.402000 3.780033e+002
2.404000 3.777458e+002
2.406000 3.774887e+002
2.408000 3.772322e+002
2.410000 3.769763e+002
2.412000 3.767208e+002
2.414000 3.764659e+002
2.416000 3.762116e+002
2.418000 3.759577e+002
2.420000 3.757044e+002
2.422000 3.754516e+002
2.424000 3.751994e+002
2.426000 3.749476e+002
2.428000 3.746965e+002
2.430000 3.744458e+002
2.432000 3.741957e+002
2.434000 3.739461e+002
2.436000 3.736970e+002
2.438000 3.734485e+002
2.440000 3.732005e+002
2.442000 3.729530e+002
2.444000 3.727061e+002
2.446000 3.724597e+002
2.448000 3.722139e+002
2.450000 3.719686e+002
2.452000 3.717238e+002
2.454000 3.714795e+002
2.456000 3.712358e+002
2.458000 3.709927e+002
2.460000 3.707500e+002
2.462000 3.705079e+002
2.464000 3.702664e+002
2.466000 3.700253e+002
2.468000 3.697849e+002
2.470000 3.695449e+002
2.472000 3.693055e+002
2.474000 3.690666e+002
2.476000 3.688283e+002
2.478000 3.685905e+002
2.480000 3.683532e+002
2.482000 3.681165e+002
2.484000 3.678804e+002
2.486000 3.676447e+002
2.488000 3.674096e+002
2.490000 3.671751e+002
2.492000 3.669410e+002
2.494000 3.667076e+002
2.496000 3.664746e+002
2.498000 3.662422e+002
2.500000 3.660104e+002
2.502000 3.657791e+002
2.504000 3.655483e+002
2.506000 3.653180e+002
2.508000 3.650883e+002
2.510000 3.648592e+002
2.512000 3.646306e+002
2.514000 3.644025e+002
2.516000 3.641750e+002
2.518000 3.639480e+002
2.520000 3.637215e+002
2.522000 3.634956e+002
2.524000 3.632702e+002
2.526000 3.630454e+002
2.528000 3.628211e+002
2.530000 3.625974e+002
2.532000 3.623742e+002
2.534000 3.621515e+002
2.536000 3.619294e+002
2.538000 3.617078e+002
2.540000 3.614867e+002
2.542000 3.612662e+002
2.544000 3.610463e+002
2.546000 3.608268e+002
2.548000 3.606079e+002
2.550000 3.603896e+002
2.552000 3.601718e+002
2.554000 3.599545e+002
2.556000 3.597378e+002
2.558000 3.595216e+002
2.560000 3.593060e+002
2.562000 3.590908e+002
2.564000 3.588763e+002
2.566000 3.586622e+002
2.568000 3.584488e+002
2.570000 3.582358e+002
2.572000 3.580234e+002
2.574000 3.578115e+002
2.576000 3.576002e+002
2.578000 3.573894e+002
2.580000 3.571791e+002
2.582000 3.569694e+002
2.584000 3.567602e+002
2.586000 3.565515e+002
2.588000 3.563434e+002
2.590000 3.561359e+002
2.592000 3.559288e+002
2.594000 3.557223e+002
2.596000 3.555163e+002
2.598000 3.553109e+002
2.600000 3.551060e+002
2.602000 3.549017e+002
2.604000 3.546978e+002
2.606000 3.544945e+002
2.608000 3.542918e+002
2.610000 3.540896e+002
2.612000 3.538879e+002
2.614000 3.536867e+002
2.616000 3.534861e+002
2.618000 3.532860e+002
2.620000 3.530864e+002
2.622000 3.528874e+002
2.624000 3.526889e+002
2.626000 3.524910e+002
2.628000 3.522935e+002
2.630000 3.520966e+002
2.632000 3.519003e+002
2.634000 3.517044e+002
2.636000 3.515091e+002
2.638000 3.513143e+002
2.640000 3.511201e+002
2.642000 3.509264e+002
2.644000 3.507332e+002
2.646000 3.505405e+002
2.648000 3.503484e+002
2.650000 3.501568e+002
2.652000 3.499657e+002
2.654000 3.497751e+002
2.656000 3.495851e+002
2.658000 3.493956e+002
2.660000 3.492066e+002
2.662000 3.490182e+002
2.664000 3.488302e+002
2.666000 3.486428e+002
2.668000 3.484559e+002
2.670000 3.482696e+002
2.672000 3.480837e+002
2.674000 3.478984e+002
2.676000 3.477136e+002
2.678000 3.475293e+002
2.680000 3.473456e+002
2.682000 3.471624e+002
2.684000 3.469796e+002
2.686000 3.467974e+002
2.688000 3.466158e+002
2.690000 3.464346e+002
2.692000 3.462540e+002
2.694000 3.460738e+002
2.696000 3.458942e+002
2.698000 3.457151e+002
2.700000 3.455366e+002
2.702000 3.453585e+002
2.704000 3.451810e+002
2.706000 3.450039e+002
2.708000 3.448274e+002
2.710000 3.446514e+002
2.712000 3.444759e+002
2.714000 3.443009e+002
2.716000 3.441265e+002
2.718000 3.439525e+002
2.720000 3.437790e+002
2.722000 3.436061e+002
2.724000 3.434337e+002
2.726000 3.432618e+002
2.728000 3.430903e+002
2.730000 3.429194e+002
2.732000 3.427490e+002
2.734000 3.425791e+002
2.736000 3.424097e+002
2.738000 3.422409e+002
2.740000 3.420725e+002
2.742000 3.419046e+002
2.744000 3.417372e+002
2.746000 3.415703e+002
2.748000 3.414040e+002
2.750000 3.412381e+002
2.752000 3.410727e+002
2.754000 3.409079e+002
2.756000 3.407435e+002
2.758000 3.405796e+002
2.760000 3.404162e+002
2.762000 3.402534e+002
2.764000 3.400910e+002
2.766000 3.399291e+002
2.768000 3.397677e+002
2.770000 3.396068e+002
2.772000 3.394464e+002
2.774000 3.392865e+002
2.776000 3.391271e+002
2.778000 3.389682e+002
2.780000 3.388097e+002
2.782000 3.386518e+002
2.784000 3.384943e+002
2.786000 3.383374e+002
2.788000 3.381809e+002
2.790000 3.380249e+002
2.792000 3.378694e+002
2.794000 3.377144e+002
2.796000 3.375599e+002
2.798000 3.374058e+002
2.800000 3.372523e+002
2.802000 3.370992e+002
2.804000 3.369466e+002
2.806000 3.367945e+002
2.808000 3.366428e+002
2.810000 3.364917e+002
2.812000 3.363410e+002
2.814000 3.361908e+002
2.816000 3.360411e+002
2.818000 3.358919e+002
2.820000 3.357431e+002
2.822000 3.355948e+002
2.824000 3.354470e+002
2.826000 3.352997e+002
2.828000 3.351528e+002
2.830000 3.350065e+002
2.832000 3.348605e+002
2.834000 3.347151e+002
2.836000 3.345701e+002
2.838000 3.344256e+002
2.840000 3.342816e+002
2.842000 3.341380e+002
2.844000 3.339949e+002
2.846000 3.338523e+002
2.848000 3.337101e+002
2.850000 3.335684e+002
2.852000 3.334272e+002
2.854000 3.332864e+002
2.856000 3.331461e+002
2.858000 3.330063e+002
2.860000 3.328669e+002
2.862000 3.327280e+002
2.864000 3.325895e+002
2.866000 3.324515e+002
2.868000 3.323140e+002
2.870000 3.321769e+002
2.872000 3.320403e+002
2.874000 3.319041e+002
2.876000 3.317684e+002
2.878000 3.316331e+002
2.880000 3.314983e+002
2.882000 3.313639e+002
2.884000 3.312300e+002
2.886000 3.310966e+002
2.888000 3.309636e+002
2.890000 3.308310e+002
2.892000 3.306989e+002
2.894000 3.305672e+002
2.896000 3.304360e+002
2.898000 3.303052e+002
2.900000 3.301749e+002
2.902000 3.300450e+002
2.904000 3.299156e+002
2.906000 3.297866e+002
2.908000 3.296580e+002
2.910000 3.295299e+002
2.912000 3.294022e+002
2.914000 3.292750e+002
2.916000 3.291482e+002
2.918000 3.290219e+002
2.920000 3.288959e+002
2.922000 3.287705e+002
2.924000 3.286454e+002
2.926000 3.285208e+002
2.928000 3.283966e+002
2.930000 3.282728e+002
2.932000 3.281495e+002
2.934000 3.280266e+002
2.936000 3.279042e+002
2.938000 3.277821e+002
2.940000 3.276605e+002
2.942000 3.275394e+002
2.944000 3.274186e+002
2.946000 3.272983e+002
2.948000 3.271784e+002
2.950000 3.270589e+002
2.952000 3.269399e+002
2.954000 3.268212e+002
2.956000 3.267030e+002
2.958000 3.265852e+002
2.960000 3.264678e+002
2.962000 3.263509e+002
2.964000 3.262344e+002
2.966000 3.261182e+002
2.968000 3.260025e+002
2.970000 3.258872e+002
2.972000 3.257724e+002
2.974000 3.256579e+002
2.976000 3.255438e+002
2.978000 3.254302e+002
2.980000 3.253170e+002
2.982000 3.252042e+002
2.984000 3.250917e+002
2.986000 3.249797e+002
2.988000 3.248681e+002
2.990000 3.247570e+002
2.992000 3.246462e+002
2.994000 3.245358e+002
2.996000 3.244258e+002
2.998000 3.243162e+002
3.000000 3.242071e+002
3.002000 3.240983e+002
3.004000 3.239899e+002
3.006000 3.238819e+002
3.008000 3.237743e+002
3.010000 3.236672e+002
3.012000 3.235604e+002
3.014000 3.234540e+002
3.016000 3.233480e+002
3.018000 3.232424e+002
3.020000 3.231372e+002
3.022000 3.230324e+002
3.024000 3.229279e+002
3.026000 3.228239e+002
3.028000 3.227202e+002
3.030000 3.226170e+002
3.032000 3.225141e+002
3.034000 3.224116e+002
3.036000 3.223095e+002
3.038000 3.222078e+002
3.040000 3.221064e+002
3.042000 3.220055e+002
3.044000 3.219049e+002
3.046000 3.218047e+002
3.048000 3.217049e+002
3.050000 3.216055e+002
3.052000 3.215064e+002
3.054000 3.214077e+002
3.056000 3.213094e+002
3.058000 3.212115e+002
3.060000 3.211140e+002
3.062000 3.210168e+002
3.064000 3.209200e+002
3.066000 3.208235e+002
3.068000 3.207275e+002
3.070000 3.206318e+002
3.072000 3.205364e+002
3.074000 3.204415e+002
3.076000 3.203469e+002
3.078000 3.202527e+002
3.080000 3.201588e+002
3.082000 3.200653e+002
3.084000 3.199722e+002
3.086000 3.198794e+002
3.088000 3.197870e+002
3.090000 3.196949e+002
3.092000 3.196032e+002
3.094000 3.195119e+002
3.096000 3.194209e+002
3.098000 3.193303e+002
3.100000 3.192400e+002
3.102000 3.191501e+002
3.104000 3.190606e+002
3.106000 3.189714e+002
3.108000 3.188825e+002
3.110000 3.187941e+002
3.112000 3.187059e+002
3.114000 3.186181e+002
3.116000 3.185307e+002
3.118000 3.184436e+002
3.120000 3.183568e+002
3.122000 3.182704e+002
3.124000 3.181844e+002
3.126000 3.180986e+002
3.128000 3.180133e+002
3.130000 3.179282e+002
3.132000 3.178436e+002
3.134000 3.177592e+002
3.136000 3.176752e+002
3.138000 3.175915e+002
3.140000 3.175082e+002
3.142000 3.174252e+002
3.144000 3.173426e+002
3.146000 3.172602e+002
3.148000 3.171782e+002
3.150000 3.170966e+002
3.152000 3.170153e+002
3.154000 3.169343e+002
3.156000 3.168536e+002
3.158000 3.167733e+002
3.160000 3.166933e+002
3.162000 3.166136e+002
3.164000 3.165343e+002
3.166000 3.164553e+002
3.168000 3.163766e+002
3.170000 3.162982e+002
3.172000 3.162202e+002
3.174000 3.161424e+002
3.176000 3.160650e+002
3.178000 3.159880e+002
3.180000 3.159112e+002
3.182000 3.158348e+002
3.184000 3.157586e+002
3.186000 3.156828e+002
3.188000 3.156074e+002
3.190000 3.155322e+002
3.192000 3.154573e+002
3.194000 3.153828e+002
3.196000 3.153086e+002
3.198000 3.152346e+002
3.200000 3.151610e+002
3.202000 3.150877e+002
3.204000 3.150148e+002
3.206000 3.149421e+002
3.208000 3.148697e+002
3.210000 3.147977e+002
3.212000 3.147259e+002
3.214000 3.146545e+002
3.216000 3.145833e+002
3.218000 3.145125e+002
3.220000 3.144419e+002
3.222000 3.143717e+002
3.224000 3.143018e+002
3.226000 3.142321e+002
3.228000 3.141628e+002
3.230000 3.140937e+002
3.232000 3.140250e+002
3.234000 3.139566e+002
3.236000 3.138884e+002
3.238000 3.138206e+002
3.240000 3.137530e+002
3.242000 3.136857e+002
3.244000 3.136188e+002
3.246000 3.135521e+002
3.248000 3.134857e+002
3.250000 3.134196e+002
3.252000 3.133538e+002
3.254000 3.132882e+002
3.256000 3.132230e+002
3.258000 3.131581e+002
3.260000 3.130934e+002
3.262000 3.130290e+002
3.264000 3.129649e+002
3.266000 3.129011e+002
3.268000 3.128376e+002
3.270000 3.127743e+002
3.272000 3.127113e+002
3.274000 3.126487e+002
3.276000 3.125862e+002
3.278000 3.125241e+002
3.280000 3.124623e+002
3.282000 3.124007e+002
3.284000 3.123394e+002
3.286000 3.122783e+002
3.288000 3.122176e+002
3.290000 3.121571e+002
3.292000 3.120969e+002
3.294000 3.120370e+002
3.296000 3.119773e+002
3.298000 3.119179e+002
3.300000 3.118588e+002
3.302000 3.117999e+002
3.304000 3.117413e+002
3.306000 3.116830e+002
3.308000 3.116249e+002
3.310000 3.115672e+002
3.312000 3.115096e+002
3.314000 3.114524e+002
3.316000 3.113954e+002
3.318000 3.113386e+002
3.320000 3.112821e+002
3.322000 3.112259e+002
3.324000 3.111700e+002
3.326000 3.111143e+002
3.328000 3.110588e+002
3.330000 3.110036e+002
3.332000 3.109487e+002
3.334000 3.108940e+002
3.336000 3.108396e+002
3.338000 3.107854e+002
3.340000 3.107315e+002
3.342000 3.106779e+002
3.344000 3.106245e+002
3.346000 3.105713e+002
3.348000 3.105184e+002
3.350000 3.104657e+002
3.352000 3.104133e+002
3.354000 3.103612e+002
3.356000 3.103093e+002
3.358000 3.102576e+002
3.360000 3.102062e+002
3.362000 3.101550e+002
3.364000 3.101041e+002
3.366000 3.100534e+002
3.368000 3.100029e+002
3.370000 3.099527e+002
3.372000 3.099028e+002
3.374000 3.098530e+002
3.376000 3.098035e+002
3.378000 3.097543e+002
3.380000 3.097053e+002
3.382000 3.096565e+002
3.384000 3.096080e+002
3.386000 3.095597e+002
3.388000 3.095116e+002
3.390000 3.094638e+002
3.392000 3.094162e+002
3.394000 3.093689e+002
3.396000 3.093217e+002
3.398000 3.092748e+002
3.400000 3.092282e+002
3.402000 3.091817e+002
3.404000 3.091355e+002
3.406000 3.090895e+002
3.408000 3.090438e+002
3.410000 3.089983e+002
3.412000 3.089530e+002
3.414000 3.089079e+002
3.416000 3.088631e+002
3.418000 3.088184e+002
3.420000 3.087740e+002
3.422000 3.087299e+002
3.424000 3.086859e+002
3.426000 3.086422e+002
3.428000 3.085987e+002
3.430000 3.085554e+002
3.432000 3.085123e+002
3.434000 3.084694e+002
3.436000 3.084268e+002
3.438000 3.083844e+002
3.440000 3.083422e+002
3.442000 3.083002e+002
3.444000 3.082584e+002
3.446000 3.082169e+002
3.448000 3.081756e+002
3.450000 3.081344e+002
3.452000 3.080935e+002
3.454000 3.080528e+002
3.456000 3.080123e+002
3.458000 3.079720e+002
3.460000 3.079320e+002
3.462000 3.078921e+002
3.464000 3.078525e+002
3.466000 3.078130e+002
3.468000 3.077738e+002
3.470000 3.077348e+002
3.472000 3.076959e+002
3.474000 3.076573e+002
3.476000 3.076189e+002
3.478000 3.075807e+002
3.480000 3.075427e+002
3.482000 3.075049e+002
3.484000 3.074673e+002
3.486000 3.074299e+002
3.488000 3.073927e+002
3.490000 3.073557e+002
3.492000 3.073189e+002
3.494000 3.072823e+002
3.496000 3.072459e+002
3.498000 3.072097e+002
3.500000 3.071737e+002
3.502000 3.071379e+002
3.504000 3.071023e+002
3.506000 3.070669e+002
3.508000 3.070316e+002
3.510000 3.069966e+002
3.512000 3.069618e+002
3.514000 3.069271e+002
3.516000 3.068927e+002
3.518000 3.068584e+002
3.520000 3.068244e+002
3.522000 3.067905e+002
3.524000 3.067568e+002
3.526000 3.067233e+002
3.528000 3.066900e+002
3.530000 3.066569e+002
3.532000 3.066240e+002
3.534000 3.065912e+002
3.536000 3.065587e+002
3.538000 3.065263e+002
3.540000 3.064941e+002
3.542000 3.064621e+002
3.544000 3.064303e+002
3.546000 3.063987e+002
3.548000 3.063672e+002
3.550000 3.063359e+002
3.552000 3.063049e+002
3.554000 3.062740e+002
3.556000 3.062432e+002
3.558000 3.062127e+002
3.560000 3.061823e+002
3.562000 3.061521e+002
3.564000 3.061221e+002
3.566000 3.060923e+002
3.568000 3.060627e+002
3.570000 3.060332e+002
3.572000 3.060039e+002
3.574000 3.059748e+002
3.576000 3.059458e+002
3.578000 3.059171e+002
3.580000 3.058885e+002
3.582000 3.058601e+002
3.584000 3.058318e+002
3.586000 3.058037e+002
3.588000 3.057758e+002
3.590000 3.057481e+002
3.592000 3.057205e+002
3.594000 3.056932e+002
3.596000 3.056659e+002
3.598000 3.056389e+002
3.600000 3.056120e+002
3.602000 3.055853e+002
3.604000 3.055588e+002
3.606000 3.055324e+002
3.608000 3.055062e+002
3.610000 3.054801e+002
3.612000 3.054543e+002
3.614000 3.054286e+002
3.616000 3.054030e+002
3.618000 3.053776e+002
3.620000 3.053524e+002
3.622000 3.053274e+002
3.624000 3.053025e+002
3.626000 3.052778e+002
3.628000 3.052532e+002
3.630000 3.052288e+002
3.632000 3.052046e+002
3.634000 3.051805e+002
3.636000 3.051566e+002
3.638000 3.051328e+002
3.640000 3.051092e+002
3.642000 3.050858e+002
3.644000 3.050625e+002
3.646000 3.050394e+002
3.648000 3.050165e+002
3.650000 3.049937e+002
3.652000 3.049710e+002
3.654000 3.049485e+002
3.656000 3.049262e+002
3.658000 3.049040e+002
3.660000 3.048820e+002
3.662000 3.048601e+002
3.664000 3.048384e+002
3.666000 3.048169e+002
3.668000 3.047954e+002
3.670000 3.047742e+002
3.672000 3.047531e+002
3.674000 3.047322e+002
3.676000 3.047114e+002
3.678000 3.046907e+002
3.680000 3.046702e+002
3.682000 3.046499e+002
3.684000 3.046297e+002
3.686000 3.046097e+002
3.688000 3.045898e+002
3.690000 3.045700e+002
3.692000 3.045504e+002
3.694000 3.045310e+002
3.696000 3.045117e+002
3.698000 3.044925e+002
3.700000 3.044735e+002
3.702000 3.044547e+002
3.704000 3.044360e+002
3.706000 3.044174e+002
3.708000 3.043990e+002
3.710000 3.043807e+002
3.712000 3.043626e+002
3.714000 3.043446e+002
3.716000 3.043268e+002
3.718000 3.043091e+002
3.720000 3.042916e+002
3.722000 3.042741e+002
3.724000 3.042569e+002
3.726000 3.042398e+002
3.728000 3.042228e+002
3.730000 3.042060e+002
3.732000 3.041893e+002
3.734000 3.041727e+002
3.736000 3.041563e+002
3.738000 3.041400e+002
3.740000 3.041239e+002
3.742000 3.041079e+002
3.744000 3.040920e+002
3.746000 3.040763e+002
3.748000 3.040608e+002
3.750000 3.040453e+002
3.752000 3.040300e+002
3.754000 3.040149e+002
3.756000 3.039998e+002
3.758000 3.039850e+002
3.760000 3.039702e+002
3.762000 3.039556e+002
3.764000 3.039411e+002
3.766000 3.039268e+002
3.768000 3.039126e+002
3.770000 3.038985e+002
3.772000 3.038846e+002
3.774000 3.038708e+002
3.776000 3.038571e+002
3.778000 3.038436e+002
3.780000 3.038302e+002
3.782000 3.038170e+002
3.784000 3.038038e+002
3.786000 3.037908e+002
3.788000 3.037780e+002
3.790000 3.037653e+002
3.792000 3.037527e+002
3.794000 3.037402e+002
3.796000 3.037279e+002
3.798000 3.037157e+002
3.800000 3.037036e+002
3.802000 3.036917e+002
3.804000 3.036799e+002
3.806000 3.036682e+002
3.808000 3.036567e+002
3.810000 3.036452e+002
3.812000 3.036340e+002
3.814000 3.036228e+002
3.816000 3.036118e+002
3.818000 3.036009e+002
3.820000 3.035901e+002
3.822000 3.035795e+002
3.824000 3.035690e+002
3.826000 3.035586e+002
3.828000 3.035483e+002
3.830000 3.035382e+002
3.832000 3.035282e+002
3.834000 3.035184e+002
3.836000 3.035086e+002
3.838000 3.034990e+002
3.840000 3.034895e+002
3.842000 3.034802e+002
3.844000 3.034709e+002
3.846000 3.034618e+002
3.848000 3.034528e+002
3.850000 3.034440e+002
3.852000 3.034353e+002
3.854000 3.034267e+002
3.856000 3.034182e+002
3.858000 3.034098e+002
3.860000 3.034016e+002
3.862000 3.033935e+002
3.864000 3.033855e+002
3.866000 3.033777e+002
3.868000 3.033699e+002
3.870000 3.033623e+002
3.872000 3.033549e+002
3.874000 3.033475e+002
3.876000 3.033403e+002
3.878000 3.033332e+002
3.880000 3.033262e+002
3.882000 3.033193e+002
3.884000 3.033126e+002
3.886000 3.033059e+002
3.888000 3.032995e+002
3.890000 3.032931e+002
3.892000 3.032868e+002
3.894000 3.032807e+002
3.896000 3.032747e+002
3.898000 3.032688e+002
3.900000 3.032631e+002
3.902000 3.032574e+002
3.904000 3.032519e+002
3.906000 3.032465e+002
3.908000 3.032412e+002
3.910000 3.032361e+002
3.912000 3.032311e+002
3.914000 3.032261e+002
3.916000 3.032214e+002
3.918000 3.032167e+002
3.920000 3.032121e+002
3.922000 3.032077e+002
3.924000 3.032034e+002
3.926000 3.031992e+002
3.928000 3.031952e+002
3.930000 3.031912e+002
3.932000 3.031874e+002
3.934000 3.031837e+002
3.936000 3.031801e+002
3.938000 3.031767e+002
3.940000 3.031733e+002
3.942000 3.031701e+002
3.944000 3.031670e+002
3.946000 3.031640e+002
3.948000 3.031612e+002
3.950000 3.031584e+002
3.952000 3.031558e+002
3.954000 3.031533e+002
3.956000 3.031509e+002
3.958000 3.031486e+002
3.960000 3.031465e+002
3.962000 3.031445e+002
3.964000 3.031426e+002
3.966000 3.031408e+002
3.968000 3.031391e+002
3.970000 3.031376e+002
3.972000 3.031361e+002
3.974000 3.031348e+002
3.976000 3.031336e+002
3.978000 3.031326e+002
3.980000 3.031316e+002
3.982000 3.031308e+002
3.984000 3.031301e+002
3.986000 3.031295e+002
3.988000 3.031290e+002
3.990000 3.031286e+002
3.992000 3.031284e+002
3.994000 3.031283e+002
3.996000 3.031283e+002
3.998000 3.000000e+002
