0.000000 3.184092e+002
0.002000 3.204330e+002
0.004000 3.224563e+002
0.006000 3.244793e+002
0.008000 3.265018e+002
0.010000 3.285238e+002
0.012000 3.305453e+002
0.014000 3.325662e+002
0.016000 3.345865e+002
0.018000 3.366062e+002
0.020000 3.386252e+002
0.022000 3.406434e+002
0.024000 3.426609e+002
0.026000 3.446776e+002
0.028000 3.466935e+002
0.030000 3.487084e+002
0.032000 3.507225e+002
0.034000 3.527356e+002
0.036000 3.547477e+002
0.038000 3.567588e+002
0.040000 3.587689e+002
0.042000 3.607778e+002
0.044000 3.627856e+002
0.046000 3.647922e+002
0.048000 3.667977e+002
0.050000 3.688018e+002
0.052000 3.708047e+002
0.054000 3.728062e+002
0.056000 3.748064e+002
0.058000 3.768052e+002
0.060000 3.788025e+002
0.062000 3.807984e+002
0.064000 3.827928e+002
0.066000 3.847856e+002
0.068000 3.867768e+002
0.070000 3.887664e+002
0.072000 3.907543e+002
0.074000 3.927406e+002
0.076000 3.947251e+002
0.078000 3.967078e+002
0.080000 3.986887e+002
0.082000 4.006678e+002
0.084000 4.026450e+002
0.086000 4.046203e+002
0.088000 4.065936e+002
0.090000 4.085650e+002
0.092000 4.105343e+002
0.094000 4.125015e+002
0.096000 4.144667e+002
0.098000 4.164297e+002
0.100000 4.183905e+002
0.102000 4.203491e+002
0.104000 4.223055e+002
0.106000 4.242596e+002
0.108000 4.262114e+002
0.110000 4.281608e+002
0.112000 4.301079e+002
0.114000 4.320525e+002
0.116000 4.339947e+002
0.118000 4.359343e+002
0.120000 4.378714e+002
0.122000 4.398060e+002
0.124000 4.417380e+002
0.126000 4.436673e+002
0.128000 4.455940e+002
0.130000 4.475179e+002
0.132000 4.494391e+002
0.134000 4.513575e+002
0.136000 4.532731e+002
0.138000 4.551859e+002
0.140000 4.570958e+002
0.142000 4.590028e+002
0.144000 4.609068e+002
0.146000 4.628078e+002
0.148000 4.647058e+002
0.150000 4.666008e+002
0.152000 4.684927e+002
0.154000 4.703814e+002
0.156000 4.722670e+002
0.158000 4.741494e+002
0.160000 4.760286e+002
0.162000 4.779045e+002
0.164000 4.797772e+002
0.166000 4.816465e+002
0.168000 4.835124e+002
0.170000 4.853750e+002
0.172000 4.872341e+002
0.174000 4.890898e+002
0.176000 4.909420e+002
0.178000 4.927907e+002
0.180000 4.946358e+002
0.182000 4.964773e+002
0.184000 4.983152e+002
0.186000 5.001495e+002
0.188000 5.019800e+002
0.190000 5.038069e+002
0.192000 5.056300e+002
0.194000 5.074493e+002
0.196000 5.092648e+002
0.198000 5.110764e+002
0.200000 5.128842e+002
0.202000 5.146881e+002
0.204000 5.164880e+002
0.206000 5.182840e+002
0.208000 5.200759e+002
0.210000 5.218639e+002
0.212000 5.236477e+002
0.214000 5.254275e+002
0.216000 5.272031e+002
0.218000 5.289746e+002
0.220000 5.307419e+002
0.222000 5.325050e+002
0.224000 5.342638e+002
0.226000 5.360183e+002
0.228000 5.377686e+002
0.230000 5.395145e+002
0.232000 5.412560e+002
0.234000 5.429932e+002
0.236000 5.447259e+002
0.238000 5.464541e+002
0.240000 5.481779e+002
0.242000 5.498972e+002
0.244000 5.516119e+002
0.246000 5.533221e+002
0.248000 5.550276e+002
0.250000 5.567285e+002
0.252000 5.584248e+002
0.254000 5.601164e+002
0.256000 5.618032e+002
0.258000 5.634854e+002
0.260000 5.651627e+002
0.262000 5.668353e+002
0.264000 5.685030e+002
0.266000 5.701659e+002
0.268000 5.718239e+002
0.270000 5.734770e+002
0.272000 5.751252e+002
0.274000 5.767684e+002
0.276000 5.784066e+002
0.278000 5.800398e+002
0.280000 5.816680e+002
0.282000 5.832911e+002
0.284000 5.849091e+002
0.286000 5.865220e+002
0.288000 5.881297e+002
0.290000 5.897323e+002
0.292000 5.913297e+002
0.294000 5.929219e+002
0.296000 5.945088e+002
0.298000 5.960905e+002
0.300000 5.976668e+002
0.302000 5.992379e+002
0.304000 6.008036e+002
0.306000 6.023639e+002
0.308000 6.039189e+002
0.310000 6.054684e+002
0.312000 6.070125e+002
0.314000 6.085511e+002
0.316000 6.100842e+002
0.318000 6.116118e+002
0.320000 6.131339e+002
0.322000 6.146505e+002
0.324000 6.161614e+002
0.326000 6.176668e+002
0.328000 6.191665e+002
0.330000 6.206605e+002
0.332000 6.221489e+002
0.334000 6.236316e+002
0.336000 6.251086e+002
0.338000 6.265799e+002
0.340000 6.280454e+002
0.342000 6.295051e+002
0.344000 6.309590e+002
0.346000 6.324071e+002
0.348000 6.338494e+002
0.350000 6.352858e+002
0.352000 6.367163e+002
0.354000 6.381409e+002
0.356000 6.395595e+002
0.358000 6.409723e+002
0.360000 6.423790e+002
0.362000 6.437798e+002
0.364000 6.451746e+002
0.366000 6.465633e+002
0.368000 6.479460e+002
0.370000 6.493226e+002
0.372000 6.506932e+002
0.374000 6.520576e+002
0.376000 6.534160e+002
0.378000 6.547682e+002
0.380000 6.561142e+002
0.382000 6.574541e+002
0.384000 6.587877e+002
0.386000 6.601152e+002
0.388000 6.614364e+002
0.390000 6.627514e+002
0.392000 6.640601e+002
0.394000 6.653626e+002
0.396000 6.666587e+002
0.398000 6.679486e+002
0.400000 6.692321e+002
0.402000 6.705092e+002
0.404000 6.717800e+002
0.406000 6.730444e+002
0.408000 6.743025e+002
0.410000 6.755541e+002
0.412000 6.767993e+002
0.414000 6.780380e+002
0.416000 6.792703e+002
0.418000 6.804962e+002
0.420000 6.817155e+002
0.422000 6.829283e+002
0.424000 6.841347e+002
0.426000 6.853345e+002
0.428000 6.865277e+002
0.430000 6.877144e+002
0.432000 6.888946e+002
0.434000 6.900681e+002
0.436000 6.912351e+002
0.438000 6.923954e+002
0.440000 6.935491e+002
0.442000 6.946962e+002
0.444000 6.958366e+002
0.446000 6.969704e+002
0.448000 6.980975e+002
0.450000 6.992180e+002
0.452000 7.003317e+002
0.454000 7.014387e+002
0.456000 7.025390e+002
0.458000 7.036326e+002
0.460000 7.047194e+002
0.462000 7.057995e+002
0.464000 7.068728e+002
0.466000 7.079393e+002
0.468000 7.089991e+002
0.470000 7.100520e+002
0.472000 7.110982e+002
0.474000 7.121375e+002
0.476000 7.131700e+002
0.478000 7.141957e+002
0.480000 7.152145e+002
0.482000 7.162265e+002
0.484000 7.172317e+002
0.486000 7.182299e+002
0.488000 7.192213e+002
0.490000 7.202058e+002
0.492000 7.211834e+002
0.494000 7.221541e+002
0.496000 7.231179e+002
0.498000 7.240747e+002
0.500000 7.250247e+002
0.502000 7.259677e+002
0.504000 7.269038e+002
0.506000 7.278329e+002
0.508000 7.287551e+002
0.510000 7.296703e+002
0.512000 7.305785e+002
0.514000 7.314798e+002
0.516000 7.323741e+002
0.518000 7.332614e+002
0.520000 7.341417e+002
0.522000 7.350151e+002
0.524000 7.358814e+002
0.526000 7.367407e+002
0.528000 7.375930e+002
0.530000 7.384383e+002
0.532000 7.392766e+002
0.534000 7.401079e+002
0.536000 7.409321e+002
0.538000 7.417493e+002
0.540000 7.425595e+002
0.542000 7.433626e+002
0.544000 7.441587e+002
0.546000 7.449477e+002
0.548000 7.457297e+002
0.550000 7.465046e+002
0.552000 7.472725e+002
0.554000 7.480333e+002
0.556000 7.487871e+002
0.558000 7.495338e+002
0.560000 7.502734e+002
0.562000 7.510060e+002
0.564000 7.517315e+002
0.566000 7.524500e+002
0.568000 7.531613e+002
0.570000 7.538656e+002
0.572000 7.545629e+002
0.574000 7.552530e+002
0.576000 7.559361e+002
0.578000 7.566121e+002
0.580000 7.572810e+002
0.582000 7.579429e+002
0.584000 7.585977e+002
0.586000 7.592454e+002
0.588000 7.598861e+002
0.590000 7.605197e+002
0.592000 7.611462e+002
0.594000 7.617656e+002
0.596000 7.623780e+002
0.598000 7.629833e+002
0.600000 7.635815e+002
0.602000 7.641727e+002
0.604000 7.647568e+002
0.606000 7.653339e+002
0.608000 7.659038e+002
0.610000 7.664668e+002
0.612000 7.670227e+002
0.614000 7.675715e+002
0.616000 7.681133e+002
0.618000 7.686481e+002
0.620000 7.691758e+002
0.622000 7.696964e+002
0.624000 7.702101e+002
0.626000 7.707167e+002
0.628000 7.712163e+002
0.630000 7.717088e+002
0.632000 7.721944e+002
0.634000 7.726729e+002
0.636000 7.731445e+002
0.638000 7.736090e+002
0.640000 7.740665e+002
0.642000 7.745170e+002
0.644000 7.749606e+002
0.646000 7.753971e+002
0.648000 7.758267e+002
0.650000 7.762494e+002
0.652000 7.766650e+002
0.654000 7.770737e+002
0.656000 7.774754e+002
0.658000 7.778702e+002
0.660000 7.782581e+002
0.662000 7.786390e+002
0.664000 7.790130e+002
0.666000 7.793801e+002
0.668000 7.797403e+002
0.670000 7.800935e+002
0.672000 7.804399e+002
0.674000 7.807794e+002
0.676000 7.811120e+002
0.678000 7.814377e+002
0.680000 7.817566e+002
0.682000 7.820686e+002
0.684000 7.823737e+002
0.686000 7.826721e+002
0.688000 7.829635e+002
0.690000 7.832482e+002
0.692000 7.835261e+002
0.694000 7.837971e+002
0.696000 7.840614e+002
0.698000 7.843189e+002
0.700000 7.845696e+002
0.702000 7.848135e+002
0.704000 7.850507e+002
0.706000 7.852811e+002
0.708000 7.855048e+002
0.710000 7.857218e+002
0.712000 7.859321e+002
0.714000 7.861356e+002
0.716000 7.863325e+002
0.718000 7.865227e+002
0.720000 7.867062e+002
0.722000 7.868831e+002
0.724000 7.870533e+002
0.726000 7.872169e+002
0.728000 7.873739e+002
0.730000 7.875242e+002
0.732000 7.876680e+002
0.734000 7.878051e+002
0.736000 7.879357e+002
0.738000 7.880597e+002
0.740000 7.881772e+002
0.742000 7.882882e+002
0.744000 7.883926e+002
0.746000 7.884905e+002
0.748000 7.885819e+002
0.750000 7.886668e+002
0.752000 7.887453e+002
0.754000 7.888173e+002
0.756000 7.888828e+002
0.758000 7.889419e+002
0.760000 7.889946e+002
0.762000 7.890409e+002
0.764000 7.890809e+002
0.766000 7.891144e+002
0.768000 7.891416e+002
0.770000 7.891624e+002
0.772000 7.891769e+002
0.774000 7.891851e+002
0.776000 7.891870e+002
0.778000 7.891826e+002
0.780000 7.891719e+002
0.782000 7.891550e+002
0.784000 7.891318e+002
0.786000 7.891025e+002
0.788000 7.890669e+002
0.790000 7.890251e+002
0.792000 7.889771e+002
0.794000 7.889230e+002
0.796000 7.888627e+002
0.798000 7.887963e+002
0.800000 7.887238e+002
0.802000 7.886452e+002
0.804000 7.885605e+002
0.806000 7.884697e+002
0.808000 7.883729e+002
0.810000 7.882701e+002
0.812000 7.881613e+002
0.814000 7.880465e+002
0.816000 7.879256e+002
0.818000 7.877989e+002
0.820000 7.876662e+002
0.822000 7.875275e+002
0.824000 7.873830e+002
0.826000 7.872326e+002
0.828000 7.870763e+002
0.830000 7.869141e+002
0.832000 7.867461e+002
0.834000 7.865723e+002
0.836000 7.863927e+002
0.838000 7.862073e+002
0.840000 7.860161e+002
0.842000 7.858192e+002
0.844000 7.856166e+002
0.846000 7.854083e+002
0.848000 7.851943e+002
0.850000 7.849746e+002
0.852000 7.847493e+002
0.854000 7.845183e+002
0.856000 7.842817e+002
0.858000 7.840396e+002
0.860000 7.837918e+002
0.862000 7.835386e+002
0.864000 7.832797e+002
0.866000 7.830154e+002
0.868000 7.827456e+002
0.870000 7.824703e+002
0.872000 7.821895e+002
0.874000 7.819033e+002
0.876000 7.816117e+002
0.878000 7.813147e+002
0.880000 7.810124e+002
0.882000 7.807047e+002
0.884000 7.803916e+002
0.886000 7.800732e+002
0.888000 7.797496e+002
0.890000 7.794207e+002
0.892000 7.790865e+002
0.894000 7.787471e+002
0.896000 7.784025e+002
0.898000 7.780527e+002
0.900000 7.776977e+002
0.902000 7.773376e+002
0.904000 7.769724e+002
0.906000 7.766021e+002
0.908000 7.762267e+002
0.910000 7.758462e+002
0.912000 7.754607e+002
0.914000 7.750702e+002
0.916000 7.746747e+002
0.918000 7.742742e+002
0.920000 7.738687e+002
0.922000 7.734584e+002
0.924000 7.730431e+002
0.926000 7.726230e+002
0.928000 7.721979e+002
0.930000 7.717681e+002
0.932000 7.713334e+002
0.934000 7.708939e+002
0.936000 7.704497e+002
0.938000 7.700007e+002
0.940000 7.695469e+002
0.942000 7.690885e+002
0.944000 7.686254e+002
0.946000 7.681576e+002
0.948000 7.676852e+002
0.950000 7.672081e+002
0.952000 7.667265e+002
0.954000 7.662403e+002
0.956000 7.657495e+002
0.958000 7.652543e+002
0.960000 7.647545e+002
0.962000 7.642502e+002
0.964000 7.637415e+002
0.966000 7.632284e+002
0.968000 7.627108e+002
0.970000 7.621889e+002
0.972000 7.616626e+002
0.974000 7.611319e+002
0.976000 7.605969e+002
0.978000 7.600577e+002
0.980000 7.595141e+002
0.982000 7.589664e+002
0.984000 7.584144e+002
0.986000 7.578582e+002
0.988000 7.572978e+002
0.990000 7.567332e+002
0.992000 7.561646e+002
0.994000 7.555918e+002
0.996000 7.550149e+002
0.998000 7.544340e+002
1.000000 7.538491e+002
1.002000 7.532601e+002
1.004000 7.526672e+002
1.006000 7.520703e+002
1.008000 7.514694e+002
1.010000 7.508646e+002
1.012000 7.502560e+002
1.014000 7.496435e+002
1.016000 7.490271e+002
1.018000 7.484069e+002
1.020000 7.477829e+002
1.022000 7.471551e+002
1.024000 7.465236e+002
1.026000 7.458884e+002
1.028000 7.452495e+002
1.030000 7.446069e+002
1.032000 7.439606e+002
1.034000 7.433107e+002
1.036000 7.426572e+002
1.038000 7.420001e+002
1.040000 7.413395e+002
1.042000 7.406753e+002
1.044000 7.400077e+002
1.046000 7.393365e+002
1.048000 7.386619e+002
1.050000 7.379839e+002
1.052000 7.373024e+002
1.054000 7.366176e+002
1.056000 7.359294e+002
1.058000 7.352378e+002
1.060000 7.345430e+002
1.062000 7.338448e+002
1.064000 7.331434e+002
1.066000 7.324388e+002
1.068000 7.317309e+002
1.070000 7.310199e+002
1.072000 7.303056e+002
1.074000 7.295883e+002
1.076000 7.288678e+002
1.078000 7.281442e+002
1.080000 7.274176e+002
1.082000 7.266879e+002
1.084000 7.259552e+002
1.086000 7.252194e+002
1.088000 7.244808e+002
1.090000 7.237391e+002
1.092000 7.229946e+002
1.094000 7.222471e+002
1.096000 7.214968e+002
1.098000 7.207436e+002
1.100000 7.199876e+002
1.102000 7.192288e+002
1.104000 7.184672e+002
1.106000 7.177028e+002
1.108000 7.169357e+002
1.110000 7.161660e+002
1.112000 7.153935e+002
1.114000 7.146184e+002
1.116000 7.138406e+002
1.118000 7.130602e+002
1.120000 7.122773e+002
1.122000 7.114918e+002
1.124000 7.107037e+002
1.126000 7.099132e+002
1.128000 7.091201e+002
1.130000 7.083246e+002
1.132000 7.075267e+002
1.134000 7.067263e+002
1.136000 7.059235e+002
1.138000 7.051184e+002
1.140000 7.043109e+002
1.142000 7.035011e+002
1.144000 7.026890e+002
1.146000 7.018746e+002
1.148000 7.010580e+002
1.150000 7.002392e+002
1.152000 6.994181e+002
1.154000 6.985949e+002
1.156000 6.977696e+002
1.158000 6.969420e+002
1.160000 6.961124e+002
1.162000 6.952807e+002
1.164000 6.944470e+002
1.166000 6.936112e+002
1.168000 6.927734e+002
1.170000 6.919336e+002
1.172000 6.910919e+002
1.174000 6.902482e+002
1.176000 6.894026e+002
1.178000 6.885551e+002
1.180000 6.877057e+002
1.182000 6.868545e+002
1.184000 6.860014e+002
1.186000 6.851466e+002
1.188000 6.842899e+002
1.190000 6.834315e+002
1.192000 6.825714e+002
1.194000 6.817096e+002
1.196000 6.808461e+002
1.198000 6.799809e+002
1.200000 6.791141e+002
1.202000 6.782457e+002
1.204000 6.773757e+002
1.206000 6.765041e+002
1.208000 6.756309e+002
1.210000 6.747563e+002
1.212000 6.738801e+002
1.214000 6.730025e+002
1.216000 6.721234e+002
1.218000 6.712428e+002
1.220000 6.703609e+002
1.222000 6.694775e+002
1.224000 6.685928e+002
1.226000 6.677068e+002
1.228000 6.668194e+002
1.230000 6.659308e+002
1.232000 6.650408e+002
1.234000 6.641496e+002
1.236000 6.632572e+002
1.238000 6.623635e+002
1.240000 6.614687e+002
1.242000 6.605727e+002
1.244000 6.596755e+002
1.246000 6.587773e+002
1.248000 6.578779e+002
1.250000 6.569774e+002
1.252000 6.560759e+002
1.254000 6.551734e+002
1.256000 6.542698e+002
1.258000 6.533652e+002
1.260000 6.524597e+002
1.262000 6.515532e+002
1.264000 6.506458e+002
1.266000 6.497375e+002
1.268000 6.488283e+002
1.270000 6.479183e+002
1.272000 6.470074e+002
1.274000 6.460956e+002
1.276000 6.451831e+002
1.278000 6.442698e+002
1.280000 6.433557e+002
1.282000 6.424409e+002
1.284000 6.415254e+002
1.286000 6.406091e+002
1.288000 6.396922e+002
1.290000 6.387747e+002
1.292000 6.378565e+002
1.294000 6.369377e+002
1.296000 6.360183e+002
1.298000 6.350983e+002
1.300000 6.341778e+002
1.302000 6.332567e+002
1.304000 6.323351e+002
1.306000 6.314130e+002
1.308000 6.304905e+002
1.310000 6.295675e+002
1.312000 6.286440e+002
1.314000 6.277202e+002
1.316000 6.267959e+002
1.318000 6.258713e+002
1.320000 6.249463e+002
1.322000 6.240210e+002
1.324000 6.230954e+002
1.326000 6.221695e+002
1.328000 6.212433e+002
1.330000 6.203168e+002
1.332000 6.193901e+002
1.334000 6.184632e+002
1.336000 6.175361e+002
1.338000 6.166088e+002
1.340000 6.156813e+002
1.342000 6.147537e+002
1.344000 6.138260e+002
1.346000 6.128981e+002
1.348000 6.119702e+002
1.350000 6.110422e+002
1.352000 6.101141e+002
1.354000 6.091860e+002
1.356000 6.082579e+002
1.358000 6.073298e+002
1.360000 6.064018e+002
1.362000 6.054737e+002
1.364000 6.045457e+002
1.366000 6.036178e+002
1.368000 6.026900e+002
1.370000 6.017623e+002
1.372000 6.008347e+002
1.374000 5.999073e+002
1.376000 5.989801e+002
1.378000 5.980530e+002
1.380000 5.971261e+002
1.382000 5.961994e+002
1.384000 5.952730e+002
1.386000 5.943468e+002
1.388000 5.934209e+002
1.390000 5.924953e+002
1.392000 5.915699e+002
1.394000 5.906449e+002
1.396000 5.897202e+002
1.398000 5.887959e+002
1.400000 5.878719e+002
1.402000 5.869484e+002
1.404000 5.860252e+002
1.406000 5.851024e+002
1.408000 5.841801e+002
1.410000 5.832582e+002
1.412000 5.823368e+002
1.414000 5.814159e+002
1.416000 5.804955e+002
1.418000 5.795755e+002
1.420000 5.786561e+002
1.422000 5.777373e+002
1.424000 5.768190e+002
1.426000 5.759013e+002
1.428000 5.749842e+002
1.430000 5.740677e+002
1.432000 5.731518e+002
1.434000 5.722365e+002
1.436000 5.713219e+002
1.438000 5.704080e+002
1.440000 5.694947e+002
1.442000 5.685822e+002
1.444000 5.676703e+002
1.446000 5.667592e+002
1.448000 5.658488e+002
1.450000 5.649392e+002
1.452000 5.640303e+002
1.454000 5.631223e+002
1.456000 5.622150e+002
1.458000 5.613085e+002
1.460000 5.604029e+002
1.462000 5.594981e+002
1.464000 5.585942e+002
1.466000 5.576911e+002
1.468000 5.567889e+002
1.470000 5.558876e+002
1.472000 5.549872e+002
1.474000 5.540877e+002
1.476000 5.531892e+002
1.478000 5.522916e+002
1.480000 5.513950e+002
1.482000 5.504994e+002
1.484000 5.496047e+002
1.486000 5.487111e+002
1.488000 5.478184e+002
1.490000 5.469268e+002
1.492000 5.460362e+002
1.494000 5.451467e+002
1.496000 5.442583e+002
1.498000 5.433709e+002
1.500000 5.424846e+002
1.502000 5.415994e+002
1.504000 5.407153e+002
1.506000 5.398324e+002
1.508000 5.389506e+002
1.510000 5.380699e+002
1.512000 5.371904e+002
1.514000 5.363121e+002
1.516000 5.354350e+002
1.518000 5.345590e+002
1.520000 5.336843e+002
1.522000 5.328108e+002
1.524000 5.319385e+002
1.526000 5.310675e+002
1.528000 5.301977e+002
1.530000 5.293292e+002
1.532000 5.284620e+002
1.534000 5.275960e+002
1.536000 5.267314e+002
1.538000 5.258680e+002
1.540000 5.250060e+002
1.542000 5.241453e+002
1.544000 5.232859e+002
1.546000 5.224279e+002
1.548000 5.215713e+002
1.550000 5.207160e+002
1.552000 5.198621e+002
1.554000 5.190096e+002
1.556000 5.181585e+002
1.558000 5.173088e+002
1.560000 5.164606e+002
1.562000 5.156137e+002
1.564000 5.147683e+002
1.566000 5.139244e+002
1.568000 5.130819e+002
1.570000 5.122409e+002
1.572000 5.114013e+002
1.574000 5.105633e+002
1.576000 5.097267e+002
1.578000 5.088916e+002
1.580000 5.080581e+002
1.582000 5.072261e+002
1.584000 5.063956e+002
1.586000 5.055667e+002
1.588000 5.047393e+002
1.590000 5.039134e+002
1.592000 5.030892e+002
1.594000 5.022665e+002
1.596000 5.014454e+002
1.598000 5.006258e+002
1.600000 4.998079e+002
1.602000 4.989916e+002
1.604000 4.981769e+002
1.606000 4.973638e+002
1.608000 4.965524e+002
1.610000 4.957426e+002
1.612000 4.949344e+002
1.614000 4.941279e+002
1.616000 4.933231e+002
1.618000 4.925199e+002
1.620000 4.917184e+002
1.622000 4.909186e+002
1.624000 4.901204e+002
1.626000 4.893240e+002
1.628000 4.885293e+002
1.630000 4.877363e+002
1.632000 4.869450e+002
1.634000 4.861554e+002
1.636000 4.853676e+002
1.638000 4.845815e+002
1.640000 4.837971e+002
1.642000 4.830145e+002
1.644000 4.822337e+002
1.646000 4.814546e+002
1.648000 4.806773e+002
1.650000 4.799018e+002
1.652000 4.791280e+002
1.654000 4.783560e+002
1.656000 4.775859e+002
1.658000 4.768175e+002
1.660000 4.760509e+002
1.662000 4.752862e+002
1.664000 4.745232e+002
1.666000 4.737621e+002
1.668000 4.730028e+002
1.670000 4.722454e+002
1.672000 4.714898e+002
1.674000 4.707360e+002
1.676000 4.699841e+002
1.678000 4.692340e+002
1.680000 4.684858e+002
1.682000 4.677394e+002
1.684000 4.669950e+002
1.686000 4.662524e+002
1.688000 4.655116e+002
1.690000 4.647728e+002
1.692000 4.640358e+002
1.694000 4.633007e+002
1.696000 4.625676e+002
1.698000 4.618363e+002
1.700000 4.611069e+002
1.702000 4.603795e+002
1.704000 4.596539e+002
1.706000 4.589303e+002
1.708000 4.582086e+002
1.710000 4.574888e+002
1.712000 4.567709e+002
1.714000 4.560550e+002
1.716000 4.553410e+002
1.718000 4.546290e+002
1.720000 4.539188e+002
1.722000 4.532107e+002
1.724000 4.525045e+002
1.726000 4.518002e+002
1.728000 4.510979e+002
1.730000 4.503975e+002
1.732000 4.496992e+002
1.734000 4.490027e+002
1.736000 4.483083e+002
1.738000 4.476158e+002
1.740000 4.469253e+002
1.742000 4.462367e+002
1.744000 4.455502e+002
1.746000 4.448656e+002
1.748000 4.441830e+002
1.750000 4.435024e+002
1.752000 4.428238e+002
1.754000 4.421472e+002
1.756000 4.414726e+002
1.758000 4.407999e+002
1.760000 4.401293e+002
1.762000 4.394607e+002
1.764000 4.387940e+002
1.766000 4.381294e+002
1.768000 4.374668e+002
1.770000 4.368062e+002
1.772000 4.361476e+002
1.774000 4.354910e+002
1.776000 4.348364e+002
1.778000 4.341838e+002
1.780000 4.335333e+002
1.782000 4.328848e+002
1.784000 4.322382e+002
1.786000 4.315938e+002
1.788000 4.309513e+002
1.790000 4.303108e+002
1.792000 4.296724e+002
1.794000 4.290360e+002
1.796000 4.284016e+002
1.798000 4.277693e+002
1.800000 4.271390e+002
1.802000 4.265107e+002
1.804000 4.258844e+002
1.806000 4.252602e+002
1.808000 4.246380e+002
1.810000 4.240178e+002
1.812000 4.233997e+002
1.814000 4.227836e+002
1.816000 4.221695e+002
1.818000 4.215575e+002
1.820000 4.209475e+002
1.822000 4.203395e+002
1.824000 4.197336e+002
1.826000 4.191297e+002
1.828000 4.185278e+002
1.830000 4.179280e+002
1.832000 4.173302e+002
1.834000 4.167345e+002
1.836000 4.161407e+002
1.838000 4.155490e+002
1.840000 4.149594e+002
1.842000 4.143718e+002
1.844000 4.137862e+002
1.846000 4.132026e+002
1.848000 4.126211e+002
1.850000 4.120416e+002
1.852000 4.114641e+002
1.854000 4.108887e+002
1.856000 4.103153e+002
1.858000 4.097439e+002
1.860000 4.091746e+002
1.862000 4.086073e+002
1.864000 4.080420e+002
1.866000 4.074787e+002
1.868000 4.069175e+002
1.870000 4.063583e+002
1.872000 4.058011e+002
1.874000 4.052460e+002
1.876000 4.046928e+002
1.878000 4.041417e+002
1.880000 4.035926e+002
1.882000 4.030455e+002
1.884000 4.025004e+002
1.886000 4.019574e+002
1.888000 4.014164e+002
1.890000 4.008773e+002
1.892000 4.003403e+002
1.894000 3.998053e+002
1.896000 3.992723e+002
1.898000 3.987413e+002
1.900000 3.982123e+002
1.902000 3.976853e+002
1.904000 3.971604e+002
1.906000 3.966374e+002
1.908000 3.961164e+002
1.910000 3.955974e+002
1.912000 3.950804e+002
1.914000 3.945654e+002
1.916000 3.940524e+002
1.918000 3.935413e+002
1.920000 3.930323e+002
1.922000 3.925252e+002
1.924000 3.920202e+002
1.926000 3.915171e+002
1.928000 3.910159e+002
1.930000 3.905168e+002
1.932000 3.900196e+002
1.934000 3.895244e+002
1.936000 3.890312e+002
1.938000 3.885399e+002
1.940000 3.880506e+002
1.942000 3.875632e+002
1.944000 3.870778e+002
1.946000 3.865944e+002
1.948000 3.861129e+002
1.950000 3.856333e+002
1.952000 3.851557e+002
1.954000 3.846801e+002
1.956000 3.842064e+002
1.958000 3.837346e+002
1.960000 3.832648e+002
1.962000 3.827969e+002
1.964000 3.823309e+002
1.966000 3.818668e+002
1.968000 3.814047e+002
1.970000 3.809445e+002
1.972000 3.804862e+002
1.974000 3.800299e+002
1.976000 3.795754e+002
1.978000 3.791229e+002
1.980000 3.786722e+002
1.982000 3.782235e+002
1.984000 3.777766e+002
1.986000 3.773317e+002
1.988000 3.768886e+002
1.990000 3.764475e+002
1.992000 3.760082e+002
1.994000 3.755708e+002
1.996000 3.751353e+002
1.998000 3.747016e+002
2.000000 3.742699e+002
2.002000 3.738399e+002
2.004000 3.734119e+002
2.006000 3.729857e+002
2.008000 3.725614e+002
2.010000 3.721389e+002
2.012000 3.717183e+002
2.014000 3.712996e+002
2.016000 3.708826e+002
2.018000 3.704676e+002
2.020000 3.700543e+002
2.022000 3.696429e+002
2.024000 3.692333e+002
2.026000 3.688255e+002
2.028000 3.684196e+002
2.030000 3.680155e+002
2.032000 3.676132e+002
2.034000 3.672127e+002
2.036000 3.668140e+002
2.038000 3.664171e+002
2.040000 3.660220e+002
2.042000 3.656287e+002
2.044000 3.652371e+002
2.046000 3.648474e+002
2.048000 3.644594e+002
2.050000 3.640733e+002
2.052000 3.636889e+002
2.054000 3.633062e+002
2.056000 3.629254e+002
2.058000 3.625463e+002
2.060000 3.621689e+002
2.062000 3.617933e+002
2.064000 3.614195e+002
2.066000 3.610473e+002
2.068000 3.606770e+002
2.070000 3.603083e+002
2.072000 3.599414e+002
2.074000 3.595763e+002
2.076000 3.592128e+002
2.078000 3.588511e+002
2.080000 3.584910e+002
2.082000 3.581327e+002
2.084000 3.577761e+002
2.086000 3.574212e+002
2.088000 3.570680e+002
2.090000 3.567165e+002
2.092000 3.563666e+002
2.094000 3.560185e+002
2.096000 3.556720e+002
2.098000 3.553272e+002
2.100000 3.549841e+002
2.102000 3.546426e+002
2.104000 3.543028e+002
2.106000 3.539646e+002
2.108000 3.536281e+002
2.110000 3.532933e+002
2.112000 3.529600e+002
2.114000 3.526285e+002
2.116000 3.522985e+002
2.118000 3.519702e+002
2.120000 3.516435e+002
2.122000 3.513184e+002
2.124000 3.509950e+002
2.126000 3.506731e+002
2.128000 3.503528e+002
2.130000 3.500342e+002
2.132000 3.497171e+002
2.134000 3.494017e+002
2.136000 3.490878e+002
2.138000 3.487755e+002
2.140000 3.484647e+002
2.142000 3.481556e+002
2.144000 3.478480e+002
2.146000 3.475419e+002
2.148000 3.472375e+002
2.150000 3.469345e+002
2.152000 3.466332e+002
2.154000 3.463333e+002
2.156000 3.460350e+002
2.158000 3.457383e+002
2.160000 3.454430e+002
2.162000 3.451493e+002
2.164000 3.448571e+002
2.166000 3.445664e+002
2.168000 3.442772e+002
2.170000 3.439896e+002
2.172000 3.437034e+002
2.174000 3.434187e+002
2.176000 3.431355e+002
2.178000 3.428538e+002
2.180000 3.425735e+002
2.182000 3.422948e+002
2.184000 3.420175e+002
2.186000 3.417417e+002
2.188000 3.414673e+002
2.190000 3.411944e+002
2.192000 3.409229e+002
2.194000 3.406529e+002
2.196000 3.403843e+002
2.198000 3.401171e+002
2.200000 3.398514e+002
2.202000 3.395871e+002
2.204000 3.393242e+002
2.206000 3.390628e+002
2.208000 3.388027e+002
2.210000 3.385440e+002
2.212000 3.382868e+002
2.214000 3.380309e+002
2.216000 3.377764e+002
2.218000 3.375234e+002
2.220000 3.372716e+002
2.222000 3.370213e+002
2.224000 3.367723e+002
2.226000 3.365247e+002
2.228000 3.362785e+002
2.230000 3.360336e+002
2.232000 3.357901e+002
2.234000 3.355479e+002
2.236000 3.353070e+002
2.238000 3.350675e+002
2.240000 3.348293e+002
2.242000 3.345924e+002
2.244000 3.343569e+002
2.246000 3.341226e+002
2.248000 3.338897e+002
2.250000 3.336581e+002
2.252000 3.334277e+002
2.254000 3.331987e+002
2.256000 3.329710e+002
2.258000 3.327445e+002
2.260000 3.325193e+002
2.262000 3.322954e+002
2.264000 3.320728e+002
2.266000 3.318514e+002
2.268000 3.316313e+002
2.270000 3.314124e+002
2.272000 3.311948e+002
2.274000 3.309784e+002
2.276000 3.307633e+002
2.278000 3.305494e+002
2.280000 3.303367e+002
2.282000 3.301253e+002
2.284000 3.299151e+002
2.286000 3.297061e+002
2.288000 3.294983e+002
2.290000 3.292917e+002
2.292000 3.290863e+002
2.294000 3.288821e+002
2.296000 3.286791e+002
2.298000 3.284773e+002
2.300000 3.282766e+002
2.302000 3.280771e+002
2.304000 3.278788e+002
2.306000 3.276817e+002
2.308000 3.274857e+002
2.310000 3.272909e+002
2.312000 3.270972e+002
2.314000 3.269047e+002
2.316000 3.267133e+002
2.318000 3.265231e+002
2.320000 3.263340e+002
2.322000 3.261460e+002
2.324000 3.259591e+002
2.326000 3.257733e+002
2.328000 3.255887e+002
2.330000 3.254052e+002
2.332000 3.252227e+002
2.334000 3.250414e+002
2.336000 3.248611e+002
2.338000 3.246820e+002
2.340000 3.245039e+002
2.342000 3.243269e+002
2.344000 3.241510e+002
2.346000 3.239761e+002
2.348000 3.238023e+002
2.350000 3.236296e+002
2.352000 3.234579e+002
2.354000 3.232873e+002
2.356000 3.231177e+002
2.358000 3.229492e+002
2.360000 3.227816e+002
2.362000 3.226152e+002
2.364000 3.224497e+002
2.366000 3.222853e+002
2.368000 3.221218e+002
2.370000 3.219594e+002
2.372000 3.217980e+002
2.374000 3.216376e+002
2.376000 3.214782e+002
2.378000 3.213198e+002
2.380000 3.211624e+002
2.382000 3.210059e+002
2.384000 3.208505e+002
2.386000 3.206960e+002
2.388000 3.205425e+002
2.390000 3.203899e+002
2.392000 3.202383e+002
2.394000 3.200877e+002
2.396000 3.199380e+002
2.398000 3.197893e+002
2.400000 3.196415e+002
2.402000 3.194946e+002
2.404000 3.193487e+002
2.406000 3.192037e+002
2.408000 3.190596e+002
2.410000 3.189165e+002
2.412000 3.187742e+002
2.414000 3.186329e+002
2.416000 3.184925e+002
2.418000 3.183530e+002
2.420000 3.182143e+002
2.422000 3.180766e+002
2.424000 3.179398e+002
2.426000 3.178038e+002
2.428000 3.176687e+002
2.430000 3.175345e+002
2.432000 3.174012e+002
2.434000 3.172687e+002
2.436000 3.171371e+002
2.438000 3.170064e+002
2.440000 3.168765e+002
2.442000 3.167475e+002
2.444000 3.166193e+002
2.446000 3.164919e+002
2.448000 3.163654e+002
2.450000 3.162397e+002
2.452000 3.161148e+002
2.454000 3.159908e+002
2.456000 3.158676e+002
2.458000 3.157452e+002
2.460000 3.156236e+002
2.462000 3.155028e+002
2.464000 3.153828e+002
2.466000 3.152636e+002
2.468000 3.151452e+002
2.470000 3.150276e+002
2.472000 3.149108e+002
2.474000 3.147948e+002
2.476000 3.146795e+002
2.478000 3.145651e+002
2.480000 3.144514e+002
2.482000 3.143384e+002
2.484000 3.142262e+002
2.486000 3.141148e+002
2.488000 3.140041e+002
2.490000 3.138942e+002
2.492000 3.137850e+002
2.494000 3.136766e+002
2.496000 3.135689e+002
2.498000 3.134619e+002
2.500000 3.133557e+002
2.502000 3.132501e+002
2.504000 3.131453e+002
2.506000 3.130413e+002
2.508000 3.129379e+002
2.510000 3.128352e+002
2.512000 3.127333e+002
2.514000 3.126321e+002
2.516000 3.125315e+002
2.518000 3.124316e+002
2.520000 3.123325e+002
2.522000 3.122340e+002
2.524000 3.121362e+002
2.526000 3.120391e+002
2.528000 3.119427e+002
2.530000 3.118469e+002
2.532000 3.117518e+002
2.534000 3.116573e+002
2.536000 3.115636e+002
2.538000 3.114704e+002
2.540000 3.113780e+002
2.542000 3.112861e+002
2.544000 3.111950e+002
2.546000 3.111044e+002
2.548000 3.110145e+002
2.550000 3.109253e+002
2.552000 3.108366e+002
2.554000 3.107486e+002
2.556000 3.106613e+002
2.558000 3.105745e+002
2.560000 3.104883e+002
2.562000 3.104028e+002
2.564000 3.103179e+002
2.566000 3.102336e+002
2.568000 3.101499e+002
2.570000 3.100667e+002
2.572000 3.099842e+002
2.574000 3.099023e+002
2.576000 3.098209e+002
2.578000 3.097402e+002
2.580000 3.096600e+002
2.582000 3.095804e+002
2.584000 3.095014e+002
2.586000 3.094229e+002
2.588000 3.093451e+002
2.590000 3.092677e+002
2.592000 3.091910e+002
2.594000 3.091148e+002
2.596000 3.090391e+002
2.598000 3.089640e+002
2.600000 3.088895e+002
2.602000 3.088155e+002
2.604000 3.087420e+002
2.606000 3.086691e+002
2.608000 3.085967e+002
2.610000 3.085248e+002
2.612000 3.084535e+002
2.614000 3.083827e+002
2.616000 3.083124e+002
2.618000 3.082427e+002
2.620000 3.081734e+002
2.622000 3.081047e+002
2.624000 3.080364e+002
2.626000 3.079687e+002
2.628000 3.079015e+002
2.630000 3.078348e+002
2.632000 3.077686e+002
2.634000 3.077028e+002
2.636000 3.076376e+002
2.638000 3.075728e+002
2.640000 3.075086e+002
2.642000 3.074448e+002
2.644000 3.073815e+002
2.646000 3.073186e+002
2.648000 3.072563e+002
2.650000 3.071944e+002
2.652000 3.071330e+002
2.654000 3.070720e+002
2.656000 3.070115e+002
2.658000 3.069515e+002
2.660000 3.068919e+002
2.662000 3.068328e+002
2.664000 3.067741e+002
2.666000 3.067158e+002
2.668000 3.066580e+002
2.670000 3.066007e+002
2.672000 3.065438e+002
2.674000 3.064873e+002
2.676000 3.064312e+002
2.678000 3.063756e+002
2.680000 3.063204e+002
2.682000 3.062657e+002
2.684000 3.062113e+002
2.686000 3.061574e+002
2.688000 3.061039e+002
2.690000 3.060508e+002
2.692000 3.059981e+002
2.694000 3.059458e+002
2.696000 3.058939e+002
2.698000 3.058425e+002
2.700000 3.057914e+002
2.702000 3.057407e+002
2.704000 3.056904e+002
2.706000 3.056405e+002
2.708000 3.055910e+002
2.710000 3.055419e+002
2.712000 3.054932e+002
2.714000 3.054448e+002
2.716000 3.053969e+002
2.718000 3.053493e+002
2.720000 3.053021e+002
2.722000 3.052552e+002
2.724000 3.052087e+002
2.726000 3.051626e+002
2.728000 3.051169e+002
2.730000 3.050715e+002
2.732000 3.050265e+002
2.734000 3.049818e+002
2.736000 3.049375e+002
2.738000 3.048935e+002
2.740000 3.048499e+002
2.742000 3.048066e+002
2.744000 3.047637e+002
2.746000 3.047211e+002
2.748000 3.046789e+002
2.750000 3.046370e+002
2.752000 3.045954e+002
2.754000 3.045542e+002
2.756000 3.045133e+002
2.758000 3.044727e+002
2.760000 3.044325e+002
2.762000 3.043926e+002
2.764000 3.043530e+002
2.766000 3.043137e+002
2.768000 3.042747e+002
2.770000 3.042361e+002
2.772000 3.041977e+002
2.774000 3.041597e+002
2.776000 3.041220e+002
2.778000 3.040846e+002
2.780000 3.040475e+002
2.782000 3.040107e+002
2.784000 3.039742e+002
2.786000 3.039380e+002
2.788000 3.039021e+002
2.790000 3.038665e+002
2.792000 3.038312e+002
2.794000 3.037961e+002
2.796000 3.037614e+002
2.798000 3.037270e+002
2.800000 3.036928e+002
2.802000 3.036589e+002
2.804000 3.036253e+002
2.806000 3.035920e+002
2.808000 3.035589e+002
2.810000 3.035261e+002
2.812000 3.034936e+002
2.814000 3.034614e+002
2.816000 3.034294e+002
2.818000 3.033977e+002
2.820000 3.033662e+002
2.822000 3.033351e+002
2.824000 3.033041e+002
2.826000 3.032735e+002
2.828000 3.032431e+002
2.830000 3.032129e+002
2.832000 3.031830e+002
2.834000 3.031534e+002
2.836000 3.031240e+002
2.838000 3.030948e+002
2.840000 3.030659e+002
2.842000 3.030373e+002
2.844000 3.030089e+002
2.846000 3.029807e+002
2.848000 3.029527e+002
2.850000 3.029250e+002
2.852000 3.028976e+002
2.854000 3.028703e+002
2.856000 3.028433e+002
2.858000 3.028165e+002
2.860000 3.027900e+002
2.862000 3.027637e+002
2.864000 3.027376e+002
2.866000 3.027117e+002
2.868000 3.026861e+002
2.870000 3.026606e+002
2.872000 3.026354e+002
2.874000 3.026104e+002
2.876000 3.025856e+002
2.878000 3.025611e+002
2.880000 3.025367e+002
2.882000 3.025126e+002
2.884000 3.024886e+002
2.886000 3.024649e+002
2.888000 3.024414e+002
2.890000 3.024180e+002
2.892000 3.023949e+002
2.894000 3.023720e+002
2.896000 3.023493e+002
2.898000 3.023268e+002
2.900000 3.023044e+002
2.902000 3.022823e+002
2.904000 3.022604e+002
2.906000 3.022386e+002
2.908000 3.022170e+002
2.910000 3.021957e+002
2.912000 3.021745e+002
2.914000 3.021535e+002
2.916000 3.021327e+002
2.918000 3.021120e+002
2.920000 3.020916e+002
2.922000 3.020713e+002
2.924000 3.020512e+002
2.926000 3.020313e+002
2.928000 3.020116e+002
2.930000 3.019920e+002
2.932000 3.019726e+002
2.934000 3.019534e+002
2.936000 3.019344e+002
2.938000 3.019155e+002
2.940000 3.018968e+002
2.942000 3.018782e+002
2.944000 3.018599e+002
2.946000 3.018416e+002
2.948000 3.018236e+002
2.950000 3.018057e+002
2.952000 3.017880e+002
2.954000 3.017704e+002
2.956000 3.017530e+002
2.958000 3.017357e+002
2.960000 3.017186e+002
2.962000 3.017017e+002
2.964000 3.016849e+002
2.966000 3.016682e+002
2.968000 3.016517e+002
2.970000 3.016354e+002
2.972000 3.016192e+002
2.974000 3.016031e+002
2.976000 3.015872e+002
2.978000 3.015715e+002
2.980000 3.015559e+002
2.982000 3.015404e+002
2.984000 3.015250e+002
2.986000 3.015098e+002
2.988000 3.014948e+002
2.990000 3.014799e+002
2.992000 3.014651e+002
2.994000 3.014504e+002
2.996000 3.014359e+002
2.998000 3.014215e+002
3.000000 3.014073e+002
3.002000 3.013932e+002
3.004000 3.013792e+002
3.006000 3.013653e+002
3.008000 3.013516e+002
3.010000 3.013380e+002
3.012000 3.013245e+002
3.014000 3.013111e+002
3.016000 3.012979e+002
3.018000 3.012848e+002
3.020000 3.012718e+002
3.022000 3.012589e+002
3.024000 3.012462e+002
3.026000 3.012335e+002
3.028000 3.012210e+002
3.030000 3.012086e+002
3.032000 3.011963e+002
3.034000 3.011842e+002
3.036000 3.011721e+002
3.038000 3.011602e+002
3.040000 3.011483e+002
3.042000 3.011366e+002
3.044000 3.011250e+002
3.046000 3.011135e+002
3.048000 3.011021e+002
3.050000 3.010908e+002
3.052000 3.010797e+002
3.054000 3.010686e+002
3.056000 3.010576e+002
3.058000 3.010467e+002
3.060000 3.010360e+002
3.062000 3.010253e+002
3.064000 3.010148e+002
3.066000 3.010043e+002
3.068000 3.009939e+002
3.070000 3.009837e+002
3.072000 3.009735e+002
3.074000 3.009634e+002
3.076000 3.009535e+002
3.078000 3.009436e+002
3.080000 3.009338e+002
3.082000 3.009241e+002
3.084000 3.009145e+002
3.086000 3.009050e+002
3.088000 3.008956e+002
3.090000 3.008863e+002
3.092000 3.008770e+002
3.094000 3.008679e+002
3.096000 3.008588e+002
3.098000 3.008498e+002
3.100000 3.008410e+002
3.102000 3.008322e+002
3.104000 3.008234e+002
3.106000 3.008148e+002
3.108000 3.008063e+002
3.110000 3.007978e+002
3.112000 3.007894e+002
3.114000 3.007811e+002
3.116000 3.007729e+002
3.118000 3.007648e+002
3.120000 3.007567e+002
3.122000 3.007487e+002
3.124000 3.007408e+002
3.126000 3.007330e+002
3.128000 3.007252e+002
3.130000 3.007176e+002
3.132000 3.007100e+002
3.134000 3.007024e+002
3.136000 3.006950e+002
3.138000 3.006876e+002
3.140000 3.006803e+002
3.142000 3.006730e+002
3.144000 3.006659e+002
3.146000 3.006588e+002
3.148000 3.006518e+002
3.150000 3.006448e+002
3.152000 3.006379e+002
3.154000 3.006311e+002
3.156000 3.006244e+002
3.158000 3.006177e+002
3.160000 3.006111e+002
3.162000 3.006045e+002
3.164000 3.005980e+002
3.166000 3.005916e+002
3.168000 3.005852e+002
3.170000 3.005789e+002
3.172000 3.005727e+002
3.174000 3.005665e+002
3.176000 3.005604e+002
3.178000 3.005544e+002
3.180000 3.005484e+002
3.182000 3.005425e+002
3.184000 3.005366e+002
3.186000 3.005308e+002
3.188000 3.005250e+002
3.190000 3.005193e+002
3.192000 3.005137e+002
3.194000 3.005081e+002
3.196000 3.005026e+002
3.198000 3.004971e+002
3.200000 3.004917e+002
3.202000 3.004864e+002
3.204000 3.004811e+002
3.206000 3.004758e+002
3.208000 3.004706e+002
3.210000 3.004655e+002
3.212000 3.004604e+002
3.214000 3.004553e+002
3.216000 3.004504e+002
3.218000 3.004454e+002
3.220000 3.004405e+002
3.222000 3.004357e+002
3.224000 3.004309e+002
3.226000 3.004262e+002
3.228000 3.004215e+002
3.230000 3.004168e+002
3.232000 3.004122e+002
3.234000 3.004077e+002
3.236000 3.004032e+002
3.238000 3.003987e+002
3.240000 3.003943e+002
3.242000 3.003900e+002
3.244000 3.003856e+002
3.246000 3.003814e+002
3.248000 3.003771e+002
3.250000 3.003729e+002
3.252000 3.003688e+002
3.254000 3.003647e+002
3.256000 3.003606e+002
3.258000 3.003566e+002
3.260000 3.003527e+002
3.262000 3.003487e+002
3.264000 3.003448e+002
3.266000 3.003410e+002
3.268000 3.003372e+002
3.270000 3.003334e+002
3.272000 3.003297e+002
3.274000 3.003260e+002
3.276000 3.003223e+002
3.278000 3.003187e+002
3.280000 3.003151e+002
3.282000 3.003116e+002
3.284000 3.003081e+002
3.286000 3.003046e+002
3.288000 3.003012e+002
3.290000 3.002978e+002
3.292000 3.002944e+002
3.294000 3.002911e+002
3.296000 3.002878e+002
3.298000 3.002845e+002
3.300000 3.002813e+002
3.302000 3.002781e+002
3.304000 3.002750e+002
3.306000 3.002719e+002
3.308000 3.002688e+002
3.310000 3.002657e+002
3.312000 3.002627e+002
3.314000 3.002597e+002
3.316000 3.002568e+002
3.318000 3.002538e+002
3.320000 3.002509e+002
3.322000 3.002481e+002
3.324000 3.002452e+002
3.326000 3.002424e+002
3.328000 3.002397e+002
3.330000 3.002369e+002
3.332000 3.002342e+002
3.334000 3.002315e+002
3.336000 3.002289e+002
3.338000 3.002262e+002
3.340000 3.002236e+002
3.342000 3.002211e+002
3.344000 3.002185e+002
3.346000 3.002160e+002
3.348000 3.002135e+002
3.350000 3.002111e+002
3.352000 3.002086e+002
3.354000 3.002062e+002
3.356000 3.002038e+002
3.358000 3.002015e+002
3.360000 3.001991e+002
3.362000 3.001968e+002
3.364000 3.001945e+002
3.366000 3.001923e+002
3.368000 3.001901e+002
3.370000 3.001878e+002
3.372000 3.001857e+002
3.374000 3.001835e+002
3.376000 3.001814e+002
3.378000 3.001793e+002
3.380000 3.001772e+002
3.382000 3.001751e+002
3.384000 3.001731e+002
3.386000 3.001710e+002
3.388000 3.001690e+002
3.390000 3.001671e+002
3.392000 3.001651e+002
3.394000 3.001632e+002
3.396000 3.001612e+002
3.398000 3.001594e+002
3.400000 3.001575e+002
3.402000 3.001556e+002
3.404000 3.001538e+002
3.406000 3.001520e+002
3.408000 3.001502e+002
3.410000 3.001484e+002
3.412000 3.001467e+002
3.414000 3.001449e+002
3.416000 3.001432e+002
3.418000 3.001415e+002
3.420000 3.001399e+002
3.422000 3.001382e+002
3.424000 3.001366e+002
3.426000 3.001350e+002
3.428000 3.001333e+002
3.430000 3.001318e+002
3.432000 3.001302e+002
3.434000 3.001287e+002
3.436000 3.001271e+002
3.438000 3.001256e+002
3.440000 3.001241e+002
3.442000 3.001226e+002
3.444000 3.001212e+002
3.446000 3.001197e+002
3.448000 3.001183e+002
3.450000 3.001169e+002
3.452000 3.001155e+002
3.454000 3.001141e+002
3.456000 3.001127e+002
3.458000 3.001114e+002
3.460000 3.001100e+002
3.462000 3.001087e+002
3.464000 3.001074e+002
3.466000 3.001061e+002
3.468000 3.001048e+002
3.470000 3.001036e+002
3.472000 3.001023e+002
3.474000 3.001011e+002
3.476000 3.000999e+002
3.478000 3.000987e+002
3.480000 3.000975e+002
3.482000 3.000963e+002
3.484000 3.000951e+002
3.486000 3.000940e+002
3.488000 3.000928e+002
3.490000 3.000917e+002
3.492000 3.000906e+002
3.494000 3.000895e+002
3.496000 3.000884e+002
3.498000 3.000873e+002
3.500000 3.000863e+002
3.502000 3.000852e+002
3.504000 3.000842e+002
3.506000 3.000832e+002
3.508000 3.000822e+002
3.510000 3.000811e+002
3.512000 3.000802e+002
3.514000 3.000792e+002
3.516000 3.000782e+002
3.518000 3.000773e+002
3.520000 3.000763e+002
3.522000 3.000754e+002
3.524000 3.000744e+002
3.526000 3.000735e+002
3.528000 3.000726e+002
3.530000 3.000717e+002
3.532000 3.000709e+002
3.534000 3.000700e+002
3.536000 3.000691e+002
3.538000 3.000683e+002
3.540000 3.000674e+002
3.542000 3.000666e+002
3.544000 3.000658e+002
3.546000 3.000650e+002
3.548000 3.000642e+002
3.550000 3.000634e+002
3.552000 3.000626e+002
3.554000 3.000618e+002
3.556000 3.000611e+002
3.558000 3.000603e+002
3.560000 3.000595e+002
3.562000 3.000588e+002
3.564000 3.000581e+002
3.566000 3.000574e+002
3.568000 3.000566e+002
3.570000 3.000559e+002
3.572000 3.000552e+002
3.574000 3.000546e+002
3.576000 3.000539e+002
3.578000 3.000532e+002
3.580000 3.000525e+002
3.582000 3.000519e+002
3.584000 3.000512e+002
3.586000 3.000506e+002
3.588000 3.000500e+002
3.590000 3.000493e+002
3.592000 3.000487e+002
3.594000 3.000481e+002
3.596000 3.000475e+002
3.598000 3.000469e+002
3.600000 3.000463e+002
3.602000 3.000458e+002
3.604000 3.000452e+002
3.606000 3.000446e+002
3.608000 3.000441e+002
3.610000 3.000435e+002
3.612000 3.000430e+002
3.614000 3.000424e+002
3.616000 3.000419e+002
3.618000 3.000414e+002
3.620000 3.000408e+002
3.622000 3.000403e+002
3.624000 3.000398e+002
3.626000 3.000393e+002
3.628000 3.000388e+002
3.630000 3.000383e+002
3.632000 3.000378e+002
3.634000 3.000374e+002
3.636000 3.000369e+002
3.638000 3.000364e+002
3.640000 3.000360e+002
3.642000 3.000355e+002
3.644000 3.000351e+002
3.646000 3.000346e+002
3.648000 3.000342e+002
3.650000 3.000337e+002
3.652000 3.000333e+002
3.654000 3.000329e+002
3.656000 3.000325e+002
3.658000 3.000321e+002
3.660000 3.000317e+002
3.662000 3.000313e+002
3.664000 3.000309e+002
3.666000 3.000305e+002
3.668000 3.000301e+002
3.670000 3.000297e+002
3.672000 3.000293e+002
3.674000 3.000290e+002
3.676000 3.000286e+002
3.678000 3.000282e+002
3.680000 3.000279e+002
3.682000 3.000275e+002
3.684000 3.000272e+002
3.686000 3.000268e+002
3.688000 3.000265e+002
3.690000 3.000262e+002
3.692000 3.000258e+002
3.694000 3.000255e+002
3.696000 3.000252e+002
3.698000 3.000249e+002
3.700000 3.000245e+002
3.702000 3.000242e+002
3.704000 3.000239e+002
3.706000 3.000236e+002
3.708000 3.000233e+002
3.710000 3.000230e+002
3.712000 3.000227e+002
3.714000 3.000224e+002
3.716000 3.000222e+002
3.718000 3.000219e+002
3.720000 3.000216e+002
3.722000 3.000213e+002
3.724000 3.000211e+002
3.726000 3.000208e+002
3.728000 3.000205e+002
3.730000 3.000203e+002
3.732000 3.000200e+002
3.734000 3.000198e+002
3.736000 3.000195e+002
3.738000 3.000193e+002
3.740000 3.000190e+002
3.742000 3.000188e+002
3.744000 3.000186e+002
3.746000 3.000183e+002
3.748000 3.000181e+002
3.750000 3.000179e+002
3.752000 3.000176e+002
3.754000 3.000174e+002
3.756000 3.000172e+002
3.758000 3.000170e+002
3.760000 3.000168e+002
3.762000 3.000166e+002
3.764000 3.000164e+002
3.766000 3.000162e+002
3.768000 3.000160e+002
3.770000 3.000158e+002
3.772000 3.000156e+002
3.774000 3.000154e+002
3.776000 3.000152e+002
3.778000 3.000150e+002
3.780000 3.000148e+002
3.782000 3.000147e+002
3.784000 3.000145e+002
3.786000 3.000143e+002
3.788000 3.000141e+002
3.790000 3.000140e+002
3.792000 3.000138e+002
3.794000 3.000136e+002
3.796000 3.000135e+002
3.798000 3.000133e+002
3.800000 3.000131e+002
3.802000 3.000130e+002
3.804000 3.000128e+002
3.806000 3.000127e+002
3.808000 3.000125e+002
3.810000 3.000124e+002
3.812000 3.000122e+002
3.814000 3.000121e+002
3.816000 3.000120e+002
3.818000 3.000118e+002
3.820000 3.000117e+002
3.822000 3.000115e+002
3.824000 3.000114e+002
3.826000 3.000113e+002
3.828000 3.000112e+002
3.830000 3.000110e+002
3.832000 3.000109e+002
3.834000 3.000108e+002
3.836000 3.000107e+002
3.838000 3.000106e+002
3.840000 3.000104e+002
3.842000 3.000103e+002
3.844000 3.000102e+002
3.846000 3.000101e+002
3.848000 3.000100e+002
3.850000 3.000099e+002
3.852000 3.000098e+002
3.854000 3.000097e+002
3.856000 3.000096e+002
3.858000 3.000095e+002
3.860000 3.000094e+002
3.862000 3.000093e+002
3.864000 3.000092e+002
3.866000 3.000091e+002
3.868000 3.000090e+002
3.870000 3.000089e+002
3.872000 3.000088e+002
3.874000 3.000088e+002
3.876000 3.000087e+002
3.878000 3.000086e+002
3.880000 3.000085e+002
3.882000 3.000084e+002
3.884000 3.000083e+002
3.886000 3.000083e+002
3.888000 3.000082e+002
3.890000 3.000081e+002
3.892000 3.000081e+002
3.894000 3.000080e+002
3.896000 3.000079e+002
3.898000 3.000079e+002
3.900000 3.000078e+002
3.902000 3.000077e+002
3.904000 3.000077e+002
3.906000 3.000076e+002
3.908000 3.000075e+002
3.910000 3.000075e+002
3.912000 3.000074e+002
3.914000 3.000074e+002
3.916000 3.000073e+002
3.918000 3.000073e+002
3.920000 3.000072e+002
3.922000 3.000072e+002
3.924000 3.000071e+002
3.926000 3.000071e+002
3.928000 3.000070e+002
3.930000 3.000070e+002
3.932000 3.000070e+002
3.934000 3.000069e+002
3.936000 3.000069e+002
3.938000 3.000068e+002
3.940000 3.000068e+002
3.942000 3.000068e+002
3.944000 3.000067e+002
3.946000 3.000067e+002
3.948000 3.000067e+002
3.950000 3.000066e+002
3.952000 3.000066e+002
3.954000 3.000066e+002
3.956000 3.000066e+002
3.958000 3.000065e+002
3.960000 3.000065e+002
3.962000 3.000065e+002
3.964000 3.000065e+002
3.966000 3.000065e+002
3.968000 3.000064e+002
3.970000 3.000064e+002
3.972000 3.000064e+002
3.974000 3.000064e+002
3.976000 3.000064e+002
3.978000 3.000064e+002
3.980000 3.000064e+002
3.982000 3.000063e+002
3.984000 3.000063e+002
3.986000 3.000063e+002
3.988000 3.000063e+002
3.990000 3.000063e+002
3.992000 3.000063e+002
3.994000 3.000063e+002
3.996000 3.000063e+002
3.998000 3.000000e+002
