0.000000 4.069262e+002
0.002000 4.192410e+002
0.004000 4.315369e+002
0.006000 4.438121e+002
0.008000 4.560644e+002
0.010000 4.682918e+002
0.012000 4.804923e+002
0.014000 4.926639e+002
0.016000 5.048047e+002
0.018000 5.169126e+002
0.020000 5.289857e+002
0.022000 5.410221e+002
0.024000 5.530198e+002
0.026000 5.649770e+002
0.028000 5.768917e+002
0.030000 5.887622e+002
0.032000 6.005866e+002
0.034000 6.123630e+002
0.036000 6.240897e+002
0.038000 6.357650e+002
0.040000 6.473870e+002
0.042000 6.589540e+002
0.044000 6.704644e+002
0.046000 6.819166e+002
0.048000 6.933088e+002
0.050000 7.046394e+002
0.052000 7.159070e+002
0.054000 7.271099e+002
0.056000 7.382466e+002
0.058000 7.493156e+002
0.060000 7.603155e+002
0.062000 7.712449e+002
0.064000 7.821024e+002
0.066000 7.928865e+002
0.068000 8.035961e+002
0.070000 8.142298e+002
0.072000 8.247863e+002
0.074000 8.352644e+002
0.076000 8.456630e+002
0.078000 8.559809e+002
0.080000 8.662170e+002
0.082000 8.763702e+002
0.084000 8.864395e+002
0.086000 8.964238e+002
0.088000 9.063223e+002
0.090000 9.161339e+002
0.092000 9.258578e+002
0.094000 9.354932e+002
0.096000 9.450391e+002
0.098000 9.544949e+002
0.100000 9.638598e+002
0.102000 9.731331e+002
0.104000 9.823142e+002
0.106000 9.914023e+002
0.108000 1.000397e+003
0.110000 1.009298e+003
0.112000 1.018104e+003
0.114000 1.026815e+003
0.116000 1.035430e+003
0.118000 1.043950e+003
0.120000 1.052373e+003
0.122000 1.060700e+003
0.124000 1.068930e+003
0.126000 1.077063e+003
0.128000 1.085098e+003
0.130000 1.093036e+003
0.132000 1.100877e+003
0.134000 1.108619e+003
0.136000 1.116264e+003
0.138000 1.123810e+003
0.140000 1.131259e+003
0.142000 1.138610e+003
0.144000 1.145863e+003
0.146000 1.153018e+003
0.148000 1.160075e+003
0.150000 1.167035e+003
0.152000 1.173897e+003
0.154000 1.180663e+003
0.156000 1.187331e+003
0.158000 1.193903e+003
0.160000 1.200379e+003
0.162000 1.206758e+003
0.164000 1.213042e+003
0.166000 1.219230e+003
0.168000 1.225324e+003
0.170000 1.231323e+003
0.172000 1.237228e+003
0.174000 1.243040e+003
0.176000 1.248758e+003
0.178000 1.254384e+003
0.180000 1.259919e+003
0.182000 1.265361e+003
0.184000 1.270713e+003
0.186000 1.275975e+003
0.188000 1.281148e+003
0.190000 1.286231e+003
0.192000 1.291226e+003
0.194000 1.296134e+003
0.196000 1.300955e+003
0.198000 1.305690e+003
0.200000 1.310340e+003
0.202000 1.314905e+003
0.204000 1.319386e+003
0.206000 1.323785e+003
0.208000 1.328101e+003
0.210000 1.332335e+003
0.212000 1.336489e+003
0.214000 1.340564e+003
0.216000 1.344559e+003
0.218000 1.348477e+003
0.220000 1.352317e+003
0.222000 1.356081e+003
0.224000 1.359769e+003
0.226000 1.363383e+003
0.228000 1.366924e+003
0.230000 1.370392e+003
0.232000 1.373788e+003
0.234000 1.377113e+003
0.236000 1.380368e+003
0.238000 1.383554e+003
0.240000 1.386672e+003
0.242000 1.389723e+003
0.244000 1.392707e+003
0.246000 1.395627e+003
0.248000 1.398482e+003
0.250000 1.401273e+003
0.252000 1.404002e+003
0.254000 1.406670e+003
0.256000 1.409277e+003
0.258000 1.411824e+003
0.260000 1.414313e+003
0.262000 1.416743e+003
0.264000 1.419117e+003
0.266000 1.421435e+003
0.268000 1.423699e+003
0.270000 1.425908e+003
0.272000 1.428063e+003
0.274000 1.430167e+003
0.276000 1.432220e+003
0.278000 1.434221e+003
0.280000 1.436174e+003
0.282000 1.438078e+003
0.284000 1.439934e+003
0.286000 1.441743e+003
0.288000 1.443507e+003
0.290000 1.445225e+003
0.292000 1.446899e+003
0.294000 1.448530e+003
0.296000 1.450118e+003
0.298000 1.451665e+003
0.300000 1.453171e+003
0.302000 1.454636e+003
0.304000 1.456063e+003
0.306000 1.457451e+003
0.308000 1.458802e+003
0.310000 1.460116e+003
0.312000 1.461393e+003
0.314000 1.462636e+003
0.316000 1.463844e+003
0.318000 1.465018e+003
0.320000 1.466160e+003
0.322000 1.467269e+003
0.324000 1.468347e+003
0.326000 1.469393e+003
0.328000 1.470410e+003
0.330000 1.471398e+003
0.332000 1.472356e+003
0.334000 1.473287e+003
0.336000 1.474190e+003
0.338000 1.475066e+003
0.340000 1.475917e+003
0.342000 1.476742e+003
0.344000 1.477542e+003
0.346000 1.478317e+003
0.348000 1.479070e+003
0.350000 1.479799e+003
0.352000 1.480505e+003
0.354000 1.481190e+003
0.356000 1.481854e+003
0.358000 1.482496e+003
0.360000 1.483119e+003
0.362000 1.483721e+003
0.364000 1.484305e+003
0.366000 1.484870e+003
0.368000 1.485416e+003
0.370000 1.485945e+003
0.372000 1.486457e+003
0.374000 1.486952e+003
0.376000 1.487430e+003
0.378000 1.487893e+003
0.380000 1.488340e+003
0.382000 1.488772e+003
0.384000 1.489190e+003
0.386000 1.489594e+003
0.388000 1.489984e+003
0.390000 1.490360e+003
0.392000 1.490723e+003
0.394000 1.491074e+003
0.396000 1.491413e+003
0.398000 1.491739e+003
0.400000 1.492054e+003
0.402000 1.492358e+003
0.404000 1.492651e+003
0.406000 1.492934e+003
0.408000 1.493206e+003
0.410000 1.493468e+003
0.412000 1.493721e+003
0.414000 1.493964e+003
0.416000 1.494198e+003
0.418000 1.494423e+003
0.420000 1.494640e+003
0.422000 1.494848e+003
0.424000 1.495049e+003
0.426000 1.495241e+003
0.428000 1.495426e+003
0.430000 1.495604e+003
0.432000 1.495775e+003
0.434000 1.495938e+003
0.436000 1.496095e+003
0.438000 1.496246e+003
0.440000 1.496390e+003
0.442000 1.496528e+003
0.444000 1.496660e+003
0.446000 1.496786e+003
0.448000 1.496907e+003
0.450000 1.497022e+003
0.452000 1.497132e+003
0.454000 1.497237e+003
0.456000 1.497337e+003
0.458000 1.497432e+003
0.460000 1.497522e+003
0.462000 1.497608e+003
0.464000 1.497689e+003
0.466000 1.497766e+003
0.468000 1.497839e+003
0.470000 1.497907e+003
0.472000 1.497972e+003
0.474000 1.498032e+003
0.476000 1.498089e+003
0.478000 1.498142e+003
0.480000 1.498191e+003
0.482000 1.498237e+003
0.484000 1.498279e+003
0.486000 1.498317e+003
0.488000 1.498353e+003
0.490000 1.498384e+003
0.492000 1.498413e+003
0.494000 1.498438e+003
0.496000 1.498460e+003
0.498000 1.498479e+003
0.500000 1.498495e+003
0.502000 1.498508e+003
0.504000 1.498517e+003
0.506000 1.498524e+003
0.508000 1.498527e+003
0.510000 1.498527e+003
0.512000 1.498525e+003
0.514000 1.498519e+003
0.516000 1.498510e+003
0.518000 1.498499e+003
0.520000 1.498484e+003
0.522000 1.498466e+003
0.524000 1.498445e+003
0.526000 1.498421e+003
0.528000 1.498394e+003
0.530000 1.498364e+003
0.532000 1.498330e+003
0.534000 1.498294e+003
0.536000 1.498254e+003
0.538000 1.498210e+003
0.540000 1.498164e+003
0.542000 1.498114e+003
0.544000 1.498060e+003
0.546000 1.498003e+003
0.548000 1.497943e+003
0.550000 1.497878e+003
0.552000 1.497810e+003
0.554000 1.497738e+003
0.556000 1.497663e+003
0.558000 1.497583e+003
0.560000 1.497499e+003
0.562000 1.497411e+003
0.564000 1.497319e+003
0.566000 1.497222e+003
0.568000 1.497121e+003
0.570000 1.497015e+003
0.572000 1.496904e+003
0.574000 1.496788e+003
0.576000 1.496668e+003
0.578000 1.496542e+003
0.580000 1.496411e+003
0.582000 1.496275e+003
0.584000 1.496133e+003
0.586000 1.495985e+003
0.588000 1.495832e+003
0.590000 1.495672e+003
0.592000 1.495507e+003
0.594000 1.495335e+003
0.596000 1.495156e+003
0.598000 1.494971e+003
0.600000 1.494778e+003
0.602000 1.494579e+003
0.604000 1.494372e+003
0.606000 1.494158e+003
0.608000 1.493936e+003
0.610000 1.493706e+003
0.612000 1.493468e+003
0.614000 1.493222e+003
0.616000 1.492967e+003
0.618000 1.492703e+003
0.620000 1.492430e+003
0.622000 1.492148e+003
0.624000 1.491856e+003
0.626000 1.491554e+003
0.628000 1.491243e+003
0.630000 1.490920e+003
0.632000 1.490588e+003
0.634000 1.490244e+003
0.636000 1.489889e+003
0.638000 1.489523e+003
0.640000 1.489145e+003
0.642000 1.488755e+003
0.644000 1.488352e+003
0.646000 1.487937e+003
0.648000 1.487509e+003
0.650000 1.487067e+003
0.652000 1.486612e+003
0.654000 1.486143e+003
0.656000 1.485660e+003
0.658000 1.485161e+003
0.660000 1.484648e+003
0.662000 1.484120e+003
0.664000 1.483575e+003
0.666000 1.483015e+003
0.668000 1.482438e+003
0.670000 1.481844e+003
0.672000 1.481233e+003
0.674000 1.480604e+003
0.676000 1.479958e+003
0.678000 1.479293e+003
0.680000 1.478609e+003
0.682000 1.477905e+003
0.684000 1.477183e+003
0.686000 1.476440e+003
0.688000 1.475676e+003
0.690000 1.474892e+003
0.692000 1.474087e+003
0.694000 1.473259e+003
0.696000 1.472410e+003
0.698000 1.471538e+003
0.700000 1.470642e+003
0.702000 1.469724e+003
0.704000 1.468781e+003
0.706000 1.467813e+003
0.708000 1.466821e+003
0.710000 1.465804e+003
0.712000 1.464760e+003
0.714000 1.463690e+003
0.716000 1.462594e+003
0.718000 1.461470e+003
0.720000 1.460318e+003
0.722000 1.459139e+003
0.724000 1.457930e+003
0.726000 1.456693e+003
0.728000 1.455425e+003
0.730000 1.454128e+003
0.732000 1.452800e+003
0.734000 1.451440e+003
0.736000 1.450049e+003
0.738000 1.448626e+003
0.740000 1.447171e+003
0.742000 1.445682e+003
0.744000 1.444160e+003
0.746000 1.442604e+003
0.748000 1.441013e+003
0.750000 1.439387e+003
0.752000 1.437725e+003
0.754000 1.436028e+003
0.756000 1.434294e+003
0.758000 1.432524e+003
0.760000 1.430715e+003
0.762000 1.428869e+003
0.764000 1.426985e+003
0.766000 1.425062e+003
0.768000 1.423099e+003
0.770000 1.421097e+003
0.772000 1.419055e+003
0.774000 1.416972e+003
0.776000 1.414848e+003
0.778000 1.412682e+003
0.780000 1.410475e+003
0.782000 1.408225e+003
0.784000 1.405932e+003
0.786000 1.403597e+003
0.788000 1.401217e+003
0.790000 1.398794e+003
0.792000 1.396326e+003
0.794000 1.393814e+003
0.796000 1.391257e+003
0.798000 1.388654e+003
0.800000 1.386006e+003
0.802000 1.383311e+003
0.804000 1.380570e+003
0.806000 1.377782e+003
0.808000 1.374947e+003
0.810000 1.372065e+003
0.812000 1.369135e+003
0.814000 1.366157e+003
0.816000 1.363131e+003
0.818000 1.360056e+003
0.820000 1.356933e+003
0.822000 1.353761e+003
0.824000 1.350540e+003
0.826000 1.347270e+003
0.828000 1.343950e+003
0.830000 1.340580e+003
0.832000 1.337161e+003
0.834000 1.333692e+003
0.836000 1.330173e+003
0.838000 1.326604e+003
0.840000 1.322985e+003
0.842000 1.319315e+003
0.844000 1.315595e+003
0.846000 1.311825e+003
0.848000 1.308004e+003
0.850000 1.304133e+003
0.852000 1.300212e+003
0.854000 1.296240e+003
0.856000 1.292218e+003
0.858000 1.288146e+003
0.860000 1.284023e+003
0.862000 1.279851e+003
0.864000 1.275629e+003
0.866000 1.271357e+003
0.868000 1.267035e+003
0.870000 1.262664e+003
0.872000 1.258244e+003
0.874000 1.253775e+003
0.876000 1.249258e+003
0.878000 1.244691e+003
0.880000 1.240077e+003
0.882000 1.235415e+003
0.884000 1.230705e+003
0.886000 1.225948e+003
0.888000 1.221144e+003
0.890000 1.216294e+003
0.892000 1.211397e+003
0.894000 1.206455e+003
0.896000 1.201468e+003
0.898000 1.196436e+003
0.900000 1.191359e+003
0.902000 1.186239e+003
0.904000 1.181076e+003
0.906000 1.175870e+003
0.908000 1.170621e+003
0.910000 1.165332e+003
0.912000 1.160001e+003
0.914000 1.154629e+003
0.916000 1.149218e+003
0.918000 1.143768e+003
0.920000 1.138280e+003
0.922000 1.132753e+003
0.924000 1.127190e+003
0.926000 1.121591e+003
0.928000 1.115955e+003
0.930000 1.110285e+003
0.932000 1.104581e+003
0.934000 1.098844e+003
0.936000 1.093074e+003
0.938000 1.087273e+003
0.940000 1.081441e+003
0.942000 1.075579e+003
0.944000 1.069688e+003
0.946000 1.063769e+003
0.948000 1.057822e+003
0.950000 1.051849e+003
0.952000 1.045851e+003
0.954000 1.039828e+003
0.956000 1.033782e+003
0.958000 1.027713e+003
0.960000 1.021622e+003
0.962000 1.015511e+003
0.964000 1.009380e+003
0.966000 1.003230e+003
0.968000 9.970632e+002
0.970000 9.908795e+002
0.972000 9.846801e+002
0.974000 9.784663e+002
0.976000 9.722389e+002
0.978000 9.659991e+002
0.980000 9.597480e+002
0.982000 9.534865e+002
0.984000 9.472158e+002
0.986000 9.409369e+002
0.988000 9.346509e+002
0.990000 9.283589e+002
0.992000 9.220620e+002
0.994000 9.157613e+002
0.996000 9.094579e+002
0.998000 9.031528e+002
1.000000 8.968472e+002
1.002000 8.905421e+002
1.004000 8.842387e+002
1.006000 8.779380e+002
1.008000 8.716411e+002
1.010000 8.653491e+002
1.012000 8.590631e+002
1.014000 8.527842e+002
1.016000 8.465135e+002
1.018000 8.402520e+002
1.020000 8.340009e+002
1.022000 8.277611e+002
1.024000 8.215337e+002
1.026000 8.153198e+002
1.028000 8.091205e+002
1.030000 8.029368e+002
1.032000 7.967696e+002
1.034000 7.906201e+002
1.036000 7.844892e+002
1.038000 7.783779e+002
1.040000 7.722873e+002
1.042000 7.662184e+002
1.044000 7.601720e+002
1.046000 7.541491e+002
1.048000 7.481508e+002
1.050000 7.421779e+002
1.052000 7.362314e+002
1.054000 7.303121e+002
1.056000 7.244211e+002
1.058000 7.185590e+002
1.060000 7.127269e+002
1.062000 7.069256e+002
1.064000 7.011559e+002
1.066000 6.954186e+002
1.068000 6.897146e+002
1.070000 6.840446e+002
1.072000 6.784094e+002
1.074000 6.728098e+002
1.076000 6.672465e+002
1.078000 6.617202e+002
1.080000 6.562317e+002
1.082000 6.507816e+002
1.084000 6.453706e+002
1.086000 6.399994e+002
1.088000 6.346685e+002
1.090000 6.293786e+002
1.092000 6.241303e+002
1.094000 6.189242e+002
1.096000 6.137608e+002
1.098000 6.086407e+002
1.100000 6.035643e+002
1.102000 5.985322e+002
1.104000 5.935449e+002
1.106000 5.886028e+002
1.108000 5.837063e+002
1.110000 5.788560e+002
1.112000 5.740521e+002
1.114000 5.692950e+002
1.116000 5.645852e+002
1.118000 5.599230e+002
1.120000 5.553086e+002
1.122000 5.507424e+002
1.124000 5.462246e+002
1.126000 5.417556e+002
1.128000 5.373355e+002
1.130000 5.329646e+002
1.132000 5.286431e+002
1.134000 5.243712e+002
1.136000 5.201490e+002
1.138000 5.159767e+002
1.140000 5.118544e+002
1.142000 5.077822e+002
1.144000 5.037602e+002
1.146000 4.997884e+002
1.148000 4.958670e+002
1.150000 4.919960e+002
1.152000 4.881753e+002
1.154000 4.844050e+002
1.156000 4.806850e+002
1.158000 4.770154e+002
1.160000 4.733960e+002
1.162000 4.698268e+002
1.164000 4.663078e+002
1.166000 4.628387e+002
1.168000 4.594195e+002
1.170000 4.560501e+002
1.172000 4.527303e+002
1.174000 4.494600e+002
1.176000 4.462389e+002
1.178000 4.430669e+002
1.180000 4.399438e+002
1.182000 4.368693e+002
1.184000 4.338432e+002
1.186000 4.308653e+002
1.188000 4.279354e+002
1.190000 4.250530e+002
1.192000 4.222181e+002
1.194000 4.194302e+002
1.196000 4.166890e+002
1.198000 4.139944e+002
1.200000 4.113458e+002
1.202000 4.087430e+002
1.204000 4.061856e+002
1.206000 4.036734e+002
1.208000 4.012058e+002
1.210000 3.987825e+002
1.212000 3.964033e+002
1.214000 3.940675e+002
1.216000 3.917750e+002
1.218000 3.895251e+002
1.220000 3.873177e+002
1.222000 3.851521e+002
1.224000 3.830280e+002
1.226000 3.809450e+002
1.228000 3.789026e+002
1.230000 3.769004e+002
1.232000 3.749379e+002
1.234000 3.730146e+002
1.236000 3.711302e+002
1.238000 3.692841e+002
1.240000 3.674759e+002
1.242000 3.657051e+002
1.244000 3.639713e+002
1.246000 3.622739e+002
1.248000 3.606125e+002
1.250000 3.589866e+002
1.252000 3.573957e+002
1.254000 3.558394e+002
1.256000 3.543171e+002
1.258000 3.528283e+002
1.260000 3.513727e+002
1.262000 3.499496e+002
1.264000 3.485586e+002
1.266000 3.471993e+002
1.268000 3.458711e+002
1.270000 3.445735e+002
1.272000 3.433060e+002
1.274000 3.420683e+002
1.276000 3.408597e+002
1.278000 3.396798e+002
1.280000 3.385281e+002
1.282000 3.374041e+002
1.284000 3.363074e+002
1.286000 3.352375e+002
1.288000 3.341939e+002
1.290000 3.331762e+002
1.292000 3.321838e+002
1.294000 3.312163e+002
1.296000 3.302733e+002
1.298000 3.293542e+002
1.300000 3.284587e+002
1.302000 3.275863e+002
1.304000 3.267365e+002
1.306000 3.259089e+002
1.308000 3.251031e+002
1.310000 3.243185e+002
1.312000 3.235549e+002
1.314000 3.228117e+002
1.316000 3.220885e+002
1.318000 3.213850e+002
1.320000 3.207006e+002
1.322000 3.200351e+002
1.324000 3.193880e+002
1.326000 3.187588e+002
1.328000 3.181472e+002
1.330000 3.175529e+002
1.332000 3.169754e+002
1.334000 3.164143e+002
1.336000 3.158693e+002
1.338000 3.153400e+002
1.340000 3.148260e+002
1.342000 3.143271e+002
1.344000 3.138427e+002
1.346000 3.133726e+002
1.348000 3.129165e+002
1.350000 3.124740e+002
1.352000 3.120448e+002
1.354000 3.116285e+002
1.356000 3.112248e+002
1.358000 3.108334e+002
1.360000 3.104541e+002
1.362000 3.100864e+002
1.364000 3.097301e+002
1.366000 3.093850e+002
1.368000 3.090506e+002
1.370000 3.087268e+002
1.372000 3.084133e+002
1.374000 3.081097e+002
1.376000 3.078159e+002
1.378000 3.075315e+002
1.380000 3.072563e+002
1.382000 3.069901e+002
1.384000 3.067325e+002
1.386000 3.064835e+002
1.388000 3.062426e+002
1.390000 3.060098e+002
1.392000 3.057847e+002
1.394000 3.055671e+002
1.396000 3.053569e+002
1.398000 3.051538e+002
1.400000 3.049576e+002
1.402000 3.047681e+002
1.404000 3.045852e+002
1.406000 3.044085e+002
1.408000 3.042380e+002
1.410000 3.040734e+002
1.412000 3.039146e+002
1.414000 3.037614e+002
1.416000 3.036136e+002
1.418000 3.034711e+002
1.420000 3.033336e+002
1.422000 3.032011e+002
1.424000 3.030733e+002
1.426000 3.029502e+002
1.428000 3.028316e+002
1.430000 3.027173e+002
1.432000 3.026071e+002
1.434000 3.025011e+002
1.436000 3.023990e+002
1.438000 3.023006e+002
1.440000 3.022060e+002
1.442000 3.021149e+002
1.444000 3.020272e+002
1.446000 3.019429e+002
1.448000 3.018618e+002
1.450000 3.017837e+002
1.452000 3.017087e+002
1.454000 3.016365e+002
1.456000 3.015672e+002
1.458000 3.015005e+002
1.460000 3.014365e+002
1.462000 3.013749e+002
1.464000 3.013158e+002
1.466000 3.012590e+002
1.468000 3.012045e+002
1.470000 3.011522e+002
1.472000 3.011019e+002
1.474000 3.010537e+002
1.476000 3.010074e+002
1.478000 3.009630e+002
1.480000 3.009204e+002
1.482000 3.008795e+002
1.484000 3.008404e+002
1.486000 3.008028e+002
1.488000 3.007668e+002
1.490000 3.007323e+002
1.492000 3.006992e+002
1.494000 3.006675e+002
1.496000 3.006372e+002
1.498000 3.006081e+002
1.500000 3.005802e+002
1.502000 3.005536e+002
1.504000 3.005281e+002
1.506000 3.005036e+002
1.508000 3.004803e+002
1.510000 3.004579e+002
1.512000 3.004365e+002
1.514000 3.004160e+002
1.516000 3.003965e+002
1.518000 3.003778e+002
1.520000 3.003599e+002
1.522000 3.003428e+002
1.524000 3.003264e+002
1.526000 3.003108e+002
1.528000 3.002959e+002
1.530000 3.002817e+002
1.532000 3.002681e+002
1.534000 3.002551e+002
1.536000 3.002427e+002
1.538000 3.002309e+002
1.540000 3.002196e+002
1.542000 3.002088e+002
1.544000 3.001985e+002
1.546000 3.001887e+002
1.548000 3.001794e+002
1.550000 3.001705e+002
1.552000 3.001620e+002
1.554000 3.001539e+002
1.556000 3.001462e+002
1.558000 3.001388e+002
1.560000 3.001318e+002
1.562000 3.001251e+002
1.564000 3.001188e+002
1.566000 3.001127e+002
1.568000 3.001070e+002
1.570000 3.001015e+002
1.572000 3.000963e+002
1.574000 3.000913e+002
1.576000 3.000866e+002
1.578000 3.000821e+002
1.580000 3.000778e+002
1.582000 3.000738e+002
1.584000 3.000699e+002
1.586000 3.000662e+002
1.588000 3.000627e+002
1.590000 3.000594e+002
1.592000 3.000563e+002
1.594000 3.000533e+002
1.596000 3.000504e+002
1.598000 3.000477e+002
1.600000 3.000452e+002
1.602000 3.000428e+002
1.604000 3.000405e+002
1.606000 3.000383e+002
1.608000 3.000362e+002
1.610000 3.000342e+002
1.612000 3.000324e+002
1.614000 3.000306e+002
1.616000 3.000289e+002
1.618000 3.000273e+002
1.620000 3.000258e+002
1.622000 3.000244e+002
1.624000 3.000230e+002
1.626000 3.000217e+002
1.628000 3.000205e+002
1.630000 3.000194e+002
1.632000 3.000183e+002
1.634000 3.000173e+002
1.636000 3.000163e+002
1.638000 3.000154e+002
1.640000 3.000145e+002
1.642000 3.000137e+002
1.644000 3.000129e+002
1.646000 3.000122e+002
1.648000 3.000115e+002
1.650000 3.000108e+002
1.652000 3.000102e+002
1.654000 3.000096e+002
1.656000 3.000090e+002
1.658000 3.000085e+002
1.660000 3.000080e+002
1.662000 3.000075e+002
1.664000 3.000071e+002
1.666000 3.000067e+002
1.668000 3.000063e+002
1.670000 3.000059e+002
1.672000 3.000056e+002
1.674000 3.000052e+002
1.676000 3.000049e+002
1.678000 3.000046e+002
1.680000 3.000044e+002
1.682000 3.000041e+002
1.684000 3.000038e+002
1.686000 3.000036e+002
1.688000 3.000034e+002
1.690000 3.000032e+002
1.692000 3.000030e+002
1.694000 3.000028e+002
1.696000 3.000026e+002
1.698000 3.000025e+002
1.700000 3.000023e+002
1.702000 3.000022e+002
1.704000 3.000020e+002
1.706000 3.000019e+002
1.708000 3.000018e+002
1.710000 3.000017e+002
1.712000 3.000016e+002
1.714000 3.000015e+002
1.716000 3.000014e+002
1.718000 3.000013e+002
1.720000 3.000012e+002
1.722000 3.000011e+002
1.724000 3.000011e+002
1.726000 3.000010e+002
1.728000 3.000009e+002
1.730000 3.000009e+002
1.732000 3.000008e+002
1.734000 3.000008e+002
1.736000 3.000007e+002
1.738000 3.000007e+002
1.740000 3.000006e+002
1.742000 3.000006e+002
1.744000 3.000006e+002
1.746000 3.000005e+002
1.748000 3.000005e+002
1.750000 3.000005e+002
1.752000 3.000004e+002
1.754000 3.000004e+002
1.756000 3.000004e+002
1.758000 3.000003e+002
1.760000 3.000003e+002
1.762000 3.000003e+002
1.764000 3.000003e+002
1.766000 3.000003e+002
1.768000 3.000002e+002
1.770000 3.000002e+002
1.772000 3.000002e+002
1.774000 3.000002e+002
1.776000 3.000002e+002
1.778000 3.000002e+002
1.780000 3.000002e+002
1.782000 3.000001e+002
1.784000 3.000001e+002
1.786000 3.000001e+002
1.788000 3.000001e+002
1.790000 3.000001e+002
1.792000 3.000001e+002
1.794000 3.000001e+002
1.796000 3.000001e+002
1.798000 3.000001e+002
1.800000 3.000001e+002
1.802000 3.000001e+002
1.804000 3.000001e+002
1.806000 3.000001e+002
1.808000 3.000001e+002
1.810000 3.000001e+002
1.812000 3.000001e+002
1.814000 3.000000e+002
1.816000 3.000000e+002
1.818000 3.000000e+002
1.820000 3.000000e+002
1.822000 3.000000e+002
1.824000 3.000000e+002
1.826000 3.000000e+002
1.828000 3.000000e+002
1.830000 3.000000e+002
1.832000 3.000000e+002
1.834000 3.000000e+002
1.836000 3.000000e+002
1.838000 3.000000e+002
1.840000 3.000000e+002
1.842000 3.000000e+002
1.844000 3.000000e+002
1.846000 3.000000e+002
1.848000 3.000000e+002
1.850000 3.000000e+002
1.852000 3.000000e+002
1.854000 3.000000e+002
1.856000 3.000000e+002
1.858000 3.000000e+002
1.860000 3.000000e+002
1.862000 3.000000e+002
1.864000 3.000000e+002
1.866000 3.000000e+002
1.868000 3.000000e+002
1.870000 3.000000e+002
1.872000 3.000000e+002
1.874000 3.000000e+002
1.876000 3.000000e+002
1.878000 3.000000e+002
1.880000 3.000000e+002
1.882000 3.000000e+002
1.884000 3.000000e+002
1.886000 3.000000e+002
1.888000 3.000000e+002
1.890000 3.000000e+002
1.892000 3.000000e+002
1.894000 3.000000e+002
1.896000 3.000000e+002
1.898000 3.000000e+002
1.900000 3.000000e+002
1.902000 3.000000e+002
1.904000 3.000000e+002
1.906000 3.000000e+002
1.908000 3.000000e+002
1.910000 3.000000e+002
1.912000 3.000000e+002
1.914000 3.000000e+002
1.916000 3.000000e+002
1.918000 3.000000e+002
1.920000 3.000000e+002
1.922000 3.000000e+002
1.924000 3.000000e+002
1.926000 3.000000e+002
1.928000 3.000000e+002
1.930000 3.000000e+002
1.932000 3.000000e+002
1.934000 3.000000e+002
1.936000 3.000000e+002
1.938000 3.000000e+002
1.940000 3.000000e+002
1.942000 3.000000e+002
1.944000 3.000000e+002
1.946000 3.000000e+002
1.948000 3.000000e+002
1.950000 3.000000e+002
1.952000 3.000000e+002
1.954000 3.000000e+002
1.956000 3.000000e+002
1.958000 3.000000e+002
1.960000 3.000000e+002
1.962000 3.000000e+002
1.964000 3.000000e+002
1.966000 3.000000e+002
1.968000 3.000000e+002
1.970000 3.000000e+002
1.972000 3.000000e+002
1.974000 3.000000e+002
1.976000 3.000000e+002
1.978000 3.000000e+002
1.980000 3.000000e+002
1.982000 3.000000e+002
1.984000 3.000000e+002
1.986000 3.000000e+002
1.988000 3.000000e+002
1.990000 3.000000e+002
1.992000 3.000000e+002
1.994000 3.000000e+002
1.996000 3.000000e+002
1.998000 3.000000e+002
2.000000 3.000000e+002
2.002000 3.000000e+002
2.004000 3.000000e+002
2.006000 3.000000e+002
2.008000 3.000000e+002
2.010000 3.000000e+002
2.012000 3.000000e+002
2.014000 3.000000e+002
2.016000 3.000000e+002
2.018000 3.000000e+002
2.020000 3.000000e+002
2.022000 3.000000e+002
2.024000 3.000000e+002
2.026000 3.000000e+002
2.028000 3.000000e+002
2.030000 3.000000e+002
2.032000 3.000000e+002
2.034000 3.000000e+002
2.036000 3.000000e+002
2.038000 3.000000e+002
2.040000 3.000000e+002
2.042000 3.000000e+002
2.044000 3.000000e+002
2.046000 3.000000e+002
2.048000 3.000000e+002
2.050000 3.000000e+002
2.052000 3.000000e+002
2.054000 3.000000e+002
2.056000 3.000000e+002
2.058000 3.000000e+002
2.060000 3.000000e+002
2.062000 3.000000e+002
2.064000 3.000000e+002
2.066000 3.000000e+002
2.068000 3.000000e+002
2.070000 3.000000e+002
2.072000 3.000000e+002
2.074000 3.000000e+002
2.076000 3.000000e+002
2.078000 3.000000e+002
2.080000 3.000000e+002
2.082000 3.000000e+002
2.084000 3.000000e+002
2.086000 3.000000e+002
2.088000 3.000000e+002
2.090000 3.000000e+002
2.092000 3.000000e+002
2.094000 3.000000e+002
2.096000 3.000000e+002
2.098000 3.000000e+002
2.100000 3.000000e+002
2.102000 3.000000e+002
2.104000 3.000000e+002
2.106000 3.000000e+002
2.108000 3.000000e+002
2.110000 3.000000e+002
2.112000 3.000000e+002
2.114000 3.000000e+002
2.116000 3.000000e+002
2.118000 3.000000e+002
2.120000 3.000000e+002
2.122000 3.000000e+002
2.124000 3.000000e+002
2.126000 3.000000e+002
2.128000 3.000000e+002
2.130000 3.000000e+002
2.132000 3.000000e+002
2.134000 3.000000e+002
2.136000 3.000000e+002
2.138000 3.000000e+002
2.140000 3.000000e+002
2.142000 3.000000e+002
2.144000 3.000000e+002
2.146000 3.000000e+002
2.148000 3.000000e+002
2.150000 3.000000e+002
2.152000 3.000000e+002
2.154000 3.000000e+002
2.156000 3.000000e+002
2.158000 3.000000e+002
2.160000 3.000000e+002
2.162000 3.000000e+002
2.164000 3.000000e+002
2.166000 3.000000e+002
2.168000 3.000000e+002
2.170000 3.000000e+002
2.172000 3.000000e+002
2.174000 3.000000e+002
2.176000 3.000000e+002
2.178000 3.000000e+002
2.180000 3.000000e+002
2.182000 3.000000e+002
2.184000 3.000000e+002
2.186000 3.000000e+002
2.188000 3.000000e+002
2.190000 3.000000e+002
2.192000 3.000000e+002
2.194000 3.000000e+002
2.196000 3.000000e+002
2.198000 3.000000e+002
2.200000 3.000000e+002
2.202000 3.000000e+002
2.204000 3.000000e+002
2.206000 3.000000e+002
2.208000 3.000000e+002
2.210000 3.000000e+002
2.212000 3.000000e+002
2.214000 3.000000e+002
2.216000 3.000000e+002
2.218000 3.000000e+002
2.220000 3.000000e+002
2.222000 3.000000e+002
2.224000 3.000000e+002
2.226000 3.000000e+002
2.228000 3.000000e+002
2.230000 3.000000e+002
2.232000 3.000000e+002
2.234000 3.000000e+002
2.236000 3.000000e+002
2.238000 3.000000e+002
2.240000 3.000000e+002
2.242000 3.000000e+002
2.244000 3.000000e+002
2.246000 3.000000e+002
2.248000 3.000000e+002
2.250000 3.000000e+002
2.252000 3.000000e+002
2.254000 3.000000e+002
2.256000 3.000000e+002
2.258000 3.000000e+002
2.260000 3.000000e+002
2.262000 3.000000e+002
2.264000 3.000000e+002
2.266000 3.000000e+002
2.268000 3.000000e+002
2.270000 3.000000e+002
2.272000 3.000000e+002
2.274000 3.000000e+002
2.276000 3.000000e+002
2.278000 3.000000e+002
2.280000 3.000000e+002
2.282000 3.000000e+002
2.284000 3.000000e+002
2.286000 3.000000e+002
2.288000 3.000000e+002
2.290000 3.000000e+002
2.292000 3.000000e+002
2.294000 3.000000e+002
2.296000 3.000000e+002
2.298000 3.000000e+002
2.300000 3.000000e+002
2.302000 3.000000e+002
2.304000 3.000000e+002
2.306000 3.000000e+002
2.308000 3.000000e+002
2.310000 3.000000e+002
2.312000 3.000000e+002
2.314000 3.000000e+002
2.316000 3.000000e+002
2.318000 3.000000e+002
2.320000 3.000000e+002
2.322000 3.000000e+002
2.324000 3.000000e+002
2.326000 3.000000e+002
2.328000 3.000000e+002
2.330000 3.000000e+002
2.332000 3.000000e+002
2.334000 3.000000e+002
2.336000 3.000000e+002
2.338000 3.000000e+002
2.340000 3.000000e+002
2.342000 3.000000e+002
2.344000 3.000000e+002
2.346000 3.000000e+002
2.348000 3.000000e+002
2.350000 3.000000e+002
2.352000 3.000000e+002
2.354000 3.000000e+002
2.356000 3.000000e+002
2.358000 3.000000e+002
2.360000 3.000000e+002
2.362000 3.000000e+002
2.364000 3.000000e+002
2.366000 3.000000e+002
2.368000 3.000000e+002
2.370000 3.000000e+002
2.372000 3.000000e+002
2.374000 3.000000e+002
2.376000 3.000000e+002
2.378000 3.000000e+002
2.380000 3.000000e+002
2.382000 3.000000e+002
2.384000 3.000000e+002
2.386000 3.000000e+002
2.388000 3.000000e+002
2.390000 3.000000e+002
2.392000 3.000000e+002
2.394000 3.000000e+002
2.396000 3.000000e+002
2.398000 3.000000e+002
2.400000 3.000000e+002
2.402000 3.000000e+002
2.404000 3.000000e+002
2.406000 3.000000e+002
2.408000 3.000000e+002
2.410000 3.000000e+002
2.412000 3.000000e+002
2.414000 3.000000e+002
2.416000 3.000000e+002
2.418000 3.000000e+002
2.420000 3.000000e+002
2.422000 3.000000e+002
2.424000 3.000000e+002
2.426000 3.000000e+002
2.428000 3.000000e+002
2.430000 3.000000e+002
2.432000 3.000000e+002
2.434000 3.000000e+002
2.436000 3.000000e+002
2.438000 3.000000e+002
2.440000 3.000000e+002
2.442000 3.000000e+002
2.444000 3.000000e+002
2.446000 3.000000e+002
2.448000 3.000000e+002
2.450000 3.000000e+002
2.452000 3.000000e+002
2.454000 3.000000e+002
2.456000 3.000000e+002
2.458000 3.000000e+002
2.460000 3.000000e+002
2.462000 3.000000e+002
2.464000 3.000000e+002
2.466000 3.000000e+002
2.468000 3.000000e+002
2.470000 3.000000e+002
2.472000 3.000000e+002
2.474000 3.000000e+002
2.476000 3.000000e+002
2.478000 3.000000e+002
2.480000 3.000000e+002
2.482000 3.000000e+002
2.484000 3.000000e+002
2.486000 3.000000e+002
2.488000 3.000000e+002
2.490000 3.000000e+002
2.492000 3.000000e+002
2.494000 3.000000e+002
2.496000 3.000000e+002
2.498000 3.000000e+002
2.500000 3.000000e+002
2.502000 3.000000e+002
2.504000 3.000000e+002
2.506000 3.000000e+002
2.508000 3.000000e+002
2.510000 3.000000e+002
2.512000 3.000000e+002
2.514000 3.000000e+002
2.516000 3.000000e+002
2.518000 3.000000e+002
2.520000 3.000000e+002
2.522000 3.000000e+002
2.524000 3.000000e+002
2.526000 3.000000e+002
2.528000 3.000000e+002
2.530000 3.000000e+002
2.532000 3.000000e+002
2.534000 3.000000e+002
2.536000 3.000000e+002
2.538000 3.000000e+002
2.540000 3.000000e+002
2.542000 3.000000e+002
2.544000 3.000000e+002
2.546000 3.000000e+002
2.548000 3.000000e+002
2.550000 3.000000e+002
2.552000 3.000000e+002
2.554000 3.000000e+002
2.556000 3.000000e+002
2.558000 3.000000e+002
2.560000 3.000000e+002
2.562000 3.000000e+002
2.564000 3.000000e+002
2.566000 3.000000e+002
2.568000 3.000000e+002
2.570000 3.000000e+002
2.572000 3.000000e+002
2.574000 3.000000e+002
2.576000 3.000000e+002
2.578000 3.000000e+002
2.580000 3.000000e+002
2.582000 3.000000e+002
2.584000 3.000000e+002
2.586000 3.000000e+002
2.588000 3.000000e+002
2.590000 3.000000e+002
2.592000 3.000000e+002
2.594000 3.000000e+002
2.596000 3.000000e+002
2.598000 3.000000e+002
2.600000 3.000000e+002
2.602000 3.000000e+002
2.604000 3.000000e+002
2.606000 3.000000e+002
2.608000 3.000000e+002
2.610000 3.000000e+002
2.612000 3.000000e+002
2.614000 3.000000e+002
2.616000 3.000000e+002
2.618000 3.000000e+002
2.620000 3.000000e+002
2.622000 3.000000e+002
2.624000 3.000000e+002
2.626000 3.000000e+002
2.628000 3.000000e+002
2.630000 3.000000e+002
2.632000 3.000000e+002
2.634000 3.000000e+002
2.636000 3.000000e+002
2.638000 3.000000e+002
2.640000 3.000000e+002
2.642000 3.000000e+002
2.644000 3.000000e+002
2.646000 3.000000e+002
2.648000 3.000000e+002
2.650000 3.000000e+002
2.652000 3.000000e+002
2.654000 3.000000e+002
2.656000 3.000000e+002
2.658000 3.000000e+002
2.660000 3.000000e+002
2.662000 3.000000e+002
2.664000 3.000000e+002
2.666000 3.000000e+002
2.668000 3.000000e+002
2.670000 3.000000e+002
2.672000 3.000000e+002
2.674000 3.000000e+002
2.676000 3.000000e+002
2.678000 3.000000e+002
2.680000 3.000000e+002
2.682000 3.000000e+002
2.684000 3.000000e+002
2.686000 3.000000e+002
2.688000 3.000000e+002
2.690000 3.000000e+002
2.692000 3.000000e+002
2.694000 3.000000e+002
2.696000 3.000000e+002
2.698000 3.000000e+002
2.700000 3.000000e+002
2.702000 3.000000e+002
2.704000 3.000000e+002
2.706000 3.000000e+002
2.708000 3.000000e+002
2.710000 3.000000e+002
2.712000 3.000000e+002
2.714000 3.000000e+002
2.716000 3.000000e+002
2.718000 3.000000e+002
2.720000 3.000000e+002
2.722000 3.000000e+002
2.724000 3.000000e+002
2.726000 3.000000e+002
2.728000 3.000000e+002
2.730000 3.000000e+002
2.732000 3.000000e+002
2.734000 3.000000e+002
2.736000 3.000000e+002
2.738000 3.000000e+002
2.740000 3.000000e+002
2.742000 3.000000e+002
2.744000 3.000000e+002
2.746000 3.000000e+002
2.748000 3.000000e+002
2.750000 3.000000e+002
2.752000 3.000000e+002
2.754000 3.000000e+002
2.756000 3.000000e+002
2.758000 3.000000e+002
2.760000 3.000000e+002
2.762000 3.000000e+002
2.764000 3.000000e+002
2.766000 3.000000e+002
2.768000 3.000000e+002
2.770000 3.000000e+002
2.772000 3.000000e+002
2.774000 3.000000e+002
2.776000 3.000000e+002
2.778000 3.000000e+002
2.780000 3.000000e+002
2.782000 3.000000e+002
2.784000 3.000000e+002
2.786000 3.000000e+002
2.788000 3.000000e+002
2.790000 3.000000e+002
2.792000 3.000000e+002
2.794000 3.000000e+002
2.796000 3.000000e+002
2.798000 3.000000e+002
2.800000 3.000000e+002
2.802000 3.000000e+002
2.804000 3.000000e+002
2.806000 3.000000e+002
2.808000 3.000000e+002
2.810000 3.000000e+002
2.812000 3.000000e+002
2.814000 3.000000e+002
2.816000 3.000000e+002
2.818000 3.000000e+002
2.820000 3.000000e+002
2.822000 3.000000e+002
2.824000 3.000000e+002
2.826000 3.000000e+002
2.828000 3.000000e+002
2.830000 3.000000e+002
2.832000 3.000000e+002
2.834000 3.000000e+002
2.836000 3.000000e+002
2.838000 3.000000e+002
2.840000 3.000000e+002
2.842000 3.000000e+002
2.844000 3.000000e+002
2.846000 3.000000e+002
2.848000 3.000000e+002
2.850000 3.000000e+002
2.852000 3.000000e+002
2.854000 3.000000e+002
2.856000 3.000000e+002
2.858000 3.000000e+002
2.860000 3.000000e+002
2.862000 3.000000e+002
2.864000 3.000000e+002
2.866000 3.000000e+002
2.868000 3.000000e+002
2.870000 3.000000e+002
2.872000 3.000000e+002
2.874000 3.000000e+002
2.876000 3.000000e+002
2.878000 3.000000e+002
2.880000 3.000000e+002
2.882000 3.000000e+002
2.884000 3.000000e+002
2.886000 3.000000e+002
2.888000 3.000000e+002
2.890000 3.000000e+002
2.892000 3.000000e+002
2.894000 3.000000e+002
2.896000 3.000000e+002
2.898000 3.000000e+002
2.900000 3.000000e+002
2.902000 3.000000e+002
2.904000 3.000000e+002
2.906000 3.000000e+002
2.908000 3.000000e+002
2.910000 3.000000e+002
2.912000 3.000000e+002
2.914000 3.000000e+002
2.916000 3.000000e+002
2.918000 3.000000e+002
2.920000 3.000000e+002
2.922000 3.000000e+002
2.924000 3.000000e+002
2.926000 3.000000e+002
2.928000 3.000000e+002
2.930000 3.000000e+002
2.932000 3.000000e+002
2.934000 3.000000e+002
2.936000 3.000000e+002
2.938000 3.000000e+002
2.940000 3.000000e+002
2.942000 3.000000e+002
2.944000 3.000000e+002
2.946000 3.000000e+002
2.948000 3.000000e+002
2.950000 3.000000e+002
2.952000 3.000000e+002
2.954000 3.000000e+002
2.956000 3.000000e+002
2.958000 3.000000e+002
2.960000 3.000000e+002
2.962000 3.000000e+002
2.964000 3.000000e+002
2.966000 3.000000e+002
2.968000 3.000000e+002
2.970000 3.000000e+002
2.972000 3.000000e+002
2.974000 3.000000e+002
2.976000 3.000000e+002
2.978000 3.000000e+002
2.980000 3.000000e+002
2.982000 3.000000e+002
2.984000 3.000000e+002
2.986000 3.000000e+002
2.988000 3.000000e+002
2.990000 3.000000e+002
2.992000 3.000000e+002
2.994000 3.000000e+002
2.996000 3.000000e+002
2.998000 3.000000e+002
3.000000 3.000000e+002
3.002000 3.000000e+002
3.004000 3.000000e+002
3.006000 3.000000e+002
3.008000 3.000000e+002
3.010000 3.000000e+002
3.012000 3.000000e+002
3.014000 3.000000e+002
3.016000 3.000000e+002
3.018000 3.000000e+002
3.020000 3.000000e+002
3.022000 3.000000e+002
3.024000 3.000000e+002
3.026000 3.000000e+002
3.028000 3.000000e+002
3.030000 3.000000e+002
3.032000 3.000000e+002
3.034000 3.000000e+002
3.036000 3.000000e+002
3.038000 3.000000e+002
3.040000 3.000000e+002
3.042000 3.000000e+002
3.044000 3.000000e+002
3.046000 3.000000e+002
3.048000 3.000000e+002
3.050000 3.000000e+002
3.052000 3.000000e+002
3.054000 3.000000e+002
3.056000 3.000000e+002
3.058000 3.000000e+002
3.060000 3.000000e+002
3.062000 3.000000e+002
3.064000 3.000000e+002
3.066000 3.000000e+002
3.068000 3.000000e+002
3.070000 3.000000e+002
3.072000 3.000000e+002
3.074000 3.000000e+002
3.076000 3.000000e+002
3.078000 3.000000e+002
3.080000 3.000000e+002
3.082000 3.000000e+002
3.084000 3.000000e+002
3.086000 3.000000e+002
3.088000 3.000000e+002
3.090000 3.000000e+002
3.092000 3.000000e+002
3.094000 3.000000e+002
3.096000 3.000000e+002
3.098000 3.000000e+002
3.100000 3.000000e+002
3.102000 3.000000e+002
3.104000 3.000000e+002
3.106000 3.000000e+002
3.108000 3.000000e+002
3.110000 3.000000e+002
3.112000 3.000000e+002
3.114000 3.000000e+002
3.116000 3.000000e+002
3.118000 3.000000e+002
3.120000 3.000000e+002
3.122000 3.000000e+002
3.124000 3.000000e+002
3.126000 3.000000e+002
3.128000 3.000000e+002
3.130000 3.000000e+002
3.132000 3.000000e+002
3.134000 3.000000e+002
3.136000 3.000000e+002
3.138000 3.000000e+002
3.140000 3.000000e+002
3.142000 3.000000e+002
3.144000 3.000000e+002
3.146000 3.000000e+002
3.148000 3.000000e+002
3.150000 3.000000e+002
3.152000 3.000000e+002
3.154000 3.000000e+002
3.156000 3.000000e+002
3.158000 3.000000e+002
3.160000 3.000000e+002
3.162000 3.000000e+002
3.164000 3.000000e+002
3.166000 3.000000e+002
3.168000 3.000000e+002
3.170000 3.000000e+002
3.172000 3.000000e+002
3.174000 3.000000e+002
3.176000 3.000000e+002
3.178000 3.000000e+002
3.180000 3.000000e+002
3.182000 3.000000e+002
3.184000 3.000000e+002
3.186000 3.000000e+002
3.188000 3.000000e+002
3.190000 3.000000e+002
3.192000 3.000000e+002
3.194000 3.000000e+002
3.196000 3.000000e+002
3.198000 3.000000e+002
3.200000 3.000000e+002
3.202000 3.000000e+002
3.204000 3.000000e+002
3.206000 3.000000e+002
3.208000 3.000000e+002
3.210000 3.000000e+002
3.212000 3.000000e+002
3.214000 3.000000e+002
3.216000 3.000000e+002
3.218000 3.000000e+002
3.220000 3.000000e+002
3.222000 3.000000e+002
3.224000 3.000000e+002
3.226000 3.000000e+002
3.228000 3.000000e+002
3.230000 3.000000e+002
3.232000 3.000000e+002
3.234000 3.000000e+002
3.236000 3.000000e+002
3.238000 3.000000e+002
3.240000 3.000000e+002
3.242000 3.000000e+002
3.244000 3.000000e+002
3.246000 3.000000e+002
3.248000 3.000000e+002
3.250000 3.000000e+002
3.252000 3.000000e+002
3.254000 3.000000e+002
3.256000 3.000000e+002
3.258000 3.000000e+002
3.260000 3.000000e+002
3.262000 3.000000e+002
3.264000 3.000000e+002
3.266000 3.000000e+002
3.268000 3.000000e+002
3.270000 3.000000e+002
3.272000 3.000000e+002
3.274000 3.000000e+002
3.276000 3.000000e+002
3.278000 3.000000e+002
3.280000 3.000000e+002
3.282000 3.000000e+002
3.284000 3.000000e+002
3.286000 3.000000e+002
3.288000 3.000000e+002
3.290000 3.000000e+002
3.292000 3.000000e+002
3.294000 3.000000e+002
3.296000 3.000000e+002
3.298000 3.000000e+002
3.300000 3.000000e+002
3.302000 3.000000e+002
3.304000 3.000000e+002
3.306000 3.000000e+002
3.308000 3.000000e+002
3.310000 3.000000e+002
3.312000 3.000000e+002
3.314000 3.000000e+002
3.316000 3.000000e+002
3.318000 3.000000e+002
3.320000 3.000000e+002
3.322000 3.000000e+002
3.324000 3.000000e+002
3.326000 3.000000e+002
3.328000 3.000000e+002
3.330000 3.000000e+002
3.332000 3.000000e+002
3.334000 3.000000e+002
3.336000 3.000000e+002
3.338000 3.000000e+002
3.340000 3.000000e+002
3.342000 3.000000e+002
3.344000 3.000000e+002
3.346000 3.000000e+002
3.348000 3.000000e+002
3.350000 3.000000e+002
3.352000 3.000000e+002
3.354000 3.000000e+002
3.356000 3.000000e+002
3.358000 3.000000e+002
3.360000 3.000000e+002
3.362000 3.000000e+002
3.364000 3.000000e+002
3.366000 3.000000e+002
3.368000 3.000000e+002
3.370000 3.000000e+002
3.372000 3.000000e+002
3.374000 3.000000e+002
3.376000 3.000000e+002
3.378000 3.000000e+002
3.380000 3.000000e+002
3.382000 3.000000e+002
3.384000 3.000000e+002
3.386000 3.000000e+002
3.388000 3.000000e+002
3.390000 3.000000e+002
3.392000 3.000000e+002
3.394000 3.000000e+002
3.396000 3.000000e+002
3.398000 3.000000e+002
3.400000 3.000000e+002
3.402000 3.000000e+002
3.404000 3.000000e+002
3.406000 3.000000e+002
3.408000 3.000000e+002
3.410000 3.000000e+002
3.412000 3.000000e+002
3.414000 3.000000e+002
3.416000 3.000000e+002
3.418000 3.000000e+002
3.420000 3.000000e+002
3.422000 3.000000e+002
3.424000 3.000000e+002
3.426000 3.000000e+002
3.428000 3.000000e+002
3.430000 3.000000e+002
3.432000 3.000000e+002
3.434000 3.000000e+002
3.436000 3.000000e+002
3.438000 3.000000e+002
3.440000 3.000000e+002
3.442000 3.000000e+002
3.444000 3.000000e+002
3.446000 3.000000e+002
3.448000 3.000000e+002
3.450000 3.000000e+002
3.452000 3.000000e+002
3.454000 3.000000e+002
3.456000 3.000000e+002
3.458000 3.000000e+002
3.460000 3.000000e+002
3.462000 3.000000e+002
3.464000 3.000000e+002
3.466000 3.000000e+002
3.468000 3.000000e+002
3.470000 3.000000e+002
3.472000 3.000000e+002
3.474000 3.000000e+002
3.476000 3.000000e+002
3.478000 3.000000e+002
3.480000 3.000000e+002
3.482000 3.000000e+002
3.484000 3.000000e+002
3.486000 3.000000e+002
3.488000 3.000000e+002
3.490000 3.000000e+002
3.492000 3.000000e+002
3.494000 3.000000e+002
3.496000 3.000000e+002
3.498000 3.000000e+002
3.500000 3.000000e+002
3.502000 3.000000e+002
3.504000 3.000000e+002
3.506000 3.000000e+002
3.508000 3.000000e+002
3.510000 3.000000e+002
3.512000 3.000000e+002
3.514000 3.000000e+002
3.516000 3.000000e+002
3.518000 3.000000e+002
3.520000 3.000000e+002
3.522000 3.000000e+002
3.524000 3.000000e+002
3.526000 3.000000e+002
3.528000 3.000000e+002
3.530000 3.000000e+002
3.532000 3.000000e+002
3.534000 3.000000e+002
3.536000 3.000000e+002
3.538000 3.000000e+002
3.540000 3.000000e+002
3.542000 3.000000e+002
3.544000 3.000000e+002
3.546000 3.000000e+002
3.548000 3.000000e+002
3.550000 3.000000e+002
3.552000 3.000000e+002
3.554000 3.000000e+002
3.556000 3.000000e+002
3.558000 3.000000e+002
3.560000 3.000000e+002
3.562000 3.000000e+002
3.564000 3.000000e+002
3.566000 3.000000e+002
3.568000 3.000000e+002
3.570000 3.000000e+002
3.572000 3.000000e+002
3.574000 3.000000e+002
3.576000 3.000000e+002
3.578000 3.000000e+002
3.580000 3.000000e+002
3.582000 3.000000e+002
3.584000 3.000000e+002
3.586000 3.000000e+002
3.588000 3.000000e+002
3.590000 3.000000e+002
3.592000 3.000000e+002
3.594000 3.000000e+002
3.596000 3.000000e+002
3.598000 3.000000e+002
3.600000 3.000000e+002
3.602000 3.000000e+002
3.604000 3.000000e+002
3.606000 3.000000e+002
3.608000 3.000000e+002
3.610000 3.000000e+002
3.612000 3.000000e+002
3.614000 3.000000e+002
3.616000 3.000000e+002
3.618000 3.000000e+002
3.620000 3.000000e+002
3.622000 3.000000e+002
3.624000 3.000000e+002
3.626000 3.000000e+002
3.628000 3.000000e+002
3.630000 3.000000e+002
3.632000 3.000000e+002
3.634000 3.000000e+002
3.636000 3.000000e+002
3.638000 3.000000e+002
3.640000 3.000000e+002
3.642000 3.000000e+002
3.644000 3.000000e+002
3.646000 3.000000e+002
3.648000 3.000000e+002
3.650000 3.000000e+002
3.652000 3.000000e+002
3.654000 3.000000e+002
3.656000 3.000000e+002
3.658000 3.000000e+002
3.660000 3.000000e+002
3.662000 3.000000e+002
3.664000 3.000000e+002
3.666000 3.000000e+002
3.668000 3.000000e+002
3.670000 3.000000e+002
3.672000 3.000000e+002
3.674000 3.000000e+002
3.676000 3.000000e+002
3.678000 3.000000e+002
3.680000 3.000000e+002
3.682000 3.000000e+002
3.684000 3.000000e+002
3.686000 3.000000e+002
3.688000 3.000000e+002
3.690000 3.000000e+002
3.692000 3.000000e+002
3.694000 3.000000e+002
3.696000 3.000000e+002
3.698000 3.000000e+002
3.700000 3.000000e+002
3.702000 3.000000e+002
3.704000 3.000000e+002
3.706000 3.000000e+002
3.708000 3.000000e+002
3.710000 3.000000e+002
3.712000 3.000000e+002
3.714000 3.000000e+002
3.716000 3.000000e+002
3.718000 3.000000e+002
3.720000 3.000000e+002
3.722000 3.000000e+002
3.724000 3.000000e+002
3.726000 3.000000e+002
3.728000 3.000000e+002
3.730000 3.000000e+002
3.732000 3.000000e+002
3.734000 3.000000e+002
3.736000 3.000000e+002
3.738000 3.000000e+002
3.740000 3.000000e+002
3.742000 3.000000e+002
3.744000 3.000000e+002
3.746000 3.000000e+002
3.748000 3.000000e+002
3.750000 3.000000e+002
3.752000 3.000000e+002
3.754000 3.000000e+002
3.756000 3.000000e+002
3.758000 3.000000e+002
3.760000 3.000000e+002
3.762000 3.000000e+002
3.764000 3.000000e+002
3.766000 3.000000e+002
3.768000 3.000000e+002
3.770000 3.000000e+002
3.772000 3.000000e+002
3.774000 3.000000e+002
3.776000 3.000000e+002
3.778000 3.000000e+002
3.780000 3.000000e+002
3.782000 3.000000e+002
3.784000 3.000000e+002
3.786000 3.000000e+002
3.788000 3.000000e+002
3.790000 3.000000e+002
3.792000 3.000000e+002
3.794000 3.000000e+002
3.796000 3.000000e+002
3.798000 3.000000e+002
3.800000 3.000000e+002
3.802000 3.000000e+002
3.804000 3.000000e+002
3.806000 3.000000e+002
3.808000 3.000000e+002
3.810000 3.000000e+002
3.812000 3.000000e+002
3.814000 3.000000e+002
3.816000 3.000000e+002
3.818000 3.000000e+002
3.820000 3.000000e+002
3.822000 3.000000e+002
3.824000 3.000000e+002
3.826000 3.000000e+002
3.828000 3.000000e+002
3.830000 3.000000e+002
3.832000 3.000000e+002
3.834000 3.000000e+002
3.836000 3.000000e+002
3.838000 3.000000e+002
3.840000 3.000000e+002
3.842000 3.000000e+002
3.844000 3.000000e+002
3.846000 3.000000e+002
3.848000 3.000000e+002
3.850000 3.000000e+002
3.852000 3.000000e+002
3.854000 3.000000e+002
3.856000 3.000000e+002
3.858000 3.000000e+002
3.860000 3.000000e+002
3.862000 3.000000e+002
3.864000 3.000000e+002
3.866000 3.000000e+002
3.868000 3.000000e+002
3.870000 3.000000e+002
3.872000 3.000000e+002
3.874000 3.000000e+002
3.876000 3.000000e+002
3.878000 3.000000e+002
3.880000 3.000000e+002
3.882000 3.000000e+002
3.884000 3.000000e+002
3.886000 3.000000e+002
3.888000 3.000000e+002
3.890000 3.000000e+002
3.892000 3.000000e+002
3.894000 3.000000e+002
3.896000 3.000000e+002
3.898000 3.000000e+002
3.900000 3.000000e+002
3.902000 3.000000e+002
3.904000 3.000000e+002
3.906000 3.000000e+002
3.908000 3.000000e+002
3.910000 3.000000e+002
3.912000 3.000000e+002
3.914000 3.000000e+002
3.916000 3.000000e+002
3.918000 3.000000e+002
3.920000 3.000000e+002
3.922000 3.000000e+002
3.924000 3.000000e+002
3.926000 3.000000e+002
3.928000 3.000000e+002
3.930000 3.000000e+002
3.932000 3.000000e+002
3.934000 3.000000e+002
3.936000 3.000000e+002
3.938000 3.000000e+002
3.940000 3.000000e+002
3.942000 3.000000e+002
3.944000 3.000000e+002
3.946000 3.000000e+002
3.948000 3.000000e+002
3.950000 3.000000e+002
3.952000 3.000000e+002
3.954000 3.000000e+002
3.956000 3.000000e+002
3.958000 3.000000e+002
3.960000 3.000000e+002
3.962000 3.000000e+002
3.964000 3.000000e+002
3.966000 3.000000e+002
3.968000 3.000000e+002
3.970000 3.000000e+002
3.972000 3.000000e+002
3.974000 3.000000e+002
3.976000 3.000000e+002
3.978000 3.000000e+002
3.980000 3.000000e+002
3.982000 3.000000e+002
3.984000 3.000000e+002
3.986000 3.000000e+002
3.988000 3.000000e+002
3.990000 3.000000e+002
3.992000 3.000000e+002
3.994000 3.000000e+002
3.996000 3.000000e+002
3.998000 3.000000e+002
