0.000000 3.625224e+002
0.002000 3.695445e+002
0.004000 3.765629e+002
0.006000 3.835772e+002
0.008000 3.905871e+002
0.010000 3.975921e+002
0.012000 4.045919e+002
0.014000 4.115861e+002
0.016000 4.185743e+002
0.018000 4.255561e+002
0.020000 4.325313e+002
0.022000 4.394993e+002
0.024000 4.464598e+002
0.026000 4.534124e+002
0.028000 4.603568e+002
0.030000 4.672926e+002
0.032000 4.742194e+002
0.034000 4.811369e+002
0.036000 4.880447e+002
0.038000 4.949423e+002
0.040000 5.018295e+002
0.042000 5.087059e+002
0.044000 5.155712e+002
0.046000 5.224249e+002
0.048000 5.292667e+002
0.050000 5.360962e+002
0.052000 5.429132e+002
0.054000 5.497172e+002
0.056000 5.565079e+002
0.058000 5.632849e+002
0.060000 5.700479e+002
0.062000 5.767966e+002
0.064000 5.835306e+002
0.066000 5.902496e+002
0.068000 5.969532e+002
0.070000 6.036411e+002
0.072000 6.103130e+002
0.074000 6.169685e+002
0.076000 6.236073e+002
0.078000 6.302291e+002
0.080000 6.368335e+002
0.082000 6.434203e+002
0.084000 6.499890e+002
0.086000 6.565395e+002
0.088000 6.630714e+002
0.090000 6.695843e+002
0.092000 6.760780e+002
0.094000 6.825522e+002
0.096000 6.890066e+002
0.098000 6.954408e+002
0.100000 7.018545e+002
0.102000 7.082476e+002
0.104000 7.146196e+002
0.106000 7.209703e+002
0.108000 7.272994e+002
0.110000 7.336067e+002
0.112000 7.398918e+002
0.114000 7.461545e+002
0.116000 7.523944e+002
0.118000 7.586115e+002
0.120000 7.648052e+002
0.122000 7.709755e+002
0.124000 7.771221e+002
0.126000 7.832446e+002
0.128000 7.893429e+002
0.130000 7.954167e+002
0.132000 8.014657e+002
0.134000 8.074897e+002
0.136000 8.134885e+002
0.138000 8.194618e+002
0.140000 8.254094e+002
0.142000 8.313311e+002
0.144000 8.372266e+002
0.146000 8.430957e+002
0.148000 8.489383e+002
0.150000 8.547540e+002
0.152000 8.605427e+002
0.154000 8.663042e+002
0.156000 8.720382e+002
0.158000 8.777446e+002
0.160000 8.834232e+002
0.162000 8.890737e+002
0.164000 8.946961e+002
0.166000 9.002900e+002
0.168000 9.058554e+002
0.170000 9.113920e+002
0.172000 9.168996e+002
0.174000 9.223782e+002
0.176000 9.278274e+002
0.178000 9.332472e+002
0.180000 9.386375e+002
0.182000 9.439979e+002
0.184000 9.493285e+002
0.186000 9.546290e+002
0.188000 9.598993e+002
0.190000 9.651392e+002
0.192000 9.703486e+002
0.194000 9.755274e+002
0.196000 9.806755e+002
0.198000 9.857927e+002
0.200000 9.908788e+002
0.202000 9.959338e+002
0.204000 1.000958e+003
0.206000 1.005950e+003
0.208000 1.010911e+003
0.210000 1.015840e+003
0.212000 1.020738e+003
0.214000 1.025604e+003
0.216000 1.030438e+003
0.218000 1.035240e+003
0.220000 1.040010e+003
0.222000 1.044748e+003
0.224000 1.049453e+003
0.226000 1.054127e+003
0.228000 1.058767e+003
0.230000 1.063376e+003
0.232000 1.067952e+003
0.234000 1.072495e+003
0.236000 1.077006e+003
0.238000 1.081484e+003
0.240000 1.085929e+003
0.242000 1.090341e+003
0.244000 1.094720e+003
0.246000 1.099067e+003
0.248000 1.103381e+003
0.250000 1.107661e+003
0.252000 1.111909e+003
0.254000 1.116123e+003
0.256000 1.120304e+003
0.258000 1.124453e+003
0.260000 1.128568e+003
0.262000 1.132649e+003
0.264000 1.136698e+003
0.266000 1.140713e+003
0.268000 1.144696e+003
0.270000 1.148645e+003
0.272000 1.152560e+003
0.274000 1.156443e+003
0.276000 1.160292e+003
0.278000 1.164108e+003
0.280000 1.167891e+003
0.282000 1.171640e+003
0.284000 1.175356e+003
0.286000 1.179039e+003
0.288000 1.182689e+003
0.290000 1.186305e+003
0.292000 1.189889e+003
0.294000 1.193439e+003
0.296000 1.196956e+003
0.298000 1.200440e+003
0.300000 1.203891e+003
0.302000 1.207309e+003
0.304000 1.210694e+003
0.306000 1.214046e+003
0.308000 1.217365e+003
0.310000 1.220651e+003
0.312000 1.223904e+003
0.314000 1.227124e+003
0.316000 1.230312e+003
0.318000 1.233467e+003
0.320000 1.236589e+003
0.322000 1.239678e+003
0.324000 1.242735e+003
0.326000 1.245760e+003
0.328000 1.248752e+003
0.330000 1.251711e+003
0.332000 1.254638e+003
0.334000 1.257533e+003
0.336000 1.260396e+003
0.338000 1.263227e+003
0.340000 1.266025e+003
0.342000 1.268792e+003
0.344000 1.271526e+003
0.346000 1.274229e+003
0.348000 1.276900e+003
0.350000 1.279539e+003
0.352000 1.282146e+003
0.354000 1.284722e+003
0.356000 1.287266e+003
0.358000 1.289779e+003
0.360000 1.292261e+003
0.362000 1.294711e+003
0.364000 1.297130e+003
0.366000 1.299518e+003
0.368000 1.301875e+003
0.370000 1.304202e+003
0.372000 1.306497e+003
0.374000 1.308761e+003
0.376000 1.310995e+003
0.378000 1.313198e+003
0.380000 1.315371e+003
0.382000 1.317513e+003
0.384000 1.319625e+003
0.386000 1.321707e+003
0.388000 1.323759e+003
0.390000 1.325780e+003
0.392000 1.327772e+003
0.394000 1.329734e+003
0.396000 1.331666e+003
0.398000 1.333568e+003
0.400000 1.335441e+003
0.402000 1.337284e+003
0.404000 1.339098e+003
0.406000 1.340883e+003
0.408000 1.342638e+003
0.410000 1.344364e+003
0.412000 1.346062e+003
0.414000 1.347730e+003
0.416000 1.349370e+003
0.418000 1.350981e+003
0.420000 1.352563e+003
0.422000 1.354117e+003
0.424000 1.355642e+003
0.426000 1.357139e+003
0.428000 1.358608e+003
0.430000 1.360049e+003
0.432000 1.361461e+003
0.434000 1.362846e+003
0.436000 1.364203e+003
0.438000 1.365532e+003
0.440000 1.366833e+003
0.442000 1.368107e+003
0.444000 1.369354e+003
0.446000 1.370573e+003
0.448000 1.371764e+003
0.450000 1.372929e+003
0.452000 1.374067e+003
0.454000 1.375177e+003
0.456000 1.376261e+003
0.458000 1.377318e+003
0.460000 1.378348e+003
0.462000 1.379351e+003
0.464000 1.380328e+003
0.466000 1.381279e+003
0.468000 1.382203e+003
0.470000 1.383101e+003
0.472000 1.383973e+003
0.474000 1.384818e+003
0.476000 1.385638e+003
0.478000 1.386432e+003
0.480000 1.387200e+003
0.482000 1.387942e+003
0.484000 1.388659e+003
0.486000 1.389350e+003
0.488000 1.390015e+003
0.490000 1.390655e+003
0.492000 1.391270e+003
0.494000 1.391860e+003
0.496000 1.392424e+003
0.498000 1.392964e+003
0.500000 1.393478e+003
0.502000 1.393968e+003
0.504000 1.394433e+003
0.506000 1.394873e+003
0.508000 1.395288e+003
0.510000 1.395679e+003
0.512000 1.396045e+003
0.514000 1.396386e+003
0.516000 1.396704e+003
0.518000 1.396997e+003
0.520000 1.397266e+003
0.522000 1.397510e+003
0.524000 1.397731e+003
0.526000 1.397928e+003
0.528000 1.398100e+003
0.530000 1.398249e+003
0.532000 1.398374e+003
0.534000 1.398475e+003
0.536000 1.398553e+003
0.538000 1.398607e+003
0.540000 1.398637e+003
0.542000 1.398644e+003
0.544000 1.398627e+003
0.546000 1.398588e+003
0.548000 1.398524e+003
0.550000 1.398438e+003
0.552000 1.398328e+003
0.554000 1.398196e+003
0.556000 1.398040e+003
0.558000 1.397861e+003
0.560000 1.397659e+003
0.562000 1.397435e+003
0.564000 1.397187e+003
0.566000 1.396917e+003
0.568000 1.396624e+003
0.570000 1.396308e+003
0.572000 1.395970e+003
0.574000 1.395609e+003
0.576000 1.395226e+003
0.578000 1.394820e+003
0.580000 1.394392e+003
0.582000 1.393941e+003
0.584000 1.393468e+003
0.586000 1.392973e+003
0.588000 1.392456e+003
0.590000 1.391916e+003
0.592000 1.391354e+003
0.594000 1.390770e+003
0.596000 1.390164e+003
0.598000 1.389536e+003
0.600000 1.388887e+003
0.602000 1.388215e+003
0.604000 1.387521e+003
0.606000 1.386806e+003
0.608000 1.386068e+003
0.610000 1.385309e+003
0.612000 1.384529e+003
0.614000 1.383726e+003
0.616000 1.382902e+003
0.618000 1.382057e+003
0.620000 1.381189e+003
0.622000 1.380301e+003
0.624000 1.379391e+003
0.626000 1.378459e+003
0.628000 1.377506e+003
0.630000 1.376532e+003
0.632000 1.375536e+003
0.634000 1.374520e+003
0.636000 1.373482e+003
0.638000 1.372422e+003
0.640000 1.371342e+003
0.642000 1.370240e+003
0.644000 1.369118e+003
0.646000 1.367974e+003
0.648000 1.366809e+003
0.650000 1.365624e+003
0.652000 1.364417e+003
0.654000 1.363190e+003
0.656000 1.361941e+003
0.658000 1.360672e+003
0.660000 1.359382e+003
0.662000 1.358071e+003
0.664000 1.356740e+003
0.666000 1.355388e+003
0.668000 1.354015e+003
0.670000 1.352622e+003
0.672000 1.351208e+003
0.674000 1.349774e+003
0.676000 1.348319e+003
0.678000 1.346844e+003
0.680000 1.345348e+003
0.682000 1.343832e+003
0.684000 1.342296e+003
0.686000 1.340739e+003
0.688000 1.339163e+003
0.690000 1.337566e+003
0.692000 1.335949e+003
0.694000 1.334311e+003
0.696000 1.332654e+003
0.698000 1.330977e+003
0.700000 1.329280e+003
0.702000 1.327562e+003
0.704000 1.325825e+003
0.706000 1.324069e+003
0.708000 1.322292e+003
0.710000 1.320496e+003
0.712000 1.318680e+003
0.714000 1.316844e+003
0.716000 1.314989e+003
0.718000 1.313114e+003
0.720000 1.311220e+003
0.722000 1.309306e+003
0.724000 1.307373e+003
0.726000 1.305420e+003
0.728000 1.303449e+003
0.730000 1.301458e+003
0.732000 1.299448e+003
0.734000 1.297419e+003
0.736000 1.295371e+003
0.738000 1.293304e+003
0.740000 1.291218e+003
0.742000 1.289113e+003
0.744000 1.286989e+003
0.746000 1.284847e+003
0.748000 1.282686e+003
0.750000 1.280506e+003
0.752000 1.278308e+003
0.754000 1.276092e+003
0.756000 1.273857e+003
0.758000 1.271604e+003
0.760000 1.269332e+003
0.762000 1.267043e+003
0.764000 1.264735e+003
0.766000 1.262409e+003
0.768000 1.260066e+003
0.770000 1.257704e+003
0.772000 1.255325e+003
0.774000 1.252928e+003
0.776000 1.250513e+003
0.778000 1.248081e+003
0.780000 1.245631e+003
0.782000 1.243164e+003
0.784000 1.240680e+003
0.786000 1.238179e+003
0.788000 1.235660e+003
0.790000 1.233125e+003
0.792000 1.230573e+003
0.794000 1.228003e+003
0.796000 1.225417e+003
0.798000 1.222815e+003
0.800000 1.220196e+003
0.802000 1.217560e+003
0.804000 1.214909e+003
0.806000 1.212241e+003
0.808000 1.209556e+003
0.810000 1.206856e+003
0.812000 1.204140e+003
0.814000 1.201409e+003
0.816000 1.198661e+003
0.818000 1.195898e+003
0.820000 1.193119e+003
0.822000 1.190326e+003
0.824000 1.187517e+003
0.826000 1.184692e+003
0.828000 1.181853e+003
0.830000 1.178999e+003
0.832000 1.176130e+003
0.834000 1.173247e+003
0.836000 1.170349e+003
0.838000 1.167437e+003
0.840000 1.164510e+003
0.842000 1.161570e+003
0.844000 1.158615e+003
0.846000 1.155647e+003
0.848000 1.152665e+003
0.850000 1.149669e+003
0.852000 1.146660e+003
0.854000 1.143637e+003
0.856000 1.140601e+003
0.858000 1.137553e+003
0.860000 1.134491e+003
0.862000 1.131417e+003
0.864000 1.128330e+003
0.866000 1.125231e+003
0.868000 1.122119e+003
0.870000 1.118995e+003
0.872000 1.115860e+003
0.874000 1.112712e+003
0.876000 1.109553e+003
0.878000 1.106382e+003
0.880000 1.103200e+003
0.882000 1.100006e+003
0.884000 1.096802e+003
0.886000 1.093586e+003
0.888000 1.090360e+003
0.890000 1.087124e+003
0.892000 1.083876e+003
0.894000 1.080619e+003
0.896000 1.077352e+003
0.898000 1.074074e+003
0.900000 1.070787e+003
0.902000 1.067490e+003
0.904000 1.064184e+003
0.906000 1.060869e+003
0.908000 1.057545e+003
0.910000 1.054211e+003
0.912000 1.050869e+003
0.914000 1.047519e+003
0.916000 1.044160e+003
0.918000 1.040793e+003
0.920000 1.037418e+003
0.922000 1.034035e+003
0.924000 1.030644e+003
0.926000 1.027246e+003
0.928000 1.023841e+003
0.930000 1.020429e+003
0.932000 1.017010e+003
0.934000 1.013584e+003
0.936000 1.010151e+003
0.938000 1.006713e+003
0.940000 1.003268e+003
0.942000 9.998167e+002
0.944000 9.963600e+002
0.946000 9.928978e+002
0.948000 9.894301e+002
0.950000 9.859573e+002
0.952000 9.824794e+002
0.954000 9.789967e+002
0.956000 9.755095e+002
0.958000 9.720177e+002
0.960000 9.685218e+002
0.962000 9.650218e+002
0.964000 9.615180e+002
0.966000 9.580105e+002
0.968000 9.544996e+002
0.970000 9.509854e+002
0.972000 9.474682e+002
0.974000 9.439482e+002
0.976000 9.404254e+002
0.978000 9.369002e+002
0.980000 9.333728e+002
0.982000 9.298432e+002
0.984000 9.263119e+002
0.986000 9.227788e+002
0.988000 9.192443e+002
0.990000 9.157085e+002
0.992000 9.121716e+002
0.994000 9.086339e+002
0.996000 9.050955e+002
0.998000 9.015567e+002
1.000000 8.980175e+002
1.002000 8.944783e+002
1.004000 8.909392e+002
1.006000 8.874004e+002
1.008000 8.838622e+002
1.010000 8.803247e+002
1.012000 8.767881e+002
1.014000 8.732526e+002
1.016000 8.697184e+002
1.018000 8.661857e+002
1.020000 8.626547e+002
1.022000 8.591257e+002
1.024000 8.555987e+002
1.026000 8.520741e+002
1.028000 8.485519e+002
1.030000 8.450324e+002
1.032000 8.415158e+002
1.034000 8.380022e+002
1.036000 8.344920e+002
1.038000 8.309852e+002
1.040000 8.274820e+002
1.042000 8.239826e+002
1.044000 8.204873e+002
1.046000 8.169963e+002
1.048000 8.135096e+002
1.050000 8.100275e+002
1.052000 8.065502e+002
1.054000 8.030779e+002
1.056000 7.996107e+002
1.058000 7.961489e+002
1.060000 7.926926e+002
1.062000 7.892419e+002
1.064000 7.857972e+002
1.066000 7.823586e+002
1.068000 7.789262e+002
1.070000 7.755002e+002
1.072000 7.720808e+002
1.074000 7.686682e+002
1.076000 7.652625e+002
1.078000 7.618640e+002
1.080000 7.584727e+002
1.082000 7.550890e+002
1.084000 7.517129e+002
1.086000 7.483445e+002
1.088000 7.449842e+002
1.090000 7.416320e+002
1.092000 7.382881e+002
1.094000 7.349527e+002
1.096000 7.316259e+002
1.098000 7.283080e+002
1.100000 7.249989e+002
1.102000 7.216990e+002
1.104000 7.184084e+002
1.106000 7.151272e+002
1.108000 7.118555e+002
1.110000 7.085936e+002
1.112000 7.053416e+002
1.114000 7.020996e+002
1.116000 6.988677e+002
1.118000 6.956462e+002
1.120000 6.924352e+002
1.122000 6.892347e+002
1.124000 6.860450e+002
1.126000 6.828662e+002
1.128000 6.796985e+002
1.130000 6.765418e+002
1.132000 6.733965e+002
1.134000 6.702626e+002
1.136000 6.671403e+002
1.138000 6.640296e+002
1.140000 6.609308e+002
1.142000 6.578439e+002
1.144000 6.547691e+002
1.146000 6.517064e+002
1.148000 6.486560e+002
1.150000 6.456181e+002
1.152000 6.425927e+002
1.154000 6.395799e+002
1.156000 6.365799e+002
1.158000 6.335928e+002
1.160000 6.306187e+002
1.162000 6.276576e+002
1.164000 6.247098e+002
1.166000 6.217752e+002
1.168000 6.188540e+002
1.170000 6.159463e+002
1.172000 6.130522e+002
1.174000 6.101718e+002
1.176000 6.073052e+002
1.178000 6.044524e+002
1.180000 6.016136e+002
1.182000 5.987889e+002
1.184000 5.959782e+002
1.186000 5.931818e+002
1.188000 5.903997e+002
1.190000 5.876319e+002
1.192000 5.848786e+002
1.194000 5.821399e+002
1.196000 5.794157e+002
1.198000 5.767062e+002
1.200000 5.740114e+002
1.202000 5.713314e+002
1.204000 5.686663e+002
1.206000 5.660162e+002
1.208000 5.633810e+002
1.210000 5.607609e+002
1.212000 5.581558e+002
1.214000 5.555660e+002
1.216000 5.529914e+002
1.218000 5.504320e+002
1.220000 5.478880e+002
1.222000 5.453593e+002
1.224000 5.428460e+002
1.226000 5.403482e+002
1.228000 5.378659e+002
1.230000 5.353991e+002
1.232000 5.329479e+002
1.234000 5.305123e+002
1.236000 5.280924e+002
1.238000 5.256881e+002
1.240000 5.232995e+002
1.242000 5.209266e+002
1.244000 5.185695e+002
1.246000 5.162282e+002
1.248000 5.139027e+002
1.250000 5.115930e+002
1.252000 5.092992e+002
1.254000 5.070212e+002
1.256000 5.047590e+002
1.258000 5.025128e+002
1.260000 5.002824e+002
1.262000 4.980680e+002
1.264000 4.958695e+002
1.266000 4.936868e+002
1.268000 4.915201e+002
1.270000 4.893694e+002
1.272000 4.872345e+002
1.274000 4.851156e+002
1.276000 4.830126e+002
1.278000 4.809255e+002
1.280000 4.788543e+002
1.282000 4.767989e+002
1.284000 4.747595e+002
1.286000 4.727360e+002
1.288000 4.707283e+002
1.290000 4.687365e+002
1.292000 4.667605e+002
1.294000 4.648003e+002
1.296000 4.628559e+002
1.298000 4.609273e+002
1.300000 4.590144e+002
1.302000 4.571172e+002
1.304000 4.552358e+002
1.306000 4.533700e+002
1.308000 4.515198e+002
1.310000 4.496853e+002
1.312000 4.478663e+002
1.314000 4.460629e+002
1.316000 4.442750e+002
1.318000 4.425026e+002
1.320000 4.407456e+002
1.322000 4.390040e+002
1.324000 4.372778e+002
1.326000 4.355669e+002
1.328000 4.338712e+002
1.330000 4.321908e+002
1.332000 4.305256e+002
1.334000 4.288755e+002
1.336000 4.272404e+002
1.338000 4.256205e+002
1.340000 4.240155e+002
1.342000 4.224254e+002
1.344000 4.208503e+002
1.346000 4.192900e+002
1.348000 4.177444e+002
1.350000 4.162136e+002
1.352000 4.146974e+002
1.354000 4.131959e+002
1.356000 4.117089e+002
1.358000 4.102363e+002
1.360000 4.087782e+002
1.362000 4.073345e+002
1.364000 4.059051e+002
1.366000 4.044899e+002
1.368000 4.030888e+002
1.370000 4.017019e+002
1.372000 4.003290e+002
1.374000 3.989701e+002
1.376000 3.976251e+002
1.378000 3.962939e+002
1.380000 3.949765e+002
1.382000 3.936728e+002
1.384000 3.923827e+002
1.386000 3.911062e+002
1.388000 3.898431e+002
1.390000 3.885934e+002
1.392000 3.873571e+002
1.394000 3.861340e+002
1.396000 3.849241e+002
1.398000 3.837273e+002
1.400000 3.825435e+002
1.402000 3.813726e+002
1.404000 3.802146e+002
1.406000 3.790695e+002
1.408000 3.779370e+002
1.410000 3.768172e+002
1.412000 3.757099e+002
1.414000 3.746150e+002
1.416000 3.735326e+002
1.418000 3.724625e+002
1.420000 3.714046e+002
1.422000 3.703588e+002
1.424000 3.693251e+002
1.426000 3.683034e+002
1.428000 3.672936e+002
1.430000 3.662956e+002
1.432000 3.653093e+002
1.434000 3.643347e+002
1.436000 3.633716e+002
1.438000 3.624200e+002
1.440000 3.614797e+002
1.442000 3.605508e+002
1.444000 3.596331e+002
1.446000 3.587265e+002
1.448000 3.578310e+002
1.450000 3.569464e+002
1.452000 3.560727e+002
1.454000 3.552098e+002
1.456000 3.543576e+002
1.458000 3.535160e+002
1.460000 3.526850e+002
1.462000 3.518643e+002
1.464000 3.510541e+002
1.466000 3.502541e+002
1.468000 3.494642e+002
1.470000 3.486845e+002
1.472000 3.479148e+002
1.474000 3.471550e+002
1.476000 3.464050e+002
1.478000 3.456648e+002
1.480000 3.449342e+002
1.482000 3.442132e+002
1.484000 3.435017e+002
1.486000 3.427996e+002
1.488000 3.421068e+002
1.490000 3.414233e+002
1.492000 3.407488e+002
1.494000 3.400835e+002
1.496000 3.394271e+002
1.498000 3.387796e+002
1.500000 3.381409e+002
1.502000 3.375109e+002
1.504000 3.368895e+002
1.506000 3.362767e+002
1.508000 3.356724e+002
1.510000 3.350764e+002
1.512000 3.344887e+002
1.514000 3.339092e+002
1.516000 3.333379e+002
1.518000 3.327746e+002
1.520000 3.322193e+002
1.522000 3.316718e+002
1.524000 3.311321e+002
1.526000 3.306002e+002
1.528000 3.300759e+002
1.530000 3.295591e+002
1.532000 3.290498e+002
1.534000 3.285479e+002
1.536000 3.280533e+002
1.538000 3.275659e+002
1.540000 3.270857e+002
1.542000 3.266126e+002
1.544000 3.261464e+002
1.546000 3.256872e+002
1.548000 3.252348e+002
1.550000 3.247892e+002
1.552000 3.243502e+002
1.554000 3.239179e+002
1.556000 3.234921e+002
1.558000 3.230727e+002
1.560000 3.226597e+002
1.562000 3.222531e+002
1.564000 3.218526e+002
1.566000 3.214583e+002
1.568000 3.210701e+002
1.570000 3.206879e+002
1.572000 3.203117e+002
1.574000 3.199413e+002
1.576000 3.195767e+002
1.578000 3.192178e+002
1.580000 3.188646e+002
1.582000 3.185170e+002
1.584000 3.181749e+002
1.586000 3.178382e+002
1.588000 3.175069e+002
1.590000 3.171809e+002
1.592000 3.168602e+002
1.594000 3.165446e+002
1.596000 3.162341e+002
1.598000 3.159287e+002
1.600000 3.156283e+002
1.602000 3.153327e+002
1.604000 3.150421e+002
1.606000 3.147561e+002
1.608000 3.144750e+002
1.610000 3.141984e+002
1.612000 3.139265e+002
1.614000 3.136591e+002
1.616000 3.133962e+002
1.618000 3.131377e+002
1.620000 3.128835e+002
1.622000 3.126336e+002
1.624000 3.123880e+002
1.626000 3.121465e+002
1.628000 3.119092e+002
1.630000 3.116759e+002
1.632000 3.114466e+002
1.634000 3.112213e+002
1.636000 3.109998e+002
1.638000 3.107822e+002
1.640000 3.105684e+002
1.642000 3.103583e+002
1.644000 3.101518e+002
1.646000 3.099490e+002
1.648000 3.097498e+002
1.650000 3.095540e+002
1.652000 3.093618e+002
1.654000 3.091729e+002
1.656000 3.089874e+002
1.658000 3.088052e+002
1.660000 3.086263e+002
1.662000 3.084506e+002
1.664000 3.082781e+002
1.666000 3.081086e+002
1.668000 3.079423e+002
1.670000 3.077790e+002
1.672000 3.076186e+002
1.674000 3.074612e+002
1.676000 3.073067e+002
1.678000 3.071550e+002
1.680000 3.070061e+002
1.682000 3.068600e+002
1.684000 3.067166e+002
1.686000 3.065758e+002
1.688000 3.064377e+002
1.690000 3.063021e+002
1.692000 3.061691e+002
1.694000 3.060387e+002
1.696000 3.059106e+002
1.698000 3.057850e+002
1.700000 3.056618e+002
1.702000 3.055409e+002
1.704000 3.054224e+002
1.706000 3.053061e+002
1.708000 3.051920e+002
1.710000 3.050802e+002
1.712000 3.049705e+002
1.714000 3.048629e+002
1.716000 3.047574e+002
1.718000 3.046540e+002
1.720000 3.045525e+002
1.722000 3.044531e+002
1.724000 3.043556e+002
1.726000 3.042601e+002
1.728000 3.041664e+002
1.730000 3.040746e+002
1.732000 3.039846e+002
1.734000 3.038964e+002
1.736000 3.038099e+002
1.738000 3.037252e+002
1.740000 3.036422e+002
1.742000 3.035609e+002
1.744000 3.034812e+002
1.746000 3.034031e+002
1.748000 3.033266e+002
1.750000 3.032516e+002
1.752000 3.031782e+002
1.754000 3.031063e+002
1.756000 3.030358e+002
1.758000 3.029668e+002
1.760000 3.028992e+002
1.762000 3.028330e+002
1.764000 3.027682e+002
1.766000 3.027048e+002
1.768000 3.026426e+002
1.770000 3.025818e+002
1.772000 3.025222e+002
1.774000 3.024639e+002
1.776000 3.024068e+002
1.778000 3.023509e+002
1.780000 3.022961e+002
1.782000 3.022426e+002
1.784000 3.021902e+002
1.786000 3.021389e+002
1.788000 3.020887e+002
1.790000 3.020395e+002
1.792000 3.019915e+002
1.794000 3.019444e+002
1.796000 3.018984e+002
1.798000 3.018534e+002
1.800000 3.018093e+002
1.802000 3.017662e+002
1.804000 3.017240e+002
1.806000 3.016828e+002
1.808000 3.016425e+002
1.810000 3.016030e+002
1.812000 3.015644e+002
1.814000 3.015267e+002
1.816000 3.014898e+002
1.818000 3.014537e+002
1.820000 3.014184e+002
1.822000 3.013839e+002
1.824000 3.013502e+002
1.826000 3.013172e+002
1.828000 3.012850e+002
1.830000 3.012535e+002
1.832000 3.012227e+002
1.834000 3.011926e+002
1.836000 3.011632e+002
1.838000 3.011344e+002
1.840000 3.011063e+002
1.842000 3.010789e+002
1.844000 3.010521e+002
1.846000 3.010258e+002
1.848000 3.010002e+002
1.850000 3.009752e+002
1.852000 3.009508e+002
1.854000 3.009269e+002
1.856000 3.009035e+002
1.858000 3.008808e+002
1.860000 3.008585e+002
1.862000 3.008368e+002
1.864000 3.008155e+002
1.866000 3.007948e+002
1.868000 3.007746e+002
1.870000 3.007548e+002
1.872000 3.007355e+002
1.874000 3.007167e+002
1.876000 3.006983e+002
1.878000 3.006803e+002
1.880000 3.006628e+002
1.882000 3.006457e+002
1.884000 3.006290e+002
1.886000 3.006127e+002
1.888000 3.005968e+002
1.890000 3.005812e+002
1.892000 3.005661e+002
1.894000 3.005513e+002
1.896000 3.005369e+002
1.898000 3.005228e+002
1.900000 3.005091e+002
1.902000 3.004957e+002
1.904000 3.004826e+002
1.906000 3.004698e+002
1.908000 3.004574e+002
1.910000 3.004453e+002
1.912000 3.004334e+002
1.914000 3.004219e+002
1.916000 3.004107e+002
1.918000 3.003997e+002
1.920000 3.003890e+002
1.922000 3.003785e+002
1.924000 3.003684e+002
1.926000 3.003585e+002
1.928000 3.003488e+002
1.930000 3.003394e+002
1.932000 3.003302e+002
1.934000 3.003212e+002
1.936000 3.003125e+002
1.938000 3.003040e+002
1.940000 3.002957e+002
1.942000 3.002876e+002
1.944000 3.002797e+002
1.946000 3.002721e+002
1.948000 3.002646e+002
1.950000 3.002573e+002
1.952000 3.002502e+002
1.954000 3.002433e+002
1.956000 3.002366e+002
1.958000 3.002300e+002
1.960000 3.002236e+002
1.962000 3.002174e+002
1.964000 3.002113e+002
1.966000 3.002054e+002
1.968000 3.001997e+002
1.970000 3.001941e+002
1.972000 3.001886e+002
1.974000 3.001833e+002
1.976000 3.001782e+002
1.978000 3.001731e+002
1.980000 3.001682e+002
1.982000 3.001635e+002
1.984000 3.001588e+002
1.986000 3.001543e+002
1.988000 3.001499e+002
1.990000 3.001456e+002
1.992000 3.001415e+002
1.994000 3.001374e+002
1.996000 3.001335e+002
1.998000 3.001296e+002
2.000000 3.001259e+002
2.002000 3.001223e+002
2.004000 3.001188e+002
2.006000 3.001153e+002
2.008000 3.001120e+002
2.010000 3.001087e+002
2.012000 3.001056e+002
2.014000 3.001025e+002
2.016000 3.000995e+002
2.018000 3.000966e+002
2.020000 3.000938e+002
2.022000 3.000910e+002
2.024000 3.000883e+002
2.026000 3.000857e+002
2.028000 3.000832e+002
2.030000 3.000807e+002
2.032000 3.000784e+002
2.034000 3.000760e+002
2.036000 3.000738e+002
2.038000 3.000716e+002
2.040000 3.000694e+002
2.042000 3.000674e+002
2.044000 3.000654e+002
2.046000 3.000634e+002
2.048000 3.000615e+002
2.050000 3.000596e+002
2.052000 3.000579e+002
2.054000 3.000561e+002
2.056000 3.000544e+002
2.058000 3.000528e+002
2.060000 3.000512e+002
2.062000 3.000496e+002
2.064000 3.000481e+002
2.066000 3.000466e+002
2.068000 3.000452e+002
2.070000 3.000438e+002
2.072000 3.000425e+002
2.074000 3.000412e+002
2.076000 3.000399e+002
2.078000 3.000387e+002
2.080000 3.000375e+002
2.082000 3.000363e+002
2.084000 3.000352e+002
2.086000 3.000341e+002
2.088000 3.000331e+002
2.090000 3.000320e+002
2.092000 3.000311e+002
2.094000 3.000301e+002
2.096000 3.000291e+002
2.098000 3.000282e+002
2.100000 3.000273e+002
2.102000 3.000265e+002
2.104000 3.000257e+002
2.106000 3.000249e+002
2.108000 3.000241e+002
2.110000 3.000233e+002
2.112000 3.000226e+002
2.114000 3.000219e+002
2.116000 3.000212e+002
2.118000 3.000205e+002
2.120000 3.000198e+002
2.122000 3.000192e+002
2.124000 3.000186e+002
2.126000 3.000180e+002
2.128000 3.000174e+002
2.130000 3.000169e+002
2.132000 3.000163e+002
2.134000 3.000158e+002
2.136000 3.000153e+002
2.138000 3.000148e+002
2.140000 3.000143e+002
2.142000 3.000139e+002
2.144000 3.000134e+002
2.146000 3.000130e+002
2.148000 3.000125e+002
2.150000 3.000121e+002
2.152000 3.000117e+002
2.154000 3.000114e+002
2.156000 3.000110e+002
2.158000 3.000106e+002
2.160000 3.000103e+002
2.162000 3.000099e+002
2.164000 3.000096e+002
2.166000 3.000093e+002
2.168000 3.000090e+002
2.170000 3.000087e+002
2.172000 3.000084e+002
2.174000 3.000081e+002
2.176000 3.000079e+002
2.178000 3.000076e+002
2.180000 3.000073e+002
2.182000 3.000071e+002
2.184000 3.000069e+002
2.186000 3.000066e+002
2.188000 3.000064e+002
2.190000 3.000062e+002
2.192000 3.000060e+002
2.194000 3.000058e+002
2.196000 3.000056e+002
2.198000 3.000054e+002
2.200000 3.000052e+002
2.202000 3.000050e+002
2.204000 3.000049e+002
2.206000 3.000047e+002
2.208000 3.000045e+002
2.210000 3.000044e+002
2.212000 3.000042e+002
2.214000 3.000041e+002
2.216000 3.000039e+002
2.218000 3.000038e+002
2.220000 3.000037e+002
2.222000 3.000036e+002
2.224000 3.000034e+002
2.226000 3.000033e+002
2.228000 3.000032e+002
2.230000 3.000031e+002
2.232000 3.000030e+002
2.234000 3.000029e+002
2.236000 3.000028e+002
2.238000 3.000027e+002
2.240000 3.000026e+002
2.242000 3.000025e+002
2.244000 3.000024e+002
2.246000 3.000023e+002
2.248000 3.000022e+002
2.250000 3.000022e+002
2.252000 3.000021e+002
2.254000 3.000020e+002
2.256000 3.000019e+002
2.258000 3.000019e+002
2.260000 3.000018e+002
2.262000 3.000017e+002
2.264000 3.000017e+002
2.266000 3.000016e+002
2.268000 3.000016e+002
2.270000 3.000015e+002
2.272000 3.000015e+002
2.274000 3.000014e+002
2.276000 3.000014e+002
2.278000 3.000013e+002
2.280000 3.000013e+002
2.282000 3.000012e+002
2.284000 3.000012e+002
2.286000 3.000011e+002
2.288000 3.000011e+002
2.290000 3.000010e+002
2.292000 3.000010e+002
2.294000 3.000010e+002
2.296000 3.000009e+002
2.298000 3.000009e+002
2.300000 3.000009e+002
2.302000 3.000008e+002
2.304000 3.000008e+002
2.306000 3.000008e+002
2.308000 3.000007e+002
2.310000 3.000007e+002
2.312000 3.000007e+002
2.314000 3.000007e+002
2.316000 3.000006e+002
2.318000 3.000006e+002
2.320000 3.000006e+002
2.322000 3.000006e+002
2.324000 3.000006e+002
2.326000 3.000005e+002
2.328000 3.000005e+002
2.330000 3.000005e+002
2.332000 3.000005e+002
2.334000 3.000005e+002
2.336000 3.000004e+002
2.338000 3.000004e+002
2.340000 3.000004e+002
2.342000 3.000004e+002
2.344000 3.000004e+002
2.346000 3.000004e+002
2.348000 3.000004e+002
2.350000 3.000003e+002
2.352000 3.000003e+002
2.354000 3.000003e+002
2.356000 3.000003e+002
2.358000 3.000003e+002
2.360000 3.000003e+002
2.362000 3.000003e+002
2.364000 3.000003e+002
2.366000 3.000002e+002
2.368000 3.000002e+002
2.370000 3.000002e+002
2.372000 3.000002e+002
2.374000 3.000002e+002
2.376000 3.000002e+002
2.378000 3.000002e+002
2.380000 3.000002e+002
2.382000 3.000002e+002
2.384000 3.000002e+002
2.386000 3.000002e+002
2.388000 3.000002e+002
2.390000 3.000002e+002
2.392000 3.000001e+002
2.394000 3.000001e+002
2.396000 3.000001e+002
2.398000 3.000001e+002
2.400000 3.000001e+002
2.402000 3.000001e+002
2.404000 3.000001e+002
2.406000 3.000001e+002
2.408000 3.000001e+002
2.410000 3.000001e+002
2.412000 3.000001e+002
2.414000 3.000001e+002
2.416000 3.000001e+002
2.418000 3.000001e+002
2.420000 3.000001e+002
2.422000 3.000001e+002
2.424000 3.000001e+002
2.426000 3.000001e+002
2.428000 3.000001e+002
2.430000 3.000001e+002
2.432000 3.000001e+002
2.434000 3.000001e+002
2.436000 3.000001e+002
2.438000 3.000001e+002
2.440000 3.000001e+002
2.442000 3.000001e+002
2.444000 3.000001e+002
2.446000 3.000001e+002
2.448000 3.000000e+002
2.450000 3.000000e+002
2.452000 3.000000e+002
2.454000 3.000000e+002
2.456000 3.000000e+002
2.458000 3.000000e+002
2.460000 3.000000e+002
2.462000 3.000000e+002
2.464000 3.000000e+002
2.466000 3.000000e+002
2.468000 3.000000e+002
2.470000 3.000000e+002
2.472000 3.000000e+002
2.474000 3.000000e+002
2.476000 3.000000e+002
2.478000 3.000000e+002
2.480000 3.000000e+002
2.482000 3.000000e+002
2.484000 3.000000e+002
2.486000 3.000000e+002
2.488000 3.000000e+002
2.490000 3.000000e+002
2.492000 3.000000e+002
2.494000 3.000000e+002
2.496000 3.000000e+002
2.498000 3.000000e+002
2.500000 3.000000e+002
2.502000 3.000000e+002
2.504000 3.000000e+002
2.506000 3.000000e+002
2.508000 3.000000e+002
2.510000 3.000000e+002
2.512000 3.000000e+002
2.514000 3.000000e+002
2.516000 3.000000e+002
2.518000 3.000000e+002
2.520000 3.000000e+002
2.522000 3.000000e+002
2.524000 3.000000e+002
2.526000 3.000000e+002
2.528000 3.000000e+002
2.530000 3.000000e+002
2.532000 3.000000e+002
2.534000 3.000000e+002
2.536000 3.000000e+002
2.538000 3.000000e+002
2.540000 3.000000e+002
2.542000 3.000000e+002
2.544000 3.000000e+002
2.546000 3.000000e+002
2.548000 3.000000e+002
2.550000 3.000000e+002
2.552000 3.000000e+002
2.554000 3.000000e+002
2.556000 3.000000e+002
2.558000 3.000000e+002
2.560000 3.000000e+002
2.562000 3.000000e+002
2.564000 3.000000e+002
2.566000 3.000000e+002
2.568000 3.000000e+002
2.570000 3.000000e+002
2.572000 3.000000e+002
2.574000 3.000000e+002
2.576000 3.000000e+002
2.578000 3.000000e+002
2.580000 3.000000e+002
2.582000 3.000000e+002
2.584000 3.000000e+002
2.586000 3.000000e+002
2.588000 3.000000e+002
2.590000 3.000000e+002
2.592000 3.000000e+002
2.594000 3.000000e+002
2.596000 3.000000e+002
2.598000 3.000000e+002
2.600000 3.000000e+002
2.602000 3.000000e+002
2.604000 3.000000e+002
2.606000 3.000000e+002
2.608000 3.000000e+002
2.610000 3.000000e+002
2.612000 3.000000e+002
2.614000 3.000000e+002
2.616000 3.000000e+002
2.618000 3.000000e+002
2.620000 3.000000e+002
2.622000 3.000000e+002
2.624000 3.000000e+002
2.626000 3.000000e+002
2.628000 3.000000e+002
2.630000 3.000000e+002
2.632000 3.000000e+002
2.634000 3.000000e+002
2.636000 3.000000e+002
2.638000 3.000000e+002
2.640000 3.000000e+002
2.642000 3.000000e+002
2.644000 3.000000e+002
2.646000 3.000000e+002
2.648000 3.000000e+002
2.650000 3.000000e+002
2.652000 3.000000e+002
2.654000 3.000000e+002
2.656000 3.000000e+002
2.658000 3.000000e+002
2.660000 3.000000e+002
2.662000 3.000000e+002
2.664000 3.000000e+002
2.666000 3.000000e+002
2.668000 3.000000e+002
2.670000 3.000000e+002
2.672000 3.000000e+002
2.674000 3.000000e+002
2.676000 3.000000e+002
2.678000 3.000000e+002
2.680000 3.000000e+002
2.682000 3.000000e+002
2.684000 3.000000e+002
2.686000 3.000000e+002
2.688000 3.000000e+002
2.690000 3.000000e+002
2.692000 3.000000e+002
2.694000 3.000000e+002
2.696000 3.000000e+002
2.698000 3.000000e+002
2.700000 3.000000e+002
2.702000 3.000000e+002
2.704000 3.000000e+002
2.706000 3.000000e+002
2.708000 3.000000e+002
2.710000 3.000000e+002
2.712000 3.000000e+002
2.714000 3.000000e+002
2.716000 3.000000e+002
2.718000 3.000000e+002
2.720000 3.000000e+002
2.722000 3.000000e+002
2.724000 3.000000e+002
2.726000 3.000000e+002
2.728000 3.000000e+002
2.730000 3.000000e+002
2.732000 3.000000e+002
2.734000 3.000000e+002
2.736000 3.000000e+002
2.738000 3.000000e+002
2.740000 3.000000e+002
2.742000 3.000000e+002
2.744000 3.000000e+002
2.746000 3.000000e+002
2.748000 3.000000e+002
2.750000 3.000000e+002
2.752000 3.000000e+002
2.754000 3.000000e+002
2.756000 3.000000e+002
2.758000 3.000000e+002
2.760000 3.000000e+002
2.762000 3.000000e+002
2.764000 3.000000e+002
2.766000 3.000000e+002
2.768000 3.000000e+002
2.770000 3.000000e+002
2.772000 3.000000e+002
2.774000 3.000000e+002
2.776000 3.000000e+002
2.778000 3.000000e+002
2.780000 3.000000e+002
2.782000 3.000000e+002
2.784000 3.000000e+002
2.786000 3.000000e+002
2.788000 3.000000e+002
2.790000 3.000000e+002
2.792000 3.000000e+002
2.794000 3.000000e+002
2.796000 3.000000e+002
2.798000 3.000000e+002
2.800000 3.000000e+002
2.802000 3.000000e+002
2.804000 3.000000e+002
2.806000 3.000000e+002
2.808000 3.000000e+002
2.810000 3.000000e+002
2.812000 3.000000e+002
2.814000 3.000000e+002
2.816000 3.000000e+002
2.818000 3.000000e+002
2.820000 3.000000e+002
2.822000 3.000000e+002
2.824000 3.000000e+002
2.826000 3.000000e+002
2.828000 3.000000e+002
2.830000 3.000000e+002
2.832000 3.000000e+002
2.834000 3.000000e+002
2.836000 3.000000e+002
2.838000 3.000000e+002
2.840000 3.000000e+002
2.842000 3.000000e+002
2.844000 3.000000e+002
2.846000 3.000000e+002
2.848000 3.000000e+002
2.850000 3.000000e+002
2.852000 3.000000e+002
2.854000 3.000000e+002
2.856000 3.000000e+002
2.858000 3.000000e+002
2.860000 3.000000e+002
2.862000 3.000000e+002
2.864000 3.000000e+002
2.866000 3.000000e+002
2.868000 3.000000e+002
2.870000 3.000000e+002
2.872000 3.000000e+002
2.874000 3.000000e+002
2.876000 3.000000e+002
2.878000 3.000000e+002
2.880000 3.000000e+002
2.882000 3.000000e+002
2.884000 3.000000e+002
2.886000 3.000000e+002
2.888000 3.000000e+002
2.890000 3.000000e+002
2.892000 3.000000e+002
2.894000 3.000000e+002
2.896000 3.000000e+002
2.898000 3.000000e+002
2.900000 3.000000e+002
2.902000 3.000000e+002
2.904000 3.000000e+002
2.906000 3.000000e+002
2.908000 3.000000e+002
2.910000 3.000000e+002
2.912000 3.000000e+002
2.914000 3.000000e+002
2.916000 3.000000e+002
2.918000 3.000000e+002
2.920000 3.000000e+002
2.922000 3.000000e+002
2.924000 3.000000e+002
2.926000 3.000000e+002
2.928000 3.000000e+002
2.930000 3.000000e+002
2.932000 3.000000e+002
2.934000 3.000000e+002
2.936000 3.000000e+002
2.938000 3.000000e+002
2.940000 3.000000e+002
2.942000 3.000000e+002
2.944000 3.000000e+002
2.946000 3.000000e+002
2.948000 3.000000e+002
2.950000 3.000000e+002
2.952000 3.000000e+002
2.954000 3.000000e+002
2.956000 3.000000e+002
2.958000 3.000000e+002
2.960000 3.000000e+002
2.962000 3.000000e+002
2.964000 3.000000e+002
2.966000 3.000000e+002
2.968000 3.000000e+002
2.970000 3.000000e+002
2.972000 3.000000e+002
2.974000 3.000000e+002
2.976000 3.000000e+002
2.978000 3.000000e+002
2.980000 3.000000e+002
2.982000 3.000000e+002
2.984000 3.000000e+002
2.986000 3.000000e+002
2.988000 3.000000e+002
2.990000 3.000000e+002
2.992000 3.000000e+002
2.994000 3.000000e+002
2.996000 3.000000e+002
2.998000 3.000000e+002
3.000000 3.000000e+002
3.002000 3.000000e+002
3.004000 3.000000e+002
3.006000 3.000000e+002
3.008000 3.000000e+002
3.010000 3.000000e+002
3.012000 3.000000e+002
3.014000 3.000000e+002
3.016000 3.000000e+002
3.018000 3.000000e+002
3.020000 3.000000e+002
3.022000 3.000000e+002
3.024000 3.000000e+002
3.026000 3.000000e+002
3.028000 3.000000e+002
3.030000 3.000000e+002
3.032000 3.000000e+002
3.034000 3.000000e+002
3.036000 3.000000e+002
3.038000 3.000000e+002
3.040000 3.000000e+002
3.042000 3.000000e+002
3.044000 3.000000e+002
3.046000 3.000000e+002
3.048000 3.000000e+002
3.050000 3.000000e+002
3.052000 3.000000e+002
3.054000 3.000000e+002
3.056000 3.000000e+002
3.058000 3.000000e+002
3.060000 3.000000e+002
3.062000 3.000000e+002
3.064000 3.000000e+002
3.066000 3.000000e+002
3.068000 3.000000e+002
3.070000 3.000000e+002
3.072000 3.000000e+002
3.074000 3.000000e+002
3.076000 3.000000e+002
3.078000 3.000000e+002
3.080000 3.000000e+002
3.082000 3.000000e+002
3.084000 3.000000e+002
3.086000 3.000000e+002
3.088000 3.000000e+002
3.090000 3.000000e+002
3.092000 3.000000e+002
3.094000 3.000000e+002
3.096000 3.000000e+002
3.098000 3.000000e+002
3.100000 3.000000e+002
3.102000 3.000000e+002
3.104000 3.000000e+002
3.106000 3.000000e+002
3.108000 3.000000e+002
3.110000 3.000000e+002
3.112000 3.000000e+002
3.114000 3.000000e+002
3.116000 3.000000e+002
3.118000 3.000000e+002
3.120000 3.000000e+002
3.122000 3.000000e+002
3.124000 3.000000e+002
3.126000 3.000000e+002
3.128000 3.000000e+002
3.130000 3.000000e+002
3.132000 3.000000e+002
3.134000 3.000000e+002
3.136000 3.000000e+002
3.138000 3.000000e+002
3.140000 3.000000e+002
3.142000 3.000000e+002
3.144000 3.000000e+002
3.146000 3.000000e+002
3.148000 3.000000e+002
3.150000 3.000000e+002
3.152000 3.000000e+002
3.154000 3.000000e+002
3.156000 3.000000e+002
3.158000 3.000000e+002
3.160000 3.000000e+002
3.162000 3.000000e+002
3.164000 3.000000e+002
3.166000 3.000000e+002
3.168000 3.000000e+002
3.170000 3.000000e+002
3.172000 3.000000e+002
3.174000 3.000000e+002
3.176000 3.000000e+002
3.178000 3.000000e+002
3.180000 3.000000e+002
3.182000 3.000000e+002
3.184000 3.000000e+002
3.186000 3.000000e+002
3.188000 3.000000e+002
3.190000 3.000000e+002
3.192000 3.000000e+002
3.194000 3.000000e+002
3.196000 3.000000e+002
3.198000 3.000000e+002
3.200000 3.000000e+002
3.202000 3.000000e+002
3.204000 3.000000e+002
3.206000 3.000000e+002
3.208000 3.000000e+002
3.210000 3.000000e+002
3.212000 3.000000e+002
3.214000 3.000000e+002
3.216000 3.000000e+002
3.218000 3.000000e+002
3.220000 3.000000e+002
3.222000 3.000000e+002
3.224000 3.000000e+002
3.226000 3.000000e+002
3.228000 3.000000e+002
3.230000 3.000000e+002
3.232000 3.000000e+002
3.234000 3.000000e+002
3.236000 3.000000e+002
3.238000 3.000000e+002
3.240000 3.000000e+002
3.242000 3.000000e+002
3.244000 3.000000e+002
3.246000 3.000000e+002
3.248000 3.000000e+002
3.250000 3.000000e+002
3.252000 3.000000e+002
3.254000 3.000000e+002
3.256000 3.000000e+002
3.258000 3.000000e+002
3.260000 3.000000e+002
3.262000 3.000000e+002
3.264000 3.000000e+002
3.266000 3.000000e+002
3.268000 3.000000e+002
3.270000 3.000000e+002
3.272000 3.000000e+002
3.274000 3.000000e+002
3.276000 3.000000e+002
3.278000 3.000000e+002
3.280000 3.000000e+002
3.282000 3.000000e+002
3.284000 3.000000e+002
3.286000 3.000000e+002
3.288000 3.000000e+002
3.290000 3.000000e+002
3.292000 3.000000e+002
3.294000 3.000000e+002
3.296000 3.000000e+002
3.298000 3.000000e+002
3.300000 3.000000e+002
3.302000 3.000000e+002
3.304000 3.000000e+002
3.306000 3.000000e+002
3.308000 3.000000e+002
3.310000 3.000000e+002
3.312000 3.000000e+002
3.314000 3.000000e+002
3.316000 3.000000e+002
3.318000 3.000000e+002
3.320000 3.000000e+002
3.322000 3.000000e+002
3.324000 3.000000e+002
3.326000 3.000000e+002
3.328000 3.000000e+002
3.330000 3.000000e+002
3.332000 3.000000e+002
3.334000 3.000000e+002
3.336000 3.000000e+002
3.338000 3.000000e+002
3.340000 3.000000e+002
3.342000 3.000000e+002
3.344000 3.000000e+002
3.346000 3.000000e+002
3.348000 3.000000e+002
3.350000 3.000000e+002
3.352000 3.000000e+002
3.354000 3.000000e+002
3.356000 3.000000e+002
3.358000 3.000000e+002
3.360000 3.000000e+002
3.362000 3.000000e+002
3.364000 3.000000e+002
3.366000 3.000000e+002
3.368000 3.000000e+002
3.370000 3.000000e+002
3.372000 3.000000e+002
3.374000 3.000000e+002
3.376000 3.000000e+002
3.378000 3.000000e+002
3.380000 3.000000e+002
3.382000 3.000000e+002
3.384000 3.000000e+002
3.386000 3.000000e+002
3.388000 3.000000e+002
3.390000 3.000000e+002
3.392000 3.000000e+002
3.394000 3.000000e+002
3.396000 3.000000e+002
3.398000 3.000000e+002
3.400000 3.000000e+002
3.402000 3.000000e+002
3.404000 3.000000e+002
3.406000 3.000000e+002
3.408000 3.000000e+002
3.410000 3.000000e+002
3.412000 3.000000e+002
3.414000 3.000000e+002
3.416000 3.000000e+002
3.418000 3.000000e+002
3.420000 3.000000e+002
3.422000 3.000000e+002
3.424000 3.000000e+002
3.426000 3.000000e+002
3.428000 3.000000e+002
3.430000 3.000000e+002
3.432000 3.000000e+002
3.434000 3.000000e+002
3.436000 3.000000e+002
3.438000 3.000000e+002
3.440000 3.000000e+002
3.442000 3.000000e+002
3.444000 3.000000e+002
3.446000 3.000000e+002
3.448000 3.000000e+002
3.450000 3.000000e+002
3.452000 3.000000e+002
3.454000 3.000000e+002
3.456000 3.000000e+002
3.458000 3.000000e+002
3.460000 3.000000e+002
3.462000 3.000000e+002
3.464000 3.000000e+002
3.466000 3.000000e+002
3.468000 3.000000e+002
3.470000 3.000000e+002
3.472000 3.000000e+002
3.474000 3.000000e+002
3.476000 3.000000e+002
3.478000 3.000000e+002
3.480000 3.000000e+002
3.482000 3.000000e+002
3.484000 3.000000e+002
3.486000 3.000000e+002
3.488000 3.000000e+002
3.490000 3.000000e+002
3.492000 3.000000e+002
3.494000 3.000000e+002
3.496000 3.000000e+002
3.498000 3.000000e+002
3.500000 3.000000e+002
3.502000 3.000000e+002
3.504000 3.000000e+002
3.506000 3.000000e+002
3.508000 3.000000e+002
3.510000 3.000000e+002
3.512000 3.000000e+002
3.514000 3.000000e+002
3.516000 3.000000e+002
3.518000 3.000000e+002
3.520000 3.000000e+002
3.522000 3.000000e+002
3.524000 3.000000e+002
3.526000 3.000000e+002
3.528000 3.000000e+002
3.530000 3.000000e+002
3.532000 3.000000e+002
3.534000 3.000000e+002
3.536000 3.000000e+002
3.538000 3.000000e+002
3.540000 3.000000e+002
3.542000 3.000000e+002
3.544000 3.000000e+002
3.546000 3.000000e+002
3.548000 3.000000e+002
3.550000 3.000000e+002
3.552000 3.000000e+002
3.554000 3.000000e+002
3.556000 3.000000e+002
3.558000 3.000000e+002
3.560000 3.000000e+002
3.562000 3.000000e+002
3.564000 3.000000e+002
3.566000 3.000000e+002
3.568000 3.000000e+002
3.570000 3.000000e+002
3.572000 3.000000e+002
3.574000 3.000000e+002
3.576000 3.000000e+002
3.578000 3.000000e+002
3.580000 3.000000e+002
3.582000 3.000000e+002
3.584000 3.000000e+002
3.586000 3.000000e+002
3.588000 3.000000e+002
3.590000 3.000000e+002
3.592000 3.000000e+002
3.594000 3.000000e+002
3.596000 3.000000e+002
3.598000 3.000000e+002
3.600000 3.000000e+002
3.602000 3.000000e+002
3.604000 3.000000e+002
3.606000 3.000000e+002
3.608000 3.000000e+002
3.610000 3.000000e+002
3.612000 3.000000e+002
3.614000 3.000000e+002
3.616000 3.000000e+002
3.618000 3.000000e+002
3.620000 3.000000e+002
3.622000 3.000000e+002
3.624000 3.000000e+002
3.626000 3.000000e+002
3.628000 3.000000e+002
3.630000 3.000000e+002
3.632000 3.000000e+002
3.634000 3.000000e+002
3.636000 3.000000e+002
3.638000 3.000000e+002
3.640000 3.000000e+002
3.642000 3.000000e+002
3.644000 3.000000e+002
3.646000 3.000000e+002
3.648000 3.000000e+002
3.650000 3.000000e+002
3.652000 3.000000e+002
3.654000 3.000000e+002
3.656000 3.000000e+002
3.658000 3.000000e+002
3.660000 3.000000e+002
3.662000 3.000000e+002
3.664000 3.000000e+002
3.666000 3.000000e+002
3.668000 3.000000e+002
3.670000 3.000000e+002
3.672000 3.000000e+002
3.674000 3.000000e+002
3.676000 3.000000e+002
3.678000 3.000000e+002
3.680000 3.000000e+002
3.682000 3.000000e+002
3.684000 3.000000e+002
3.686000 3.000000e+002
3.688000 3.000000e+002
3.690000 3.000000e+002
3.692000 3.000000e+002
3.694000 3.000000e+002
3.696000 3.000000e+002
3.698000 3.000000e+002
3.700000 3.000000e+002
3.702000 3.000000e+002
3.704000 3.000000e+002
3.706000 3.000000e+002
3.708000 3.000000e+002
3.710000 3.000000e+002
3.712000 3.000000e+002
3.714000 3.000000e+002
3.716000 3.000000e+002
3.718000 3.000000e+002
3.720000 3.000000e+002
3.722000 3.000000e+002
3.724000 3.000000e+002
3.726000 3.000000e+002
3.728000 3.000000e+002
3.730000 3.000000e+002
3.732000 3.000000e+002
3.734000 3.000000e+002
3.736000 3.000000e+002
3.738000 3.000000e+002
3.740000 3.000000e+002
3.742000 3.000000e+002
3.744000 3.000000e+002
3.746000 3.000000e+002
3.748000 3.000000e+002
3.750000 3.000000e+002
3.752000 3.000000e+002
3.754000 3.000000e+002
3.756000 3.000000e+002
3.758000 3.000000e+002
3.760000 3.000000e+002
3.762000 3.000000e+002
3.764000 3.000000e+002
3.766000 3.000000e+002
3.768000 3.000000e+002
3.770000 3.000000e+002
3.772000 3.000000e+002
3.774000 3.000000e+002
3.776000 3.000000e+002
3.778000 3.000000e+002
3.780000 3.000000e+002
3.782000 3.000000e+002
3.784000 3.000000e+002
3.786000 3.000000e+002
3.788000 3.000000e+002
3.790000 3.000000e+002
3.792000 3.000000e+002
3.794000 3.000000e+002
3.796000 3.000000e+002
3.798000 3.000000e+002
3.800000 3.000000e+002
3.802000 3.000000e+002
3.804000 3.000000e+002
3.806000 3.000000e+002
3.808000 3.000000e+002
3.810000 3.000000e+002
3.812000 3.000000e+002
3.814000 3.000000e+002
3.816000 3.000000e+002
3.818000 3.000000e+002
3.820000 3.000000e+002
3.822000 3.000000e+002
3.824000 3.000000e+002
3.826000 3.000000e+002
3.828000 3.000000e+002
3.830000 3.000000e+002
3.832000 3.000000e+002
3.834000 3.000000e+002
3.836000 3.000000e+002
3.838000 3.000000e+002
3.840000 3.000000e+002
3.842000 3.000000e+002
3.844000 3.000000e+002
3.846000 3.000000e+002
3.848000 3.000000e+002
3.850000 3.000000e+002
3.852000 3.000000e+002
3.854000 3.000000e+002
3.856000 3.000000e+002
3.858000 3.000000e+002
3.860000 3.000000e+002
3.862000 3.000000e+002
3.864000 3.000000e+002
3.866000 3.000000e+002
3.868000 3.000000e+002
3.870000 3.000000e+002
3.872000 3.000000e+002
3.874000 3.000000e+002
3.876000 3.000000e+002
3.878000 3.000000e+002
3.880000 3.000000e+002
3.882000 3.000000e+002
3.884000 3.000000e+002
3.886000 3.000000e+002
3.888000 3.000000e+002
3.890000 3.000000e+002
3.892000 3.000000e+002
3.894000 3.000000e+002
3.896000 3.000000e+002
3.898000 3.000000e+002
3.900000 3.000000e+002
3.902000 3.000000e+002
3.904000 3.000000e+002
3.906000 3.000000e+002
3.908000 3.000000e+002
3.910000 3.000000e+002
3.912000 3.000000e+002
3.914000 3.000000e+002
3.916000 3.000000e+002
3.918000 3.000000e+002
3.920000 3.000000e+002
3.922000 3.000000e+002
3.924000 3.000000e+002
3.926000 3.000000e+002
3.928000 3.000000e+002
3.930000 3.000000e+002
3.932000 3.000000e+002
3.934000 3.000000e+002
3.936000 3.000000e+002
3.938000 3.000000e+002
3.940000 3.000000e+002
3.942000 3.000000e+002
3.944000 3.000000e+002
3.946000 3.000000e+002
3.948000 3.000000e+002
3.950000 3.000000e+002
3.952000 3.000000e+002
3.954000 3.000000e+002
3.956000 3.000000e+002
3.958000 3.000000e+002
3.960000 3.000000e+002
3.962000 3.000000e+002
3.964000 3.000000e+002
3.966000 3.000000e+002
3.968000 3.000000e+002
3.970000 3.000000e+002
3.972000 3.000000e+002
3.974000 3.000000e+002
3.976000 3.000000e+002
3.978000 3.000000e+002
3.980000 3.000000e+002
3.982000 3.000000e+002
3.984000 3.000000e+002
3.986000 3.000000e+002
3.988000 3.000000e+002
3.990000 3.000000e+002
3.992000 3.000000e+002
3.994000 3.000000e+002
3.996000 3.000000e+002
3.998000 3.000000e+002
