0.000000 3.060755e+002
0.002000 3.067398e+002
0.004000 3.074041e+002
0.006000 3.080683e+002
0.008000 3.087324e+002
0.010000 3.093964e+002
0.012000 3.100604e+002
0.014000 3.107242e+002
0.016000 3.113880e+002
0.018000 3.120516e+002
0.020000 3.127152e+002
0.022000 3.133786e+002
0.024000 3.140419e+002
0.026000 3.147051e+002
0.028000 3.153681e+002
0.030000 3.160310e+002
0.032000 3.166938e+002
0.034000 3.173564e+002
0.036000 3.180188e+002
0.038000 3.186811e+002
0.040000 3.193432e+002
0.042000 3.200051e+002
0.044000 3.206669e+002
0.046000 3.213284e+002
0.048000 3.219898e+002
0.050000 3.226509e+002
0.052000 3.233119e+002
0.054000 3.239726e+002
0.056000 3.246332e+002
0.058000 3.252935e+002
0.060000 3.259535e+002
0.062000 3.266134e+002
0.064000 3.272729e+002
0.066000 3.279323e+002
0.068000 3.285914e+002
0.070000 3.292502e+002
0.072000 3.299087e+002
0.074000 3.305670e+002
0.076000 3.312250e+002
0.078000 3.318827e+002
0.080000 3.325402e+002
0.082000 3.331973e+002
0.084000 3.338541e+002
0.086000 3.345106e+002
0.088000 3.351668e+002
0.090000 3.358227e+002
0.092000 3.364783e+002
0.094000 3.371335e+002
0.096000 3.377884e+002
0.098000 3.384429e+002
0.100000 3.390971e+002
0.102000 3.397510e+002
0.104000 3.404044e+002
0.106000 3.410575e+002
0.108000 3.417103e+002
0.110000 3.423626e+002
0.112000 3.430146e+002
0.114000 3.436661e+002
0.116000 3.443173e+002
0.118000 3.449681e+002
0.120000 3.456184e+002
0.122000 3.462684e+002
0.124000 3.469179e+002
0.126000 3.475670e+002
0.128000 3.482156e+002
0.130000 3.488639e+002
0.132000 3.495117e+002
0.134000 3.501590e+002
0.136000 3.508058e+002
0.138000 3.514523e+002
0.140000 3.520982e+002
0.142000 3.527437e+002
0.144000 3.533887e+002
0.146000 3.540332e+002
0.148000 3.546772e+002
0.150000 3.553207e+002
0.152000 3.559637e+002
0.154000 3.566062e+002
0.156000 3.572482e+002
0.158000 3.578897e+002
0.160000 3.585306e+002
0.162000 3.591710e+002
0.164000 3.598109e+002
0.166000 3.604502e+002
0.168000 3.610890e+002
0.170000 3.617272e+002
0.172000 3.623649e+002
0.174000 3.630020e+002
0.176000 3.636386e+002
0.178000 3.642745e+002
0.180000 3.649099e+002
0.182000 3.655447e+002
0.184000 3.661789e+002
0.186000 3.668125e+002
0.188000 3.674455e+002
0.190000 3.680778e+002
0.192000 3.687096e+002
0.194000 3.693407e+002
0.196000 3.699712e+002
0.198000 3.706011e+002
0.200000 3.712304e+002
0.202000 3.718590e+002
0.204000 3.724869e+002
0.206000 3.731142e+002
0.208000 3.737408e+002
0.210000 3.743668e+002
0.212000 3.749921e+002
0.214000 3.756167e+002
0.216000 3.762406e+002
0.218000 3.768639e+002
0.220000 3.774864e+002
0.222000 3.781083e+002
0.224000 3.787295e+002
0.226000 3.793499e+002
0.228000 3.799696e+002
0.230000 3.805886e+002
0.232000 3.812069e+002
0.234000 3.818244e+002
0.236000 3.824413e+002
0.238000 3.830573e+002
0.240000 3.836726e+002
0.242000 3.842872e+002
0.244000 3.849010e+002
0.246000 3.855141e+002
0.248000 3.861263e+002
0.250000 3.867378e+002
0.252000 3.873486e+002
0.254000 3.879585e+002
0.256000 3.885676e+002
0.258000 3.891760e+002
0.260000 3.897835e+002
0.262000 3.903903e+002
0.264000 3.909962e+002
0.266000 3.916013e+002
0.268000 3.922056e+002
0.270000 3.928091e+002
0.272000 3.934118e+002
0.274000 3.940136e+002
0.276000 3.946145e+002
0.278000 3.952146e+002
0.280000 3.958139e+002
0.282000 3.964123e+002
0.284000 3.970098e+002
0.286000 3.976065e+002
0.288000 3.982023e+002
0.290000 3.987972e+002
0.292000 3.993913e+002
0.294000 3.999844e+002
0.296000 4.005767e+002
0.298000 4.011681e+002
0.300000 4.017585e+002
0.302000 4.023481e+002
0.304000 4.029367e+002
0.306000 4.035244e+002
0.308000 4.041113e+002
0.310000 4.046971e+002
0.312000 4.052821e+002
0.314000 4.058661e+002
0.316000 4.064491e+002
0.318000 4.070313e+002
0.320000 4.076124e+002
0.322000 4.081926e+002
0.324000 4.087719e+002
0.326000 4.093502e+002
0.328000 4.099275e+002
0.330000 4.105038e+002
0.332000 4.110791e+002
0.334000 4.116535e+002
0.336000 4.122269e+002
0.338000 4.127993e+002
0.340000 4.133707e+002
0.342000 4.139410e+002
0.344000 4.145104e+002
0.346000 4.150788e+002
0.348000 4.156461e+002
0.350000 4.162124e+002
0.352000 4.167777e+002
0.354000 4.173420e+002
0.356000 4.179052e+002
0.358000 4.184674e+002
0.360000 4.190285e+002
0.362000 4.195886e+002
0.364000 4.201476e+002
0.366000 4.207056e+002
0.368000 4.212625e+002
0.370000 4.218183e+002
0.372000 4.223731e+002
0.374000 4.229268e+002
0.376000 4.234794e+002
0.378000 4.240309e+002
0.380000 4.245813e+002
0.382000 4.251307e+002
0.384000 4.256789e+002
0.386000 4.262260e+002
0.388000 4.267721e+002
0.390000 4.273170e+002
0.392000 4.278608e+002
0.394000 4.284035e+002
0.396000 4.289450e+002
0.398000 4.294854e+002
0.400000 4.300247e+002
0.402000 4.305629e+002
0.404000 4.310999e+002
0.406000 4.316357e+002
0.408000 4.321705e+002
0.410000 4.327040e+002
0.412000 4.332364e+002
0.414000 4.337676e+002
0.416000 4.342977e+002
0.418000 4.348266e+002
0.420000 4.353543e+002
0.422000 4.358809e+002
0.424000 4.364062e+002
0.426000 4.369304e+002
0.428000 4.374534e+002
0.430000 4.379752e+002
0.432000 4.384958e+002
0.434000 4.390152e+002
0.436000 4.395334e+002
0.438000 4.400503e+002
0.440000 4.405661e+002
0.442000 4.410806e+002
0.444000 4.415939e+002
0.446000 4.421060e+002
0.448000 4.426169e+002
0.450000 4.431265e+002
0.452000 4.436349e+002
0.454000 4.441420e+002
0.456000 4.446479e+002
0.458000 4.451526e+002
0.460000 4.456560e+002
0.462000 4.461581e+002
0.464000 4.466590e+002
0.466000 4.471586e+002
0.468000 4.476570e+002
0.470000 4.481540e+002
0.472000 4.486498e+002
0.474000 4.491444e+002
0.476000 4.496376e+002
0.478000 4.501296e+002
0.480000 4.506202e+002
0.482000 4.511096e+002
0.484000 4.515977e+002
0.486000 4.520845e+002
0.488000 4.525699e+002
0.490000 4.530541e+002
0.492000 4.535370e+002
0.494000 4.540185e+002
0.496000 4.544988e+002
0.498000 4.549777e+002
0.500000 4.554553e+002
0.502000 4.559315e+002
0.504000 4.564065e+002
0.506000 4.568801e+002
0.508000 4.573523e+002
0.510000 4.578232e+002
0.512000 4.582928e+002
0.514000 4.587610e+002
0.516000 4.592279e+002
0.518000 4.596935e+002
0.520000 4.601576e+002
0.522000 4.606205e+002
0.524000 4.610819e+002
0.526000 4.615420e+002
0.528000 4.620007e+002
0.530000 4.624581e+002
0.532000 4.629140e+002
0.534000 4.633686e+002
0.536000 4.638218e+002
0.538000 4.642737e+002
0.540000 4.647241e+002
0.542000 4.651732e+002
0.544000 4.656208e+002
0.546000 4.660671e+002
0.548000 4.665120e+002
0.550000 4.669554e+002
0.552000 4.673975e+002
0.554000 4.678382e+002
0.556000 4.682774e+002
0.558000 4.687153e+002
0.560000 4.691517e+002
0.562000 4.695867e+002
0.564000 4.700203e+002
0.566000 4.704524e+002
0.568000 4.708832e+002
0.570000 4.713125e+002
0.572000 4.717403e+002
0.574000 4.721668e+002
0.576000 4.725918e+002
0.578000 4.730153e+002
0.580000 4.734375e+002
0.582000 4.738581e+002
0.584000 4.742774e+002
0.586000 4.746951e+002
0.588000 4.751115e+002
0.590000 4.755263e+002
0.592000 4.759398e+002
0.594000 4.763517e+002
0.596000 4.767622e+002
0.598000 4.771712e+002
0.600000 4.775788e+002
0.602000 4.779849e+002
0.604000 4.783895e+002
0.606000 4.787927e+002
0.608000 4.791943e+002
0.610000 4.795945e+002
0.612000 4.799933e+002
0.614000 4.803905e+002
0.616000 4.807862e+002
0.618000 4.811805e+002
0.620000 4.815733e+002
0.622000 4.819645e+002
0.624000 4.823543e+002
0.626000 4.827426e+002
0.628000 4.831294e+002
0.630000 4.835147e+002
0.632000 4.838985e+002
0.634000 4.842808e+002
0.636000 4.846616e+002
0.638000 4.850408e+002
0.640000 4.854186e+002
0.642000 4.857948e+002
0.644000 4.861696e+002
0.646000 4.865428e+002
0.648000 4.869145e+002
0.650000 4.872847e+002
0.652000 4.876533e+002
0.654000 4.880205e+002
0.656000 4.883861e+002
0.658000 4.887502e+002
0.660000 4.891127e+002
0.662000 4.894738e+002
0.664000 4.898332e+002
0.666000 4.901912e+002
0.668000 4.905476e+002
0.670000 4.909025e+002
0.672000 4.912559e+002
0.674000 4.916077e+002
0.676000 4.919579e+002
0.678000 4.923067e+002
0.680000 4.926538e+002
0.682000 4.929995e+002
0.684000 4.933435e+002
0.686000 4.936861e+002
0.688000 4.940271e+002
0.690000 4.943665e+002
0.692000 4.947043e+002
0.694000 4.950407e+002
0.696000 4.953754e+002
0.698000 4.957086e+002
0.700000 4.960403e+002
0.702000 4.963703e+002
0.704000 4.966989e+002
0.706000 4.970258e+002
0.708000 4.973512e+002
0.710000 4.976750e+002
0.712000 4.979973e+002
0.714000 4.983180e+002
0.716000 4.986371e+002
0.718000 4.989546e+002
0.720000 4.992706e+002
0.722000 4.995850e+002
0.724000 4.998978e+002
0.726000 5.002090e+002
0.728000 5.005187e+002
0.730000 5.008268e+002
0.732000 5.011333e+002
0.734000 5.014383e+002
0.736000 5.017416e+002
0.738000 5.020434e+002
0.740000 5.023436e+002
0.742000 5.026422e+002
0.744000 5.029392e+002
0.746000 5.032346e+002
0.748000 5.035285e+002
0.750000 5.038207e+002
0.752000 5.041114e+002
0.754000 5.044005e+002
0.756000 5.046880e+002
0.758000 5.049739e+002
0.760000 5.052582e+002
0.762000 5.055409e+002
0.764000 5.058220e+002
0.766000 5.061015e+002
0.768000 5.063795e+002
0.770000 5.066558e+002
0.772000 5.069306e+002
0.774000 5.072037e+002
0.776000 5.074753e+002
0.778000 5.077452e+002
0.780000 5.080136e+002
0.782000 5.082803e+002
0.784000 5.085455e+002
0.786000 5.088091e+002
0.788000 5.090710e+002
0.790000 5.093314e+002
0.792000 5.095901e+002
0.794000 5.098473e+002
0.796000 5.101029e+002
0.798000 5.103568e+002
0.800000 5.106092e+002
0.802000 5.108599e+002
0.804000 5.111091e+002
0.806000 5.113566e+002
0.808000 5.116025e+002
0.810000 5.118469e+002
0.812000 5.120896e+002
0.814000 5.123307e+002
0.816000 5.125703e+002
0.818000 5.128082e+002
0.820000 5.130445e+002
0.822000 5.132792e+002
0.824000 5.135123e+002
0.826000 5.137438e+002
0.828000 5.139737e+002
0.830000 5.142020e+002
0.832000 5.144287e+002
0.834000 5.146538e+002
0.836000 5.148773e+002
0.838000 5.150991e+002
0.840000 5.153194e+002
0.842000 5.155381e+002
0.844000 5.157551e+002
0.846000 5.159706e+002
0.848000 5.161844e+002
0.850000 5.163967e+002
0.852000 5.166073e+002
0.854000 5.168163e+002
0.856000 5.170237e+002
0.858000 5.172296e+002
0.860000 5.174338e+002
0.862000 5.176364e+002
0.864000 5.178374e+002
0.866000 5.180368e+002
0.868000 5.182347e+002
0.870000 5.184309e+002
0.872000 5.186255e+002
0.874000 5.188185e+002
0.876000 5.190099e+002
0.878000 5.191997e+002
0.880000 5.193879e+002
0.882000 5.195745e+002
0.884000 5.197595e+002
0.886000 5.199429e+002
0.888000 5.201247e+002
0.890000 5.203049e+002
0.892000 5.204835e+002
0.894000 5.206605e+002
0.896000 5.208360e+002
0.898000 5.210098e+002
0.900000 5.211820e+002
0.902000 5.213526e+002
0.904000 5.215217e+002
0.906000 5.216891e+002
0.908000 5.218550e+002
0.910000 5.220193e+002
0.912000 5.221819e+002
0.914000 5.223430e+002
0.916000 5.225025e+002
0.918000 5.226604e+002
0.920000 5.228167e+002
0.922000 5.229715e+002
0.924000 5.231246e+002
0.926000 5.232762e+002
0.928000 5.234262e+002
0.930000 5.235745e+002
0.932000 5.237214e+002
0.934000 5.238666e+002
0.936000 5.240102e+002
0.938000 5.241523e+002
0.940000 5.242928e+002
0.942000 5.244317e+002
0.944000 5.245690e+002
0.946000 5.247048e+002
0.948000 5.248390e+002
0.950000 5.249716e+002
0.952000 5.251027e+002
0.954000 5.252321e+002
0.956000 5.253600e+002
0.958000 5.254864e+002
0.960000 5.256111e+002
0.962000 5.257343e+002
0.964000 5.258559e+002
0.966000 5.259760e+002
0.968000 5.260945e+002
0.970000 5.262114e+002
0.972000 5.263268e+002
0.974000 5.264407e+002
0.976000 5.265529e+002
0.978000 5.266636e+002
0.980000 5.267728e+002
0.982000 5.268804e+002
0.984000 5.269864e+002
0.986000 5.270909e+002
0.988000 5.271939e+002
0.990000 5.272953e+002
0.992000 5.273951e+002
0.994000 5.274934e+002
0.996000 5.275902e+002
0.998000 5.276854e+002
1.000000 5.277791e+002
1.002000 5.278712e+002
1.004000 5.279618e+002
1.006000 5.280508e+002
1.008000 5.281384e+002
1.010000 5.282244e+002
1.012000 5.283088e+002
1.014000 5.283918e+002
1.016000 5.284732e+002
1.018000 5.285530e+002
1.020000 5.286314e+002
1.022000 5.287082e+002
1.024000 5.287835e+002
1.026000 5.288573e+002
1.028000 5.289296e+002
1.030000 5.290003e+002
1.032000 5.290696e+002
1.034000 5.291373e+002
1.036000 5.292035e+002
1.038000 5.292682e+002
1.040000 5.293314e+002
1.042000 5.293931e+002
1.044000 5.294533e+002
1.046000 5.295119e+002
1.048000 5.295691e+002
1.050000 5.296248e+002
1.052000 5.296790e+002
1.054000 5.297317e+002
1.056000 5.297829e+002
1.058000 5.298326e+002
1.060000 5.298808e+002
1.062000 5.299275e+002
1.064000 5.299728e+002
1.066000 5.300166e+002
1.068000 5.300588e+002
1.070000 5.300996e+002
1.072000 5.301390e+002
1.074000 5.301768e+002
1.076000 5.302132e+002
1.078000 5.302481e+002
1.080000 5.302816e+002
1.082000 5.303136e+002
1.084000 5.303441e+002
1.086000 5.303731e+002
1.088000 5.304007e+002
1.090000 5.304268e+002
1.092000 5.304515e+002
1.094000 5.304748e+002
1.096000 5.304965e+002
1.098000 5.305169e+002
1.100000 5.305357e+002
1.102000 5.305532e+002
1.104000 5.305692e+002
1.106000 5.305837e+002
1.108000 5.305969e+002
1.110000 5.306085e+002
1.112000 5.306188e+002
1.114000 5.306276e+002
1.116000 5.306350e+002
1.118000 5.306410e+002
1.120000 5.306455e+002
1.122000 5.306487e+002
1.124000 5.306504e+002
1.126000 5.306507e+002
1.128000 5.306495e+002
1.130000 5.306470e+002
1.132000 5.306431e+002
1.134000 5.306377e+002
1.136000 5.306310e+002
1.138000 5.306228e+002
1.140000 5.306133e+002
1.142000 5.306023e+002
1.144000 5.305900e+002
1.146000 5.305763e+002
1.148000 5.305612e+002
1.150000 5.305447e+002
1.152000 5.305268e+002
1.154000 5.305075e+002
1.156000 5.304869e+002
1.158000 5.304649e+002
1.160000 5.304415e+002
1.162000 5.304167e+002
1.164000 5.303906e+002
1.166000 5.303631e+002
1.168000 5.303343e+002
1.170000 5.303041e+002
1.172000 5.302725e+002
1.174000 5.302396e+002
1.176000 5.302053e+002
1.178000 5.301697e+002
1.180000 5.301327e+002
1.182000 5.300944e+002
1.184000 5.300548e+002
1.186000 5.300138e+002
1.188000 5.299715e+002
1.190000 5.299278e+002
1.192000 5.298829e+002
1.194000 5.298366e+002
1.196000 5.297890e+002
1.198000 5.297400e+002
1.200000 5.296898e+002
1.202000 5.296382e+002
1.204000 5.295853e+002
1.206000 5.295311e+002
1.208000 5.294756e+002
1.210000 5.294188e+002
1.212000 5.293607e+002
1.214000 5.293013e+002
1.216000 5.292406e+002
1.218000 5.291787e+002
1.220000 5.291154e+002
1.222000 5.290508e+002
1.224000 5.289850e+002
1.226000 5.289179e+002
1.228000 5.288495e+002
1.230000 5.287799e+002
1.232000 5.287089e+002
1.234000 5.286367e+002
1.236000 5.285633e+002
1.238000 5.284886e+002
1.240000 5.284126e+002
1.242000 5.283354e+002
1.244000 5.282569e+002
1.246000 5.281772e+002
1.248000 5.280962e+002
1.250000 5.280140e+002
1.252000 5.279305e+002
1.254000 5.278458e+002
1.256000 5.277599e+002
1.258000 5.276728e+002
1.260000 5.275844e+002
1.262000 5.274948e+002
1.264000 5.274040e+002
1.266000 5.273120e+002
1.268000 5.272187e+002
1.270000 5.271243e+002
1.272000 5.270286e+002
1.274000 5.269317e+002
1.276000 5.268337e+002
1.278000 5.267344e+002
1.280000 5.266340e+002
1.282000 5.265323e+002
1.284000 5.264295e+002
1.286000 5.263255e+002
1.288000 5.262203e+002
1.290000 5.261139e+002
1.292000 5.260064e+002
1.294000 5.258976e+002
1.296000 5.257878e+002
1.298000 5.256767e+002
1.300000 5.255645e+002
1.302000 5.254511e+002
1.304000 5.253366e+002
1.306000 5.252209e+002
1.308000 5.251041e+002
1.310000 5.249862e+002
1.312000 5.248671e+002
1.314000 5.247468e+002
1.316000 5.246255e+002
1.318000 5.245030e+002
1.320000 5.243793e+002
1.322000 5.242546e+002
1.324000 5.241287e+002
1.326000 5.240017e+002
1.328000 5.238736e+002
1.330000 5.237444e+002
1.332000 5.236141e+002
1.334000 5.234827e+002
1.336000 5.233502e+002
1.338000 5.232165e+002
1.340000 5.230818e+002
1.342000 5.229460e+002
1.344000 5.228092e+002
1.346000 5.226712e+002
1.348000 5.225322e+002
1.350000 5.223920e+002
1.352000 5.222509e+002
1.354000 5.221086e+002
1.356000 5.219653e+002
1.358000 5.218209e+002
1.360000 5.216755e+002
1.362000 5.215290e+002
1.364000 5.213814e+002
1.366000 5.212329e+002
1.368000 5.210832e+002
1.370000 5.209326e+002
1.372000 5.207809e+002
1.374000 5.206281e+002
1.376000 5.204744e+002
1.378000 5.203196e+002
1.380000 5.201637e+002
1.382000 5.200069e+002
1.384000 5.198491e+002
1.386000 5.196902e+002
1.388000 5.195304e+002
1.390000 5.193695e+002
1.392000 5.192076e+002
1.394000 5.190448e+002
1.396000 5.188809e+002
1.398000 5.187161e+002
1.400000 5.185502e+002
1.402000 5.183834e+002
1.404000 5.182156e+002
1.406000 5.180469e+002
1.408000 5.178771e+002
1.410000 5.177064e+002
1.412000 5.175348e+002
1.414000 5.173622e+002
1.416000 5.171886e+002
1.418000 5.170140e+002
1.420000 5.168386e+002
1.422000 5.166621e+002
1.424000 5.164848e+002
1.426000 5.163065e+002
1.428000 5.161272e+002
1.430000 5.159471e+002
1.432000 5.157660e+002
1.434000 5.155839e+002
1.436000 5.154010e+002
1.438000 5.152172e+002
1.440000 5.150324e+002
1.442000 5.148467e+002
1.444000 5.146601e+002
1.446000 5.144727e+002
1.448000 5.142843e+002
1.450000 5.140950e+002
1.452000 5.139049e+002
1.454000 5.137138e+002
1.456000 5.135219e+002
1.458000 5.133291e+002
1.460000 5.131354e+002
1.462000 5.129408e+002
1.464000 5.127454e+002
1.466000 5.125491e+002
1.468000 5.123520e+002
1.470000 5.121540e+002
1.472000 5.119552e+002
1.474000 5.117555e+002
1.476000 5.115549e+002
1.478000 5.113535e+002
1.480000 5.111513e+002
1.482000 5.109483e+002
1.484000 5.107444e+002
1.486000 5.105397e+002
1.488000 5.103342e+002
1.490000 5.101278e+002
1.492000 5.099206e+002
1.494000 5.097127e+002
1.496000 5.095039e+002
1.498000 5.092943e+002
1.500000 5.090839e+002
1.502000 5.088727e+002
1.504000 5.086608e+002
1.506000 5.084480e+002
1.508000 5.082345e+002
1.510000 5.080201e+002
1.512000 5.078050e+002
1.514000 5.075892e+002
1.516000 5.073725e+002
1.518000 5.071551e+002
1.520000 5.069369e+002
1.522000 5.067180e+002
1.524000 5.064983e+002
1.526000 5.062779e+002
1.528000 5.060567e+002
1.530000 5.058348e+002
1.532000 5.056121e+002
1.534000 5.053887e+002
1.536000 5.051646e+002
1.538000 5.049397e+002
1.540000 5.047142e+002
1.542000 5.044879e+002
1.544000 5.042608e+002
1.546000 5.040331e+002
1.548000 5.038047e+002
1.550000 5.035755e+002
1.552000 5.033457e+002
1.554000 5.031152e+002
1.556000 5.028839e+002
1.558000 5.026520e+002
1.560000 5.024194e+002
1.562000 5.021861e+002
1.564000 5.019521e+002
1.566000 5.017175e+002
1.568000 5.014822e+002
1.570000 5.012462e+002
1.572000 5.010095e+002
1.574000 5.007722e+002
1.576000 5.005342e+002
1.578000 5.002956e+002
1.580000 5.000564e+002
1.582000 4.998165e+002
1.584000 4.995759e+002
1.586000 4.993347e+002
1.588000 4.990929e+002
1.590000 4.988504e+002
1.592000 4.986074e+002
1.594000 4.983637e+002
1.596000 4.981194e+002
1.598000 4.978744e+002
1.600000 4.976289e+002
1.602000 4.973827e+002
1.604000 4.971360e+002
1.606000 4.968886e+002
1.608000 4.966407e+002
1.610000 4.963922e+002
1.612000 4.961430e+002
1.614000 4.958933e+002
1.616000 4.956430e+002
1.618000 4.953922e+002
1.620000 4.951407e+002
1.622000 4.948887e+002
1.624000 4.946361e+002
1.626000 4.943830e+002
1.628000 4.941293e+002
1.630000 4.938750e+002
1.632000 4.936202e+002
1.634000 4.933649e+002
1.636000 4.931090e+002
1.638000 4.928526e+002
1.640000 4.925956e+002
1.642000 4.923381e+002
1.644000 4.920801e+002
1.646000 4.918215e+002
1.648000 4.915624e+002
1.650000 4.913028e+002
1.652000 4.910427e+002
1.654000 4.907821e+002
1.656000 4.905210e+002
1.658000 4.902594e+002
1.660000 4.899972e+002
1.662000 4.897346e+002
1.664000 4.894715e+002
1.666000 4.892079e+002
1.668000 4.889438e+002
1.670000 4.886793e+002
1.672000 4.884142e+002
1.674000 4.881487e+002
1.676000 4.878827e+002
1.678000 4.876163e+002
1.680000 4.873493e+002
1.682000 4.870820e+002
1.684000 4.868141e+002
1.686000 4.865459e+002
1.688000 4.862771e+002
1.690000 4.860080e+002
1.692000 4.857383e+002
1.694000 4.854683e+002
1.696000 4.851978e+002
1.698000 4.849269e+002
1.700000 4.846556e+002
1.702000 4.843838e+002
1.704000 4.841116e+002
1.706000 4.838390e+002
1.708000 4.835660e+002
1.710000 4.832926e+002
1.712000 4.830188e+002
1.714000 4.827446e+002
1.716000 4.824700e+002
1.718000 4.821949e+002
1.720000 4.819195e+002
1.722000 4.816438e+002
1.724000 4.813676e+002
1.726000 4.810910e+002
1.728000 4.808141e+002
1.730000 4.805368e+002
1.732000 4.802591e+002
1.734000 4.799811e+002
1.736000 4.797027e+002
1.738000 4.794239e+002
1.740000 4.791448e+002
1.742000 4.788654e+002
1.744000 4.785856e+002
1.746000 4.783054e+002
1.748000 4.780249e+002
1.750000 4.777441e+002
1.752000 4.774629e+002
1.754000 4.771814e+002
1.756000 4.768996e+002
1.758000 4.766175e+002
1.760000 4.763350e+002
1.762000 4.760522e+002
1.764000 4.757691e+002
1.766000 4.754857e+002
1.768000 4.752020e+002
1.770000 4.749180e+002
1.772000 4.746337e+002
1.774000 4.743491e+002
1.776000 4.740642e+002
1.778000 4.737790e+002
1.780000 4.734935e+002
1.782000 4.732077e+002
1.784000 4.729217e+002
1.786000 4.726354e+002
1.788000 4.723488e+002
1.790000 4.720620e+002
1.792000 4.717748e+002
1.794000 4.714875e+002
1.796000 4.711998e+002
1.798000 4.709119e+002
1.800000 4.706238e+002
1.802000 4.703354e+002
1.804000 4.700468e+002
1.806000 4.697579e+002
1.808000 4.694688e+002
1.810000 4.691794e+002
1.812000 4.688898e+002
1.814000 4.686000e+002
1.816000 4.683100e+002
1.818000 4.680197e+002
1.820000 4.677292e+002
1.822000 4.674385e+002
1.824000 4.671476e+002
1.826000 4.668565e+002
1.828000 4.665652e+002
1.830000 4.662737e+002
1.832000 4.659819e+002
1.834000 4.656900e+002
1.836000 4.653979e+002
1.838000 4.651056e+002
1.840000 4.648131e+002
1.842000 4.645204e+002
1.844000 4.642276e+002
1.846000 4.639346e+002
1.848000 4.636414e+002
1.850000 4.633480e+002
1.852000 4.630545e+002
1.854000 4.627608e+002
1.856000 4.624669e+002
1.858000 4.621729e+002
1.860000 4.618787e+002
1.862000 4.615844e+002
1.864000 4.612899e+002
1.866000 4.609953e+002
1.868000 4.607005e+002
1.870000 4.604056e+002
1.872000 4.601106e+002
1.874000 4.598155e+002
1.876000 4.595202e+002
1.878000 4.592247e+002
1.880000 4.589292e+002
1.882000 4.586335e+002
1.884000 4.583378e+002
1.886000 4.580419e+002
1.888000 4.577459e+002
1.890000 4.574497e+002
1.892000 4.571535e+002
1.894000 4.568572e+002
1.896000 4.565608e+002
1.898000 4.562643e+002
1.900000 4.559677e+002
1.902000 4.556710e+002
1.904000 4.553742e+002
1.906000 4.550773e+002
1.908000 4.547804e+002
1.910000 4.544834e+002
1.912000 4.541863e+002
1.914000 4.538891e+002
1.916000 4.535919e+002
1.918000 4.532945e+002
1.920000 4.529972e+002
1.922000 4.526998e+002
1.924000 4.524023e+002
1.926000 4.521047e+002
1.928000 4.518071e+002
1.930000 4.515095e+002
1.932000 4.512118e+002
1.934000 4.509141e+002
1.936000 4.506163e+002
1.938000 4.503185e+002
1.940000 4.500207e+002
1.942000 4.497228e+002
1.944000 4.494249e+002
1.946000 4.491270e+002
1.948000 4.488290e+002
1.950000 4.485311e+002
1.952000 4.482331e+002
1.954000 4.479351e+002
1.956000 4.476371e+002
1.958000 4.473390e+002
1.960000 4.470410e+002
1.962000 4.467430e+002
1.964000 4.464450e+002
1.966000 4.461469e+002
1.968000 4.458489e+002
1.970000 4.455509e+002
1.972000 4.452529e+002
1.974000 4.449549e+002
1.976000 4.446569e+002
1.978000 4.443590e+002
1.980000 4.440610e+002
1.982000 4.437631e+002
1.984000 4.434652e+002
1.986000 4.431674e+002
1.988000 4.428696e+002
1.990000 4.425718e+002
1.992000 4.422740e+002
1.994000 4.419763e+002
1.996000 4.416786e+002
1.998000 4.413810e+002
2.000000 4.410834e+002
2.002000 4.407859e+002
2.004000 4.404884e+002
2.006000 4.401910e+002
2.008000 4.398936e+002
2.010000 4.395963e+002
2.012000 4.392991e+002
2.014000 4.390019e+002
2.016000 4.387048e+002
2.018000 4.384078e+002
2.020000 4.381108e+002
2.022000 4.378140e+002
2.024000 4.375171e+002
2.026000 4.372204e+002
2.028000 4.369238e+002
2.030000 4.366272e+002
2.032000 4.363308e+002
2.034000 4.360344e+002
2.036000 4.357381e+002
2.038000 4.354419e+002
2.040000 4.351458e+002
2.042000 4.348498e+002
2.044000 4.345539e+002
2.046000 4.342581e+002
2.048000 4.339625e+002
2.050000 4.336669e+002
2.052000 4.333714e+002
2.054000 4.330761e+002
2.056000 4.327809e+002
2.058000 4.324858e+002
2.060000 4.321908e+002
2.062000 4.318959e+002
2.064000 4.316012e+002
2.066000 4.313066e+002
2.068000 4.310121e+002
2.070000 4.307178e+002
2.072000 4.304236e+002
2.074000 4.301295e+002
2.076000 4.298356e+002
2.078000 4.295418e+002
2.080000 4.292482e+002
2.082000 4.289547e+002
2.084000 4.286614e+002
2.086000 4.283682e+002
2.088000 4.280751e+002
2.090000 4.277822e+002
2.092000 4.274895e+002
2.094000 4.271970e+002
2.096000 4.269046e+002
2.098000 4.266123e+002
2.100000 4.263203e+002
2.102000 4.260284e+002
2.104000 4.257366e+002
2.106000 4.254451e+002
2.108000 4.251537e+002
2.110000 4.248625e+002
2.112000 4.245715e+002
2.114000 4.242806e+002
2.116000 4.239900e+002
2.118000 4.236995e+002
2.120000 4.234092e+002
2.122000 4.231191e+002
2.124000 4.228292e+002
2.126000 4.225395e+002
2.128000 4.222500e+002
2.130000 4.219607e+002
2.132000 4.216716e+002
2.134000 4.213826e+002
2.136000 4.210939e+002
2.138000 4.208054e+002
2.140000 4.205171e+002
2.142000 4.202290e+002
2.144000 4.199412e+002
2.146000 4.196535e+002
2.148000 4.193661e+002
2.150000 4.190789e+002
2.152000 4.187918e+002
2.154000 4.185051e+002
2.156000 4.182185e+002
2.158000 4.179322e+002
2.160000 4.176461e+002
2.162000 4.173602e+002
2.164000 4.170745e+002
2.166000 4.167891e+002
2.168000 4.165039e+002
2.170000 4.162190e+002
2.172000 4.159343e+002
2.174000 4.156498e+002
2.176000 4.153656e+002
2.178000 4.150816e+002
2.180000 4.147979e+002
2.182000 4.145144e+002
2.184000 4.142312e+002
2.186000 4.139482e+002
2.188000 4.136655e+002
2.190000 4.133830e+002
2.192000 4.131008e+002
2.194000 4.128188e+002
2.196000 4.125371e+002
2.198000 4.122557e+002
2.200000 4.119745e+002
2.202000 4.116936e+002
2.204000 4.114130e+002
2.206000 4.111326e+002
2.208000 4.108525e+002
2.210000 4.105727e+002
2.212000 4.102931e+002
2.214000 4.100138e+002
2.216000 4.097348e+002
2.218000 4.094561e+002
2.220000 4.091777e+002
2.222000 4.088995e+002
2.224000 4.086216e+002
2.226000 4.083440e+002
2.228000 4.080667e+002
2.230000 4.077897e+002
2.232000 4.075130e+002
2.234000 4.072365e+002
2.236000 4.069604e+002
2.238000 4.066845e+002
2.240000 4.064089e+002
2.242000 4.061337e+002
2.244000 4.058587e+002
2.246000 4.055841e+002
2.248000 4.053097e+002
2.250000 4.050356e+002
2.252000 4.047619e+002
2.254000 4.044885e+002
2.256000 4.042153e+002
2.258000 4.039425e+002
2.260000 4.036700e+002
2.262000 4.033978e+002
2.264000 4.031259e+002
2.266000 4.028543e+002
2.268000 4.025830e+002
2.270000 4.023121e+002
2.272000 4.020415e+002
2.274000 4.017712e+002
2.276000 4.015012e+002
2.278000 4.012315e+002
2.280000 4.009622e+002
2.282000 4.006932e+002
2.284000 4.004245e+002
2.286000 4.001562e+002
2.288000 3.998881e+002
2.290000 3.996205e+002
2.292000 3.993531e+002
2.294000 3.990861e+002
2.296000 3.988194e+002
2.298000 3.985530e+002
2.300000 3.982870e+002
2.302000 3.980214e+002
2.304000 3.977560e+002
2.306000 3.974910e+002
2.308000 3.972264e+002
2.310000 3.969621e+002
2.312000 3.966981e+002
2.314000 3.964345e+002
2.316000 3.961712e+002
2.318000 3.959083e+002
2.320000 3.956458e+002
2.322000 3.953836e+002
2.324000 3.951217e+002
2.326000 3.948602e+002
2.328000 3.945990e+002
2.330000 3.943382e+002
2.332000 3.940778e+002
2.334000 3.938177e+002
2.336000 3.935580e+002
2.338000 3.932986e+002
2.340000 3.930396e+002
2.342000 3.927810e+002
2.344000 3.925227e+002
2.346000 3.922648e+002
2.348000 3.920073e+002
2.350000 3.917501e+002
2.352000 3.914933e+002
2.354000 3.912368e+002
2.356000 3.909808e+002
2.358000 3.907251e+002
2.360000 3.904697e+002
2.362000 3.902148e+002
2.364000 3.899602e+002
2.366000 3.897060e+002
2.368000 3.894522e+002
2.370000 3.891987e+002
2.372000 3.889457e+002
2.374000 3.886930e+002
2.376000 3.884407e+002
2.378000 3.881887e+002
2.380000 3.879372e+002
2.382000 3.876860e+002
2.384000 3.874352e+002
2.386000 3.871848e+002
2.388000 3.869348e+002
2.390000 3.866852e+002
2.392000 3.864359e+002
2.394000 3.861871e+002
2.396000 3.859386e+002
2.398000 3.856906e+002
2.400000 3.854429e+002
2.402000 3.851956e+002
2.404000 3.849487e+002
2.406000 3.847022e+002
2.408000 3.844561e+002
2.410000 3.842104e+002
2.412000 3.839650e+002
2.414000 3.837201e+002
2.416000 3.834756e+002
2.418000 3.832315e+002
2.420000 3.829877e+002
2.422000 3.827444e+002
2.424000 3.825015e+002
2.426000 3.822590e+002
2.428000 3.820168e+002
2.430000 3.817751e+002
2.432000 3.815338e+002
2.434000 3.812929e+002
2.436000 3.810524e+002
2.438000 3.808123e+002
2.440000 3.805726e+002
2.442000 3.803333e+002
2.444000 3.800944e+002
2.446000 3.798560e+002
2.448000 3.796179e+002
2.450000 3.793802e+002
2.452000 3.791430e+002
2.454000 3.789062e+002
2.456000 3.786697e+002
2.458000 3.784337e+002
2.460000 3.781981e+002
2.462000 3.779630e+002
2.464000 3.777282e+002
2.466000 3.774938e+002
2.468000 3.772599e+002
2.470000 3.770264e+002
2.472000 3.767933e+002
2.474000 3.765606e+002
2.476000 3.763283e+002
2.478000 3.760965e+002
2.480000 3.758651e+002
2.482000 3.756341e+002
2.484000 3.754035e+002
2.486000 3.751733e+002
2.488000 3.749435e+002
2.490000 3.747142e+002
2.492000 3.744853e+002
2.494000 3.742568e+002
2.496000 3.740288e+002
2.498000 3.738011e+002
2.500000 3.735739e+002
2.502000 3.733471e+002
2.504000 3.731208e+002
2.506000 3.728948e+002
2.508000 3.726693e+002
2.510000 3.724443e+002
2.512000 3.722196e+002
2.514000 3.719954e+002
2.516000 3.717716e+002
2.518000 3.715482e+002
2.520000 3.713252e+002
2.522000 3.711027e+002
2.524000 3.708806e+002
2.526000 3.706590e+002
2.528000 3.704378e+002
2.530000 3.702170e+002
2.532000 3.699966e+002
2.534000 3.697767e+002
2.536000 3.695572e+002
2.538000 3.693381e+002
2.540000 3.691195e+002
2.542000 3.689013e+002
2.544000 3.686835e+002
2.546000 3.684662e+002
2.548000 3.682493e+002
2.550000 3.680328e+002
2.552000 3.678168e+002
2.554000 3.676012e+002
2.556000 3.673860e+002
2.558000 3.671713e+002
2.560000 3.669570e+002
2.562000 3.667431e+002
2.564000 3.665297e+002
2.566000 3.663167e+002
2.568000 3.661042e+002
2.570000 3.658920e+002
2.572000 3.656804e+002
2.574000 3.654691e+002
2.576000 3.652583e+002
2.578000 3.650480e+002
2.580000 3.648381e+002
2.582000 3.646286e+002
2.584000 3.644195e+002
2.586000 3.642109e+002
2.588000 3.640027e+002
2.590000 3.637950e+002
2.592000 3.635877e+002
2.594000 3.633809e+002
2.596000 3.631745e+002
2.598000 3.629685e+002
2.600000 3.627630e+002
2.602000 3.625579e+002
2.604000 3.623532e+002
2.606000 3.621490e+002
2.608000 3.619452e+002
2.610000 3.617419e+002
2.612000 3.615390e+002
2.614000 3.613366e+002
2.616000 3.611346e+002
2.618000 3.609330e+002
2.620000 3.607319e+002
2.622000 3.605312e+002
2.624000 3.603310e+002
2.626000 3.601312e+002
2.628000 3.599318e+002
2.630000 3.597329e+002
2.632000 3.595344e+002
2.634000 3.593364e+002
2.636000 3.591388e+002
2.638000 3.589416e+002
2.640000 3.587449e+002
2.642000 3.585487e+002
2.644000 3.583529e+002
2.646000 3.581575e+002
2.648000 3.579625e+002
2.650000 3.577680e+002
2.652000 3.575740e+002
2.654000 3.573804e+002
2.656000 3.571872e+002
2.658000 3.569945e+002
2.660000 3.568022e+002
2.662000 3.566104e+002
2.664000 3.564190e+002
2.666000 3.562280e+002
2.668000 3.560375e+002
2.670000 3.558474e+002
2.672000 3.556578e+002
2.674000 3.554686e+002
2.676000 3.552799e+002
2.678000 3.550915e+002
2.680000 3.549037e+002
2.682000 3.547163e+002
2.684000 3.545293e+002
2.686000 3.543427e+002
2.688000 3.541566e+002
2.690000 3.539710e+002
2.692000 3.537858e+002
2.694000 3.536010e+002
2.696000 3.534167e+002
2.698000 3.532328e+002
2.700000 3.530493e+002
2.702000 3.528663e+002
2.704000 3.526838e+002
2.706000 3.525016e+002
2.708000 3.523199e+002
2.710000 3.521387e+002
2.712000 3.519579e+002
2.714000 3.517775e+002
2.716000 3.515976e+002
2.718000 3.514181e+002
2.720000 3.512391e+002
2.722000 3.510605e+002
2.724000 3.508823e+002
2.726000 3.507046e+002
2.728000 3.505273e+002
2.730000 3.503504e+002
2.732000 3.501740e+002
2.734000 3.499980e+002
2.736000 3.498225e+002
2.738000 3.496474e+002
2.740000 3.494728e+002
2.742000 3.492985e+002
2.744000 3.491248e+002
2.746000 3.489514e+002
2.748000 3.487785e+002
2.750000 3.486060e+002
2.752000 3.484340e+002
2.754000 3.482624e+002
2.756000 3.480912e+002
2.758000 3.479205e+002
2.760000 3.477502e+002
2.762000 3.475804e+002
2.764000 3.474109e+002
2.766000 3.472419e+002
2.768000 3.470734e+002
2.770000 3.469053e+002
2.772000 3.467376e+002
2.774000 3.465703e+002
2.776000 3.464035e+002
2.778000 3.462371e+002
2.780000 3.460712e+002
2.782000 3.459057e+002
2.784000 3.457406e+002
2.786000 3.455759e+002
2.788000 3.454117e+002
2.790000 3.452479e+002
2.792000 3.450846e+002
2.794000 3.449216e+002
2.796000 3.447591e+002
2.798000 3.445971e+002
2.800000 3.444354e+002
2.802000 3.442742e+002
2.804000 3.441135e+002
2.806000 3.439531e+002
2.808000 3.437932e+002
2.810000 3.436337e+002
2.812000 3.434746e+002
2.814000 3.433160e+002
2.816000 3.431578e+002
2.818000 3.430000e+002
2.820000 3.428427e+002
2.822000 3.426857e+002
2.824000 3.425292e+002
2.826000 3.423731e+002
2.828000 3.422175e+002
2.830000 3.420623e+002
2.832000 3.419075e+002
2.834000 3.417531e+002
2.836000 3.415991e+002
2.838000 3.414456e+002
2.840000 3.412925e+002
2.842000 3.411398e+002
2.844000 3.409875e+002
2.846000 3.408357e+002
2.848000 3.406843e+002
2.850000 3.405333e+002
2.852000 3.403827e+002
2.854000 3.402325e+002
2.856000 3.400828e+002
2.858000 3.399335e+002
2.860000 3.397845e+002
2.862000 3.396361e+002
2.864000 3.394880e+002
2.866000 3.393403e+002
2.868000 3.391931e+002
2.870000 3.390463e+002
2.872000 3.388999e+002
2.874000 3.387539e+002
2.876000 3.386083e+002
2.878000 3.384632e+002
2.880000 3.383184e+002
2.882000 3.381741e+002
2.884000 3.380302e+002
2.886000 3.378867e+002
2.888000 3.377436e+002
2.890000 3.376009e+002
2.892000 3.374587e+002
2.894000 3.373168e+002
2.896000 3.371754e+002
2.898000 3.370343e+002
2.900000 3.368937e+002
2.902000 3.367535e+002
2.904000 3.366137e+002
2.906000 3.364743e+002
2.908000 3.363353e+002
2.910000 3.361967e+002
2.912000 3.360585e+002
2.914000 3.359208e+002
2.916000 3.357834e+002
2.918000 3.356464e+002
2.920000 3.355099e+002
2.922000 3.353737e+002
2.924000 3.352380e+002
2.926000 3.351026e+002
2.928000 3.349677e+002
2.930000 3.348332e+002
2.932000 3.346990e+002
2.934000 3.345653e+002
2.936000 3.344320e+002
2.938000 3.342990e+002
2.940000 3.341665e+002
2.942000 3.340344e+002
2.944000 3.339026e+002
2.946000 3.337713e+002
2.948000 3.336403e+002
2.950000 3.335098e+002
2.952000 3.333796e+002
2.954000 3.332499e+002
2.956000 3.331205e+002
2.958000 3.329916e+002
2.960000 3.328630e+002
2.962000 3.327348e+002
2.964000 3.326070e+002
2.966000 3.324796e+002
2.968000 3.323526e+002
2.970000 3.322260e+002
2.972000 3.320998e+002
2.974000 3.319740e+002
2.976000 3.318486e+002
2.978000 3.317235e+002
2.980000 3.315989e+002
2.982000 3.314746e+002
2.984000 3.313507e+002
2.986000 3.312272e+002
2.988000 3.311041e+002
2.990000 3.309814e+002
2.992000 3.308590e+002
2.994000 3.307371e+002
2.996000 3.306155e+002
2.998000 3.304943e+002
3.000000 3.303735e+002
3.002000 3.302531e+002
3.004000 3.301330e+002
3.006000 3.300134e+002
3.008000 3.298941e+002
3.010000 3.297752e+002
3.012000 3.296567e+002
3.014000 3.295385e+002
3.016000 3.294208e+002
3.018000 3.293034e+002
3.020000 3.291864e+002
3.022000 3.290697e+002
3.024000 3.289535e+002
3.026000 3.288376e+002
3.028000 3.287221e+002
3.030000 3.286070e+002
3.032000 3.284922e+002
3.034000 3.283778e+002
3.036000 3.282638e+002
3.038000 3.281502e+002
3.040000 3.280369e+002
3.042000 3.279240e+002
3.044000 3.278114e+002
3.046000 3.276993e+002
3.048000 3.275875e+002
3.050000 3.274760e+002
3.052000 3.273650e+002
3.054000 3.272543e+002
3.056000 3.271440e+002
3.058000 3.270340e+002
3.060000 3.269244e+002
3.062000 3.268152e+002
3.064000 3.267063e+002
3.066000 3.265978e+002
3.068000 3.264896e+002
3.070000 3.263818e+002
3.072000 3.262744e+002
3.074000 3.261673e+002
3.076000 3.260606e+002
3.078000 3.259543e+002
3.080000 3.258483e+002
3.082000 3.257427e+002
3.084000 3.256374e+002
3.086000 3.255325e+002
3.088000 3.254279e+002
3.090000 3.253237e+002
3.092000 3.252198e+002
3.094000 3.251163e+002
3.096000 3.250132e+002
3.098000 3.249104e+002
3.100000 3.248080e+002
3.102000 3.247059e+002
3.104000 3.246041e+002
3.106000 3.245027e+002
3.108000 3.244017e+002
3.110000 3.243010e+002
3.112000 3.242007e+002
3.114000 3.241007e+002
3.116000 3.240010e+002
3.118000 3.239017e+002
3.120000 3.238027e+002
3.122000 3.237041e+002
3.124000 3.236059e+002
3.126000 3.235079e+002
3.128000 3.234104e+002
3.130000 3.233131e+002
3.132000 3.232162e+002
3.134000 3.231196e+002
3.136000 3.230234e+002
3.138000 3.229275e+002
3.140000 3.228320e+002
3.142000 3.227368e+002
3.144000 3.226419e+002
3.146000 3.225474e+002
3.148000 3.224532e+002
3.150000 3.223594e+002
3.152000 3.222658e+002
3.154000 3.221726e+002
3.156000 3.220798e+002
3.158000 3.219873e+002
3.160000 3.218951e+002
3.162000 3.218032e+002
3.164000 3.217117e+002
3.166000 3.216205e+002
3.168000 3.215296e+002
3.170000 3.214391e+002
3.172000 3.213489e+002
3.174000 3.212590e+002
3.176000 3.211695e+002
3.178000 3.210802e+002
3.180000 3.209913e+002
3.182000 3.209027e+002
3.184000 3.208145e+002
3.186000 3.207266e+002
3.188000 3.206390e+002
3.190000 3.205517e+002
3.192000 3.204647e+002
3.194000 3.203781e+002
3.196000 3.202917e+002
3.198000 3.202057e+002
3.200000 3.201201e+002
3.202000 3.200347e+002
3.204000 3.199497e+002
3.206000 3.198649e+002
3.208000 3.197805e+002
3.210000 3.196964e+002
3.212000 3.196126e+002
3.214000 3.195292e+002
3.216000 3.194460e+002
3.218000 3.193632e+002
3.220000 3.192806e+002
3.222000 3.191984e+002
3.224000 3.191165e+002
3.226000 3.190349e+002
3.228000 3.189536e+002
3.230000 3.188727e+002
3.232000 3.187920e+002
3.234000 3.187116e+002
3.236000 3.186316e+002
3.238000 3.185519e+002
3.240000 3.184724e+002
3.242000 3.183933e+002
3.244000 3.183144e+002
3.246000 3.182359e+002
3.248000 3.181577e+002
3.250000 3.180798e+002
3.252000 3.180022e+002
3.254000 3.179248e+002
3.256000 3.178478e+002
3.258000 3.177711e+002
3.260000 3.176947e+002
3.262000 3.176186e+002
3.264000 3.175428e+002
3.266000 3.174672e+002
3.268000 3.173920e+002
3.270000 3.173171e+002
3.272000 3.172425e+002
3.274000 3.171681e+002
3.276000 3.170941e+002
3.278000 3.170203e+002
3.280000 3.169469e+002
3.282000 3.168737e+002
3.284000 3.168008e+002
3.286000 3.167282e+002
3.288000 3.166559e+002
3.290000 3.165839e+002
3.292000 3.165122e+002
3.294000 3.164408e+002
3.296000 3.163697e+002
3.298000 3.162988e+002
3.300000 3.162282e+002
3.302000 3.161580e+002
3.304000 3.160880e+002
3.306000 3.160182e+002
3.308000 3.159488e+002
3.310000 3.158797e+002
3.312000 3.158108e+002
3.314000 3.157422e+002
3.316000 3.156739e+002
3.318000 3.156059e+002
3.320000 3.155382e+002
3.322000 3.154707e+002
3.324000 3.154035e+002
3.326000 3.153366e+002
3.328000 3.152700e+002
3.330000 3.152037e+002
3.332000 3.151376e+002
3.334000 3.150718e+002
3.336000 3.150063e+002
3.338000 3.149410e+002
3.340000 3.148761e+002
3.342000 3.148114e+002
3.344000 3.147469e+002
3.346000 3.146828e+002
3.348000 3.146189e+002
3.350000 3.145553e+002
3.352000 3.144919e+002
3.354000 3.144289e+002
3.356000 3.143661e+002
3.358000 3.143035e+002
3.360000 3.142413e+002
3.362000 3.141793e+002
3.364000 3.141175e+002
3.366000 3.140560e+002
3.368000 3.139948e+002
3.370000 3.139339e+002
3.372000 3.138732e+002
3.374000 3.138128e+002
3.376000 3.137526e+002
3.378000 3.136928e+002
3.380000 3.136331e+002
3.382000 3.135738e+002
3.384000 3.135146e+002
3.386000 3.134558e+002
3.388000 3.133972e+002
3.390000 3.133389e+002
3.392000 3.132808e+002
3.394000 3.132230e+002
3.396000 3.131654e+002
3.398000 3.131081e+002
3.400000 3.130511e+002
3.402000 3.129943e+002
3.404000 3.129377e+002
3.406000 3.128814e+002
3.408000 3.128254e+002
3.410000 3.127696e+002
3.412000 3.127141e+002
3.414000 3.126588e+002
3.416000 3.126038e+002
3.418000 3.125490e+002
3.420000 3.124945e+002
3.422000 3.124402e+002
3.424000 3.123862e+002
3.426000 3.123324e+002
3.428000 3.122789e+002
3.430000 3.122256e+002
3.432000 3.121725e+002
3.434000 3.121197e+002
3.436000 3.120672e+002
3.438000 3.120149e+002
3.440000 3.119628e+002
3.442000 3.119110e+002
3.444000 3.118594e+002
3.446000 3.118080e+002
3.448000 3.117569e+002
3.450000 3.117061e+002
3.452000 3.116555e+002
3.454000 3.116051e+002
3.456000 3.115550e+002
3.458000 3.115051e+002
3.460000 3.114554e+002
3.462000 3.114060e+002
3.464000 3.113568e+002
3.466000 3.113078e+002
3.468000 3.112591e+002
3.470000 3.112106e+002
3.472000 3.111624e+002
3.474000 3.111144e+002
3.476000 3.110666e+002
3.478000 3.110191e+002
3.480000 3.109718e+002
3.482000 3.109247e+002
3.484000 3.108778e+002
3.486000 3.108312e+002
3.488000 3.107848e+002
3.490000 3.107387e+002
3.492000 3.106927e+002
3.494000 3.106470e+002
3.496000 3.106016e+002
3.498000 3.105563e+002
3.500000 3.105113e+002
3.502000 3.104665e+002
3.504000 3.104220e+002
3.506000 3.103776e+002
3.508000 3.103335e+002
3.510000 3.102896e+002
3.512000 3.102460e+002
3.514000 3.102025e+002
3.516000 3.101593e+002
3.518000 3.101163e+002
3.520000 3.100736e+002
3.522000 3.100310e+002
3.524000 3.099887e+002
3.526000 3.099466e+002
3.528000 3.099047e+002
3.530000 3.098630e+002
3.532000 3.098216e+002
3.534000 3.097803e+002
3.536000 3.097393e+002
3.538000 3.096985e+002
3.540000 3.096579e+002
3.542000 3.096176e+002
3.544000 3.095774e+002
3.546000 3.095375e+002
3.548000 3.094978e+002
3.550000 3.094583e+002
3.552000 3.094190e+002
3.554000 3.093799e+002
3.556000 3.093411e+002
3.558000 3.093024e+002
3.560000 3.092640e+002
3.562000 3.092257e+002
3.564000 3.091877e+002
3.566000 3.091499e+002
3.568000 3.091123e+002
3.570000 3.090750e+002
3.572000 3.090378e+002
3.574000 3.090008e+002
3.576000 3.089641e+002
3.578000 3.089275e+002
3.580000 3.088912e+002
3.582000 3.088550e+002
3.584000 3.088191e+002
3.586000 3.087834e+002
3.588000 3.087479e+002
3.590000 3.087126e+002
3.592000 3.086775e+002
3.594000 3.086426e+002
3.596000 3.086079e+002
3.598000 3.085734e+002
3.600000 3.085391e+002
3.602000 3.085050e+002
3.604000 3.084711e+002
3.606000 3.084374e+002
3.608000 3.084040e+002
3.610000 3.083707e+002
3.612000 3.083376e+002
3.614000 3.083047e+002
3.616000 3.082720e+002
3.618000 3.082396e+002
3.620000 3.082073e+002
3.622000 3.081752e+002
3.624000 3.081433e+002
3.626000 3.081116e+002
3.628000 3.080801e+002
3.630000 3.080488e+002
3.632000 3.080177e+002
3.634000 3.079868e+002
3.636000 3.079561e+002
3.638000 3.079256e+002
3.640000 3.078953e+002
3.642000 3.078652e+002
3.644000 3.078352e+002
3.646000 3.078055e+002
3.648000 3.077760e+002
3.650000 3.077466e+002
3.652000 3.077175e+002
3.654000 3.076885e+002
3.656000 3.076597e+002
3.658000 3.076311e+002
3.660000 3.076027e+002
3.662000 3.075745e+002
3.664000 3.075465e+002
3.666000 3.075187e+002
3.668000 3.074911e+002
3.670000 3.074636e+002
3.672000 3.074364e+002
3.674000 3.074093e+002
3.676000 3.073824e+002
3.678000 3.073557e+002
3.680000 3.073292e+002
3.682000 3.073029e+002
3.684000 3.072768e+002
3.686000 3.072508e+002
3.688000 3.072251e+002
3.690000 3.071995e+002
3.692000 3.071741e+002
3.694000 3.071489e+002
3.696000 3.071239e+002
3.698000 3.070990e+002
3.700000 3.070744e+002
3.702000 3.070499e+002
3.704000 3.070256e+002
3.706000 3.070015e+002
3.708000 3.069776e+002
3.710000 3.069539e+002
3.712000 3.069303e+002
3.714000 3.069069e+002
3.716000 3.068837e+002
3.718000 3.068607e+002
3.720000 3.068379e+002
3.722000 3.068152e+002
3.724000 3.067927e+002
3.726000 3.067704e+002
3.728000 3.067483e+002
3.730000 3.067264e+002
3.732000 3.067046e+002
3.734000 3.066831e+002
3.736000 3.066616e+002
3.738000 3.066404e+002
3.740000 3.066194e+002
3.742000 3.065985e+002
3.744000 3.065778e+002
3.746000 3.065573e+002
3.748000 3.065369e+002
3.750000 3.065168e+002
3.752000 3.064968e+002
3.754000 3.064770e+002
3.756000 3.064573e+002
3.758000 3.064379e+002
3.760000 3.064186e+002
3.762000 3.063994e+002
3.764000 3.063805e+002
3.766000 3.063617e+002
3.768000 3.063431e+002
3.770000 3.063247e+002
3.772000 3.063065e+002
3.774000 3.062884e+002
3.776000 3.062705e+002
3.778000 3.062527e+002
3.780000 3.062352e+002
3.782000 3.062178e+002
3.784000 3.062006e+002
3.786000 3.061835e+002
3.788000 3.061666e+002
3.790000 3.061499e+002
3.792000 3.061334e+002
3.794000 3.061170e+002
3.796000 3.061008e+002
3.798000 3.060848e+002
3.800000 3.060689e+002
3.802000 3.060532e+002
3.804000 3.060377e+002
3.806000 3.060224e+002
3.808000 3.060072e+002
3.810000 3.059922e+002
3.812000 3.059773e+002
3.814000 3.059627e+002
3.816000 3.059481e+002
3.818000 3.059338e+002
3.820000 3.059196e+002
3.822000 3.059056e+002
3.824000 3.058918e+002
3.826000 3.058781e+002
3.828000 3.058646e+002
3.830000 3.058512e+002
3.832000 3.058381e+002
3.834000 3.058251e+002
3.836000 3.058122e+002
3.838000 3.057995e+002
3.840000 3.057870e+002
3.842000 3.057747e+002
3.844000 3.057625e+002
3.846000 3.057505e+002
3.848000 3.057386e+002
3.850000 3.057269e+002
3.852000 3.057154e+002
3.854000 3.057040e+002
3.856000 3.056928e+002
3.858000 3.056818e+002
3.860000 3.056709e+002
3.862000 3.056602e+002
3.864000 3.056497e+002
3.866000 3.056393e+002
3.868000 3.056291e+002
3.870000 3.056190e+002
3.872000 3.056091e+002
3.874000 3.055994e+002
3.876000 3.055898e+002
3.878000 3.055804e+002
3.880000 3.055712e+002
3.882000 3.055621e+002
3.884000 3.055532e+002
3.886000 3.055444e+002
3.888000 3.055358e+002
3.890000 3.055274e+002
3.892000 3.055191e+002
3.894000 3.055110e+002
3.896000 3.055030e+002
3.898000 3.054952e+002
3.900000 3.054876e+002
3.902000 3.054801e+002
3.904000 3.054728e+002
3.906000 3.054657e+002
3.908000 3.054587e+002
3.910000 3.054519e+002
3.912000 3.054452e+002
3.914000 3.054387e+002
3.916000 3.054323e+002
3.918000 3.054262e+002
3.920000 3.054201e+002
3.922000 3.054143e+002
3.924000 3.054086e+002
3.926000 3.054030e+002
3.928000 3.053976e+002
3.930000 3.053924e+002
3.932000 3.053873e+002
3.934000 3.053824e+002
3.936000 3.053777e+002
3.938000 3.053731e+002
3.940000 3.053686e+002
3.942000 3.053643e+002
3.944000 3.053602e+002
3.946000 3.053563e+002
3.948000 3.053525e+002
3.950000 3.053488e+002
3.952000 3.053454e+002
3.954000 3.053420e+002
3.956000 3.053389e+002
3.958000 3.053359e+002
3.960000 3.053330e+002
3.962000 3.053303e+002
3.964000 3.053278e+002
3.966000 3.053254e+002
3.968000 3.053232e+002
3.970000 3.053212e+002
3.972000 3.053193e+002
3.974000 3.053175e+002
3.976000 3.053159e+002
3.978000 3.053145e+002
3.980000 3.053132e+002
3.982000 3.053121e+002
3.984000 3.053112e+002
3.986000 3.053104e+002
3.988000 3.053098e+002
3.990000 3.053093e+002
3.992000 3.053090e+002
3.994000 3.053088e+002
3.996000 3.053088e+002
3.998000 3.000000e+002
