0.000000 3.865259e+002
0.002000 3.963724e+002
0.004000 4.062090e+002
0.006000 4.160348e+002
0.008000 4.258487e+002
0.010000 4.356496e+002
0.012000 4.454366e+002
0.014000 4.552087e+002
0.016000 4.649647e+002
0.018000 4.747037e+002
0.020000 4.844247e+002
0.022000 4.941266e+002
0.024000 5.038085e+002
0.026000 5.134694e+002
0.028000 5.231082e+002
0.030000 5.327240e+002
0.032000 5.423158e+002
0.034000 5.518827e+002
0.036000 5.614237e+002
0.038000 5.709379e+002
0.040000 5.804242e+002
0.042000 5.898818e+002
0.044000 5.993097e+002
0.046000 6.087071e+002
0.048000 6.180730e+002
0.050000 6.274066e+002
0.052000 6.367068e+002
0.054000 6.459729e+002
0.056000 6.552041e+002
0.058000 6.643993e+002
0.060000 6.735579e+002
0.062000 6.826789e+002
0.064000 6.917616e+002
0.066000 7.008051e+002
0.068000 7.098087e+002
0.070000 7.187714e+002
0.072000 7.276927e+002
0.074000 7.365717e+002
0.076000 7.454076e+002
0.078000 7.541998e+002
0.080000 7.629475e+002
0.082000 7.716499e+002
0.084000 7.803065e+002
0.086000 7.889165e+002
0.088000 7.974792e+002
0.090000 8.059940e+002
0.092000 8.144603e+002
0.094000 8.228773e+002
0.096000 8.312446e+002
0.098000 8.395615e+002
0.100000 8.478274e+002
0.102000 8.560417e+002
0.104000 8.642039e+002
0.106000 8.723135e+002
0.108000 8.803699e+002
0.110000 8.883726e+002
0.112000 8.963211e+002
0.114000 9.042150e+002
0.116000 9.120537e+002
0.118000 9.198368e+002
0.120000 9.275639e+002
0.122000 9.352345e+002
0.124000 9.428483e+002
0.126000 9.504048e+002
0.128000 9.579037e+002
0.130000 9.653446e+002
0.132000 9.727271e+002
0.134000 9.800510e+002
0.136000 9.873159e+002
0.138000 9.945215e+002
0.140000 1.001668e+003
0.142000 1.008754e+003
0.144000 1.015780e+003
0.146000 1.022746e+003
0.148000 1.029651e+003
0.150000 1.036495e+003
0.152000 1.043279e+003
0.154000 1.050001e+003
0.156000 1.056662e+003
0.158000 1.063261e+003
0.160000 1.069799e+003
0.162000 1.076275e+003
0.164000 1.082689e+003
0.166000 1.089042e+003
0.168000 1.095332e+003
0.170000 1.101560e+003
0.172000 1.107726e+003
0.174000 1.113830e+003
0.176000 1.119872e+003
0.178000 1.125851e+003
0.180000 1.131769e+003
0.182000 1.137624e+003
0.184000 1.143416e+003
0.186000 1.149147e+003
0.188000 1.154816e+003
0.190000 1.160422e+003
0.192000 1.165967e+003
0.194000 1.171450e+003
0.196000 1.176871e+003
0.198000 1.182230e+003
0.200000 1.187528e+003
0.202000 1.192765e+003
0.204000 1.197940e+003
0.206000 1.203055e+003
0.208000 1.208108e+003
0.210000 1.213101e+003
0.212000 1.218033e+003
0.214000 1.222905e+003
0.216000 1.227717e+003
0.218000 1.232469e+003
0.220000 1.237161e+003
0.222000 1.241794e+003
0.224000 1.246368e+003
0.226000 1.250883e+003
0.228000 1.255340e+003
0.230000 1.259738e+003
0.232000 1.264078e+003
0.234000 1.268360e+003
0.236000 1.272585e+003
0.238000 1.276753e+003
0.240000 1.280864e+003
0.242000 1.284919e+003
0.244000 1.288917e+003
0.246000 1.292860e+003
0.248000 1.296747e+003
0.250000 1.300580e+003
0.252000 1.304357e+003
0.254000 1.308080e+003
0.256000 1.311750e+003
0.258000 1.315365e+003
0.260000 1.318928e+003
0.262000 1.322438e+003
0.264000 1.325895e+003
0.266000 1.329301e+003
0.268000 1.332655e+003
0.270000 1.335957e+003
0.272000 1.339209e+003
0.274000 1.342411e+003
0.276000 1.345563e+003
0.278000 1.348665e+003
0.280000 1.351719e+003
0.282000 1.354724e+003
0.284000 1.357680e+003
0.286000 1.360589e+003
0.288000 1.363451e+003
0.290000 1.366266e+003
0.292000 1.369034e+003
0.294000 1.371757e+003
0.296000 1.374434e+003
0.298000 1.377066e+003
0.300000 1.379654e+003
0.302000 1.382198e+003
0.304000 1.384698e+003
0.306000 1.387154e+003
0.308000 1.389569e+003
0.310000 1.391941e+003
0.312000 1.394271e+003
0.314000 1.396560e+003
0.316000 1.398808e+003
0.318000 1.401015e+003
0.320000 1.403183e+003
0.322000 1.405311e+003
0.324000 1.407401e+003
0.326000 1.409452e+003
0.328000 1.411465e+003
0.330000 1.413440e+003
0.332000 1.415378e+003
0.334000 1.417279e+003
0.336000 1.419145e+003
0.338000 1.420974e+003
0.340000 1.422768e+003
0.342000 1.424528e+003
0.344000 1.426252e+003
0.346000 1.427943e+003
0.348000 1.429601e+003
0.350000 1.431225e+003
0.352000 1.432817e+003
0.354000 1.434376e+003
0.356000 1.435904e+003
0.358000 1.437401e+003
0.360000 1.438866e+003
0.362000 1.440301e+003
0.364000 1.441706e+003
0.366000 1.443082e+003
0.368000 1.444428e+003
0.370000 1.445746e+003
0.372000 1.447035e+003
0.374000 1.448296e+003
0.376000 1.449529e+003
0.378000 1.450735e+003
0.380000 1.451915e+003
0.382000 1.453068e+003
0.384000 1.454195e+003
0.386000 1.455297e+003
0.388000 1.456373e+003
0.390000 1.457424e+003
0.392000 1.458451e+003
0.394000 1.459454e+003
0.396000 1.460433e+003
0.398000 1.461388e+003
0.400000 1.462321e+003
0.402000 1.463230e+003
0.404000 1.464118e+003
0.406000 1.464983e+003
0.408000 1.465826e+003
0.410000 1.466648e+003
0.412000 1.467449e+003
0.414000 1.468230e+003
0.416000 1.468989e+003
0.418000 1.469729e+003
0.420000 1.470449e+003
0.422000 1.471149e+003
0.424000 1.471830e+003
0.426000 1.472492e+003
0.428000 1.473135e+003
0.430000 1.473760e+003
0.432000 1.474367e+003
0.434000 1.474956e+003
0.436000 1.475527e+003
0.438000 1.476081e+003
0.440000 1.476618e+003
0.442000 1.477138e+003
0.444000 1.477641e+003
0.446000 1.478128e+003
0.448000 1.478599e+003
0.450000 1.479053e+003
0.452000 1.479492e+003
0.454000 1.479916e+003
0.456000 1.480324e+003
0.458000 1.480717e+003
0.460000 1.481095e+003
0.462000 1.481458e+003
0.464000 1.481807e+003
0.466000 1.482141e+003
0.468000 1.482461e+003
0.470000 1.482768e+003
0.472000 1.483060e+003
0.474000 1.483338e+003
0.476000 1.483603e+003
0.478000 1.483854e+003
0.480000 1.484092e+003
0.482000 1.484317e+003
0.484000 1.484529e+003
0.486000 1.484728e+003
0.488000 1.484914e+003
0.490000 1.485088e+003
0.492000 1.485249e+003
0.494000 1.485397e+003
0.496000 1.485533e+003
0.498000 1.485657e+003
0.500000 1.485768e+003
0.502000 1.485867e+003
0.504000 1.485955e+003
0.506000 1.486030e+003
0.508000 1.486093e+003
0.510000 1.486144e+003
0.512000 1.486184e+003
0.514000 1.486212e+003
0.516000 1.486228e+003
0.518000 1.486232e+003
0.520000 1.486225e+003
0.522000 1.486206e+003
0.524000 1.486175e+003
0.526000 1.486133e+003
0.528000 1.486080e+003
0.530000 1.486014e+003
0.532000 1.485937e+003
0.534000 1.485849e+003
0.536000 1.485749e+003
0.538000 1.485637e+003
0.540000 1.485513e+003
0.542000 1.485378e+003
0.544000 1.485232e+003
0.546000 1.485073e+003
0.548000 1.484903e+003
0.550000 1.484721e+003
0.552000 1.484528e+003
0.554000 1.484322e+003
0.556000 1.484104e+003
0.558000 1.483875e+003
0.560000 1.483633e+003
0.562000 1.483379e+003
0.564000 1.483113e+003
0.566000 1.482835e+003
0.568000 1.482544e+003
0.570000 1.482241e+003
0.572000 1.481925e+003
0.574000 1.481597e+003
0.576000 1.481256e+003
0.578000 1.480902e+003
0.580000 1.480535e+003
0.582000 1.480156e+003
0.584000 1.479763e+003
0.586000 1.479356e+003
0.588000 1.478936e+003
0.590000 1.478503e+003
0.592000 1.478056e+003
0.594000 1.477596e+003
0.596000 1.477121e+003
0.598000 1.476632e+003
0.600000 1.476129e+003
0.602000 1.475612e+003
0.604000 1.475080e+003
0.606000 1.474533e+003
0.608000 1.473972e+003
0.610000 1.473396e+003
0.612000 1.472804e+003
0.614000 1.472197e+003
0.616000 1.471575e+003
0.618000 1.470937e+003
0.620000 1.470283e+003
0.622000 1.469613e+003
0.624000 1.468927e+003
0.626000 1.468225e+003
0.628000 1.467506e+003
0.630000 1.466770e+003
0.632000 1.466017e+003
0.634000 1.465247e+003
0.636000 1.464460e+003
0.638000 1.463655e+003
0.640000 1.462833e+003
0.642000 1.461993e+003
0.644000 1.461134e+003
0.646000 1.460257e+003
0.648000 1.459362e+003
0.650000 1.458448e+003
0.652000 1.457514e+003
0.654000 1.456562e+003
0.656000 1.455590e+003
0.658000 1.454599e+003
0.660000 1.453588e+003
0.662000 1.452557e+003
0.664000 1.451505e+003
0.666000 1.450433e+003
0.668000 1.449340e+003
0.670000 1.448227e+003
0.672000 1.447092e+003
0.674000 1.445936e+003
0.676000 1.444758e+003
0.678000 1.443559e+003
0.680000 1.442337e+003
0.682000 1.441093e+003
0.684000 1.439827e+003
0.686000 1.438538e+003
0.688000 1.437226e+003
0.690000 1.435891e+003
0.692000 1.434532e+003
0.694000 1.433150e+003
0.696000 1.431744e+003
0.698000 1.430314e+003
0.700000 1.428860e+003
0.702000 1.427381e+003
0.704000 1.425878e+003
0.706000 1.424349e+003
0.708000 1.422796e+003
0.710000 1.421217e+003
0.712000 1.419613e+003
0.714000 1.417982e+003
0.716000 1.416326e+003
0.718000 1.414644e+003
0.720000 1.412935e+003
0.722000 1.411200e+003
0.724000 1.409438e+003
0.726000 1.407648e+003
0.728000 1.405832e+003
0.730000 1.403988e+003
0.732000 1.402117e+003
0.734000 1.400218e+003
0.736000 1.398291e+003
0.738000 1.396336e+003
0.740000 1.394352e+003
0.742000 1.392340e+003
0.744000 1.390299e+003
0.746000 1.388230e+003
0.748000 1.386131e+003
0.750000 1.384003e+003
0.752000 1.381846e+003
0.754000 1.379660e+003
0.756000 1.377444e+003
0.758000 1.375198e+003
0.760000 1.372922e+003
0.762000 1.370616e+003
0.764000 1.368280e+003
0.766000 1.365913e+003
0.768000 1.363516e+003
0.770000 1.361089e+003
0.772000 1.358630e+003
0.774000 1.356141e+003
0.776000 1.353622e+003
0.778000 1.351071e+003
0.780000 1.348489e+003
0.782000 1.345876e+003
0.784000 1.343231e+003
0.786000 1.340556e+003
0.788000 1.337849e+003
0.790000 1.335110e+003
0.792000 1.332340e+003
0.794000 1.329538e+003
0.796000 1.326705e+003
0.798000 1.323840e+003
0.800000 1.320943e+003
0.802000 1.318015e+003
0.804000 1.315055e+003
0.806000 1.312063e+003
0.808000 1.309040e+003
0.810000 1.305984e+003
0.812000 1.302897e+003
0.814000 1.299778e+003
0.816000 1.296628e+003
0.818000 1.293445e+003
0.820000 1.290232e+003
0.822000 1.286986e+003
0.824000 1.283709e+003
0.826000 1.280400e+003
0.828000 1.277060e+003
0.830000 1.273689e+003
0.832000 1.270286e+003
0.834000 1.266852e+003
0.836000 1.263387e+003
0.838000 1.259891e+003
0.840000 1.256364e+003
0.842000 1.252806e+003
0.844000 1.249218e+003
0.846000 1.245599e+003
0.848000 1.241950e+003
0.850000 1.238270e+003
0.852000 1.234560e+003
0.854000 1.230821e+003
0.856000 1.227051e+003
0.858000 1.223252e+003
0.860000 1.219424e+003
0.862000 1.215567e+003
0.864000 1.211680e+003
0.866000 1.207765e+003
0.868000 1.203821e+003
0.870000 1.199849e+003
0.872000 1.195849e+003
0.874000 1.191821e+003
0.876000 1.187765e+003
0.878000 1.183682e+003
0.880000 1.179572e+003
0.882000 1.175435e+003
0.884000 1.171272e+003
0.886000 1.167082e+003
0.888000 1.162866e+003
0.890000 1.158625e+003
0.892000 1.154358e+003
0.894000 1.150067e+003
0.896000 1.145750e+003
0.898000 1.141410e+003
0.900000 1.137045e+003
0.902000 1.132657e+003
0.904000 1.128245e+003
0.906000 1.123811e+003
0.908000 1.119353e+003
0.910000 1.114874e+003
0.912000 1.110373e+003
0.914000 1.105850e+003
0.916000 1.101306e+003
0.918000 1.096742e+003
0.920000 1.092157e+003
0.922000 1.087553e+003
0.924000 1.082929e+003
0.926000 1.078286e+003
0.928000 1.073625e+003
0.930000 1.068945e+003
0.932000 1.064248e+003
0.934000 1.059534e+003
0.936000 1.054803e+003
0.938000 1.050055e+003
0.940000 1.045292e+003
0.942000 1.040513e+003
0.944000 1.035720e+003
0.946000 1.030912e+003
0.948000 1.026090e+003
0.950000 1.021255e+003
0.952000 1.016406e+003
0.954000 1.011545e+003
0.956000 1.006673e+003
0.958000 1.001788e+003
0.960000 9.968932e+002
0.962000 9.919876e+002
0.964000 9.870721e+002
0.966000 9.821472e+002
0.968000 9.772133e+002
0.970000 9.722712e+002
0.972000 9.673211e+002
0.974000 9.623638e+002
0.976000 9.573997e+002
0.978000 9.524294e+002
0.980000 9.474534e+002
0.982000 9.424721e+002
0.984000 9.374863e+002
0.986000 9.324964e+002
0.988000 9.275029e+002
0.990000 9.225065e+002
0.992000 9.175075e+002
0.994000 9.125067e+002
0.996000 9.075045e+002
0.998000 9.025015e+002
1.000000 8.974982e+002
1.002000 8.924952e+002
1.004000 8.874930e+002
1.006000 8.824921e+002
1.008000 8.774932e+002
1.010000 8.724967e+002
1.012000 8.675033e+002
1.014000 8.625133e+002
1.016000 8.575275e+002
1.018000 8.525463e+002
1.020000 8.475702e+002
1.022000 8.425999e+002
1.024000 8.376358e+002
1.026000 8.326785e+002
1.028000 8.277284e+002
1.030000 8.227862e+002
1.032000 8.178524e+002
1.034000 8.129274e+002
1.036000 8.080119e+002
1.038000 8.031063e+002
1.040000 7.982111e+002
1.042000 7.933268e+002
1.044000 7.884540e+002
1.046000 7.835932e+002
1.048000 7.787448e+002
1.050000 7.739094e+002
1.052000 7.690875e+002
1.054000 7.642794e+002
1.056000 7.594858e+002
1.058000 7.547071e+002
1.060000 7.499438e+002
1.062000 7.451963e+002
1.064000 7.404651e+002
1.066000 7.357507e+002
1.068000 7.310535e+002
1.070000 7.263740e+002
1.072000 7.217125e+002
1.074000 7.170696e+002
1.076000 7.124457e+002
1.078000 7.078412e+002
1.080000 7.032566e+002
1.082000 6.986921e+002
1.084000 6.941483e+002
1.086000 6.896256e+002
1.088000 6.851242e+002
1.090000 6.806447e+002
1.092000 6.761875e+002
1.094000 6.717527e+002
1.096000 6.673410e+002
1.098000 6.629525e+002
1.100000 6.585877e+002
1.102000 6.542470e+002
1.104000 6.499305e+002
1.106000 6.456388e+002
1.108000 6.413720e+002
1.110000 6.371306e+002
1.112000 6.329148e+002
1.114000 6.287250e+002
1.116000 6.245614e+002
1.118000 6.204242e+002
1.120000 6.163139e+002
1.122000 6.122307e+002
1.124000 6.081748e+002
1.126000 6.041465e+002
1.128000 6.001460e+002
1.130000 5.961737e+002
1.132000 5.922296e+002
1.134000 5.883141e+002
1.136000 5.844273e+002
1.138000 5.805696e+002
1.140000 5.767409e+002
1.142000 5.729417e+002
1.144000 5.691720e+002
1.146000 5.654321e+002
1.148000 5.617220e+002
1.150000 5.580420e+002
1.152000 5.543923e+002
1.154000 5.507729e+002
1.156000 5.471840e+002
1.158000 5.436258e+002
1.160000 5.400983e+002
1.162000 5.366017e+002
1.164000 5.331361e+002
1.166000 5.297015e+002
1.168000 5.262982e+002
1.170000 5.229261e+002
1.172000 5.195854e+002
1.174000 5.162761e+002
1.176000 5.129982e+002
1.178000 5.097519e+002
1.180000 5.065372e+002
1.182000 5.033541e+002
1.184000 5.002026e+002
1.186000 4.970829e+002
1.188000 4.939948e+002
1.190000 4.909384e+002
1.192000 4.879138e+002
1.194000 4.849209e+002
1.196000 4.819596e+002
1.198000 4.790301e+002
1.200000 4.761322e+002
1.202000 4.732660e+002
1.204000 4.704313e+002
1.206000 4.676282e+002
1.208000 4.648567e+002
1.210000 4.621166e+002
1.212000 4.594078e+002
1.214000 4.567304e+002
1.216000 4.540843e+002
1.218000 4.514693e+002
1.220000 4.488855e+002
1.222000 4.463326e+002
1.224000 4.438106e+002
1.226000 4.413194e+002
1.228000 4.388590e+002
1.230000 4.364291e+002
1.232000 4.340296e+002
1.234000 4.316605e+002
1.236000 4.293216e+002
1.238000 4.270128e+002
1.240000 4.247340e+002
1.242000 4.224849e+002
1.244000 4.202655e+002
1.246000 4.180755e+002
1.248000 4.159150e+002
1.250000 4.137836e+002
1.252000 4.116812e+002
1.254000 4.096077e+002
1.256000 4.075628e+002
1.258000 4.055464e+002
1.260000 4.035584e+002
1.262000 4.015985e+002
1.264000 3.996666e+002
1.266000 3.977624e+002
1.268000 3.958858e+002
1.270000 3.940365e+002
1.272000 3.922144e+002
1.274000 3.904193e+002
1.276000 3.886510e+002
1.278000 3.869092e+002
1.280000 3.851937e+002
1.282000 3.835044e+002
1.284000 3.818409e+002
1.286000 3.802032e+002
1.288000 3.785909e+002
1.290000 3.770039e+002
1.292000 3.754419e+002
1.294000 3.739047e+002
1.296000 3.723921e+002
1.298000 3.709038e+002
1.300000 3.694396e+002
1.302000 3.679992e+002
1.304000 3.665826e+002
1.306000 3.651893e+002
1.308000 3.638192e+002
1.310000 3.624720e+002
1.312000 3.611475e+002
1.314000 3.598455e+002
1.316000 3.585656e+002
1.318000 3.573078e+002
1.320000 3.560716e+002
1.322000 3.548570e+002
1.324000 3.536636e+002
1.326000 3.524911e+002
1.328000 3.513395e+002
1.330000 3.502083e+002
1.332000 3.490974e+002
1.334000 3.480065e+002
1.336000 3.469355e+002
1.338000 3.458839e+002
1.340000 3.448516e+002
1.342000 3.438384e+002
1.344000 3.428440e+002
1.346000 3.418681e+002
1.348000 3.409106e+002
1.350000 3.399711e+002
1.352000 3.390495e+002
1.354000 3.381455e+002
1.356000 3.372588e+002
1.358000 3.363893e+002
1.360000 3.355366e+002
1.362000 3.347006e+002
1.364000 3.338810e+002
1.366000 3.330776e+002
1.368000 3.322901e+002
1.370000 3.315184e+002
1.372000 3.307621e+002
1.374000 3.300210e+002
1.376000 3.292950e+002
1.378000 3.285838e+002
1.380000 3.278872e+002
1.382000 3.272049e+002
1.384000 3.265367e+002
1.386000 3.258824e+002
1.388000 3.252419e+002
1.390000 3.246147e+002
1.392000 3.240009e+002
1.394000 3.234000e+002
1.396000 3.228120e+002
1.398000 3.222366e+002
1.400000 3.216736e+002
1.402000 3.211229e+002
1.404000 3.205840e+002
1.406000 3.200570e+002
1.408000 3.195416e+002
1.410000 3.190376e+002
1.412000 3.185447e+002
1.414000 3.180628e+002
1.416000 3.175918e+002
1.418000 3.171313e+002
1.420000 3.166813e+002
1.422000 3.162415e+002
1.424000 3.158117e+002
1.426000 3.153918e+002
1.428000 3.149816e+002
1.430000 3.145809e+002
1.432000 3.141895e+002
1.434000 3.138073e+002
1.436000 3.134340e+002
1.438000 3.130695e+002
1.440000 3.127137e+002
1.442000 3.123663e+002
1.444000 3.120273e+002
1.446000 3.116963e+002
1.448000 3.113734e+002
1.450000 3.110583e+002
1.452000 3.107509e+002
1.454000 3.104509e+002
1.456000 3.101583e+002
1.458000 3.098730e+002
1.460000 3.095947e+002
1.462000 3.093233e+002
1.464000 3.090587e+002
1.466000 3.088008e+002
1.468000 3.085493e+002
1.470000 3.083042e+002
1.472000 3.080653e+002
1.474000 3.078326e+002
1.476000 3.076057e+002
1.478000 3.073847e+002
1.480000 3.071695e+002
1.482000 3.069598e+002
1.484000 3.067555e+002
1.486000 3.065566e+002
1.488000 3.063629e+002
1.490000 3.061744e+002
1.492000 3.059908e+002
1.494000 3.058121e+002
1.496000 3.056381e+002
1.498000 3.054689e+002
1.500000 3.053041e+002
1.502000 3.051438e+002
1.504000 3.049879e+002
1.506000 3.048362e+002
1.508000 3.046887e+002
1.510000 3.045452e+002
1.512000 3.044056e+002
1.514000 3.042699e+002
1.516000 3.041380e+002
1.518000 3.040097e+002
1.520000 3.038850e+002
1.522000 3.037638e+002
1.524000 3.036461e+002
1.526000 3.035316e+002
1.528000 3.034205e+002
1.530000 3.033124e+002
1.532000 3.032075e+002
1.534000 3.031056e+002
1.536000 3.030066e+002
1.538000 3.029105e+002
1.540000 3.028171e+002
1.542000 3.027265e+002
1.544000 3.026385e+002
1.546000 3.025531e+002
1.548000 3.024703e+002
1.550000 3.023898e+002
1.552000 3.023118e+002
1.554000 3.022361e+002
1.556000 3.021626e+002
1.558000 3.020914e+002
1.560000 3.020222e+002
1.562000 3.019552e+002
1.564000 3.018902e+002
1.566000 3.018272e+002
1.568000 3.017661e+002
1.570000 3.017069e+002
1.572000 3.016494e+002
1.574000 3.015938e+002
1.576000 3.015399e+002
1.578000 3.014876e+002
1.580000 3.014370e+002
1.582000 3.013880e+002
1.584000 3.013405e+002
1.586000 3.012945e+002
1.588000 3.012499e+002
1.590000 3.012067e+002
1.592000 3.011650e+002
1.594000 3.011245e+002
1.596000 3.010854e+002
1.598000 3.010475e+002
1.600000 3.010108e+002
1.602000 3.009753e+002
1.604000 3.009410e+002
1.606000 3.009077e+002
1.608000 3.008756e+002
1.610000 3.008445e+002
1.612000 3.008144e+002
1.614000 3.007854e+002
1.616000 3.007573e+002
1.618000 3.007301e+002
1.620000 3.007038e+002
1.622000 3.006784e+002
1.624000 3.006538e+002
1.626000 3.006301e+002
1.628000 3.006072e+002
1.630000 3.005850e+002
1.632000 3.005636e+002
1.634000 3.005429e+002
1.636000 3.005229e+002
1.638000 3.005037e+002
1.640000 3.004850e+002
1.642000 3.004670e+002
1.644000 3.004497e+002
1.646000 3.004329e+002
1.648000 3.004167e+002
1.650000 3.004011e+002
1.652000 3.003860e+002
1.654000 3.003715e+002
1.656000 3.003574e+002
1.658000 3.003439e+002
1.660000 3.003308e+002
1.662000 3.003183e+002
1.664000 3.003061e+002
1.666000 3.002944e+002
1.668000 3.002831e+002
1.670000 3.002722e+002
1.672000 3.002617e+002
1.674000 3.002516e+002
1.676000 3.002418e+002
1.678000 3.002324e+002
1.680000 3.002234e+002
1.682000 3.002146e+002
1.684000 3.002062e+002
1.686000 3.001981e+002
1.688000 3.001903e+002
1.690000 3.001828e+002
1.692000 3.001756e+002
1.694000 3.001686e+002
1.696000 3.001619e+002
1.698000 3.001555e+002
1.700000 3.001493e+002
1.702000 3.001433e+002
1.704000 3.001375e+002
1.706000 3.001320e+002
1.708000 3.001267e+002
1.710000 3.001215e+002
1.712000 3.001166e+002
1.714000 3.001119e+002
1.716000 3.001073e+002
1.718000 3.001029e+002
1.720000 3.000987e+002
1.722000 3.000947e+002
1.724000 3.000908e+002
1.726000 3.000870e+002
1.728000 3.000834e+002
1.730000 3.000800e+002
1.732000 3.000766e+002
1.734000 3.000734e+002
1.736000 3.000704e+002
1.738000 3.000674e+002
1.740000 3.000646e+002
1.742000 3.000619e+002
1.744000 3.000593e+002
1.746000 3.000568e+002
1.748000 3.000544e+002
1.750000 3.000521e+002
1.752000 3.000498e+002
1.754000 3.000477e+002
1.756000 3.000457e+002
1.758000 3.000437e+002
1.760000 3.000418e+002
1.762000 3.000400e+002
1.764000 3.000383e+002
1.766000 3.000367e+002
1.768000 3.000351e+002
1.770000 3.000335e+002
1.772000 3.000321e+002
1.774000 3.000307e+002
1.776000 3.000293e+002
1.778000 3.000281e+002
1.780000 3.000268e+002
1.782000 3.000256e+002
1.784000 3.000245e+002
1.786000 3.000234e+002
1.788000 3.000224e+002
1.790000 3.000214e+002
1.792000 3.000204e+002
1.794000 3.000195e+002
1.796000 3.000187e+002
1.798000 3.000178e+002
1.800000 3.000170e+002
1.802000 3.000162e+002
1.804000 3.000155e+002
1.806000 3.000148e+002
1.808000 3.000141e+002
1.810000 3.000135e+002
1.812000 3.000129e+002
1.814000 3.000123e+002
1.816000 3.000117e+002
1.818000 3.000112e+002
1.820000 3.000107e+002
1.822000 3.000102e+002
1.824000 3.000097e+002
1.826000 3.000093e+002
1.828000 3.000088e+002
1.830000 3.000084e+002
1.832000 3.000080e+002
1.834000 3.000077e+002
1.836000 3.000073e+002
1.838000 3.000070e+002
1.840000 3.000066e+002
1.842000 3.000063e+002
1.844000 3.000060e+002
1.846000 3.000057e+002
1.848000 3.000055e+002
1.850000 3.000052e+002
1.852000 3.000050e+002
1.854000 3.000047e+002
1.856000 3.000045e+002
1.858000 3.000043e+002
1.860000 3.000041e+002
1.862000 3.000039e+002
1.864000 3.000037e+002
1.866000 3.000035e+002
1.868000 3.000033e+002
1.870000 3.000032e+002
1.872000 3.000030e+002
1.874000 3.000029e+002
1.876000 3.000027e+002
1.878000 3.000026e+002
1.880000 3.000025e+002
1.882000 3.000024e+002
1.884000 3.000022e+002
1.886000 3.000021e+002
1.888000 3.000020e+002
1.890000 3.000019e+002
1.892000 3.000018e+002
1.894000 3.000017e+002
1.896000 3.000017e+002
1.898000 3.000016e+002
1.900000 3.000015e+002
1.902000 3.000014e+002
1.904000 3.000013e+002
1.906000 3.000013e+002
1.908000 3.000012e+002
1.910000 3.000012e+002
1.912000 3.000011e+002
1.914000 3.000010e+002
1.916000 3.000010e+002
1.918000 3.000009e+002
1.920000 3.000009e+002
1.922000 3.000008e+002
1.924000 3.000008e+002
1.926000 3.000008e+002
1.928000 3.000007e+002
1.930000 3.000007e+002
1.932000 3.000006e+002
1.934000 3.000006e+002
1.936000 3.000006e+002
1.938000 3.000006e+002
1.940000 3.000005e+002
1.942000 3.000005e+002
1.944000 3.000005e+002
1.946000 3.000004e+002
1.948000 3.000004e+002
1.950000 3.000004e+002
1.952000 3.000004e+002
1.954000 3.000004e+002
1.956000 3.000003e+002
1.958000 3.000003e+002
1.960000 3.000003e+002
1.962000 3.000003e+002
1.964000 3.000003e+002
1.966000 3.000003e+002
1.968000 3.000002e+002
1.970000 3.000002e+002
1.972000 3.000002e+002
1.974000 3.000002e+002
1.976000 3.000002e+002
1.978000 3.000002e+002
1.980000 3.000002e+002
1.982000 3.000002e+002
1.984000 3.000002e+002
1.986000 3.000001e+002
1.988000 3.000001e+002
1.990000 3.000001e+002
1.992000 3.000001e+002
1.994000 3.000001e+002
1.996000 3.000001e+002
1.998000 3.000001e+002
2.000000 3.000001e+002
2.002000 3.000001e+002
2.004000 3.000001e+002
2.006000 3.000001e+002
2.008000 3.000001e+002
2.010000 3.000001e+002
2.012000 3.000001e+002
2.014000 3.000001e+002
2.016000 3.000001e+002
2.018000 3.000001e+002
2.020000 3.000001e+002
2.022000 3.000001e+002
2.024000 3.000001e+002
2.026000 3.000000e+002
2.028000 3.000000e+002
2.030000 3.000000e+002
2.032000 3.000000e+002
2.034000 3.000000e+002
2.036000 3.000000e+002
2.038000 3.000000e+002
2.040000 3.000000e+002
2.042000 3.000000e+002
2.044000 3.000000e+002
2.046000 3.000000e+002
2.048000 3.000000e+002
2.050000 3.000000e+002
2.052000 3.000000e+002
2.054000 3.000000e+002
2.056000 3.000000e+002
2.058000 3.000000e+002
2.060000 3.000000e+002
2.062000 3.000000e+002
2.064000 3.000000e+002
2.066000 3.000000e+002
2.068000 3.000000e+002
2.070000 3.000000e+002
2.072000 3.000000e+002
2.074000 3.000000e+002
2.076000 3.000000e+002
2.078000 3.000000e+002
2.080000 3.000000e+002
2.082000 3.000000e+002
2.084000 3.000000e+002
2.086000 3.000000e+002
2.088000 3.000000e+002
2.090000 3.000000e+002
2.092000 3.000000e+002
2.094000 3.000000e+002
2.096000 3.000000e+002
2.098000 3.000000e+002
2.100000 3.000000e+002
2.102000 3.000000e+002
2.104000 3.000000e+002
2.106000 3.000000e+002
2.108000 3.000000e+002
2.110000 3.000000e+002
2.112000 3.000000e+002
2.114000 3.000000e+002
2.116000 3.000000e+002
2.118000 3.000000e+002
2.120000 3.000000e+002
2.122000 3.000000e+002
2.124000 3.000000e+002
2.126000 3.000000e+002
2.128000 3.000000e+002
2.130000 3.000000e+002
2.132000 3.000000e+002
2.134000 3.000000e+002
2.136000 3.000000e+002
2.138000 3.000000e+002
2.140000 3.000000e+002
2.142000 3.000000e+002
2.144000 3.000000e+002
2.146000 3.000000e+002
2.148000 3.000000e+002
2.150000 3.000000e+002
2.152000 3.000000e+002
2.154000 3.000000e+002
2.156000 3.000000e+002
2.158000 3.000000e+002
2.160000 3.000000e+002
2.162000 3.000000e+002
2.164000 3.000000e+002
2.166000 3.000000e+002
2.168000 3.000000e+002
2.170000 3.000000e+002
2.172000 3.000000e+002
2.174000 3.000000e+002
2.176000 3.000000e+002
2.178000 3.000000e+002
2.180000 3.000000e+002
2.182000 3.000000e+002
2.184000 3.000000e+002
2.186000 3.000000e+002
2.188000 3.000000e+002
2.190000 3.000000e+002
2.192000 3.000000e+002
2.194000 3.000000e+002
2.196000 3.000000e+002
2.198000 3.000000e+002
2.200000 3.000000e+002
2.202000 3.000000e+002
2.204000 3.000000e+002
2.206000 3.000000e+002
2.208000 3.000000e+002
2.210000 3.000000e+002
2.212000 3.000000e+002
2.214000 3.000000e+002
2.216000 3.000000e+002
2.218000 3.000000e+002
2.220000 3.000000e+002
2.222000 3.000000e+002
2.224000 3.000000e+002
2.226000 3.000000e+002
2.228000 3.000000e+002
2.230000 3.000000e+002
2.232000 3.000000e+002
2.234000 3.000000e+002
2.236000 3.000000e+002
2.238000 3.000000e+002
2.240000 3.000000e+002
2.242000 3.000000e+002
2.244000 3.000000e+002
2.246000 3.000000e+002
2.248000 3.000000e+002
2.250000 3.000000e+002
2.252000 3.000000e+002
2.254000 3.000000e+002
2.256000 3.000000e+002
2.258000 3.000000e+002
2.260000 3.000000e+002
2.262000 3.000000e+002
2.264000 3.000000e+002
2.266000 3.000000e+002
2.268000 3.000000e+002
2.270000 3.000000e+002
2.272000 3.000000e+002
2.274000 3.000000e+002
2.276000 3.000000e+002
2.278000 3.000000e+002
2.280000 3.000000e+002
2.282000 3.000000e+002
2.284000 3.000000e+002
2.286000 3.000000e+002
2.288000 3.000000e+002
2.290000 3.000000e+002
2.292000 3.000000e+002
2.294000 3.000000e+002
2.296000 3.000000e+002
2.298000 3.000000e+002
2.300000 3.000000e+002
2.302000 3.000000e+002
2.304000 3.000000e+002
2.306000 3.000000e+002
2.308000 3.000000e+002
2.310000 3.000000e+002
2.312000 3.000000e+002
2.314000 3.000000e+002
2.316000 3.000000e+002
2.318000 3.000000e+002
2.320000 3.000000e+002
2.322000 3.000000e+002
2.324000 3.000000e+002
2.326000 3.000000e+002
2.328000 3.000000e+002
2.330000 3.000000e+002
2.332000 3.000000e+002
2.334000 3.000000e+002
2.336000 3.000000e+002
2.338000 3.000000e+002
2.340000 3.000000e+002
2.342000 3.000000e+002
2.344000 3.000000e+002
2.346000 3.000000e+002
2.348000 3.000000e+002
2.350000 3.000000e+002
2.352000 3.000000e+002
2.354000 3.000000e+002
2.356000 3.000000e+002
2.358000 3.000000e+002
2.360000 3.000000e+002
2.362000 3.000000e+002
2.364000 3.000000e+002
2.366000 3.000000e+002
2.368000 3.000000e+002
2.370000 3.000000e+002
2.372000 3.000000e+002
2.374000 3.000000e+002
2.376000 3.000000e+002
2.378000 3.000000e+002
2.380000 3.000000e+002
2.382000 3.000000e+002
2.384000 3.000000e+002
2.386000 3.000000e+002
2.388000 3.000000e+002
2.390000 3.000000e+002
2.392000 3.000000e+002
2.394000 3.000000e+002
2.396000 3.000000e+002
2.398000 3.000000e+002
2.400000 3.000000e+002
2.402000 3.000000e+002
2.404000 3.000000e+002
2.406000 3.000000e+002
2.408000 3.000000e+002
2.410000 3.000000e+002
2.412000 3.000000e+002
2.414000 3.000000e+002
2.416000 3.000000e+002
2.418000 3.000000e+002
2.420000 3.000000e+002
2.422000 3.000000e+002
2.424000 3.000000e+002
2.426000 3.000000e+002
2.428000 3.000000e+002
2.430000 3.000000e+002
2.432000 3.000000e+002
2.434000 3.000000e+002
2.436000 3.000000e+002
2.438000 3.000000e+002
2.440000 3.000000e+002
2.442000 3.000000e+002
2.444000 3.000000e+002
2.446000 3.000000e+002
2.448000 3.000000e+002
2.450000 3.000000e+002
2.452000 3.000000e+002
2.454000 3.000000e+002
2.456000 3.000000e+002
2.458000 3.000000e+002
2.460000 3.000000e+002
2.462000 3.000000e+002
2.464000 3.000000e+002
2.466000 3.000000e+002
2.468000 3.000000e+002
2.470000 3.000000e+002
2.472000 3.000000e+002
2.474000 3.000000e+002
2.476000 3.000000e+002
2.478000 3.000000e+002
2.480000 3.000000e+002
2.482000 3.000000e+002
2.484000 3.000000e+002
2.486000 3.000000e+002
2.488000 3.000000e+002
2.490000 3.000000e+002
2.492000 3.000000e+002
2.494000 3.000000e+002
2.496000 3.000000e+002
2.498000 3.000000e+002
2.500000 3.000000e+002
2.502000 3.000000e+002
2.504000 3.000000e+002
2.506000 3.000000e+002
2.508000 3.000000e+002
2.510000 3.000000e+002
2.512000 3.000000e+002
2.514000 3.000000e+002
2.516000 3.000000e+002
2.518000 3.000000e+002
2.520000 3.000000e+002
2.522000 3.000000e+002
2.524000 3.000000e+002
2.526000 3.000000e+002
2.528000 3.000000e+002
2.530000 3.000000e+002
2.532000 3.000000e+002
2.534000 3.000000e+002
2.536000 3.000000e+002
2.538000 3.000000e+002
2.540000 3.000000e+002
2.542000 3.000000e+002
2.544000 3.000000e+002
2.546000 3.000000e+002
2.548000 3.000000e+002
2.550000 3.000000e+002
2.552000 3.000000e+002
2.554000 3.000000e+002
2.556000 3.000000e+002
2.558000 3.000000e+002
2.560000 3.000000e+002
2.562000 3.000000e+002
2.564000 3.000000e+002
2.566000 3.000000e+002
2.568000 3.000000e+002
2.570000 3.000000e+002
2.572000 3.000000e+002
2.574000 3.000000e+002
2.576000 3.000000e+002
2.578000 3.000000e+002
2.580000 3.000000e+002
2.582000 3.000000e+002
2.584000 3.000000e+002
2.586000 3.000000e+002
2.588000 3.000000e+002
2.590000 3.000000e+002
2.592000 3.000000e+002
2.594000 3.000000e+002
2.596000 3.000000e+002
2.598000 3.000000e+002
2.600000 3.000000e+002
2.602000 3.000000e+002
2.604000 3.000000e+002
2.606000 3.000000e+002
2.608000 3.000000e+002
2.610000 3.000000e+002
2.612000 3.000000e+002
2.614000 3.000000e+002
2.616000 3.000000e+002
2.618000 3.000000e+002
2.620000 3.000000e+002
2.622000 3.000000e+002
2.624000 3.000000e+002
2.626000 3.000000e+002
2.628000 3.000000e+002
2.630000 3.000000e+002
2.632000 3.000000e+002
2.634000 3.000000e+002
2.636000 3.000000e+002
2.638000 3.000000e+002
2.640000 3.000000e+002
2.642000 3.000000e+002
2.644000 3.000000e+002
2.646000 3.000000e+002
2.648000 3.000000e+002
2.650000 3.000000e+002
2.652000 3.000000e+002
2.654000 3.000000e+002
2.656000 3.000000e+002
2.658000 3.000000e+002
2.660000 3.000000e+002
2.662000 3.000000e+002
2.664000 3.000000e+002
2.666000 3.000000e+002
2.668000 3.000000e+002
2.670000 3.000000e+002
2.672000 3.000000e+002
2.674000 3.000000e+002
2.676000 3.000000e+002
2.678000 3.000000e+002
2.680000 3.000000e+002
2.682000 3.000000e+002
2.684000 3.000000e+002
2.686000 3.000000e+002
2.688000 3.000000e+002
2.690000 3.000000e+002
2.692000 3.000000e+002
2.694000 3.000000e+002
2.696000 3.000000e+002
2.698000 3.000000e+002
2.700000 3.000000e+002
2.702000 3.000000e+002
2.704000 3.000000e+002
2.706000 3.000000e+002
2.708000 3.000000e+002
2.710000 3.000000e+002
2.712000 3.000000e+002
2.714000 3.000000e+002
2.716000 3.000000e+002
2.718000 3.000000e+002
2.720000 3.000000e+002
2.722000 3.000000e+002
2.724000 3.000000e+002
2.726000 3.000000e+002
2.728000 3.000000e+002
2.730000 3.000000e+002
2.732000 3.000000e+002
2.734000 3.000000e+002
2.736000 3.000000e+002
2.738000 3.000000e+002
2.740000 3.000000e+002
2.742000 3.000000e+002
2.744000 3.000000e+002
2.746000 3.000000e+002
2.748000 3.000000e+002
2.750000 3.000000e+002
2.752000 3.000000e+002
2.754000 3.000000e+002
2.756000 3.000000e+002
2.758000 3.000000e+002
2.760000 3.000000e+002
2.762000 3.000000e+002
2.764000 3.000000e+002
2.766000 3.000000e+002
2.768000 3.000000e+002
2.770000 3.000000e+002
2.772000 3.000000e+002
2.774000 3.000000e+002
2.776000 3.000000e+002
2.778000 3.000000e+002
2.780000 3.000000e+002
2.782000 3.000000e+002
2.784000 3.000000e+002
2.786000 3.000000e+002
2.788000 3.000000e+002
2.790000 3.000000e+002
2.792000 3.000000e+002
2.794000 3.000000e+002
2.796000 3.000000e+002
2.798000 3.000000e+002
2.800000 3.000000e+002
2.802000 3.000000e+002
2.804000 3.000000e+002
2.806000 3.000000e+002
2.808000 3.000000e+002
2.810000 3.000000e+002
2.812000 3.000000e+002
2.814000 3.000000e+002
2.816000 3.000000e+002
2.818000 3.000000e+002
2.820000 3.000000e+002
2.822000 3.000000e+002
2.824000 3.000000e+002
2.826000 3.000000e+002
2.828000 3.000000e+002
2.830000 3.000000e+002
2.832000 3.000000e+002
2.834000 3.000000e+002
2.836000 3.000000e+002
2.838000 3.000000e+002
2.840000 3.000000e+002
2.842000 3.000000e+002
2.844000 3.000000e+002
2.846000 3.000000e+002
2.848000 3.000000e+002
2.850000 3.000000e+002
2.852000 3.000000e+002
2.854000 3.000000e+002
2.856000 3.000000e+002
2.858000 3.000000e+002
2.860000 3.000000e+002
2.862000 3.000000e+002
2.864000 3.000000e+002
2.866000 3.000000e+002
2.868000 3.000000e+002
2.870000 3.000000e+002
2.872000 3.000000e+002
2.874000 3.000000e+002
2.876000 3.000000e+002
2.878000 3.000000e+002
2.880000 3.000000e+002
2.882000 3.000000e+002
2.884000 3.000000e+002
2.886000 3.000000e+002
2.888000 3.000000e+002
2.890000 3.000000e+002
2.892000 3.000000e+002
2.894000 3.000000e+002
2.896000 3.000000e+002
2.898000 3.000000e+002
2.900000 3.000000e+002
2.902000 3.000000e+002
2.904000 3.000000e+002
2.906000 3.000000e+002
2.908000 3.000000e+002
2.910000 3.000000e+002
2.912000 3.000000e+002
2.914000 3.000000e+002
2.916000 3.000000e+002
2.918000 3.000000e+002
2.920000 3.000000e+002
2.922000 3.000000e+002
2.924000 3.000000e+002
2.926000 3.000000e+002
2.928000 3.000000e+002
2.930000 3.000000e+002
2.932000 3.000000e+002
2.934000 3.000000e+002
2.936000 3.000000e+002
2.938000 3.000000e+002
2.940000 3.000000e+002
2.942000 3.000000e+002
2.944000 3.000000e+002
2.946000 3.000000e+002
2.948000 3.000000e+002
2.950000 3.000000e+002
2.952000 3.000000e+002
2.954000 3.000000e+002
2.956000 3.000000e+002
2.958000 3.000000e+002
2.960000 3.000000e+002
2.962000 3.000000e+002
2.964000 3.000000e+002
2.966000 3.000000e+002
2.968000 3.000000e+002
2.970000 3.000000e+002
2.972000 3.000000e+002
2.974000 3.000000e+002
2.976000 3.000000e+002
2.978000 3.000000e+002
2.980000 3.000000e+002
2.982000 3.000000e+002
2.984000 3.000000e+002
2.986000 3.000000e+002
2.988000 3.000000e+002
2.990000 3.000000e+002
2.992000 3.000000e+002
2.994000 3.000000e+002
2.996000 3.000000e+002
2.998000 3.000000e+002
3.000000 3.000000e+002
3.002000 3.000000e+002
3.004000 3.000000e+002
3.006000 3.000000e+002
3.008000 3.000000e+002
3.010000 3.000000e+002
3.012000 3.000000e+002
3.014000 3.000000e+002
3.016000 3.000000e+002
3.018000 3.000000e+002
3.020000 3.000000e+002
3.022000 3.000000e+002
3.024000 3.000000e+002
3.026000 3.000000e+002
3.028000 3.000000e+002
3.030000 3.000000e+002
3.032000 3.000000e+002
3.034000 3.000000e+002
3.036000 3.000000e+002
3.038000 3.000000e+002
3.040000 3.000000e+002
3.042000 3.000000e+002
3.044000 3.000000e+002
3.046000 3.000000e+002
3.048000 3.000000e+002
3.050000 3.000000e+002
3.052000 3.000000e+002
3.054000 3.000000e+002
3.056000 3.000000e+002
3.058000 3.000000e+002
3.060000 3.000000e+002
3.062000 3.000000e+002
3.064000 3.000000e+002
3.066000 3.000000e+002
3.068000 3.000000e+002
3.070000 3.000000e+002
3.072000 3.000000e+002
3.074000 3.000000e+002
3.076000 3.000000e+002
3.078000 3.000000e+002
3.080000 3.000000e+002
3.082000 3.000000e+002
3.084000 3.000000e+002
3.086000 3.000000e+002
3.088000 3.000000e+002
3.090000 3.000000e+002
3.092000 3.000000e+002
3.094000 3.000000e+002
3.096000 3.000000e+002
3.098000 3.000000e+002
3.100000 3.000000e+002
3.102000 3.000000e+002
3.104000 3.000000e+002
3.106000 3.000000e+002
3.108000 3.000000e+002
3.110000 3.000000e+002
3.112000 3.000000e+002
3.114000 3.000000e+002
3.116000 3.000000e+002
3.118000 3.000000e+002
3.120000 3.000000e+002
3.122000 3.000000e+002
3.124000 3.000000e+002
3.126000 3.000000e+002
3.128000 3.000000e+002
3.130000 3.000000e+002
3.132000 3.000000e+002
3.134000 3.000000e+002
3.136000 3.000000e+002
3.138000 3.000000e+002
3.140000 3.000000e+002
3.142000 3.000000e+002
3.144000 3.000000e+002
3.146000 3.000000e+002
3.148000 3.000000e+002
3.150000 3.000000e+002
3.152000 3.000000e+002
3.154000 3.000000e+002
3.156000 3.000000e+002
3.158000 3.000000e+002
3.160000 3.000000e+002
3.162000 3.000000e+002
3.164000 3.000000e+002
3.166000 3.000000e+002
3.168000 3.000000e+002
3.170000 3.000000e+002
3.172000 3.000000e+002
3.174000 3.000000e+002
3.176000 3.000000e+002
3.178000 3.000000e+002
3.180000 3.000000e+002
3.182000 3.000000e+002
3.184000 3.000000e+002
3.186000 3.000000e+002
3.188000 3.000000e+002
3.190000 3.000000e+002
3.192000 3.000000e+002
3.194000 3.000000e+002
3.196000 3.000000e+002
3.198000 3.000000e+002
3.200000 3.000000e+002
3.202000 3.000000e+002
3.204000 3.000000e+002
3.206000 3.000000e+002
3.208000 3.000000e+002
3.210000 3.000000e+002
3.212000 3.000000e+002
3.214000 3.000000e+002
3.216000 3.000000e+002
3.218000 3.000000e+002
3.220000 3.000000e+002
3.222000 3.000000e+002
3.224000 3.000000e+002
3.226000 3.000000e+002
3.228000 3.000000e+002
3.230000 3.000000e+002
3.232000 3.000000e+002
3.234000 3.000000e+002
3.236000 3.000000e+002
3.238000 3.000000e+002
3.240000 3.000000e+002
3.242000 3.000000e+002
3.244000 3.000000e+002
3.246000 3.000000e+002
3.248000 3.000000e+002
3.250000 3.000000e+002
3.252000 3.000000e+002
3.254000 3.000000e+002
3.256000 3.000000e+002
3.258000 3.000000e+002
3.260000 3.000000e+002
3.262000 3.000000e+002
3.264000 3.000000e+002
3.266000 3.000000e+002
3.268000 3.000000e+002
3.270000 3.000000e+002
3.272000 3.000000e+002
3.274000 3.000000e+002
3.276000 3.000000e+002
3.278000 3.000000e+002
3.280000 3.000000e+002
3.282000 3.000000e+002
3.284000 3.000000e+002
3.286000 3.000000e+002
3.288000 3.000000e+002
3.290000 3.000000e+002
3.292000 3.000000e+002
3.294000 3.000000e+002
3.296000 3.000000e+002
3.298000 3.000000e+002
3.300000 3.000000e+002
3.302000 3.000000e+002
3.304000 3.000000e+002
3.306000 3.000000e+002
3.308000 3.000000e+002
3.310000 3.000000e+002
3.312000 3.000000e+002
3.314000 3.000000e+002
3.316000 3.000000e+002
3.318000 3.000000e+002
3.320000 3.000000e+002
3.322000 3.000000e+002
3.324000 3.000000e+002
3.326000 3.000000e+002
3.328000 3.000000e+002
3.330000 3.000000e+002
3.332000 3.000000e+002
3.334000 3.000000e+002
3.336000 3.000000e+002
3.338000 3.000000e+002
3.340000 3.000000e+002
3.342000 3.000000e+002
3.344000 3.000000e+002
3.346000 3.000000e+002
3.348000 3.000000e+002
3.350000 3.000000e+002
3.352000 3.000000e+002
3.354000 3.000000e+002
3.356000 3.000000e+002
3.358000 3.000000e+002
3.360000 3.000000e+002
3.362000 3.000000e+002
3.364000 3.000000e+002
3.366000 3.000000e+002
3.368000 3.000000e+002
3.370000 3.000000e+002
3.372000 3.000000e+002
3.374000 3.000000e+002
3.376000 3.000000e+002
3.378000 3.000000e+002
3.380000 3.000000e+002
3.382000 3.000000e+002
3.384000 3.000000e+002
3.386000 3.000000e+002
3.388000 3.000000e+002
3.390000 3.000000e+002
3.392000 3.000000e+002
3.394000 3.000000e+002
3.396000 3.000000e+002
3.398000 3.000000e+002
3.400000 3.000000e+002
3.402000 3.000000e+002
3.404000 3.000000e+002
3.406000 3.000000e+002
3.408000 3.000000e+002
3.410000 3.000000e+002
3.412000 3.000000e+002
3.414000 3.000000e+002
3.416000 3.000000e+002
3.418000 3.000000e+002
3.420000 3.000000e+002
3.422000 3.000000e+002
3.424000 3.000000e+002
3.426000 3.000000e+002
3.428000 3.000000e+002
3.430000 3.000000e+002
3.432000 3.000000e+002
3.434000 3.000000e+002
3.436000 3.000000e+002
3.438000 3.000000e+002
3.440000 3.000000e+002
3.442000 3.000000e+002
3.444000 3.000000e+002
3.446000 3.000000e+002
3.448000 3.000000e+002
3.450000 3.000000e+002
3.452000 3.000000e+002
3.454000 3.000000e+002
3.456000 3.000000e+002
3.458000 3.000000e+002
3.460000 3.000000e+002
3.462000 3.000000e+002
3.464000 3.000000e+002
3.466000 3.000000e+002
3.468000 3.000000e+002
3.470000 3.000000e+002
3.472000 3.000000e+002
3.474000 3.000000e+002
3.476000 3.000000e+002
3.478000 3.000000e+002
3.480000 3.000000e+002
3.482000 3.000000e+002
3.484000 3.000000e+002
3.486000 3.000000e+002
3.488000 3.000000e+002
3.490000 3.000000e+002
3.492000 3.000000e+002
3.494000 3.000000e+002
3.496000 3.000000e+002
3.498000 3.000000e+002
3.500000 3.000000e+002
3.502000 3.000000e+002
3.504000 3.000000e+002
3.506000 3.000000e+002
3.508000 3.000000e+002
3.510000 3.000000e+002
3.512000 3.000000e+002
3.514000 3.000000e+002
3.516000 3.000000e+002
3.518000 3.000000e+002
3.520000 3.000000e+002
3.522000 3.000000e+002
3.524000 3.000000e+002
3.526000 3.000000e+002
3.528000 3.000000e+002
3.530000 3.000000e+002
3.532000 3.000000e+002
3.534000 3.000000e+002
3.536000 3.000000e+002
3.538000 3.000000e+002
3.540000 3.000000e+002
3.542000 3.000000e+002
3.544000 3.000000e+002
3.546000 3.000000e+002
3.548000 3.000000e+002
3.550000 3.000000e+002
3.552000 3.000000e+002
3.554000 3.000000e+002
3.556000 3.000000e+002
3.558000 3.000000e+002
3.560000 3.000000e+002
3.562000 3.000000e+002
3.564000 3.000000e+002
3.566000 3.000000e+002
3.568000 3.000000e+002
3.570000 3.000000e+002
3.572000 3.000000e+002
3.574000 3.000000e+002
3.576000 3.000000e+002
3.578000 3.000000e+002
3.580000 3.000000e+002
3.582000 3.000000e+002
3.584000 3.000000e+002
3.586000 3.000000e+002
3.588000 3.000000e+002
3.590000 3.000000e+002
3.592000 3.000000e+002
3.594000 3.000000e+002
3.596000 3.000000e+002
3.598000 3.000000e+002
3.600000 3.000000e+002
3.602000 3.000000e+002
3.604000 3.000000e+002
3.606000 3.000000e+002
3.608000 3.000000e+002
3.610000 3.000000e+002
3.612000 3.000000e+002
3.614000 3.000000e+002
3.616000 3.000000e+002
3.618000 3.000000e+002
3.620000 3.000000e+002
3.622000 3.000000e+002
3.624000 3.000000e+002
3.626000 3.000000e+002
3.628000 3.000000e+002
3.630000 3.000000e+002
3.632000 3.000000e+002
3.634000 3.000000e+002
3.636000 3.000000e+002
3.638000 3.000000e+002
3.640000 3.000000e+002
3.642000 3.000000e+002
3.644000 3.000000e+002
3.646000 3.000000e+002
3.648000 3.000000e+002
3.650000 3.000000e+002
3.652000 3.000000e+002
3.654000 3.000000e+002
3.656000 3.000000e+002
3.658000 3.000000e+002
3.660000 3.000000e+002
3.662000 3.000000e+002
3.664000 3.000000e+002
3.666000 3.000000e+002
3.668000 3.000000e+002
3.670000 3.000000e+002
3.672000 3.000000e+002
3.674000 3.000000e+002
3.676000 3.000000e+002
3.678000 3.000000e+002
3.680000 3.000000e+002
3.682000 3.000000e+002
3.684000 3.000000e+002
3.686000 3.000000e+002
3.688000 3.000000e+002
3.690000 3.000000e+002
3.692000 3.000000e+002
3.694000 3.000000e+002
3.696000 3.000000e+002
3.698000 3.000000e+002
3.700000 3.000000e+002
3.702000 3.000000e+002
3.704000 3.000000e+002
3.706000 3.000000e+002
3.708000 3.000000e+002
3.710000 3.000000e+002
3.712000 3.000000e+002
3.714000 3.000000e+002
3.716000 3.000000e+002
3.718000 3.000000e+002
3.720000 3.000000e+002
3.722000 3.000000e+002
3.724000 3.000000e+002
3.726000 3.000000e+002
3.728000 3.000000e+002
3.730000 3.000000e+002
3.732000 3.000000e+002
3.734000 3.000000e+002
3.736000 3.000000e+002
3.738000 3.000000e+002
3.740000 3.000000e+002
3.742000 3.000000e+002
3.744000 3.000000e+002
3.746000 3.000000e+002
3.748000 3.000000e+002
3.750000 3.000000e+002
3.752000 3.000000e+002
3.754000 3.000000e+002
3.756000 3.000000e+002
3.758000 3.000000e+002
3.760000 3.000000e+002
3.762000 3.000000e+002
3.764000 3.000000e+002
3.766000 3.000000e+002
3.768000 3.000000e+002
3.770000 3.000000e+002
3.772000 3.000000e+002
3.774000 3.000000e+002
3.776000 3.000000e+002
3.778000 3.000000e+002
3.780000 3.000000e+002
3.782000 3.000000e+002
3.784000 3.000000e+002
3.786000 3.000000e+002
3.788000 3.000000e+002
3.790000 3.000000e+002
3.792000 3.000000e+002
3.794000 3.000000e+002
3.796000 3.000000e+002
3.798000 3.000000e+002
3.800000 3.000000e+002
3.802000 3.000000e+002
3.804000 3.000000e+002
3.806000 3.000000e+002
3.808000 3.000000e+002
3.810000 3.000000e+002
3.812000 3.000000e+002
3.814000 3.000000e+002
3.816000 3.000000e+002
3.818000 3.000000e+002
3.820000 3.000000e+002
3.822000 3.000000e+002
3.824000 3.000000e+002
3.826000 3.000000e+002
3.828000 3.000000e+002
3.830000 3.000000e+002
3.832000 3.000000e+002
3.834000 3.000000e+002
3.836000 3.000000e+002
3.838000 3.000000e+002
3.840000 3.000000e+002
3.842000 3.000000e+002
3.844000 3.000000e+002
3.846000 3.000000e+002
3.848000 3.000000e+002
3.850000 3.000000e+002
3.852000 3.000000e+002
3.854000 3.000000e+002
3.856000 3.000000e+002
3.858000 3.000000e+002
3.860000 3.000000e+002
3.862000 3.000000e+002
3.864000 3.000000e+002
3.866000 3.000000e+002
3.868000 3.000000e+002
3.870000 3.000000e+002
3.872000 3.000000e+002
3.874000 3.000000e+002
3.876000 3.000000e+002
3.878000 3.000000e+002
3.880000 3.000000e+002
3.882000 3.000000e+002
3.884000 3.000000e+002
3.886000 3.000000e+002
3.888000 3.000000e+002
3.890000 3.000000e+002
3.892000 3.000000e+002
3.894000 3.000000e+002
3.896000 3.000000e+002
3.898000 3.000000e+002
3.900000 3.000000e+002
3.902000 3.000000e+002
3.904000 3.000000e+002
3.906000 3.000000e+002
3.908000 3.000000e+002
3.910000 3.000000e+002
3.912000 3.000000e+002
3.914000 3.000000e+002
3.916000 3.000000e+002
3.918000 3.000000e+002
3.920000 3.000000e+002
3.922000 3.000000e+002
3.924000 3.000000e+002
3.926000 3.000000e+002
3.928000 3.000000e+002
3.930000 3.000000e+002
3.932000 3.000000e+002
3.934000 3.000000e+002
3.936000 3.000000e+002
3.938000 3.000000e+002
3.940000 3.000000e+002
3.942000 3.000000e+002
3.944000 3.000000e+002
3.946000 3.000000e+002
3.948000 3.000000e+002
3.950000 3.000000e+002
3.952000 3.000000e+002
3.954000 3.000000e+002
3.956000 3.000000e+002
3.958000 3.000000e+002
3.960000 3.000000e+002
3.962000 3.000000e+002
3.964000 3.000000e+002
3.966000 3.000000e+002
3.968000 3.000000e+002
3.970000 3.000000e+002
3.972000 3.000000e+002
3.974000 3.000000e+002
3.976000 3.000000e+002
3.978000 3.000000e+002
3.980000 3.000000e+002
3.982000 3.000000e+002
3.984000 3.000000e+002
3.986000 3.000000e+002
3.988000 3.000000e+002
3.990000 3.000000e+002
3.992000 3.000000e+002
3.994000 3.000000e+002
3.996000 3.000000e+002
3.998000 3.000000e+002
