0.000000 3.058818e+002
0.002000 3.065249e+002
0.004000 3.071679e+002
0.006000 3.078108e+002
0.008000 3.084537e+002
0.010000 3.090965e+002
0.012000 3.097393e+002
0.014000 3.103819e+002
0.016000 3.110245e+002
0.018000 3.116669e+002
0.020000 3.123093e+002
0.022000 3.129515e+002
0.024000 3.135936e+002
0.026000 3.142356e+002
0.028000 3.148775e+002
0.030000 3.155192e+002
0.032000 3.161608e+002
0.034000 3.168023e+002
0.036000 3.174436e+002
0.038000 3.180847e+002
0.040000 3.187257e+002
0.042000 3.193665e+002
0.044000 3.200072e+002
0.046000 3.206476e+002
0.048000 3.212879e+002
0.050000 3.219280e+002
0.052000 3.225679e+002
0.054000 3.232076e+002
0.056000 3.238471e+002
0.058000 3.244863e+002
0.060000 3.251254e+002
0.062000 3.257642e+002
0.064000 3.264028e+002
0.066000 3.270412e+002
0.068000 3.276793e+002
0.070000 3.283172e+002
0.072000 3.289548e+002
0.074000 3.295922e+002
0.076000 3.302293e+002
0.078000 3.308661e+002
0.080000 3.315026e+002
0.082000 3.321389e+002
0.084000 3.327749e+002
0.086000 3.334106e+002
0.088000 3.340460e+002
0.090000 3.346811e+002
0.092000 3.353158e+002
0.094000 3.359503e+002
0.096000 3.365844e+002
0.098000 3.372183e+002
0.100000 3.378517e+002
0.102000 3.384849e+002
0.104000 3.391177e+002
0.106000 3.397501e+002
0.108000 3.403822e+002
0.110000 3.410140e+002
0.112000 3.416453e+002
0.114000 3.422764e+002
0.116000 3.429070e+002
0.118000 3.435372e+002
0.120000 3.441671e+002
0.122000 3.447965e+002
0.124000 3.454256e+002
0.126000 3.460542e+002
0.128000 3.466825e+002
0.130000 3.473103e+002
0.132000 3.479377e+002
0.134000 3.485647e+002
0.136000 3.491912e+002
0.138000 3.498174e+002
0.140000 3.504430e+002
0.142000 3.510682e+002
0.144000 3.516930e+002
0.146000 3.523173e+002
0.148000 3.529411e+002
0.150000 3.535645e+002
0.152000 3.541874e+002
0.154000 3.548098e+002
0.156000 3.554317e+002
0.158000 3.560532e+002
0.160000 3.566741e+002
0.162000 3.572945e+002
0.164000 3.579144e+002
0.166000 3.585338e+002
0.168000 3.591527e+002
0.170000 3.597711e+002
0.172000 3.603889e+002
0.174000 3.610062e+002
0.176000 3.616229e+002
0.178000 3.622391e+002
0.180000 3.628548e+002
0.182000 3.634699e+002
0.184000 3.640844e+002
0.186000 3.646984e+002
0.188000 3.653118e+002
0.190000 3.659246e+002
0.192000 3.665368e+002
0.194000 3.671484e+002
0.196000 3.677595e+002
0.198000 3.683699e+002
0.200000 3.689797e+002
0.202000 3.695890e+002
0.204000 3.701976e+002
0.206000 3.708056e+002
0.208000 3.714129e+002
0.210000 3.720197e+002
0.212000 3.726257e+002
0.214000 3.732312e+002
0.216000 3.738360e+002
0.218000 3.744402e+002
0.220000 3.750436e+002
0.222000 3.756465e+002
0.224000 3.762486e+002
0.226000 3.768501e+002
0.228000 3.774509e+002
0.230000 3.780511e+002
0.232000 3.786505e+002
0.234000 3.792492e+002
0.236000 3.798473e+002
0.238000 3.804446e+002
0.240000 3.810413e+002
0.242000 3.816372e+002
0.244000 3.822324e+002
0.246000 3.828269e+002
0.248000 3.834206e+002
0.250000 3.840136e+002
0.252000 3.846059e+002
0.254000 3.851974e+002
0.256000 3.857882e+002
0.258000 3.863782e+002
0.260000 3.869675e+002
0.262000 3.875560e+002
0.264000 3.881437e+002
0.266000 3.887307e+002
0.268000 3.893169e+002
0.270000 3.899023e+002
0.272000 3.904869e+002
0.274000 3.910707e+002
0.276000 3.916537e+002
0.278000 3.922359e+002
0.280000 3.928173e+002
0.282000 3.933979e+002
0.284000 3.939777e+002
0.286000 3.945566e+002
0.288000 3.951348e+002
0.290000 3.957120e+002
0.292000 3.962885e+002
0.294000 3.968641e+002
0.296000 3.974389e+002
0.298000 3.980128e+002
0.300000 3.985858e+002
0.302000 3.991580e+002
0.304000 3.997294e+002
0.306000 4.002998e+002
0.308000 4.008694e+002
0.310000 4.014381e+002
0.312000 4.020059e+002
0.314000 4.025728e+002
0.316000 4.031389e+002
0.318000 4.037040e+002
0.320000 4.042682e+002
0.322000 4.048316e+002
0.324000 4.053940e+002
0.326000 4.059555e+002
0.328000 4.065160e+002
0.330000 4.070757e+002
0.332000 4.076344e+002
0.334000 4.081922e+002
0.336000 4.087490e+002
0.338000 4.093049e+002
0.340000 4.098599e+002
0.342000 4.104139e+002
0.344000 4.109669e+002
0.346000 4.115190e+002
0.348000 4.120701e+002
0.350000 4.126202e+002
0.352000 4.131694e+002
0.354000 4.137176e+002
0.356000 4.142648e+002
0.358000 4.148110e+002
0.360000 4.153562e+002
0.362000 4.159005e+002
0.364000 4.164437e+002
0.366000 4.169859e+002
0.368000 4.175271e+002
0.370000 4.180673e+002
0.372000 4.186065e+002
0.374000 4.191446e+002
0.376000 4.196817e+002
0.378000 4.202178e+002
0.380000 4.207529e+002
0.382000 4.212869e+002
0.384000 4.218199e+002
0.386000 4.223518e+002
0.388000 4.228827e+002
0.390000 4.234125e+002
0.392000 4.239413e+002
0.394000 4.244690e+002
0.396000 4.249956e+002
0.398000 4.255211e+002
0.400000 4.260456e+002
0.402000 4.265690e+002
0.404000 4.270913e+002
0.406000 4.276125e+002
0.408000 4.281327e+002
0.410000 4.286517e+002
0.412000 4.291696e+002
0.414000 4.296865e+002
0.416000 4.302022e+002
0.418000 4.307168e+002
0.420000 4.312303e+002
0.422000 4.317427e+002
0.424000 4.322539e+002
0.426000 4.327640e+002
0.428000 4.332730e+002
0.430000 4.337809e+002
0.432000 4.342876e+002
0.434000 4.347932e+002
0.436000 4.352976e+002
0.438000 4.358009e+002
0.440000 4.363030e+002
0.442000 4.368040e+002
0.444000 4.373038e+002
0.446000 4.378024e+002
0.448000 4.382999e+002
0.450000 4.387962e+002
0.452000 4.392913e+002
0.454000 4.397852e+002
0.456000 4.402780e+002
0.458000 4.407695e+002
0.460000 4.412599e+002
0.462000 4.417491e+002
0.464000 4.422371e+002
0.466000 4.427239e+002
0.468000 4.432094e+002
0.470000 4.436938e+002
0.472000 4.441770e+002
0.474000 4.446589e+002
0.476000 4.451396e+002
0.478000 4.456191e+002
0.480000 4.460974e+002
0.482000 4.465745e+002
0.484000 4.470503e+002
0.486000 4.475249e+002
0.488000 4.479982e+002
0.490000 4.484703e+002
0.492000 4.489412e+002
0.494000 4.494108e+002
0.496000 4.498791e+002
0.498000 4.503462e+002
0.500000 4.508121e+002
0.502000 4.512766e+002
0.504000 4.517400e+002
0.506000 4.522020e+002
0.508000 4.526628e+002
0.510000 4.531223e+002
0.512000 4.535805e+002
0.514000 4.540374e+002
0.516000 4.544931e+002
0.518000 4.549475e+002
0.520000 4.554006e+002
0.522000 4.558523e+002
0.524000 4.563028e+002
0.526000 4.567520e+002
0.528000 4.571999e+002
0.530000 4.576465e+002
0.532000 4.580918e+002
0.534000 4.585358e+002
0.536000 4.589784e+002
0.538000 4.594198e+002
0.540000 4.598598e+002
0.542000 4.602985e+002
0.544000 4.607358e+002
0.546000 4.611719e+002
0.548000 4.616066e+002
0.550000 4.620400e+002
0.552000 4.624720e+002
0.554000 4.629027e+002
0.556000 4.633321e+002
0.558000 4.637601e+002
0.560000 4.641868e+002
0.562000 4.646121e+002
0.564000 4.650361e+002
0.566000 4.654587e+002
0.568000 4.658800e+002
0.570000 4.662999e+002
0.572000 4.667184e+002
0.574000 4.671356e+002
0.576000 4.675514e+002
0.578000 4.679658e+002
0.580000 4.683789e+002
0.582000 4.687905e+002
0.584000 4.692008e+002
0.586000 4.696098e+002
0.588000 4.700173e+002
0.590000 4.704235e+002
0.592000 4.708282e+002
0.594000 4.712316e+002
0.596000 4.716336e+002
0.598000 4.720342e+002
0.600000 4.724334e+002
0.602000 4.728312e+002
0.604000 4.732276e+002
0.606000 4.736226e+002
0.608000 4.740162e+002
0.610000 4.744083e+002
0.612000 4.747991e+002
0.614000 4.751884e+002
0.616000 4.755764e+002
0.618000 4.759629e+002
0.620000 4.763480e+002
0.622000 4.767317e+002
0.624000 4.771139e+002
0.626000 4.774948e+002
0.628000 4.778742e+002
0.630000 4.782522e+002
0.632000 4.786287e+002
0.634000 4.790038e+002
0.636000 4.793775e+002
0.638000 4.797497e+002
0.640000 4.801205e+002
0.642000 4.804899e+002
0.644000 4.808578e+002
0.646000 4.812242e+002
0.648000 4.815893e+002
0.650000 4.819528e+002
0.652000 4.823150e+002
0.654000 4.826756e+002
0.656000 4.830348e+002
0.658000 4.833926e+002
0.660000 4.837489e+002
0.662000 4.841037e+002
0.664000 4.844571e+002
0.666000 4.848090e+002
0.668000 4.851595e+002
0.670000 4.855085e+002
0.672000 4.858560e+002
0.674000 4.862020e+002
0.676000 4.865466e+002
0.678000 4.868897e+002
0.680000 4.872314e+002
0.682000 4.875715e+002
0.684000 4.879102e+002
0.686000 4.882474e+002
0.688000 4.885831e+002
0.690000 4.889173e+002
0.692000 4.892501e+002
0.694000 4.895814e+002
0.696000 4.899111e+002
0.698000 4.902394e+002
0.700000 4.905662e+002
0.702000 4.908916e+002
0.704000 4.912154e+002
0.706000 4.915377e+002
0.708000 4.918586e+002
0.710000 4.921779e+002
0.712000 4.924957e+002
0.714000 4.928121e+002
0.716000 4.931269e+002
0.718000 4.934403e+002
0.720000 4.937521e+002
0.722000 4.940625e+002
0.724000 4.943713e+002
0.726000 4.946787e+002
0.728000 4.949845e+002
0.730000 4.952888e+002
0.732000 4.955916e+002
0.734000 4.958929e+002
0.736000 4.961927e+002
0.738000 4.964910e+002
0.740000 4.967878e+002
0.742000 4.970830e+002
0.744000 4.973768e+002
0.746000 4.976690e+002
0.748000 4.979597e+002
0.750000 4.982489e+002
0.752000 4.985366e+002
0.754000 4.988228e+002
0.756000 4.991074e+002
0.758000 4.993905e+002
0.760000 4.996722e+002
0.762000 4.999522e+002
0.764000 5.002308e+002
0.766000 5.005078e+002
0.768000 5.007833e+002
0.770000 5.010573e+002
0.772000 5.013298e+002
0.774000 5.016007e+002
0.776000 5.018701e+002
0.778000 5.021380e+002
0.780000 5.024044e+002
0.782000 5.026692e+002
0.784000 5.029325e+002
0.786000 5.031943e+002
0.788000 5.034545e+002
0.790000 5.037132e+002
0.792000 5.039704e+002
0.794000 5.042260e+002
0.796000 5.044801e+002
0.798000 5.047327e+002
0.800000 5.049838e+002
0.802000 5.052333e+002
0.804000 5.054813e+002
0.806000 5.057277e+002
0.808000 5.059726e+002
0.810000 5.062160e+002
0.812000 5.064578e+002
0.814000 5.066981e+002
0.816000 5.069369e+002
0.818000 5.071742e+002
0.820000 5.074099e+002
0.822000 5.076440e+002
0.824000 5.078766e+002
0.826000 5.081077e+002
0.828000 5.083373e+002
0.830000 5.085653e+002
0.832000 5.087918e+002
0.834000 5.090167e+002
0.836000 5.092402e+002
0.838000 5.094620e+002
0.840000 5.096824e+002
0.842000 5.099012e+002
0.844000 5.101184e+002
0.846000 5.103341e+002
0.848000 5.105483e+002
0.850000 5.107610e+002
0.852000 5.109721e+002
0.854000 5.111817e+002
0.856000 5.113897e+002
0.858000 5.115962e+002
0.860000 5.118012e+002
0.862000 5.120046e+002
0.864000 5.122065e+002
0.866000 5.124068e+002
0.868000 5.126057e+002
0.870000 5.128029e+002
0.872000 5.129987e+002
0.874000 5.131929e+002
0.876000 5.133856e+002
0.878000 5.135767e+002
0.880000 5.137663e+002
0.882000 5.139544e+002
0.884000 5.141410e+002
0.886000 5.143260e+002
0.888000 5.145095e+002
0.890000 5.146914e+002
0.892000 5.148718e+002
0.894000 5.150507e+002
0.896000 5.152281e+002
0.898000 5.154039e+002
0.900000 5.155782e+002
0.902000 5.157509e+002
0.904000 5.159222e+002
0.906000 5.160919e+002
0.908000 5.162600e+002
0.910000 5.164267e+002
0.912000 5.165918e+002
0.914000 5.167554e+002
0.916000 5.169175e+002
0.918000 5.170780e+002
0.920000 5.172371e+002
0.922000 5.173946e+002
0.924000 5.175505e+002
0.926000 5.177050e+002
0.928000 5.178579e+002
0.930000 5.180093e+002
0.932000 5.181592e+002
0.934000 5.183076e+002
0.936000 5.184545e+002
0.938000 5.185998e+002
0.940000 5.187436e+002
0.942000 5.188859e+002
0.944000 5.190267e+002
0.946000 5.191660e+002
0.948000 5.193038e+002
0.950000 5.194400e+002
0.952000 5.195748e+002
0.954000 5.197080e+002
0.956000 5.198397e+002
0.958000 5.199700e+002
0.960000 5.200987e+002
0.962000 5.202259e+002
0.964000 5.203516e+002
0.966000 5.204758e+002
0.968000 5.205985e+002
0.970000 5.207197e+002
0.972000 5.208394e+002
0.974000 5.209575e+002
0.976000 5.210742e+002
0.978000 5.211894e+002
0.980000 5.213031e+002
0.982000 5.214153e+002
0.984000 5.215261e+002
0.986000 5.216353e+002
0.988000 5.217430e+002
0.990000 5.218492e+002
0.992000 5.219540e+002
0.994000 5.220573e+002
0.996000 5.221590e+002
0.998000 5.222593e+002
1.000000 5.223581e+002
1.002000 5.224555e+002
1.004000 5.225513e+002
1.006000 5.226457e+002
1.008000 5.227386e+002
1.010000 5.228300e+002
1.012000 5.229199e+002
1.014000 5.230084e+002
1.016000 5.230954e+002
1.018000 5.231809e+002
1.020000 5.232650e+002
1.022000 5.233476e+002
1.024000 5.234287e+002
1.026000 5.235083e+002
1.028000 5.235865e+002
1.030000 5.236632e+002
1.032000 5.237385e+002
1.034000 5.238123e+002
1.036000 5.238847e+002
1.038000 5.239556e+002
1.040000 5.240250e+002
1.042000 5.240930e+002
1.044000 5.241596e+002
1.046000 5.242247e+002
1.048000 5.242883e+002
1.050000 5.243505e+002
1.052000 5.244113e+002
1.054000 5.244706e+002
1.056000 5.245285e+002
1.058000 5.245849e+002
1.060000 5.246399e+002
1.062000 5.246935e+002
1.064000 5.247457e+002
1.066000 5.247964e+002
1.068000 5.248457e+002
1.070000 5.248935e+002
1.072000 5.249399e+002
1.074000 5.249849e+002
1.076000 5.250285e+002
1.078000 5.250707e+002
1.080000 5.251114e+002
1.082000 5.251508e+002
1.084000 5.251887e+002
1.086000 5.252252e+002
1.088000 5.252603e+002
1.090000 5.252940e+002
1.092000 5.253263e+002
1.094000 5.253571e+002
1.096000 5.253866e+002
1.098000 5.254147e+002
1.100000 5.254414e+002
1.102000 5.254667e+002
1.104000 5.254905e+002
1.106000 5.255130e+002
1.108000 5.255342e+002
1.110000 5.255539e+002
1.112000 5.255722e+002
1.114000 5.255892e+002
1.116000 5.256047e+002
1.118000 5.256189e+002
1.120000 5.256318e+002
1.122000 5.256432e+002
1.124000 5.256533e+002
1.126000 5.256620e+002
1.128000 5.256693e+002
1.130000 5.256753e+002
1.132000 5.256799e+002
1.134000 5.256832e+002
1.136000 5.256851e+002
1.138000 5.256856e+002
1.140000 5.256848e+002
1.142000 5.256826e+002
1.144000 5.256791e+002
1.146000 5.256742e+002
1.148000 5.256680e+002
1.150000 5.256605e+002
1.152000 5.256516e+002
1.154000 5.256413e+002
1.156000 5.256298e+002
1.158000 5.256169e+002
1.160000 5.256027e+002
1.162000 5.255871e+002
1.164000 5.255702e+002
1.166000 5.255520e+002
1.168000 5.255325e+002
1.170000 5.255117e+002
1.172000 5.254895e+002
1.174000 5.254661e+002
1.176000 5.254413e+002
1.178000 5.254152e+002
1.180000 5.253878e+002
1.182000 5.253592e+002
1.184000 5.253292e+002
1.186000 5.252979e+002
1.188000 5.252653e+002
1.190000 5.252314e+002
1.192000 5.251963e+002
1.194000 5.251598e+002
1.196000 5.251221e+002
1.198000 5.250831e+002
1.200000 5.250428e+002
1.202000 5.250012e+002
1.204000 5.249584e+002
1.206000 5.249143e+002
1.208000 5.248689e+002
1.210000 5.248223e+002
1.212000 5.247744e+002
1.214000 5.247252e+002
1.216000 5.246748e+002
1.218000 5.246231e+002
1.220000 5.245702e+002
1.222000 5.245160e+002
1.224000 5.244606e+002
1.226000 5.244039e+002
1.228000 5.243460e+002
1.230000 5.242869e+002
1.232000 5.242265e+002
1.234000 5.241649e+002
1.236000 5.241021e+002
1.238000 5.240380e+002
1.240000 5.239727e+002
1.242000 5.239062e+002
1.244000 5.238385e+002
1.246000 5.237695e+002
1.248000 5.236994e+002
1.250000 5.236280e+002
1.252000 5.235555e+002
1.254000 5.234817e+002
1.256000 5.234067e+002
1.258000 5.233306e+002
1.260000 5.232532e+002
1.262000 5.231746e+002
1.264000 5.230949e+002
1.266000 5.230140e+002
1.268000 5.229319e+002
1.270000 5.228486e+002
1.272000 5.227641e+002
1.274000 5.226785e+002
1.276000 5.225917e+002
1.278000 5.225037e+002
1.280000 5.224146e+002
1.282000 5.223243e+002
1.284000 5.222328e+002
1.286000 5.221402e+002
1.288000 5.220464e+002
1.290000 5.219515e+002
1.292000 5.218554e+002
1.294000 5.217582e+002
1.296000 5.216599e+002
1.298000 5.215604e+002
1.300000 5.214598e+002
1.302000 5.213581e+002
1.304000 5.212552e+002
1.306000 5.211512e+002
1.308000 5.210461e+002
1.310000 5.209398e+002
1.312000 5.208325e+002
1.314000 5.207240e+002
1.316000 5.206145e+002
1.318000 5.205038e+002
1.320000 5.203920e+002
1.322000 5.202791e+002
1.324000 5.201652e+002
1.326000 5.200501e+002
1.328000 5.199339e+002
1.330000 5.198167e+002
1.332000 5.196984e+002
1.334000 5.195790e+002
1.336000 5.194585e+002
1.338000 5.193370e+002
1.340000 5.192143e+002
1.342000 5.190907e+002
1.344000 5.189659e+002
1.346000 5.188401e+002
1.348000 5.187132e+002
1.350000 5.185853e+002
1.352000 5.184563e+002
1.354000 5.183263e+002
1.356000 5.181953e+002
1.358000 5.180632e+002
1.360000 5.179300e+002
1.362000 5.177959e+002
1.364000 5.176607e+002
1.366000 5.175244e+002
1.368000 5.173872e+002
1.370000 5.172489e+002
1.372000 5.171096e+002
1.374000 5.169693e+002
1.376000 5.168280e+002
1.378000 5.166857e+002
1.380000 5.165423e+002
1.382000 5.163980e+002
1.384000 5.162527e+002
1.386000 5.161064e+002
1.388000 5.159591e+002
1.390000 5.158108e+002
1.392000 5.156615e+002
1.394000 5.155113e+002
1.396000 5.153600e+002
1.398000 5.152078e+002
1.400000 5.150547e+002
1.402000 5.149005e+002
1.404000 5.147454e+002
1.406000 5.145893e+002
1.408000 5.144323e+002
1.410000 5.142744e+002
1.412000 5.141154e+002
1.414000 5.139556e+002
1.416000 5.137948e+002
1.418000 5.136330e+002
1.420000 5.134703e+002
1.422000 5.133067e+002
1.424000 5.131422e+002
1.426000 5.129767e+002
1.428000 5.128103e+002
1.430000 5.126430e+002
1.432000 5.124748e+002
1.434000 5.123057e+002
1.436000 5.121356e+002
1.438000 5.119647e+002
1.440000 5.117928e+002
1.442000 5.116201e+002
1.444000 5.114465e+002
1.446000 5.112719e+002
1.448000 5.110965e+002
1.450000 5.109202e+002
1.452000 5.107430e+002
1.454000 5.105650e+002
1.456000 5.103861e+002
1.458000 5.102063e+002
1.460000 5.100256e+002
1.462000 5.098441e+002
1.464000 5.096617e+002
1.466000 5.094785e+002
1.468000 5.092944e+002
1.470000 5.091095e+002
1.472000 5.089237e+002
1.474000 5.087371e+002
1.476000 5.085496e+002
1.478000 5.083613e+002
1.480000 5.081722e+002
1.482000 5.079823e+002
1.484000 5.077915e+002
1.486000 5.075999e+002
1.488000 5.074075e+002
1.490000 5.072143e+002
1.492000 5.070203e+002
1.494000 5.068254e+002
1.496000 5.066298e+002
1.498000 5.064334e+002
1.500000 5.062361e+002
1.502000 5.060381e+002
1.504000 5.058393e+002
1.506000 5.056397e+002
1.508000 5.054393e+002
1.510000 5.052382e+002
1.512000 5.050363e+002
1.514000 5.048336e+002
1.516000 5.046301e+002
1.518000 5.044259e+002
1.520000 5.042209e+002
1.522000 5.040152e+002
1.524000 5.038087e+002
1.526000 5.036015e+002
1.528000 5.033935e+002
1.530000 5.031848e+002
1.532000 5.029753e+002
1.534000 5.027651e+002
1.536000 5.025542e+002
1.538000 5.023426e+002
1.540000 5.021302e+002
1.542000 5.019171e+002
1.544000 5.017033e+002
1.546000 5.014888e+002
1.548000 5.012736e+002
1.550000 5.010576e+002
1.552000 5.008410e+002
1.554000 5.006237e+002
1.556000 5.004056e+002
1.558000 5.001869e+002
1.560000 4.999675e+002
1.562000 4.997474e+002
1.564000 4.995267e+002
1.566000 4.993052e+002
1.568000 4.990831e+002
1.570000 4.988603e+002
1.572000 4.986368e+002
1.574000 4.984127e+002
1.576000 4.981880e+002
1.578000 4.979625e+002
1.580000 4.977364e+002
1.582000 4.975097e+002
1.584000 4.972823e+002
1.586000 4.970543e+002
1.588000 4.968257e+002
1.590000 4.965964e+002
1.592000 4.963665e+002
1.594000 4.961359e+002
1.596000 4.959048e+002
1.598000 4.956730e+002
1.600000 4.954406e+002
1.602000 4.952076e+002
1.604000 4.949739e+002
1.606000 4.947397e+002
1.608000 4.945049e+002
1.610000 4.942694e+002
1.612000 4.940334e+002
1.614000 4.937968e+002
1.616000 4.935596e+002
1.618000 4.933218e+002
1.620000 4.930835e+002
1.622000 4.928445e+002
1.624000 4.926050e+002
1.626000 4.923649e+002
1.628000 4.921243e+002
1.630000 4.918831e+002
1.632000 4.916413e+002
1.634000 4.913990e+002
1.636000 4.911561e+002
1.638000 4.909127e+002
1.640000 4.906687e+002
1.642000 4.904242e+002
1.644000 4.901791e+002
1.646000 4.899335e+002
1.648000 4.896874e+002
1.650000 4.894408e+002
1.652000 4.891936e+002
1.654000 4.889459e+002
1.656000 4.886977e+002
1.658000 4.884490e+002
1.660000 4.881998e+002
1.662000 4.879501e+002
1.664000 4.876998e+002
1.666000 4.874491e+002
1.668000 4.871979e+002
1.670000 4.869462e+002
1.672000 4.866939e+002
1.674000 4.864413e+002
1.676000 4.861881e+002
1.678000 4.859344e+002
1.680000 4.856803e+002
1.682000 4.854257e+002
1.684000 4.851706e+002
1.686000 4.849151e+002
1.688000 4.846591e+002
1.690000 4.844027e+002
1.692000 4.841458e+002
1.694000 4.838884e+002
1.696000 4.836306e+002
1.698000 4.833724e+002
1.700000 4.831137e+002
1.702000 4.828546e+002
1.704000 4.825950e+002
1.706000 4.823351e+002
1.708000 4.820747e+002
1.710000 4.818138e+002
1.712000 4.815526e+002
1.714000 4.812909e+002
1.716000 4.810288e+002
1.718000 4.807664e+002
1.720000 4.805035e+002
1.722000 4.802402e+002
1.724000 4.799765e+002
1.726000 4.797124e+002
1.728000 4.794479e+002
1.730000 4.791831e+002
1.732000 4.789178e+002
1.734000 4.786522e+002
1.736000 4.783862e+002
1.738000 4.781198e+002
1.740000 4.778530e+002
1.742000 4.775859e+002
1.744000 4.773184e+002
1.746000 4.770505e+002
1.748000 4.767823e+002
1.750000 4.765138e+002
1.752000 4.762449e+002
1.754000 4.759756e+002
1.756000 4.757060e+002
1.758000 4.754360e+002
1.760000 4.751657e+002
1.762000 4.748951e+002
1.764000 4.746242e+002
1.766000 4.743529e+002
1.768000 4.740813e+002
1.770000 4.738093e+002
1.772000 4.735371e+002
1.774000 4.732645e+002
1.776000 4.729917e+002
1.778000 4.727185e+002
1.780000 4.724450e+002
1.782000 4.721712e+002
1.784000 4.718971e+002
1.786000 4.716227e+002
1.788000 4.713481e+002
1.790000 4.710731e+002
1.792000 4.707979e+002
1.794000 4.705223e+002
1.796000 4.702465e+002
1.798000 4.699704e+002
1.800000 4.696941e+002
1.802000 4.694174e+002
1.804000 4.691406e+002
1.806000 4.688634e+002
1.808000 4.685860e+002
1.810000 4.683083e+002
1.812000 4.680304e+002
1.814000 4.677522e+002
1.816000 4.674738e+002
1.818000 4.671951e+002
1.820000 4.669162e+002
1.822000 4.666371e+002
1.824000 4.663577e+002
1.826000 4.660781e+002
1.828000 4.657982e+002
1.830000 4.655182e+002
1.832000 4.652379e+002
1.834000 4.649574e+002
1.836000 4.646767e+002
1.838000 4.643958e+002
1.840000 4.641146e+002
1.842000 4.638333e+002
1.844000 4.635517e+002
1.846000 4.632700e+002
1.848000 4.629880e+002
1.850000 4.627059e+002
1.852000 4.624236e+002
1.854000 4.621411e+002
1.856000 4.618584e+002
1.858000 4.615755e+002
1.860000 4.612924e+002
1.862000 4.610092e+002
1.864000 4.607258e+002
1.866000 4.604422e+002
1.868000 4.601585e+002
1.870000 4.598746e+002
1.872000 4.595905e+002
1.874000 4.593063e+002
1.876000 4.590219e+002
1.878000 4.587374e+002
1.880000 4.584527e+002
1.882000 4.581679e+002
1.884000 4.578829e+002
1.886000 4.575978e+002
1.888000 4.573126e+002
1.890000 4.570272e+002
1.892000 4.567417e+002
1.894000 4.564561e+002
1.896000 4.561703e+002
1.898000 4.558845e+002
1.900000 4.555985e+002
1.902000 4.553124e+002
1.904000 4.550261e+002
1.906000 4.547398e+002
1.908000 4.544534e+002
1.910000 4.541668e+002
1.912000 4.538802e+002
1.914000 4.535934e+002
1.916000 4.533066e+002
1.918000 4.530197e+002
1.920000 4.527327e+002
1.922000 4.524456e+002
1.924000 4.521584e+002
1.926000 4.518711e+002
1.928000 4.515837e+002
1.930000 4.512963e+002
1.932000 4.510088e+002
1.934000 4.507213e+002
1.936000 4.504336e+002
1.938000 4.501459e+002
1.940000 4.498582e+002
1.942000 4.495703e+002
1.944000 4.492825e+002
1.946000 4.489945e+002
1.948000 4.487065e+002
1.950000 4.484185e+002
1.952000 4.481304e+002
1.954000 4.478423e+002
1.956000 4.475542e+002
1.958000 4.472660e+002
1.960000 4.469778e+002
1.962000 4.466895e+002
1.964000 4.464012e+002
1.966000 4.461129e+002
1.968000 4.458246e+002
1.970000 4.455362e+002
1.972000 4.452478e+002
1.974000 4.449594e+002
1.976000 4.446710e+002
1.978000 4.443826e+002
1.980000 4.440942e+002
1.982000 4.438058e+002
1.984000 4.435173e+002
1.986000 4.432289e+002
1.988000 4.429405e+002
1.990000 4.426521e+002
1.992000 4.423637e+002
1.994000 4.420753e+002
1.996000 4.417869e+002
1.998000 4.414985e+002
2.000000 4.412101e+002
2.002000 4.409218e+002
2.004000 4.406335e+002
2.006000 4.403452e+002
2.008000 4.400570e+002
2.010000 4.397687e+002
2.012000 4.394805e+002
2.014000 4.391924e+002
2.016000 4.389043e+002
2.018000 4.386162e+002
2.020000 4.383282e+002
2.022000 4.380402e+002
2.024000 4.377522e+002
2.026000 4.374643e+002
2.028000 4.371765e+002
2.030000 4.368887e+002
2.032000 4.366010e+002
2.034000 4.363133e+002
2.036000 4.360257e+002
2.038000 4.357382e+002
2.040000 4.354508e+002
2.042000 4.351634e+002
2.044000 4.348760e+002
2.046000 4.345888e+002
2.048000 4.343016e+002
2.050000 4.340145e+002
2.052000 4.337275e+002
2.054000 4.334406e+002
2.056000 4.331537e+002
2.058000 4.328670e+002
2.060000 4.325803e+002
2.062000 4.322938e+002
2.064000 4.320073e+002
2.066000 4.317209e+002
2.068000 4.314347e+002
2.070000 4.311485e+002
2.072000 4.308624e+002
2.074000 4.305765e+002
2.076000 4.302906e+002
2.078000 4.300049e+002
2.080000 4.297193e+002
2.082000 4.294338e+002
2.084000 4.291484e+002
2.086000 4.288631e+002
2.088000 4.285780e+002
2.090000 4.282929e+002
2.092000 4.280080e+002
2.094000 4.277233e+002
2.096000 4.274387e+002
2.098000 4.271542e+002
2.100000 4.268698e+002
2.102000 4.265856e+002
2.104000 4.263015e+002
2.106000 4.260175e+002
2.108000 4.257337e+002
2.110000 4.254501e+002
2.112000 4.251666e+002
2.114000 4.248832e+002
2.116000 4.246000e+002
2.118000 4.243170e+002
2.120000 4.240341e+002
2.122000 4.237514e+002
2.124000 4.234688e+002
2.126000 4.231864e+002
2.128000 4.229041e+002
2.130000 4.226221e+002
2.132000 4.223401e+002
2.134000 4.220584e+002
2.136000 4.217768e+002
2.138000 4.214955e+002
2.140000 4.212142e+002
2.142000 4.209332e+002
2.144000 4.206524e+002
2.146000 4.203717e+002
2.148000 4.200912e+002
2.150000 4.198109e+002
2.152000 4.195308e+002
2.154000 4.192509e+002
2.156000 4.189711e+002
2.158000 4.186916e+002
2.160000 4.184123e+002
2.162000 4.181331e+002
2.164000 4.178542e+002
2.166000 4.175754e+002
2.168000 4.172969e+002
2.170000 4.170186e+002
2.172000 4.167405e+002
2.174000 4.164625e+002
2.176000 4.161848e+002
2.178000 4.159074e+002
2.180000 4.156301e+002
2.182000 4.153530e+002
2.184000 4.150762e+002
2.186000 4.147996e+002
2.188000 4.145232e+002
2.190000 4.142470e+002
2.192000 4.139710e+002
2.194000 4.136953e+002
2.196000 4.134198e+002
2.198000 4.131446e+002
2.200000 4.128695e+002
2.202000 4.125947e+002
2.204000 4.123202e+002
2.206000 4.120459e+002
2.208000 4.117718e+002
2.210000 4.114979e+002
2.212000 4.112243e+002
2.214000 4.109510e+002
2.216000 4.106779e+002
2.218000 4.104050e+002
2.220000 4.101324e+002
2.222000 4.098600e+002
2.224000 4.095879e+002
2.226000 4.093160e+002
2.228000 4.090444e+002
2.230000 4.087731e+002
2.232000 4.085020e+002
2.234000 4.082312e+002
2.236000 4.079606e+002
2.238000 4.076903e+002
2.240000 4.074203e+002
2.242000 4.071505e+002
2.244000 4.068810e+002
2.246000 4.066118e+002
2.248000 4.063428e+002
2.250000 4.060741e+002
2.252000 4.058057e+002
2.254000 4.055376e+002
2.256000 4.052697e+002
2.258000 4.050021e+002
2.260000 4.047348e+002
2.262000 4.044678e+002
2.264000 4.042011e+002
2.266000 4.039346e+002
2.268000 4.036684e+002
2.270000 4.034026e+002
2.272000 4.031370e+002
2.274000 4.028717e+002
2.276000 4.026067e+002
2.278000 4.023419e+002
2.280000 4.020775e+002
2.282000 4.018134e+002
2.284000 4.015496e+002
2.286000 4.012860e+002
2.288000 4.010228e+002
2.290000 4.007599e+002
2.292000 4.004972e+002
2.294000 4.002349e+002
2.296000 3.999729e+002
2.298000 3.997112e+002
2.300000 3.994498e+002
2.302000 3.991887e+002
2.304000 3.989279e+002
2.306000 3.986674e+002
2.308000 3.984073e+002
2.310000 3.981474e+002
2.312000 3.978879e+002
2.314000 3.976287e+002
2.316000 3.973698e+002
2.318000 3.971112e+002
2.320000 3.968529e+002
2.322000 3.965950e+002
2.324000 3.963374e+002
2.326000 3.960801e+002
2.328000 3.958231e+002
2.330000 3.955665e+002
2.332000 3.953102e+002
2.334000 3.950542e+002
2.336000 3.947986e+002
2.338000 3.945432e+002
2.340000 3.942883e+002
2.342000 3.940336e+002
2.344000 3.937793e+002
2.346000 3.935253e+002
2.348000 3.932717e+002
2.350000 3.930184e+002
2.352000 3.927654e+002
2.354000 3.925128e+002
2.356000 3.922605e+002
2.358000 3.920085e+002
2.360000 3.917569e+002
2.362000 3.915057e+002
2.364000 3.912548e+002
2.366000 3.910042e+002
2.368000 3.907540e+002
2.370000 3.905041e+002
2.372000 3.902546e+002
2.374000 3.900054e+002
2.376000 3.897566e+002
2.378000 3.895081e+002
2.380000 3.892600e+002
2.382000 3.890123e+002
2.384000 3.887649e+002
2.386000 3.885178e+002
2.388000 3.882711e+002
2.390000 3.880248e+002
2.392000 3.877788e+002
2.394000 3.875332e+002
2.396000 3.872880e+002
2.398000 3.870431e+002
2.400000 3.867986e+002
2.402000 3.865544e+002
2.404000 3.863106e+002
2.406000 3.860672e+002
2.408000 3.858241e+002
2.410000 3.855814e+002
2.412000 3.853391e+002
2.414000 3.850972e+002
2.416000 3.848556e+002
2.418000 3.846144e+002
2.420000 3.843735e+002
2.422000 3.841330e+002
2.424000 3.838929e+002
2.426000 3.836532e+002
2.428000 3.834139e+002
2.430000 3.831749e+002
2.432000 3.829363e+002
2.434000 3.826981e+002
2.436000 3.824603e+002
2.438000 3.822228e+002
2.440000 3.819857e+002
2.442000 3.817490e+002
2.444000 3.815127e+002
2.446000 3.812768e+002
2.448000 3.810412e+002
2.450000 3.808060e+002
2.452000 3.805712e+002
2.454000 3.803368e+002
2.456000 3.801028e+002
2.458000 3.798692e+002
2.460000 3.796360e+002
2.462000 3.794031e+002
2.464000 3.791706e+002
2.466000 3.789386e+002
2.468000 3.787069e+002
2.470000 3.784756e+002
2.472000 3.782447e+002
2.474000 3.780142e+002
2.476000 3.777840e+002
2.478000 3.775543e+002
2.480000 3.773250e+002
2.482000 3.770960e+002
2.484000 3.768675e+002
2.486000 3.766393e+002
2.488000 3.764116e+002
2.490000 3.761842e+002
2.492000 3.759573e+002
2.494000 3.757307e+002
2.496000 3.755045e+002
2.498000 3.752788e+002
2.500000 3.750534e+002
2.502000 3.748284e+002
2.504000 3.746039e+002
2.506000 3.743797e+002
2.508000 3.741560e+002
2.510000 3.739326e+002
2.512000 3.737096e+002
2.514000 3.734871e+002
2.516000 3.732649e+002
2.518000 3.730432e+002
2.520000 3.728218e+002
2.522000 3.726009e+002
2.524000 3.723804e+002
2.526000 3.721602e+002
2.528000 3.719405e+002
2.530000 3.717212e+002
2.532000 3.715023e+002
2.534000 3.712838e+002
2.536000 3.710657e+002
2.538000 3.708480e+002
2.540000 3.706308e+002
2.542000 3.704139e+002
2.544000 3.701975e+002
2.546000 3.699814e+002
2.548000 3.697658e+002
2.550000 3.695506e+002
2.552000 3.693358e+002
2.554000 3.691214e+002
2.556000 3.689074e+002
2.558000 3.686938e+002
2.560000 3.684806e+002
2.562000 3.682679e+002
2.564000 3.680556e+002
2.566000 3.678436e+002
2.568000 3.676321e+002
2.570000 3.674211e+002
2.572000 3.672104e+002
2.574000 3.670001e+002
2.576000 3.667903e+002
2.578000 3.665809e+002
2.580000 3.663718e+002
2.582000 3.661633e+002
2.584000 3.659551e+002
2.586000 3.657473e+002
2.588000 3.655400e+002
2.590000 3.653331e+002
2.592000 3.651265e+002
2.594000 3.649205e+002
2.596000 3.647148e+002
2.598000 3.645095e+002
2.600000 3.643047e+002
2.602000 3.641003e+002
2.604000 3.638963e+002
2.606000 3.636927e+002
2.608000 3.634896e+002
2.610000 3.632868e+002
2.612000 3.630845e+002
2.614000 3.628826e+002
2.616000 3.626811e+002
2.618000 3.624801e+002
2.620000 3.622795e+002
2.622000 3.620792e+002
2.624000 3.618795e+002
2.626000 3.616801e+002
2.628000 3.614811e+002
2.630000 3.612826e+002
2.632000 3.610845e+002
2.634000 3.608868e+002
2.636000 3.606896e+002
2.638000 3.604927e+002
2.640000 3.602963e+002
2.642000 3.601003e+002
2.644000 3.599048e+002
2.646000 3.597096e+002
2.648000 3.595149e+002
2.650000 3.593206e+002
2.652000 3.591267e+002
2.654000 3.589333e+002
2.656000 3.587402e+002
2.658000 3.585476e+002
2.660000 3.583554e+002
2.662000 3.581637e+002
2.664000 3.579723e+002
2.666000 3.577814e+002
2.668000 3.575909e+002
2.670000 3.574009e+002
2.672000 3.572112e+002
2.674000 3.570220e+002
2.676000 3.568332e+002
2.678000 3.566448e+002
2.680000 3.564569e+002
2.682000 3.562694e+002
2.684000 3.560823e+002
2.686000 3.558956e+002
2.688000 3.557093e+002
2.690000 3.555235e+002
2.692000 3.553381e+002
2.694000 3.551531e+002
2.696000 3.549686e+002
2.698000 3.547844e+002
2.700000 3.546007e+002
2.702000 3.544174e+002
2.704000 3.542346e+002
2.706000 3.540521e+002
2.708000 3.538701e+002
2.710000 3.536885e+002
2.712000 3.535074e+002
2.714000 3.533266e+002
2.716000 3.531463e+002
2.718000 3.529664e+002
2.720000 3.527869e+002
2.722000 3.526079e+002
2.724000 3.524292e+002
2.726000 3.522510e+002
2.728000 3.520732e+002
2.730000 3.518959e+002
2.732000 3.517189e+002
2.734000 3.515424e+002
2.736000 3.513663e+002
2.738000 3.511907e+002
2.740000 3.510154e+002
2.742000 3.508406e+002
2.744000 3.506662e+002
2.746000 3.504922e+002
2.748000 3.503186e+002
2.750000 3.501455e+002
2.752000 3.499728e+002
2.754000 3.498005e+002
2.756000 3.496286e+002
2.758000 3.494571e+002
2.760000 3.492861e+002
2.762000 3.491155e+002
2.764000 3.489453e+002
2.766000 3.487755e+002
2.768000 3.486062e+002
2.770000 3.484372e+002
2.772000 3.482687e+002
2.774000 3.481006e+002
2.776000 3.479330e+002
2.778000 3.477657e+002
2.780000 3.475989e+002
2.782000 3.474324e+002
2.784000 3.472664e+002
2.786000 3.471009e+002
2.788000 3.469357e+002
2.790000 3.467709e+002
2.792000 3.466066e+002
2.794000 3.464427e+002
2.796000 3.462792e+002
2.798000 3.461161e+002
2.800000 3.459535e+002
2.802000 3.457912e+002
2.804000 3.456294e+002
2.806000 3.454680e+002
2.808000 3.453070e+002
2.810000 3.451464e+002
2.812000 3.449862e+002
2.814000 3.448265e+002
2.816000 3.446671e+002
2.818000 3.445082e+002
2.820000 3.443497e+002
2.822000 3.441916e+002
2.824000 3.440339e+002
2.826000 3.438767e+002
2.828000 3.437198e+002
2.830000 3.435634e+002
2.832000 3.434073e+002
2.834000 3.432517e+002
2.836000 3.430965e+002
2.838000 3.429417e+002
2.840000 3.427873e+002
2.842000 3.426333e+002
2.844000 3.424798e+002
2.846000 3.423266e+002
2.848000 3.421739e+002
2.850000 3.420215e+002
2.852000 3.418696e+002
2.854000 3.417181e+002
2.856000 3.415670e+002
2.858000 3.414163e+002
2.860000 3.412660e+002
2.862000 3.411161e+002
2.864000 3.409666e+002
2.866000 3.408175e+002
2.868000 3.406689e+002
2.870000 3.405206e+002
2.872000 3.403728e+002
2.874000 3.402253e+002
2.876000 3.400783e+002
2.878000 3.399316e+002
2.880000 3.397854e+002
2.882000 3.396395e+002
2.884000 3.394941e+002
2.886000 3.393491e+002
2.888000 3.392045e+002
2.890000 3.390602e+002
2.892000 3.389164e+002
2.894000 3.387730e+002
2.896000 3.386300e+002
2.898000 3.384873e+002
2.900000 3.383451e+002
2.902000 3.382033e+002
2.904000 3.380619e+002
2.906000 3.379209e+002
2.908000 3.377802e+002
2.910000 3.376400e+002
2.912000 3.375002e+002
2.914000 3.373608e+002
2.916000 3.372217e+002
2.918000 3.370831e+002
2.920000 3.369448e+002
2.922000 3.368070e+002
2.924000 3.366695e+002
2.926000 3.365325e+002
2.928000 3.363958e+002
2.930000 3.362595e+002
2.932000 3.361237e+002
2.934000 3.359882e+002
2.936000 3.358531e+002
2.938000 3.357184e+002
2.940000 3.355841e+002
2.942000 3.354502e+002
2.944000 3.353166e+002
2.946000 3.351835e+002
2.948000 3.350508e+002
2.950000 3.349184e+002
2.952000 3.347864e+002
2.954000 3.346549e+002
2.956000 3.345237e+002
2.958000 3.343929e+002
2.960000 3.342624e+002
2.962000 3.341324e+002
2.964000 3.340027e+002
2.966000 3.338735e+002
2.968000 3.337446e+002
2.970000 3.336161e+002
2.972000 3.334880e+002
2.974000 3.333603e+002
2.976000 3.332329e+002
2.978000 3.331060e+002
2.980000 3.329794e+002
2.982000 3.328532e+002
2.984000 3.327274e+002
2.986000 3.326019e+002
2.988000 3.324769e+002
2.990000 3.323522e+002
2.992000 3.322279e+002
2.994000 3.321040e+002
2.996000 3.319804e+002
2.998000 3.318573e+002
3.000000 3.317345e+002
3.002000 3.316121e+002
3.004000 3.314900e+002
3.006000 3.313684e+002
3.008000 3.312471e+002
3.010000 3.311262e+002
3.012000 3.310056e+002
3.014000 3.308855e+002
3.016000 3.307657e+002
3.018000 3.306462e+002
3.020000 3.305272e+002
3.022000 3.304085e+002
3.024000 3.302902e+002
3.026000 3.301723e+002
3.028000 3.300547e+002
3.030000 3.299375e+002
3.032000 3.298207e+002
3.034000 3.297042e+002
3.036000 3.295881e+002
3.038000 3.294724e+002
3.040000 3.293570e+002
3.042000 3.292420e+002
3.044000 3.291274e+002
3.046000 3.290131e+002
3.048000 3.288992e+002
3.050000 3.287856e+002
3.052000 3.286724e+002
3.054000 3.285596e+002
3.056000 3.284472e+002
3.058000 3.283351e+002
3.060000 3.282233e+002
3.062000 3.281120e+002
3.064000 3.280009e+002
3.066000 3.278903e+002
3.068000 3.277800e+002
3.070000 3.276700e+002
3.072000 3.275604e+002
3.074000 3.274512e+002
3.076000 3.273423e+002
3.078000 3.272338e+002
3.080000 3.271257e+002
3.082000 3.270179e+002
3.084000 3.269104e+002
3.086000 3.268033e+002
3.088000 3.266965e+002
3.090000 3.265901e+002
3.092000 3.264841e+002
3.094000 3.263784e+002
3.096000 3.262730e+002
3.098000 3.261681e+002
3.100000 3.260634e+002
3.102000 3.259591e+002
3.104000 3.258552e+002
3.106000 3.257515e+002
3.108000 3.256483e+002
3.110000 3.255454e+002
3.112000 3.254428e+002
3.114000 3.253406e+002
3.116000 3.252387e+002
3.118000 3.251372e+002
3.120000 3.250360e+002
3.122000 3.249351e+002
3.124000 3.248346e+002
3.126000 3.247345e+002
3.128000 3.246346e+002
3.130000 3.245351e+002
3.132000 3.244360e+002
3.134000 3.243372e+002
3.136000 3.242387e+002
3.138000 3.241406e+002
3.140000 3.240428e+002
3.142000 3.239453e+002
3.144000 3.238482e+002
3.146000 3.237514e+002
3.148000 3.236550e+002
3.150000 3.235589e+002
3.152000 3.234631e+002
3.154000 3.233676e+002
3.156000 3.232725e+002
3.158000 3.231777e+002
3.160000 3.230833e+002
3.162000 3.229891e+002
3.164000 3.228953e+002
3.166000 3.228019e+002
3.168000 3.227087e+002
3.170000 3.226159e+002
3.172000 3.225234e+002
3.174000 3.224313e+002
3.176000 3.223395e+002
3.178000 3.222480e+002
3.180000 3.221568e+002
3.182000 3.220659e+002
3.184000 3.219754e+002
3.186000 3.218852e+002
3.188000 3.217953e+002
3.190000 3.217057e+002
3.192000 3.216165e+002
3.194000 3.215276e+002
3.196000 3.214390e+002
3.198000 3.213507e+002
3.200000 3.212627e+002
3.202000 3.211751e+002
3.204000 3.210877e+002
3.206000 3.210007e+002
3.208000 3.209140e+002
3.210000 3.208277e+002
3.212000 3.207416e+002
3.214000 3.206559e+002
3.216000 3.205704e+002
3.218000 3.204853e+002
3.220000 3.204005e+002
3.222000 3.203160e+002
3.224000 3.202318e+002
3.226000 3.201479e+002
3.228000 3.200644e+002
3.230000 3.199811e+002
3.232000 3.198982e+002
3.234000 3.198155e+002
3.236000 3.197332e+002
3.238000 3.196512e+002
3.240000 3.195695e+002
3.242000 3.194881e+002
3.244000 3.194070e+002
3.246000 3.193262e+002
3.248000 3.192457e+002
3.250000 3.191655e+002
3.252000 3.190856e+002
3.254000 3.190060e+002
3.256000 3.189267e+002
3.258000 3.188478e+002
3.260000 3.187691e+002
3.262000 3.186907e+002
3.264000 3.186126e+002
3.266000 3.185348e+002
3.268000 3.184574e+002
3.270000 3.183802e+002
3.272000 3.183033e+002
3.274000 3.182267e+002
3.276000 3.181504e+002
3.278000 3.180744e+002
3.280000 3.179987e+002
3.282000 3.179233e+002
3.284000 3.178481e+002
3.286000 3.177733e+002
3.288000 3.176988e+002
3.290000 3.176245e+002
3.292000 3.175506e+002
3.294000 3.174769e+002
3.296000 3.174035e+002
3.298000 3.173305e+002
3.300000 3.172577e+002
3.302000 3.171852e+002
3.304000 3.171129e+002
3.306000 3.170410e+002
3.308000 3.169694e+002
3.310000 3.168980e+002
3.312000 3.168269e+002
3.314000 3.167561e+002
3.316000 3.166856e+002
3.318000 3.166154e+002
3.320000 3.165454e+002
3.322000 3.164758e+002
3.324000 3.164064e+002
3.326000 3.163373e+002
3.328000 3.162685e+002
3.330000 3.161999e+002
3.332000 3.161317e+002
3.334000 3.160637e+002
3.336000 3.159960e+002
3.338000 3.159285e+002
3.340000 3.158614e+002
3.342000 3.157945e+002
3.344000 3.157279e+002
3.346000 3.156616e+002
3.348000 3.155955e+002
3.350000 3.155298e+002
3.352000 3.154643e+002
3.354000 3.153990e+002
3.356000 3.153341e+002
3.358000 3.152694e+002
3.360000 3.152050e+002
3.362000 3.151408e+002
3.364000 3.150769e+002
3.366000 3.150133e+002
3.368000 3.149500e+002
3.370000 3.148869e+002
3.372000 3.148241e+002
3.374000 3.147616e+002
3.376000 3.146993e+002
3.378000 3.146373e+002
3.380000 3.145755e+002
3.382000 3.145141e+002
3.384000 3.144528e+002
3.386000 3.143919e+002
3.388000 3.143312e+002
3.390000 3.142708e+002
3.392000 3.142106e+002
3.394000 3.141507e+002
3.396000 3.140911e+002
3.398000 3.140317e+002
3.400000 3.139725e+002
3.402000 3.139137e+002
3.404000 3.138551e+002
3.406000 3.137967e+002
3.408000 3.137386e+002
3.410000 3.136808e+002
3.412000 3.136232e+002
3.414000 3.135659e+002
3.416000 3.135088e+002
3.418000 3.134520e+002
3.420000 3.133954e+002
3.422000 3.133391e+002
3.424000 3.132831e+002
3.426000 3.132273e+002
3.428000 3.131717e+002
3.430000 3.131164e+002
3.432000 3.130614e+002
3.434000 3.130066e+002
3.436000 3.129520e+002
3.438000 3.128977e+002
3.440000 3.128436e+002
3.442000 3.127898e+002
3.444000 3.127363e+002
3.446000 3.126830e+002
3.448000 3.126299e+002
3.450000 3.125771e+002
3.452000 3.125245e+002
3.454000 3.124722e+002
3.456000 3.124201e+002
3.458000 3.123682e+002
3.460000 3.123166e+002
3.462000 3.122653e+002
3.464000 3.122141e+002
3.466000 3.121633e+002
3.468000 3.121126e+002
3.470000 3.120622e+002
3.472000 3.120121e+002
3.474000 3.119622e+002
3.476000 3.119125e+002
3.478000 3.118630e+002
3.480000 3.118138e+002
3.482000 3.117649e+002
3.484000 3.117162e+002
3.486000 3.116677e+002
3.488000 3.116194e+002
3.490000 3.115714e+002
3.492000 3.115236e+002
3.494000 3.114760e+002
3.496000 3.114287e+002
3.498000 3.113816e+002
3.500000 3.113348e+002
3.502000 3.112882e+002
3.504000 3.112418e+002
3.506000 3.111956e+002
3.508000 3.111497e+002
3.510000 3.111040e+002
3.512000 3.110585e+002
3.514000 3.110133e+002
3.516000 3.109683e+002
3.518000 3.109235e+002
3.520000 3.108789e+002
3.522000 3.108346e+002
3.524000 3.107905e+002
3.526000 3.107466e+002
3.528000 3.107030e+002
3.530000 3.106596e+002
3.532000 3.106164e+002
3.534000 3.105734e+002
3.536000 3.105307e+002
3.538000 3.104881e+002
3.540000 3.104458e+002
3.542000 3.104038e+002
3.544000 3.103619e+002
3.546000 3.103203e+002
3.548000 3.102788e+002
3.550000 3.102376e+002
3.552000 3.101967e+002
3.554000 3.101559e+002
3.556000 3.101154e+002
3.558000 3.100751e+002
3.560000 3.100350e+002
3.562000 3.099951e+002
3.564000 3.099554e+002
3.566000 3.099160e+002
3.568000 3.098767e+002
3.570000 3.098377e+002
3.572000 3.097989e+002
3.574000 3.097604e+002
3.576000 3.097220e+002
3.578000 3.096838e+002
3.580000 3.096459e+002
3.582000 3.096082e+002
3.584000 3.095707e+002
3.586000 3.095334e+002
3.588000 3.094963e+002
3.590000 3.094594e+002
3.592000 3.094227e+002
3.594000 3.093863e+002
3.596000 3.093500e+002
3.598000 3.093140e+002
3.600000 3.092782e+002
3.602000 3.092425e+002
3.604000 3.092071e+002
3.606000 3.091719e+002
3.608000 3.091370e+002
3.610000 3.091022e+002
3.612000 3.090676e+002
3.614000 3.090332e+002
3.616000 3.089991e+002
3.618000 3.089651e+002
3.620000 3.089314e+002
3.622000 3.088978e+002
3.624000 3.088645e+002
3.626000 3.088313e+002
3.628000 3.087984e+002
3.630000 3.087657e+002
3.632000 3.087331e+002
3.634000 3.087008e+002
3.636000 3.086687e+002
3.638000 3.086368e+002
3.640000 3.086051e+002
3.642000 3.085735e+002
3.644000 3.085422e+002
3.646000 3.085111e+002
3.648000 3.084802e+002
3.650000 3.084495e+002
3.652000 3.084190e+002
3.654000 3.083886e+002
3.656000 3.083585e+002
3.658000 3.083286e+002
3.660000 3.082989e+002
3.662000 3.082694e+002
3.664000 3.082400e+002
3.666000 3.082109e+002
3.668000 3.081820e+002
3.670000 3.081532e+002
3.672000 3.081247e+002
3.674000 3.080963e+002
3.676000 3.080682e+002
3.678000 3.080402e+002
3.680000 3.080125e+002
3.682000 3.079849e+002
3.684000 3.079575e+002
3.686000 3.079303e+002
3.688000 3.079034e+002
3.690000 3.078766e+002
3.692000 3.078499e+002
3.694000 3.078235e+002
3.696000 3.077973e+002
3.698000 3.077713e+002
3.700000 3.077454e+002
3.702000 3.077198e+002
3.704000 3.076943e+002
3.706000 3.076691e+002
3.708000 3.076440e+002
3.710000 3.076191e+002
3.712000 3.075944e+002
3.714000 3.075699e+002
3.716000 3.075456e+002
3.718000 3.075214e+002
3.720000 3.074975e+002
3.722000 3.074737e+002
3.724000 3.074502e+002
3.726000 3.074268e+002
3.728000 3.074036e+002
3.730000 3.073806e+002
3.732000 3.073577e+002
3.734000 3.073351e+002
3.736000 3.073126e+002
3.738000 3.072904e+002
3.740000 3.072683e+002
3.742000 3.072464e+002
3.744000 3.072247e+002
3.746000 3.072031e+002
3.748000 3.071818e+002
3.750000 3.071606e+002
3.752000 3.071396e+002
3.754000 3.071189e+002
3.756000 3.070982e+002
3.758000 3.070778e+002
3.760000 3.070576e+002
3.762000 3.070375e+002
3.764000 3.070176e+002
3.766000 3.069979e+002
3.768000 3.069784e+002
3.770000 3.069590e+002
3.772000 3.069399e+002
3.774000 3.069209e+002
3.776000 3.069021e+002
3.778000 3.068834e+002
3.780000 3.068650e+002
3.782000 3.068467e+002
3.784000 3.068287e+002
3.786000 3.068107e+002
3.788000 3.067930e+002
3.790000 3.067755e+002
3.792000 3.067581e+002
3.794000 3.067409e+002
3.796000 3.067239e+002
3.798000 3.067071e+002
3.800000 3.066904e+002
3.802000 3.066739e+002
3.804000 3.066576e+002
3.806000 3.066415e+002
3.808000 3.066255e+002
3.810000 3.066097e+002
3.812000 3.065941e+002
3.814000 3.065787e+002
3.816000 3.065635e+002
3.818000 3.065484e+002
3.820000 3.065335e+002
3.822000 3.065188e+002
3.824000 3.065042e+002
3.826000 3.064899e+002
3.828000 3.064757e+002
3.830000 3.064616e+002
3.832000 3.064478e+002
3.834000 3.064341e+002
3.836000 3.064206e+002
3.838000 3.064073e+002
3.840000 3.063941e+002
3.842000 3.063811e+002
3.844000 3.063683e+002
3.846000 3.063557e+002
3.848000 3.063432e+002
3.850000 3.063309e+002
3.852000 3.063188e+002
3.854000 3.063069e+002
3.856000 3.062951e+002
3.858000 3.062835e+002
3.860000 3.062720e+002
3.862000 3.062608e+002
3.864000 3.062497e+002
3.866000 3.062388e+002
3.868000 3.062280e+002
3.870000 3.062174e+002
3.872000 3.062070e+002
3.874000 3.061968e+002
3.876000 3.061867e+002
3.878000 3.061769e+002
3.880000 3.061671e+002
3.882000 3.061576e+002
3.884000 3.061482e+002
3.886000 3.061390e+002
3.888000 3.061299e+002
3.890000 3.061211e+002
3.892000 3.061124e+002
3.894000 3.061038e+002
3.896000 3.060955e+002
3.898000 3.060873e+002
3.900000 3.060792e+002
3.902000 3.060714e+002
3.904000 3.060637e+002
3.906000 3.060562e+002
3.908000 3.060488e+002
3.910000 3.060416e+002
3.912000 3.060346e+002
3.914000 3.060278e+002
3.916000 3.060211e+002
3.918000 3.060146e+002
3.920000 3.060082e+002
3.922000 3.060020e+002
3.924000 3.059960e+002
3.926000 3.059902e+002
3.928000 3.059845e+002
3.930000 3.059790e+002
3.932000 3.059737e+002
3.934000 3.059685e+002
3.936000 3.059635e+002
3.938000 3.059587e+002
3.940000 3.059540e+002
3.942000 3.059495e+002
3.944000 3.059452e+002
3.946000 3.059410e+002
3.948000 3.059370e+002
3.950000 3.059332e+002
3.952000 3.059295e+002
3.954000 3.059260e+002
3.956000 3.059227e+002
3.958000 3.059195e+002
3.960000 3.059165e+002
3.962000 3.059137e+002
3.964000 3.059110e+002
3.966000 3.059085e+002
3.968000 3.059062e+002
3.970000 3.059041e+002
3.972000 3.059021e+002
3.974000 3.059002e+002
3.976000 3.058986e+002
3.978000 3.058971e+002
3.980000 3.058957e+002
3.982000 3.058946e+002
3.984000 3.058936e+002
3.986000 3.058927e+002
3.988000 3.058921e+002
3.990000 3.058916e+002
3.992000 3.058912e+002
3.994000 3.058911e+002
3.996000 3.058911e+002
3.998000 3.000000e+002
