0.000000 3.095594e+002
0.002000 3.106062e+002
0.004000 3.116529e+002
0.006000 3.126995e+002
0.008000 3.137458e+002
0.010000 3.147921e+002
0.012000 3.158381e+002
0.014000 3.168839e+002
0.016000 3.179296e+002
0.018000 3.189750e+002
0.020000 3.200202e+002
0.022000 3.210651e+002
0.024000 3.221098e+002
0.026000 3.231542e+002
0.028000 3.241983e+002
0.030000 3.252421e+002
0.032000 3.262856e+002
0.034000 3.273288e+002
0.036000 3.283716e+002
0.038000 3.294141e+002
0.040000 3.304563e+002
0.042000 3.314980e+002
0.044000 3.325394e+002
0.046000 3.335804e+002
0.048000 3.346209e+002
0.050000 3.356611e+002
0.052000 3.367008e+002
0.054000 3.377400e+002
0.056000 3.387788e+002
0.058000 3.398171e+002
0.060000 3.408549e+002
0.062000 3.418922e+002
0.064000 3.429290e+002
0.066000 3.439653e+002
0.068000 3.450010e+002
0.070000 3.460362e+002
0.072000 3.470708e+002
0.074000 3.481048e+002
0.076000 3.491383e+002
0.078000 3.501711e+002
0.080000 3.512033e+002
0.082000 3.522349e+002
0.084000 3.532659e+002
0.086000 3.542962e+002
0.088000 3.553258e+002
0.090000 3.563547e+002
0.092000 3.573830e+002
0.094000 3.584105e+002
0.096000 3.594374e+002
0.098000 3.604635e+002
0.100000 3.614888e+002
0.102000 3.625135e+002
0.104000 3.635373e+002
0.106000 3.645604e+002
0.108000 3.655826e+002
0.110000 3.666041e+002
0.112000 3.676248e+002
0.114000 3.686446e+002
0.116000 3.696636e+002
0.118000 3.706817e+002
0.120000 3.716990e+002
0.122000 3.727153e+002
0.124000 3.737308e+002
0.126000 3.747454e+002
0.128000 3.757591e+002
0.130000 3.767718e+002
0.132000 3.777837e+002
0.134000 3.787945e+002
0.136000 3.798044e+002
0.138000 3.808133e+002
0.140000 3.818213e+002
0.142000 3.828282e+002
0.144000 3.838341e+002
0.146000 3.848390e+002
0.148000 3.858428e+002
0.150000 3.868457e+002
0.152000 3.878474e+002
0.154000 3.888481e+002
0.156000 3.898477e+002
0.158000 3.908462e+002
0.160000 3.918435e+002
0.162000 3.928398e+002
0.164000 3.938349e+002
0.166000 3.948289e+002
0.168000 3.958218e+002
0.170000 3.968134e+002
0.172000 3.978039e+002
0.174000 3.987932e+002
0.176000 3.997813e+002
0.178000 4.007682e+002
0.180000 4.017538e+002
0.182000 4.027382e+002
0.184000 4.037214e+002
0.186000 4.047033e+002
0.188000 4.056839e+002
0.190000 4.066633e+002
0.192000 4.076413e+002
0.194000 4.086181e+002
0.196000 4.095935e+002
0.198000 4.105676e+002
0.200000 4.115403e+002
0.202000 4.125117e+002
0.204000 4.134818e+002
0.206000 4.144504e+002
0.208000 4.154177e+002
0.210000 4.163836e+002
0.212000 4.173480e+002
0.214000 4.183110e+002
0.216000 4.192727e+002
0.218000 4.202328e+002
0.220000 4.211915e+002
0.222000 4.221488e+002
0.224000 4.231045e+002
0.226000 4.240588e+002
0.228000 4.250116e+002
0.230000 4.259628e+002
0.232000 4.269126e+002
0.234000 4.278608e+002
0.236000 4.288075e+002
0.238000 4.297526e+002
0.240000 4.306961e+002
0.242000 4.316381e+002
0.244000 4.325785e+002
0.246000 4.335173e+002
0.248000 4.344545e+002
0.250000 4.353901e+002
0.252000 4.363240e+002
0.254000 4.372563e+002
0.256000 4.381869e+002
0.258000 4.391159e+002
0.260000 4.400432e+002
0.262000 4.409689e+002
0.264000 4.418928e+002
0.266000 4.428150e+002
0.268000 4.437356e+002
0.270000 4.446544e+002
0.272000 4.455714e+002
0.274000 4.464867e+002
0.276000 4.474003e+002
0.278000 4.483121e+002
0.280000 4.492221e+002
0.282000 4.501304e+002
0.284000 4.510368e+002
0.286000 4.519415e+002
0.288000 4.528443e+002
0.290000 4.537453e+002
0.292000 4.546444e+002
0.294000 4.555418e+002
0.296000 4.564372e+002
0.298000 4.573308e+002
0.300000 4.582225e+002
0.302000 4.591124e+002
0.304000 4.600003e+002
0.306000 4.608864e+002
0.308000 4.617705e+002
0.310000 4.626527e+002
0.312000 4.635330e+002
0.314000 4.644113e+002
0.316000 4.652876e+002
0.318000 4.661621e+002
0.320000 4.670345e+002
0.322000 4.679050e+002
0.324000 4.687734e+002
0.326000 4.696399e+002
0.328000 4.705043e+002
0.330000 4.713668e+002
0.332000 4.722272e+002
0.334000 4.730856e+002
0.336000 4.739419e+002
0.338000 4.747962e+002
0.340000 4.756484e+002
0.342000 4.764985e+002
0.344000 4.773466e+002
0.346000 4.781925e+002
0.348000 4.790364e+002
0.350000 4.798782e+002
0.352000 4.807178e+002
0.354000 4.815553e+002
0.356000 4.823907e+002
0.358000 4.832239e+002
0.360000 4.840550e+002
0.362000 4.848839e+002
0.364000 4.857107e+002
0.366000 4.865353e+002
0.368000 4.873577e+002
0.370000 4.881778e+002
0.372000 4.889958e+002
0.374000 4.898116e+002
0.376000 4.906252e+002
0.378000 4.914365e+002
0.380000 4.922456e+002
0.382000 4.930524e+002
0.384000 4.938570e+002
0.386000 4.946594e+002
0.388000 4.954594e+002
0.390000 4.962572e+002
0.392000 4.970527e+002
0.394000 4.978459e+002
0.396000 4.986368e+002
0.398000 4.994254e+002
0.400000 5.002117e+002
0.402000 5.009957e+002
0.404000 5.017773e+002
0.406000 5.025566e+002
0.408000 5.033335e+002
0.410000 5.041081e+002
0.412000 5.048803e+002
0.414000 5.056502e+002
0.416000 5.064177e+002
0.418000 5.071827e+002
0.420000 5.079454e+002
0.422000 5.087057e+002
0.424000 5.094636e+002
0.426000 5.102191e+002
0.428000 5.109722e+002
0.430000 5.117228e+002
0.432000 5.124710e+002
0.434000 5.132167e+002
0.436000 5.139600e+002
0.438000 5.147009e+002
0.440000 5.154393e+002
0.442000 5.161752e+002
0.444000 5.169086e+002
0.446000 5.176396e+002
0.448000 5.183680e+002
0.450000 5.190940e+002
0.452000 5.198175e+002
0.454000 5.205384e+002
0.456000 5.212569e+002
0.458000 5.219728e+002
0.460000 5.226862e+002
0.462000 5.233970e+002
0.464000 5.241053e+002
0.466000 5.248111e+002
0.468000 5.255143e+002
0.470000 5.262149e+002
0.472000 5.269130e+002
0.474000 5.276085e+002
0.476000 5.283014e+002
0.478000 5.289918e+002
0.480000 5.296795e+002
0.482000 5.303647e+002
0.484000 5.310472e+002
0.486000 5.317272e+002
0.488000 5.324045e+002
0.490000 5.330792e+002
0.492000 5.337513e+002
0.494000 5.344207e+002
0.496000 5.350876e+002
0.498000 5.357517e+002
0.500000 5.364133e+002
0.502000 5.370721e+002
0.504000 5.377283e+002
0.506000 5.383819e+002
0.508000 5.390328e+002
0.510000 5.396810e+002
0.512000 5.403265e+002
0.514000 5.409694e+002
0.516000 5.416095e+002
0.518000 5.422470e+002
0.520000 5.428817e+002
0.522000 5.435138e+002
0.524000 5.441431e+002
0.526000 5.447698e+002
0.528000 5.453937e+002
0.530000 5.460149e+002
0.532000 5.466333e+002
0.534000 5.472491e+002
0.536000 5.478621e+002
0.538000 5.484723e+002
0.540000 5.490798e+002
0.542000 5.496846e+002
0.544000 5.502866e+002
0.546000 5.508858e+002
0.548000 5.514823e+002
0.550000 5.520760e+002
0.552000 5.526669e+002
0.554000 5.532551e+002
0.556000 5.538405e+002
0.558000 5.544231e+002
0.560000 5.550029e+002
0.562000 5.555799e+002
0.564000 5.561541e+002
0.566000 5.567256e+002
0.568000 5.572942e+002
0.570000 5.578600e+002
0.572000 5.584230e+002
0.574000 5.589832e+002
0.576000 5.595406e+002
0.578000 5.600951e+002
0.580000 5.606468e+002
0.582000 5.611957e+002
0.584000 5.617418e+002
0.586000 5.622850e+002
0.588000 5.628254e+002
0.590000 5.633629e+002
0.592000 5.638977e+002
0.594000 5.644295e+002
0.596000 5.649585e+002
0.598000 5.654847e+002
0.600000 5.660080e+002
0.602000 5.665284e+002
0.604000 5.670460e+002
0.606000 5.675607e+002
0.608000 5.680725e+002
0.610000 5.685815e+002
0.612000 5.690876e+002
0.614000 5.695908e+002
0.616000 5.700912e+002
0.618000 5.705886e+002
0.620000 5.710832e+002
0.622000 5.715749e+002
0.624000 5.720637e+002
0.626000 5.725496e+002
0.628000 5.730326e+002
0.630000 5.735127e+002
0.632000 5.739900e+002
0.634000 5.744643e+002
0.636000 5.749357e+002
0.638000 5.754043e+002
0.640000 5.758699e+002
0.642000 5.763326e+002
0.644000 5.767924e+002
0.646000 5.772493e+002
0.648000 5.777033e+002
0.650000 5.781543e+002
0.652000 5.786025e+002
0.654000 5.790477e+002
0.656000 5.794901e+002
0.658000 5.799295e+002
0.660000 5.803659e+002
0.662000 5.807995e+002
0.664000 5.812301e+002
0.666000 5.816578e+002
0.668000 5.820826e+002
0.670000 5.825044e+002
0.672000 5.829233e+002
0.674000 5.833393e+002
0.676000 5.837524e+002
0.678000 5.841625e+002
0.680000 5.845697e+002
0.682000 5.849739e+002
0.684000 5.853753e+002
0.686000 5.857737e+002
0.688000 5.861691e+002
0.690000 5.865616e+002
0.692000 5.869512e+002
0.694000 5.873378e+002
0.696000 5.877215e+002
0.698000 5.881023e+002
0.700000 5.884801e+002
0.702000 5.888549e+002
0.704000 5.892269e+002
0.706000 5.895959e+002
0.708000 5.899619e+002
0.710000 5.903250e+002
0.712000 5.906852e+002
0.714000 5.910424e+002
0.716000 5.913967e+002
0.718000 5.917480e+002
0.720000 5.920964e+002
0.722000 5.924419e+002
0.724000 5.927844e+002
0.726000 5.931240e+002
0.728000 5.934606e+002
0.730000 5.937943e+002
0.732000 5.941250e+002
0.734000 5.944528e+002
0.736000 5.947777e+002
0.738000 5.950996e+002
0.740000 5.954186e+002
0.742000 5.957347e+002
0.744000 5.960478e+002
0.746000 5.963580e+002
0.748000 5.966652e+002
0.750000 5.969695e+002
0.752000 5.972709e+002
0.754000 5.975693e+002
0.756000 5.978648e+002
0.758000 5.981574e+002
0.760000 5.984470e+002
0.762000 5.987337e+002
0.764000 5.990175e+002
0.766000 5.992984e+002
0.768000 5.995763e+002
0.770000 5.998513e+002
0.772000 6.001233e+002
0.774000 6.003925e+002
0.776000 6.006587e+002
0.778000 6.009220e+002
0.780000 6.011824e+002
0.782000 6.014399e+002
0.784000 6.016944e+002
0.786000 6.019461e+002
0.788000 6.021948e+002
0.790000 6.024406e+002
0.792000 6.026835e+002
0.794000 6.029235e+002
0.796000 6.031606e+002
0.798000 6.033948e+002
0.800000 6.036261e+002
0.802000 6.038545e+002
0.804000 6.040800e+002
0.806000 6.043026e+002
0.808000 6.045223e+002
0.810000 6.047391e+002
0.812000 6.049530e+002
0.814000 6.051640e+002
0.816000 6.053722e+002
0.818000 6.055774e+002
0.820000 6.057798e+002
0.822000 6.059793e+002
0.824000 6.061759e+002
0.826000 6.063697e+002
0.828000 6.065606e+002
0.830000 6.067486e+002
0.832000 6.069337e+002
0.834000 6.071160e+002
0.836000 6.072954e+002
0.838000 6.074720e+002
0.840000 6.076457e+002
0.842000 6.078166e+002
0.844000 6.079846e+002
0.846000 6.081498e+002
0.848000 6.083121e+002
0.850000 6.084716e+002
0.852000 6.086282e+002
0.854000 6.087820e+002
0.856000 6.089330e+002
0.858000 6.090811e+002
0.860000 6.092265e+002
0.862000 6.093690e+002
0.864000 6.095086e+002
0.866000 6.096455e+002
0.868000 6.097796e+002
0.870000 6.099108e+002
0.872000 6.100392e+002
0.874000 6.101649e+002
0.876000 6.102877e+002
0.878000 6.104078e+002
0.880000 6.105250e+002
0.882000 6.106395e+002
0.884000 6.107512e+002
0.886000 6.108601e+002
0.888000 6.109662e+002
0.890000 6.110696e+002
0.892000 6.111702e+002
0.894000 6.112680e+002
0.896000 6.113631e+002
0.898000 6.114554e+002
0.900000 6.115449e+002
0.902000 6.116317e+002
0.904000 6.117158e+002
0.906000 6.117971e+002
0.908000 6.118757e+002
0.910000 6.119515e+002
0.912000 6.120246e+002
0.914000 6.120950e+002
0.916000 6.121627e+002
0.918000 6.122277e+002
0.920000 6.122899e+002
0.922000 6.123495e+002
0.924000 6.124063e+002
0.926000 6.124604e+002
0.928000 6.125119e+002
0.930000 6.125606e+002
0.932000 6.126067e+002
0.934000 6.126501e+002
0.936000 6.126908e+002
0.938000 6.127289e+002
0.940000 6.127643e+002
0.942000 6.127970e+002
0.944000 6.128270e+002
0.946000 6.128544e+002
0.948000 6.128792e+002
0.950000 6.129013e+002
0.952000 6.129208e+002
0.954000 6.129377e+002
0.956000 6.129519e+002
0.958000 6.129635e+002
0.960000 6.129725e+002
0.962000 6.129789e+002
0.964000 6.129826e+002
0.966000 6.129838e+002
0.968000 6.129824e+002
0.970000 6.129784e+002
0.972000 6.129718e+002
0.974000 6.129626e+002
0.976000 6.129508e+002
0.978000 6.129365e+002
0.980000 6.129196e+002
0.982000 6.129001e+002
0.984000 6.128781e+002
0.986000 6.128536e+002
0.988000 6.128265e+002
0.990000 6.127968e+002
0.992000 6.127646e+002
0.994000 6.127299e+002
0.996000 6.126927e+002
0.998000 6.126530e+002
1.000000 6.126107e+002
1.002000 6.125660e+002
1.004000 6.125188e+002
1.006000 6.124690e+002
1.008000 6.124168e+002
1.010000 6.123621e+002
1.012000 6.123049e+002
1.014000 6.122453e+002
1.016000 6.121831e+002
1.018000 6.121186e+002
1.020000 6.120516e+002
1.022000 6.119821e+002
1.024000 6.119102e+002
1.026000 6.118358e+002
1.028000 6.117591e+002
1.030000 6.116799e+002
1.032000 6.115983e+002
1.034000 6.115143e+002
1.036000 6.114279e+002
1.038000 6.113391e+002
1.040000 6.112479e+002
1.042000 6.111543e+002
1.044000 6.110583e+002
1.046000 6.109600e+002
1.048000 6.108593e+002
1.050000 6.107562e+002
1.052000 6.106508e+002
1.054000 6.105431e+002
1.056000 6.104330e+002
1.058000 6.103206e+002
1.060000 6.102058e+002
1.062000 6.100887e+002
1.064000 6.099693e+002
1.066000 6.098477e+002
1.068000 6.097237e+002
1.070000 6.095974e+002
1.072000 6.094688e+002
1.074000 6.093380e+002
1.076000 6.092048e+002
1.078000 6.090694e+002
1.080000 6.089318e+002
1.082000 6.087919e+002
1.084000 6.086497e+002
1.086000 6.085053e+002
1.088000 6.083587e+002
1.090000 6.082098e+002
1.092000 6.080588e+002
1.094000 6.079055e+002
1.096000 6.077500e+002
1.098000 6.075923e+002
1.100000 6.074324e+002
1.102000 6.072704e+002
1.104000 6.071061e+002
1.106000 6.069397e+002
1.108000 6.067711e+002
1.110000 6.066004e+002
1.112000 6.064275e+002
1.114000 6.062525e+002
1.116000 6.060753e+002
1.118000 6.058960e+002
1.120000 6.057146e+002
1.122000 6.055311e+002
1.124000 6.053454e+002
1.126000 6.051577e+002
1.128000 6.049678e+002
1.130000 6.047759e+002
1.132000 6.045819e+002
1.134000 6.043859e+002
1.136000 6.041877e+002
1.138000 6.039876e+002
1.140000 6.037853e+002
1.142000 6.035811e+002
1.144000 6.033747e+002
1.146000 6.031664e+002
1.148000 6.029561e+002
1.150000 6.027437e+002
1.152000 6.025293e+002
1.154000 6.023129e+002
1.156000 6.020946e+002
1.158000 6.018742e+002
1.160000 6.016519e+002
1.162000 6.014276e+002
1.164000 6.012014e+002
1.166000 6.009732e+002
1.168000 6.007430e+002
1.170000 6.005109e+002
1.172000 6.002769e+002
1.174000 6.000410e+002
1.176000 5.998031e+002
1.178000 5.995634e+002
1.180000 5.993217e+002
1.182000 5.990782e+002
1.184000 5.988327e+002
1.186000 5.985854e+002
1.188000 5.983363e+002
1.190000 5.980852e+002
1.192000 5.978323e+002
1.194000 5.975776e+002
1.196000 5.973210e+002
1.198000 5.970626e+002
1.200000 5.968023e+002
1.202000 5.965403e+002
1.204000 5.962764e+002
1.206000 5.960108e+002
1.208000 5.957433e+002
1.210000 5.954741e+002
1.212000 5.952031e+002
1.214000 5.949303e+002
1.216000 5.946558e+002
1.218000 5.943795e+002
1.220000 5.941015e+002
1.222000 5.938217e+002
1.224000 5.935402e+002
1.226000 5.932570e+002
1.228000 5.929720e+002
1.230000 5.926854e+002
1.232000 5.923970e+002
1.234000 5.921070e+002
1.236000 5.918153e+002
1.238000 5.915219e+002
1.240000 5.912268e+002
1.242000 5.909301e+002
1.244000 5.906318e+002
1.246000 5.903318e+002
1.248000 5.900301e+002
1.250000 5.897268e+002
1.252000 5.894220e+002
1.254000 5.891155e+002
1.256000 5.888074e+002
1.258000 5.884977e+002
1.260000 5.881864e+002
1.262000 5.878735e+002
1.264000 5.875591e+002
1.266000 5.872431e+002
1.268000 5.869256e+002
1.270000 5.866065e+002
1.272000 5.862858e+002
1.274000 5.859637e+002
1.276000 5.856400e+002
1.278000 5.853148e+002
1.280000 5.849881e+002
1.282000 5.846599e+002
1.284000 5.843302e+002
1.286000 5.839990e+002
1.288000 5.836663e+002
1.290000 5.833322e+002
1.292000 5.829966e+002
1.294000 5.826596e+002
1.296000 5.823211e+002
1.298000 5.819812e+002
1.300000 5.816399e+002
1.302000 5.812971e+002
1.304000 5.809530e+002
1.306000 5.806074e+002
1.308000 5.802605e+002
1.310000 5.799121e+002
1.312000 5.795624e+002
1.314000 5.792113e+002
1.316000 5.788589e+002
1.318000 5.785051e+002
1.320000 5.781499e+002
1.322000 5.777934e+002
1.324000 5.774356e+002
1.326000 5.770765e+002
1.328000 5.767160e+002
1.330000 5.763543e+002
1.332000 5.759912e+002
1.334000 5.756269e+002
1.336000 5.752613e+002
1.338000 5.748944e+002
1.340000 5.745262e+002
1.342000 5.741568e+002
1.344000 5.737861e+002
1.346000 5.734142e+002
1.348000 5.730411e+002
1.350000 5.726667e+002
1.352000 5.722911e+002
1.354000 5.719143e+002
1.356000 5.715364e+002
1.358000 5.711572e+002
1.360000 5.707768e+002
1.362000 5.703953e+002
1.364000 5.700126e+002
1.366000 5.696287e+002
1.368000 5.692437e+002
1.370000 5.688575e+002
1.372000 5.684702e+002
1.374000 5.680818e+002
1.376000 5.676923e+002
1.378000 5.673016e+002
1.380000 5.669098e+002
1.382000 5.665170e+002
1.384000 5.661230e+002
1.386000 5.657280e+002
1.388000 5.653319e+002
1.390000 5.649348e+002
1.392000 5.645365e+002
1.394000 5.641373e+002
1.396000 5.637370e+002
1.398000 5.633356e+002
1.400000 5.629333e+002
1.402000 5.625299e+002
1.404000 5.621255e+002
1.406000 5.617201e+002
1.408000 5.613138e+002
1.410000 5.609064e+002
1.412000 5.604981e+002
1.414000 5.600888e+002
1.416000 5.596785e+002
1.418000 5.592673e+002
1.420000 5.588551e+002
1.422000 5.584421e+002
1.424000 5.580280e+002
1.426000 5.576131e+002
1.428000 5.571972e+002
1.430000 5.567805e+002
1.432000 5.563628e+002
1.434000 5.559443e+002
1.436000 5.555248e+002
1.438000 5.551045e+002
1.440000 5.546834e+002
1.442000 5.542613e+002
1.444000 5.538384e+002
1.446000 5.534147e+002
1.448000 5.529902e+002
1.450000 5.525648e+002
1.452000 5.521386e+002
1.454000 5.517116e+002
1.456000 5.512838e+002
1.458000 5.508552e+002
1.460000 5.504258e+002
1.462000 5.499956e+002
1.464000 5.495646e+002
1.466000 5.491329e+002
1.468000 5.487004e+002
1.470000 5.482672e+002
1.472000 5.478332e+002
1.474000 5.473985e+002
1.476000 5.469631e+002
1.478000 5.465270e+002
1.480000 5.460901e+002
1.482000 5.456525e+002
1.484000 5.452143e+002
1.486000 5.447753e+002
1.488000 5.443357e+002
1.490000 5.438954e+002
1.492000 5.434545e+002
1.494000 5.430128e+002
1.496000 5.425706e+002
1.498000 5.421276e+002
1.500000 5.416841e+002
1.502000 5.412399e+002
1.504000 5.407951e+002
1.506000 5.403497e+002
1.508000 5.399037e+002
1.510000 5.394570e+002
1.512000 5.390098e+002
1.514000 5.385620e+002
1.516000 5.381137e+002
1.518000 5.376647e+002
1.520000 5.372152e+002
1.522000 5.367652e+002
1.524000 5.363146e+002
1.526000 5.358634e+002
1.528000 5.354118e+002
1.530000 5.349596e+002
1.532000 5.345068e+002
1.534000 5.340536e+002
1.536000 5.335999e+002
1.538000 5.331457e+002
1.540000 5.326909e+002
1.542000 5.322358e+002
1.544000 5.317801e+002
1.546000 5.313240e+002
1.548000 5.308674e+002
1.550000 5.304103e+002
1.552000 5.299528e+002
1.554000 5.294949e+002
1.556000 5.290365e+002
1.558000 5.285777e+002
1.560000 5.281185e+002
1.562000 5.276589e+002
1.564000 5.271989e+002
1.566000 5.267385e+002
1.568000 5.262777e+002
1.570000 5.258165e+002
1.572000 5.253550e+002
1.574000 5.248931e+002
1.576000 5.244308e+002
1.578000 5.239681e+002
1.580000 5.235052e+002
1.582000 5.230418e+002
1.584000 5.225782e+002
1.586000 5.221142e+002
1.588000 5.216499e+002
1.590000 5.211853e+002
1.592000 5.207204e+002
1.594000 5.202551e+002
1.596000 5.197896e+002
1.598000 5.193238e+002
1.600000 5.188578e+002
1.602000 5.183914e+002
1.604000 5.179248e+002
1.606000 5.174579e+002
1.608000 5.169908e+002
1.610000 5.165234e+002
1.612000 5.160558e+002
1.614000 5.155880e+002
1.616000 5.151199e+002
1.618000 5.146516e+002
1.620000 5.141831e+002
1.622000 5.137144e+002
1.624000 5.132455e+002
1.626000 5.127765e+002
1.628000 5.123072e+002
1.630000 5.118377e+002
1.632000 5.113681e+002
1.634000 5.108983e+002
1.636000 5.104283e+002
1.638000 5.099582e+002
1.640000 5.094880e+002
1.642000 5.090176e+002
1.644000 5.085470e+002
1.646000 5.080764e+002
1.648000 5.076056e+002
1.650000 5.071347e+002
1.652000 5.066637e+002
1.654000 5.061926e+002
1.656000 5.057214e+002
1.658000 5.052501e+002
1.660000 5.047787e+002
1.662000 5.043072e+002
1.664000 5.038357e+002
1.666000 5.033641e+002
1.668000 5.028924e+002
1.670000 5.024207e+002
1.672000 5.019490e+002
1.674000 5.014772e+002
1.676000 5.010053e+002
1.678000 5.005335e+002
1.680000 5.000616e+002
1.682000 4.995897e+002
1.684000 4.991177e+002
1.686000 4.986458e+002
1.688000 4.981739e+002
1.690000 4.977020e+002
1.692000 4.972300e+002
1.694000 4.967582e+002
1.696000 4.962863e+002
1.698000 4.958144e+002
1.700000 4.953426e+002
1.702000 4.948709e+002
1.704000 4.943992e+002
1.706000 4.939275e+002
1.708000 4.934559e+002
1.710000 4.929844e+002
1.712000 4.925129e+002
1.714000 4.920415e+002
1.716000 4.915702e+002
1.718000 4.910989e+002
1.720000 4.906278e+002
1.722000 4.901568e+002
1.724000 4.896858e+002
1.726000 4.892150e+002
1.728000 4.887443e+002
1.730000 4.882737e+002
1.732000 4.878032e+002
1.734000 4.873329e+002
1.736000 4.868627e+002
1.738000 4.863926e+002
1.740000 4.859227e+002
1.742000 4.854529e+002
1.744000 4.849833e+002
1.746000 4.845139e+002
1.748000 4.840446e+002
1.750000 4.835755e+002
1.752000 4.831066e+002
1.754000 4.826378e+002
1.756000 4.821693e+002
1.758000 4.817009e+002
1.760000 4.812328e+002
1.762000 4.807648e+002
1.764000 4.802971e+002
1.766000 4.798295e+002
1.768000 4.793622e+002
1.770000 4.788951e+002
1.772000 4.784283e+002
1.774000 4.779616e+002
1.776000 4.774953e+002
1.778000 4.770291e+002
1.780000 4.765632e+002
1.782000 4.760976e+002
1.784000 4.756322e+002
1.786000 4.751671e+002
1.788000 4.747023e+002
1.790000 4.742377e+002
1.792000 4.737734e+002
1.794000 4.733094e+002
1.796000 4.728457e+002
1.798000 4.723822e+002
1.800000 4.719191e+002
1.802000 4.714563e+002
1.804000 4.709938e+002
1.806000 4.705315e+002
1.808000 4.700697e+002
1.810000 4.696081e+002
1.812000 4.691468e+002
1.814000 4.686859e+002
1.816000 4.682253e+002
1.818000 4.677651e+002
1.820000 4.673052e+002
1.822000 4.668456e+002
1.824000 4.663864e+002
1.826000 4.659276e+002
1.828000 4.654691e+002
1.830000 4.650110e+002
1.832000 4.645532e+002
1.834000 4.640958e+002
1.836000 4.636389e+002
1.838000 4.631822e+002
1.840000 4.627260e+002
1.842000 4.622702e+002
1.844000 4.618147e+002
1.846000 4.613597e+002
1.848000 4.609050e+002
1.850000 4.604508e+002
1.852000 4.599970e+002
1.854000 4.595436e+002
1.856000 4.590906e+002
1.858000 4.586381e+002
1.860000 4.581859e+002
1.862000 4.577342e+002
1.864000 4.572830e+002
1.866000 4.568321e+002
1.868000 4.563818e+002
1.870000 4.559318e+002
1.872000 4.554824e+002
1.874000 4.550333e+002
1.876000 4.545848e+002
1.878000 4.541367e+002
1.880000 4.536891e+002
1.882000 4.532419e+002
1.884000 4.527952e+002
1.886000 4.523490e+002
1.888000 4.519033e+002
1.890000 4.514580e+002
1.892000 4.510133e+002
1.894000 4.505690e+002
1.896000 4.501253e+002
1.898000 4.496820e+002
1.900000 4.492393e+002
1.902000 4.487970e+002
1.904000 4.483553e+002
1.906000 4.479141e+002
1.908000 4.474734e+002
1.910000 4.470332e+002
1.912000 4.465935e+002
1.914000 4.461544e+002
1.916000 4.457158e+002
1.918000 4.452778e+002
1.920000 4.448403e+002
1.922000 4.444033e+002
1.924000 4.439668e+002
1.926000 4.435310e+002
1.928000 4.430956e+002
1.930000 4.426609e+002
1.932000 4.422266e+002
1.934000 4.417930e+002
1.936000 4.413599e+002
1.938000 4.409274e+002
1.940000 4.404954e+002
1.942000 4.400641e+002
1.944000 4.396333e+002
1.946000 4.392030e+002
1.948000 4.387734e+002
1.950000 4.383444e+002
1.952000 4.379159e+002
1.954000 4.374880e+002
1.956000 4.370608e+002
1.958000 4.366341e+002
1.960000 4.362080e+002
1.962000 4.357826e+002
1.964000 4.353577e+002
1.966000 4.349334e+002
1.968000 4.345098e+002
1.970000 4.340868e+002
1.972000 4.336644e+002
1.974000 4.332426e+002
1.976000 4.328214e+002
1.978000 4.324009e+002
1.980000 4.319810e+002
1.982000 4.315618e+002
1.984000 4.311431e+002
1.986000 4.307251e+002
1.988000 4.303078e+002
1.990000 4.298910e+002
1.992000 4.294750e+002
1.994000 4.290596e+002
1.996000 4.286448e+002
1.998000 4.282307e+002
2.000000 4.278172e+002
2.002000 4.274044e+002
2.004000 4.269923e+002
2.006000 4.265808e+002
2.008000 4.261700e+002
2.010000 4.257598e+002
2.012000 4.253503e+002
2.014000 4.249415e+002
2.016000 4.245334e+002
2.018000 4.241259e+002
2.020000 4.237192e+002
2.022000 4.233131e+002
2.024000 4.229076e+002
2.026000 4.225029e+002
2.028000 4.220989e+002
2.030000 4.216955e+002
2.032000 4.212929e+002
2.034000 4.208909e+002
2.036000 4.204896e+002
2.038000 4.200891e+002
2.040000 4.196892e+002
2.042000 4.192900e+002
2.044000 4.188916e+002
2.046000 4.184938e+002
2.048000 4.180968e+002
2.050000 4.177005e+002
2.052000 4.173048e+002
2.054000 4.169099e+002
2.056000 4.165157e+002
2.058000 4.161223e+002
2.060000 4.157295e+002
2.062000 4.153375e+002
2.064000 4.149462e+002
2.066000 4.145556e+002
2.068000 4.141658e+002
2.070000 4.137766e+002
2.072000 4.133882e+002
2.074000 4.130006e+002
2.076000 4.126137e+002
2.078000 4.122275e+002
2.080000 4.118420e+002
2.082000 4.114573e+002
2.084000 4.110733e+002
2.086000 4.106901e+002
2.088000 4.103076e+002
2.090000 4.099259e+002
2.092000 4.095449e+002
2.094000 4.091647e+002
2.096000 4.087852e+002
2.098000 4.084065e+002
2.100000 4.080285e+002
2.102000 4.076512e+002
2.104000 4.072748e+002
2.106000 4.068991e+002
2.108000 4.065241e+002
2.110000 4.061499e+002
2.112000 4.057765e+002
2.114000 4.054038e+002
2.116000 4.050319e+002
2.118000 4.046608e+002
2.120000 4.042904e+002
2.122000 4.039208e+002
2.124000 4.035520e+002
2.126000 4.031839e+002
2.128000 4.028166e+002
2.130000 4.024501e+002
2.132000 4.020844e+002
2.134000 4.017194e+002
2.136000 4.013552e+002
2.138000 4.009918e+002
2.140000 4.006292e+002
2.142000 4.002674e+002
2.144000 3.999063e+002
2.146000 3.995460e+002
2.148000 3.991865e+002
2.150000 3.988278e+002
2.152000 3.984699e+002
2.154000 3.981127e+002
2.156000 3.977564e+002
2.158000 3.974008e+002
2.160000 3.970460e+002
2.162000 3.966920e+002
2.164000 3.963388e+002
2.166000 3.959864e+002
2.168000 3.956348e+002
2.170000 3.952840e+002
2.172000 3.949340e+002
2.174000 3.945847e+002
2.176000 3.942363e+002
2.178000 3.938887e+002
2.180000 3.935418e+002
2.182000 3.931958e+002
2.184000 3.928506e+002
2.186000 3.925061e+002
2.188000 3.921625e+002
2.190000 3.918197e+002
2.192000 3.914776e+002
2.194000 3.911364e+002
2.196000 3.907960e+002
2.198000 3.904563e+002
2.200000 3.901175e+002
2.202000 3.897795e+002
2.204000 3.894423e+002
2.206000 3.891059e+002
2.208000 3.887703e+002
2.210000 3.884355e+002
2.212000 3.881015e+002
2.214000 3.877684e+002
2.216000 3.874360e+002
2.218000 3.871044e+002
2.220000 3.867737e+002
2.222000 3.864438e+002
2.224000 3.861146e+002
2.226000 3.857863e+002
2.228000 3.854588e+002
2.230000 3.851321e+002
2.232000 3.848062e+002
2.234000 3.844812e+002
2.236000 3.841569e+002
2.238000 3.838335e+002
2.240000 3.835109e+002
2.242000 3.831890e+002
2.244000 3.828680e+002
2.246000 3.825479e+002
2.248000 3.822285e+002
2.250000 3.819099e+002
2.252000 3.815922e+002
2.254000 3.812753e+002
2.256000 3.809591e+002
2.258000 3.806438e+002
2.260000 3.803294e+002
2.262000 3.800157e+002
2.264000 3.797028e+002
2.266000 3.793908e+002
2.268000 3.790796e+002
2.270000 3.787692e+002
2.272000 3.784596e+002
2.274000 3.781508e+002
2.276000 3.778429e+002
2.278000 3.775357e+002
2.280000 3.772294e+002
2.282000 3.769239e+002
2.284000 3.766192e+002
2.286000 3.763153e+002
2.288000 3.760122e+002
2.290000 3.757100e+002
2.292000 3.754086e+002
2.294000 3.751079e+002
2.296000 3.748081e+002
2.298000 3.745092e+002
2.300000 3.742110e+002
2.302000 3.739136e+002
2.304000 3.736171e+002
2.306000 3.733214e+002
2.308000 3.730265e+002
2.310000 3.727324e+002
2.312000 3.724391e+002
2.314000 3.721466e+002
2.316000 3.718549e+002
2.318000 3.715641e+002
2.320000 3.712741e+002
2.322000 3.709849e+002
2.324000 3.706965e+002
2.326000 3.704089e+002
2.328000 3.701221e+002
2.330000 3.698361e+002
2.332000 3.695510e+002
2.334000 3.692666e+002
2.336000 3.689831e+002
2.338000 3.687004e+002
2.340000 3.684184e+002
2.342000 3.681373e+002
2.344000 3.678570e+002
2.346000 3.675775e+002
2.348000 3.672989e+002
2.350000 3.670210e+002
2.352000 3.667439e+002
2.354000 3.664677e+002
2.356000 3.661922e+002
2.358000 3.659176e+002
2.360000 3.656437e+002
2.362000 3.653707e+002
2.364000 3.650985e+002
2.366000 3.648270e+002
2.368000 3.645564e+002
2.370000 3.642866e+002
2.372000 3.640176e+002
2.374000 3.637493e+002
2.376000 3.634819e+002
2.378000 3.632153e+002
2.380000 3.629495e+002
2.382000 3.626845e+002
2.384000 3.624202e+002
2.386000 3.621568e+002
2.388000 3.618942e+002
2.390000 3.616324e+002
2.392000 3.613713e+002
2.394000 3.611111e+002
2.396000 3.608516e+002
2.398000 3.605930e+002
2.400000 3.603351e+002
2.402000 3.600781e+002
2.404000 3.598218e+002
2.406000 3.595663e+002
2.408000 3.593116e+002
2.410000 3.590577e+002
2.412000 3.588046e+002
2.414000 3.585523e+002
2.416000 3.583008e+002
2.418000 3.580500e+002
2.420000 3.578000e+002
2.422000 3.575509e+002
2.424000 3.573025e+002
2.426000 3.570548e+002
2.428000 3.568080e+002
2.430000 3.565620e+002
2.432000 3.563167e+002
2.434000 3.560722e+002
2.436000 3.558285e+002
2.438000 3.555856e+002
2.440000 3.553434e+002
2.442000 3.551020e+002
2.444000 3.548614e+002
2.446000 3.546216e+002
2.448000 3.543825e+002
2.450000 3.541442e+002
2.452000 3.539067e+002
2.454000 3.536700e+002
2.456000 3.534340e+002
2.458000 3.531988e+002
2.460000 3.529644e+002
2.462000 3.527307e+002
2.464000 3.524978e+002
2.466000 3.522656e+002
2.468000 3.520343e+002
2.470000 3.518037e+002
2.472000 3.515738e+002
2.474000 3.513447e+002
2.476000 3.511164e+002
2.478000 3.508888e+002
2.480000 3.506620e+002
2.482000 3.504359e+002
2.484000 3.502106e+002
2.486000 3.499861e+002
2.488000 3.497623e+002
2.490000 3.495392e+002
2.492000 3.493169e+002
2.494000 3.490954e+002
2.496000 3.488746e+002
2.498000 3.486546e+002
2.500000 3.484353e+002
2.502000 3.482167e+002
2.504000 3.479989e+002
2.506000 3.477818e+002
2.508000 3.475655e+002
2.510000 3.473499e+002
2.512000 3.471351e+002
2.514000 3.469210e+002
2.516000 3.467076e+002
2.518000 3.464950e+002
2.520000 3.462831e+002
2.522000 3.460719e+002
2.524000 3.458615e+002
2.526000 3.456518e+002
2.528000 3.454428e+002
2.530000 3.452346e+002
2.532000 3.450270e+002
2.534000 3.448203e+002
2.536000 3.446142e+002
2.538000 3.444089e+002
2.540000 3.442042e+002
2.542000 3.440003e+002
2.544000 3.437972e+002
2.546000 3.435947e+002
2.548000 3.433930e+002
2.550000 3.431920e+002
2.552000 3.429917e+002
2.554000 3.427921e+002
2.556000 3.425932e+002
2.558000 3.423950e+002
2.560000 3.421976e+002
2.562000 3.420008e+002
2.564000 3.418048e+002
2.566000 3.416095e+002
2.568000 3.414148e+002
2.570000 3.412209e+002
2.572000 3.410277e+002
2.574000 3.408352e+002
2.576000 3.406433e+002
2.578000 3.404522e+002
2.580000 3.402618e+002
2.582000 3.400720e+002
2.584000 3.398830e+002
2.586000 3.396947e+002
2.588000 3.395070e+002
2.590000 3.393200e+002
2.592000 3.391338e+002
2.594000 3.389482e+002
2.596000 3.387633e+002
2.598000 3.385791e+002
2.600000 3.383955e+002
2.602000 3.382127e+002
2.604000 3.380305e+002
2.606000 3.378490e+002
2.608000 3.376682e+002
2.610000 3.374881e+002
2.612000 3.373086e+002
2.614000 3.371298e+002
2.616000 3.369517e+002
2.618000 3.367742e+002
2.620000 3.365974e+002
2.622000 3.364213e+002
2.624000 3.362459e+002
2.626000 3.360711e+002
2.628000 3.358970e+002
2.630000 3.357235e+002
2.632000 3.355507e+002
2.634000 3.353786e+002
2.636000 3.352071e+002
2.638000 3.350363e+002
2.640000 3.348661e+002
2.642000 3.346966e+002
2.644000 3.345277e+002
2.646000 3.343595e+002
2.648000 3.341920e+002
2.650000 3.340250e+002
2.652000 3.338588e+002
2.654000 3.336931e+002
2.656000 3.335282e+002
2.658000 3.333638e+002
2.660000 3.332001e+002
2.662000 3.330370e+002
2.664000 3.328746e+002
2.666000 3.327128e+002
2.668000 3.325517e+002
2.670000 3.323911e+002
2.672000 3.322312e+002
2.674000 3.320720e+002
2.676000 3.319133e+002
2.678000 3.317553e+002
2.680000 3.315979e+002
2.682000 3.314411e+002
2.684000 3.312850e+002
2.686000 3.311295e+002
2.688000 3.309746e+002
2.690000 3.308203e+002
2.692000 3.306666e+002
2.694000 3.305136e+002
2.696000 3.303611e+002
2.698000 3.302093e+002
2.700000 3.300580e+002
2.702000 3.299074e+002
2.704000 3.297574e+002
2.706000 3.296080e+002
2.708000 3.294592e+002
2.710000 3.293110e+002
2.712000 3.291634e+002
2.714000 3.290164e+002
2.716000 3.288700e+002
2.718000 3.287242e+002
2.720000 3.285790e+002
2.722000 3.284344e+002
2.724000 3.282903e+002
2.726000 3.281469e+002
2.728000 3.280040e+002
2.730000 3.278618e+002
2.732000 3.277201e+002
2.734000 3.275790e+002
2.736000 3.274385e+002
2.738000 3.272985e+002
2.740000 3.271592e+002
2.742000 3.270204e+002
2.744000 3.268822e+002
2.746000 3.267446e+002
2.748000 3.266075e+002
2.750000 3.264710e+002
2.752000 3.263351e+002
2.754000 3.261997e+002
2.756000 3.260650e+002
2.758000 3.259307e+002
2.760000 3.257971e+002
2.762000 3.256640e+002
2.764000 3.255315e+002
2.766000 3.253995e+002
2.768000 3.252681e+002
2.770000 3.251372e+002
2.772000 3.250069e+002
2.774000 3.248771e+002
2.776000 3.247479e+002
2.778000 3.246192e+002
2.780000 3.244911e+002
2.782000 3.243636e+002
2.784000 3.242365e+002
2.786000 3.241101e+002
2.788000 3.239841e+002
2.790000 3.238587e+002
2.792000 3.237339e+002
2.794000 3.236095e+002
2.796000 3.234858e+002
2.798000 3.233625e+002
2.800000 3.232398e+002
2.802000 3.231176e+002
2.804000 3.229959e+002
2.806000 3.228748e+002
2.808000 3.227542e+002
2.810000 3.226341e+002
2.812000 3.225145e+002
2.814000 3.223955e+002
2.816000 3.222769e+002
2.818000 3.221589e+002
2.820000 3.220414e+002
2.822000 3.219244e+002
2.824000 3.218080e+002
2.826000 3.216920e+002
2.828000 3.215766e+002
2.830000 3.214616e+002
2.832000 3.213472e+002
2.834000 3.212333e+002
2.836000 3.211199e+002
2.838000 3.210069e+002
2.840000 3.208945e+002
2.842000 3.207826e+002
2.844000 3.206712e+002
2.846000 3.205602e+002
2.848000 3.204498e+002
2.850000 3.203399e+002
2.852000 3.202304e+002
2.854000 3.201215e+002
2.856000 3.200130e+002
2.858000 3.199050e+002
2.860000 3.197975e+002
2.862000 3.196905e+002
2.864000 3.195840e+002
2.866000 3.194779e+002
2.868000 3.193723e+002
2.870000 3.192672e+002
2.872000 3.191626e+002
2.874000 3.190585e+002
2.876000 3.189548e+002
2.878000 3.188516e+002
2.880000 3.187488e+002
2.882000 3.186466e+002
2.884000 3.185448e+002
2.886000 3.184434e+002
2.888000 3.183426e+002
2.890000 3.182422e+002
2.892000 3.181422e+002
2.894000 3.180427e+002
2.896000 3.179437e+002
2.898000 3.178451e+002
2.900000 3.177470e+002
2.902000 3.176493e+002
2.904000 3.175521e+002
2.906000 3.174553e+002
2.908000 3.173590e+002
2.910000 3.172631e+002
2.912000 3.171677e+002
2.914000 3.170727e+002
2.916000 3.169782e+002
2.918000 3.168840e+002
2.920000 3.167904e+002
2.922000 3.166972e+002
2.924000 3.166044e+002
2.926000 3.165120e+002
2.928000 3.164201e+002
2.930000 3.163286e+002
2.932000 3.162375e+002
2.934000 3.161469e+002
2.936000 3.160567e+002
2.938000 3.159669e+002
2.940000 3.158776e+002
2.942000 3.157886e+002
2.944000 3.157001e+002
2.946000 3.156120e+002
2.948000 3.155243e+002
2.950000 3.154371e+002
2.952000 3.153502e+002
2.954000 3.152638e+002
2.956000 3.151778e+002
2.958000 3.150922e+002
2.960000 3.150070e+002
2.962000 3.149222e+002
2.964000 3.148378e+002
2.966000 3.147538e+002
2.968000 3.146703e+002
2.970000 3.145871e+002
2.972000 3.145043e+002
2.974000 3.144220e+002
2.976000 3.143400e+002
2.978000 3.142584e+002
2.980000 3.141772e+002
2.982000 3.140964e+002
2.984000 3.140160e+002
2.986000 3.139360e+002
2.988000 3.138564e+002
2.990000 3.137772e+002
2.992000 3.136983e+002
2.994000 3.136199e+002
2.996000 3.135418e+002
2.998000 3.134641e+002
3.000000 3.133868e+002
3.002000 3.133099e+002
3.004000 3.132333e+002
3.006000 3.131571e+002
3.008000 3.130813e+002
3.010000 3.130059e+002
3.012000 3.129309e+002
3.014000 3.128562e+002
3.016000 3.127818e+002
3.018000 3.127079e+002
3.020000 3.126343e+002
3.022000 3.125611e+002
3.024000 3.124882e+002
3.026000 3.124157e+002
3.028000 3.123436e+002
3.030000 3.122718e+002
3.032000 3.122004e+002
3.034000 3.121294e+002
3.036000 3.120587e+002
3.038000 3.119883e+002
3.040000 3.119183e+002
3.042000 3.118487e+002
3.044000 3.117794e+002
3.046000 3.117105e+002
3.048000 3.116419e+002
3.050000 3.115736e+002
3.052000 3.115057e+002
3.054000 3.114381e+002
3.056000 3.113709e+002
3.058000 3.113040e+002
3.060000 3.112375e+002
3.062000 3.111713e+002
3.064000 3.111054e+002
3.066000 3.110399e+002
3.068000 3.109747e+002
3.070000 3.109098e+002
3.072000 3.108453e+002
3.074000 3.107811e+002
3.076000 3.107172e+002
3.078000 3.106537e+002
3.080000 3.105905e+002
3.082000 3.105276e+002
3.084000 3.104650e+002
3.086000 3.104027e+002
3.088000 3.103408e+002
3.090000 3.102792e+002
3.092000 3.102179e+002
3.094000 3.101569e+002
3.096000 3.100963e+002
3.098000 3.100359e+002
3.100000 3.099759e+002
3.102000 3.099162e+002
3.104000 3.098568e+002
3.106000 3.097977e+002
3.108000 3.097389e+002
3.110000 3.096804e+002
3.112000 3.096222e+002
3.114000 3.095644e+002
3.116000 3.095068e+002
3.118000 3.094495e+002
3.120000 3.093925e+002
3.122000 3.093359e+002
3.124000 3.092795e+002
3.126000 3.092234e+002
3.128000 3.091677e+002
3.130000 3.091122e+002
3.132000 3.090570e+002
3.134000 3.090021e+002
3.136000 3.089475e+002
3.138000 3.088931e+002
3.140000 3.088391e+002
3.142000 3.087854e+002
3.144000 3.087319e+002
3.146000 3.086787e+002
3.148000 3.086259e+002
3.150000 3.085732e+002
3.152000 3.085209e+002
3.154000 3.084689e+002
3.156000 3.084171e+002
3.158000 3.083656e+002
3.160000 3.083144e+002
3.162000 3.082635e+002
3.164000 3.082128e+002
3.166000 3.081624e+002
3.168000 3.081123e+002
3.170000 3.080624e+002
3.172000 3.080129e+002
3.174000 3.079635e+002
3.176000 3.079145e+002
3.178000 3.078657e+002
3.180000 3.078172e+002
3.182000 3.077690e+002
3.184000 3.077210e+002
3.186000 3.076732e+002
3.188000 3.076258e+002
3.190000 3.075786e+002
3.192000 3.075316e+002
3.194000 3.074849e+002
3.196000 3.074385e+002
3.198000 3.073923e+002
3.200000 3.073464e+002
3.202000 3.073007e+002
3.204000 3.072553e+002
3.206000 3.072101e+002
3.208000 3.071652e+002
3.210000 3.071205e+002
3.212000 3.070760e+002
3.214000 3.070319e+002
3.216000 3.069879e+002
3.218000 3.069442e+002
3.220000 3.069008e+002
3.222000 3.068575e+002
3.224000 3.068146e+002
3.226000 3.067718e+002
3.228000 3.067293e+002
3.230000 3.066871e+002
3.232000 3.066451e+002
3.234000 3.066033e+002
3.236000 3.065617e+002
3.238000 3.065204e+002
3.240000 3.064793e+002
3.242000 3.064384e+002
3.244000 3.063978e+002
3.246000 3.063574e+002
3.248000 3.063172e+002
3.250000 3.062773e+002
3.252000 3.062376e+002
3.254000 3.061981e+002
3.256000 3.061588e+002
3.258000 3.061197e+002
3.260000 3.060809e+002
3.262000 3.060423e+002
3.264000 3.060039e+002
3.266000 3.059657e+002
3.268000 3.059278e+002
3.270000 3.058900e+002
3.272000 3.058525e+002
3.274000 3.058152e+002
3.276000 3.057781e+002
3.278000 3.057412e+002
3.280000 3.057046e+002
3.282000 3.056681e+002
3.284000 3.056319e+002
3.286000 3.055958e+002
3.288000 3.055600e+002
3.290000 3.055244e+002
3.292000 3.054889e+002
3.294000 3.054537e+002
3.296000 3.054187e+002
3.298000 3.053839e+002
3.300000 3.053493e+002
3.302000 3.053149e+002
3.304000 3.052807e+002
3.306000 3.052467e+002
3.308000 3.052129e+002
3.310000 3.051793e+002
3.312000 3.051459e+002
3.314000 3.051126e+002
3.316000 3.050796e+002
3.318000 3.050468e+002
3.320000 3.050141e+002
3.322000 3.049817e+002
3.324000 3.049494e+002
3.326000 3.049174e+002
3.328000 3.048855e+002
3.330000 3.048538e+002
3.332000 3.048223e+002
3.334000 3.047910e+002
3.336000 3.047599e+002
3.338000 3.047289e+002
3.340000 3.046982e+002
3.342000 3.046676e+002
3.344000 3.046372e+002
3.346000 3.046070e+002
3.348000 3.045769e+002
3.350000 3.045471e+002
3.352000 3.045174e+002
3.354000 3.044879e+002
3.356000 3.044586e+002
3.358000 3.044295e+002
3.360000 3.044005e+002
3.362000 3.043717e+002
3.364000 3.043431e+002
3.366000 3.043146e+002
3.368000 3.042863e+002
3.370000 3.042582e+002
3.372000 3.042303e+002
3.374000 3.042025e+002
3.376000 3.041749e+002
3.378000 3.041475e+002
3.380000 3.041202e+002
3.382000 3.040931e+002
3.384000 3.040662e+002
3.386000 3.040394e+002
3.388000 3.040128e+002
3.390000 3.039864e+002
3.392000 3.039601e+002
3.394000 3.039340e+002
3.396000 3.039080e+002
3.398000 3.038822e+002
3.400000 3.038566e+002
3.402000 3.038311e+002
3.404000 3.038058e+002
3.406000 3.037806e+002
3.408000 3.037556e+002
3.410000 3.037308e+002
3.412000 3.037060e+002
3.414000 3.036815e+002
3.416000 3.036571e+002
3.418000 3.036329e+002
3.420000 3.036088e+002
3.422000 3.035848e+002
3.424000 3.035610e+002
3.426000 3.035374e+002
3.428000 3.035139e+002
3.430000 3.034906e+002
3.432000 3.034674e+002
3.434000 3.034443e+002
3.436000 3.034214e+002
3.438000 3.033986e+002
3.440000 3.033760e+002
3.442000 3.033535e+002
3.444000 3.033312e+002
3.446000 3.033090e+002
3.448000 3.032870e+002
3.450000 3.032651e+002
3.452000 3.032433e+002
3.454000 3.032217e+002
3.456000 3.032002e+002
3.458000 3.031788e+002
3.460000 3.031576e+002
3.462000 3.031365e+002
3.464000 3.031156e+002
3.466000 3.030948e+002
3.468000 3.030741e+002
3.470000 3.030535e+002
3.472000 3.030331e+002
3.474000 3.030129e+002
3.476000 3.029927e+002
3.478000 3.029727e+002
3.480000 3.029528e+002
3.482000 3.029331e+002
3.484000 3.029134e+002
3.486000 3.028940e+002
3.488000 3.028746e+002
3.490000 3.028553e+002
3.492000 3.028362e+002
3.494000 3.028172e+002
3.496000 3.027984e+002
3.498000 3.027796e+002
3.500000 3.027610e+002
3.502000 3.027425e+002
3.504000 3.027242e+002
3.506000 3.027059e+002
3.508000 3.026878e+002
3.510000 3.026698e+002
3.512000 3.026519e+002
3.514000 3.026342e+002
3.516000 3.026165e+002
3.518000 3.025990e+002
3.520000 3.025816e+002
3.522000 3.025643e+002
3.524000 3.025471e+002
3.526000 3.025301e+002
3.528000 3.025131e+002
3.530000 3.024963e+002
3.532000 3.024796e+002
3.534000 3.024630e+002
3.536000 3.024465e+002
3.538000 3.024301e+002
3.540000 3.024139e+002
3.542000 3.023977e+002
3.544000 3.023817e+002
3.546000 3.023658e+002
3.548000 3.023500e+002
3.550000 3.023343e+002
3.552000 3.023187e+002
3.554000 3.023032e+002
3.556000 3.022878e+002
3.558000 3.022725e+002
3.560000 3.022573e+002
3.562000 3.022423e+002
3.564000 3.022273e+002
3.566000 3.022125e+002
3.568000 3.021977e+002
3.570000 3.021831e+002
3.572000 3.021686e+002
3.574000 3.021541e+002
3.576000 3.021398e+002
3.578000 3.021256e+002
3.580000 3.021115e+002
3.582000 3.020974e+002
3.584000 3.020835e+002
3.586000 3.020697e+002
3.588000 3.020560e+002
3.590000 3.020423e+002
3.592000 3.020288e+002
3.594000 3.020154e+002
3.596000 3.020020e+002
3.598000 3.019888e+002
3.600000 3.019757e+002
3.602000 3.019626e+002
3.604000 3.019497e+002
3.606000 3.019368e+002
3.608000 3.019241e+002
3.610000 3.019114e+002
3.612000 3.018988e+002
3.614000 3.018864e+002
3.616000 3.018740e+002
3.618000 3.018617e+002
3.620000 3.018495e+002
3.622000 3.018374e+002
3.624000 3.018254e+002
3.626000 3.018135e+002
3.628000 3.018016e+002
3.630000 3.017899e+002
3.632000 3.017783e+002
3.634000 3.017667e+002
3.636000 3.017552e+002
3.638000 3.017438e+002
3.640000 3.017325e+002
3.642000 3.017213e+002
3.644000 3.017102e+002
3.646000 3.016992e+002
3.648000 3.016882e+002
3.650000 3.016773e+002
3.652000 3.016666e+002
3.654000 3.016559e+002
3.656000 3.016453e+002
3.658000 3.016347e+002
3.660000 3.016243e+002
3.662000 3.016139e+002
3.664000 3.016037e+002
3.666000 3.015935e+002
3.668000 3.015833e+002
3.670000 3.015733e+002
3.672000 3.015634e+002
3.674000 3.015535e+002
3.676000 3.015437e+002
3.678000 3.015340e+002
3.680000 3.015244e+002
3.682000 3.015148e+002
3.684000 3.015054e+002
3.686000 3.014960e+002
3.688000 3.014867e+002
3.690000 3.014774e+002
3.692000 3.014683e+002
3.694000 3.014592e+002
3.696000 3.014502e+002
3.698000 3.014413e+002
3.700000 3.014324e+002
3.702000 3.014237e+002
3.704000 3.014150e+002
3.706000 3.014064e+002
3.708000 3.013978e+002
3.710000 3.013893e+002
3.712000 3.013809e+002
3.714000 3.013726e+002
3.716000 3.013644e+002
3.718000 3.013562e+002
3.720000 3.013481e+002
3.722000 3.013401e+002
3.724000 3.013321e+002
3.726000 3.013242e+002
3.728000 3.013164e+002
3.730000 3.013087e+002
3.732000 3.013010e+002
3.734000 3.012934e+002
3.736000 3.012859e+002
3.738000 3.012784e+002
3.740000 3.012710e+002
3.742000 3.012637e+002
3.744000 3.012565e+002
3.746000 3.012493e+002
3.748000 3.012422e+002
3.750000 3.012352e+002
3.752000 3.012282e+002
3.754000 3.012213e+002
3.756000 3.012144e+002
3.758000 3.012077e+002
3.760000 3.012010e+002
3.762000 3.011943e+002
3.764000 3.011878e+002
3.766000 3.011813e+002
3.768000 3.011748e+002
3.770000 3.011685e+002
3.772000 3.011622e+002
3.774000 3.011559e+002
3.776000 3.011497e+002
3.778000 3.011436e+002
3.780000 3.011376e+002
3.782000 3.011316e+002
3.784000 3.011257e+002
3.786000 3.011198e+002
3.788000 3.011141e+002
3.790000 3.011083e+002
3.792000 3.011027e+002
3.794000 3.010971e+002
3.796000 3.010915e+002
3.798000 3.010861e+002
3.800000 3.010807e+002
3.802000 3.010753e+002
3.804000 3.010700e+002
3.806000 3.010648e+002
3.808000 3.010596e+002
3.810000 3.010545e+002
3.812000 3.010495e+002
3.814000 3.010445e+002
3.816000 3.010396e+002
3.818000 3.010347e+002
3.820000 3.010299e+002
3.822000 3.010252e+002
3.824000 3.010205e+002
3.826000 3.010159e+002
3.828000 3.010114e+002
3.830000 3.010069e+002
3.832000 3.010024e+002
3.834000 3.009980e+002
3.836000 3.009937e+002
3.838000 3.009895e+002
3.840000 3.009852e+002
3.842000 3.009811e+002
3.844000 3.009770e+002
3.846000 3.009730e+002
3.848000 3.009690e+002
3.850000 3.009651e+002
3.852000 3.009612e+002
3.854000 3.009574e+002
3.856000 3.009537e+002
3.858000 3.009500e+002
3.860000 3.009464e+002
3.862000 3.009428e+002
3.864000 3.009393e+002
3.866000 3.009358e+002
3.868000 3.009324e+002
3.870000 3.009291e+002
3.872000 3.009258e+002
3.874000 3.009226e+002
3.876000 3.009194e+002
3.878000 3.009162e+002
3.880000 3.009132e+002
3.882000 3.009102e+002
3.884000 3.009072e+002
3.886000 3.009043e+002
3.888000 3.009015e+002
3.890000 3.008987e+002
3.892000 3.008959e+002
3.894000 3.008932e+002
3.896000 3.008906e+002
3.898000 3.008880e+002
3.900000 3.008855e+002
3.902000 3.008830e+002
3.904000 3.008806e+002
3.906000 3.008783e+002
3.908000 3.008760e+002
3.910000 3.008737e+002
3.912000 3.008715e+002
3.914000 3.008694e+002
3.916000 3.008673e+002
3.918000 3.008652e+002
3.920000 3.008633e+002
3.922000 3.008613e+002
3.924000 3.008595e+002
3.926000 3.008576e+002
3.928000 3.008559e+002
3.930000 3.008541e+002
3.932000 3.008525e+002
3.934000 3.008509e+002
3.936000 3.008493e+002
3.938000 3.008478e+002
3.940000 3.008463e+002
3.942000 3.008449e+002
3.944000 3.008436e+002
3.946000 3.008423e+002
3.948000 3.008410e+002
3.950000 3.008398e+002
3.952000 3.008387e+002
3.954000 3.008376e+002
3.956000 3.008366e+002
3.958000 3.008356e+002
3.960000 3.008347e+002
3.962000 3.008338e+002
3.964000 3.008330e+002
3.966000 3.008322e+002
3.968000 3.008314e+002
3.970000 3.008308e+002
3.972000 3.008302e+002
3.974000 3.008296e+002
3.976000 3.008291e+002
3.978000 3.008286e+002
3.980000 3.008282e+002
3.982000 3.008278e+002
3.984000 3.008275e+002
3.986000 3.008273e+002
3.988000 3.008271e+002
3.990000 3.008269e+002
3.992000 3.008268e+002
3.994000 3.008267e+002
3.996000 3.008267e+002
3.998000 3.000000e+002
