0.000000 3.339427e+002
0.002000 3.377009e+002
0.004000 3.414580e+002
0.006000 3.452141e+002
0.008000 3.489689e+002
0.010000 3.527224e+002
0.012000 3.564744e+002
0.014000 3.602250e+002
0.016000 3.639738e+002
0.018000 3.677210e+002
0.020000 3.714663e+002
0.022000 3.752096e+002
0.024000 3.789509e+002
0.026000 3.826901e+002
0.028000 3.864270e+002
0.030000 3.901615e+002
0.032000 3.938936e+002
0.034000 3.976231e+002
0.036000 4.013499e+002
0.038000 4.050740e+002
0.040000 4.087952e+002
0.042000 4.125135e+002
0.044000 4.162286e+002
0.046000 4.199407e+002
0.048000 4.236494e+002
0.050000 4.273547e+002
0.052000 4.310566e+002
0.054000 4.347549e+002
0.056000 4.384496e+002
0.058000 4.421404e+002
0.060000 4.458274e+002
0.062000 4.495104e+002
0.064000 4.531894e+002
0.066000 4.568641e+002
0.068000 4.605346e+002
0.070000 4.642007e+002
0.072000 4.678623e+002
0.074000 4.715194e+002
0.076000 4.751718e+002
0.078000 4.788194e+002
0.080000 4.824621e+002
0.082000 4.860999e+002
0.084000 4.897326e+002
0.086000 4.933602e+002
0.088000 4.969825e+002
0.090000 5.005994e+002
0.092000 5.042109e+002
0.094000 5.078169e+002
0.096000 5.114171e+002
0.098000 5.150117e+002
0.100000 5.186004e+002
0.102000 5.221832e+002
0.104000 5.257599e+002
0.106000 5.293305e+002
0.108000 5.328949e+002
0.110000 5.364530e+002
0.112000 5.400047e+002
0.114000 5.435498e+002
0.116000 5.470884e+002
0.118000 5.506203e+002
0.120000 5.541454e+002
0.122000 5.576636e+002
0.124000 5.611749e+002
0.126000 5.646790e+002
0.128000 5.681761e+002
0.130000 5.716659e+002
0.132000 5.751483e+002
0.134000 5.786233e+002
0.136000 5.820908e+002
0.138000 5.855507e+002
0.140000 5.890029e+002
0.142000 5.924473e+002
0.144000 5.958839e+002
0.146000 5.993124e+002
0.148000 6.027329e+002
0.150000 6.061453e+002
0.152000 6.095494e+002
0.154000 6.129453e+002
0.156000 6.163327e+002
0.158000 6.197116e+002
0.160000 6.230819e+002
0.162000 6.264436e+002
0.164000 6.297965e+002
0.166000 6.331406e+002
0.168000 6.364757e+002
0.170000 6.398018e+002
0.172000 6.431189e+002
0.174000 6.464268e+002
0.176000 6.497254e+002
0.178000 6.530147e+002
0.180000 6.562945e+002
0.182000 6.595649e+002
0.184000 6.628256e+002
0.186000 6.660767e+002
0.188000 6.693181e+002
0.190000 6.725496e+002
0.192000 6.757712e+002
0.194000 6.789828e+002
0.196000 6.821843e+002
0.198000 6.853757e+002
0.200000 6.885568e+002
0.202000 6.917277e+002
0.204000 6.948882e+002
0.206000 6.980382e+002
0.208000 7.011776e+002
0.210000 7.043065e+002
0.212000 7.074247e+002
0.214000 7.105321e+002
0.216000 7.136286e+002
0.218000 7.167143e+002
0.220000 7.197889e+002
0.222000 7.228525e+002
0.224000 7.259050e+002
0.226000 7.289463e+002
0.228000 7.319763e+002
0.230000 7.349949e+002
0.232000 7.380021e+002
0.234000 7.409978e+002
0.236000 7.439820e+002
0.238000 7.469545e+002
0.240000 7.499154e+002
0.242000 7.528644e+002
0.244000 7.558017e+002
0.246000 7.587270e+002
0.248000 7.616403e+002
0.250000 7.645416e+002
0.252000 7.674309e+002
0.254000 7.703079e+002
0.256000 7.731727e+002
0.258000 7.760252e+002
0.260000 7.788653e+002
0.262000 7.816931e+002
0.264000 7.845083e+002
0.266000 7.873109e+002
0.268000 7.901010e+002
0.270000 7.928784e+002
0.272000 7.956430e+002
0.274000 7.983949e+002
0.276000 8.011338e+002
0.278000 8.038599e+002
0.280000 8.065730e+002
0.282000 8.092731e+002
0.284000 8.119600e+002
0.286000 8.146339e+002
0.288000 8.172945e+002
0.290000 8.199418e+002
0.292000 8.225759e+002
0.294000 8.251965e+002
0.296000 8.278038e+002
0.298000 8.303975e+002
0.300000 8.329777e+002
0.302000 8.355444e+002
0.304000 8.380974e+002
0.306000 8.406367e+002
0.308000 8.431622e+002
0.310000 8.456740e+002
0.312000 8.481719e+002
0.314000 8.506559e+002
0.316000 8.531260e+002
0.318000 8.555821e+002
0.320000 8.580242e+002
0.322000 8.604522e+002
0.324000 8.628660e+002
0.326000 8.652657e+002
0.328000 8.676511e+002
0.330000 8.700223e+002
0.332000 8.723792e+002
0.334000 8.747217e+002
0.336000 8.770498e+002
0.338000 8.793635e+002
0.340000 8.816627e+002
0.342000 8.839473e+002
0.344000 8.862174e+002
0.346000 8.884729e+002
0.348000 8.907137e+002
0.350000 8.929399e+002
0.352000 8.951513e+002
0.354000 8.973480e+002
0.356000 8.995298e+002
0.358000 9.016968e+002
0.360000 9.038490e+002
0.362000 9.059862e+002
0.364000 9.081085e+002
0.366000 9.102158e+002
0.368000 9.123081e+002
0.370000 9.143854e+002
0.372000 9.164476e+002
0.374000 9.184947e+002
0.376000 9.205266e+002
0.378000 9.225433e+002
0.380000 9.245449e+002
0.382000 9.265312e+002
0.384000 9.285022e+002
0.386000 9.304580e+002
0.388000 9.323984e+002
0.390000 9.343235e+002
0.392000 9.362332e+002
0.394000 9.381275e+002
0.396000 9.400064e+002
0.398000 9.418698e+002
0.400000 9.437178e+002
0.402000 9.455502e+002
0.404000 9.473672e+002
0.406000 9.491685e+002
0.408000 9.509544e+002
0.410000 9.527246e+002
0.412000 9.544792e+002
0.414000 9.562182e+002
0.416000 9.579415e+002
0.418000 9.596491e+002
0.420000 9.613411e+002
0.422000 9.630173e+002
0.424000 9.646779e+002
0.426000 9.663227e+002
0.428000 9.679517e+002
0.430000 9.695649e+002
0.432000 9.711624e+002
0.434000 9.727440e+002
0.436000 9.743099e+002
0.438000 9.758599e+002
0.440000 9.773940e+002
0.442000 9.789124e+002
0.444000 9.804148e+002
0.446000 9.819013e+002
0.448000 9.833720e+002
0.450000 9.848268e+002
0.452000 9.862656e+002
0.454000 9.876885e+002
0.456000 9.890956e+002
0.458000 9.904866e+002
0.460000 9.918618e+002
0.462000 9.932209e+002
0.464000 9.945642e+002
0.466000 9.958914e+002
0.468000 9.972027e+002
0.470000 9.984981e+002
0.472000 9.997775e+002
0.474000 1.001041e+003
0.476000 1.002288e+003
0.478000 1.003520e+003
0.480000 1.004735e+003
0.482000 1.005935e+003
0.484000 1.007118e+003
0.486000 1.008286e+003
0.488000 1.009437e+003
0.490000 1.010573e+003
0.492000 1.011692e+003
0.494000 1.012796e+003
0.496000 1.013884e+003
0.498000 1.014955e+003
0.500000 1.016011e+003
0.502000 1.017051e+003
0.504000 1.018074e+003
0.506000 1.019082e+003
0.508000 1.020074e+003
0.510000 1.021050e+003
0.512000 1.022010e+003
0.514000 1.022954e+003
0.516000 1.023883e+003
0.518000 1.024795e+003
0.520000 1.025691e+003
0.522000 1.026572e+003
0.524000 1.027437e+003
0.526000 1.028285e+003
0.528000 1.029118e+003
0.530000 1.029935e+003
0.532000 1.030737e+003
0.534000 1.031522e+003
0.536000 1.032292e+003
0.538000 1.033046e+003
0.540000 1.033784e+003
0.542000 1.034507e+003
0.544000 1.035213e+003
0.546000 1.035904e+003
0.548000 1.036580e+003
0.550000 1.037239e+003
0.552000 1.037883e+003
0.554000 1.038512e+003
0.556000 1.039124e+003
0.558000 1.039721e+003
0.560000 1.040303e+003
0.562000 1.040869e+003
0.564000 1.041419e+003
0.566000 1.041954e+003
0.568000 1.042473e+003
0.570000 1.042977e+003
0.572000 1.043466e+003
0.574000 1.043939e+003
0.576000 1.044396e+003
0.578000 1.044839e+003
0.580000 1.045265e+003
0.582000 1.045677e+003
0.584000 1.046073e+003
0.586000 1.046454e+003
0.588000 1.046820e+003
0.590000 1.047170e+003
0.592000 1.047506e+003
0.594000 1.047826e+003
0.596000 1.048131e+003
0.598000 1.048421e+003
0.600000 1.048696e+003
0.602000 1.048955e+003
0.604000 1.049200e+003
0.606000 1.049430e+003
0.608000 1.049645e+003
0.610000 1.049845e+003
0.612000 1.050030e+003
0.614000 1.050200e+003
0.616000 1.050355e+003
0.618000 1.050496e+003
0.620000 1.050622e+003
0.622000 1.050733e+003
0.624000 1.050829e+003
0.626000 1.050911e+003
0.628000 1.050978e+003
0.630000 1.051031e+003
0.632000 1.051069e+003
0.634000 1.051092e+003
0.636000 1.051101e+003
0.638000 1.051096e+003
0.640000 1.051076e+003
0.642000 1.051042e+003
0.644000 1.050994e+003
0.646000 1.050931e+003
0.648000 1.050854e+003
0.650000 1.050763e+003
0.652000 1.050658e+003
0.654000 1.050538e+003
0.656000 1.050405e+003
0.658000 1.050258e+003
0.660000 1.050096e+003
0.662000 1.049921e+003
0.664000 1.049732e+003
0.666000 1.049529e+003
0.668000 1.049312e+003
0.670000 1.049081e+003
0.672000 1.048837e+003
0.674000 1.048579e+003
0.676000 1.048307e+003
0.678000 1.048022e+003
0.680000 1.047724e+003
0.682000 1.047411e+003
0.684000 1.047086e+003
0.686000 1.046747e+003
0.688000 1.046394e+003
0.690000 1.046029e+003
0.692000 1.045650e+003
0.694000 1.045258e+003
0.696000 1.044853e+003
0.698000 1.044434e+003
0.700000 1.044003e+003
0.702000 1.043558e+003
0.704000 1.043101e+003
0.706000 1.042631e+003
0.708000 1.042148e+003
0.710000 1.041652e+003
0.712000 1.041143e+003
0.714000 1.040622e+003
0.716000 1.040088e+003
0.718000 1.039542e+003
0.720000 1.038983e+003
0.722000 1.038411e+003
0.724000 1.037827e+003
0.726000 1.037231e+003
0.728000 1.036622e+003
0.730000 1.036002e+003
0.732000 1.035368e+003
0.734000 1.034723e+003
0.736000 1.034066e+003
0.738000 1.033397e+003
0.740000 1.032715e+003
0.742000 1.032022e+003
0.744000 1.031317e+003
0.746000 1.030600e+003
0.748000 1.029871e+003
0.750000 1.029131e+003
0.752000 1.028379e+003
0.754000 1.027615e+003
0.756000 1.026840e+003
0.758000 1.026053e+003
0.760000 1.025255e+003
0.762000 1.024446e+003
0.764000 1.023625e+003
0.766000 1.022793e+003
0.768000 1.021950e+003
0.770000 1.021096e+003
0.772000 1.020231e+003
0.774000 1.019354e+003
0.776000 1.018467e+003
0.778000 1.017569e+003
0.780000 1.016660e+003
0.782000 1.015740e+003
0.784000 1.014810e+003
0.786000 1.013869e+003
0.788000 1.012918e+003
0.790000 1.011955e+003
0.792000 1.010983e+003
0.794000 1.010000e+003
0.796000 1.009007e+003
0.798000 1.008003e+003
0.800000 1.006990e+003
0.802000 1.005966e+003
0.804000 1.004932e+003
0.806000 1.003888e+003
0.808000 1.002834e+003
0.810000 1.001771e+003
0.812000 1.000697e+003
0.814000 9.996140e+002
0.816000 9.985210e+002
0.818000 9.974184e+002
0.820000 9.963063e+002
0.822000 9.951847e+002
0.824000 9.940536e+002
0.826000 9.929132e+002
0.828000 9.917634e+002
0.830000 9.906045e+002
0.832000 9.894363e+002
0.834000 9.882591e+002
0.836000 9.870728e+002
0.838000 9.858775e+002
0.840000 9.846733e+002
0.842000 9.834603e+002
0.844000 9.822385e+002
0.846000 9.810080e+002
0.848000 9.797688e+002
0.850000 9.785210e+002
0.852000 9.772648e+002
0.854000 9.760001e+002
0.856000 9.747270e+002
0.858000 9.734456e+002
0.860000 9.721559e+002
0.862000 9.708581e+002
0.864000 9.695521e+002
0.866000 9.682381e+002
0.868000 9.669161e+002
0.870000 9.655862e+002
0.872000 9.642485e+002
0.874000 9.629029e+002
0.876000 9.615497e+002
0.878000 9.601888e+002
0.880000 9.588203e+002
0.882000 9.574443e+002
0.884000 9.560609e+002
0.886000 9.546701e+002
0.888000 9.532720e+002
0.890000 9.518667e+002
0.892000 9.504541e+002
0.894000 9.490345e+002
0.896000 9.476078e+002
0.898000 9.461742e+002
0.900000 9.447336e+002
0.902000 9.432862e+002
0.904000 9.418321e+002
0.906000 9.403712e+002
0.908000 9.389037e+002
0.910000 9.374297e+002
0.912000 9.359491e+002
0.914000 9.344622e+002
0.916000 9.329688e+002
0.918000 9.314692e+002
0.920000 9.299633e+002
0.922000 9.284513e+002
0.924000 9.269332e+002
0.926000 9.254090e+002
0.928000 9.238790e+002
0.930000 9.223430e+002
0.932000 9.208012e+002
0.934000 9.192536e+002
0.936000 9.177004e+002
0.938000 9.161415e+002
0.940000 9.145771e+002
0.942000 9.130073e+002
0.944000 9.114320e+002
0.946000 9.098513e+002
0.948000 9.082654e+002
0.950000 9.066743e+002
0.952000 9.050780e+002
0.954000 9.034766e+002
0.956000 9.018703e+002
0.958000 9.002589e+002
0.960000 8.986428e+002
0.962000 8.970218e+002
0.964000 8.953960e+002
0.966000 8.937656e+002
0.968000 8.921306e+002
0.970000 8.904910e+002
0.972000 8.888470e+002
0.974000 8.871985e+002
0.976000 8.855457e+002
0.978000 8.838887e+002
0.980000 8.822274e+002
0.982000 8.805620e+002
0.984000 8.788925e+002
0.986000 8.772190e+002
0.988000 8.755415e+002
0.990000 8.738602e+002
0.992000 8.721750e+002
0.994000 8.704861e+002
0.996000 8.687936e+002
0.998000 8.670974e+002
1.000000 8.653976e+002
1.002000 8.636944e+002
1.004000 8.619878e+002
1.006000 8.602777e+002
1.008000 8.585644e+002
1.010000 8.568479e+002
1.012000 8.551282e+002
1.014000 8.534054e+002
1.016000 8.516796e+002
1.018000 8.499508e+002
1.020000 8.482191e+002
1.022000 8.464846e+002
1.024000 8.447473e+002
1.026000 8.430072e+002
1.028000 8.412646e+002
1.030000 8.395193e+002
1.032000 8.377715e+002
1.034000 8.360212e+002
1.036000 8.342686e+002
1.038000 8.325136e+002
1.040000 8.307563e+002
1.042000 8.289969e+002
1.044000 8.272352e+002
1.046000 8.254715e+002
1.048000 8.237058e+002
1.050000 8.219381e+002
1.052000 8.201685e+002
1.054000 8.183970e+002
1.056000 8.166238e+002
1.058000 8.148488e+002
1.060000 8.130722e+002
1.062000 8.112940e+002
1.064000 8.095143e+002
1.066000 8.077331e+002
1.068000 8.059504e+002
1.070000 8.041664e+002
1.072000 8.023812e+002
1.074000 8.005946e+002
1.076000 7.988069e+002
1.078000 7.970181e+002
1.080000 7.952282e+002
1.082000 7.934373e+002
1.084000 7.916454e+002
1.086000 7.898527e+002
1.088000 7.880592e+002
1.090000 7.862648e+002
1.092000 7.844698e+002
1.094000 7.826741e+002
1.096000 7.808778e+002
1.098000 7.790809e+002
1.100000 7.772836e+002
1.102000 7.754858e+002
1.104000 7.736877e+002
1.106000 7.718893e+002
1.108000 7.700905e+002
1.110000 7.682916e+002
1.112000 7.664925e+002
1.114000 7.646934e+002
1.116000 7.628942e+002
1.118000 7.610950e+002
1.120000 7.592958e+002
1.122000 7.574968e+002
1.124000 7.556980e+002
1.126000 7.538994e+002
1.128000 7.521010e+002
1.130000 7.503030e+002
1.132000 7.485054e+002
1.134000 7.467083e+002
1.136000 7.449116e+002
1.138000 7.431155e+002
1.140000 7.413199e+002
1.142000 7.395250e+002
1.144000 7.377308e+002
1.146000 7.359374e+002
1.148000 7.341447e+002
1.150000 7.323529e+002
1.152000 7.305620e+002
1.154000 7.287721e+002
1.156000 7.269832e+002
1.158000 7.251953e+002
1.160000 7.234085e+002
1.162000 7.216228e+002
1.164000 7.198384e+002
1.166000 7.180551e+002
1.168000 7.162732e+002
1.170000 7.144926e+002
1.172000 7.127135e+002
1.174000 7.109357e+002
1.176000 7.091594e+002
1.178000 7.073847e+002
1.180000 7.056115e+002
1.182000 7.038399e+002
1.184000 7.020700e+002
1.186000 7.003019e+002
1.188000 6.985354e+002
1.190000 6.967708e+002
1.192000 6.950080e+002
1.194000 6.932471e+002
1.196000 6.914882e+002
1.198000 6.897312e+002
1.200000 6.879762e+002
1.202000 6.862233e+002
1.204000 6.844726e+002
1.206000 6.827239e+002
1.208000 6.809775e+002
1.210000 6.792333e+002
1.212000 6.774913e+002
1.214000 6.757517e+002
1.216000 6.740144e+002
1.218000 6.722796e+002
1.220000 6.705472e+002
1.222000 6.688172e+002
1.224000 6.670898e+002
1.226000 6.653649e+002
1.228000 6.636426e+002
1.230000 6.619230e+002
1.232000 6.602060e+002
1.234000 6.584918e+002
1.236000 6.567803e+002
1.238000 6.550716e+002
1.240000 6.533657e+002
1.242000 6.516627e+002
1.244000 6.499626e+002
1.246000 6.482654e+002
1.248000 6.465712e+002
1.250000 6.448800e+002
1.252000 6.431918e+002
1.254000 6.415067e+002
1.256000 6.398248e+002
1.258000 6.381460e+002
1.260000 6.364703e+002
1.262000 6.347979e+002
1.264000 6.331288e+002
1.266000 6.314629e+002
1.268000 6.298003e+002
1.270000 6.281411e+002
1.272000 6.264853e+002
1.274000 6.248329e+002
1.276000 6.231839e+002
1.278000 6.215384e+002
1.280000 6.198965e+002
1.282000 6.182580e+002
1.284000 6.166232e+002
1.286000 6.149919e+002
1.288000 6.133643e+002
1.290000 6.117403e+002
1.292000 6.101200e+002
1.294000 6.085035e+002
1.296000 6.068907e+002
1.298000 6.052816e+002
1.300000 6.036764e+002
1.302000 6.020750e+002
1.304000 6.004775e+002
1.306000 5.988838e+002
1.308000 5.972941e+002
1.310000 5.957083e+002
1.312000 5.941265e+002
1.314000 5.925486e+002
1.316000 5.909748e+002
1.318000 5.894050e+002
1.320000 5.878393e+002
1.322000 5.862777e+002
1.324000 5.847202e+002
1.326000 5.831668e+002
1.328000 5.816177e+002
1.330000 5.800726e+002
1.332000 5.785319e+002
1.334000 5.769953e+002
1.336000 5.754630e+002
1.338000 5.739350e+002
1.340000 5.724113e+002
1.342000 5.708919e+002
1.344000 5.693768e+002
1.346000 5.678661e+002
1.348000 5.663598e+002
1.350000 5.648579e+002
1.352000 5.633604e+002
1.354000 5.618674e+002
1.356000 5.603788e+002
1.358000 5.588948e+002
1.360000 5.574152e+002
1.362000 5.559401e+002
1.364000 5.544696e+002
1.366000 5.530037e+002
1.368000 5.515423e+002
1.370000 5.500855e+002
1.372000 5.486333e+002
1.374000 5.471858e+002
1.376000 5.457429e+002
1.378000 5.443046e+002
1.380000 5.428711e+002
1.382000 5.414422e+002
1.384000 5.400180e+002
1.386000 5.385985e+002
1.388000 5.371838e+002
1.390000 5.357739e+002
1.392000 5.343686e+002
1.394000 5.329682e+002
1.396000 5.315726e+002
1.398000 5.301818e+002
1.400000 5.287957e+002
1.402000 5.274146e+002
1.404000 5.260382e+002
1.406000 5.246667e+002
1.408000 5.233001e+002
1.410000 5.219384e+002
1.412000 5.205815e+002
1.414000 5.192296e+002
1.416000 5.178826e+002
1.418000 5.165404e+002
1.420000 5.152033e+002
1.422000 5.138710e+002
1.424000 5.125437e+002
1.426000 5.112214e+002
1.428000 5.099041e+002
1.430000 5.085917e+002
1.432000 5.072843e+002
1.434000 5.059819e+002
1.436000 5.046845e+002
1.438000 5.033921e+002
1.440000 5.021048e+002
1.442000 5.008224e+002
1.444000 4.995451e+002
1.446000 4.982729e+002
1.448000 4.970056e+002
1.450000 4.957435e+002
1.452000 4.944864e+002
1.454000 4.932343e+002
1.456000 4.919873e+002
1.458000 4.907454e+002
1.460000 4.895086e+002
1.462000 4.882769e+002
1.464000 4.870502e+002
1.466000 4.858287e+002
1.468000 4.846122e+002
1.470000 4.834009e+002
1.472000 4.821946e+002
1.474000 4.809934e+002
1.476000 4.797974e+002
1.478000 4.786065e+002
1.480000 4.774206e+002
1.482000 4.762399e+002
1.484000 4.750644e+002
1.486000 4.738939e+002
1.488000 4.727286e+002
1.490000 4.715683e+002
1.492000 4.704132e+002
1.494000 4.692633e+002
1.496000 4.681184e+002
1.498000 4.669787e+002
1.500000 4.658441e+002
1.502000 4.647146e+002
1.504000 4.635903e+002
1.506000 4.624711e+002
1.508000 4.613570e+002
1.510000 4.602480e+002
1.512000 4.591441e+002
1.514000 4.580454e+002
1.516000 4.569518e+002
1.518000 4.558633e+002
1.520000 4.547799e+002
1.522000 4.537016e+002
1.524000 4.526284e+002
1.526000 4.515604e+002
1.528000 4.504974e+002
1.530000 4.494395e+002
1.532000 4.483868e+002
1.534000 4.473391e+002
1.536000 4.462965e+002
1.538000 4.452590e+002
1.540000 4.442266e+002
1.542000 4.431993e+002
1.544000 4.421770e+002
1.546000 4.411598e+002
1.548000 4.401477e+002
1.550000 4.391406e+002
1.552000 4.381386e+002
1.554000 4.371416e+002
1.556000 4.361497e+002
1.558000 4.351628e+002
1.560000 4.341809e+002
1.562000 4.332040e+002
1.564000 4.322322e+002
1.566000 4.312654e+002
1.568000 4.303036e+002
1.570000 4.293468e+002
1.572000 4.283949e+002
1.574000 4.274481e+002
1.576000 4.265062e+002
1.578000 4.255693e+002
1.580000 4.246373e+002
1.582000 4.237103e+002
1.584000 4.227883e+002
1.586000 4.218712e+002
1.588000 4.209590e+002
1.590000 4.200517e+002
1.592000 4.191493e+002
1.594000 4.182519e+002
1.596000 4.173593e+002
1.598000 4.164716e+002
1.600000 4.155888e+002
1.602000 4.147109e+002
1.604000 4.138378e+002
1.606000 4.129695e+002
1.608000 4.121061e+002
1.610000 4.112475e+002
1.612000 4.103937e+002
1.614000 4.095447e+002
1.616000 4.087005e+002
1.618000 4.078611e+002
1.620000 4.070265e+002
1.622000 4.061966e+002
1.624000 4.053715e+002
1.626000 4.045511e+002
1.628000 4.037355e+002
1.630000 4.029245e+002
1.632000 4.021183e+002
1.634000 4.013168e+002
1.636000 4.005199e+002
1.638000 3.997277e+002
1.640000 3.989402e+002
1.642000 3.981573e+002
1.644000 3.973791e+002
1.646000 3.966054e+002
1.648000 3.958364e+002
1.650000 3.950720e+002
1.652000 3.943121e+002
1.654000 3.935569e+002
1.656000 3.928061e+002
1.658000 3.920600e+002
1.660000 3.913183e+002
1.662000 3.905812e+002
1.664000 3.898486e+002
1.666000 3.891204e+002
1.668000 3.883968e+002
1.670000 3.876776e+002
1.672000 3.869629e+002
1.674000 3.862526e+002
1.676000 3.855467e+002
1.678000 3.848452e+002
1.680000 3.841482e+002
1.682000 3.834555e+002
1.684000 3.827672e+002
1.686000 3.820832e+002
1.688000 3.814036e+002
1.690000 3.807282e+002
1.692000 3.800572e+002
1.694000 3.793905e+002
1.696000 3.787281e+002
1.698000 3.780700e+002
1.700000 3.774160e+002
1.702000 3.767664e+002
1.704000 3.761209e+002
1.706000 3.754797e+002
1.708000 3.748426e+002
1.710000 3.742097e+002
1.712000 3.735810e+002
1.714000 3.729564e+002
1.716000 3.723360e+002
1.718000 3.717196e+002
1.720000 3.711074e+002
1.722000 3.704992e+002
1.724000 3.698951e+002
1.726000 3.692951e+002
1.728000 3.686991e+002
1.730000 3.681071e+002
1.732000 3.675191e+002
1.734000 3.669352e+002
1.736000 3.663551e+002
1.738000 3.657791e+002
1.740000 3.652070e+002
1.742000 3.646388e+002
1.744000 3.640745e+002
1.746000 3.635141e+002
1.748000 3.629576e+002
1.750000 3.624049e+002
1.752000 3.618561e+002
1.754000 3.613111e+002
1.756000 3.607699e+002
1.758000 3.602325e+002
1.760000 3.596989e+002
1.762000 3.591691e+002
1.764000 3.586430e+002
1.766000 3.581206e+002
1.768000 3.576020e+002
1.770000 3.570870e+002
1.772000 3.565757e+002
1.774000 3.560681e+002
1.776000 3.555641e+002
1.778000 3.550638e+002
1.780000 3.545671e+002
1.782000 3.540739e+002
1.784000 3.535844e+002
1.786000 3.530984e+002
1.788000 3.526159e+002
1.790000 3.521370e+002
1.792000 3.516616e+002
1.794000 3.511897e+002
1.796000 3.507213e+002
1.798000 3.502563e+002
1.800000 3.497948e+002
1.802000 3.493367e+002
1.804000 3.488820e+002
1.806000 3.484307e+002
1.808000 3.479828e+002
1.810000 3.475383e+002
1.812000 3.470971e+002
1.814000 3.466592e+002
1.816000 3.462246e+002
1.818000 3.457934e+002
1.820000 3.453654e+002
1.822000 3.449407e+002
1.824000 3.445192e+002
1.826000 3.441009e+002
1.828000 3.436859e+002
1.830000 3.432740e+002
1.832000 3.428653e+002
1.834000 3.424598e+002
1.836000 3.420575e+002
1.838000 3.416582e+002
1.840000 3.412621e+002
1.842000 3.408690e+002
1.844000 3.404791e+002
1.846000 3.400921e+002
1.848000 3.397083e+002
1.850000 3.393274e+002
1.852000 3.389496e+002
1.854000 3.385748e+002
1.856000 3.382029e+002
1.858000 3.378340e+002
1.860000 3.374680e+002
1.862000 3.371050e+002
1.864000 3.367449e+002
1.866000 3.363877e+002
1.868000 3.360333e+002
1.870000 3.356818e+002
1.872000 3.353332e+002
1.874000 3.349873e+002
1.876000 3.346443e+002
1.878000 3.343041e+002
1.880000 3.339667e+002
1.882000 3.336320e+002
1.884000 3.333000e+002
1.886000 3.329708e+002
1.888000 3.326443e+002
1.890000 3.323205e+002
1.892000 3.319994e+002
1.894000 3.316810e+002
1.896000 3.313652e+002
1.898000 3.310520e+002
1.900000 3.307415e+002
1.902000 3.304335e+002
1.904000 3.301281e+002
1.906000 3.298253e+002
1.908000 3.295251e+002
1.910000 3.292274e+002
1.912000 3.289322e+002
1.914000 3.286395e+002
1.916000 3.283493e+002
1.918000 3.280616e+002
1.920000 3.277763e+002
1.922000 3.274935e+002
1.924000 3.272131e+002
1.926000 3.269351e+002
1.928000 3.266595e+002
1.930000 3.263863e+002
1.932000 3.261154e+002
1.934000 3.258469e+002
1.936000 3.255807e+002
1.938000 3.253169e+002
1.940000 3.250553e+002
1.942000 3.247961e+002
1.944000 3.245391e+002
1.946000 3.242844e+002
1.948000 3.240319e+002
1.950000 3.237816e+002
1.952000 3.235336e+002
1.954000 3.232877e+002
1.956000 3.230441e+002
1.958000 3.228026e+002
1.960000 3.225632e+002
1.962000 3.223260e+002
1.964000 3.220909e+002
1.966000 3.218580e+002
1.968000 3.216271e+002
1.970000 3.213983e+002
1.972000 3.211716e+002
1.974000 3.209469e+002
1.976000 3.207242e+002
1.978000 3.205036e+002
1.980000 3.202850e+002
1.982000 3.200684e+002
1.984000 3.198537e+002
1.986000 3.196411e+002
1.988000 3.194303e+002
1.990000 3.192216e+002
1.992000 3.190147e+002
1.994000 3.188097e+002
1.996000 3.186067e+002
1.998000 3.184055e+002
2.000000 3.182062e+002
2.002000 3.180088e+002
2.004000 3.178132e+002
2.006000 3.176194e+002
2.008000 3.174274e+002
2.010000 3.172373e+002
2.012000 3.170489e+002
2.014000 3.168623e+002
2.016000 3.166775e+002
2.018000 3.164944e+002
2.020000 3.163130e+002
2.022000 3.161334e+002
2.024000 3.159555e+002
2.026000 3.157792e+002
2.028000 3.156047e+002
2.030000 3.154318e+002
2.032000 3.152606e+002
2.034000 3.150910e+002
2.036000 3.149231e+002
2.038000 3.147568e+002
2.040000 3.145921e+002
2.042000 3.144289e+002
2.044000 3.142674e+002
2.046000 3.141074e+002
2.048000 3.139490e+002
2.050000 3.137922e+002
2.052000 3.136369e+002
2.054000 3.134830e+002
2.056000 3.133307e+002
2.058000 3.131799e+002
2.060000 3.130306e+002
2.062000 3.128828e+002
2.064000 3.127364e+002
2.066000 3.125915e+002
2.068000 3.124480e+002
2.070000 3.123059e+002
2.072000 3.121653e+002
2.074000 3.120260e+002
2.076000 3.118882e+002
2.078000 3.117517e+002
2.080000 3.116166e+002
2.082000 3.114829e+002
2.084000 3.113505e+002
2.086000 3.112194e+002
2.088000 3.110897e+002
2.090000 3.109612e+002
2.092000 3.108341e+002
2.094000 3.107083e+002
2.096000 3.105838e+002
2.098000 3.104605e+002
2.100000 3.103385e+002
2.102000 3.102177e+002
2.104000 3.100982e+002
2.106000 3.099799e+002
2.108000 3.098628e+002
2.110000 3.097469e+002
2.112000 3.096323e+002
2.114000 3.095188e+002
2.116000 3.094065e+002
2.118000 3.092953e+002
2.120000 3.091853e+002
2.122000 3.090765e+002
2.124000 3.089688e+002
2.126000 3.088622e+002
2.128000 3.087568e+002
2.130000 3.086524e+002
2.132000 3.085492e+002
2.134000 3.084470e+002
2.136000 3.083459e+002
2.138000 3.082459e+002
2.140000 3.081469e+002
2.142000 3.080490e+002
2.144000 3.079522e+002
2.146000 3.078563e+002
2.148000 3.077615e+002
2.150000 3.076677e+002
2.152000 3.075749e+002
2.154000 3.074831e+002
2.156000 3.073923e+002
2.158000 3.073025e+002
2.160000 3.072136e+002
2.162000 3.071257e+002
2.164000 3.070387e+002
2.166000 3.069527e+002
2.168000 3.068677e+002
2.170000 3.067835e+002
2.172000 3.067003e+002
2.174000 3.066179e+002
2.176000 3.065365e+002
2.178000 3.064560e+002
2.180000 3.063763e+002
2.182000 3.062975e+002
2.184000 3.062196e+002
2.186000 3.061425e+002
2.188000 3.060663e+002
2.190000 3.059910e+002
2.192000 3.059165e+002
2.194000 3.058428e+002
2.196000 3.057699e+002
2.198000 3.056978e+002
2.200000 3.056265e+002
2.202000 3.055561e+002
2.204000 3.054864e+002
2.206000 3.054175e+002
2.208000 3.053494e+002
2.210000 3.052820e+002
2.212000 3.052154e+002
2.214000 3.051495e+002
2.216000 3.050844e+002
2.218000 3.050201e+002
2.220000 3.049564e+002
2.222000 3.048935e+002
2.224000 3.048313e+002
2.226000 3.047698e+002
2.228000 3.047090e+002
2.230000 3.046489e+002
2.232000 3.045895e+002
2.234000 3.045308e+002
2.236000 3.044727e+002
2.238000 3.044153e+002
2.240000 3.043586e+002
2.242000 3.043025e+002
2.244000 3.042471e+002
2.246000 3.041923e+002
2.248000 3.041382e+002
2.250000 3.040847e+002
2.252000 3.040318e+002
2.254000 3.039795e+002
2.256000 3.039278e+002
2.258000 3.038768e+002
2.260000 3.038263e+002
2.262000 3.037765e+002
2.264000 3.037272e+002
2.266000 3.036785e+002
2.268000 3.036303e+002
2.270000 3.035828e+002
2.272000 3.035358e+002
2.274000 3.034893e+002
2.276000 3.034434e+002
2.278000 3.033981e+002
2.280000 3.033532e+002
2.282000 3.033090e+002
2.284000 3.032652e+002
2.286000 3.032220e+002
2.288000 3.031793e+002
2.290000 3.031371e+002
2.292000 3.030954e+002
2.294000 3.030542e+002
2.296000 3.030135e+002
2.298000 3.029733e+002
2.300000 3.029336e+002
2.302000 3.028944e+002
2.304000 3.028556e+002
2.306000 3.028173e+002
2.308000 3.027795e+002
2.310000 3.027421e+002
2.312000 3.027052e+002
2.314000 3.026687e+002
2.316000 3.026327e+002
2.318000 3.025972e+002
2.320000 3.025620e+002
2.322000 3.025273e+002
2.324000 3.024930e+002
2.326000 3.024592e+002
2.328000 3.024257e+002
2.330000 3.023927e+002
2.332000 3.023601e+002
2.334000 3.023279e+002
2.336000 3.022961e+002
2.338000 3.022647e+002
2.340000 3.022336e+002
2.342000 3.022030e+002
2.344000 3.021727e+002
2.346000 3.021429e+002
2.348000 3.021134e+002
2.350000 3.020842e+002
2.352000 3.020555e+002
2.354000 3.020271e+002
2.356000 3.019990e+002
2.358000 3.019713e+002
2.360000 3.019440e+002
2.362000 3.019170e+002
2.364000 3.018903e+002
2.366000 3.018640e+002
2.368000 3.018380e+002
2.370000 3.018124e+002
2.372000 3.017870e+002
2.374000 3.017620e+002
2.376000 3.017373e+002
2.378000 3.017130e+002
2.380000 3.016889e+002
2.382000 3.016652e+002
2.384000 3.016417e+002
2.386000 3.016186e+002
2.388000 3.015958e+002
2.390000 3.015732e+002
2.392000 3.015510e+002
2.394000 3.015290e+002
2.396000 3.015073e+002
2.398000 3.014859e+002
2.400000 3.014648e+002
2.402000 3.014440e+002
2.404000 3.014234e+002
2.406000 3.014031e+002
2.408000 3.013830e+002
2.410000 3.013633e+002
2.412000 3.013437e+002
2.414000 3.013245e+002
2.416000 3.013055e+002
2.418000 3.012867e+002
2.420000 3.012682e+002
2.422000 3.012499e+002
2.424000 3.012319e+002
2.426000 3.012141e+002
2.428000 3.011966e+002
2.430000 3.011793e+002
2.432000 3.011622e+002
2.434000 3.011453e+002
2.436000 3.011287e+002
2.438000 3.011123e+002
2.440000 3.010961e+002
2.442000 3.010801e+002
2.444000 3.010643e+002
2.446000 3.010488e+002
2.448000 3.010334e+002
2.450000 3.010183e+002
2.452000 3.010034e+002
2.454000 3.009887e+002
2.456000 3.009741e+002
2.458000 3.009598e+002
2.460000 3.009457e+002
2.462000 3.009317e+002
2.464000 3.009179e+002
2.466000 3.009044e+002
2.468000 3.008910e+002
2.470000 3.008778e+002
2.472000 3.008648e+002
2.474000 3.008519e+002
2.476000 3.008393e+002
2.478000 3.008268e+002
2.480000 3.008144e+002
2.482000 3.008023e+002
2.484000 3.007903e+002
2.486000 3.007785e+002
2.488000 3.007668e+002
2.490000 3.007553e+002
2.492000 3.007440e+002
2.494000 3.007328e+002
2.496000 3.007218e+002
2.498000 3.007109e+002
2.500000 3.007002e+002
2.502000 3.006897e+002
2.504000 3.006792e+002
2.506000 3.006690e+002
2.508000 3.006588e+002
2.510000 3.006488e+002
2.512000 3.006390e+002
2.514000 3.006293e+002
2.516000 3.006197e+002
2.518000 3.006103e+002
2.520000 3.006010e+002
2.522000 3.005918e+002
2.524000 3.005827e+002
2.526000 3.005738e+002
2.528000 3.005650e+002
2.530000 3.005564e+002
2.532000 3.005478e+002
2.534000 3.005394e+002
2.536000 3.005311e+002
2.538000 3.005229e+002
2.540000 3.005149e+002
2.542000 3.005069e+002
2.544000 3.004991e+002
2.546000 3.004914e+002
2.548000 3.004837e+002
2.550000 3.004762e+002
2.552000 3.004689e+002
2.554000 3.004616e+002
2.556000 3.004544e+002
2.558000 3.004473e+002
2.560000 3.004403e+002
2.562000 3.004335e+002
2.564000 3.004267e+002
2.566000 3.004200e+002
2.568000 3.004134e+002
2.570000 3.004069e+002
2.572000 3.004006e+002
2.574000 3.003943e+002
2.576000 3.003881e+002
2.578000 3.003819e+002
2.580000 3.003759e+002
2.582000 3.003700e+002
2.584000 3.003641e+002
2.586000 3.003584e+002
2.588000 3.003527e+002
2.590000 3.003471e+002
2.592000 3.003416e+002
2.594000 3.003362e+002
2.596000 3.003308e+002
2.598000 3.003256e+002
2.600000 3.003204e+002
2.602000 3.003153e+002
2.604000 3.003102e+002
2.606000 3.003053e+002
2.608000 3.003004e+002
2.610000 3.002956e+002
2.612000 3.002908e+002
2.614000 3.002861e+002
2.616000 3.002815e+002
2.618000 3.002770e+002
2.620000 3.002725e+002
2.622000 3.002681e+002
2.624000 3.002638e+002
2.626000 3.002596e+002
2.628000 3.002554e+002
2.630000 3.002512e+002
2.632000 3.002471e+002
2.634000 3.002431e+002
2.636000 3.002392e+002
2.638000 3.002353e+002
2.640000 3.002315e+002
2.642000 3.002277e+002
2.644000 3.002240e+002
2.646000 3.002203e+002
2.648000 3.002167e+002
2.650000 3.002131e+002
2.652000 3.002097e+002
2.654000 3.002062e+002
2.656000 3.002028e+002
2.658000 3.001995e+002
2.660000 3.001962e+002
2.662000 3.001930e+002
2.664000 3.001898e+002
2.666000 3.001867e+002
2.668000 3.001836e+002
2.670000 3.001805e+002
2.672000 3.001775e+002
2.674000 3.001746e+002
2.676000 3.001717e+002
2.678000 3.001688e+002
2.680000 3.001660e+002
2.682000 3.001633e+002
2.684000 3.001605e+002
2.686000 3.001579e+002
2.688000 3.001552e+002
2.690000 3.001526e+002
2.692000 3.001501e+002
2.694000 3.001476e+002
2.696000 3.001451e+002
2.698000 3.001427e+002
2.700000 3.001403e+002
2.702000 3.001379e+002
2.704000 3.001356e+002
2.706000 3.001333e+002
2.708000 3.001310e+002
2.710000 3.001288e+002
2.712000 3.001266e+002
2.714000 3.001245e+002
2.716000 3.001224e+002
2.718000 3.001203e+002
2.720000 3.001183e+002
2.722000 3.001163e+002
2.724000 3.001143e+002
2.726000 3.001123e+002
2.728000 3.001104e+002
2.730000 3.001085e+002
2.732000 3.001067e+002
2.734000 3.001048e+002
2.736000 3.001031e+002
2.738000 3.001013e+002
2.740000 3.000995e+002
2.742000 3.000978e+002
2.744000 3.000962e+002
2.746000 3.000945e+002
2.748000 3.000929e+002
2.750000 3.000913e+002
2.752000 3.000897e+002
2.754000 3.000881e+002
2.756000 3.000866e+002
2.758000 3.000851e+002
2.760000 3.000836e+002
2.762000 3.000822e+002
2.764000 3.000808e+002
2.766000 3.000794e+002
2.768000 3.000780e+002
2.770000 3.000766e+002
2.772000 3.000753e+002
2.774000 3.000740e+002
2.776000 3.000727e+002
2.778000 3.000714e+002
2.780000 3.000702e+002
2.782000 3.000689e+002
2.784000 3.000677e+002
2.786000 3.000665e+002
2.788000 3.000654e+002
2.790000 3.000642e+002
2.792000 3.000631e+002
2.794000 3.000620e+002
2.796000 3.000609e+002
2.798000 3.000598e+002
2.800000 3.000587e+002
2.802000 3.000577e+002
2.804000 3.000567e+002
2.806000 3.000557e+002
2.808000 3.000547e+002
2.810000 3.000537e+002
2.812000 3.000528e+002
2.814000 3.000518e+002
2.816000 3.000509e+002
2.818000 3.000500e+002
2.820000 3.000491e+002
2.822000 3.000482e+002
2.824000 3.000474e+002
2.826000 3.000465e+002
2.828000 3.000457e+002
2.830000 3.000448e+002
2.832000 3.000440e+002
2.834000 3.000433e+002
2.836000 3.000425e+002
2.838000 3.000417e+002
2.840000 3.000410e+002
2.842000 3.000402e+002
2.844000 3.000395e+002
2.846000 3.000388e+002
2.848000 3.000381e+002
2.850000 3.000374e+002
2.852000 3.000367e+002
2.854000 3.000360e+002
2.856000 3.000354e+002
2.858000 3.000347e+002
2.860000 3.000341e+002
2.862000 3.000335e+002
2.864000 3.000329e+002
2.866000 3.000323e+002
2.868000 3.000317e+002
2.870000 3.000311e+002
2.872000 3.000305e+002
2.874000 3.000300e+002
2.876000 3.000294e+002
2.878000 3.000289e+002
2.880000 3.000284e+002
2.882000 3.000278e+002
2.884000 3.000273e+002
2.886000 3.000268e+002
2.888000 3.000263e+002
2.890000 3.000258e+002
2.892000 3.000254e+002
2.894000 3.000249e+002
2.896000 3.000244e+002
2.898000 3.000240e+002
2.900000 3.000235e+002
2.902000 3.000231e+002
2.904000 3.000227e+002
2.906000 3.000222e+002
2.908000 3.000218e+002
2.910000 3.000214e+002
2.912000 3.000210e+002
2.914000 3.000206e+002
2.916000 3.000202e+002
2.918000 3.000199e+002
2.920000 3.000195e+002
2.922000 3.000191e+002
2.924000 3.000188e+002
2.926000 3.000184e+002
2.928000 3.000181e+002
2.930000 3.000177e+002
2.932000 3.000174e+002
2.934000 3.000171e+002
2.936000 3.000167e+002
2.938000 3.000164e+002
2.940000 3.000161e+002
2.942000 3.000158e+002
2.944000 3.000155e+002
2.946000 3.000152e+002
2.948000 3.000149e+002
2.950000 3.000146e+002
2.952000 3.000144e+002
2.954000 3.000141e+002
2.956000 3.000138e+002
2.958000 3.000136e+002
2.960000 3.000133e+002
2.962000 3.000130e+002
2.964000 3.000128e+002
2.966000 3.000126e+002
2.968000 3.000123e+002
2.970000 3.000121e+002
2.972000 3.000118e+002
2.974000 3.000116e+002
2.976000 3.000114e+002
2.978000 3.000112e+002
2.980000 3.000110e+002
2.982000 3.000107e+002
2.984000 3.000105e+002
2.986000 3.000103e+002
2.988000 3.000101e+002
2.990000 3.000099e+002
2.992000 3.000097e+002
2.994000 3.000096e+002
2.996000 3.000094e+002
2.998000 3.000092e+002
3.000000 3.000090e+002
3.002000 3.000088e+002
3.004000 3.000087e+002
3.006000 3.000085e+002
3.008000 3.000083e+002
3.010000 3.000082e+002
3.012000 3.000080e+002
3.014000 3.000079e+002
3.016000 3.000077e+002
3.018000 3.000075e+002
3.020000 3.000074e+002
3.022000 3.000073e+002
3.024000 3.000071e+002
3.026000 3.000070e+002
3.028000 3.000068e+002
3.030000 3.000067e+002
3.032000 3.000066e+002
3.034000 3.000064e+002
3.036000 3.000063e+002
3.038000 3.000062e+002
3.040000 3.000061e+002
3.042000 3.000059e+002
3.044000 3.000058e+002
3.046000 3.000057e+002
3.048000 3.000056e+002
3.050000 3.000055e+002
3.052000 3.000054e+002
3.054000 3.000053e+002
3.056000 3.000052e+002
3.058000 3.000051e+002
3.060000 3.000050e+002
3.062000 3.000049e+002
3.064000 3.000048e+002
3.066000 3.000047e+002
3.068000 3.000046e+002
3.070000 3.000045e+002
3.072000 3.000044e+002
3.074000 3.000043e+002
3.076000 3.000042e+002
3.078000 3.000041e+002
3.080000 3.000040e+002
3.082000 3.000040e+002
3.084000 3.000039e+002
3.086000 3.000038e+002
3.088000 3.000037e+002
3.090000 3.000037e+002
3.092000 3.000036e+002
3.094000 3.000035e+002
3.096000 3.000034e+002
3.098000 3.000034e+002
3.100000 3.000033e+002
3.102000 3.000032e+002
3.104000 3.000032e+002
3.106000 3.000031e+002
3.108000 3.000030e+002
3.110000 3.000030e+002
3.112000 3.000029e+002
3.114000 3.000029e+002
3.116000 3.000028e+002
3.118000 3.000027e+002
3.120000 3.000027e+002
3.122000 3.000026e+002
3.124000 3.000026e+002
3.126000 3.000025e+002
3.128000 3.000025e+002
3.130000 3.000024e+002
3.132000 3.000024e+002
3.134000 3.000023e+002
3.136000 3.000023e+002
3.138000 3.000022e+002
3.140000 3.000022e+002
3.142000 3.000021e+002
3.144000 3.000021e+002
3.146000 3.000020e+002
3.148000 3.000020e+002
3.150000 3.000020e+002
3.152000 3.000019e+002
3.154000 3.000019e+002
3.156000 3.000018e+002
3.158000 3.000018e+002
3.160000 3.000018e+002
3.162000 3.000017e+002
3.164000 3.000017e+002
3.166000 3.000017e+002
3.168000 3.000016e+002
3.170000 3.000016e+002
3.172000 3.000016e+002
3.174000 3.000015e+002
3.176000 3.000015e+002
3.178000 3.000015e+002
3.180000 3.000014e+002
3.182000 3.000014e+002
3.184000 3.000014e+002
3.186000 3.000013e+002
3.188000 3.000013e+002
3.190000 3.000013e+002
3.192000 3.000013e+002
3.194000 3.000012e+002
3.196000 3.000012e+002
3.198000 3.000012e+002
3.200000 3.000012e+002
3.202000 3.000011e+002
3.204000 3.000011e+002
3.206000 3.000011e+002
3.208000 3.000011e+002
3.210000 3.000010e+002
3.212000 3.000010e+002
3.214000 3.000010e+002
3.216000 3.000010e+002
3.218000 3.000010e+002
3.220000 3.000009e+002
3.222000 3.000009e+002
3.224000 3.000009e+002
3.226000 3.000009e+002
3.228000 3.000009e+002
3.230000 3.000008e+002
3.232000 3.000008e+002
3.234000 3.000008e+002
3.236000 3.000008e+002
3.238000 3.000008e+002
3.240000 3.000007e+002
3.242000 3.000007e+002
3.244000 3.000007e+002
3.246000 3.000007e+002
3.248000 3.000007e+002
3.250000 3.000007e+002
3.252000 3.000007e+002
3.254000 3.000006e+002
3.256000 3.000006e+002
3.258000 3.000006e+002
3.260000 3.000006e+002
3.262000 3.000006e+002
3.264000 3.000006e+002
3.266000 3.000006e+002
3.268000 3.000006e+002
3.270000 3.000005e+002
3.272000 3.000005e+002
3.274000 3.000005e+002
3.276000 3.000005e+002
3.278000 3.000005e+002
3.280000 3.000005e+002
3.282000 3.000005e+002
3.284000 3.000005e+002
3.286000 3.000005e+002
3.288000 3.000004e+002
3.290000 3.000004e+002
3.292000 3.000004e+002
3.294000 3.000004e+002
3.296000 3.000004e+002
3.298000 3.000004e+002
3.300000 3.000004e+002
3.302000 3.000004e+002
3.304000 3.000004e+002
3.306000 3.000004e+002
3.308000 3.000004e+002
3.310000 3.000003e+002
3.312000 3.000003e+002
3.314000 3.000003e+002
3.316000 3.000003e+002
3.318000 3.000003e+002
3.320000 3.000003e+002
3.322000 3.000003e+002
3.324000 3.000003e+002
3.326000 3.000003e+002
3.328000 3.000003e+002
3.330000 3.000003e+002
3.332000 3.000003e+002
3.334000 3.000003e+002
3.336000 3.000003e+002
3.338000 3.000003e+002
3.340000 3.000002e+002
3.342000 3.000002e+002
3.344000 3.000002e+002
3.346000 3.000002e+002
3.348000 3.000002e+002
3.350000 3.000002e+002
3.352000 3.000002e+002
3.354000 3.000002e+002
3.356000 3.000002e+002
3.358000 3.000002e+002
3.360000 3.000002e+002
3.362000 3.000002e+002
3.364000 3.000002e+002
3.366000 3.000002e+002
3.368000 3.000002e+002
3.370000 3.000002e+002
3.372000 3.000002e+002
3.374000 3.000002e+002
3.376000 3.000002e+002
3.378000 3.000002e+002
3.380000 3.000002e+002
3.382000 3.000002e+002
3.384000 3.000001e+002
3.386000 3.000001e+002
3.388000 3.000001e+002
3.390000 3.000001e+002
3.392000 3.000001e+002
3.394000 3.000001e+002
3.396000 3.000001e+002
3.398000 3.000001e+002
3.400000 3.000001e+002
3.402000 3.000001e+002
3.404000 3.000001e+002
3.406000 3.000001e+002
3.408000 3.000001e+002
3.410000 3.000001e+002
3.412000 3.000001e+002
3.414000 3.000001e+002
3.416000 3.000001e+002
3.418000 3.000001e+002
3.420000 3.000001e+002
3.422000 3.000001e+002
3.424000 3.000001e+002
3.426000 3.000001e+002
3.428000 3.000001e+002
3.430000 3.000001e+002
3.432000 3.000001e+002
3.434000 3.000001e+002
3.436000 3.000001e+002
3.438000 3.000001e+002
3.440000 3.000001e+002
3.442000 3.000001e+002
3.444000 3.000001e+002
3.446000 3.000001e+002
3.448000 3.000001e+002
3.450000 3.000001e+002
3.452000 3.000001e+002
3.454000 3.000001e+002
3.456000 3.000001e+002
3.458000 3.000001e+002
3.460000 3.000001e+002
3.462000 3.000001e+002
3.464000 3.000001e+002
3.466000 3.000001e+002
3.468000 3.000001e+002
3.470000 3.000001e+002
3.472000 3.000001e+002
3.474000 3.000001e+002
3.476000 3.000001e+002
3.478000 3.000000e+002
3.480000 3.000000e+002
3.482000 3.000000e+002
3.484000 3.000000e+002
3.486000 3.000000e+002
3.488000 3.000000e+002
3.490000 3.000000e+002
3.492000 3.000000e+002
3.494000 3.000000e+002
3.496000 3.000000e+002
3.498000 3.000000e+002
3.500000 3.000000e+002
3.502000 3.000000e+002
3.504000 3.000000e+002
3.506000 3.000000e+002
3.508000 3.000000e+002
3.510000 3.000000e+002
3.512000 3.000000e+002
3.514000 3.000000e+002
3.516000 3.000000e+002
3.518000 3.000000e+002
3.520000 3.000000e+002
3.522000 3.000000e+002
3.524000 3.000000e+002
3.526000 3.000000e+002
3.528000 3.000000e+002
3.530000 3.000000e+002
3.532000 3.000000e+002
3.534000 3.000000e+002
3.536000 3.000000e+002
3.538000 3.000000e+002
3.540000 3.000000e+002
3.542000 3.000000e+002
3.544000 3.000000e+002
3.546000 3.000000e+002
3.548000 3.000000e+002
3.550000 3.000000e+002
3.552000 3.000000e+002
3.554000 3.000000e+002
3.556000 3.000000e+002
3.558000 3.000000e+002
3.560000 3.000000e+002
3.562000 3.000000e+002
3.564000 3.000000e+002
3.566000 3.000000e+002
3.568000 3.000000e+002
3.570000 3.000000e+002
3.572000 3.000000e+002
3.574000 3.000000e+002
3.576000 3.000000e+002
3.578000 3.000000e+002
3.580000 3.000000e+002
3.582000 3.000000e+002
3.584000 3.000000e+002
3.586000 3.000000e+002
3.588000 3.000000e+002
3.590000 3.000000e+002
3.592000 3.000000e+002
3.594000 3.000000e+002
3.596000 3.000000e+002
3.598000 3.000000e+002
3.600000 3.000000e+002
3.602000 3.000000e+002
3.604000 3.000000e+002
3.606000 3.000000e+002
3.608000 3.000000e+002
3.610000 3.000000e+002
3.612000 3.000000e+002
3.614000 3.000000e+002
3.616000 3.000000e+002
3.618000 3.000000e+002
3.620000 3.000000e+002
3.622000 3.000000e+002
3.624000 3.000000e+002
3.626000 3.000000e+002
3.628000 3.000000e+002
3.630000 3.000000e+002
3.632000 3.000000e+002
3.634000 3.000000e+002
3.636000 3.000000e+002
3.638000 3.000000e+002
3.640000 3.000000e+002
3.642000 3.000000e+002
3.644000 3.000000e+002
3.646000 3.000000e+002
3.648000 3.000000e+002
3.650000 3.000000e+002
3.652000 3.000000e+002
3.654000 3.000000e+002
3.656000 3.000000e+002
3.658000 3.000000e+002
3.660000 3.000000e+002
3.662000 3.000000e+002
3.664000 3.000000e+002
3.666000 3.000000e+002
3.668000 3.000000e+002
3.670000 3.000000e+002
3.672000 3.000000e+002
3.674000 3.000000e+002
3.676000 3.000000e+002
3.678000 3.000000e+002
3.680000 3.000000e+002
3.682000 3.000000e+002
3.684000 3.000000e+002
3.686000 3.000000e+002
3.688000 3.000000e+002
3.690000 3.000000e+002
3.692000 3.000000e+002
3.694000 3.000000e+002
3.696000 3.000000e+002
3.698000 3.000000e+002
3.700000 3.000000e+002
3.702000 3.000000e+002
3.704000 3.000000e+002
3.706000 3.000000e+002
3.708000 3.000000e+002
3.710000 3.000000e+002
3.712000 3.000000e+002
3.714000 3.000000e+002
3.716000 3.000000e+002
3.718000 3.000000e+002
3.720000 3.000000e+002
3.722000 3.000000e+002
3.724000 3.000000e+002
3.726000 3.000000e+002
3.728000 3.000000e+002
3.730000 3.000000e+002
3.732000 3.000000e+002
3.734000 3.000000e+002
3.736000 3.000000e+002
3.738000 3.000000e+002
3.740000 3.000000e+002
3.742000 3.000000e+002
3.744000 3.000000e+002
3.746000 3.000000e+002
3.748000 3.000000e+002
3.750000 3.000000e+002
3.752000 3.000000e+002
3.754000 3.000000e+002
3.756000 3.000000e+002
3.758000 3.000000e+002
3.760000 3.000000e+002
3.762000 3.000000e+002
3.764000 3.000000e+002
3.766000 3.000000e+002
3.768000 3.000000e+002
3.770000 3.000000e+002
3.772000 3.000000e+002
3.774000 3.000000e+002
3.776000 3.000000e+002
3.778000 3.000000e+002
3.780000 3.000000e+002
3.782000 3.000000e+002
3.784000 3.000000e+002
3.786000 3.000000e+002
3.788000 3.000000e+002
3.790000 3.000000e+002
3.792000 3.000000e+002
3.794000 3.000000e+002
3.796000 3.000000e+002
3.798000 3.000000e+002
3.800000 3.000000e+002
3.802000 3.000000e+002
3.804000 3.000000e+002
3.806000 3.000000e+002
3.808000 3.000000e+002
3.810000 3.000000e+002
3.812000 3.000000e+002
3.814000 3.000000e+002
3.816000 3.000000e+002
3.818000 3.000000e+002
3.820000 3.000000e+002
3.822000 3.000000e+002
3.824000 3.000000e+002
3.826000 3.000000e+002
3.828000 3.000000e+002
3.830000 3.000000e+002
3.832000 3.000000e+002
3.834000 3.000000e+002
3.836000 3.000000e+002
3.838000 3.000000e+002
3.840000 3.000000e+002
3.842000 3.000000e+002
3.844000 3.000000e+002
3.846000 3.000000e+002
3.848000 3.000000e+002
3.850000 3.000000e+002
3.852000 3.000000e+002
3.854000 3.000000e+002
3.856000 3.000000e+002
3.858000 3.000000e+002
3.860000 3.000000e+002
3.862000 3.000000e+002
3.864000 3.000000e+002
3.866000 3.000000e+002
3.868000 3.000000e+002
3.870000 3.000000e+002
3.872000 3.000000e+002
3.874000 3.000000e+002
3.876000 3.000000e+002
3.878000 3.000000e+002
3.880000 3.000000e+002
3.882000 3.000000e+002
3.884000 3.000000e+002
3.886000 3.000000e+002
3.888000 3.000000e+002
3.890000 3.000000e+002
3.892000 3.000000e+002
3.894000 3.000000e+002
3.896000 3.000000e+002
3.898000 3.000000e+002
3.900000 3.000000e+002
3.902000 3.000000e+002
3.904000 3.000000e+002
3.906000 3.000000e+002
3.908000 3.000000e+002
3.910000 3.000000e+002
3.912000 3.000000e+002
3.914000 3.000000e+002
3.916000 3.000000e+002
3.918000 3.000000e+002
3.920000 3.000000e+002
3.922000 3.000000e+002
3.924000 3.000000e+002
3.926000 3.000000e+002
3.928000 3.000000e+002
3.930000 3.000000e+002
3.932000 3.000000e+002
3.934000 3.000000e+002
3.936000 3.000000e+002
3.938000 3.000000e+002
3.940000 3.000000e+002
3.942000 3.000000e+002
3.944000 3.000000e+002
3.946000 3.000000e+002
3.948000 3.000000e+002
3.950000 3.000000e+002
3.952000 3.000000e+002
3.954000 3.000000e+002
3.956000 3.000000e+002
3.958000 3.000000e+002
3.960000 3.000000e+002
3.962000 3.000000e+002
3.964000 3.000000e+002
3.966000 3.000000e+002
3.968000 3.000000e+002
3.970000 3.000000e+002
3.972000 3.000000e+002
3.974000 3.000000e+002
3.976000 3.000000e+002
3.978000 3.000000e+002
3.980000 3.000000e+002
3.982000 3.000000e+002
3.984000 3.000000e+002
3.986000 3.000000e+002
3.988000 3.000000e+002
3.990000 3.000000e+002
3.992000 3.000000e+002
3.994000 3.000000e+002
3.996000 3.000000e+002
3.998000 3.000000e+002
