0.000000 3.465262e+002
0.002000 3.517092e+002
0.004000 3.568904e+002
0.006000 3.620696e+002
0.008000 3.672467e+002
0.010000 3.724215e+002
0.012000 3.775938e+002
0.014000 3.827633e+002
0.016000 3.879300e+002
0.018000 3.930936e+002
0.020000 3.982540e+002
0.022000 4.034110e+002
0.024000 4.085644e+002
0.026000 4.137140e+002
0.028000 4.188596e+002
0.030000 4.240011e+002
0.032000 4.291383e+002
0.034000 4.342710e+002
0.036000 4.393990e+002
0.038000 4.445222e+002
0.040000 4.496403e+002
0.042000 4.547532e+002
0.044000 4.598607e+002
0.046000 4.649627e+002
0.048000 4.700589e+002
0.050000 4.751492e+002
0.052000 4.802334e+002
0.054000 4.853113e+002
0.056000 4.903828e+002
0.058000 4.954477e+002
0.060000 5.005057e+002
0.062000 5.055568e+002
0.064000 5.106008e+002
0.066000 5.156374e+002
0.068000 5.206666e+002
0.070000 5.256881e+002
0.072000 5.307018e+002
0.074000 5.357075e+002
0.076000 5.407050e+002
0.078000 5.456942e+002
0.080000 5.506748e+002
0.082000 5.556468e+002
0.084000 5.606100e+002
0.086000 5.655641e+002
0.088000 5.705091e+002
0.090000 5.754447e+002
0.092000 5.803708e+002
0.094000 5.852872e+002
0.096000 5.901938e+002
0.098000 5.950904e+002
0.100000 5.999768e+002
0.102000 6.048530e+002
0.104000 6.097186e+002
0.106000 6.145736e+002
0.108000 6.194177e+002
0.110000 6.242510e+002
0.112000 6.290731e+002
0.114000 6.338839e+002
0.116000 6.386832e+002
0.118000 6.434710e+002
0.120000 6.482471e+002
0.122000 6.530112e+002
0.124000 6.577633e+002
0.126000 6.625031e+002
0.128000 6.672306e+002
0.130000 6.719456e+002
0.132000 6.766480e+002
0.134000 6.813375e+002
0.136000 6.860141e+002
0.138000 6.906775e+002
0.140000 6.953277e+002
0.142000 6.999645e+002
0.144000 7.045878e+002
0.146000 7.091973e+002
0.148000 7.137931e+002
0.150000 7.183748e+002
0.152000 7.229425e+002
0.154000 7.274959e+002
0.156000 7.320349e+002
0.158000 7.365593e+002
0.160000 7.410691e+002
0.162000 7.455640e+002
0.164000 7.500441e+002
0.166000 7.545090e+002
0.168000 7.589587e+002
0.170000 7.633931e+002
0.172000 7.678120e+002
0.174000 7.722153e+002
0.176000 7.766028e+002
0.178000 7.809745e+002
0.180000 7.853302e+002
0.182000 7.896697e+002
0.184000 7.939930e+002
0.186000 7.982999e+002
0.188000 8.025903e+002
0.190000 8.068641e+002
0.192000 8.111211e+002
0.194000 8.153613e+002
0.196000 8.195845e+002
0.198000 8.237906e+002
0.200000 8.279795e+002
0.202000 8.321510e+002
0.204000 8.363050e+002
0.206000 8.404415e+002
0.208000 8.445603e+002
0.210000 8.486614e+002
0.212000 8.527445e+002
0.214000 8.568095e+002
0.216000 8.608565e+002
0.218000 8.648852e+002
0.220000 8.688956e+002
0.222000 8.728875e+002
0.224000 8.768609e+002
0.226000 8.808156e+002
0.228000 8.847516e+002
0.230000 8.886687e+002
0.232000 8.925668e+002
0.234000 8.964459e+002
0.236000 9.003058e+002
0.238000 9.041465e+002
0.240000 9.079678e+002
0.242000 9.117696e+002
0.244000 9.155519e+002
0.246000 9.193146e+002
0.248000 9.230576e+002
0.250000 9.267807e+002
0.252000 9.304839e+002
0.254000 9.341672e+002
0.256000 9.378303e+002
0.258000 9.414733e+002
0.260000 9.450960e+002
0.262000 9.486984e+002
0.264000 9.522804e+002
0.266000 9.558419e+002
0.268000 9.593827e+002
0.270000 9.629030e+002
0.272000 9.664025e+002
0.274000 9.698811e+002
0.276000 9.733389e+002
0.278000 9.767757e+002
0.280000 9.801915e+002
0.282000 9.835862e+002
0.284000 9.869597e+002
0.286000 9.903119e+002
0.288000 9.936428e+002
0.290000 9.969523e+002
0.292000 1.000240e+003
0.294000 1.003507e+003
0.296000 1.006752e+003
0.298000 1.009975e+003
0.300000 1.013177e+003
0.302000 1.016356e+003
0.304000 1.019514e+003
0.306000 1.022650e+003
0.308000 1.025765e+003
0.310000 1.028857e+003
0.312000 1.031927e+003
0.314000 1.034975e+003
0.316000 1.038000e+003
0.318000 1.041004e+003
0.320000 1.043985e+003
0.322000 1.046944e+003
0.324000 1.049880e+003
0.326000 1.052794e+003
0.328000 1.055686e+003
0.330000 1.058555e+003
0.332000 1.061402e+003
0.334000 1.064226e+003
0.336000 1.067027e+003
0.338000 1.069805e+003
0.340000 1.072561e+003
0.342000 1.075294e+003
0.344000 1.078005e+003
0.346000 1.080692e+003
0.348000 1.083356e+003
0.350000 1.085998e+003
0.352000 1.088617e+003
0.354000 1.091212e+003
0.356000 1.093785e+003
0.358000 1.096334e+003
0.360000 1.098861e+003
0.362000 1.101364e+003
0.364000 1.103844e+003
0.366000 1.106301e+003
0.368000 1.108735e+003
0.370000 1.111146e+003
0.372000 1.113533e+003
0.374000 1.115897e+003
0.376000 1.118238e+003
0.378000 1.120556e+003
0.380000 1.122850e+003
0.382000 1.125121e+003
0.384000 1.127368e+003
0.386000 1.129592e+003
0.388000 1.131793e+003
0.390000 1.133970e+003
0.392000 1.136124e+003
0.394000 1.138254e+003
0.396000 1.140361e+003
0.398000 1.142445e+003
0.400000 1.144505e+003
0.402000 1.146541e+003
0.404000 1.148554e+003
0.406000 1.150544e+003
0.408000 1.152510e+003
0.410000 1.154452e+003
0.412000 1.156371e+003
0.414000 1.158267e+003
0.416000 1.160138e+003
0.418000 1.161987e+003
0.420000 1.163812e+003
0.422000 1.165613e+003
0.424000 1.167391e+003
0.426000 1.169145e+003
0.428000 1.170876e+003
0.430000 1.172583e+003
0.432000 1.174266e+003
0.434000 1.175927e+003
0.436000 1.177563e+003
0.438000 1.179176e+003
0.440000 1.180766e+003
0.442000 1.182332e+003
0.444000 1.183875e+003
0.446000 1.185394e+003
0.448000 1.186890e+003
0.450000 1.188362e+003
0.452000 1.189811e+003
0.454000 1.191236e+003
0.456000 1.192638e+003
0.458000 1.194017e+003
0.460000 1.195372e+003
0.462000 1.196704e+003
0.464000 1.198013e+003
0.466000 1.199298e+003
0.468000 1.200560e+003
0.470000 1.201799e+003
0.472000 1.203014e+003
0.474000 1.204206e+003
0.476000 1.205375e+003
0.478000 1.206521e+003
0.480000 1.207644e+003
0.482000 1.208743e+003
0.484000 1.209819e+003
0.486000 1.210873e+003
0.488000 1.211903e+003
0.490000 1.212910e+003
0.492000 1.213894e+003
0.494000 1.214855e+003
0.496000 1.215793e+003
0.498000 1.216708e+003
0.500000 1.217601e+003
0.502000 1.218470e+003
0.504000 1.219317e+003
0.506000 1.220141e+003
0.508000 1.220942e+003
0.510000 1.221720e+003
0.512000 1.222476e+003
0.514000 1.223209e+003
0.516000 1.223919e+003
0.518000 1.224607e+003
0.520000 1.225272e+003
0.522000 1.225915e+003
0.524000 1.226535e+003
0.526000 1.227133e+003
0.528000 1.227708e+003
0.530000 1.228262e+003
0.532000 1.228792e+003
0.534000 1.229301e+003
0.536000 1.229787e+003
0.538000 1.230251e+003
0.540000 1.230693e+003
0.542000 1.231113e+003
0.544000 1.231511e+003
0.546000 1.231887e+003
0.548000 1.232241e+003
0.550000 1.232573e+003
0.552000 1.232883e+003
0.554000 1.233171e+003
0.556000 1.233438e+003
0.558000 1.233683e+003
0.560000 1.233906e+003
0.562000 1.234108e+003
0.564000 1.234288e+003
0.566000 1.234446e+003
0.568000 1.234584e+003
0.570000 1.234699e+003
0.572000 1.234794e+003
0.574000 1.234867e+003
0.576000 1.234919e+003
0.578000 1.234949e+003
0.580000 1.234959e+003
0.582000 1.234948e+003
0.584000 1.234915e+003
0.586000 1.234862e+003
0.588000 1.234787e+003
0.590000 1.234692e+003
0.592000 1.234576e+003
0.594000 1.234440e+003
0.596000 1.234282e+003
0.598000 1.234104e+003
0.600000 1.233906e+003
0.602000 1.233687e+003
0.604000 1.233448e+003
0.606000 1.233188e+003
0.608000 1.232908e+003
0.610000 1.232608e+003
0.612000 1.232288e+003
0.614000 1.231947e+003
0.616000 1.231587e+003
0.618000 1.231207e+003
0.620000 1.230806e+003
0.622000 1.230386e+003
0.624000 1.229947e+003
0.626000 1.229487e+003
0.628000 1.229008e+003
0.630000 1.228509e+003
0.632000 1.227991e+003
0.634000 1.227454e+003
0.636000 1.226897e+003
0.638000 1.226321e+003
0.640000 1.225725e+003
0.642000 1.225111e+003
0.644000 1.224477e+003
0.646000 1.223825e+003
0.648000 1.223153e+003
0.650000 1.222463e+003
0.652000 1.221754e+003
0.654000 1.221026e+003
0.656000 1.220280e+003
0.658000 1.219515e+003
0.660000 1.218732e+003
0.662000 1.217930e+003
0.664000 1.217110e+003
0.666000 1.216272e+003
0.668000 1.215415e+003
0.670000 1.214541e+003
0.672000 1.213649e+003
0.674000 1.212738e+003
0.676000 1.211810e+003
0.678000 1.210864e+003
0.680000 1.209900e+003
0.682000 1.208919e+003
0.684000 1.207920e+003
0.686000 1.206904e+003
0.688000 1.205870e+003
0.690000 1.204820e+003
0.692000 1.203752e+003
0.694000 1.202666e+003
0.696000 1.201564e+003
0.698000 1.200445e+003
0.700000 1.199309e+003
0.702000 1.198156e+003
0.704000 1.196987e+003
0.706000 1.195801e+003
0.708000 1.194598e+003
0.710000 1.193379e+003
0.712000 1.192144e+003
0.714000 1.190892e+003
0.716000 1.189625e+003
0.718000 1.188341e+003
0.720000 1.187041e+003
0.722000 1.185725e+003
0.724000 1.184394e+003
0.726000 1.183046e+003
0.728000 1.181683e+003
0.730000 1.180305e+003
0.732000 1.178911e+003
0.734000 1.177502e+003
0.736000 1.176077e+003
0.738000 1.174637e+003
0.740000 1.173182e+003
0.742000 1.171712e+003
0.744000 1.170227e+003
0.746000 1.168728e+003
0.748000 1.167213e+003
0.750000 1.165684e+003
0.752000 1.164141e+003
0.754000 1.162582e+003
0.756000 1.161010e+003
0.758000 1.159423e+003
0.760000 1.157823e+003
0.762000 1.156208e+003
0.764000 1.154579e+003
0.766000 1.152936e+003
0.768000 1.151279e+003
0.770000 1.149609e+003
0.772000 1.147925e+003
0.774000 1.146228e+003
0.776000 1.144517e+003
0.778000 1.142793e+003
0.780000 1.141055e+003
0.782000 1.139305e+003
0.784000 1.137542e+003
0.786000 1.135765e+003
0.788000 1.133976e+003
0.790000 1.132174e+003
0.792000 1.130360e+003
0.794000 1.128533e+003
0.796000 1.126693e+003
0.798000 1.124841e+003
0.800000 1.122977e+003
0.802000 1.121101e+003
0.804000 1.119213e+003
0.806000 1.117313e+003
0.808000 1.115401e+003
0.810000 1.113478e+003
0.812000 1.111542e+003
0.814000 1.109596e+003
0.816000 1.107638e+003
0.818000 1.105668e+003
0.820000 1.103688e+003
0.822000 1.101696e+003
0.824000 1.099693e+003
0.826000 1.097679e+003
0.828000 1.095655e+003
0.830000 1.093620e+003
0.832000 1.091574e+003
0.834000 1.089518e+003
0.836000 1.087451e+003
0.838000 1.085375e+003
0.840000 1.083288e+003
0.842000 1.081190e+003
0.844000 1.079083e+003
0.846000 1.076967e+003
0.848000 1.074840e+003
0.850000 1.072704e+003
0.852000 1.070558e+003
0.854000 1.068402e+003
0.856000 1.066238e+003
0.858000 1.064064e+003
0.860000 1.061881e+003
0.862000 1.059689e+003
0.864000 1.057488e+003
0.866000 1.055279e+003
0.868000 1.053060e+003
0.870000 1.050833e+003
0.872000 1.048598e+003
0.874000 1.046354e+003
0.876000 1.044102e+003
0.878000 1.041842e+003
0.880000 1.039574e+003
0.882000 1.037298e+003
0.884000 1.035014e+003
0.886000 1.032722e+003
0.888000 1.030423e+003
0.890000 1.028116e+003
0.892000 1.025801e+003
0.894000 1.023480e+003
0.896000 1.021151e+003
0.898000 1.018815e+003
0.900000 1.016472e+003
0.902000 1.014123e+003
0.904000 1.011766e+003
0.906000 1.009403e+003
0.908000 1.007034e+003
0.910000 1.004658e+003
0.912000 1.002275e+003
0.914000 9.998866e+002
0.916000 9.974919e+002
0.918000 9.950912e+002
0.920000 9.926846e+002
0.922000 9.902723e+002
0.924000 9.878542e+002
0.926000 9.854306e+002
0.928000 9.830015e+002
0.930000 9.805671e+002
0.932000 9.781275e+002
0.934000 9.756826e+002
0.936000 9.732328e+002
0.938000 9.707781e+002
0.940000 9.683185e+002
0.942000 9.658543e+002
0.944000 9.633854e+002
0.946000 9.609120e+002
0.948000 9.584343e+002
0.950000 9.559523e+002
0.952000 9.534661e+002
0.954000 9.509759e+002
0.956000 9.484817e+002
0.958000 9.459837e+002
0.960000 9.434820e+002
0.962000 9.409766e+002
0.964000 9.384676e+002
0.966000 9.359553e+002
0.968000 9.334397e+002
0.970000 9.309208e+002
0.972000 9.283989e+002
0.974000 9.258739e+002
0.976000 9.233461e+002
0.978000 9.208155e+002
0.980000 9.182822e+002
0.982000 9.157463e+002
0.984000 9.132080e+002
0.986000 9.106673e+002
0.988000 9.081244e+002
0.990000 9.055793e+002
0.992000 9.030322e+002
0.994000 9.004831e+002
0.996000 8.979321e+002
0.998000 8.953795e+002
1.000000 8.928252e+002
1.002000 8.902694e+002
1.004000 8.877121e+002
1.006000 8.851536e+002
1.008000 8.825938e+002
1.010000 8.800329e+002
1.012000 8.774710e+002
1.014000 8.749081e+002
1.016000 8.723445e+002
1.018000 8.697801e+002
1.020000 8.672151e+002
1.022000 8.646497e+002
1.024000 8.620838e+002
1.026000 8.595176e+002
1.028000 8.569512e+002
1.030000 8.543846e+002
1.032000 8.518181e+002
1.034000 8.492516e+002
1.036000 8.466854e+002
1.038000 8.441194e+002
1.040000 8.415538e+002
1.042000 8.389886e+002
1.044000 8.364241e+002
1.046000 8.338602e+002
1.048000 8.312971e+002
1.050000 8.287348e+002
1.052000 8.261736e+002
1.054000 8.236133e+002
1.056000 8.210542e+002
1.058000 8.184964e+002
1.060000 8.159399e+002
1.062000 8.133848e+002
1.064000 8.108312e+002
1.066000 8.082793e+002
1.068000 8.057290e+002
1.070000 8.031806e+002
1.072000 8.006341e+002
1.074000 7.980895e+002
1.076000 7.955470e+002
1.078000 7.930067e+002
1.080000 7.904686e+002
1.082000 7.879329e+002
1.084000 7.853996e+002
1.086000 7.828688e+002
1.088000 7.803406e+002
1.090000 7.778152e+002
1.092000 7.752925e+002
1.094000 7.727726e+002
1.096000 7.702557e+002
1.098000 7.677419e+002
1.100000 7.652312e+002
1.102000 7.627237e+002
1.104000 7.602195e+002
1.106000 7.577186e+002
1.108000 7.552212e+002
1.110000 7.527274e+002
1.112000 7.502372e+002
1.114000 7.477506e+002
1.116000 7.452679e+002
1.118000 7.427890e+002
1.120000 7.403141e+002
1.122000 7.378432e+002
1.124000 7.353764e+002
1.126000 7.329137e+002
1.128000 7.304553e+002
1.130000 7.280013e+002
1.132000 7.255517e+002
1.134000 7.231065e+002
1.136000 7.206659e+002
1.138000 7.182300e+002
1.140000 7.157987e+002
1.142000 7.133722e+002
1.144000 7.109506e+002
1.146000 7.085339e+002
1.148000 7.061222e+002
1.150000 7.037156e+002
1.152000 7.013141e+002
1.154000 6.989179e+002
1.156000 6.965269e+002
1.158000 6.941412e+002
1.160000 6.917610e+002
1.162000 6.893862e+002
1.164000 6.870170e+002
1.166000 6.846534e+002
1.168000 6.822955e+002
1.170000 6.799434e+002
1.172000 6.775970e+002
1.174000 6.752565e+002
1.176000 6.729220e+002
1.178000 6.705934e+002
1.180000 6.682709e+002
1.182000 6.659545e+002
1.184000 6.636444e+002
1.186000 6.613404e+002
1.188000 6.590427e+002
1.190000 6.567514e+002
1.192000 6.544665e+002
1.194000 6.521881e+002
1.196000 6.499162e+002
1.198000 6.476509e+002
1.200000 6.453923e+002
1.202000 6.431403e+002
1.204000 6.408951e+002
1.206000 6.386566e+002
1.208000 6.364251e+002
1.210000 6.342004e+002
1.212000 6.319827e+002
1.214000 6.297720e+002
1.216000 6.275683e+002
1.218000 6.253717e+002
1.220000 6.231823e+002
1.222000 6.210001e+002
1.224000 6.188252e+002
1.226000 6.166575e+002
1.228000 6.144972e+002
1.230000 6.123442e+002
1.232000 6.101987e+002
1.234000 6.080606e+002
1.236000 6.059301e+002
1.238000 6.038071e+002
1.240000 6.016917e+002
1.242000 5.995839e+002
1.244000 5.974839e+002
1.246000 5.953915e+002
1.248000 5.933069e+002
1.250000 5.912301e+002
1.252000 5.891611e+002
1.254000 5.871000e+002
1.256000 5.850468e+002
1.258000 5.830015e+002
1.260000 5.809642e+002
1.262000 5.789349e+002
1.264000 5.769137e+002
1.266000 5.749005e+002
1.268000 5.728954e+002
1.270000 5.708985e+002
1.272000 5.689097e+002
1.274000 5.669291e+002
1.276000 5.649567e+002
1.278000 5.629926e+002
1.280000 5.610368e+002
1.282000 5.590893e+002
1.284000 5.571501e+002
1.286000 5.552193e+002
1.288000 5.532969e+002
1.290000 5.513828e+002
1.292000 5.494773e+002
1.294000 5.475801e+002
1.296000 5.456915e+002
1.298000 5.438113e+002
1.300000 5.419397e+002
1.302000 5.400766e+002
1.304000 5.382221e+002
1.306000 5.363761e+002
1.308000 5.345387e+002
1.310000 5.327100e+002
1.312000 5.308899e+002
1.314000 5.290785e+002
1.316000 5.272757e+002
1.318000 5.254816e+002
1.320000 5.236962e+002
1.322000 5.219195e+002
1.324000 5.201515e+002
1.326000 5.183923e+002
1.328000 5.166418e+002
1.330000 5.149001e+002
1.332000 5.131671e+002
1.334000 5.114429e+002
1.336000 5.097275e+002
1.338000 5.080209e+002
1.340000 5.063232e+002
1.342000 5.046342e+002
1.344000 5.029540e+002
1.346000 5.012827e+002
1.348000 4.996202e+002
1.350000 4.979666e+002
1.352000 4.963218e+002
1.354000 4.946858e+002
1.356000 4.930587e+002
1.358000 4.914405e+002
1.360000 4.898311e+002
1.362000 4.882305e+002
1.364000 4.866389e+002
1.366000 4.850560e+002
1.368000 4.834821e+002
1.370000 4.819170e+002
1.372000 4.803607e+002
1.374000 4.788134e+002
1.376000 4.772748e+002
1.378000 4.757451e+002
1.380000 4.742243e+002
1.382000 4.727123e+002
1.384000 4.712092e+002
1.386000 4.697149e+002
1.388000 4.682294e+002
1.390000 4.667527e+002
1.392000 4.652849e+002
1.394000 4.638258e+002
1.396000 4.623756e+002
1.398000 4.609341e+002
1.400000 4.595015e+002
1.402000 4.580776e+002
1.404000 4.566625e+002
1.406000 4.552561e+002
1.408000 4.538585e+002
1.410000 4.524696e+002
1.412000 4.510894e+002
1.414000 4.497180e+002
1.416000 4.483552e+002
1.418000 4.470012e+002
1.420000 4.456558e+002
1.422000 4.443190e+002
1.424000 4.429909e+002
1.426000 4.416715e+002
1.428000 4.403606e+002
1.430000 4.390584e+002
1.432000 4.377647e+002
1.434000 4.364796e+002
1.436000 4.352030e+002
1.438000 4.339350e+002
1.440000 4.326755e+002
1.442000 4.314244e+002
1.444000 4.301819e+002
1.446000 4.289478e+002
1.448000 4.277221e+002
1.450000 4.265049e+002
1.452000 4.252961e+002
1.454000 4.240956e+002
1.456000 4.229035e+002
1.458000 4.217197e+002
1.460000 4.205442e+002
1.462000 4.193771e+002
1.464000 4.182181e+002
1.466000 4.170675e+002
1.468000 4.159250e+002
1.470000 4.147908e+002
1.472000 4.136647e+002
1.474000 4.125468e+002
1.476000 4.114370e+002
1.478000 4.103353e+002
1.480000 4.092417e+002
1.482000 4.081561e+002
1.484000 4.070786e+002
1.486000 4.060090e+002
1.488000 4.049474e+002
1.490000 4.038938e+002
1.492000 4.028481e+002
1.494000 4.018102e+002
1.496000 4.007803e+002
1.498000 3.997581e+002
1.500000 3.987438e+002
1.502000 3.977373e+002
1.504000 3.967385e+002
1.506000 3.957474e+002
1.508000 3.947640e+002
1.510000 3.937883e+002
1.512000 3.928202e+002
1.514000 3.918597e+002
1.516000 3.909067e+002
1.518000 3.899613e+002
1.520000 3.890235e+002
1.522000 3.880931e+002
1.524000 3.871701e+002
1.526000 3.862546e+002
1.528000 3.853465e+002
1.530000 3.844457e+002
1.532000 3.835522e+002
1.534000 3.826660e+002
1.536000 3.817871e+002
1.538000 3.809154e+002
1.540000 3.800509e+002
1.542000 3.791935e+002
1.544000 3.783433e+002
1.546000 3.775002e+002
1.548000 3.766641e+002
1.550000 3.758351e+002
1.552000 3.750131e+002
1.554000 3.741980e+002
1.556000 3.733898e+002
1.558000 3.725885e+002
1.560000 3.717941e+002
1.562000 3.710065e+002
1.564000 3.702257e+002
1.566000 3.694517e+002
1.568000 3.686843e+002
1.570000 3.679237e+002
1.572000 3.671697e+002
1.574000 3.664223e+002
1.576000 3.656815e+002
1.578000 3.649472e+002
1.580000 3.642195e+002
1.582000 3.634982e+002
1.584000 3.627834e+002
1.586000 3.620749e+002
1.588000 3.613728e+002
1.590000 3.606771e+002
1.592000 3.599876e+002
1.594000 3.593045e+002
1.596000 3.586275e+002
1.598000 3.579567e+002
1.600000 3.572921e+002
1.602000 3.566335e+002
1.604000 3.559811e+002
1.606000 3.553347e+002
1.608000 3.546943e+002
1.610000 3.540599e+002
1.612000 3.534314e+002
1.614000 3.528088e+002
1.616000 3.521921e+002
1.618000 3.515812e+002
1.620000 3.509761e+002
1.622000 3.503767e+002
1.624000 3.497831e+002
1.626000 3.491951e+002
1.628000 3.486128e+002
1.630000 3.480360e+002
1.632000 3.474649e+002
1.634000 3.468993e+002
1.636000 3.463392e+002
1.638000 3.457845e+002
1.640000 3.452353e+002
1.642000 3.446914e+002
1.644000 3.441529e+002
1.646000 3.436198e+002
1.648000 3.430919e+002
1.650000 3.425692e+002
1.652000 3.420518e+002
1.654000 3.415395e+002
1.656000 3.410324e+002
1.658000 3.405303e+002
1.660000 3.400334e+002
1.662000 3.395414e+002
1.664000 3.390545e+002
1.666000 3.385725e+002
1.668000 3.380954e+002
1.670000 3.376232e+002
1.672000 3.371559e+002
1.674000 3.366933e+002
1.676000 3.362356e+002
1.678000 3.357826e+002
1.680000 3.353343e+002
1.682000 3.348906e+002
1.684000 3.344516e+002
1.686000 3.340173e+002
1.688000 3.335874e+002
1.690000 3.331621e+002
1.692000 3.327413e+002
1.694000 3.323250e+002
1.696000 3.319131e+002
1.698000 3.315056e+002
1.700000 3.311024e+002
1.702000 3.307036e+002
1.704000 3.303091e+002
1.706000 3.299188e+002
1.708000 3.295327e+002
1.710000 3.291509e+002
1.712000 3.287731e+002
1.714000 3.283995e+002
1.716000 3.280300e+002
1.718000 3.276646e+002
1.720000 3.273031e+002
1.722000 3.269457e+002
1.724000 3.265922e+002
1.726000 3.262426e+002
1.728000 3.258969e+002
1.730000 3.255551e+002
1.732000 3.252171e+002
1.734000 3.248829e+002
1.736000 3.245524e+002
1.738000 3.242257e+002
1.740000 3.239027e+002
1.742000 3.235833e+002
1.744000 3.232675e+002
1.746000 3.229554e+002
1.748000 3.226468e+002
1.750000 3.223418e+002
1.752000 3.220402e+002
1.754000 3.217422e+002
1.756000 3.214475e+002
1.758000 3.211563e+002
1.760000 3.208685e+002
1.762000 3.205840e+002
1.764000 3.203029e+002
1.766000 3.200250e+002
1.768000 3.197504e+002
1.770000 3.194790e+002
1.772000 3.192108e+002
1.774000 3.189458e+002
1.776000 3.186839e+002
1.778000 3.184252e+002
1.780000 3.181695e+002
1.782000 3.179169e+002
1.784000 3.176673e+002
1.786000 3.174207e+002
1.788000 3.171771e+002
1.790000 3.169364e+002
1.792000 3.166986e+002
1.794000 3.164637e+002
1.796000 3.162317e+002
1.798000 3.160025e+002
1.800000 3.157760e+002
1.802000 3.155524e+002
1.804000 3.153315e+002
1.806000 3.151133e+002
1.808000 3.148979e+002
1.810000 3.146851e+002
1.812000 3.144749e+002
1.814000 3.142673e+002
1.816000 3.140623e+002
1.818000 3.138599e+002
1.820000 3.136601e+002
1.822000 3.134627e+002
1.824000 3.132678e+002
1.826000 3.130754e+002
1.828000 3.128854e+002
1.830000 3.126978e+002
1.832000 3.125126e+002
1.834000 3.123297e+002
1.836000 3.121492e+002
1.838000 3.119710e+002
1.840000 3.117951e+002
1.842000 3.116215e+002
1.844000 3.114501e+002
1.846000 3.112809e+002
1.848000 3.111138e+002
1.850000 3.109490e+002
1.852000 3.107863e+002
1.854000 3.106257e+002
1.856000 3.104673e+002
1.858000 3.103109e+002
1.860000 3.101565e+002
1.862000 3.100042e+002
1.864000 3.098539e+002
1.866000 3.097056e+002
1.868000 3.095592e+002
1.870000 3.094148e+002
1.872000 3.092723e+002
1.874000 3.091317e+002
1.876000 3.089930e+002
1.878000 3.088562e+002
1.880000 3.087212e+002
1.882000 3.085880e+002
1.884000 3.084566e+002
1.886000 3.083270e+002
1.888000 3.081991e+002
1.890000 3.080730e+002
1.892000 3.079486e+002
1.894000 3.078259e+002
1.896000 3.077049e+002
1.898000 3.075855e+002
1.900000 3.074678e+002
1.902000 3.073517e+002
1.904000 3.072371e+002
1.906000 3.071242e+002
1.908000 3.070129e+002
1.910000 3.069031e+002
1.912000 3.067948e+002
1.914000 3.066880e+002
1.916000 3.065827e+002
1.918000 3.064789e+002
1.920000 3.063766e+002
1.922000 3.062757e+002
1.924000 3.061762e+002
1.926000 3.060781e+002
1.928000 3.059814e+002
1.930000 3.058861e+002
1.932000 3.057922e+002
1.934000 3.056995e+002
1.936000 3.056082e+002
1.938000 3.055183e+002
1.940000 3.054296e+002
1.942000 3.053421e+002
1.944000 3.052560e+002
1.946000 3.051711e+002
1.948000 3.050874e+002
1.950000 3.050049e+002
1.952000 3.049236e+002
1.954000 3.048435e+002
1.956000 3.047646e+002
1.958000 3.046868e+002
1.960000 3.046102e+002
1.962000 3.045347e+002
1.964000 3.044603e+002
1.966000 3.043870e+002
1.968000 3.043147e+002
1.970000 3.042436e+002
1.972000 3.041735e+002
1.974000 3.041044e+002
1.976000 3.040364e+002
1.978000 3.039694e+002
1.980000 3.039034e+002
1.982000 3.038384e+002
1.984000 3.037743e+002
1.986000 3.037113e+002
1.988000 3.036491e+002
1.990000 3.035879e+002
1.992000 3.035277e+002
1.994000 3.034683e+002
1.996000 3.034099e+002
1.998000 3.033523e+002
2.000000 3.032956e+002
2.002000 3.032398e+002
2.004000 3.031849e+002
2.006000 3.031307e+002
2.008000 3.030775e+002
2.010000 3.030250e+002
2.012000 3.029733e+002
2.014000 3.029225e+002
2.016000 3.028724e+002
2.018000 3.028231e+002
2.020000 3.027746e+002
2.022000 3.027268e+002
2.024000 3.026798e+002
2.026000 3.026335e+002
2.028000 3.025880e+002
2.030000 3.025431e+002
2.032000 3.024990e+002
2.034000 3.024556e+002
2.036000 3.024128e+002
2.038000 3.023707e+002
2.040000 3.023293e+002
2.042000 3.022886e+002
2.044000 3.022485e+002
2.046000 3.022090e+002
2.048000 3.021702e+002
2.050000 3.021320e+002
2.052000 3.020944e+002
2.054000 3.020574e+002
2.056000 3.020210e+002
2.058000 3.019852e+002
2.060000 3.019499e+002
2.062000 3.019153e+002
2.064000 3.018812e+002
2.066000 3.018476e+002
2.068000 3.018146e+002
2.070000 3.017822e+002
2.072000 3.017502e+002
2.074000 3.017188e+002
2.076000 3.016879e+002
2.078000 3.016576e+002
2.080000 3.016277e+002
2.082000 3.015983e+002
2.084000 3.015694e+002
2.086000 3.015410e+002
2.088000 3.015130e+002
2.090000 3.014855e+002
2.092000 3.014585e+002
2.094000 3.014319e+002
2.096000 3.014058e+002
2.098000 3.013801e+002
2.100000 3.013548e+002
2.102000 3.013300e+002
2.104000 3.013055e+002
2.106000 3.012815e+002
2.108000 3.012579e+002
2.110000 3.012347e+002
2.112000 3.012119e+002
2.114000 3.011895e+002
2.116000 3.011674e+002
2.118000 3.011457e+002
2.120000 3.011244e+002
2.122000 3.011035e+002
2.124000 3.010829e+002
2.126000 3.010627e+002
2.128000 3.010428e+002
2.130000 3.010233e+002
2.132000 3.010041e+002
2.134000 3.009852e+002
2.136000 3.009667e+002
2.138000 3.009485e+002
2.140000 3.009306e+002
2.142000 3.009130e+002
2.144000 3.008957e+002
2.146000 3.008787e+002
2.148000 3.008620e+002
2.150000 3.008457e+002
2.152000 3.008296e+002
2.154000 3.008137e+002
2.156000 3.007982e+002
2.158000 3.007829e+002
2.160000 3.007679e+002
2.162000 3.007532e+002
2.164000 3.007387e+002
2.166000 3.007245e+002
2.168000 3.007106e+002
2.170000 3.006968e+002
2.172000 3.006834e+002
2.174000 3.006702e+002
2.176000 3.006572e+002
2.178000 3.006444e+002
2.180000 3.006319e+002
2.182000 3.006196e+002
2.184000 3.006075e+002
2.186000 3.005956e+002
2.188000 3.005840e+002
2.190000 3.005726e+002
2.192000 3.005613e+002
2.194000 3.005503e+002
2.196000 3.005395e+002
2.198000 3.005289e+002
2.200000 3.005184e+002
2.202000 3.005082e+002
2.204000 3.004981e+002
2.206000 3.004883e+002
2.208000 3.004786e+002
2.210000 3.004691e+002
2.212000 3.004598e+002
2.214000 3.004506e+002
2.216000 3.004416e+002
2.218000 3.004328e+002
2.220000 3.004241e+002
2.222000 3.004156e+002
2.224000 3.004073e+002
2.226000 3.003991e+002
2.228000 3.003911e+002
2.230000 3.003832e+002
2.232000 3.003755e+002
2.234000 3.003679e+002
2.236000 3.003604e+002
2.238000 3.003531e+002
2.240000 3.003460e+002
2.242000 3.003390e+002
2.244000 3.003321e+002
2.246000 3.003253e+002
2.248000 3.003187e+002
2.250000 3.003121e+002
2.252000 3.003058e+002
2.254000 3.002995e+002
2.256000 3.002933e+002
2.258000 3.002873e+002
2.260000 3.002814e+002
2.262000 3.002756e+002
2.264000 3.002699e+002
2.266000 3.002644e+002
2.268000 3.002589e+002
2.270000 3.002535e+002
2.272000 3.002483e+002
2.274000 3.002431e+002
2.276000 3.002380e+002
2.278000 3.002331e+002
2.280000 3.002282e+002
2.282000 3.002235e+002
2.284000 3.002188e+002
2.286000 3.002142e+002
2.288000 3.002097e+002
2.290000 3.002053e+002
2.292000 3.002010e+002
2.294000 3.001968e+002
2.296000 3.001926e+002
2.298000 3.001885e+002
2.300000 3.001846e+002
2.302000 3.001807e+002
2.304000 3.001768e+002
2.306000 3.001731e+002
2.308000 3.001694e+002
2.310000 3.001658e+002
2.312000 3.001623e+002
2.314000 3.001588e+002
2.316000 3.001554e+002
2.318000 3.001521e+002
2.320000 3.001488e+002
2.322000 3.001456e+002
2.324000 3.001425e+002
2.326000 3.001394e+002
2.328000 3.001364e+002
2.330000 3.001335e+002
2.332000 3.001306e+002
2.334000 3.001278e+002
2.336000 3.001250e+002
2.338000 3.001223e+002
2.340000 3.001196e+002
2.342000 3.001170e+002
2.344000 3.001145e+002
2.346000 3.001120e+002
2.348000 3.001096e+002
2.350000 3.001072e+002
2.352000 3.001048e+002
2.354000 3.001025e+002
2.356000 3.001003e+002
2.358000 3.000981e+002
2.360000 3.000959e+002
2.362000 3.000938e+002
2.364000 3.000917e+002
2.366000 3.000897e+002
2.368000 3.000877e+002
2.370000 3.000858e+002
2.372000 3.000839e+002
2.374000 3.000820e+002
2.376000 3.000802e+002
2.378000 3.000784e+002
2.380000 3.000767e+002
2.382000 3.000749e+002
2.384000 3.000733e+002
2.386000 3.000716e+002
2.388000 3.000700e+002
2.390000 3.000685e+002
2.392000 3.000669e+002
2.394000 3.000654e+002
2.396000 3.000639e+002
2.398000 3.000625e+002
2.400000 3.000611e+002
2.402000 3.000597e+002
2.404000 3.000584e+002
2.406000 3.000570e+002
2.408000 3.000557e+002
2.410000 3.000545e+002
2.412000 3.000532e+002
2.414000 3.000520e+002
2.416000 3.000508e+002
2.418000 3.000497e+002
2.420000 3.000485e+002
2.422000 3.000474e+002
2.424000 3.000463e+002
2.426000 3.000453e+002
2.428000 3.000442e+002
2.430000 3.000432e+002
2.432000 3.000422e+002
2.434000 3.000413e+002
2.436000 3.000403e+002
2.438000 3.000394e+002
2.440000 3.000385e+002
2.442000 3.000376e+002
2.444000 3.000367e+002
2.446000 3.000358e+002
2.448000 3.000350e+002
2.450000 3.000342e+002
2.452000 3.000334e+002
2.454000 3.000326e+002
2.456000 3.000319e+002
2.458000 3.000311e+002
2.460000 3.000304e+002
2.462000 3.000297e+002
2.464000 3.000290e+002
2.466000 3.000283e+002
2.468000 3.000276e+002
2.470000 3.000270e+002
2.472000 3.000263e+002
2.474000 3.000257e+002
2.476000 3.000251e+002
2.478000 3.000245e+002
2.480000 3.000239e+002
2.482000 3.000234e+002
2.484000 3.000228e+002
2.486000 3.000223e+002
2.488000 3.000217e+002
2.490000 3.000212e+002
2.492000 3.000207e+002
2.494000 3.000202e+002
2.496000 3.000197e+002
2.498000 3.000193e+002
2.500000 3.000188e+002
2.502000 3.000183e+002
2.504000 3.000179e+002
2.506000 3.000175e+002
2.508000 3.000170e+002
2.510000 3.000166e+002
2.512000 3.000162e+002
2.514000 3.000158e+002
2.516000 3.000155e+002
2.518000 3.000151e+002
2.520000 3.000147e+002
2.522000 3.000144e+002
2.524000 3.000140e+002
2.526000 3.000137e+002
2.528000 3.000133e+002
2.530000 3.000130e+002
2.532000 3.000127e+002
2.534000 3.000124e+002
2.536000 3.000121e+002
2.538000 3.000118e+002
2.540000 3.000115e+002
2.542000 3.000112e+002
2.544000 3.000109e+002
2.546000 3.000107e+002
2.548000 3.000104e+002
2.550000 3.000101e+002
2.552000 3.000099e+002
2.554000 3.000096e+002
2.556000 3.000094e+002
2.558000 3.000092e+002
2.560000 3.000089e+002
2.562000 3.000087e+002
2.564000 3.000085e+002
2.566000 3.000083e+002
2.568000 3.000081e+002
2.570000 3.000079e+002
2.572000 3.000077e+002
2.574000 3.000075e+002
2.576000 3.000073e+002
2.578000 3.000071e+002
2.580000 3.000069e+002
2.582000 3.000068e+002
2.584000 3.000066e+002
2.586000 3.000064e+002
2.588000 3.000063e+002
2.590000 3.000061e+002
2.592000 3.000060e+002
2.594000 3.000058e+002
2.596000 3.000057e+002
2.598000 3.000055e+002
2.600000 3.000054e+002
2.602000 3.000052e+002
2.604000 3.000051e+002
2.606000 3.000050e+002
2.608000 3.000048e+002
2.610000 3.000047e+002
2.612000 3.000046e+002
2.614000 3.000045e+002
2.616000 3.000044e+002
2.618000 3.000043e+002
2.620000 3.000041e+002
2.622000 3.000040e+002
2.624000 3.000039e+002
2.626000 3.000038e+002
2.628000 3.000037e+002
2.630000 3.000036e+002
2.632000 3.000035e+002
2.634000 3.000035e+002
2.636000 3.000034e+002
2.638000 3.000033e+002
2.640000 3.000032e+002
2.642000 3.000031e+002
2.644000 3.000030e+002
2.646000 3.000029e+002
2.648000 3.000029e+002
2.650000 3.000028e+002
2.652000 3.000027e+002
2.654000 3.000026e+002
2.656000 3.000026e+002
2.658000 3.000025e+002
2.660000 3.000024e+002
2.662000 3.000024e+002
2.664000 3.000023e+002
2.666000 3.000023e+002
2.668000 3.000022e+002
2.670000 3.000021e+002
2.672000 3.000021e+002
2.674000 3.000020e+002
2.676000 3.000020e+002
2.678000 3.000019e+002
2.680000 3.000019e+002
2.682000 3.000018e+002
2.684000 3.000018e+002
2.686000 3.000017e+002
2.688000 3.000017e+002
2.690000 3.000016e+002
2.692000 3.000016e+002
2.694000 3.000015e+002
2.696000 3.000015e+002
2.698000 3.000015e+002
2.700000 3.000014e+002
2.702000 3.000014e+002
2.704000 3.000014e+002
2.706000 3.000013e+002
2.708000 3.000013e+002
2.710000 3.000012e+002
2.712000 3.000012e+002
2.714000 3.000012e+002
2.716000 3.000011e+002
2.718000 3.000011e+002
2.720000 3.000011e+002
2.722000 3.000011e+002
2.724000 3.000010e+002
2.726000 3.000010e+002
2.728000 3.000010e+002
2.730000 3.000009e+002
2.732000 3.000009e+002
2.734000 3.000009e+002
2.736000 3.000009e+002
2.738000 3.000008e+002
2.740000 3.000008e+002
2.742000 3.000008e+002
2.744000 3.000008e+002
2.746000 3.000008e+002
2.748000 3.000007e+002
2.750000 3.000007e+002
2.752000 3.000007e+002
2.754000 3.000007e+002
2.756000 3.000007e+002
2.758000 3.000006e+002
2.760000 3.000006e+002
2.762000 3.000006e+002
2.764000 3.000006e+002
2.766000 3.000006e+002
2.768000 3.000006e+002
2.770000 3.000005e+002
2.772000 3.000005e+002
2.774000 3.000005e+002
2.776000 3.000005e+002
2.778000 3.000005e+002
2.780000 3.000005e+002
2.782000 3.000005e+002
2.784000 3.000004e+002
2.786000 3.000004e+002
2.788000 3.000004e+002
2.790000 3.000004e+002
2.792000 3.000004e+002
2.794000 3.000004e+002
2.796000 3.000004e+002
2.798000 3.000004e+002
2.800000 3.000004e+002
2.802000 3.000003e+002
2.804000 3.000003e+002
2.806000 3.000003e+002
2.808000 3.000003e+002
2.810000 3.000003e+002
2.812000 3.000003e+002
2.814000 3.000003e+002
2.816000 3.000003e+002
2.818000 3.000003e+002
2.820000 3.000003e+002
2.822000 3.000003e+002
2.824000 3.000002e+002
2.826000 3.000002e+002
2.828000 3.000002e+002
2.830000 3.000002e+002
2.832000 3.000002e+002
2.834000 3.000002e+002
2.836000 3.000002e+002
2.838000 3.000002e+002
2.840000 3.000002e+002
2.842000 3.000002e+002
2.844000 3.000002e+002
2.846000 3.000002e+002
2.848000 3.000002e+002
2.850000 3.000002e+002
2.852000 3.000002e+002
2.854000 3.000002e+002
2.856000 3.000002e+002
2.858000 3.000002e+002
2.860000 3.000001e+002
2.862000 3.000001e+002
2.864000 3.000001e+002
2.866000 3.000001e+002
2.868000 3.000001e+002
2.870000 3.000001e+002
2.872000 3.000001e+002
2.874000 3.000001e+002
2.876000 3.000001e+002
2.878000 3.000001e+002
2.880000 3.000001e+002
2.882000 3.000001e+002
2.884000 3.000001e+002
2.886000 3.000001e+002
2.888000 3.000001e+002
2.890000 3.000001e+002
2.892000 3.000001e+002
2.894000 3.000001e+002
2.896000 3.000001e+002
2.898000 3.000001e+002
2.900000 3.000001e+002
2.902000 3.000001e+002
2.904000 3.000001e+002
2.906000 3.000001e+002
2.908000 3.000001e+002
2.910000 3.000001e+002
2.912000 3.000001e+002
2.914000 3.000001e+002
2.916000 3.000001e+002
2.918000 3.000001e+002
2.920000 3.000001e+002
2.922000 3.000001e+002
2.924000 3.000001e+002
2.926000 3.000001e+002
2.928000 3.000001e+002
2.930000 3.000001e+002
2.932000 3.000000e+002
2.934000 3.000000e+002
2.936000 3.000000e+002
2.938000 3.000000e+002
2.940000 3.000000e+002
2.942000 3.000000e+002
2.944000 3.000000e+002
2.946000 3.000000e+002
2.948000 3.000000e+002
2.950000 3.000000e+002
2.952000 3.000000e+002
2.954000 3.000000e+002
2.956000 3.000000e+002
2.958000 3.000000e+002
2.960000 3.000000e+002
2.962000 3.000000e+002
2.964000 3.000000e+002
2.966000 3.000000e+002
2.968000 3.000000e+002
2.970000 3.000000e+002
2.972000 3.000000e+002
2.974000 3.000000e+002
2.976000 3.000000e+002
2.978000 3.000000e+002
2.980000 3.000000e+002
2.982000 3.000000e+002
2.984000 3.000000e+002
2.986000 3.000000e+002
2.988000 3.000000e+002
2.990000 3.000000e+002
2.992000 3.000000e+002
2.994000 3.000000e+002
2.996000 3.000000e+002
2.998000 3.000000e+002
3.000000 3.000000e+002
3.002000 3.000000e+002
3.004000 3.000000e+002
3.006000 3.000000e+002
3.008000 3.000000e+002
3.010000 3.000000e+002
3.012000 3.000000e+002
3.014000 3.000000e+002
3.016000 3.000000e+002
3.018000 3.000000e+002
3.020000 3.000000e+002
3.022000 3.000000e+002
3.024000 3.000000e+002
3.026000 3.000000e+002
3.028000 3.000000e+002
3.030000 3.000000e+002
3.032000 3.000000e+002
3.034000 3.000000e+002
3.036000 3.000000e+002
3.038000 3.000000e+002
3.040000 3.000000e+002
3.042000 3.000000e+002
3.044000 3.000000e+002
3.046000 3.000000e+002
3.048000 3.000000e+002
3.050000 3.000000e+002
3.052000 3.000000e+002
3.054000 3.000000e+002
3.056000 3.000000e+002
3.058000 3.000000e+002
3.060000 3.000000e+002
3.062000 3.000000e+002
3.064000 3.000000e+002
3.066000 3.000000e+002
3.068000 3.000000e+002
3.070000 3.000000e+002
3.072000 3.000000e+002
3.074000 3.000000e+002
3.076000 3.000000e+002
3.078000 3.000000e+002
3.080000 3.000000e+002
3.082000 3.000000e+002
3.084000 3.000000e+002
3.086000 3.000000e+002
3.088000 3.000000e+002
3.090000 3.000000e+002
3.092000 3.000000e+002
3.094000 3.000000e+002
3.096000 3.000000e+002
3.098000 3.000000e+002
3.100000 3.000000e+002
3.102000 3.000000e+002
3.104000 3.000000e+002
3.106000 3.000000e+002
3.108000 3.000000e+002
3.110000 3.000000e+002
3.112000 3.000000e+002
3.114000 3.000000e+002
3.116000 3.000000e+002
3.118000 3.000000e+002
3.120000 3.000000e+002
3.122000 3.000000e+002
3.124000 3.000000e+002
3.126000 3.000000e+002
3.128000 3.000000e+002
3.130000 3.000000e+002
3.132000 3.000000e+002
3.134000 3.000000e+002
3.136000 3.000000e+002
3.138000 3.000000e+002
3.140000 3.000000e+002
3.142000 3.000000e+002
3.144000 3.000000e+002
3.146000 3.000000e+002
3.148000 3.000000e+002
3.150000 3.000000e+002
3.152000 3.000000e+002
3.154000 3.000000e+002
3.156000 3.000000e+002
3.158000 3.000000e+002
3.160000 3.000000e+002
3.162000 3.000000e+002
3.164000 3.000000e+002
3.166000 3.000000e+002
3.168000 3.000000e+002
3.170000 3.000000e+002
3.172000 3.000000e+002
3.174000 3.000000e+002
3.176000 3.000000e+002
3.178000 3.000000e+002
3.180000 3.000000e+002
3.182000 3.000000e+002
3.184000 3.000000e+002
3.186000 3.000000e+002
3.188000 3.000000e+002
3.190000 3.000000e+002
3.192000 3.000000e+002
3.194000 3.000000e+002
3.196000 3.000000e+002
3.198000 3.000000e+002
3.200000 3.000000e+002
3.202000 3.000000e+002
3.204000 3.000000e+002
3.206000 3.000000e+002
3.208000 3.000000e+002
3.210000 3.000000e+002
3.212000 3.000000e+002
3.214000 3.000000e+002
3.216000 3.000000e+002
3.218000 3.000000e+002
3.220000 3.000000e+002
3.222000 3.000000e+002
3.224000 3.000000e+002
3.226000 3.000000e+002
3.228000 3.000000e+002
3.230000 3.000000e+002
3.232000 3.000000e+002
3.234000 3.000000e+002
3.236000 3.000000e+002
3.238000 3.000000e+002
3.240000 3.000000e+002
3.242000 3.000000e+002
3.244000 3.000000e+002
3.246000 3.000000e+002
3.248000 3.000000e+002
3.250000 3.000000e+002
3.252000 3.000000e+002
3.254000 3.000000e+002
3.256000 3.000000e+002
3.258000 3.000000e+002
3.260000 3.000000e+002
3.262000 3.000000e+002
3.264000 3.000000e+002
3.266000 3.000000e+002
3.268000 3.000000e+002
3.270000 3.000000e+002
3.272000 3.000000e+002
3.274000 3.000000e+002
3.276000 3.000000e+002
3.278000 3.000000e+002
3.280000 3.000000e+002
3.282000 3.000000e+002
3.284000 3.000000e+002
3.286000 3.000000e+002
3.288000 3.000000e+002
3.290000 3.000000e+002
3.292000 3.000000e+002
3.294000 3.000000e+002
3.296000 3.000000e+002
3.298000 3.000000e+002
3.300000 3.000000e+002
3.302000 3.000000e+002
3.304000 3.000000e+002
3.306000 3.000000e+002
3.308000 3.000000e+002
3.310000 3.000000e+002
3.312000 3.000000e+002
3.314000 3.000000e+002
3.316000 3.000000e+002
3.318000 3.000000e+002
3.320000 3.000000e+002
3.322000 3.000000e+002
3.324000 3.000000e+002
3.326000 3.000000e+002
3.328000 3.000000e+002
3.330000 3.000000e+002
3.332000 3.000000e+002
3.334000 3.000000e+002
3.336000 3.000000e+002
3.338000 3.000000e+002
3.340000 3.000000e+002
3.342000 3.000000e+002
3.344000 3.000000e+002
3.346000 3.000000e+002
3.348000 3.000000e+002
3.350000 3.000000e+002
3.352000 3.000000e+002
3.354000 3.000000e+002
3.356000 3.000000e+002
3.358000 3.000000e+002
3.360000 3.000000e+002
3.362000 3.000000e+002
3.364000 3.000000e+002
3.366000 3.000000e+002
3.368000 3.000000e+002
3.370000 3.000000e+002
3.372000 3.000000e+002
3.374000 3.000000e+002
3.376000 3.000000e+002
3.378000 3.000000e+002
3.380000 3.000000e+002
3.382000 3.000000e+002
3.384000 3.000000e+002
3.386000 3.000000e+002
3.388000 3.000000e+002
3.390000 3.000000e+002
3.392000 3.000000e+002
3.394000 3.000000e+002
3.396000 3.000000e+002
3.398000 3.000000e+002
3.400000 3.000000e+002
3.402000 3.000000e+002
3.404000 3.000000e+002
3.406000 3.000000e+002
3.408000 3.000000e+002
3.410000 3.000000e+002
3.412000 3.000000e+002
3.414000 3.000000e+002
3.416000 3.000000e+002
3.418000 3.000000e+002
3.420000 3.000000e+002
3.422000 3.000000e+002
3.424000 3.000000e+002
3.426000 3.000000e+002
3.428000 3.000000e+002
3.430000 3.000000e+002
3.432000 3.000000e+002
3.434000 3.000000e+002
3.436000 3.000000e+002
3.438000 3.000000e+002
3.440000 3.000000e+002
3.442000 3.000000e+002
3.444000 3.000000e+002
3.446000 3.000000e+002
3.448000 3.000000e+002
3.450000 3.000000e+002
3.452000 3.000000e+002
3.454000 3.000000e+002
3.456000 3.000000e+002
3.458000 3.000000e+002
3.460000 3.000000e+002
3.462000 3.000000e+002
3.464000 3.000000e+002
3.466000 3.000000e+002
3.468000 3.000000e+002
3.470000 3.000000e+002
3.472000 3.000000e+002
3.474000 3.000000e+002
3.476000 3.000000e+002
3.478000 3.000000e+002
3.480000 3.000000e+002
3.482000 3.000000e+002
3.484000 3.000000e+002
3.486000 3.000000e+002
3.488000 3.000000e+002
3.490000 3.000000e+002
3.492000 3.000000e+002
3.494000 3.000000e+002
3.496000 3.000000e+002
3.498000 3.000000e+002
3.500000 3.000000e+002
3.502000 3.000000e+002
3.504000 3.000000e+002
3.506000 3.000000e+002
3.508000 3.000000e+002
3.510000 3.000000e+002
3.512000 3.000000e+002
3.514000 3.000000e+002
3.516000 3.000000e+002
3.518000 3.000000e+002
3.520000 3.000000e+002
3.522000 3.000000e+002
3.524000 3.000000e+002
3.526000 3.000000e+002
3.528000 3.000000e+002
3.530000 3.000000e+002
3.532000 3.000000e+002
3.534000 3.000000e+002
3.536000 3.000000e+002
3.538000 3.000000e+002
3.540000 3.000000e+002
3.542000 3.000000e+002
3.544000 3.000000e+002
3.546000 3.000000e+002
3.548000 3.000000e+002
3.550000 3.000000e+002
3.552000 3.000000e+002
3.554000 3.000000e+002
3.556000 3.000000e+002
3.558000 3.000000e+002
3.560000 3.000000e+002
3.562000 3.000000e+002
3.564000 3.000000e+002
3.566000 3.000000e+002
3.568000 3.000000e+002
3.570000 3.000000e+002
3.572000 3.000000e+002
3.574000 3.000000e+002
3.576000 3.000000e+002
3.578000 3.000000e+002
3.580000 3.000000e+002
3.582000 3.000000e+002
3.584000 3.000000e+002
3.586000 3.000000e+002
3.588000 3.000000e+002
3.590000 3.000000e+002
3.592000 3.000000e+002
3.594000 3.000000e+002
3.596000 3.000000e+002
3.598000 3.000000e+002
3.600000 3.000000e+002
3.602000 3.000000e+002
3.604000 3.000000e+002
3.606000 3.000000e+002
3.608000 3.000000e+002
3.610000 3.000000e+002
3.612000 3.000000e+002
3.614000 3.000000e+002
3.616000 3.000000e+002
3.618000 3.000000e+002
3.620000 3.000000e+002
3.622000 3.000000e+002
3.624000 3.000000e+002
3.626000 3.000000e+002
3.628000 3.000000e+002
3.630000 3.000000e+002
3.632000 3.000000e+002
3.634000 3.000000e+002
3.636000 3.000000e+002
3.638000 3.000000e+002
3.640000 3.000000e+002
3.642000 3.000000e+002
3.644000 3.000000e+002
3.646000 3.000000e+002
3.648000 3.000000e+002
3.650000 3.000000e+002
3.652000 3.000000e+002
3.654000 3.000000e+002
3.656000 3.000000e+002
3.658000 3.000000e+002
3.660000 3.000000e+002
3.662000 3.000000e+002
3.664000 3.000000e+002
3.666000 3.000000e+002
3.668000 3.000000e+002
3.670000 3.000000e+002
3.672000 3.000000e+002
3.674000 3.000000e+002
3.676000 3.000000e+002
3.678000 3.000000e+002
3.680000 3.000000e+002
3.682000 3.000000e+002
3.684000 3.000000e+002
3.686000 3.000000e+002
3.688000 3.000000e+002
3.690000 3.000000e+002
3.692000 3.000000e+002
3.694000 3.000000e+002
3.696000 3.000000e+002
3.698000 3.000000e+002
3.700000 3.000000e+002
3.702000 3.000000e+002
3.704000 3.000000e+002
3.706000 3.000000e+002
3.708000 3.000000e+002
3.710000 3.000000e+002
3.712000 3.000000e+002
3.714000 3.000000e+002
3.716000 3.000000e+002
3.718000 3.000000e+002
3.720000 3.000000e+002
3.722000 3.000000e+002
3.724000 3.000000e+002
3.726000 3.000000e+002
3.728000 3.000000e+002
3.730000 3.000000e+002
3.732000 3.000000e+002
3.734000 3.000000e+002
3.736000 3.000000e+002
3.738000 3.000000e+002
3.740000 3.000000e+002
3.742000 3.000000e+002
3.744000 3.000000e+002
3.746000 3.000000e+002
3.748000 3.000000e+002
3.750000 3.000000e+002
3.752000 3.000000e+002
3.754000 3.000000e+002
3.756000 3.000000e+002
3.758000 3.000000e+002
3.760000 3.000000e+002
3.762000 3.000000e+002
3.764000 3.000000e+002
3.766000 3.000000e+002
3.768000 3.000000e+002
3.770000 3.000000e+002
3.772000 3.000000e+002
3.774000 3.000000e+002
3.776000 3.000000e+002
3.778000 3.000000e+002
3.780000 3.000000e+002
3.782000 3.000000e+002
3.784000 3.000000e+002
3.786000 3.000000e+002
3.788000 3.000000e+002
3.790000 3.000000e+002
3.792000 3.000000e+002
3.794000 3.000000e+002
3.796000 3.000000e+002
3.798000 3.000000e+002
3.800000 3.000000e+002
3.802000 3.000000e+002
3.804000 3.000000e+002
3.806000 3.000000e+002
3.808000 3.000000e+002
3.810000 3.000000e+002
3.812000 3.000000e+002
3.814000 3.000000e+002
3.816000 3.000000e+002
3.818000 3.000000e+002
3.820000 3.000000e+002
3.822000 3.000000e+002
3.824000 3.000000e+002
3.826000 3.000000e+002
3.828000 3.000000e+002
3.830000 3.000000e+002
3.832000 3.000000e+002
3.834000 3.000000e+002
3.836000 3.000000e+002
3.838000 3.000000e+002
3.840000 3.000000e+002
3.842000 3.000000e+002
3.844000 3.000000e+002
3.846000 3.000000e+002
3.848000 3.000000e+002
3.850000 3.000000e+002
3.852000 3.000000e+002
3.854000 3.000000e+002
3.856000 3.000000e+002
3.858000 3.000000e+002
3.860000 3.000000e+002
3.862000 3.000000e+002
3.864000 3.000000e+002
3.866000 3.000000e+002
3.868000 3.000000e+002
3.870000 3.000000e+002
3.872000 3.000000e+002
3.874000 3.000000e+002
3.876000 3.000000e+002
3.878000 3.000000e+002
3.880000 3.000000e+002
3.882000 3.000000e+002
3.884000 3.000000e+002
3.886000 3.000000e+002
3.888000 3.000000e+002
3.890000 3.000000e+002
3.892000 3.000000e+002
3.894000 3.000000e+002
3.896000 3.000000e+002
3.898000 3.000000e+002
3.900000 3.000000e+002
3.902000 3.000000e+002
3.904000 3.000000e+002
3.906000 3.000000e+002
3.908000 3.000000e+002
3.910000 3.000000e+002
3.912000 3.000000e+002
3.914000 3.000000e+002
3.916000 3.000000e+002
3.918000 3.000000e+002
3.920000 3.000000e+002
3.922000 3.000000e+002
3.924000 3.000000e+002
3.926000 3.000000e+002
3.928000 3.000000e+002
3.930000 3.000000e+002
3.932000 3.000000e+002
3.934000 3.000000e+002
3.936000 3.000000e+002
3.938000 3.000000e+002
3.940000 3.000000e+002
3.942000 3.000000e+002
3.944000 3.000000e+002
3.946000 3.000000e+002
3.948000 3.000000e+002
3.950000 3.000000e+002
3.952000 3.000000e+002
3.954000 3.000000e+002
3.956000 3.000000e+002
3.958000 3.000000e+002
3.960000 3.000000e+002
3.962000 3.000000e+002
3.964000 3.000000e+002
3.966000 3.000000e+002
3.968000 3.000000e+002
3.970000 3.000000e+002
3.972000 3.000000e+002
3.974000 3.000000e+002
3.976000 3.000000e+002
3.978000 3.000000e+002
3.980000 3.000000e+002
3.982000 3.000000e+002
3.984000 3.000000e+002
3.986000 3.000000e+002
3.988000 3.000000e+002
3.990000 3.000000e+002
3.992000 3.000000e+002
3.994000 3.000000e+002
3.996000 3.000000e+002
3.998000 3.000000e+002
