0.000000 3.176255e+002
0.002000 3.195625e+002
0.004000 3.214991e+002
0.006000 3.234353e+002
0.008000 3.253710e+002
0.010000 3.273063e+002
0.012000 3.292412e+002
0.014000 3.311754e+002
0.016000 3.331092e+002
0.018000 3.350423e+002
0.020000 3.369747e+002
0.022000 3.389065e+002
0.024000 3.408376e+002
0.026000 3.427680e+002
0.028000 3.446975e+002
0.030000 3.466263e+002
0.032000 3.485542e+002
0.034000 3.504812e+002
0.036000 3.524073e+002
0.038000 3.543325e+002
0.040000 3.562566e+002
0.042000 3.581797e+002
0.044000 3.601018e+002
0.046000 3.620228e+002
0.048000 3.639426e+002
0.050000 3.658613e+002
0.052000 3.677788e+002
0.054000 3.696950e+002
0.056000 3.716100e+002
0.058000 3.735236e+002
0.060000 3.754360e+002
0.062000 3.773469e+002
0.064000 3.792565e+002
0.066000 3.811646e+002
0.068000 3.830712e+002
0.070000 3.849763e+002
0.072000 3.868799e+002
0.074000 3.887819e+002
0.076000 3.906822e+002
0.078000 3.925810e+002
0.080000 3.944780e+002
0.082000 3.963733e+002
0.084000 3.982669e+002
0.086000 4.001586e+002
0.088000 4.020486e+002
0.090000 4.039367e+002
0.092000 4.058229e+002
0.094000 4.077072e+002
0.096000 4.095895e+002
0.098000 4.114699e+002
0.100000 4.133482e+002
0.102000 4.152244e+002
0.104000 4.170986e+002
0.106000 4.189707e+002
0.108000 4.208405e+002
0.110000 4.227082e+002
0.112000 4.245737e+002
0.114000 4.264369e+002
0.116000 4.282978e+002
0.118000 4.301564e+002
0.120000 4.320126e+002
0.122000 4.338665e+002
0.124000 4.357179e+002
0.126000 4.375668e+002
0.128000 4.394133e+002
0.130000 4.412573e+002
0.132000 4.430986e+002
0.134000 4.449374e+002
0.136000 4.467736e+002
0.138000 4.486071e+002
0.140000 4.504380e+002
0.142000 4.522661e+002
0.144000 4.540915e+002
0.146000 4.559141e+002
0.148000 4.577339e+002
0.150000 4.595508e+002
0.152000 4.613648e+002
0.154000 4.631760e+002
0.156000 4.649842e+002
0.158000 4.667894e+002
0.160000 4.685916e+002
0.162000 4.703908e+002
0.164000 4.721869e+002
0.166000 4.739800e+002
0.168000 4.757698e+002
0.170000 4.775566e+002
0.172000 4.793401e+002
0.174000 4.811204e+002
0.176000 4.828975e+002
0.178000 4.846713e+002
0.180000 4.864417e+002
0.182000 4.882088e+002
0.184000 4.899726e+002
0.186000 4.917329e+002
0.188000 4.934898e+002
0.190000 4.952432e+002
0.192000 4.969932e+002
0.194000 4.987396e+002
0.196000 5.004824e+002
0.198000 5.022217e+002
0.200000 5.039573e+002
0.202000 5.056893e+002
0.204000 5.074176e+002
0.206000 5.091423e+002
0.208000 5.108632e+002
0.210000 5.125803e+002
0.212000 5.142936e+002
0.214000 5.160031e+002
0.216000 5.177088e+002
0.218000 5.194106e+002
0.220000 5.211085e+002
0.222000 5.228024e+002
0.224000 5.244924e+002
0.226000 5.261784e+002
0.228000 5.278604e+002
0.230000 5.295383e+002
0.232000 5.312121e+002
0.234000 5.328819e+002
0.236000 5.345475e+002
0.238000 5.362090e+002
0.240000 5.378662e+002
0.242000 5.395193e+002
0.244000 5.411681e+002
0.246000 5.428127e+002
0.248000 5.444530e+002
0.250000 5.460889e+002
0.252000 5.477205e+002
0.254000 5.493477e+002
0.256000 5.509705e+002
0.258000 5.525889e+002
0.260000 5.542029e+002
0.262000 5.558124e+002
0.264000 5.574173e+002
0.266000 5.590178e+002
0.268000 5.606137e+002
0.270000 5.622050e+002
0.272000 5.637917e+002
0.274000 5.653737e+002
0.276000 5.669511e+002
0.278000 5.685239e+002
0.280000 5.700919e+002
0.282000 5.716552e+002
0.284000 5.732137e+002
0.286000 5.747675e+002
0.288000 5.763164e+002
0.290000 5.778605e+002
0.292000 5.793998e+002
0.294000 5.809342e+002
0.296000 5.824637e+002
0.298000 5.839883e+002
0.300000 5.855079e+002
0.302000 5.870226e+002
0.304000 5.885322e+002
0.306000 5.900369e+002
0.308000 5.915365e+002
0.310000 5.930311e+002
0.312000 5.945205e+002
0.314000 5.960049e+002
0.316000 5.974841e+002
0.318000 5.989582e+002
0.320000 6.004271e+002
0.322000 6.018908e+002
0.324000 6.033493e+002
0.326000 6.048026e+002
0.328000 6.062506e+002
0.330000 6.076933e+002
0.332000 6.091307e+002
0.334000 6.105628e+002
0.336000 6.119895e+002
0.338000 6.134109e+002
0.340000 6.148269e+002
0.342000 6.162375e+002
0.344000 6.176427e+002
0.346000 6.190424e+002
0.348000 6.204367e+002
0.350000 6.218254e+002
0.352000 6.232087e+002
0.354000 6.245864e+002
0.356000 6.259586e+002
0.358000 6.273253e+002
0.360000 6.286863e+002
0.362000 6.300418e+002
0.364000 6.313916e+002
0.366000 6.327358e+002
0.368000 6.340744e+002
0.370000 6.354072e+002
0.372000 6.367344e+002
0.374000 6.380559e+002
0.376000 6.393716e+002
0.378000 6.406816e+002
0.380000 6.419858e+002
0.382000 6.432842e+002
0.384000 6.445769e+002
0.386000 6.458637e+002
0.388000 6.471447e+002
0.390000 6.484199e+002
0.392000 6.496892e+002
0.394000 6.509526e+002
0.396000 6.522101e+002
0.398000 6.534617e+002
0.400000 6.547074e+002
0.402000 6.559471e+002
0.404000 6.571808e+002
0.406000 6.584086e+002
0.408000 6.596304e+002
0.410000 6.608462e+002
0.412000 6.620560e+002
0.414000 6.632597e+002
0.416000 6.644574e+002
0.418000 6.656491e+002
0.420000 6.668346e+002
0.422000 6.680141e+002
0.424000 6.691874e+002
0.426000 6.703546e+002
0.428000 6.715157e+002
0.430000 6.726707e+002
0.432000 6.738195e+002
0.434000 6.749621e+002
0.436000 6.760985e+002
0.438000 6.772288e+002
0.440000 6.783528e+002
0.442000 6.794706e+002
0.444000 6.805822e+002
0.446000 6.816875e+002
0.448000 6.827865e+002
0.450000 6.838793e+002
0.452000 6.849658e+002
0.454000 6.860461e+002
0.456000 6.871200e+002
0.458000 6.881875e+002
0.460000 6.892488e+002
0.462000 6.903037e+002
0.464000 6.913523e+002
0.466000 6.923945e+002
0.468000 6.934304e+002
0.470000 6.944599e+002
0.472000 6.954829e+002
0.474000 6.964996e+002
0.476000 6.975099e+002
0.478000 6.985138e+002
0.480000 6.995112e+002
0.482000 7.005022e+002
0.484000 7.014867e+002
0.486000 7.024649e+002
0.488000 7.034365e+002
0.490000 7.044017e+002
0.492000 7.053604e+002
0.494000 7.063126e+002
0.496000 7.072583e+002
0.498000 7.081975e+002
0.500000 7.091302e+002
0.502000 7.100564e+002
0.504000 7.109760e+002
0.506000 7.118892e+002
0.508000 7.127958e+002
0.510000 7.136958e+002
0.512000 7.145893e+002
0.514000 7.154763e+002
0.516000 7.163566e+002
0.518000 7.172305e+002
0.520000 7.180977e+002
0.522000 7.189584e+002
0.524000 7.198124e+002
0.526000 7.206599e+002
0.528000 7.215008e+002
0.530000 7.223351e+002
0.532000 7.231628e+002
0.534000 7.239838e+002
0.536000 7.247983e+002
0.538000 7.256061e+002
0.540000 7.264073e+002
0.542000 7.272019e+002
0.544000 7.279899e+002
0.546000 7.287712e+002
0.548000 7.295459e+002
0.550000 7.303139e+002
0.552000 7.310753e+002
0.554000 7.318300e+002
0.556000 7.325781e+002
0.558000 7.333196e+002
0.560000 7.340544e+002
0.562000 7.347825e+002
0.564000 7.355040e+002
0.566000 7.362188e+002
0.568000 7.369269e+002
0.570000 7.376284e+002
0.572000 7.383232e+002
0.574000 7.390113e+002
0.576000 7.396928e+002
0.578000 7.403676e+002
0.580000 7.410357e+002
0.582000 7.416972e+002
0.584000 7.423520e+002
0.586000 7.430001e+002
0.588000 7.436416e+002
0.590000 7.442763e+002
0.592000 7.449044e+002
0.594000 7.455259e+002
0.596000 7.461406e+002
0.598000 7.467487e+002
0.600000 7.473501e+002
0.602000 7.479448e+002
0.604000 7.485329e+002
0.606000 7.491143e+002
0.608000 7.496891e+002
0.610000 7.502572e+002
0.612000 7.508186e+002
0.614000 7.513733e+002
0.616000 7.519214e+002
0.618000 7.524629e+002
0.620000 7.529977e+002
0.622000 7.535258e+002
0.624000 7.540473e+002
0.626000 7.545621e+002
0.628000 7.550703e+002
0.630000 7.555719e+002
0.632000 7.560668e+002
0.634000 7.565551e+002
0.636000 7.570368e+002
0.638000 7.575118e+002
0.640000 7.579803e+002
0.642000 7.584421e+002
0.644000 7.588973e+002
0.646000 7.593458e+002
0.648000 7.597878e+002
0.650000 7.602232e+002
0.652000 7.606520e+002
0.654000 7.610742e+002
0.656000 7.614898e+002
0.658000 7.618988e+002
0.660000 7.623013e+002
0.662000 7.626972e+002
0.664000 7.630865e+002
0.666000 7.634693e+002
0.668000 7.638455e+002
0.670000 7.642152e+002
0.672000 7.645784e+002
0.674000 7.649350e+002
0.676000 7.652851e+002
0.678000 7.656287e+002
0.680000 7.659657e+002
0.682000 7.662963e+002
0.684000 7.666204e+002
0.686000 7.669379e+002
0.688000 7.672490e+002
0.690000 7.675537e+002
0.692000 7.678518e+002
0.694000 7.681435e+002
0.696000 7.684288e+002
0.698000 7.687076e+002
0.700000 7.689800e+002
0.702000 7.692459e+002
0.704000 7.695055e+002
0.706000 7.697586e+002
0.708000 7.700053e+002
0.710000 7.702457e+002
0.712000 7.704796e+002
0.714000 7.707072e+002
0.716000 7.709285e+002
0.718000 7.711434e+002
0.720000 7.713519e+002
0.722000 7.715541e+002
0.724000 7.717500e+002
0.726000 7.719396e+002
0.728000 7.721229e+002
0.730000 7.722998e+002
0.732000 7.724705e+002
0.734000 7.726350e+002
0.736000 7.727932e+002
0.738000 7.729451e+002
0.740000 7.730908e+002
0.742000 7.732302e+002
0.744000 7.733635e+002
0.746000 7.734905e+002
0.748000 7.736114e+002
0.750000 7.737261e+002
0.752000 7.738346e+002
0.754000 7.739369e+002
0.756000 7.740332e+002
0.758000 7.741232e+002
0.760000 7.742072e+002
0.762000 7.742850e+002
0.764000 7.743568e+002
0.766000 7.744225e+002
0.768000 7.744821e+002
0.770000 7.745356e+002
0.772000 7.745832e+002
0.774000 7.746246e+002
0.776000 7.746601e+002
0.778000 7.746896e+002
0.780000 7.747130e+002
0.782000 7.747305e+002
0.784000 7.747420e+002
0.786000 7.747476e+002
0.788000 7.747473e+002
0.790000 7.747410e+002
0.792000 7.747288e+002
0.794000 7.747108e+002
0.796000 7.746868e+002
0.798000 7.746570e+002
0.800000 7.746213e+002
0.802000 7.745798e+002
0.804000 7.745325e+002
0.806000 7.744794e+002
0.808000 7.744205e+002
0.810000 7.743558e+002
0.812000 7.742854e+002
0.814000 7.742092e+002
0.816000 7.741273e+002
0.818000 7.740397e+002
0.820000 7.739464e+002
0.822000 7.738474e+002
0.824000 7.737427e+002
0.826000 7.736324e+002
0.828000 7.735165e+002
0.830000 7.733949e+002
0.832000 7.732678e+002
0.834000 7.731350e+002
0.836000 7.729967e+002
0.838000 7.728529e+002
0.840000 7.727035e+002
0.842000 7.725486e+002
0.844000 7.723881e+002
0.846000 7.722222e+002
0.848000 7.720509e+002
0.850000 7.718741e+002
0.852000 7.716918e+002
0.854000 7.715042e+002
0.856000 7.713111e+002
0.858000 7.711127e+002
0.860000 7.709089e+002
0.862000 7.706998e+002
0.864000 7.704853e+002
0.866000 7.702655e+002
0.868000 7.700404e+002
0.870000 7.698101e+002
0.872000 7.695745e+002
0.874000 7.693337e+002
0.876000 7.690876e+002
0.878000 7.688364e+002
0.880000 7.685799e+002
0.882000 7.683183e+002
0.884000 7.680516e+002
0.886000 7.677797e+002
0.888000 7.675028e+002
0.890000 7.672207e+002
0.892000 7.669336e+002
0.894000 7.666414e+002
0.896000 7.663442e+002
0.898000 7.660419e+002
0.900000 7.657347e+002
0.902000 7.654225e+002
0.904000 7.651054e+002
0.906000 7.647833e+002
0.908000 7.644563e+002
0.910000 7.641244e+002
0.912000 7.637876e+002
0.914000 7.634460e+002
0.916000 7.630995e+002
0.918000 7.627482e+002
0.920000 7.623921e+002
0.922000 7.620313e+002
0.924000 7.616657e+002
0.926000 7.612953e+002
0.928000 7.609202e+002
0.930000 7.605404e+002
0.932000 7.601560e+002
0.934000 7.597669e+002
0.936000 7.593731e+002
0.938000 7.589748e+002
0.940000 7.585718e+002
0.942000 7.581643e+002
0.944000 7.577522e+002
0.946000 7.573356e+002
0.948000 7.569144e+002
0.950000 7.564888e+002
0.952000 7.560587e+002
0.954000 7.556242e+002
0.956000 7.551852e+002
0.958000 7.547418e+002
0.960000 7.542940e+002
0.962000 7.538419e+002
0.964000 7.533854e+002
0.966000 7.529246e+002
0.968000 7.524594e+002
0.970000 7.519900e+002
0.972000 7.515164e+002
0.974000 7.510385e+002
0.976000 7.505564e+002
0.978000 7.500700e+002
0.980000 7.495795e+002
0.982000 7.490849e+002
0.984000 7.485861e+002
0.986000 7.480832e+002
0.988000 7.475762e+002
0.990000 7.470652e+002
0.992000 7.465501e+002
0.994000 7.460310e+002
0.996000 7.455079e+002
0.998000 7.449808e+002
1.000000 7.444497e+002
1.002000 7.439147e+002
1.004000 7.433758e+002
1.006000 7.428330e+002
1.008000 7.422863e+002
1.010000 7.417358e+002
1.012000 7.411814e+002
1.014000 7.406232e+002
1.016000 7.400613e+002
1.018000 7.394956e+002
1.020000 7.389261e+002
1.022000 7.383530e+002
1.024000 7.377761e+002
1.026000 7.371956e+002
1.028000 7.366114e+002
1.030000 7.360236e+002
1.032000 7.354322e+002
1.034000 7.348372e+002
1.036000 7.342386e+002
1.038000 7.336366e+002
1.040000 7.330309e+002
1.042000 7.324218e+002
1.044000 7.318093e+002
1.046000 7.311932e+002
1.048000 7.305738e+002
1.050000 7.299509e+002
1.052000 7.293247e+002
1.054000 7.286951e+002
1.056000 7.280621e+002
1.058000 7.274259e+002
1.060000 7.267863e+002
1.062000 7.261435e+002
1.064000 7.254975e+002
1.066000 7.248482e+002
1.068000 7.241957e+002
1.070000 7.235400e+002
1.072000 7.228812e+002
1.074000 7.222192e+002
1.076000 7.215542e+002
1.078000 7.208860e+002
1.080000 7.202148e+002
1.082000 7.195405e+002
1.084000 7.188632e+002
1.086000 7.181829e+002
1.088000 7.174997e+002
1.090000 7.168134e+002
1.092000 7.161243e+002
1.094000 7.154322e+002
1.096000 7.147373e+002
1.098000 7.140395e+002
1.100000 7.133388e+002
1.102000 7.126354e+002
1.104000 7.119291e+002
1.106000 7.112201e+002
1.108000 7.105083e+002
1.110000 7.097938e+002
1.112000 7.090765e+002
1.114000 7.083566e+002
1.116000 7.076341e+002
1.118000 7.069089e+002
1.120000 7.061811e+002
1.122000 7.054506e+002
1.124000 7.047177e+002
1.126000 7.039821e+002
1.128000 7.032441e+002
1.130000 7.025035e+002
1.132000 7.017605e+002
1.134000 7.010150e+002
1.136000 7.002671e+002
1.138000 6.995168e+002
1.140000 6.987640e+002
1.142000 6.980089e+002
1.144000 6.972515e+002
1.146000 6.964917e+002
1.148000 6.957297e+002
1.150000 6.949653e+002
1.152000 6.941987e+002
1.154000 6.934299e+002
1.156000 6.926588e+002
1.158000 6.918856e+002
1.160000 6.911102e+002
1.162000 6.903326e+002
1.164000 6.895530e+002
1.166000 6.887712e+002
1.168000 6.879873e+002
1.170000 6.872014e+002
1.172000 6.864135e+002
1.174000 6.856235e+002
1.176000 6.848316e+002
1.178000 6.840376e+002
1.180000 6.832418e+002
1.182000 6.824440e+002
1.184000 6.816443e+002
1.186000 6.808427e+002
1.188000 6.800393e+002
1.190000 6.792340e+002
1.192000 6.784270e+002
1.194000 6.776181e+002
1.196000 6.768074e+002
1.198000 6.759950e+002
1.200000 6.751809e+002
1.202000 6.743651e+002
1.204000 6.735475e+002
1.206000 6.727284e+002
1.208000 6.719075e+002
1.210000 6.710851e+002
1.212000 6.702610e+002
1.214000 6.694354e+002
1.216000 6.686082e+002
1.218000 6.677795e+002
1.220000 6.669493e+002
1.222000 6.661176e+002
1.224000 6.652844e+002
1.226000 6.644497e+002
1.228000 6.636136e+002
1.230000 6.627761e+002
1.232000 6.619373e+002
1.234000 6.610970e+002
1.236000 6.602555e+002
1.238000 6.594125e+002
1.240000 6.585683e+002
1.242000 6.577228e+002
1.244000 6.568761e+002
1.246000 6.560281e+002
1.248000 6.551789e+002
1.250000 6.543285e+002
1.252000 6.534769e+002
1.254000 6.526241e+002
1.256000 6.517702e+002
1.258000 6.509152e+002
1.260000 6.500591e+002
1.262000 6.492019e+002
1.264000 6.483437e+002
1.266000 6.474844e+002
1.268000 6.466241e+002
1.270000 6.457628e+002
1.272000 6.449005e+002
1.274000 6.440373e+002
1.276000 6.431732e+002
1.278000 6.423081e+002
1.280000 6.414421e+002
1.282000 6.405753e+002
1.284000 6.397076e+002
1.286000 6.388390e+002
1.288000 6.379697e+002
1.290000 6.370995e+002
1.292000 6.362286e+002
1.294000 6.353569e+002
1.296000 6.344845e+002
1.298000 6.336113e+002
1.300000 6.327375e+002
1.302000 6.318630e+002
1.304000 6.309878e+002
1.306000 6.301119e+002
1.308000 6.292355e+002
1.310000 6.283584e+002
1.312000 6.274808e+002
1.314000 6.266026e+002
1.316000 6.257238e+002
1.318000 6.248445e+002
1.320000 6.239647e+002
1.322000 6.230845e+002
1.324000 6.222037e+002
1.326000 6.213225e+002
1.328000 6.204408e+002
1.330000 6.195588e+002
1.332000 6.186763e+002
1.334000 6.177935e+002
1.336000 6.169103e+002
1.338000 6.160267e+002
1.340000 6.151429e+002
1.342000 6.142587e+002
1.344000 6.133742e+002
1.346000 6.124895e+002
1.348000 6.116045e+002
1.350000 6.107192e+002
1.352000 6.098338e+002
1.354000 6.089481e+002
1.356000 6.080623e+002
1.358000 6.071763e+002
1.360000 6.062902e+002
1.362000 6.054039e+002
1.364000 6.045175e+002
1.366000 6.036310e+002
1.368000 6.027444e+002
1.370000 6.018578e+002
1.372000 6.009711e+002
1.374000 6.000845e+002
1.376000 5.991977e+002
1.378000 5.983110e+002
1.380000 5.974244e+002
1.382000 5.965377e+002
1.384000 5.956511e+002
1.386000 5.947646e+002
1.388000 5.938782e+002
1.390000 5.929919e+002
1.392000 5.921057e+002
1.394000 5.912197e+002
1.396000 5.903338e+002
1.398000 5.894481e+002
1.400000 5.885625e+002
1.402000 5.876772e+002
1.404000 5.867921e+002
1.406000 5.859072e+002
1.408000 5.850226e+002
1.410000 5.841382e+002
1.412000 5.832541e+002
1.414000 5.823703e+002
1.416000 5.814869e+002
1.418000 5.806037e+002
1.420000 5.797209e+002
1.422000 5.788385e+002
1.424000 5.779564e+002
1.426000 5.770748e+002
1.428000 5.761935e+002
1.430000 5.753126e+002
1.432000 5.744322e+002
1.434000 5.735523e+002
1.436000 5.726728e+002
1.438000 5.717937e+002
1.440000 5.709152e+002
1.442000 5.700372e+002
1.444000 5.691597e+002
1.446000 5.682827e+002
1.448000 5.674063e+002
1.450000 5.665305e+002
1.452000 5.656552e+002
1.454000 5.647806e+002
1.456000 5.639065e+002
1.458000 5.630331e+002
1.460000 5.621602e+002
1.462000 5.612881e+002
1.464000 5.604166e+002
1.466000 5.595458e+002
1.468000 5.586757e+002
1.470000 5.578062e+002
1.472000 5.569375e+002
1.474000 5.560696e+002
1.476000 5.552023e+002
1.478000 5.543358e+002
1.480000 5.534701e+002
1.482000 5.526052e+002
1.484000 5.517411e+002
1.486000 5.508778e+002
1.488000 5.500153e+002
1.490000 5.491536e+002
1.492000 5.482928e+002
1.494000 5.474328e+002
1.496000 5.465738e+002
1.498000 5.457155e+002
1.500000 5.448582e+002
1.502000 5.440018e+002
1.504000 5.431464e+002
1.506000 5.422918e+002
1.508000 5.414382e+002
1.510000 5.405856e+002
1.512000 5.397339e+002
1.514000 5.388832e+002
1.516000 5.380335e+002
1.518000 5.371848e+002
1.520000 5.363371e+002
1.522000 5.354905e+002
1.524000 5.346448e+002
1.526000 5.338003e+002
1.528000 5.329568e+002
1.530000 5.321143e+002
1.532000 5.312730e+002
1.534000 5.304327e+002
1.536000 5.295935e+002
1.538000 5.287555e+002
1.540000 5.279186e+002
1.542000 5.270828e+002
1.544000 5.262481e+002
1.546000 5.254147e+002
1.548000 5.245823e+002
1.550000 5.237512e+002
1.552000 5.229213e+002
1.554000 5.220925e+002
1.556000 5.212650e+002
1.558000 5.204387e+002
1.560000 5.196136e+002
1.562000 5.187897e+002
1.564000 5.179671e+002
1.566000 5.171458e+002
1.568000 5.163257e+002
1.570000 5.155069e+002
1.572000 5.146894e+002
1.574000 5.138732e+002
1.576000 5.130583e+002
1.578000 5.122447e+002
1.580000 5.114324e+002
1.582000 5.106214e+002
1.584000 5.098119e+002
1.586000 5.090036e+002
1.588000 5.081967e+002
1.590000 5.073912e+002
1.592000 5.065871e+002
1.594000 5.057843e+002
1.596000 5.049829e+002
1.598000 5.041830e+002
1.600000 5.033844e+002
1.602000 5.025873e+002
1.604000 5.017916e+002
1.606000 5.009974e+002
1.608000 5.002045e+002
1.610000 4.994132e+002
1.612000 4.986233e+002
1.614000 4.978348e+002
1.616000 4.970479e+002
1.618000 4.962624e+002
1.620000 4.954784e+002
1.622000 4.946959e+002
1.624000 4.939149e+002
1.626000 4.931355e+002
1.628000 4.923575e+002
1.630000 4.915811e+002
1.632000 4.908062e+002
1.634000 4.900329e+002
1.636000 4.892611e+002
1.638000 4.884909e+002
1.640000 4.877222e+002
1.642000 4.869551e+002
1.644000 4.861896e+002
1.646000 4.854256e+002
1.648000 4.846633e+002
1.650000 4.839025e+002
1.652000 4.831434e+002
1.654000 4.823859e+002
1.656000 4.816299e+002
1.658000 4.808756e+002
1.660000 4.801230e+002
1.662000 4.793719e+002
1.664000 4.786225e+002
1.666000 4.778748e+002
1.668000 4.771287e+002
1.670000 4.763842e+002
1.672000 4.756415e+002
1.674000 4.749004e+002
1.676000 4.741609e+002
1.678000 4.734232e+002
1.680000 4.726871e+002
1.682000 4.719527e+002
1.684000 4.712201e+002
1.686000 4.704891e+002
1.688000 4.697598e+002
1.690000 4.690323e+002
1.692000 4.683064e+002
1.694000 4.675823e+002
1.696000 4.668599e+002
1.698000 4.661393e+002
1.700000 4.654204e+002
1.702000 4.647032e+002
1.704000 4.639878e+002
1.706000 4.632741e+002
1.708000 4.625621e+002
1.710000 4.618520e+002
1.712000 4.611436e+002
1.714000 4.604369e+002
1.716000 4.597321e+002
1.718000 4.590290e+002
1.720000 4.583277e+002
1.722000 4.576282e+002
1.724000 4.569304e+002
1.726000 4.562345e+002
1.728000 4.555403e+002
1.730000 4.548480e+002
1.732000 4.541574e+002
1.734000 4.534687e+002
1.736000 4.527818e+002
1.738000 4.520967e+002
1.740000 4.514134e+002
1.742000 4.507319e+002
1.744000 4.500522e+002
1.746000 4.493744e+002
1.748000 4.486984e+002
1.750000 4.480243e+002
1.752000 4.473519e+002
1.754000 4.466815e+002
1.756000 4.460128e+002
1.758000 4.453460e+002
1.760000 4.446811e+002
1.762000 4.440180e+002
1.764000 4.433567e+002
1.766000 4.426973e+002
1.768000 4.420398e+002
1.770000 4.413841e+002
1.772000 4.407303e+002
1.774000 4.400784e+002
1.776000 4.394283e+002
1.778000 4.387801e+002
1.780000 4.381337e+002
1.782000 4.374893e+002
1.784000 4.368467e+002
1.786000 4.362060e+002
1.788000 4.355672e+002
1.790000 4.349302e+002
1.792000 4.342952e+002
1.794000 4.336620e+002
1.796000 4.330307e+002
1.798000 4.324013e+002
1.800000 4.317738e+002
1.802000 4.311482e+002
1.804000 4.305245e+002
1.806000 4.299026e+002
1.808000 4.292827e+002
1.810000 4.286647e+002
1.812000 4.280485e+002
1.814000 4.274343e+002
1.816000 4.268219e+002
1.818000 4.262115e+002
1.820000 4.256030e+002
1.822000 4.249964e+002
1.824000 4.243916e+002
1.826000 4.237888e+002
1.828000 4.231879e+002
1.830000 4.225889e+002
1.832000 4.219918e+002
1.834000 4.213966e+002
1.836000 4.208033e+002
1.838000 4.202120e+002
1.840000 4.196225e+002
1.842000 4.190350e+002
1.844000 4.184493e+002
1.846000 4.178656e+002
1.848000 4.172838e+002
1.850000 4.167039e+002
1.852000 4.161259e+002
1.854000 4.155498e+002
1.856000 4.149756e+002
1.858000 4.144034e+002
1.860000 4.138330e+002
1.862000 4.132646e+002
1.864000 4.126981e+002
1.866000 4.121335e+002
1.868000 4.115708e+002
1.870000 4.110100e+002
1.872000 4.104511e+002
1.874000 4.098942e+002
1.876000 4.093391e+002
1.878000 4.087860e+002
1.880000 4.082347e+002
1.882000 4.076854e+002
1.884000 4.071380e+002
1.886000 4.065925e+002
1.888000 4.060489e+002
1.890000 4.055072e+002
1.892000 4.049674e+002
1.894000 4.044295e+002
1.896000 4.038935e+002
1.898000 4.033594e+002
1.900000 4.028272e+002
1.902000 4.022969e+002
1.904000 4.017685e+002
1.906000 4.012421e+002
1.908000 4.007175e+002
1.910000 4.001948e+002
1.912000 3.996740e+002
1.914000 3.991551e+002
1.916000 3.986380e+002
1.918000 3.981229e+002
1.920000 3.976097e+002
1.922000 3.970983e+002
1.924000 3.965889e+002
1.926000 3.960813e+002
1.928000 3.955756e+002
1.930000 3.950718e+002
1.932000 3.945699e+002
1.934000 3.940698e+002
1.936000 3.935717e+002
1.938000 3.930754e+002
1.940000 3.925809e+002
1.942000 3.920884e+002
1.944000 3.915977e+002
1.946000 3.911089e+002
1.948000 3.906219e+002
1.950000 3.901369e+002
1.952000 3.896536e+002
1.954000 3.891723e+002
1.956000 3.886928e+002
1.958000 3.882151e+002
1.960000 3.877393e+002
1.962000 3.872654e+002
1.964000 3.867933e+002
1.966000 3.863230e+002
1.968000 3.858546e+002
1.970000 3.853881e+002
1.972000 3.849233e+002
1.974000 3.844604e+002
1.976000 3.839994e+002
1.978000 3.835402e+002
1.980000 3.830828e+002
1.982000 3.826272e+002
1.984000 3.821735e+002
1.986000 3.817216e+002
1.988000 3.812715e+002
1.990000 3.808232e+002
1.992000 3.803768e+002
1.994000 3.799321e+002
1.996000 3.794893e+002
1.998000 3.790482e+002
2.000000 3.786090e+002
2.002000 3.781716e+002
2.004000 3.777359e+002
2.006000 3.773021e+002
2.008000 3.768701e+002
2.010000 3.764398e+002
2.012000 3.760113e+002
2.014000 3.755847e+002
2.016000 3.751598e+002
2.018000 3.747366e+002
2.020000 3.743153e+002
2.022000 3.738957e+002
2.024000 3.734779e+002
2.026000 3.730618e+002
2.028000 3.726475e+002
2.030000 3.722350e+002
2.032000 3.718242e+002
2.034000 3.714152e+002
2.036000 3.710079e+002
2.038000 3.706024e+002
2.040000 3.701986e+002
2.042000 3.697966e+002
2.044000 3.693963e+002
2.046000 3.689977e+002
2.048000 3.686008e+002
2.050000 3.682057e+002
2.052000 3.678123e+002
2.054000 3.674206e+002
2.056000 3.670306e+002
2.058000 3.666424e+002
2.060000 3.662558e+002
2.062000 3.658710e+002
2.064000 3.654878e+002
2.066000 3.651064e+002
2.068000 3.647266e+002
2.070000 3.643485e+002
2.072000 3.639721e+002
2.074000 3.635974e+002
2.076000 3.632244e+002
2.078000 3.628530e+002
2.080000 3.624834e+002
2.082000 3.621153e+002
2.084000 3.617490e+002
2.086000 3.613843e+002
2.088000 3.610212e+002
2.090000 3.606599e+002
2.092000 3.603001e+002
2.094000 3.599420e+002
2.096000 3.595856e+002
2.098000 3.592307e+002
2.100000 3.588775e+002
2.102000 3.585260e+002
2.104000 3.581760e+002
2.106000 3.578277e+002
2.108000 3.574810e+002
2.110000 3.571359e+002
2.112000 3.567924e+002
2.114000 3.564506e+002
2.116000 3.561103e+002
2.118000 3.557716e+002
2.120000 3.554345e+002
2.122000 3.550990e+002
2.124000 3.547651e+002
2.126000 3.544327e+002
2.128000 3.541020e+002
2.130000 3.537728e+002
2.132000 3.534451e+002
2.134000 3.531191e+002
2.136000 3.527945e+002
2.138000 3.524716e+002
2.140000 3.521502e+002
2.142000 3.518303e+002
2.144000 3.515120e+002
2.146000 3.511952e+002
2.148000 3.508800e+002
2.150000 3.505662e+002
2.152000 3.502540e+002
2.154000 3.499433e+002
2.156000 3.496342e+002
2.158000 3.493265e+002
2.160000 3.490204e+002
2.162000 3.487157e+002
2.164000 3.484126e+002
2.166000 3.481109e+002
2.168000 3.478108e+002
2.170000 3.475121e+002
2.172000 3.472149e+002
2.174000 3.469191e+002
2.176000 3.466249e+002
2.178000 3.463321e+002
2.180000 3.460408e+002
2.182000 3.457509e+002
2.184000 3.454625e+002
2.186000 3.451755e+002
2.188000 3.448900e+002
2.190000 3.446059e+002
2.192000 3.443233e+002
2.194000 3.440421e+002
2.196000 3.437623e+002
2.198000 3.434839e+002
2.200000 3.432070e+002
2.202000 3.429314e+002
2.204000 3.426573e+002
2.206000 3.423846e+002
2.208000 3.421133e+002
2.210000 3.418434e+002
2.212000 3.415748e+002
2.214000 3.413077e+002
2.216000 3.410419e+002
2.218000 3.407775e+002
2.220000 3.405145e+002
2.222000 3.402528e+002
2.224000 3.399925e+002
2.226000 3.397336e+002
2.228000 3.394760e+002
2.230000 3.392198e+002
2.232000 3.389649e+002
2.234000 3.387114e+002
2.236000 3.384592e+002
2.238000 3.382083e+002
2.240000 3.379588e+002
2.242000 3.377105e+002
2.244000 3.374636e+002
2.246000 3.372180e+002
2.248000 3.369737e+002
2.250000 3.367307e+002
2.252000 3.364890e+002
2.254000 3.362487e+002
2.256000 3.360095e+002
2.258000 3.357717e+002
2.260000 3.355352e+002
2.262000 3.352999e+002
2.264000 3.350659e+002
2.266000 3.348332e+002
2.268000 3.346017e+002
2.270000 3.343715e+002
2.272000 3.341426e+002
2.274000 3.339149e+002
2.276000 3.336884e+002
2.278000 3.334632e+002
2.280000 3.332392e+002
2.282000 3.330164e+002
2.284000 3.327949e+002
2.286000 3.325746e+002
2.288000 3.323555e+002
2.290000 3.321376e+002
2.292000 3.319209e+002
2.294000 3.317054e+002
2.296000 3.314911e+002
2.298000 3.312780e+002
2.300000 3.310661e+002
2.302000 3.308554e+002
2.304000 3.306459e+002
2.306000 3.304375e+002
2.308000 3.302303e+002
2.310000 3.300243e+002
2.312000 3.298194e+002
2.314000 3.296157e+002
2.316000 3.294131e+002
2.318000 3.292117e+002
2.320000 3.290114e+002
2.322000 3.288123e+002
2.324000 3.286143e+002
2.326000 3.284174e+002
2.328000 3.282216e+002
2.330000 3.280270e+002
2.332000 3.278335e+002
2.334000 3.276411e+002
2.336000 3.274498e+002
2.338000 3.272596e+002
2.340000 3.270705e+002
2.342000 3.268825e+002
2.344000 3.266955e+002
2.346000 3.265097e+002
2.348000 3.263249e+002
2.350000 3.261412e+002
2.352000 3.259586e+002
2.354000 3.257770e+002
2.356000 3.255965e+002
2.358000 3.254171e+002
2.360000 3.252387e+002
2.362000 3.250614e+002
2.364000 3.248851e+002
2.366000 3.247098e+002
2.368000 3.245356e+002
2.370000 3.243624e+002
2.372000 3.241902e+002
2.374000 3.240190e+002
2.376000 3.238489e+002
2.378000 3.236798e+002
2.380000 3.235117e+002
2.382000 3.233445e+002
2.384000 3.231784e+002
2.386000 3.230133e+002
2.388000 3.228492e+002
2.390000 3.226860e+002
2.392000 3.225238e+002
2.394000 3.223626e+002
2.396000 3.222024e+002
2.398000 3.220432e+002
2.400000 3.218849e+002
2.402000 3.217275e+002
2.404000 3.215712e+002
2.406000 3.214157e+002
2.408000 3.212612e+002
2.410000 3.211077e+002
2.412000 3.209551e+002
2.414000 3.208034e+002
2.416000 3.206527e+002
2.418000 3.205029e+002
2.420000 3.203540e+002
2.422000 3.202060e+002
2.424000 3.200589e+002
2.426000 3.199128e+002
2.428000 3.197675e+002
2.430000 3.196231e+002
2.432000 3.194797e+002
2.434000 3.193371e+002
2.436000 3.191954e+002
2.438000 3.190546e+002
2.440000 3.189147e+002
2.442000 3.187756e+002
2.444000 3.186374e+002
2.446000 3.185001e+002
2.448000 3.183636e+002
2.450000 3.182280e+002
2.452000 3.180933e+002
2.454000 3.179594e+002
2.456000 3.178263e+002
2.458000 3.176941e+002
2.460000 3.175627e+002
2.462000 3.174322e+002
2.464000 3.173025e+002
2.466000 3.171736e+002
2.468000 3.170455e+002
2.470000 3.169183e+002
2.472000 3.167918e+002
2.474000 3.166662e+002
2.476000 3.165413e+002
2.478000 3.164173e+002
2.480000 3.162941e+002
2.482000 3.161716e+002
2.484000 3.160500e+002
2.486000 3.159291e+002
2.488000 3.158090e+002
2.490000 3.156897e+002
2.492000 3.155712e+002
2.494000 3.154534e+002
2.496000 3.153364e+002
2.498000 3.152202e+002
2.500000 3.151047e+002
2.502000 3.149899e+002
2.504000 3.148760e+002
2.506000 3.147627e+002
2.508000 3.146502e+002
2.510000 3.145385e+002
2.512000 3.144274e+002
2.514000 3.143172e+002
2.516000 3.142076e+002
2.518000 3.140987e+002
2.520000 3.139906e+002
2.522000 3.138832e+002
2.524000 3.137765e+002
2.526000 3.136705e+002
2.528000 3.135652e+002
2.530000 3.134606e+002
2.532000 3.133568e+002
2.534000 3.132536e+002
2.536000 3.131511e+002
2.538000 3.130492e+002
2.540000 3.129481e+002
2.542000 3.128476e+002
2.544000 3.127478e+002
2.546000 3.126487e+002
2.548000 3.125503e+002
2.550000 3.124525e+002
2.552000 3.123554e+002
2.554000 3.122589e+002
2.556000 3.121631e+002
2.558000 3.120679e+002
2.560000 3.119734e+002
2.562000 3.118795e+002
2.564000 3.117863e+002
2.566000 3.116937e+002
2.568000 3.116017e+002
2.570000 3.115104e+002
2.572000 3.114197e+002
2.574000 3.113296e+002
2.576000 3.112401e+002
2.578000 3.111513e+002
2.580000 3.110630e+002
2.582000 3.109754e+002
2.584000 3.108884e+002
2.586000 3.108019e+002
2.588000 3.107161e+002
2.590000 3.106309e+002
2.592000 3.105462e+002
2.594000 3.104621e+002
2.596000 3.103787e+002
2.598000 3.102958e+002
2.600000 3.102135e+002
2.602000 3.101317e+002
2.604000 3.100505e+002
2.606000 3.099699e+002
2.608000 3.098899e+002
2.610000 3.098104e+002
2.612000 3.097315e+002
2.614000 3.096532e+002
2.616000 3.095754e+002
2.618000 3.094981e+002
2.620000 3.094214e+002
2.622000 3.093452e+002
2.624000 3.092696e+002
2.626000 3.091945e+002
2.628000 3.091199e+002
2.630000 3.090459e+002
2.632000 3.089724e+002
2.634000 3.088994e+002
2.636000 3.088270e+002
2.638000 3.087550e+002
2.640000 3.086836e+002
2.642000 3.086127e+002
2.644000 3.085423e+002
2.646000 3.084724e+002
2.648000 3.084030e+002
2.650000 3.083341e+002
2.652000 3.082657e+002
2.654000 3.081978e+002
2.656000 3.081304e+002
2.658000 3.080634e+002
2.660000 3.079970e+002
2.662000 3.079310e+002
2.664000 3.078655e+002
2.666000 3.078005e+002
2.668000 3.077360e+002
2.670000 3.076719e+002
2.672000 3.076084e+002
2.674000 3.075452e+002
2.676000 3.074826e+002
2.678000 3.074204e+002
2.680000 3.073586e+002
2.682000 3.072973e+002
2.684000 3.072365e+002
2.686000 3.071761e+002
2.688000 3.071161e+002
2.690000 3.070566e+002
2.692000 3.069975e+002
2.694000 3.069389e+002
2.696000 3.068807e+002
2.698000 3.068230e+002
2.700000 3.067656e+002
2.702000 3.067087e+002
2.704000 3.066522e+002
2.706000 3.065962e+002
2.708000 3.065405e+002
2.710000 3.064853e+002
2.712000 3.064305e+002
2.714000 3.063761e+002
2.716000 3.063221e+002
2.718000 3.062685e+002
2.720000 3.062153e+002
2.722000 3.061625e+002
2.724000 3.061101e+002
2.726000 3.060581e+002
2.728000 3.060065e+002
2.730000 3.059553e+002
2.732000 3.059045e+002
2.734000 3.058540e+002
2.736000 3.058040e+002
2.738000 3.057543e+002
2.740000 3.057050e+002
2.742000 3.056561e+002
2.744000 3.056075e+002
2.746000 3.055594e+002
2.748000 3.055116e+002
2.750000 3.054641e+002
2.752000 3.054170e+002
2.754000 3.053703e+002
2.756000 3.053240e+002
2.758000 3.052780e+002
2.760000 3.052323e+002
2.762000 3.051870e+002
2.764000 3.051421e+002
2.766000 3.050975e+002
2.768000 3.050532e+002
2.770000 3.050093e+002
2.772000 3.049657e+002
2.774000 3.049225e+002
2.776000 3.048796e+002
2.778000 3.048370e+002
2.780000 3.047948e+002
2.782000 3.047529e+002
2.784000 3.047113e+002
2.786000 3.046701e+002
2.788000 3.046292e+002
2.790000 3.045886e+002
2.792000 3.045483e+002
2.794000 3.045083e+002
2.796000 3.044687e+002
2.798000 3.044293e+002
2.800000 3.043903e+002
2.802000 3.043516e+002
2.804000 3.043131e+002
2.806000 3.042750e+002
2.808000 3.042372e+002
2.810000 3.041997e+002
2.812000 3.041625e+002
2.814000 3.041256e+002
2.816000 3.040889e+002
2.818000 3.040526e+002
2.820000 3.040165e+002
2.822000 3.039808e+002
2.824000 3.039453e+002
2.826000 3.039101e+002
2.828000 3.038752e+002
2.830000 3.038406e+002
2.832000 3.038062e+002
2.834000 3.037722e+002
2.836000 3.037384e+002
2.838000 3.037048e+002
2.840000 3.036716e+002
2.842000 3.036386e+002
2.844000 3.036059e+002
2.846000 3.035734e+002
2.848000 3.035412e+002
2.850000 3.035093e+002
2.852000 3.034776e+002
2.854000 3.034462e+002
2.856000 3.034151e+002
2.858000 3.033841e+002
2.860000 3.033535e+002
2.862000 3.033231e+002
2.864000 3.032929e+002
2.866000 3.032630e+002
2.868000 3.032334e+002
2.870000 3.032039e+002
2.872000 3.031748e+002
2.874000 3.031458e+002
2.876000 3.031171e+002
2.878000 3.030886e+002
2.880000 3.030604e+002
2.882000 3.030324e+002
2.884000 3.030046e+002
2.886000 3.029771e+002
2.888000 3.029498e+002
2.890000 3.029227e+002
2.892000 3.028959e+002
2.894000 3.028692e+002
2.896000 3.028428e+002
2.898000 3.028166e+002
2.900000 3.027906e+002
2.902000 3.027649e+002
2.904000 3.027393e+002
2.906000 3.027140e+002
2.908000 3.026889e+002
2.910000 3.026640e+002
2.912000 3.026393e+002
2.914000 3.026148e+002
2.916000 3.025905e+002
2.918000 3.025664e+002
2.920000 3.025425e+002
2.922000 3.025188e+002
2.924000 3.024954e+002
2.926000 3.024721e+002
2.928000 3.024490e+002
2.930000 3.024261e+002
2.932000 3.024034e+002
2.934000 3.023809e+002
2.936000 3.023586e+002
2.938000 3.023365e+002
2.940000 3.023146e+002
2.942000 3.022928e+002
2.944000 3.022713e+002
2.946000 3.022499e+002
2.948000 3.022287e+002
2.950000 3.022077e+002
2.952000 3.021868e+002
2.954000 3.021662e+002
2.956000 3.021457e+002
2.958000 3.021254e+002
2.960000 3.021053e+002
2.962000 3.020853e+002
2.964000 3.020656e+002
2.966000 3.020459e+002
2.968000 3.020265e+002
2.970000 3.020072e+002
2.972000 3.019881e+002
2.974000 3.019692e+002
2.976000 3.019504e+002
2.978000 3.019318e+002
2.980000 3.019133e+002
2.982000 3.018951e+002
2.984000 3.018769e+002
2.986000 3.018589e+002
2.988000 3.018411e+002
2.990000 3.018235e+002
2.992000 3.018060e+002
2.994000 3.017886e+002
2.996000 3.017714e+002
2.998000 3.017544e+002
3.000000 3.017375e+002
3.002000 3.017207e+002
3.004000 3.017041e+002
3.006000 3.016876e+002
3.008000 3.016713e+002
3.010000 3.016552e+002
3.012000 3.016391e+002
3.014000 3.016232e+002
3.016000 3.016075e+002
3.018000 3.015919e+002
3.020000 3.015764e+002
3.022000 3.015611e+002
3.024000 3.015459e+002
3.026000 3.015308e+002
3.028000 3.015159e+002
3.030000 3.015011e+002
3.032000 3.014865e+002
3.034000 3.014719e+002
3.036000 3.014575e+002
3.038000 3.014433e+002
3.040000 3.014291e+002
3.042000 3.014151e+002
3.044000 3.014012e+002
3.046000 3.013875e+002
3.048000 3.013738e+002
3.050000 3.013603e+002
3.052000 3.013469e+002
3.054000 3.013336e+002
3.056000 3.013205e+002
3.058000 3.013074e+002
3.060000 3.012945e+002
3.062000 3.012817e+002
3.064000 3.012690e+002
3.066000 3.012565e+002
3.068000 3.012440e+002
3.070000 3.012317e+002
3.072000 3.012194e+002
3.074000 3.012073e+002
3.076000 3.011953e+002
3.078000 3.011834e+002
3.080000 3.011716e+002
3.082000 3.011599e+002
3.084000 3.011484e+002
3.086000 3.011369e+002
3.088000 3.011255e+002
3.090000 3.011143e+002
3.092000 3.011031e+002
3.094000 3.010921e+002
3.096000 3.010811e+002
3.098000 3.010703e+002
3.100000 3.010595e+002
3.102000 3.010488e+002
3.104000 3.010383e+002
3.106000 3.010278e+002
3.108000 3.010175e+002
3.110000 3.010072e+002
3.112000 3.009970e+002
3.114000 3.009870e+002
3.116000 3.009770e+002
3.118000 3.009671e+002
3.120000 3.009573e+002
3.122000 3.009476e+002
3.124000 3.009380e+002
3.126000 3.009285e+002
3.128000 3.009190e+002
3.130000 3.009097e+002
3.132000 3.009004e+002
3.134000 3.008913e+002
3.136000 3.008822e+002
3.138000 3.008732e+002
3.140000 3.008643e+002
3.142000 3.008554e+002
3.144000 3.008467e+002
3.146000 3.008380e+002
3.148000 3.008294e+002
3.150000 3.008209e+002
3.152000 3.008125e+002
3.154000 3.008042e+002
3.156000 3.007959e+002
3.158000 3.007877e+002
3.160000 3.007796e+002
3.162000 3.007716e+002
3.164000 3.007636e+002
3.166000 3.007557e+002
3.168000 3.007479e+002
3.170000 3.007402e+002
3.172000 3.007325e+002
3.174000 3.007250e+002
3.176000 3.007175e+002
3.178000 3.007100e+002
3.180000 3.007026e+002
3.182000 3.006954e+002
3.184000 3.006881e+002
3.186000 3.006810e+002
3.188000 3.006739e+002
3.190000 3.006669e+002
3.192000 3.006599e+002
3.194000 3.006530e+002
3.196000 3.006462e+002
3.198000 3.006395e+002
3.200000 3.006328e+002
3.202000 3.006261e+002
3.204000 3.006196e+002
3.206000 3.006131e+002
3.208000 3.006067e+002
3.210000 3.006003e+002
3.212000 3.005940e+002
3.214000 3.005877e+002
3.216000 3.005815e+002
3.218000 3.005754e+002
3.220000 3.005694e+002
3.222000 3.005633e+002
3.224000 3.005574e+002
3.226000 3.005515e+002
3.228000 3.005457e+002
3.230000 3.005399e+002
3.232000 3.005342e+002
3.234000 3.005285e+002
3.236000 3.005229e+002
3.238000 3.005174e+002
3.240000 3.005119e+002
3.242000 3.005064e+002
3.244000 3.005010e+002
3.246000 3.004957e+002
3.248000 3.004904e+002
3.250000 3.004852e+002
3.252000 3.004800e+002
3.254000 3.004749e+002
3.256000 3.004698e+002
3.258000 3.004648e+002
3.260000 3.004598e+002
3.262000 3.004549e+002
3.264000 3.004500e+002
3.266000 3.004452e+002
3.268000 3.004404e+002
3.270000 3.004357e+002
3.272000 3.004310e+002
3.274000 3.004263e+002
3.276000 3.004217e+002
3.278000 3.004172e+002
3.280000 3.004127e+002
3.282000 3.004082e+002
3.284000 3.004038e+002
3.286000 3.003995e+002
3.288000 3.003951e+002
3.290000 3.003909e+002
3.292000 3.003866e+002
3.294000 3.003824e+002
3.296000 3.003783e+002
3.298000 3.003742e+002
3.300000 3.003701e+002
3.302000 3.003661e+002
3.304000 3.003621e+002
3.306000 3.003581e+002
3.308000 3.003542e+002
3.310000 3.003504e+002
3.312000 3.003465e+002
3.314000 3.003428e+002
3.316000 3.003390e+002
3.318000 3.003353e+002
3.320000 3.003316e+002
3.322000 3.003280e+002
3.324000 3.003244e+002
3.326000 3.003208e+002
3.328000 3.003173e+002
3.330000 3.003138e+002
3.332000 3.003104e+002
3.334000 3.003069e+002
3.336000 3.003036e+002
3.338000 3.003002e+002
3.340000 3.002969e+002
3.342000 3.002936e+002
3.344000 3.002904e+002
3.346000 3.002872e+002
3.348000 3.002840e+002
3.350000 3.002808e+002
3.352000 3.002777e+002
3.354000 3.002747e+002
3.356000 3.002716e+002
3.358000 3.002686e+002
3.360000 3.002656e+002
3.362000 3.002626e+002
3.364000 3.002597e+002
3.366000 3.002568e+002
3.368000 3.002540e+002
3.370000 3.002511e+002
3.372000 3.002483e+002
3.374000 3.002455e+002
3.376000 3.002428e+002
3.378000 3.002401e+002
3.380000 3.002374e+002
3.382000 3.002347e+002
3.384000 3.002321e+002
3.386000 3.002295e+002
3.388000 3.002269e+002
3.390000 3.002244e+002
3.392000 3.002218e+002
3.394000 3.002193e+002
3.396000 3.002169e+002
3.398000 3.002144e+002
3.400000 3.002120e+002
3.402000 3.002096e+002
3.404000 3.002073e+002
3.406000 3.002049e+002
3.408000 3.002026e+002
3.410000 3.002003e+002
3.412000 3.001980e+002
3.414000 3.001958e+002
3.416000 3.001936e+002
3.418000 3.001914e+002
3.420000 3.001892e+002
3.422000 3.001870e+002
3.424000 3.001849e+002
3.426000 3.001828e+002
3.428000 3.001807e+002
3.430000 3.001787e+002
3.432000 3.001766e+002
3.434000 3.001746e+002
3.436000 3.001726e+002
3.438000 3.001706e+002
3.440000 3.001687e+002
3.442000 3.001668e+002
3.444000 3.001648e+002
3.446000 3.001630e+002
3.448000 3.001611e+002
3.450000 3.001592e+002
3.452000 3.001574e+002
3.454000 3.001556e+002
3.456000 3.001538e+002
3.458000 3.001520e+002
3.460000 3.001503e+002
3.462000 3.001485e+002
3.464000 3.001468e+002
3.466000 3.001451e+002
3.468000 3.001435e+002
3.470000 3.001418e+002
3.472000 3.001402e+002
3.474000 3.001385e+002
3.476000 3.001369e+002
3.478000 3.001353e+002
3.480000 3.001338e+002
3.482000 3.001322e+002
3.484000 3.001307e+002
3.486000 3.001292e+002
3.488000 3.001277e+002
3.490000 3.001262e+002
3.492000 3.001247e+002
3.494000 3.001233e+002
3.496000 3.001218e+002
3.498000 3.001204e+002
3.500000 3.001190e+002
3.502000 3.001176e+002
3.504000 3.001162e+002
3.506000 3.001149e+002
3.508000 3.001135e+002
3.510000 3.001122e+002
3.512000 3.001109e+002
3.514000 3.001096e+002
3.516000 3.001083e+002
3.518000 3.001070e+002
3.520000 3.001058e+002
3.522000 3.001045e+002
3.524000 3.001033e+002
3.526000 3.001021e+002
3.528000 3.001009e+002
3.530000 3.000997e+002
3.532000 3.000985e+002
3.534000 3.000973e+002
3.536000 3.000962e+002
3.538000 3.000951e+002
3.540000 3.000939e+002
3.542000 3.000928e+002
3.544000 3.000917e+002
3.546000 3.000906e+002
3.548000 3.000896e+002
3.550000 3.000885e+002
3.552000 3.000875e+002
3.554000 3.000864e+002
3.556000 3.000854e+002
3.558000 3.000844e+002
3.560000 3.000834e+002
3.562000 3.000824e+002
3.564000 3.000814e+002
3.566000 3.000804e+002
3.568000 3.000795e+002
3.570000 3.000785e+002
3.572000 3.000776e+002
3.574000 3.000767e+002
3.576000 3.000757e+002
3.578000 3.000748e+002
3.580000 3.000739e+002
3.582000 3.000731e+002
3.584000 3.000722e+002
3.586000 3.000713e+002
3.588000 3.000705e+002
3.590000 3.000696e+002
3.592000 3.000688e+002
3.594000 3.000680e+002
3.596000 3.000672e+002
3.598000 3.000663e+002
3.600000 3.000656e+002
3.602000 3.000648e+002
3.604000 3.000640e+002
3.606000 3.000632e+002
3.608000 3.000625e+002
3.610000 3.000617e+002
3.612000 3.000610e+002
3.614000 3.000602e+002
3.616000 3.000595e+002
3.618000 3.000588e+002
3.620000 3.000581e+002
3.622000 3.000574e+002
3.624000 3.000567e+002
3.626000 3.000560e+002
3.628000 3.000553e+002
3.630000 3.000547e+002
3.632000 3.000540e+002
3.634000 3.000533e+002
3.636000 3.000527e+002
3.638000 3.000521e+002
3.640000 3.000514e+002
3.642000 3.000508e+002
3.644000 3.000502e+002
3.646000 3.000496e+002
3.648000 3.000490e+002
3.650000 3.000484e+002
3.652000 3.000478e+002
3.654000 3.000472e+002
3.656000 3.000467e+002
3.658000 3.000461e+002
3.660000 3.000455e+002
3.662000 3.000450e+002
3.664000 3.000444e+002
3.666000 3.000439e+002
3.668000 3.000434e+002
3.670000 3.000428e+002
3.672000 3.000423e+002
3.674000 3.000418e+002
3.676000 3.000413e+002
3.678000 3.000408e+002
3.680000 3.000403e+002
3.682000 3.000398e+002
3.684000 3.000393e+002
3.686000 3.000389e+002
3.688000 3.000384e+002
3.690000 3.000379e+002
3.692000 3.000375e+002
3.694000 3.000370e+002
3.696000 3.000366e+002
3.698000 3.000361e+002
3.700000 3.000357e+002
3.702000 3.000353e+002
3.704000 3.000348e+002
3.706000 3.000344e+002
3.708000 3.000340e+002
3.710000 3.000336e+002
3.712000 3.000332e+002
3.714000 3.000328e+002
3.716000 3.000324e+002
3.718000 3.000320e+002
3.720000 3.000316e+002
3.722000 3.000312e+002
3.724000 3.000308e+002
3.726000 3.000305e+002
3.728000 3.000301e+002
3.730000 3.000298e+002
3.732000 3.000294e+002
3.734000 3.000290e+002
3.736000 3.000287e+002
3.738000 3.000284e+002
3.740000 3.000280e+002
3.742000 3.000277e+002
3.744000 3.000273e+002
3.746000 3.000270e+002
3.748000 3.000267e+002
3.750000 3.000264e+002
3.752000 3.000261e+002
3.754000 3.000258e+002
3.756000 3.000255e+002
3.758000 3.000252e+002
3.760000 3.000249e+002
3.762000 3.000246e+002
3.764000 3.000243e+002
3.766000 3.000240e+002
3.768000 3.000237e+002
3.770000 3.000234e+002
3.772000 3.000232e+002
3.774000 3.000229e+002
3.776000 3.000226e+002
3.778000 3.000224e+002
3.780000 3.000221e+002
3.782000 3.000219e+002
3.784000 3.000216e+002
3.786000 3.000214e+002
3.788000 3.000211e+002
3.790000 3.000209e+002
3.792000 3.000206e+002
3.794000 3.000204e+002
3.796000 3.000202e+002
3.798000 3.000199e+002
3.800000 3.000197e+002
3.802000 3.000195e+002
3.804000 3.000193e+002
3.806000 3.000191e+002
3.808000 3.000188e+002
3.810000 3.000186e+002
3.812000 3.000184e+002
3.814000 3.000182e+002
3.816000 3.000180e+002
3.818000 3.000178e+002
3.820000 3.000176e+002
3.822000 3.000174e+002
3.824000 3.000173e+002
3.826000 3.000171e+002
3.828000 3.000169e+002
3.830000 3.000167e+002
3.832000 3.000165e+002
3.834000 3.000164e+002
3.836000 3.000162e+002
3.838000 3.000160e+002
3.840000 3.000159e+002
3.842000 3.000157e+002
3.844000 3.000155e+002
3.846000 3.000154e+002
3.848000 3.000152e+002
3.850000 3.000151e+002
3.852000 3.000149e+002
3.854000 3.000148e+002
3.856000 3.000146e+002
3.858000 3.000145e+002
3.860000 3.000144e+002
3.862000 3.000142e+002
3.864000 3.000141e+002
3.866000 3.000140e+002
3.868000 3.000138e+002
3.870000 3.000137e+002
3.872000 3.000136e+002
3.874000 3.000135e+002
3.876000 3.000133e+002
3.878000 3.000132e+002
3.880000 3.000131e+002
3.882000 3.000130e+002
3.884000 3.000129e+002
3.886000 3.000128e+002
3.888000 3.000127e+002
3.890000 3.000126e+002
3.892000 3.000125e+002
3.894000 3.000124e+002
3.896000 3.000123e+002
3.898000 3.000122e+002
3.900000 3.000121e+002
3.902000 3.000120e+002
3.904000 3.000119e+002
3.906000 3.000118e+002
3.908000 3.000117e+002
3.910000 3.000116e+002
3.912000 3.000116e+002
3.914000 3.000115e+002
3.916000 3.000114e+002
3.918000 3.000113e+002
3.920000 3.000113e+002
3.922000 3.000112e+002
3.924000 3.000111e+002
3.926000 3.000111e+002
3.928000 3.000110e+002
3.930000 3.000109e+002
3.932000 3.000109e+002
3.934000 3.000108e+002
3.936000 3.000108e+002
3.938000 3.000107e+002
3.940000 3.000106e+002
3.942000 3.000106e+002
3.944000 3.000105e+002
3.946000 3.000105e+002
3.948000 3.000105e+002
3.950000 3.000104e+002
3.952000 3.000104e+002
3.954000 3.000103e+002
3.956000 3.000103e+002
3.958000 3.000103e+002
3.960000 3.000102e+002
3.962000 3.000102e+002
3.964000 3.000102e+002
3.966000 3.000101e+002
3.968000 3.000101e+002
3.970000 3.000101e+002
3.972000 3.000101e+002
3.974000 3.000100e+002
3.976000 3.000100e+002
3.978000 3.000100e+002
3.980000 3.000100e+002
3.982000 3.000100e+002
3.984000 3.000100e+002
3.986000 3.000100e+002
3.988000 3.000100e+002
3.990000 3.000100e+002
3.992000 3.000099e+002
3.994000 3.000099e+002
3.996000 3.000099e+002
3.998000 3.000000e+002
