0.000000 3.551949e+002
0.002000 3.613705e+002
0.004000 3.675435e+002
0.006000 3.737136e+002
0.008000 3.798805e+002
0.010000 3.860439e+002
0.012000 3.922036e+002
0.014000 3.983594e+002
0.016000 4.045109e+002
0.018000 4.106579e+002
0.020000 4.168000e+002
0.022000 4.229372e+002
0.024000 4.290690e+002
0.026000 4.351952e+002
0.028000 4.413155e+002
0.030000 4.474297e+002
0.032000 4.535375e+002
0.034000 4.596387e+002
0.036000 4.657330e+002
0.038000 4.718200e+002
0.040000 4.778997e+002
0.042000 4.839716e+002
0.044000 4.900356e+002
0.046000 4.960913e+002
0.048000 5.021386e+002
0.050000 5.081771e+002
0.052000 5.142066e+002
0.054000 5.202269e+002
0.056000 5.262377e+002
0.058000 5.322387e+002
0.060000 5.382297e+002
0.062000 5.442104e+002
0.064000 5.501806e+002
0.066000 5.561401e+002
0.068000 5.620885e+002
0.070000 5.680257e+002
0.072000 5.739514e+002
0.074000 5.798653e+002
0.076000 5.857673e+002
0.078000 5.916570e+002
0.080000 5.975343e+002
0.082000 6.033988e+002
0.084000 6.092504e+002
0.086000 6.150888e+002
0.088000 6.209137e+002
0.090000 6.267250e+002
0.092000 6.325225e+002
0.094000 6.383058e+002
0.096000 6.440747e+002
0.098000 6.498291e+002
0.100000 6.555687e+002
0.102000 6.612933e+002
0.104000 6.670026e+002
0.106000 6.726964e+002
0.108000 6.783745e+002
0.110000 6.840368e+002
0.112000 6.896829e+002
0.114000 6.953126e+002
0.116000 7.009258e+002
0.118000 7.065223e+002
0.120000 7.121017e+002
0.122000 7.176640e+002
0.124000 7.232089e+002
0.126000 7.287362e+002
0.128000 7.342456e+002
0.130000 7.397371e+002
0.132000 7.452104e+002
0.134000 7.506653e+002
0.136000 7.561016e+002
0.138000 7.615190e+002
0.140000 7.669176e+002
0.142000 7.722969e+002
0.144000 7.776569e+002
0.146000 7.829973e+002
0.148000 7.883180e+002
0.150000 7.936188e+002
0.152000 7.988995e+002
0.154000 8.041599e+002
0.156000 8.093999e+002
0.158000 8.146193e+002
0.160000 8.198178e+002
0.162000 8.249954e+002
0.164000 8.301518e+002
0.166000 8.352870e+002
0.168000 8.404007e+002
0.170000 8.454927e+002
0.172000 8.505629e+002
0.174000 8.556112e+002
0.176000 8.606374e+002
0.178000 8.656413e+002
0.180000 8.706228e+002
0.182000 8.755818e+002
0.184000 8.805180e+002
0.186000 8.854313e+002
0.188000 8.903217e+002
0.190000 8.951889e+002
0.192000 9.000328e+002
0.194000 9.048533e+002
0.196000 9.096502e+002
0.198000 9.144234e+002
0.200000 9.191727e+002
0.202000 9.238982e+002
0.204000 9.285995e+002
0.206000 9.332766e+002
0.208000 9.379293e+002
0.210000 9.425576e+002
0.212000 9.471614e+002
0.214000 9.517404e+002
0.216000 9.562946e+002
0.218000 9.608238e+002
0.220000 9.653281e+002
0.222000 9.698072e+002
0.224000 9.742610e+002
0.226000 9.786894e+002
0.228000 9.830924e+002
0.230000 9.874698e+002
0.232000 9.918216e+002
0.234000 9.961476e+002
0.236000 1.000448e+003
0.238000 1.004722e+003
0.240000 1.008970e+003
0.242000 1.013192e+003
0.244000 1.017388e+003
0.246000 1.021557e+003
0.248000 1.025700e+003
0.250000 1.029817e+003
0.252000 1.033907e+003
0.254000 1.037970e+003
0.256000 1.042007e+003
0.258000 1.046017e+003
0.260000 1.050000e+003
0.262000 1.053956e+003
0.264000 1.057886e+003
0.266000 1.061788e+003
0.268000 1.065663e+003
0.270000 1.069511e+003
0.272000 1.073331e+003
0.274000 1.077125e+003
0.276000 1.080891e+003
0.278000 1.084629e+003
0.280000 1.088340e+003
0.282000 1.092024e+003
0.284000 1.095680e+003
0.286000 1.099309e+003
0.288000 1.102910e+003
0.290000 1.106483e+003
0.292000 1.110028e+003
0.294000 1.113546e+003
0.296000 1.117036e+003
0.298000 1.120498e+003
0.300000 1.123932e+003
0.302000 1.127338e+003
0.304000 1.130716e+003
0.306000 1.134066e+003
0.308000 1.137389e+003
0.310000 1.140683e+003
0.312000 1.143949e+003
0.314000 1.147187e+003
0.316000 1.150397e+003
0.318000 1.153579e+003
0.320000 1.156733e+003
0.322000 1.159859e+003
0.324000 1.162956e+003
0.326000 1.166025e+003
0.328000 1.169066e+003
0.330000 1.172079e+003
0.332000 1.175064e+003
0.334000 1.178020e+003
0.336000 1.180948e+003
0.338000 1.183848e+003
0.340000 1.186720e+003
0.342000 1.189563e+003
0.344000 1.192379e+003
0.346000 1.195166e+003
0.348000 1.197924e+003
0.350000 1.200655e+003
0.352000 1.203357e+003
0.354000 1.206031e+003
0.356000 1.208677e+003
0.358000 1.211295e+003
0.360000 1.213884e+003
0.362000 1.216445e+003
0.364000 1.218978e+003
0.366000 1.221483e+003
0.368000 1.223960e+003
0.370000 1.226409e+003
0.372000 1.228829e+003
0.374000 1.231222e+003
0.376000 1.233586e+003
0.378000 1.235922e+003
0.380000 1.238230e+003
0.382000 1.240511e+003
0.384000 1.242763e+003
0.386000 1.244987e+003
0.388000 1.247183e+003
0.390000 1.249352e+003
0.392000 1.251492e+003
0.394000 1.253605e+003
0.396000 1.255689e+003
0.398000 1.257746e+003
0.400000 1.259776e+003
0.402000 1.261777e+003
0.404000 1.263751e+003
0.406000 1.265697e+003
0.408000 1.267615e+003
0.410000 1.269506e+003
0.412000 1.271369e+003
0.414000 1.273205e+003
0.416000 1.275013e+003
0.418000 1.276794e+003
0.420000 1.278547e+003
0.422000 1.280273e+003
0.424000 1.281972e+003
0.426000 1.283643e+003
0.428000 1.285287e+003
0.430000 1.286904e+003
0.432000 1.288493e+003
0.434000 1.290056e+003
0.436000 1.291591e+003
0.438000 1.293100e+003
0.440000 1.294581e+003
0.442000 1.296036e+003
0.444000 1.297463e+003
0.446000 1.298864e+003
0.448000 1.300238e+003
0.450000 1.301585e+003
0.452000 1.302905e+003
0.454000 1.304199e+003
0.456000 1.305466e+003
0.458000 1.306707e+003
0.460000 1.307921e+003
0.462000 1.309108e+003
0.464000 1.310269e+003
0.466000 1.311404e+003
0.468000 1.312513e+003
0.470000 1.313595e+003
0.472000 1.314651e+003
0.474000 1.315681e+003
0.476000 1.316685e+003
0.478000 1.317663e+003
0.480000 1.318615e+003
0.482000 1.319541e+003
0.484000 1.320441e+003
0.486000 1.321315e+003
0.488000 1.322164e+003
0.490000 1.322986e+003
0.492000 1.323784e+003
0.494000 1.324555e+003
0.496000 1.325301e+003
0.498000 1.326022e+003
0.500000 1.326717e+003
0.502000 1.327387e+003
0.504000 1.328031e+003
0.506000 1.328651e+003
0.508000 1.329245e+003
0.510000 1.329814e+003
0.512000 1.330358e+003
0.514000 1.330877e+003
0.516000 1.331371e+003
0.518000 1.331840e+003
0.520000 1.332284e+003
0.522000 1.332704e+003
0.524000 1.333098e+003
0.526000 1.333469e+003
0.528000 1.333814e+003
0.530000 1.334135e+003
0.532000 1.334432e+003
0.534000 1.334704e+003
0.536000 1.334952e+003
0.538000 1.335176e+003
0.540000 1.335376e+003
0.542000 1.335551e+003
0.544000 1.335702e+003
0.546000 1.335829e+003
0.548000 1.335933e+003
0.550000 1.336012e+003
0.552000 1.336068e+003
0.554000 1.336100e+003
0.556000 1.336108e+003
0.558000 1.336092e+003
0.560000 1.336053e+003
0.562000 1.335990e+003
0.564000 1.335904e+003
0.566000 1.335795e+003
0.568000 1.335662e+003
0.570000 1.335506e+003
0.572000 1.335327e+003
0.574000 1.335125e+003
0.576000 1.334899e+003
0.578000 1.334651e+003
0.580000 1.334380e+003
0.582000 1.334085e+003
0.584000 1.333768e+003
0.586000 1.333429e+003
0.588000 1.333066e+003
0.590000 1.332681e+003
0.592000 1.332274e+003
0.594000 1.331844e+003
0.596000 1.331391e+003
0.598000 1.330917e+003
0.600000 1.330420e+003
0.602000 1.329900e+003
0.604000 1.329359e+003
0.606000 1.328796e+003
0.608000 1.328210e+003
0.610000 1.327603e+003
0.612000 1.326973e+003
0.614000 1.326322e+003
0.616000 1.325650e+003
0.618000 1.324955e+003
0.620000 1.324239e+003
0.622000 1.323501e+003
0.624000 1.322742e+003
0.626000 1.321962e+003
0.628000 1.321160e+003
0.630000 1.320337e+003
0.632000 1.319493e+003
0.634000 1.318628e+003
0.636000 1.317741e+003
0.638000 1.316834e+003
0.640000 1.315906e+003
0.642000 1.314956e+003
0.644000 1.313987e+003
0.646000 1.312996e+003
0.648000 1.311985e+003
0.650000 1.310953e+003
0.652000 1.309901e+003
0.654000 1.308828e+003
0.656000 1.307735e+003
0.658000 1.306622e+003
0.660000 1.305489e+003
0.662000 1.304335e+003
0.664000 1.303162e+003
0.666000 1.301968e+003
0.668000 1.300755e+003
0.670000 1.299521e+003
0.672000 1.298268e+003
0.674000 1.296996e+003
0.676000 1.295704e+003
0.678000 1.294392e+003
0.680000 1.293061e+003
0.682000 1.291710e+003
0.684000 1.290340e+003
0.686000 1.288951e+003
0.688000 1.287543e+003
0.690000 1.286116e+003
0.692000 1.284670e+003
0.694000 1.283205e+003
0.696000 1.281721e+003
0.698000 1.280218e+003
0.700000 1.278697e+003
0.702000 1.277157e+003
0.704000 1.275599e+003
0.706000 1.274022e+003
0.708000 1.272427e+003
0.710000 1.270814e+003
0.712000 1.269182e+003
0.714000 1.267532e+003
0.716000 1.265865e+003
0.718000 1.264179e+003
0.720000 1.262476e+003
0.722000 1.260755e+003
0.724000 1.259016e+003
0.726000 1.257260e+003
0.728000 1.255486e+003
0.730000 1.253695e+003
0.732000 1.251887e+003
0.734000 1.250061e+003
0.736000 1.248219e+003
0.738000 1.246359e+003
0.740000 1.244482e+003
0.742000 1.242588e+003
0.744000 1.240678e+003
0.746000 1.238751e+003
0.748000 1.236807e+003
0.750000 1.234847e+003
0.752000 1.232871e+003
0.754000 1.230878e+003
0.756000 1.228869e+003
0.758000 1.226844e+003
0.760000 1.224803e+003
0.762000 1.222746e+003
0.764000 1.220673e+003
0.766000 1.218584e+003
0.768000 1.216480e+003
0.770000 1.214360e+003
0.772000 1.212225e+003
0.774000 1.210074e+003
0.776000 1.207909e+003
0.778000 1.205728e+003
0.780000 1.203532e+003
0.782000 1.201321e+003
0.784000 1.199095e+003
0.786000 1.196855e+003
0.788000 1.194600e+003
0.790000 1.192331e+003
0.792000 1.190047e+003
0.794000 1.187749e+003
0.796000 1.185436e+003
0.798000 1.183110e+003
0.800000 1.180770e+003
0.802000 1.178415e+003
0.804000 1.176047e+003
0.806000 1.173666e+003
0.808000 1.171270e+003
0.810000 1.168862e+003
0.812000 1.166440e+003
0.814000 1.164005e+003
0.816000 1.161557e+003
0.818000 1.159095e+003
0.820000 1.156621e+003
0.822000 1.154135e+003
0.824000 1.151635e+003
0.826000 1.149123e+003
0.828000 1.146599e+003
0.830000 1.144062e+003
0.832000 1.141514e+003
0.834000 1.138953e+003
0.836000 1.136380e+003
0.838000 1.133796e+003
0.840000 1.131200e+003
0.842000 1.128592e+003
0.844000 1.125973e+003
0.846000 1.123342e+003
0.848000 1.120701e+003
0.850000 1.118048e+003
0.852000 1.115384e+003
0.854000 1.112710e+003
0.856000 1.110025e+003
0.858000 1.107329e+003
0.860000 1.104623e+003
0.862000 1.101906e+003
0.864000 1.099180e+003
0.866000 1.096443e+003
0.868000 1.093697e+003
0.870000 1.090940e+003
0.872000 1.088174e+003
0.874000 1.085398e+003
0.876000 1.082613e+003
0.878000 1.079819e+003
0.880000 1.077016e+003
0.882000 1.074203e+003
0.884000 1.071382e+003
0.886000 1.068552e+003
0.888000 1.065713e+003
0.890000 1.062866e+003
0.892000 1.060010e+003
0.894000 1.057147e+003
0.896000 1.054275e+003
0.898000 1.051395e+003
0.900000 1.048508e+003
0.902000 1.045613e+003
0.904000 1.042710e+003
0.906000 1.039800e+003
0.908000 1.036883e+003
0.910000 1.033958e+003
0.912000 1.031027e+003
0.914000 1.028089e+003
0.916000 1.025144e+003
0.918000 1.022192e+003
0.920000 1.019234e+003
0.922000 1.016270e+003
0.924000 1.013300e+003
0.926000 1.010324e+003
0.928000 1.007342e+003
0.930000 1.004354e+003
0.932000 1.001361e+003
0.934000 9.983621e+002
0.936000 9.953581e+002
0.938000 9.923489e+002
0.940000 9.893348e+002
0.942000 9.863159e+002
0.944000 9.832922e+002
0.946000 9.802640e+002
0.948000 9.772314e+002
0.950000 9.741946e+002
0.952000 9.711536e+002
0.954000 9.681086e+002
0.956000 9.650598e+002
0.958000 9.620073e+002
0.960000 9.589513e+002
0.962000 9.558919e+002
0.964000 9.528292e+002
0.966000 9.497634e+002
0.968000 9.466947e+002
0.970000 9.436231e+002
0.972000 9.405489e+002
0.974000 9.374721e+002
0.976000 9.343930e+002
0.978000 9.313116e+002
0.980000 9.282282e+002
0.982000 9.251428e+002
0.984000 9.220556e+002
0.986000 9.189667e+002
0.988000 9.158763e+002
0.990000 9.127846e+002
0.992000 9.096917e+002
0.994000 9.065976e+002
0.996000 9.035027e+002
0.998000 9.004069e+002
1.000000 8.973106e+002
1.002000 8.942137e+002
1.004000 8.911164e+002
1.006000 8.880190e+002
1.008000 8.849215e+002
1.010000 8.818241e+002
1.012000 8.787268e+002
1.014000 8.756300e+002
1.016000 8.725336e+002
1.018000 8.694379e+002
1.020000 8.663430e+002
1.022000 8.632490e+002
1.024000 8.601561e+002
1.026000 8.570644e+002
1.028000 8.539741e+002
1.030000 8.508852e+002
1.032000 8.477980e+002
1.034000 8.447125e+002
1.036000 8.416290e+002
1.038000 8.385475e+002
1.040000 8.354681e+002
1.042000 8.323911e+002
1.044000 8.293166e+002
1.046000 8.262446e+002
1.048000 8.231754e+002
1.050000 8.201091e+002
1.052000 8.170457e+002
1.054000 8.139855e+002
1.056000 8.109286e+002
1.058000 8.078750e+002
1.060000 8.048250e+002
1.062000 8.017787e+002
1.064000 7.987361e+002
1.066000 7.956975e+002
1.068000 7.926630e+002
1.070000 7.896326e+002
1.072000 7.866065e+002
1.074000 7.835849e+002
1.076000 7.805679e+002
1.078000 7.775556e+002
1.080000 7.745480e+002
1.082000 7.715455e+002
1.084000 7.685480e+002
1.086000 7.655557e+002
1.088000 7.625687e+002
1.090000 7.595871e+002
1.092000 7.566112e+002
1.094000 7.536409e+002
1.096000 7.506764e+002
1.098000 7.477178e+002
1.100000 7.447653e+002
1.102000 7.418189e+002
1.104000 7.388788e+002
1.106000 7.359451e+002
1.108000 7.330178e+002
1.110000 7.300972e+002
1.112000 7.271834e+002
1.114000 7.242763e+002
1.116000 7.213763e+002
1.118000 7.184832e+002
1.120000 7.155974e+002
1.122000 7.127188e+002
1.124000 7.098476e+002
1.126000 7.069839e+002
1.128000 7.041278e+002
1.130000 7.012794e+002
1.132000 6.984387e+002
1.134000 6.956060e+002
1.136000 6.927813e+002
1.138000 6.899647e+002
1.140000 6.871563e+002
1.142000 6.843562e+002
1.144000 6.815645e+002
1.146000 6.787813e+002
1.148000 6.760067e+002
1.150000 6.732407e+002
1.152000 6.704836e+002
1.154000 6.677352e+002
1.156000 6.649959e+002
1.158000 6.622656e+002
1.160000 6.595444e+002
1.162000 6.568324e+002
1.164000 6.541298e+002
1.166000 6.514365e+002
1.168000 6.487527e+002
1.170000 6.460784e+002
1.172000 6.434138e+002
1.174000 6.407589e+002
1.176000 6.381138e+002
1.178000 6.354786e+002
1.180000 6.328533e+002
1.182000 6.302380e+002
1.184000 6.276328e+002
1.186000 6.250378e+002
1.188000 6.224531e+002
1.190000 6.198786e+002
1.192000 6.173146e+002
1.194000 6.147609e+002
1.196000 6.122178e+002
1.198000 6.096853e+002
1.200000 6.071634e+002
1.202000 6.046523e+002
1.204000 6.021519e+002
1.206000 5.996623e+002
1.208000 5.971836e+002
1.210000 5.947159e+002
1.212000 5.922592e+002
1.214000 5.898135e+002
1.216000 5.873790e+002
1.218000 5.849556e+002
1.220000 5.825435e+002
1.222000 5.801426e+002
1.224000 5.777530e+002
1.226000 5.753749e+002
1.228000 5.730081e+002
1.230000 5.706528e+002
1.232000 5.683091e+002
1.234000 5.659768e+002
1.236000 5.636562e+002
1.238000 5.613472e+002
1.240000 5.590499e+002
1.242000 5.567643e+002
1.244000 5.544905e+002
1.246000 5.522285e+002
1.248000 5.499783e+002
1.250000 5.477399e+002
1.252000 5.455135e+002
1.254000 5.432989e+002
1.256000 5.410964e+002
1.258000 5.389058e+002
1.260000 5.367272e+002
1.262000 5.345607e+002
1.264000 5.324062e+002
1.266000 5.302638e+002
1.268000 5.281336e+002
1.270000 5.260155e+002
1.272000 5.239095e+002
1.274000 5.218157e+002
1.276000 5.197341e+002
1.278000 5.176647e+002
1.280000 5.156075e+002
1.282000 5.135626e+002
1.284000 5.115300e+002
1.286000 5.095096e+002
1.288000 5.075015e+002
1.290000 5.055057e+002
1.292000 5.035222e+002
1.294000 5.015510e+002
1.296000 4.995921e+002
1.298000 4.976456e+002
1.300000 4.957113e+002
1.302000 4.937895e+002
1.304000 4.918799e+002
1.306000 4.899827e+002
1.308000 4.880978e+002
1.310000 4.862253e+002
1.312000 4.843651e+002
1.314000 4.825172e+002
1.316000 4.806817e+002
1.318000 4.788585e+002
1.320000 4.770476e+002
1.322000 4.752490e+002
1.324000 4.734628e+002
1.326000 4.716888e+002
1.328000 4.699271e+002
1.330000 4.681778e+002
1.332000 4.664406e+002
1.334000 4.647158e+002
1.336000 4.630031e+002
1.338000 4.613027e+002
1.340000 4.596146e+002
1.342000 4.579386e+002
1.344000 4.562748e+002
1.346000 4.546231e+002
1.348000 4.529836e+002
1.350000 4.513562e+002
1.352000 4.497409e+002
1.354000 4.481377e+002
1.356000 4.465466e+002
1.358000 4.449674e+002
1.360000 4.434003e+002
1.362000 4.418452e+002
1.364000 4.403021e+002
1.366000 4.387708e+002
1.368000 4.372515e+002
1.370000 4.357440e+002
1.372000 4.342484e+002
1.374000 4.327647e+002
1.376000 4.312927e+002
1.378000 4.298324e+002
1.380000 4.283839e+002
1.382000 4.269471e+002
1.384000 4.255219e+002
1.386000 4.241083e+002
1.388000 4.227064e+002
1.390000 4.213160e+002
1.392000 4.199371e+002
1.394000 4.185696e+002
1.396000 4.172137e+002
1.398000 4.158691e+002
1.400000 4.145359e+002
1.402000 4.132140e+002
1.404000 4.119034e+002
1.406000 4.106040e+002
1.408000 4.093158e+002
1.410000 4.080388e+002
1.412000 4.067729e+002
1.414000 4.055181e+002
1.416000 4.042743e+002
1.418000 4.030415e+002
1.420000 4.018197e+002
1.422000 4.006087e+002
1.424000 3.994085e+002
1.426000 3.982192e+002
1.428000 3.970406e+002
1.430000 3.958728e+002
1.432000 3.947156e+002
1.434000 3.935690e+002
1.436000 3.924329e+002
1.438000 3.913074e+002
1.440000 3.901923e+002
1.442000 3.890877e+002
1.444000 3.879934e+002
1.446000 3.869094e+002
1.448000 3.858357e+002
1.450000 3.847722e+002
1.452000 3.837188e+002
1.454000 3.826756e+002
1.456000 3.816424e+002
1.458000 3.806192e+002
1.460000 3.796059e+002
1.462000 3.786025e+002
1.464000 3.776090e+002
1.466000 3.766252e+002
1.468000 3.756512e+002
1.470000 3.746868e+002
1.472000 3.737320e+002
1.474000 3.727868e+002
1.476000 3.718511e+002
1.478000 3.709249e+002
1.480000 3.700080e+002
1.482000 3.691005e+002
1.484000 3.682023e+002
1.486000 3.673133e+002
1.488000 3.664334e+002
1.490000 3.655626e+002
1.492000 3.647009e+002
1.494000 3.638482e+002
1.496000 3.630044e+002
1.498000 3.621695e+002
1.500000 3.613434e+002
1.502000 3.605261e+002
1.504000 3.597175e+002
1.506000 3.589175e+002
1.508000 3.581261e+002
1.510000 3.573432e+002
1.512000 3.565688e+002
1.514000 3.558028e+002
1.516000 3.550451e+002
1.518000 3.542957e+002
1.520000 3.535546e+002
1.522000 3.528216e+002
1.524000 3.520967e+002
1.526000 3.513799e+002
1.528000 3.506711e+002
1.530000 3.499702e+002
1.532000 3.492772e+002
1.534000 3.485920e+002
1.536000 3.479145e+002
1.538000 3.472448e+002
1.540000 3.465827e+002
1.542000 3.459281e+002
1.544000 3.452811e+002
1.546000 3.446416e+002
1.548000 3.440094e+002
1.550000 3.433846e+002
1.552000 3.427670e+002
1.554000 3.421567e+002
1.556000 3.415536e+002
1.558000 3.409575e+002
1.560000 3.403685e+002
1.562000 3.397865e+002
1.564000 3.392114e+002
1.566000 3.386432e+002
1.568000 3.380818e+002
1.570000 3.375272e+002
1.572000 3.369793e+002
1.574000 3.364379e+002
1.576000 3.359032e+002
1.578000 3.353750e+002
1.580000 3.348533e+002
1.582000 3.343380e+002
1.584000 3.338290e+002
1.586000 3.333263e+002
1.588000 3.328299e+002
1.590000 3.323397e+002
1.592000 3.318555e+002
1.594000 3.313775e+002
1.596000 3.309054e+002
1.598000 3.304394e+002
1.600000 3.299792e+002
1.602000 3.295248e+002
1.604000 3.290763e+002
1.606000 3.286335e+002
1.608000 3.281964e+002
1.610000 3.277649e+002
1.612000 3.273390e+002
1.614000 3.269186e+002
1.616000 3.265036e+002
1.618000 3.260941e+002
1.620000 3.256899e+002
1.622000 3.252911e+002
1.624000 3.248974e+002
1.626000 3.245090e+002
1.628000 3.241258e+002
1.630000 3.237476e+002
1.632000 3.233745e+002
1.634000 3.230063e+002
1.636000 3.226431e+002
1.638000 3.222848e+002
1.640000 3.219314e+002
1.642000 3.215827e+002
1.644000 3.212388e+002
1.646000 3.208995e+002
1.648000 3.205649e+002
1.650000 3.202349e+002
1.652000 3.199094e+002
1.654000 3.195884e+002
1.656000 3.192718e+002
1.658000 3.189597e+002
1.660000 3.186519e+002
1.662000 3.183483e+002
1.664000 3.180491e+002
1.666000 3.177540e+002
1.668000 3.174631e+002
1.670000 3.171763e+002
1.672000 3.168936e+002
1.674000 3.166149e+002
1.676000 3.163402e+002
1.678000 3.160694e+002
1.680000 3.158025e+002
1.682000 3.155394e+002
1.684000 3.152801e+002
1.686000 3.150246e+002
1.688000 3.147728e+002
1.690000 3.145246e+002
1.692000 3.142801e+002
1.694000 3.140391e+002
1.696000 3.138017e+002
1.698000 3.135678e+002
1.700000 3.133373e+002
1.702000 3.131102e+002
1.704000 3.128865e+002
1.706000 3.126662e+002
1.708000 3.124491e+002
1.710000 3.122353e+002
1.712000 3.120247e+002
1.714000 3.118173e+002
1.716000 3.116130e+002
1.718000 3.114118e+002
1.720000 3.112136e+002
1.722000 3.110185e+002
1.724000 3.108263e+002
1.726000 3.106371e+002
1.728000 3.104508e+002
1.730000 3.102673e+002
1.732000 3.100867e+002
1.734000 3.099089e+002
1.736000 3.097338e+002
1.738000 3.095615e+002
1.740000 3.093918e+002
1.742000 3.092248e+002
1.744000 3.090605e+002
1.746000 3.088987e+002
1.748000 3.087394e+002
1.750000 3.085827e+002
1.752000 3.084285e+002
1.754000 3.082767e+002
1.756000 3.081273e+002
1.758000 3.079803e+002
1.760000 3.078357e+002
1.762000 3.076934e+002
1.764000 3.075534e+002
1.766000 3.074156e+002
1.768000 3.072801e+002
1.770000 3.071468e+002
1.772000 3.070157e+002
1.774000 3.068866e+002
1.776000 3.067597e+002
1.778000 3.066349e+002
1.780000 3.065121e+002
1.782000 3.063914e+002
1.784000 3.062726e+002
1.786000 3.061559e+002
1.788000 3.060410e+002
1.790000 3.059281e+002
1.792000 3.058170e+002
1.794000 3.057078e+002
1.796000 3.056005e+002
1.798000 3.054949e+002
1.800000 3.053912e+002
1.802000 3.052891e+002
1.804000 3.051888e+002
1.806000 3.050903e+002
1.808000 3.049933e+002
1.810000 3.048981e+002
1.812000 3.048045e+002
1.814000 3.047124e+002
1.816000 3.046220e+002
1.818000 3.045331e+002
1.820000 3.044458e+002
1.822000 3.043599e+002
1.824000 3.042756e+002
1.826000 3.041927e+002
1.828000 3.041113e+002
1.830000 3.040313e+002
1.832000 3.039527e+002
1.834000 3.038755e+002
1.836000 3.037996e+002
1.838000 3.037251e+002
1.840000 3.036519e+002
1.842000 3.035800e+002
1.844000 3.035093e+002
1.846000 3.034400e+002
1.848000 3.033718e+002
1.850000 3.033049e+002
1.852000 3.032392e+002
1.854000 3.031747e+002
1.856000 3.031113e+002
1.858000 3.030491e+002
1.860000 3.029880e+002
1.862000 3.029280e+002
1.864000 3.028691e+002
1.866000 3.028113e+002
1.868000 3.027545e+002
1.870000 3.026988e+002
1.872000 3.026441e+002
1.874000 3.025904e+002
1.876000 3.025377e+002
1.878000 3.024860e+002
1.880000 3.024352e+002
1.882000 3.023854e+002
1.884000 3.023365e+002
1.886000 3.022885e+002
1.888000 3.022414e+002
1.890000 3.021952e+002
1.892000 3.021499e+002
1.894000 3.021054e+002
1.896000 3.020617e+002
1.898000 3.020189e+002
1.900000 3.019769e+002
1.902000 3.019357e+002
1.904000 3.018953e+002
1.906000 3.018556e+002
1.908000 3.018167e+002
1.910000 3.017786e+002
1.912000 3.017411e+002
1.914000 3.017044e+002
1.916000 3.016685e+002
1.918000 3.016332e+002
1.920000 3.015985e+002
1.922000 3.015646e+002
1.924000 3.015313e+002
1.926000 3.014987e+002
1.928000 3.014667e+002
1.930000 3.014353e+002
1.932000 3.014046e+002
1.934000 3.013744e+002
1.936000 3.013448e+002
1.938000 3.013159e+002
1.940000 3.012875e+002
1.942000 3.012596e+002
1.944000 3.012324e+002
1.946000 3.012056e+002
1.948000 3.011794e+002
1.950000 3.011537e+002
1.952000 3.011286e+002
1.954000 3.011039e+002
1.956000 3.010797e+002
1.958000 3.010560e+002
1.960000 3.010328e+002
1.962000 3.010101e+002
1.964000 3.009878e+002
1.966000 3.009660e+002
1.968000 3.009446e+002
1.970000 3.009237e+002
1.972000 3.009032e+002
1.974000 3.008831e+002
1.976000 3.008634e+002
1.978000 3.008442e+002
1.980000 3.008253e+002
1.982000 3.008068e+002
1.984000 3.007887e+002
1.986000 3.007710e+002
1.988000 3.007536e+002
1.990000 3.007366e+002
1.992000 3.007200e+002
1.994000 3.007037e+002
1.996000 3.006877e+002
1.998000 3.006721e+002
2.000000 3.006568e+002
2.002000 3.006418e+002
2.004000 3.006272e+002
2.006000 3.006128e+002
2.008000 3.005988e+002
2.010000 3.005851e+002
2.012000 3.005716e+002
2.014000 3.005585e+002
2.016000 3.005456e+002
2.018000 3.005330e+002
2.020000 3.005206e+002
2.022000 3.005086e+002
2.024000 3.004968e+002
2.026000 3.004852e+002
2.028000 3.004739e+002
2.030000 3.004629e+002
2.032000 3.004520e+002
2.034000 3.004415e+002
2.036000 3.004311e+002
2.038000 3.004210e+002
2.040000 3.004111e+002
2.042000 3.004014e+002
2.044000 3.003919e+002
2.046000 3.003826e+002
2.048000 3.003736e+002
2.050000 3.003647e+002
2.052000 3.003560e+002
2.054000 3.003476e+002
2.056000 3.003393e+002
2.058000 3.003312e+002
2.060000 3.003233e+002
2.062000 3.003155e+002
2.064000 3.003079e+002
2.066000 3.003005e+002
2.068000 3.002933e+002
2.070000 3.002862e+002
2.072000 3.002793e+002
2.074000 3.002726e+002
2.076000 3.002659e+002
2.078000 3.002595e+002
2.080000 3.002532e+002
2.082000 3.002470e+002
2.084000 3.002410e+002
2.086000 3.002351e+002
2.088000 3.002294e+002
2.090000 3.002237e+002
2.092000 3.002182e+002
2.094000 3.002129e+002
2.096000 3.002076e+002
2.098000 3.002025e+002
2.100000 3.001975e+002
2.102000 3.001926e+002
2.104000 3.001878e+002
2.106000 3.001832e+002
2.108000 3.001786e+002
2.110000 3.001742e+002
2.112000 3.001698e+002
2.114000 3.001656e+002
2.116000 3.001614e+002
2.118000 3.001574e+002
2.120000 3.001535e+002
2.122000 3.001496e+002
2.124000 3.001458e+002
2.126000 3.001422e+002
2.128000 3.001386e+002
2.130000 3.001351e+002
2.132000 3.001316e+002
2.134000 3.001283e+002
2.136000 3.001250e+002
2.138000 3.001219e+002
2.140000 3.001187e+002
2.142000 3.001157e+002
2.144000 3.001128e+002
2.146000 3.001099e+002
2.148000 3.001071e+002
2.150000 3.001043e+002
2.152000 3.001016e+002
2.154000 3.000990e+002
2.156000 3.000964e+002
2.158000 3.000940e+002
2.160000 3.000915e+002
2.162000 3.000891e+002
2.164000 3.000868e+002
2.166000 3.000846e+002
2.168000 3.000824e+002
2.170000 3.000802e+002
2.172000 3.000781e+002
2.174000 3.000761e+002
2.176000 3.000741e+002
2.178000 3.000721e+002
2.180000 3.000703e+002
2.182000 3.000684e+002
2.184000 3.000666e+002
2.186000 3.000648e+002
2.188000 3.000631e+002
2.190000 3.000615e+002
2.192000 3.000598e+002
2.194000 3.000582e+002
2.196000 3.000567e+002
2.198000 3.000552e+002
2.200000 3.000537e+002
2.202000 3.000523e+002
2.204000 3.000509e+002
2.206000 3.000495e+002
2.208000 3.000482e+002
2.210000 3.000469e+002
2.212000 3.000456e+002
2.214000 3.000444e+002
2.216000 3.000432e+002
2.218000 3.000420e+002
2.220000 3.000409e+002
2.222000 3.000398e+002
2.224000 3.000387e+002
2.226000 3.000377e+002
2.228000 3.000366e+002
2.230000 3.000356e+002
2.232000 3.000347e+002
2.234000 3.000337e+002
2.236000 3.000328e+002
2.238000 3.000319e+002
2.240000 3.000310e+002
2.242000 3.000302e+002
2.244000 3.000293e+002
2.246000 3.000285e+002
2.248000 3.000277e+002
2.250000 3.000270e+002
2.252000 3.000262e+002
2.254000 3.000255e+002
2.256000 3.000248e+002
2.258000 3.000241e+002
2.260000 3.000234e+002
2.262000 3.000228e+002
2.264000 3.000221e+002
2.266000 3.000215e+002
2.268000 3.000209e+002
2.270000 3.000203e+002
2.272000 3.000198e+002
2.274000 3.000192e+002
2.276000 3.000187e+002
2.278000 3.000181e+002
2.280000 3.000176e+002
2.282000 3.000171e+002
2.284000 3.000166e+002
2.286000 3.000162e+002
2.288000 3.000157e+002
2.290000 3.000153e+002
2.292000 3.000148e+002
2.294000 3.000144e+002
2.296000 3.000140e+002
2.298000 3.000136e+002
2.300000 3.000132e+002
2.302000 3.000128e+002
2.304000 3.000125e+002
2.306000 3.000121e+002
2.308000 3.000117e+002
2.310000 3.000114e+002
2.312000 3.000111e+002
2.314000 3.000108e+002
2.316000 3.000104e+002
2.318000 3.000101e+002
2.320000 3.000098e+002
2.322000 3.000096e+002
2.324000 3.000093e+002
2.326000 3.000090e+002
2.328000 3.000087e+002
2.330000 3.000085e+002
2.332000 3.000082e+002
2.334000 3.000080e+002
2.336000 3.000078e+002
2.338000 3.000075e+002
2.340000 3.000073e+002
2.342000 3.000071e+002
2.344000 3.000069e+002
2.346000 3.000067e+002
2.348000 3.000065e+002
2.350000 3.000063e+002
2.352000 3.000061e+002
2.354000 3.000059e+002
2.356000 3.000058e+002
2.358000 3.000056e+002
2.360000 3.000054e+002
2.362000 3.000053e+002
2.364000 3.000051e+002
2.366000 3.000049e+002
2.368000 3.000048e+002
2.370000 3.000047e+002
2.372000 3.000045e+002
2.374000 3.000044e+002
2.376000 3.000042e+002
2.378000 3.000041e+002
2.380000 3.000040e+002
2.382000 3.000039e+002
2.384000 3.000038e+002
2.386000 3.000036e+002
2.388000 3.000035e+002
2.390000 3.000034e+002
2.392000 3.000033e+002
2.394000 3.000032e+002
2.396000 3.000031e+002
2.398000 3.000030e+002
2.400000 3.000029e+002
2.402000 3.000028e+002
2.404000 3.000028e+002
2.406000 3.000027e+002
2.408000 3.000026e+002
2.410000 3.000025e+002
2.412000 3.000024e+002
2.414000 3.000024e+002
2.416000 3.000023e+002
2.418000 3.000022e+002
2.420000 3.000021e+002
2.422000 3.000021e+002
2.424000 3.000020e+002
2.426000 3.000019e+002
2.428000 3.000019e+002
2.430000 3.000018e+002
2.432000 3.000018e+002
2.434000 3.000017e+002
2.436000 3.000017e+002
2.438000 3.000016e+002
2.440000 3.000016e+002
2.442000 3.000015e+002
2.444000 3.000015e+002
2.446000 3.000014e+002
2.448000 3.000014e+002
2.450000 3.000013e+002
2.452000 3.000013e+002
2.454000 3.000012e+002
2.456000 3.000012e+002
2.458000 3.000012e+002
2.460000 3.000011e+002
2.462000 3.000011e+002
2.464000 3.000011e+002
2.466000 3.000010e+002
2.468000 3.000010e+002
2.470000 3.000010e+002
2.472000 3.000009e+002
2.474000 3.000009e+002
2.476000 3.000009e+002
2.478000 3.000008e+002
2.480000 3.000008e+002
2.482000 3.000008e+002
2.484000 3.000008e+002
2.486000 3.000007e+002
2.488000 3.000007e+002
2.490000 3.000007e+002
2.492000 3.000007e+002
2.494000 3.000006e+002
2.496000 3.000006e+002
2.498000 3.000006e+002
2.500000 3.000006e+002
2.502000 3.000006e+002
2.504000 3.000005e+002
2.506000 3.000005e+002
2.508000 3.000005e+002
2.510000 3.000005e+002
2.512000 3.000005e+002
2.514000 3.000005e+002
2.516000 3.000004e+002
2.518000 3.000004e+002
2.520000 3.000004e+002
2.522000 3.000004e+002
2.524000 3.000004e+002
2.526000 3.000004e+002
2.528000 3.000004e+002
2.530000 3.000004e+002
2.532000 3.000003e+002
2.534000 3.000003e+002
2.536000 3.000003e+002
2.538000 3.000003e+002
2.540000 3.000003e+002
2.542000 3.000003e+002
2.544000 3.000003e+002
2.546000 3.000003e+002
2.548000 3.000003e+002
2.550000 3.000003e+002
2.552000 3.000002e+002
2.554000 3.000002e+002
2.556000 3.000002e+002
2.558000 3.000002e+002
2.560000 3.000002e+002
2.562000 3.000002e+002
2.564000 3.000002e+002
2.566000 3.000002e+002
2.568000 3.000002e+002
2.570000 3.000002e+002
2.572000 3.000002e+002
2.574000 3.000002e+002
2.576000 3.000002e+002
2.578000 3.000002e+002
2.580000 3.000002e+002
2.582000 3.000001e+002
2.584000 3.000001e+002
2.586000 3.000001e+002
2.588000 3.000001e+002
2.590000 3.000001e+002
2.592000 3.000001e+002
2.594000 3.000001e+002
2.596000 3.000001e+002
2.598000 3.000001e+002
2.600000 3.000001e+002
2.602000 3.000001e+002
2.604000 3.000001e+002
2.606000 3.000001e+002
2.608000 3.000001e+002
2.610000 3.000001e+002
2.612000 3.000001e+002
2.614000 3.000001e+002
2.616000 3.000001e+002
2.618000 3.000001e+002
2.620000 3.000001e+002
2.622000 3.000001e+002
2.624000 3.000001e+002
2.626000 3.000001e+002
2.628000 3.000001e+002
2.630000 3.000001e+002
2.632000 3.000001e+002
2.634000 3.000001e+002
2.636000 3.000001e+002
2.638000 3.000001e+002
2.640000 3.000001e+002
2.642000 3.000001e+002
2.644000 3.000000e+002
2.646000 3.000000e+002
2.648000 3.000000e+002
2.650000 3.000000e+002
2.652000 3.000000e+002
2.654000 3.000000e+002
2.656000 3.000000e+002
2.658000 3.000000e+002
2.660000 3.000000e+002
2.662000 3.000000e+002
2.664000 3.000000e+002
2.666000 3.000000e+002
2.668000 3.000000e+002
2.670000 3.000000e+002
2.672000 3.000000e+002
2.674000 3.000000e+002
2.676000 3.000000e+002
2.678000 3.000000e+002
2.680000 3.000000e+002
2.682000 3.000000e+002
2.684000 3.000000e+002
2.686000 3.000000e+002
2.688000 3.000000e+002
2.690000 3.000000e+002
2.692000 3.000000e+002
2.694000 3.000000e+002
2.696000 3.000000e+002
2.698000 3.000000e+002
2.700000 3.000000e+002
2.702000 3.000000e+002
2.704000 3.000000e+002
2.706000 3.000000e+002
2.708000 3.000000e+002
2.710000 3.000000e+002
2.712000 3.000000e+002
2.714000 3.000000e+002
2.716000 3.000000e+002
2.718000 3.000000e+002
2.720000 3.000000e+002
2.722000 3.000000e+002
2.724000 3.000000e+002
2.726000 3.000000e+002
2.728000 3.000000e+002
2.730000 3.000000e+002
2.732000 3.000000e+002
2.734000 3.000000e+002
2.736000 3.000000e+002
2.738000 3.000000e+002
2.740000 3.000000e+002
2.742000 3.000000e+002
2.744000 3.000000e+002
2.746000 3.000000e+002
2.748000 3.000000e+002
2.750000 3.000000e+002
2.752000 3.000000e+002
2.754000 3.000000e+002
2.756000 3.000000e+002
2.758000 3.000000e+002
2.760000 3.000000e+002
2.762000 3.000000e+002
2.764000 3.000000e+002
2.766000 3.000000e+002
2.768000 3.000000e+002
2.770000 3.000000e+002
2.772000 3.000000e+002
2.774000 3.000000e+002
2.776000 3.000000e+002
2.778000 3.000000e+002
2.780000 3.000000e+002
2.782000 3.000000e+002
2.784000 3.000000e+002
2.786000 3.000000e+002
2.788000 3.000000e+002
2.790000 3.000000e+002
2.792000 3.000000e+002
2.794000 3.000000e+002
2.796000 3.000000e+002
2.798000 3.000000e+002
2.800000 3.000000e+002
2.802000 3.000000e+002
2.804000 3.000000e+002
2.806000 3.000000e+002
2.808000 3.000000e+002
2.810000 3.000000e+002
2.812000 3.000000e+002
2.814000 3.000000e+002
2.816000 3.000000e+002
2.818000 3.000000e+002
2.820000 3.000000e+002
2.822000 3.000000e+002
2.824000 3.000000e+002
2.826000 3.000000e+002
2.828000 3.000000e+002
2.830000 3.000000e+002
2.832000 3.000000e+002
2.834000 3.000000e+002
2.836000 3.000000e+002
2.838000 3.000000e+002
2.840000 3.000000e+002
2.842000 3.000000e+002
2.844000 3.000000e+002
2.846000 3.000000e+002
2.848000 3.000000e+002
2.850000 3.000000e+002
2.852000 3.000000e+002
2.854000 3.000000e+002
2.856000 3.000000e+002
2.858000 3.000000e+002
2.860000 3.000000e+002
2.862000 3.000000e+002
2.864000 3.000000e+002
2.866000 3.000000e+002
2.868000 3.000000e+002
2.870000 3.000000e+002
2.872000 3.000000e+002
2.874000 3.000000e+002
2.876000 3.000000e+002
2.878000 3.000000e+002
2.880000 3.000000e+002
2.882000 3.000000e+002
2.884000 3.000000e+002
2.886000 3.000000e+002
2.888000 3.000000e+002
2.890000 3.000000e+002
2.892000 3.000000e+002
2.894000 3.000000e+002
2.896000 3.000000e+002
2.898000 3.000000e+002
2.900000 3.000000e+002
2.902000 3.000000e+002
2.904000 3.000000e+002
2.906000 3.000000e+002
2.908000 3.000000e+002
2.910000 3.000000e+002
2.912000 3.000000e+002
2.914000 3.000000e+002
2.916000 3.000000e+002
2.918000 3.000000e+002
2.920000 3.000000e+002
2.922000 3.000000e+002
2.924000 3.000000e+002
2.926000 3.000000e+002
2.928000 3.000000e+002
2.930000 3.000000e+002
2.932000 3.000000e+002
2.934000 3.000000e+002
2.936000 3.000000e+002
2.938000 3.000000e+002
2.940000 3.000000e+002
2.942000 3.000000e+002
2.944000 3.000000e+002
2.946000 3.000000e+002
2.948000 3.000000e+002
2.950000 3.000000e+002
2.952000 3.000000e+002
2.954000 3.000000e+002
2.956000 3.000000e+002
2.958000 3.000000e+002
2.960000 3.000000e+002
2.962000 3.000000e+002
2.964000 3.000000e+002
2.966000 3.000000e+002
2.968000 3.000000e+002
2.970000 3.000000e+002
2.972000 3.000000e+002
2.974000 3.000000e+002
2.976000 3.000000e+002
2.978000 3.000000e+002
2.980000 3.000000e+002
2.982000 3.000000e+002
2.984000 3.000000e+002
2.986000 3.000000e+002
2.988000 3.000000e+002
2.990000 3.000000e+002
2.992000 3.000000e+002
2.994000 3.000000e+002
2.996000 3.000000e+002
2.998000 3.000000e+002
3.000000 3.000000e+002
3.002000 3.000000e+002
3.004000 3.000000e+002
3.006000 3.000000e+002
3.008000 3.000000e+002
3.010000 3.000000e+002
3.012000 3.000000e+002
3.014000 3.000000e+002
3.016000 3.000000e+002
3.018000 3.000000e+002
3.020000 3.000000e+002
3.022000 3.000000e+002
3.024000 3.000000e+002
3.026000 3.000000e+002
3.028000 3.000000e+002
3.030000 3.000000e+002
3.032000 3.000000e+002
3.034000 3.000000e+002
3.036000 3.000000e+002
3.038000 3.000000e+002
3.040000 3.000000e+002
3.042000 3.000000e+002
3.044000 3.000000e+002
3.046000 3.000000e+002
3.048000 3.000000e+002
3.050000 3.000000e+002
3.052000 3.000000e+002
3.054000 3.000000e+002
3.056000 3.000000e+002
3.058000 3.000000e+002
3.060000 3.000000e+002
3.062000 3.000000e+002
3.064000 3.000000e+002
3.066000 3.000000e+002
3.068000 3.000000e+002
3.070000 3.000000e+002
3.072000 3.000000e+002
3.074000 3.000000e+002
3.076000 3.000000e+002
3.078000 3.000000e+002
3.080000 3.000000e+002
3.082000 3.000000e+002
3.084000 3.000000e+002
3.086000 3.000000e+002
3.088000 3.000000e+002
3.090000 3.000000e+002
3.092000 3.000000e+002
3.094000 3.000000e+002
3.096000 3.000000e+002
3.098000 3.000000e+002
3.100000 3.000000e+002
3.102000 3.000000e+002
3.104000 3.000000e+002
3.106000 3.000000e+002
3.108000 3.000000e+002
3.110000 3.000000e+002
3.112000 3.000000e+002
3.114000 3.000000e+002
3.116000 3.000000e+002
3.118000 3.000000e+002
3.120000 3.000000e+002
3.122000 3.000000e+002
3.124000 3.000000e+002
3.126000 3.000000e+002
3.128000 3.000000e+002
3.130000 3.000000e+002
3.132000 3.000000e+002
3.134000 3.000000e+002
3.136000 3.000000e+002
3.138000 3.000000e+002
3.140000 3.000000e+002
3.142000 3.000000e+002
3.144000 3.000000e+002
3.146000 3.000000e+002
3.148000 3.000000e+002
3.150000 3.000000e+002
3.152000 3.000000e+002
3.154000 3.000000e+002
3.156000 3.000000e+002
3.158000 3.000000e+002
3.160000 3.000000e+002
3.162000 3.000000e+002
3.164000 3.000000e+002
3.166000 3.000000e+002
3.168000 3.000000e+002
3.170000 3.000000e+002
3.172000 3.000000e+002
3.174000 3.000000e+002
3.176000 3.000000e+002
3.178000 3.000000e+002
3.180000 3.000000e+002
3.182000 3.000000e+002
3.184000 3.000000e+002
3.186000 3.000000e+002
3.188000 3.000000e+002
3.190000 3.000000e+002
3.192000 3.000000e+002
3.194000 3.000000e+002
3.196000 3.000000e+002
3.198000 3.000000e+002
3.200000 3.000000e+002
3.202000 3.000000e+002
3.204000 3.000000e+002
3.206000 3.000000e+002
3.208000 3.000000e+002
3.210000 3.000000e+002
3.212000 3.000000e+002
3.214000 3.000000e+002
3.216000 3.000000e+002
3.218000 3.000000e+002
3.220000 3.000000e+002
3.222000 3.000000e+002
3.224000 3.000000e+002
3.226000 3.000000e+002
3.228000 3.000000e+002
3.230000 3.000000e+002
3.232000 3.000000e+002
3.234000 3.000000e+002
3.236000 3.000000e+002
3.238000 3.000000e+002
3.240000 3.000000e+002
3.242000 3.000000e+002
3.244000 3.000000e+002
3.246000 3.000000e+002
3.248000 3.000000e+002
3.250000 3.000000e+002
3.252000 3.000000e+002
3.254000 3.000000e+002
3.256000 3.000000e+002
3.258000 3.000000e+002
3.260000 3.000000e+002
3.262000 3.000000e+002
3.264000 3.000000e+002
3.266000 3.000000e+002
3.268000 3.000000e+002
3.270000 3.000000e+002
3.272000 3.000000e+002
3.274000 3.000000e+002
3.276000 3.000000e+002
3.278000 3.000000e+002
3.280000 3.000000e+002
3.282000 3.000000e+002
3.284000 3.000000e+002
3.286000 3.000000e+002
3.288000 3.000000e+002
3.290000 3.000000e+002
3.292000 3.000000e+002
3.294000 3.000000e+002
3.296000 3.000000e+002
3.298000 3.000000e+002
3.300000 3.000000e+002
3.302000 3.000000e+002
3.304000 3.000000e+002
3.306000 3.000000e+002
3.308000 3.000000e+002
3.310000 3.000000e+002
3.312000 3.000000e+002
3.314000 3.000000e+002
3.316000 3.000000e+002
3.318000 3.000000e+002
3.320000 3.000000e+002
3.322000 3.000000e+002
3.324000 3.000000e+002
3.326000 3.000000e+002
3.328000 3.000000e+002
3.330000 3.000000e+002
3.332000 3.000000e+002
3.334000 3.000000e+002
3.336000 3.000000e+002
3.338000 3.000000e+002
3.340000 3.000000e+002
3.342000 3.000000e+002
3.344000 3.000000e+002
3.346000 3.000000e+002
3.348000 3.000000e+002
3.350000 3.000000e+002
3.352000 3.000000e+002
3.354000 3.000000e+002
3.356000 3.000000e+002
3.358000 3.000000e+002
3.360000 3.000000e+002
3.362000 3.000000e+002
3.364000 3.000000e+002
3.366000 3.000000e+002
3.368000 3.000000e+002
3.370000 3.000000e+002
3.372000 3.000000e+002
3.374000 3.000000e+002
3.376000 3.000000e+002
3.378000 3.000000e+002
3.380000 3.000000e+002
3.382000 3.000000e+002
3.384000 3.000000e+002
3.386000 3.000000e+002
3.388000 3.000000e+002
3.390000 3.000000e+002
3.392000 3.000000e+002
3.394000 3.000000e+002
3.396000 3.000000e+002
3.398000 3.000000e+002
3.400000 3.000000e+002
3.402000 3.000000e+002
3.404000 3.000000e+002
3.406000 3.000000e+002
3.408000 3.000000e+002
3.410000 3.000000e+002
3.412000 3.000000e+002
3.414000 3.000000e+002
3.416000 3.000000e+002
3.418000 3.000000e+002
3.420000 3.000000e+002
3.422000 3.000000e+002
3.424000 3.000000e+002
3.426000 3.000000e+002
3.428000 3.000000e+002
3.430000 3.000000e+002
3.432000 3.000000e+002
3.434000 3.000000e+002
3.436000 3.000000e+002
3.438000 3.000000e+002
3.440000 3.000000e+002
3.442000 3.000000e+002
3.444000 3.000000e+002
3.446000 3.000000e+002
3.448000 3.000000e+002
3.450000 3.000000e+002
3.452000 3.000000e+002
3.454000 3.000000e+002
3.456000 3.000000e+002
3.458000 3.000000e+002
3.460000 3.000000e+002
3.462000 3.000000e+002
3.464000 3.000000e+002
3.466000 3.000000e+002
3.468000 3.000000e+002
3.470000 3.000000e+002
3.472000 3.000000e+002
3.474000 3.000000e+002
3.476000 3.000000e+002
3.478000 3.000000e+002
3.480000 3.000000e+002
3.482000 3.000000e+002
3.484000 3.000000e+002
3.486000 3.000000e+002
3.488000 3.000000e+002
3.490000 3.000000e+002
3.492000 3.000000e+002
3.494000 3.000000e+002
3.496000 3.000000e+002
3.498000 3.000000e+002
3.500000 3.000000e+002
3.502000 3.000000e+002
3.504000 3.000000e+002
3.506000 3.000000e+002
3.508000 3.000000e+002
3.510000 3.000000e+002
3.512000 3.000000e+002
3.514000 3.000000e+002
3.516000 3.000000e+002
3.518000 3.000000e+002
3.520000 3.000000e+002
3.522000 3.000000e+002
3.524000 3.000000e+002
3.526000 3.000000e+002
3.528000 3.000000e+002
3.530000 3.000000e+002
3.532000 3.000000e+002
3.534000 3.000000e+002
3.536000 3.000000e+002
3.538000 3.000000e+002
3.540000 3.000000e+002
3.542000 3.000000e+002
3.544000 3.000000e+002
3.546000 3.000000e+002
3.548000 3.000000e+002
3.550000 3.000000e+002
3.552000 3.000000e+002
3.554000 3.000000e+002
3.556000 3.000000e+002
3.558000 3.000000e+002
3.560000 3.000000e+002
3.562000 3.000000e+002
3.564000 3.000000e+002
3.566000 3.000000e+002
3.568000 3.000000e+002
3.570000 3.000000e+002
3.572000 3.000000e+002
3.574000 3.000000e+002
3.576000 3.000000e+002
3.578000 3.000000e+002
3.580000 3.000000e+002
3.582000 3.000000e+002
3.584000 3.000000e+002
3.586000 3.000000e+002
3.588000 3.000000e+002
3.590000 3.000000e+002
3.592000 3.000000e+002
3.594000 3.000000e+002
3.596000 3.000000e+002
3.598000 3.000000e+002
3.600000 3.000000e+002
3.602000 3.000000e+002
3.604000 3.000000e+002
3.606000 3.000000e+002
3.608000 3.000000e+002
3.610000 3.000000e+002
3.612000 3.000000e+002
3.614000 3.000000e+002
3.616000 3.000000e+002
3.618000 3.000000e+002
3.620000 3.000000e+002
3.622000 3.000000e+002
3.624000 3.000000e+002
3.626000 3.000000e+002
3.628000 3.000000e+002
3.630000 3.000000e+002
3.632000 3.000000e+002
3.634000 3.000000e+002
3.636000 3.000000e+002
3.638000 3.000000e+002
3.640000 3.000000e+002
3.642000 3.000000e+002
3.644000 3.000000e+002
3.646000 3.000000e+002
3.648000 3.000000e+002
3.650000 3.000000e+002
3.652000 3.000000e+002
3.654000 3.000000e+002
3.656000 3.000000e+002
3.658000 3.000000e+002
3.660000 3.000000e+002
3.662000 3.000000e+002
3.664000 3.000000e+002
3.666000 3.000000e+002
3.668000 3.000000e+002
3.670000 3.000000e+002
3.672000 3.000000e+002
3.674000 3.000000e+002
3.676000 3.000000e+002
3.678000 3.000000e+002
3.680000 3.000000e+002
3.682000 3.000000e+002
3.684000 3.000000e+002
3.686000 3.000000e+002
3.688000 3.000000e+002
3.690000 3.000000e+002
3.692000 3.000000e+002
3.694000 3.000000e+002
3.696000 3.000000e+002
3.698000 3.000000e+002
3.700000 3.000000e+002
3.702000 3.000000e+002
3.704000 3.000000e+002
3.706000 3.000000e+002
3.708000 3.000000e+002
3.710000 3.000000e+002
3.712000 3.000000e+002
3.714000 3.000000e+002
3.716000 3.000000e+002
3.718000 3.000000e+002
3.720000 3.000000e+002
3.722000 3.000000e+002
3.724000 3.000000e+002
3.726000 3.000000e+002
3.728000 3.000000e+002
3.730000 3.000000e+002
3.732000 3.000000e+002
3.734000 3.000000e+002
3.736000 3.000000e+002
3.738000 3.000000e+002
3.740000 3.000000e+002
3.742000 3.000000e+002
3.744000 3.000000e+002
3.746000 3.000000e+002
3.748000 3.000000e+002
3.750000 3.000000e+002
3.752000 3.000000e+002
3.754000 3.000000e+002
3.756000 3.000000e+002
3.758000 3.000000e+002
3.760000 3.000000e+002
3.762000 3.000000e+002
3.764000 3.000000e+002
3.766000 3.000000e+002
3.768000 3.000000e+002
3.770000 3.000000e+002
3.772000 3.000000e+002
3.774000 3.000000e+002
3.776000 3.000000e+002
3.778000 3.000000e+002
3.780000 3.000000e+002
3.782000 3.000000e+002
3.784000 3.000000e+002
3.786000 3.000000e+002
3.788000 3.000000e+002
3.790000 3.000000e+002
3.792000 3.000000e+002
3.794000 3.000000e+002
3.796000 3.000000e+002
3.798000 3.000000e+002
3.800000 3.000000e+002
3.802000 3.000000e+002
3.804000 3.000000e+002
3.806000 3.000000e+002
3.808000 3.000000e+002
3.810000 3.000000e+002
3.812000 3.000000e+002
3.814000 3.000000e+002
3.816000 3.000000e+002
3.818000 3.000000e+002
3.820000 3.000000e+002
3.822000 3.000000e+002
3.824000 3.000000e+002
3.826000 3.000000e+002
3.828000 3.000000e+002
3.830000 3.000000e+002
3.832000 3.000000e+002
3.834000 3.000000e+002
3.836000 3.000000e+002
3.838000 3.000000e+002
3.840000 3.000000e+002
3.842000 3.000000e+002
3.844000 3.000000e+002
3.846000 3.000000e+002
3.848000 3.000000e+002
3.850000 3.000000e+002
3.852000 3.000000e+002
3.854000 3.000000e+002
3.856000 3.000000e+002
3.858000 3.000000e+002
3.860000 3.000000e+002
3.862000 3.000000e+002
3.864000 3.000000e+002
3.866000 3.000000e+002
3.868000 3.000000e+002
3.870000 3.000000e+002
3.872000 3.000000e+002
3.874000 3.000000e+002
3.876000 3.000000e+002
3.878000 3.000000e+002
3.880000 3.000000e+002
3.882000 3.000000e+002
3.884000 3.000000e+002
3.886000 3.000000e+002
3.888000 3.000000e+002
3.890000 3.000000e+002
3.892000 3.000000e+002
3.894000 3.000000e+002
3.896000 3.000000e+002
3.898000 3.000000e+002
3.900000 3.000000e+002
3.902000 3.000000e+002
3.904000 3.000000e+002
3.906000 3.000000e+002
3.908000 3.000000e+002
3.910000 3.000000e+002
3.912000 3.000000e+002
3.914000 3.000000e+002
3.916000 3.000000e+002
3.918000 3.000000e+002
3.920000 3.000000e+002
3.922000 3.000000e+002
3.924000 3.000000e+002
3.926000 3.000000e+002
3.928000 3.000000e+002
3.930000 3.000000e+002
3.932000 3.000000e+002
3.934000 3.000000e+002
3.936000 3.000000e+002
3.938000 3.000000e+002
3.940000 3.000000e+002
3.942000 3.000000e+002
3.944000 3.000000e+002
3.946000 3.000000e+002
3.948000 3.000000e+002
3.950000 3.000000e+002
3.952000 3.000000e+002
3.954000 3.000000e+002
3.956000 3.000000e+002
3.958000 3.000000e+002
3.960000 3.000000e+002
3.962000 3.000000e+002
3.964000 3.000000e+002
3.966000 3.000000e+002
3.968000 3.000000e+002
3.970000 3.000000e+002
3.972000 3.000000e+002
3.974000 3.000000e+002
3.976000 3.000000e+002
3.978000 3.000000e+002
3.980000 3.000000e+002
3.982000 3.000000e+002
3.984000 3.000000e+002
3.986000 3.000000e+002
3.988000 3.000000e+002
3.990000 3.000000e+002
3.992000 3.000000e+002
3.994000 3.000000e+002
3.996000 3.000000e+002
3.998000 3.000000e+002
