0.000000 3.178854e+002
0.002000 3.198511e+002
0.004000 3.218165e+002
0.006000 3.237815e+002
0.008000 3.257460e+002
0.010000 3.277101e+002
0.012000 3.296736e+002
0.014000 3.316366e+002
0.016000 3.335990e+002
0.018000 3.355608e+002
0.020000 3.375220e+002
0.022000 3.394824e+002
0.024000 3.414422e+002
0.026000 3.434012e+002
0.028000 3.453593e+002
0.030000 3.473167e+002
0.032000 3.492731e+002
0.034000 3.512287e+002
0.036000 3.531833e+002
0.038000 3.551370e+002
0.040000 3.570896e+002
0.042000 3.590412e+002
0.044000 3.609917e+002
0.046000 3.629410e+002
0.048000 3.648893e+002
0.050000 3.668363e+002
0.052000 3.687821e+002
0.054000 3.707266e+002
0.056000 3.726698e+002
0.058000 3.746117e+002
0.060000 3.765522e+002
0.062000 3.784913e+002
0.064000 3.804290e+002
0.066000 3.823652e+002
0.068000 3.842999e+002
0.070000 3.862330e+002
0.072000 3.881646e+002
0.074000 3.900945e+002
0.076000 3.920228e+002
0.078000 3.939493e+002
0.080000 3.958742e+002
0.082000 3.977973e+002
0.084000 3.997186e+002
0.086000 4.016381e+002
0.088000 4.035557e+002
0.090000 4.054714e+002
0.092000 4.073851e+002
0.094000 4.092969e+002
0.096000 4.112067e+002
0.098000 4.131145e+002
0.100000 4.150202e+002
0.102000 4.169238e+002
0.104000 4.188252e+002
0.106000 4.207245e+002
0.108000 4.226215e+002
0.110000 4.245163e+002
0.112000 4.264088e+002
0.114000 4.282991e+002
0.116000 4.301869e+002
0.118000 4.320724e+002
0.120000 4.339555e+002
0.122000 4.358361e+002
0.124000 4.377142e+002
0.126000 4.395898e+002
0.128000 4.414629e+002
0.130000 4.433334e+002
0.132000 4.452013e+002
0.134000 4.470665e+002
0.136000 4.489290e+002
0.138000 4.507888e+002
0.140000 4.526459e+002
0.142000 4.545002e+002
0.144000 4.563517e+002
0.146000 4.582003e+002
0.148000 4.600460e+002
0.150000 4.618889e+002
0.152000 4.637287e+002
0.154000 4.655656e+002
0.156000 4.673995e+002
0.158000 4.692304e+002
0.160000 4.710581e+002
0.162000 4.728828e+002
0.164000 4.747043e+002
0.166000 4.765226e+002
0.168000 4.783378e+002
0.170000 4.801497e+002
0.172000 4.819583e+002
0.174000 4.837636e+002
0.176000 4.855656e+002
0.178000 4.873643e+002
0.180000 4.891595e+002
0.182000 4.909513e+002
0.184000 4.927397e+002
0.186000 4.945246e+002
0.188000 4.963059e+002
0.190000 4.980837e+002
0.192000 4.998580e+002
0.194000 5.016286e+002
0.196000 5.033956e+002
0.198000 5.051589e+002
0.200000 5.069185e+002
0.202000 5.086743e+002
0.204000 5.104264e+002
0.206000 5.121747e+002
0.208000 5.139192e+002
0.210000 5.156599e+002
0.212000 5.173966e+002
0.214000 5.191295e+002
0.216000 5.208584e+002
0.218000 5.225833e+002
0.220000 5.243043e+002
0.222000 5.260212e+002
0.224000 5.277341e+002
0.226000 5.294428e+002
0.228000 5.311475e+002
0.230000 5.328480e+002
0.232000 5.345443e+002
0.234000 5.362365e+002
0.236000 5.379244e+002
0.238000 5.396081e+002
0.240000 5.412874e+002
0.242000 5.429625e+002
0.244000 5.446332e+002
0.246000 5.462996e+002
0.248000 5.479616e+002
0.250000 5.496191e+002
0.252000 5.512722e+002
0.254000 5.529208e+002
0.256000 5.545649e+002
0.258000 5.562045e+002
0.260000 5.578396e+002
0.262000 5.594700e+002
0.264000 5.610959e+002
0.266000 5.627171e+002
0.268000 5.643336e+002
0.270000 5.659455e+002
0.272000 5.675526e+002
0.274000 5.691550e+002
0.276000 5.707527e+002
0.278000 5.723455e+002
0.280000 5.739335e+002
0.282000 5.755167e+002
0.284000 5.770951e+002
0.286000 5.786685e+002
0.288000 5.802370e+002
0.290000 5.818006e+002
0.292000 5.833592e+002
0.294000 5.849129e+002
0.296000 5.864615e+002
0.298000 5.880050e+002
0.300000 5.895436e+002
0.302000 5.910770e+002
0.304000 5.926053e+002
0.306000 5.941285e+002
0.308000 5.956466e+002
0.310000 5.971594e+002
0.312000 5.986671e+002
0.314000 6.001695e+002
0.316000 6.016667e+002
0.318000 6.031586e+002
0.320000 6.046452e+002
0.322000 6.061265e+002
0.324000 6.076025e+002
0.326000 6.090731e+002
0.328000 6.105384e+002
0.330000 6.119982e+002
0.332000 6.134526e+002
0.334000 6.149016e+002
0.336000 6.163451e+002
0.338000 6.177831e+002
0.340000 6.192156e+002
0.342000 6.206426e+002
0.344000 6.220640e+002
0.346000 6.234799e+002
0.348000 6.248901e+002
0.350000 6.262948e+002
0.352000 6.276938e+002
0.354000 6.290872e+002
0.356000 6.304749e+002
0.358000 6.318569e+002
0.360000 6.332332e+002
0.362000 6.346038e+002
0.364000 6.359687e+002
0.366000 6.373277e+002
0.368000 6.386810e+002
0.370000 6.400285e+002
0.372000 6.413702e+002
0.374000 6.427060e+002
0.376000 6.440360e+002
0.378000 6.453600e+002
0.380000 6.466782e+002
0.382000 6.479905e+002
0.384000 6.492969e+002
0.386000 6.505973e+002
0.388000 6.518918e+002
0.390000 6.531802e+002
0.392000 6.544627e+002
0.394000 6.557392e+002
0.396000 6.570096e+002
0.398000 6.582740e+002
0.400000 6.595324e+002
0.402000 6.607846e+002
0.404000 6.620308e+002
0.406000 6.632708e+002
0.408000 6.645048e+002
0.410000 6.657326e+002
0.412000 6.669542e+002
0.414000 6.681697e+002
0.416000 6.693790e+002
0.418000 6.705821e+002
0.420000 6.717790e+002
0.422000 6.729696e+002
0.424000 6.741540e+002
0.426000 6.753322e+002
0.428000 6.765041e+002
0.430000 6.776697e+002
0.432000 6.788290e+002
0.434000 6.799820e+002
0.436000 6.811287e+002
0.438000 6.822690e+002
0.440000 6.834030e+002
0.442000 6.845307e+002
0.444000 6.856520e+002
0.446000 6.867669e+002
0.448000 6.878754e+002
0.450000 6.889774e+002
0.452000 6.900731e+002
0.454000 6.911624e+002
0.456000 6.922452e+002
0.458000 6.933215e+002
0.460000 6.943914e+002
0.462000 6.954548e+002
0.464000 6.965117e+002
0.466000 6.975621e+002
0.468000 6.986061e+002
0.470000 6.996435e+002
0.472000 7.006743e+002
0.474000 7.016987e+002
0.476000 7.027165e+002
0.478000 7.037277e+002
0.480000 7.047324e+002
0.482000 7.057305e+002
0.484000 7.067220e+002
0.486000 7.077070e+002
0.488000 7.086853e+002
0.490000 7.096570e+002
0.492000 7.106222e+002
0.494000 7.115807e+002
0.496000 7.125325e+002
0.498000 7.134777e+002
0.500000 7.144163e+002
0.502000 7.153482e+002
0.504000 7.162735e+002
0.506000 7.171921e+002
0.508000 7.181040e+002
0.510000 7.190092e+002
0.512000 7.199078e+002
0.514000 7.207996e+002
0.516000 7.216848e+002
0.518000 7.225633e+002
0.520000 7.234350e+002
0.522000 7.243000e+002
0.524000 7.251583e+002
0.526000 7.260099e+002
0.528000 7.268547e+002
0.530000 7.276928e+002
0.532000 7.285242e+002
0.534000 7.293488e+002
0.536000 7.301667e+002
0.538000 7.309778e+002
0.540000 7.317821e+002
0.542000 7.325797e+002
0.544000 7.333705e+002
0.546000 7.341545e+002
0.548000 7.349318e+002
0.550000 7.357023e+002
0.552000 7.364660e+002
0.554000 7.372230e+002
0.556000 7.379731e+002
0.558000 7.387165e+002
0.560000 7.394530e+002
0.562000 7.401828e+002
0.564000 7.409058e+002
0.566000 7.416220e+002
0.568000 7.423314e+002
0.570000 7.430339e+002
0.572000 7.437297e+002
0.574000 7.444187e+002
0.576000 7.451009e+002
0.578000 7.457763e+002
0.580000 7.464449e+002
0.582000 7.471066e+002
0.584000 7.477616e+002
0.586000 7.484098e+002
0.588000 7.490511e+002
0.590000 7.496857e+002
0.592000 7.503134e+002
0.594000 7.509344e+002
0.596000 7.515485e+002
0.598000 7.521558e+002
0.600000 7.527564e+002
0.602000 7.533501e+002
0.604000 7.539371e+002
0.606000 7.545172e+002
0.608000 7.550906e+002
0.610000 7.556571e+002
0.612000 7.562169e+002
0.614000 7.567699e+002
0.616000 7.573160e+002
0.618000 7.578554e+002
0.620000 7.583881e+002
0.622000 7.589139e+002
0.624000 7.594330e+002
0.626000 7.599453e+002
0.628000 7.604508e+002
0.630000 7.609496e+002
0.632000 7.614416e+002
0.634000 7.619268e+002
0.636000 7.624053e+002
0.638000 7.628770e+002
0.640000 7.633420e+002
0.642000 7.638003e+002
0.644000 7.642518e+002
0.646000 7.646966e+002
0.648000 7.651346e+002
0.650000 7.655660e+002
0.652000 7.659906e+002
0.654000 7.664085e+002
0.656000 7.668197e+002
0.658000 7.672242e+002
0.660000 7.676220e+002
0.662000 7.680131e+002
0.664000 7.683975e+002
0.666000 7.687753e+002
0.668000 7.691464e+002
0.670000 7.695108e+002
0.672000 7.698686e+002
0.674000 7.702197e+002
0.676000 7.705642e+002
0.678000 7.709020e+002
0.680000 7.712332e+002
0.682000 7.715578e+002
0.684000 7.718758e+002
0.686000 7.721872e+002
0.688000 7.724920e+002
0.690000 7.727902e+002
0.692000 7.730818e+002
0.694000 7.733668e+002
0.696000 7.736453e+002
0.698000 7.739172e+002
0.700000 7.741826e+002
0.702000 7.744414e+002
0.704000 7.746937e+002
0.706000 7.749395e+002
0.708000 7.751788e+002
0.710000 7.754116e+002
0.712000 7.756379e+002
0.714000 7.758577e+002
0.716000 7.760710e+002
0.718000 7.762779e+002
0.720000 7.764783e+002
0.722000 7.766723e+002
0.724000 7.768599e+002
0.726000 7.770410e+002
0.728000 7.772157e+002
0.730000 7.773841e+002
0.732000 7.775460e+002
0.734000 7.777016e+002
0.736000 7.778508e+002
0.738000 7.779937e+002
0.740000 7.781302e+002
0.742000 7.782604e+002
0.744000 7.783842e+002
0.746000 7.785018e+002
0.748000 7.786131e+002
0.750000 7.787181e+002
0.752000 7.788168e+002
0.754000 7.789092e+002
0.756000 7.789955e+002
0.758000 7.790754e+002
0.760000 7.791492e+002
0.762000 7.792168e+002
0.764000 7.792782e+002
0.766000 7.793333e+002
0.768000 7.793824e+002
0.770000 7.794253e+002
0.772000 7.794620e+002
0.774000 7.794926e+002
0.776000 7.795171e+002
0.778000 7.795355e+002
0.780000 7.795478e+002
0.782000 7.795541e+002
0.784000 7.795543e+002
0.786000 7.795484e+002
0.788000 7.795366e+002
0.790000 7.795187e+002
0.792000 7.794948e+002
0.794000 7.794649e+002
0.796000 7.794291e+002
0.798000 7.793873e+002
0.800000 7.793396e+002
0.802000 7.792860e+002
0.804000 7.792265e+002
0.806000 7.791610e+002
0.808000 7.790897e+002
0.810000 7.790126e+002
0.812000 7.789295e+002
0.814000 7.788407e+002
0.816000 7.787461e+002
0.818000 7.786456e+002
0.820000 7.785394e+002
0.822000 7.784274e+002
0.824000 7.783097e+002
0.826000 7.781862e+002
0.828000 7.780571e+002
0.830000 7.779222e+002
0.832000 7.777817e+002
0.834000 7.776355e+002
0.836000 7.774836e+002
0.838000 7.773261e+002
0.840000 7.771631e+002
0.842000 7.769944e+002
0.844000 7.768201e+002
0.846000 7.766403e+002
0.848000 7.764549e+002
0.850000 7.762641e+002
0.852000 7.760677e+002
0.854000 7.758658e+002
0.856000 7.756585e+002
0.858000 7.754457e+002
0.860000 7.752275e+002
0.862000 7.750038e+002
0.864000 7.747748e+002
0.866000 7.745404e+002
0.868000 7.743006e+002
0.870000 7.740555e+002
0.872000 7.738051e+002
0.874000 7.735494e+002
0.876000 7.732883e+002
0.878000 7.730221e+002
0.880000 7.727505e+002
0.882000 7.724738e+002
0.884000 7.721918e+002
0.886000 7.719047e+002
0.888000 7.716124e+002
0.890000 7.713149e+002
0.892000 7.710123e+002
0.894000 7.707046e+002
0.896000 7.703918e+002
0.898000 7.700739e+002
0.900000 7.697510e+002
0.902000 7.694230e+002
0.904000 7.690901e+002
0.906000 7.687521e+002
0.908000 7.684092e+002
0.910000 7.680613e+002
0.912000 7.677085e+002
0.914000 7.673508e+002
0.916000 7.669881e+002
0.918000 7.666207e+002
0.920000 7.662483e+002
0.922000 7.658712e+002
0.924000 7.654892e+002
0.926000 7.651024e+002
0.928000 7.647109e+002
0.930000 7.643146e+002
0.932000 7.639136e+002
0.934000 7.635079e+002
0.936000 7.630976e+002
0.938000 7.626825e+002
0.940000 7.622628e+002
0.942000 7.618385e+002
0.944000 7.614096e+002
0.946000 7.609761e+002
0.948000 7.605381e+002
0.950000 7.600955e+002
0.952000 7.596484e+002
0.954000 7.591969e+002
0.956000 7.587408e+002
0.958000 7.582803e+002
0.960000 7.578154e+002
0.962000 7.573461e+002
0.964000 7.568723e+002
0.966000 7.563943e+002
0.968000 7.559118e+002
0.970000 7.554251e+002
0.972000 7.549341e+002
0.974000 7.544388e+002
0.976000 7.539392e+002
0.978000 7.534354e+002
0.980000 7.529274e+002
0.982000 7.524152e+002
0.984000 7.518989e+002
0.986000 7.513784e+002
0.988000 7.508538e+002
0.990000 7.503251e+002
0.992000 7.497923e+002
0.994000 7.492555e+002
0.996000 7.487146e+002
0.998000 7.481697e+002
1.000000 7.476209e+002
1.002000 7.470680e+002
1.004000 7.465113e+002
1.006000 7.459506e+002
1.008000 7.453860e+002
1.010000 7.448176e+002
1.012000 7.442453e+002
1.014000 7.436692e+002
1.016000 7.430892e+002
1.018000 7.425055e+002
1.020000 7.419180e+002
1.022000 7.413268e+002
1.024000 7.407319e+002
1.026000 7.401333e+002
1.028000 7.395310e+002
1.030000 7.389251e+002
1.032000 7.383155e+002
1.034000 7.377024e+002
1.036000 7.370857e+002
1.038000 7.364654e+002
1.040000 7.358416e+002
1.042000 7.352142e+002
1.044000 7.345834e+002
1.046000 7.339492e+002
1.048000 7.333115e+002
1.050000 7.326704e+002
1.052000 7.320258e+002
1.054000 7.313780e+002
1.056000 7.307267e+002
1.058000 7.300722e+002
1.060000 7.294143e+002
1.062000 7.287532e+002
1.064000 7.280888e+002
1.066000 7.274212e+002
1.068000 7.267504e+002
1.070000 7.260764e+002
1.072000 7.253992e+002
1.074000 7.247189e+002
1.076000 7.240355e+002
1.078000 7.233490e+002
1.080000 7.226594e+002
1.082000 7.219667e+002
1.084000 7.212711e+002
1.086000 7.205724e+002
1.088000 7.198708e+002
1.090000 7.191662e+002
1.092000 7.184587e+002
1.094000 7.177483e+002
1.096000 7.170350e+002
1.098000 7.163188e+002
1.100000 7.155998e+002
1.102000 7.148780e+002
1.104000 7.141534e+002
1.106000 7.134260e+002
1.108000 7.126959e+002
1.110000 7.119631e+002
1.112000 7.112275e+002
1.114000 7.104893e+002
1.116000 7.097484e+002
1.118000 7.090049e+002
1.120000 7.082588e+002
1.122000 7.075101e+002
1.124000 7.067589e+002
1.126000 7.060051e+002
1.128000 7.052488e+002
1.130000 7.044900e+002
1.132000 7.037287e+002
1.134000 7.029650e+002
1.136000 7.021989e+002
1.138000 7.014304e+002
1.140000 7.006595e+002
1.142000 6.998862e+002
1.144000 6.991106e+002
1.146000 6.983327e+002
1.148000 6.975525e+002
1.150000 6.967701e+002
1.152000 6.959854e+002
1.154000 6.951985e+002
1.156000 6.944094e+002
1.158000 6.936181e+002
1.160000 6.928247e+002
1.162000 6.920292e+002
1.164000 6.912315e+002
1.166000 6.904318e+002
1.168000 6.896300e+002
1.170000 6.888262e+002
1.172000 6.880204e+002
1.174000 6.872125e+002
1.176000 6.864028e+002
1.178000 6.855910e+002
1.180000 6.847774e+002
1.182000 6.839618e+002
1.184000 6.831444e+002
1.186000 6.823251e+002
1.188000 6.815039e+002
1.190000 6.806810e+002
1.192000 6.798563e+002
1.194000 6.790298e+002
1.196000 6.782016e+002
1.198000 6.773716e+002
1.200000 6.765399e+002
1.202000 6.757066e+002
1.204000 6.748716e+002
1.206000 6.740350e+002
1.208000 6.731967e+002
1.210000 6.723569e+002
1.212000 6.715155e+002
1.214000 6.706725e+002
1.216000 6.698281e+002
1.218000 6.689821e+002
1.220000 6.681346e+002
1.222000 6.672857e+002
1.224000 6.664354e+002
1.226000 6.655836e+002
1.228000 6.647304e+002
1.230000 6.638759e+002
1.232000 6.630200e+002
1.234000 6.621628e+002
1.236000 6.613042e+002
1.238000 6.604444e+002
1.240000 6.595833e+002
1.242000 6.587210e+002
1.244000 6.578574e+002
1.246000 6.569927e+002
1.248000 6.561267e+002
1.250000 6.552596e+002
1.252000 6.543914e+002
1.254000 6.535220e+002
1.256000 6.526515e+002
1.258000 6.517800e+002
1.260000 6.509074e+002
1.262000 6.500338e+002
1.264000 6.491591e+002
1.266000 6.482835e+002
1.268000 6.474068e+002
1.270000 6.465293e+002
1.272000 6.456508e+002
1.274000 6.447714e+002
1.276000 6.438910e+002
1.278000 6.430099e+002
1.280000 6.421278e+002
1.282000 6.412450e+002
1.284000 6.403613e+002
1.286000 6.394768e+002
1.288000 6.385916e+002
1.290000 6.377056e+002
1.292000 6.368188e+002
1.294000 6.359314e+002
1.296000 6.350433e+002
1.298000 6.341545e+002
1.300000 6.332650e+002
1.302000 6.323749e+002
1.304000 6.314842e+002
1.306000 6.305929e+002
1.308000 6.297011e+002
1.310000 6.288086e+002
1.312000 6.279157e+002
1.314000 6.270222e+002
1.316000 6.261282e+002
1.318000 6.252338e+002
1.320000 6.243388e+002
1.322000 6.234435e+002
1.324000 6.225477e+002
1.326000 6.216515e+002
1.328000 6.207550e+002
1.330000 6.198580e+002
1.332000 6.189608e+002
1.334000 6.180632e+002
1.336000 6.171652e+002
1.338000 6.162670e+002
1.340000 6.153686e+002
1.342000 6.144698e+002
1.344000 6.135709e+002
1.346000 6.126717e+002
1.348000 6.117723e+002
1.350000 6.108727e+002
1.352000 6.099730e+002
1.354000 6.090731e+002
1.356000 6.081731e+002
1.358000 6.072730e+002
1.360000 6.063728e+002
1.362000 6.054725e+002
1.364000 6.045721e+002
1.366000 6.036718e+002
1.368000 6.027714e+002
1.370000 6.018709e+002
1.372000 6.009705e+002
1.374000 6.000702e+002
1.376000 5.991699e+002
1.378000 5.982696e+002
1.380000 5.973694e+002
1.382000 5.964693e+002
1.384000 5.955694e+002
1.386000 5.946695e+002
1.388000 5.937698e+002
1.390000 5.928703e+002
1.392000 5.919710e+002
1.394000 5.910718e+002
1.396000 5.901729e+002
1.398000 5.892742e+002
1.400000 5.883757e+002
1.402000 5.874775e+002
1.404000 5.865796e+002
1.406000 5.856820e+002
1.408000 5.847847e+002
1.410000 5.838877e+002
1.412000 5.829911e+002
1.414000 5.820948e+002
1.416000 5.811989e+002
1.418000 5.803033e+002
1.420000 5.794082e+002
1.422000 5.785135e+002
1.424000 5.776193e+002
1.426000 5.767255e+002
1.428000 5.758321e+002
1.430000 5.749392e+002
1.432000 5.740469e+002
1.434000 5.731550e+002
1.436000 5.722637e+002
1.438000 5.713729e+002
1.440000 5.704827e+002
1.442000 5.695930e+002
1.444000 5.687039e+002
1.446000 5.678154e+002
1.448000 5.669276e+002
1.450000 5.660403e+002
1.452000 5.651537e+002
1.454000 5.642678e+002
1.456000 5.633825e+002
1.458000 5.624979e+002
1.460000 5.616140e+002
1.462000 5.607308e+002
1.464000 5.598484e+002
1.466000 5.589667e+002
1.468000 5.580857e+002
1.470000 5.572055e+002
1.472000 5.563261e+002
1.474000 5.554475e+002
1.476000 5.545696e+002
1.478000 5.536927e+002
1.480000 5.528165e+002
1.482000 5.519412e+002
1.484000 5.510667e+002
1.486000 5.501931e+002
1.488000 5.493204e+002
1.490000 5.484486e+002
1.492000 5.475777e+002
1.494000 5.467078e+002
1.496000 5.458387e+002
1.498000 5.449706e+002
1.500000 5.441035e+002
1.502000 5.432373e+002
1.504000 5.423722e+002
1.506000 5.415080e+002
1.508000 5.406448e+002
1.510000 5.397827e+002
1.512000 5.389216e+002
1.514000 5.380615e+002
1.516000 5.372025e+002
1.518000 5.363445e+002
1.520000 5.354877e+002
1.522000 5.346319e+002
1.524000 5.337772e+002
1.526000 5.329237e+002
1.528000 5.320712e+002
1.530000 5.312199e+002
1.532000 5.303697e+002
1.534000 5.295207e+002
1.536000 5.286729e+002
1.538000 5.278263e+002
1.540000 5.269808e+002
1.542000 5.261365e+002
1.544000 5.252935e+002
1.546000 5.244516e+002
1.548000 5.236110e+002
1.550000 5.227717e+002
1.552000 5.219336e+002
1.554000 5.210967e+002
1.556000 5.202611e+002
1.558000 5.194269e+002
1.560000 5.185939e+002
1.562000 5.177622e+002
1.564000 5.169318e+002
1.566000 5.161027e+002
1.568000 5.152750e+002
1.570000 5.144486e+002
1.572000 5.136235e+002
1.574000 5.127999e+002
1.576000 5.119775e+002
1.578000 5.111566e+002
1.580000 5.103371e+002
1.582000 5.095189e+002
1.584000 5.087022e+002
1.586000 5.078868e+002
1.588000 5.070729e+002
1.590000 5.062604e+002
1.592000 5.054494e+002
1.594000 5.046398e+002
1.596000 5.038317e+002
1.598000 5.030250e+002
1.600000 5.022198e+002
1.602000 5.014161e+002
1.604000 5.006139e+002
1.606000 4.998131e+002
1.608000 4.990139e+002
1.610000 4.982162e+002
1.612000 4.974200e+002
1.614000 4.966254e+002
1.616000 4.958323e+002
1.618000 4.950407e+002
1.620000 4.942507e+002
1.622000 4.934622e+002
1.624000 4.926753e+002
1.626000 4.918900e+002
1.628000 4.911063e+002
1.630000 4.903241e+002
1.632000 4.895436e+002
1.634000 4.887646e+002
1.636000 4.879873e+002
1.638000 4.872116e+002
1.640000 4.864375e+002
1.642000 4.856650e+002
1.644000 4.848942e+002
1.646000 4.841250e+002
1.648000 4.833575e+002
1.650000 4.825916e+002
1.652000 4.818274e+002
1.654000 4.810648e+002
1.656000 4.803039e+002
1.658000 4.795448e+002
1.660000 4.787872e+002
1.662000 4.780314e+002
1.664000 4.772773e+002
1.666000 4.765249e+002
1.668000 4.757742e+002
1.670000 4.750253e+002
1.672000 4.742780e+002
1.674000 4.735325e+002
1.676000 4.727887e+002
1.678000 4.720466e+002
1.680000 4.713063e+002
1.682000 4.705677e+002
1.684000 4.698309e+002
1.686000 4.690959e+002
1.688000 4.683626e+002
1.690000 4.676311e+002
1.692000 4.669013e+002
1.694000 4.661733e+002
1.696000 4.654472e+002
1.698000 4.647228e+002
1.700000 4.640002e+002
1.702000 4.632794e+002
1.704000 4.625604e+002
1.706000 4.618432e+002
1.708000 4.611278e+002
1.710000 4.604142e+002
1.712000 4.597024e+002
1.714000 4.589925e+002
1.716000 4.582844e+002
1.718000 4.575781e+002
1.720000 4.568737e+002
1.722000 4.561711e+002
1.724000 4.554703e+002
1.726000 4.547714e+002
1.728000 4.540743e+002
1.730000 4.533791e+002
1.732000 4.526857e+002
1.734000 4.519942e+002
1.736000 4.513046e+002
1.738000 4.506168e+002
1.740000 4.499309e+002
1.742000 4.492469e+002
1.744000 4.485648e+002
1.746000 4.478845e+002
1.748000 4.472061e+002
1.750000 4.465296e+002
1.752000 4.458550e+002
1.754000 4.451822e+002
1.756000 4.445114e+002
1.758000 4.438425e+002
1.760000 4.431754e+002
1.762000 4.425103e+002
1.764000 4.418470e+002
1.766000 4.411857e+002
1.768000 4.405263e+002
1.770000 4.398688e+002
1.772000 4.392132e+002
1.774000 4.385595e+002
1.776000 4.379077e+002
1.778000 4.372578e+002
1.780000 4.366099e+002
1.782000 4.359639e+002
1.784000 4.353198e+002
1.786000 4.346777e+002
1.788000 4.340374e+002
1.790000 4.333991e+002
1.792000 4.327627e+002
1.794000 4.321283e+002
1.796000 4.314958e+002
1.798000 4.308652e+002
1.800000 4.302366e+002
1.802000 4.296099e+002
1.804000 4.289851e+002
1.806000 4.283623e+002
1.808000 4.277414e+002
1.810000 4.271225e+002
1.812000 4.265055e+002
1.814000 4.258905e+002
1.816000 4.252773e+002
1.818000 4.246662e+002
1.820000 4.240570e+002
1.822000 4.234497e+002
1.824000 4.228444e+002
1.826000 4.222410e+002
1.828000 4.216396e+002
1.830000 4.210402e+002
1.832000 4.204427e+002
1.834000 4.198471e+002
1.836000 4.192535e+002
1.838000 4.186618e+002
1.840000 4.180721e+002
1.842000 4.174844e+002
1.844000 4.168986e+002
1.846000 4.163147e+002
1.848000 4.157328e+002
1.850000 4.151529e+002
1.852000 4.145749e+002
1.854000 4.139988e+002
1.856000 4.134247e+002
1.858000 4.128526e+002
1.860000 4.122824e+002
1.862000 4.117142e+002
1.864000 4.111479e+002
1.866000 4.105835e+002
1.868000 4.100212e+002
1.870000 4.094607e+002
1.872000 4.089022e+002
1.874000 4.083457e+002
1.876000 4.077911e+002
1.878000 4.072385e+002
1.880000 4.066878e+002
1.882000 4.061390e+002
1.884000 4.055922e+002
1.886000 4.050474e+002
1.888000 4.045044e+002
1.890000 4.039635e+002
1.892000 4.034244e+002
1.894000 4.028873e+002
1.896000 4.023522e+002
1.898000 4.018189e+002
1.900000 4.012877e+002
1.902000 4.007583e+002
1.904000 4.002309e+002
1.906000 3.997054e+002
1.908000 3.991819e+002
1.910000 3.986602e+002
1.912000 3.981405e+002
1.914000 3.976228e+002
1.916000 3.971069e+002
1.918000 3.965930e+002
1.920000 3.960810e+002
1.922000 3.955709e+002
1.924000 3.950628e+002
1.926000 3.945565e+002
1.928000 3.940522e+002
1.930000 3.935498e+002
1.932000 3.930493e+002
1.934000 3.925507e+002
1.936000 3.920540e+002
1.938000 3.915592e+002
1.940000 3.910664e+002
1.942000 3.905754e+002
1.944000 3.900863e+002
1.946000 3.895991e+002
1.948000 3.891139e+002
1.950000 3.886305e+002
1.952000 3.881490e+002
1.954000 3.876694e+002
1.956000 3.871917e+002
1.958000 3.867158e+002
1.960000 3.862419e+002
1.962000 3.857698e+002
1.964000 3.852996e+002
1.966000 3.848313e+002
1.968000 3.843648e+002
1.970000 3.839002e+002
1.972000 3.834375e+002
1.974000 3.829766e+002
1.976000 3.825177e+002
1.978000 3.820605e+002
1.980000 3.816052e+002
1.982000 3.811518e+002
1.984000 3.807002e+002
1.986000 3.802505e+002
1.988000 3.798026e+002
1.990000 3.793566e+002
1.992000 3.789124e+002
1.994000 3.784700e+002
1.996000 3.780295e+002
1.998000 3.775908e+002
2.000000 3.771539e+002
2.002000 3.767189e+002
2.004000 3.762856e+002
2.006000 3.758542e+002
2.008000 3.754246e+002
2.010000 3.749969e+002
2.012000 3.745709e+002
2.014000 3.741467e+002
2.016000 3.737243e+002
2.018000 3.733038e+002
2.020000 3.728850e+002
2.022000 3.724680e+002
2.024000 3.720528e+002
2.026000 3.716394e+002
2.028000 3.712278e+002
2.030000 3.708179e+002
2.032000 3.704099e+002
2.034000 3.700036e+002
2.036000 3.695990e+002
2.038000 3.691963e+002
2.040000 3.687953e+002
2.042000 3.683960e+002
2.044000 3.679985e+002
2.046000 3.676028e+002
2.048000 3.672088e+002
2.050000 3.668165e+002
2.052000 3.664260e+002
2.054000 3.660372e+002
2.056000 3.656502e+002
2.058000 3.652649e+002
2.060000 3.648813e+002
2.062000 3.644994e+002
2.064000 3.641192e+002
2.066000 3.637408e+002
2.068000 3.633641e+002
2.070000 3.629890e+002
2.072000 3.626157e+002
2.074000 3.622441e+002
2.076000 3.618741e+002
2.078000 3.615059e+002
2.080000 3.611393e+002
2.082000 3.607744e+002
2.084000 3.604112e+002
2.086000 3.600497e+002
2.088000 3.596898e+002
2.090000 3.593316e+002
2.092000 3.589751e+002
2.094000 3.586202e+002
2.096000 3.582670e+002
2.098000 3.579154e+002
2.100000 3.575655e+002
2.102000 3.572172e+002
2.104000 3.568706e+002
2.106000 3.565255e+002
2.108000 3.561822e+002
2.110000 3.558404e+002
2.112000 3.555002e+002
2.114000 3.551617e+002
2.116000 3.548248e+002
2.118000 3.544895e+002
2.120000 3.541558e+002
2.122000 3.538236e+002
2.124000 3.534931e+002
2.126000 3.531642e+002
2.128000 3.528369e+002
2.130000 3.525111e+002
2.132000 3.521869e+002
2.134000 3.518643e+002
2.136000 3.515432e+002
2.138000 3.512238e+002
2.140000 3.509058e+002
2.142000 3.505895e+002
2.144000 3.502747e+002
2.146000 3.499614e+002
2.148000 3.496496e+002
2.150000 3.493395e+002
2.152000 3.490308e+002
2.154000 3.487237e+002
2.156000 3.484180e+002
2.158000 3.481139e+002
2.160000 3.478114e+002
2.162000 3.475103e+002
2.164000 3.472107e+002
2.166000 3.469127e+002
2.168000 3.466161e+002
2.170000 3.463210e+002
2.172000 3.460274e+002
2.174000 3.457353e+002
2.176000 3.454447e+002
2.178000 3.451555e+002
2.180000 3.448679e+002
2.182000 3.445816e+002
2.184000 3.442969e+002
2.186000 3.440136e+002
2.188000 3.437317e+002
2.190000 3.434513e+002
2.192000 3.431723e+002
2.194000 3.428948e+002
2.196000 3.426187e+002
2.198000 3.423440e+002
2.200000 3.420707e+002
2.202000 3.417989e+002
2.204000 3.415285e+002
2.206000 3.412595e+002
2.208000 3.409918e+002
2.210000 3.407256e+002
2.212000 3.404608e+002
2.214000 3.401974e+002
2.216000 3.399353e+002
2.218000 3.396747e+002
2.220000 3.394154e+002
2.222000 3.391574e+002
2.224000 3.389009e+002
2.226000 3.386457e+002
2.228000 3.383918e+002
2.230000 3.381394e+002
2.232000 3.378882e+002
2.234000 3.376384e+002
2.236000 3.373900e+002
2.238000 3.371428e+002
2.240000 3.368970e+002
2.242000 3.366525e+002
2.244000 3.364094e+002
2.246000 3.361675e+002
2.248000 3.359270e+002
2.250000 3.356878e+002
2.252000 3.354498e+002
2.254000 3.352132e+002
2.256000 3.349779e+002
2.258000 3.347438e+002
2.260000 3.345110e+002
2.262000 3.342795e+002
2.264000 3.340493e+002
2.266000 3.338203e+002
2.268000 3.335926e+002
2.270000 3.333661e+002
2.272000 3.331409e+002
2.274000 3.329170e+002
2.276000 3.326943e+002
2.278000 3.324728e+002
2.280000 3.322526e+002
2.282000 3.320336e+002
2.284000 3.318158e+002
2.286000 3.315992e+002
2.288000 3.313839e+002
2.290000 3.311697e+002
2.292000 3.309568e+002
2.294000 3.307450e+002
2.296000 3.305345e+002
2.298000 3.303251e+002
2.300000 3.301170e+002
2.302000 3.299100e+002
2.304000 3.297042e+002
2.306000 3.294995e+002
2.308000 3.292961e+002
2.310000 3.290938e+002
2.312000 3.288926e+002
2.314000 3.286926e+002
2.316000 3.284938e+002
2.318000 3.282961e+002
2.320000 3.280995e+002
2.322000 3.279041e+002
2.324000 3.277098e+002
2.326000 3.275166e+002
2.328000 3.273245e+002
2.330000 3.271336e+002
2.332000 3.269438e+002
2.334000 3.267550e+002
2.336000 3.265674e+002
2.338000 3.263809e+002
2.340000 3.261954e+002
2.342000 3.260111e+002
2.344000 3.258278e+002
2.346000 3.256457e+002
2.348000 3.254645e+002
2.350000 3.252845e+002
2.352000 3.251055e+002
2.354000 3.249276e+002
2.356000 3.247508e+002
2.358000 3.245749e+002
2.360000 3.244002e+002
2.362000 3.242265e+002
2.364000 3.240538e+002
2.366000 3.238821e+002
2.368000 3.237115e+002
2.370000 3.235419e+002
2.372000 3.233733e+002
2.374000 3.232058e+002
2.376000 3.230392e+002
2.378000 3.228737e+002
2.380000 3.227091e+002
2.382000 3.225456e+002
2.384000 3.223830e+002
2.386000 3.222214e+002
2.388000 3.220609e+002
2.390000 3.219012e+002
2.392000 3.217426e+002
2.394000 3.215849e+002
2.396000 3.214282e+002
2.398000 3.212725e+002
2.400000 3.211177e+002
2.402000 3.209639e+002
2.404000 3.208110e+002
2.406000 3.206591e+002
2.408000 3.205081e+002
2.410000 3.203580e+002
2.412000 3.202089e+002
2.414000 3.200607e+002
2.416000 3.199134e+002
2.418000 3.197670e+002
2.420000 3.196216e+002
2.422000 3.194770e+002
2.424000 3.193334e+002
2.426000 3.191906e+002
2.428000 3.190488e+002
2.430000 3.189078e+002
2.432000 3.187678e+002
2.434000 3.186286e+002
2.436000 3.184903e+002
2.438000 3.183529e+002
2.440000 3.182163e+002
2.442000 3.180806e+002
2.444000 3.179458e+002
2.446000 3.178118e+002
2.448000 3.176787e+002
2.450000 3.175464e+002
2.452000 3.174150e+002
2.454000 3.172844e+002
2.456000 3.171546e+002
2.458000 3.170257e+002
2.460000 3.168976e+002
2.462000 3.167703e+002
2.464000 3.166439e+002
2.466000 3.165183e+002
2.468000 3.163935e+002
2.470000 3.162694e+002
2.472000 3.161462e+002
2.474000 3.160238e+002
2.476000 3.159022e+002
2.478000 3.157814e+002
2.480000 3.156614e+002
2.482000 3.155421e+002
2.484000 3.154237e+002
2.486000 3.153060e+002
2.488000 3.151890e+002
2.490000 3.150729e+002
2.492000 3.149575e+002
2.494000 3.148429e+002
2.496000 3.147290e+002
2.498000 3.146159e+002
2.500000 3.145035e+002
2.502000 3.143919e+002
2.504000 3.142810e+002
2.506000 3.141709e+002
2.508000 3.140614e+002
2.510000 3.139527e+002
2.512000 3.138448e+002
2.514000 3.137375e+002
2.516000 3.136310e+002
2.518000 3.135252e+002
2.520000 3.134201e+002
2.522000 3.133157e+002
2.524000 3.132120e+002
2.526000 3.131090e+002
2.528000 3.130067e+002
2.530000 3.129051e+002
2.532000 3.128042e+002
2.534000 3.127039e+002
2.536000 3.126044e+002
2.538000 3.125055e+002
2.540000 3.124073e+002
2.542000 3.123097e+002
2.544000 3.122129e+002
2.546000 3.121167e+002
2.548000 3.120211e+002
2.550000 3.119262e+002
2.552000 3.118319e+002
2.554000 3.117383e+002
2.556000 3.116454e+002
2.558000 3.115531e+002
2.560000 3.114614e+002
2.562000 3.113703e+002
2.564000 3.112799e+002
2.566000 3.111901e+002
2.568000 3.111009e+002
2.570000 3.110124e+002
2.572000 3.109244e+002
2.574000 3.108371e+002
2.576000 3.107504e+002
2.578000 3.106643e+002
2.580000 3.105788e+002
2.582000 3.104938e+002
2.584000 3.104095e+002
2.586000 3.103258e+002
2.588000 3.102426e+002
2.590000 3.101601e+002
2.592000 3.100781e+002
2.594000 3.099967e+002
2.596000 3.099159e+002
2.598000 3.098357e+002
2.600000 3.097560e+002
2.602000 3.096769e+002
2.604000 3.095983e+002
2.606000 3.095203e+002
2.608000 3.094429e+002
2.610000 3.093660e+002
2.612000 3.092896e+002
2.614000 3.092138e+002
2.616000 3.091386e+002
2.618000 3.090639e+002
2.620000 3.089897e+002
2.622000 3.089160e+002
2.624000 3.088429e+002
2.626000 3.087703e+002
2.628000 3.086983e+002
2.630000 3.086267e+002
2.632000 3.085557e+002
2.634000 3.084852e+002
2.636000 3.084152e+002
2.638000 3.083457e+002
2.640000 3.082767e+002
2.642000 3.082082e+002
2.644000 3.081402e+002
2.646000 3.080727e+002
2.648000 3.080057e+002
2.650000 3.079392e+002
2.652000 3.078732e+002
2.654000 3.078076e+002
2.656000 3.077426e+002
2.658000 3.076780e+002
2.660000 3.076139e+002
2.662000 3.075502e+002
2.664000 3.074871e+002
2.666000 3.074244e+002
2.668000 3.073621e+002
2.670000 3.073004e+002
2.672000 3.072390e+002
2.674000 3.071782e+002
2.676000 3.071178e+002
2.678000 3.070578e+002
2.680000 3.069983e+002
2.682000 3.069392e+002
2.684000 3.068806e+002
2.686000 3.068224e+002
2.688000 3.067646e+002
2.690000 3.067073e+002
2.692000 3.066504e+002
2.694000 3.065940e+002
2.696000 3.065379e+002
2.698000 3.064823e+002
2.700000 3.064271e+002
2.702000 3.063723e+002
2.704000 3.063180e+002
2.706000 3.062640e+002
2.708000 3.062105e+002
2.710000 3.061573e+002
2.712000 3.061046e+002
2.714000 3.060522e+002
2.716000 3.060003e+002
2.718000 3.059488e+002
2.720000 3.058976e+002
2.722000 3.058469e+002
2.724000 3.057965e+002
2.726000 3.057465e+002
2.728000 3.056969e+002
2.730000 3.056477e+002
2.732000 3.055989e+002
2.734000 3.055504e+002
2.736000 3.055023e+002
2.738000 3.054546e+002
2.740000 3.054072e+002
2.742000 3.053602e+002
2.744000 3.053136e+002
2.746000 3.052674e+002
2.748000 3.052215e+002
2.750000 3.051759e+002
2.752000 3.051307e+002
2.754000 3.050859e+002
2.756000 3.050414e+002
2.758000 3.049973e+002
2.760000 3.049535e+002
2.762000 3.049100e+002
2.764000 3.048669e+002
2.766000 3.048241e+002
2.768000 3.047817e+002
2.770000 3.047396e+002
2.772000 3.046978e+002
2.774000 3.046564e+002
2.776000 3.046152e+002
2.778000 3.045744e+002
2.780000 3.045340e+002
2.782000 3.044938e+002
2.784000 3.044540e+002
2.786000 3.044145e+002
2.788000 3.043753e+002
2.790000 3.043364e+002
2.792000 3.042978e+002
2.794000 3.042595e+002
2.796000 3.042216e+002
2.798000 3.041839e+002
2.800000 3.041465e+002
2.802000 3.041095e+002
2.804000 3.040727e+002
2.806000 3.040362e+002
2.808000 3.040001e+002
2.810000 3.039642e+002
2.812000 3.039286e+002
2.814000 3.038933e+002
2.816000 3.038582e+002
2.818000 3.038235e+002
2.820000 3.037890e+002
2.822000 3.037548e+002
2.824000 3.037209e+002
2.826000 3.036873e+002
2.828000 3.036540e+002
2.830000 3.036209e+002
2.832000 3.035881e+002
2.834000 3.035555e+002
2.836000 3.035232e+002
2.838000 3.034912e+002
2.840000 3.034594e+002
2.842000 3.034279e+002
2.844000 3.033967e+002
2.846000 3.033657e+002
2.848000 3.033350e+002
2.850000 3.033045e+002
2.852000 3.032743e+002
2.854000 3.032443e+002
2.856000 3.032146e+002
2.858000 3.031851e+002
2.860000 3.031559e+002
2.862000 3.031269e+002
2.864000 3.030981e+002
2.866000 3.030696e+002
2.868000 3.030413e+002
2.870000 3.030133e+002
2.872000 3.029855e+002
2.874000 3.029579e+002
2.876000 3.029305e+002
2.878000 3.029034e+002
2.880000 3.028765e+002
2.882000 3.028499e+002
2.884000 3.028234e+002
2.886000 3.027972e+002
2.888000 3.027712e+002
2.890000 3.027454e+002
2.892000 3.027198e+002
2.894000 3.026945e+002
2.896000 3.026693e+002
2.898000 3.026444e+002
2.900000 3.026197e+002
2.902000 3.025952e+002
2.904000 3.025709e+002
2.906000 3.025468e+002
2.908000 3.025229e+002
2.910000 3.024992e+002
2.912000 3.024758e+002
2.914000 3.024525e+002
2.916000 3.024294e+002
2.918000 3.024065e+002
2.920000 3.023838e+002
2.922000 3.023613e+002
2.924000 3.023390e+002
2.926000 3.023169e+002
2.928000 3.022950e+002
2.930000 3.022732e+002
2.932000 3.022517e+002
2.934000 3.022303e+002
2.936000 3.022091e+002
2.938000 3.021881e+002
2.940000 3.021673e+002
2.942000 3.021467e+002
2.944000 3.021262e+002
2.946000 3.021060e+002
2.948000 3.020859e+002
2.950000 3.020659e+002
2.952000 3.020462e+002
2.954000 3.020266e+002
2.956000 3.020072e+002
2.958000 3.019879e+002
2.960000 3.019689e+002
2.962000 3.019499e+002
2.964000 3.019312e+002
2.966000 3.019126e+002
2.968000 3.018942e+002
2.970000 3.018759e+002
2.972000 3.018578e+002
2.974000 3.018399e+002
2.976000 3.018221e+002
2.978000 3.018045e+002
2.980000 3.017870e+002
2.982000 3.017697e+002
2.984000 3.017526e+002
2.986000 3.017356e+002
2.988000 3.017187e+002
2.990000 3.017020e+002
2.992000 3.016854e+002
2.994000 3.016690e+002
2.996000 3.016528e+002
2.998000 3.016366e+002
3.000000 3.016207e+002
3.002000 3.016048e+002
3.004000 3.015891e+002
3.006000 3.015736e+002
3.008000 3.015582e+002
3.010000 3.015429e+002
3.012000 3.015277e+002
3.014000 3.015127e+002
3.016000 3.014979e+002
3.018000 3.014831e+002
3.020000 3.014685e+002
3.022000 3.014541e+002
3.024000 3.014397e+002
3.026000 3.014255e+002
3.028000 3.014114e+002
3.030000 3.013975e+002
3.032000 3.013836e+002
3.034000 3.013699e+002
3.036000 3.013563e+002
3.038000 3.013429e+002
3.040000 3.013296e+002
3.042000 3.013163e+002
3.044000 3.013032e+002
3.046000 3.012903e+002
3.048000 3.012774e+002
3.050000 3.012647e+002
3.052000 3.012521e+002
3.054000 3.012395e+002
3.056000 3.012272e+002
3.058000 3.012149e+002
3.060000 3.012027e+002
3.062000 3.011907e+002
3.064000 3.011787e+002
3.066000 3.011669e+002
3.068000 3.011552e+002
3.070000 3.011435e+002
3.072000 3.011320e+002
3.074000 3.011206e+002
3.076000 3.011093e+002
3.078000 3.010981e+002
3.080000 3.010871e+002
3.082000 3.010761e+002
3.084000 3.010652e+002
3.086000 3.010544e+002
3.088000 3.010437e+002
3.090000 3.010331e+002
3.092000 3.010227e+002
3.094000 3.010123e+002
3.096000 3.010020e+002
3.098000 3.009918e+002
3.100000 3.009817e+002
3.102000 3.009717e+002
3.104000 3.009618e+002
3.106000 3.009520e+002
3.108000 3.009422e+002
3.110000 3.009326e+002
3.112000 3.009231e+002
3.114000 3.009136e+002
3.116000 3.009043e+002
3.118000 3.008950e+002
3.120000 3.008858e+002
3.122000 3.008767e+002
3.124000 3.008677e+002
3.126000 3.008587e+002
3.128000 3.008499e+002
3.130000 3.008411e+002
3.132000 3.008325e+002
3.134000 3.008239e+002
3.136000 3.008154e+002
3.138000 3.008069e+002
3.140000 3.007986e+002
3.142000 3.007903e+002
3.144000 3.007821e+002
3.146000 3.007740e+002
3.148000 3.007660e+002
3.150000 3.007580e+002
3.152000 3.007501e+002
3.154000 3.007423e+002
3.156000 3.007346e+002
3.158000 3.007269e+002
3.160000 3.007194e+002
3.162000 3.007118e+002
3.164000 3.007044e+002
3.166000 3.006970e+002
3.168000 3.006897e+002
3.170000 3.006825e+002
3.172000 3.006754e+002
3.174000 3.006683e+002
3.176000 3.006613e+002
3.178000 3.006543e+002
3.180000 3.006474e+002
3.182000 3.006406e+002
3.184000 3.006339e+002
3.186000 3.006272e+002
3.188000 3.006206e+002
3.190000 3.006140e+002
3.192000 3.006075e+002
3.194000 3.006011e+002
3.196000 3.005947e+002
3.198000 3.005884e+002
3.200000 3.005822e+002
3.202000 3.005760e+002
3.204000 3.005699e+002
3.206000 3.005639e+002
3.208000 3.005579e+002
3.210000 3.005519e+002
3.212000 3.005461e+002
3.214000 3.005402e+002
3.216000 3.005345e+002
3.218000 3.005288e+002
3.220000 3.005231e+002
3.222000 3.005175e+002
3.224000 3.005120e+002
3.226000 3.005065e+002
3.228000 3.005011e+002
3.230000 3.004957e+002
3.232000 3.004904e+002
3.234000 3.004851e+002
3.236000 3.004799e+002
3.238000 3.004747e+002
3.240000 3.004696e+002
3.242000 3.004646e+002
3.244000 3.004596e+002
3.246000 3.004546e+002
3.248000 3.004497e+002
3.250000 3.004448e+002
3.252000 3.004400e+002
3.254000 3.004352e+002
3.256000 3.004305e+002
3.258000 3.004259e+002
3.260000 3.004212e+002
3.262000 3.004167e+002
3.264000 3.004121e+002
3.266000 3.004077e+002
3.268000 3.004032e+002
3.270000 3.003988e+002
3.272000 3.003945e+002
3.274000 3.003902e+002
3.276000 3.003859e+002
3.278000 3.003817e+002
3.280000 3.003775e+002
3.282000 3.003734e+002
3.284000 3.003693e+002
3.286000 3.003653e+002
3.288000 3.003612e+002
3.290000 3.003573e+002
3.292000 3.003534e+002
3.294000 3.003495e+002
3.296000 3.003456e+002
3.298000 3.003418e+002
3.300000 3.003381e+002
3.302000 3.003343e+002
3.304000 3.003306e+002
3.306000 3.003270e+002
3.308000 3.003234e+002
3.310000 3.003198e+002
3.312000 3.003163e+002
3.314000 3.003128e+002
3.316000 3.003093e+002
3.318000 3.003059e+002
3.320000 3.003025e+002
3.322000 3.002991e+002
3.324000 3.002958e+002
3.326000 3.002925e+002
3.328000 3.002892e+002
3.330000 3.002860e+002
3.332000 3.002828e+002
3.334000 3.002797e+002
3.336000 3.002765e+002
3.338000 3.002734e+002
3.340000 3.002704e+002
3.342000 3.002674e+002
3.344000 3.002644e+002
3.346000 3.002614e+002
3.348000 3.002585e+002
3.350000 3.002556e+002
3.352000 3.002527e+002
3.354000 3.002499e+002
3.356000 3.002470e+002
3.358000 3.002443e+002
3.360000 3.002415e+002
3.362000 3.002388e+002
3.364000 3.002361e+002
3.366000 3.002334e+002
3.368000 3.002308e+002
3.370000 3.002282e+002
3.372000 3.002256e+002
3.374000 3.002230e+002
3.376000 3.002205e+002
3.378000 3.002180e+002
3.380000 3.002155e+002
3.382000 3.002131e+002
3.384000 3.002107e+002
3.386000 3.002083e+002
3.388000 3.002059e+002
3.390000 3.002035e+002
3.392000 3.002012e+002
3.394000 3.001989e+002
3.396000 3.001967e+002
3.398000 3.001944e+002
3.400000 3.001922e+002
3.402000 3.001900e+002
3.404000 3.001878e+002
3.406000 3.001857e+002
3.408000 3.001835e+002
3.410000 3.001814e+002
3.412000 3.001793e+002
3.414000 3.001773e+002
3.416000 3.001752e+002
3.418000 3.001732e+002
3.420000 3.001712e+002
3.422000 3.001693e+002
3.424000 3.001673e+002
3.426000 3.001654e+002
3.428000 3.001635e+002
3.430000 3.001616e+002
3.432000 3.001597e+002
3.434000 3.001579e+002
3.436000 3.001560e+002
3.438000 3.001542e+002
3.440000 3.001524e+002
3.442000 3.001507e+002
3.444000 3.001489e+002
3.446000 3.001472e+002
3.448000 3.001455e+002
3.450000 3.001438e+002
3.452000 3.001421e+002
3.454000 3.001404e+002
3.456000 3.001388e+002
3.458000 3.001372e+002
3.460000 3.001356e+002
3.462000 3.001340e+002
3.464000 3.001324e+002
3.466000 3.001309e+002
3.468000 3.001293e+002
3.470000 3.001278e+002
3.472000 3.001263e+002
3.474000 3.001249e+002
3.476000 3.001234e+002
3.478000 3.001219e+002
3.480000 3.001205e+002
3.482000 3.001191e+002
3.484000 3.001177e+002
3.486000 3.001163e+002
3.488000 3.001149e+002
3.490000 3.001136e+002
3.492000 3.001122e+002
3.494000 3.001109e+002
3.496000 3.001096e+002
3.498000 3.001083e+002
3.500000 3.001070e+002
3.502000 3.001057e+002
3.504000 3.001045e+002
3.506000 3.001033e+002
3.508000 3.001020e+002
3.510000 3.001008e+002
3.512000 3.000996e+002
3.514000 3.000984e+002
3.516000 3.000973e+002
3.518000 3.000961e+002
3.520000 3.000950e+002
3.522000 3.000938e+002
3.524000 3.000927e+002
3.526000 3.000916e+002
3.528000 3.000905e+002
3.530000 3.000894e+002
3.532000 3.000884e+002
3.534000 3.000873e+002
3.536000 3.000863e+002
3.538000 3.000852e+002
3.540000 3.000842e+002
3.542000 3.000832e+002
3.544000 3.000822e+002
3.546000 3.000812e+002
3.548000 3.000802e+002
3.550000 3.000793e+002
3.552000 3.000783e+002
3.554000 3.000774e+002
3.556000 3.000764e+002
3.558000 3.000755e+002
3.560000 3.000746e+002
3.562000 3.000737e+002
3.564000 3.000728e+002
3.566000 3.000719e+002
3.568000 3.000711e+002
3.570000 3.000702e+002
3.572000 3.000694e+002
3.574000 3.000685e+002
3.576000 3.000677e+002
3.578000 3.000669e+002
3.580000 3.000661e+002
3.582000 3.000653e+002
3.584000 3.000645e+002
3.586000 3.000637e+002
3.588000 3.000629e+002
3.590000 3.000621e+002
3.592000 3.000614e+002
3.594000 3.000606e+002
3.596000 3.000599e+002
3.598000 3.000592e+002
3.600000 3.000585e+002
3.602000 3.000577e+002
3.604000 3.000570e+002
3.606000 3.000563e+002
3.608000 3.000557e+002
3.610000 3.000550e+002
3.612000 3.000543e+002
3.614000 3.000536e+002
3.616000 3.000530e+002
3.618000 3.000523e+002
3.620000 3.000517e+002
3.622000 3.000511e+002
3.624000 3.000504e+002
3.626000 3.000498e+002
3.628000 3.000492e+002
3.630000 3.000486e+002
3.632000 3.000480e+002
3.634000 3.000474e+002
3.636000 3.000468e+002
3.638000 3.000463e+002
3.640000 3.000457e+002
3.642000 3.000451e+002
3.644000 3.000446e+002
3.646000 3.000440e+002
3.648000 3.000435e+002
3.650000 3.000430e+002
3.652000 3.000424e+002
3.654000 3.000419e+002
3.656000 3.000414e+002
3.658000 3.000409e+002
3.660000 3.000404e+002
3.662000 3.000399e+002
3.664000 3.000394e+002
3.666000 3.000389e+002
3.668000 3.000384e+002
3.670000 3.000380e+002
3.672000 3.000375e+002
3.674000 3.000370e+002
3.676000 3.000366e+002
3.678000 3.000361e+002
3.680000 3.000357e+002
3.682000 3.000352e+002
3.684000 3.000348e+002
3.686000 3.000344e+002
3.688000 3.000340e+002
3.690000 3.000335e+002
3.692000 3.000331e+002
3.694000 3.000327e+002
3.696000 3.000323e+002
3.698000 3.000319e+002
3.700000 3.000315e+002
3.702000 3.000311e+002
3.704000 3.000308e+002
3.706000 3.000304e+002
3.708000 3.000300e+002
3.710000 3.000296e+002
3.712000 3.000293e+002
3.714000 3.000289e+002
3.716000 3.000286e+002
3.718000 3.000282e+002
3.720000 3.000279e+002
3.722000 3.000275e+002
3.724000 3.000272e+002
3.726000 3.000269e+002
3.728000 3.000265e+002
3.730000 3.000262e+002
3.732000 3.000259e+002
3.734000 3.000256e+002
3.736000 3.000253e+002
3.738000 3.000250e+002
3.740000 3.000247e+002
3.742000 3.000244e+002
3.744000 3.000241e+002
3.746000 3.000238e+002
3.748000 3.000235e+002
3.750000 3.000232e+002
3.752000 3.000229e+002
3.754000 3.000226e+002
3.756000 3.000224e+002
3.758000 3.000221e+002
3.760000 3.000218e+002
3.762000 3.000216e+002
3.764000 3.000213e+002
3.766000 3.000211e+002
3.768000 3.000208e+002
3.770000 3.000206e+002
3.772000 3.000203e+002
3.774000 3.000201e+002
3.776000 3.000198e+002
3.778000 3.000196e+002
3.780000 3.000194e+002
3.782000 3.000191e+002
3.784000 3.000189e+002
3.786000 3.000187e+002
3.788000 3.000185e+002
3.790000 3.000183e+002
3.792000 3.000181e+002
3.794000 3.000178e+002
3.796000 3.000176e+002
3.798000 3.000174e+002
3.800000 3.000172e+002
3.802000 3.000170e+002
3.804000 3.000168e+002
3.806000 3.000167e+002
3.808000 3.000165e+002
3.810000 3.000163e+002
3.812000 3.000161e+002
3.814000 3.000159e+002
3.816000 3.000157e+002
3.818000 3.000156e+002
3.820000 3.000154e+002
3.822000 3.000152e+002
3.824000 3.000151e+002
3.826000 3.000149e+002
3.828000 3.000147e+002
3.830000 3.000146e+002
3.832000 3.000144e+002
3.834000 3.000143e+002
3.836000 3.000141e+002
3.838000 3.000140e+002
3.840000 3.000138e+002
3.842000 3.000137e+002
3.844000 3.000135e+002
3.846000 3.000134e+002
3.848000 3.000133e+002
3.850000 3.000131e+002
3.852000 3.000130e+002
3.854000 3.000129e+002
3.856000 3.000127e+002
3.858000 3.000126e+002
3.860000 3.000125e+002
3.862000 3.000124e+002
3.864000 3.000122e+002
3.866000 3.000121e+002
3.868000 3.000120e+002
3.870000 3.000119e+002
3.872000 3.000118e+002
3.874000 3.000117e+002
3.876000 3.000116e+002
3.878000 3.000115e+002
3.880000 3.000114e+002
3.882000 3.000113e+002
3.884000 3.000112e+002
3.886000 3.000111e+002
3.888000 3.000110e+002
3.890000 3.000109e+002
3.892000 3.000108e+002
3.894000 3.000107e+002
3.896000 3.000106e+002
3.898000 3.000105e+002
3.900000 3.000104e+002
3.902000 3.000104e+002
3.904000 3.000103e+002
3.906000 3.000102e+002
3.908000 3.000101e+002
3.910000 3.000101e+002
3.912000 3.000100e+002
3.914000 3.000099e+002
3.916000 3.000099e+002
3.918000 3.000098e+002
3.920000 3.000097e+002
3.922000 3.000097e+002
3.924000 3.000096e+002
3.926000 3.000095e+002
3.928000 3.000095e+002
3.930000 3.000094e+002
3.932000 3.000094e+002
3.934000 3.000093e+002
3.936000 3.000093e+002
3.938000 3.000092e+002
3.940000 3.000092e+002
3.942000 3.000091e+002
3.944000 3.000091e+002
3.946000 3.000091e+002
3.948000 3.000090e+002
3.950000 3.000090e+002
3.952000 3.000089e+002
3.954000 3.000089e+002
3.956000 3.000089e+002
3.958000 3.000088e+002
3.960000 3.000088e+002
3.962000 3.000088e+002
3.964000 3.000088e+002
3.966000 3.000087e+002
3.968000 3.000087e+002
3.970000 3.000087e+002
3.972000 3.000087e+002
3.974000 3.000087e+002
3.976000 3.000086e+002
3.978000 3.000086e+002
3.980000 3.000086e+002
3.982000 3.000086e+002
3.984000 3.000086e+002
3.986000 3.000086e+002
3.988000 3.000086e+002
3.990000 3.000086e+002
3.992000 3.000086e+002
3.994000 3.000086e+002
3.996000 3.000086e+002
3.998000 3.000000e+002
