0.000000 3.269089e+002
0.002000 3.298785e+002
0.004000 3.328474e+002
0.006000 3.358156e+002
0.008000 3.387829e+002
0.010000 3.417492e+002
0.012000 3.447146e+002
0.014000 3.476790e+002
0.016000 3.506422e+002
0.018000 3.536042e+002
0.020000 3.565650e+002
0.022000 3.595244e+002
0.024000 3.624824e+002
0.026000 3.654389e+002
0.028000 3.683939e+002
0.030000 3.713472e+002
0.032000 3.742989e+002
0.034000 3.772488e+002
0.036000 3.801969e+002
0.038000 3.831431e+002
0.040000 3.860874e+002
0.042000 3.890295e+002
0.044000 3.919696e+002
0.046000 3.949075e+002
0.048000 3.978432e+002
0.050000 4.007766e+002
0.052000 4.037075e+002
0.054000 4.066360e+002
0.056000 4.095620e+002
0.058000 4.124854e+002
0.060000 4.154062e+002
0.062000 4.183242e+002
0.064000 4.212394e+002
0.066000 4.241517e+002
0.068000 4.270612e+002
0.070000 4.299676e+002
0.072000 4.328709e+002
0.074000 4.357711e+002
0.076000 4.386681e+002
0.078000 4.415618e+002
0.080000 4.444522e+002
0.082000 4.473392e+002
0.084000 4.502227e+002
0.086000 4.531026e+002
0.088000 4.559790e+002
0.090000 4.588516e+002
0.092000 4.617205e+002
0.094000 4.645856e+002
0.096000 4.674468e+002
0.098000 4.703041e+002
0.100000 4.731574e+002
0.102000 4.760065e+002
0.104000 4.788516e+002
0.106000 4.816924e+002
0.108000 4.845289e+002
0.110000 4.873611e+002
0.112000 4.901889e+002
0.114000 4.930123e+002
0.116000 4.958311e+002
0.118000 4.986452e+002
0.120000 5.014548e+002
0.122000 5.042595e+002
0.124000 5.070595e+002
0.126000 5.098546e+002
0.128000 5.126448e+002
0.130000 5.154301e+002
0.132000 5.182102e+002
0.134000 5.209853e+002
0.136000 5.237551e+002
0.138000 5.265197e+002
0.140000 5.292791e+002
0.142000 5.320330e+002
0.144000 5.347815e+002
0.146000 5.375246e+002
0.148000 5.402620e+002
0.150000 5.429939e+002
0.152000 5.457201e+002
0.154000 5.484405e+002
0.156000 5.511551e+002
0.158000 5.538639e+002
0.160000 5.565668e+002
0.162000 5.592636e+002
0.164000 5.619545e+002
0.166000 5.646392e+002
0.168000 5.673178e+002
0.170000 5.699901e+002
0.172000 5.726562e+002
0.174000 5.753159e+002
0.176000 5.779692e+002
0.178000 5.806160e+002
0.180000 5.832564e+002
0.182000 5.858901e+002
0.184000 5.885173e+002
0.186000 5.911377e+002
0.188000 5.937514e+002
0.190000 5.963583e+002
0.192000 5.989583e+002
0.194000 6.015514e+002
0.196000 6.041375e+002
0.198000 6.067166e+002
0.200000 6.092886e+002
0.202000 6.118534e+002
0.204000 6.144111e+002
0.206000 6.169615e+002
0.208000 6.195045e+002
0.210000 6.220403e+002
0.212000 6.245686e+002
0.214000 6.270894e+002
0.216000 6.296027e+002
0.218000 6.321084e+002
0.220000 6.346065e+002
0.222000 6.370969e+002
0.224000 6.395796e+002
0.226000 6.420545e+002
0.228000 6.445215e+002
0.230000 6.469806e+002
0.232000 6.494318e+002
0.234000 6.518750e+002
0.236000 6.543101e+002
0.238000 6.567372e+002
0.240000 6.591560e+002
0.242000 6.615667e+002
0.244000 6.639692e+002
0.246000 6.663633e+002
0.248000 6.687491e+002
0.250000 6.711265e+002
0.252000 6.734954e+002
0.254000 6.758559e+002
0.256000 6.782078e+002
0.258000 6.805511e+002
0.260000 6.828858e+002
0.262000 6.852118e+002
0.264000 6.875291e+002
0.266000 6.898376e+002
0.268000 6.921372e+002
0.270000 6.944280e+002
0.272000 6.967099e+002
0.274000 6.989828e+002
0.276000 7.012468e+002
0.278000 7.035016e+002
0.280000 7.057474e+002
0.282000 7.079841e+002
0.284000 7.102115e+002
0.286000 7.124298e+002
0.288000 7.146387e+002
0.290000 7.168384e+002
0.292000 7.190287e+002
0.294000 7.212097e+002
0.296000 7.233812e+002
0.298000 7.255432e+002
0.300000 7.276957e+002
0.302000 7.298386e+002
0.304000 7.319720e+002
0.306000 7.340957e+002
0.308000 7.362098e+002
0.310000 7.383141e+002
0.312000 7.404087e+002
0.314000 7.424935e+002
0.316000 7.445684e+002
0.318000 7.466335e+002
0.320000 7.486887e+002
0.322000 7.507340e+002
0.324000 7.527693e+002
0.326000 7.547945e+002
0.328000 7.568097e+002
0.330000 7.588149e+002
0.332000 7.608099e+002
0.334000 7.627947e+002
0.336000 7.647694e+002
0.338000 7.667339e+002
0.340000 7.686880e+002
0.342000 7.706320e+002
0.344000 7.725655e+002
0.346000 7.744888e+002
0.348000 7.764016e+002
0.350000 7.783040e+002
0.352000 7.801960e+002
0.354000 7.820775e+002
0.356000 7.839484e+002
0.358000 7.858089e+002
0.360000 7.876587e+002
0.362000 7.894980e+002
0.364000 7.913266e+002
0.366000 7.931445e+002
0.368000 7.949518e+002
0.370000 7.967484e+002
0.372000 7.985342e+002
0.374000 8.003092e+002
0.376000 8.020734e+002
0.378000 8.038268e+002
0.380000 8.055694e+002
0.382000 8.073010e+002
0.384000 8.090218e+002
0.386000 8.107317e+002
0.388000 8.124305e+002
0.390000 8.141184e+002
0.392000 8.157953e+002
0.394000 8.174612e+002
0.396000 8.191160e+002
0.398000 8.207598e+002
0.400000 8.223924e+002
0.402000 8.240140e+002
0.404000 8.256243e+002
0.406000 8.272236e+002
0.408000 8.288116e+002
0.410000 8.303885e+002
0.412000 8.319541e+002
0.414000 8.335085e+002
0.416000 8.350516e+002
0.418000 8.365834e+002
0.420000 8.381040e+002
0.422000 8.396132e+002
0.424000 8.411110e+002
0.426000 8.425976e+002
0.428000 8.440727e+002
0.430000 8.455365e+002
0.432000 8.469888e+002
0.434000 8.484298e+002
0.436000 8.498593e+002
0.438000 8.512773e+002
0.440000 8.526839e+002
0.442000 8.540790e+002
0.444000 8.554626e+002
0.446000 8.568347e+002
0.448000 8.581952e+002
0.450000 8.595443e+002
0.452000 8.608818e+002
0.454000 8.622077e+002
0.456000 8.635220e+002
0.458000 8.648248e+002
0.460000 8.661159e+002
0.462000 8.673955e+002
0.464000 8.686634e+002
0.466000 8.699198e+002
0.468000 8.711644e+002
0.470000 8.723975e+002
0.472000 8.736188e+002
0.474000 8.748286e+002
0.476000 8.760266e+002
0.478000 8.772130e+002
0.480000 8.783876e+002
0.482000 8.795506e+002
0.484000 8.807019e+002
0.486000 8.818415e+002
0.488000 8.829694e+002
0.490000 8.840855e+002
0.492000 8.851899e+002
0.494000 8.862826e+002
0.496000 8.873636e+002
0.498000 8.884328e+002
0.500000 8.894903e+002
0.502000 8.905361e+002
0.504000 8.915701e+002
0.506000 8.925923e+002
0.508000 8.936029e+002
0.510000 8.946016e+002
0.512000 8.955886e+002
0.514000 8.965639e+002
0.516000 8.975274e+002
0.518000 8.984791e+002
0.520000 8.994191e+002
0.522000 9.003473e+002
0.524000 9.012638e+002
0.526000 9.021686e+002
0.528000 9.030615e+002
0.530000 9.039428e+002
0.532000 9.048123e+002
0.534000 9.056700e+002
0.536000 9.065160e+002
0.538000 9.073503e+002
0.540000 9.081728e+002
0.542000 9.089836e+002
0.544000 9.097827e+002
0.546000 9.105701e+002
0.548000 9.113457e+002
0.550000 9.121097e+002
0.552000 9.128619e+002
0.554000 9.136024e+002
0.556000 9.143313e+002
0.558000 9.150485e+002
0.560000 9.157540e+002
0.562000 9.164478e+002
0.564000 9.171300e+002
0.566000 9.178005e+002
0.568000 9.184593e+002
0.570000 9.191066e+002
0.572000 9.197422e+002
0.574000 9.203662e+002
0.576000 9.209786e+002
0.578000 9.215794e+002
0.580000 9.221686e+002
0.582000 9.227463e+002
0.584000 9.233124e+002
0.586000 9.238669e+002
0.588000 9.244099e+002
0.590000 9.249414e+002
0.592000 9.254614e+002
0.594000 9.259699e+002
0.596000 9.264669e+002
0.598000 9.269524e+002
0.600000 9.274264e+002
0.602000 9.278891e+002
0.604000 9.283403e+002
0.606000 9.287801e+002
0.608000 9.292084e+002
0.610000 9.296255e+002
0.612000 9.300311e+002
0.614000 9.304254e+002
0.616000 9.308084e+002
0.618000 9.311800e+002
0.620000 9.315404e+002
0.622000 9.318895e+002
0.624000 9.322273e+002
0.626000 9.325539e+002
0.628000 9.328692e+002
0.630000 9.331734e+002
0.632000 9.334663e+002
0.634000 9.337481e+002
0.636000 9.340188e+002
0.638000 9.342783e+002
0.640000 9.345267e+002
0.642000 9.347641e+002
0.644000 9.349903e+002
0.646000 9.352056e+002
0.648000 9.354098e+002
0.650000 9.356030e+002
0.652000 9.357852e+002
0.654000 9.359565e+002
0.656000 9.361169e+002
0.658000 9.362663e+002
0.660000 9.364049e+002
0.662000 9.365326e+002
0.664000 9.366495e+002
0.666000 9.367555e+002
0.668000 9.368508e+002
0.670000 9.369353e+002
0.672000 9.370091e+002
0.674000 9.370721e+002
0.676000 9.371245e+002
0.678000 9.371662e+002
0.680000 9.371973e+002
0.682000 9.372178e+002
0.684000 9.372277e+002
0.686000 9.372270e+002
0.688000 9.372158e+002
0.690000 9.371942e+002
0.692000 9.371620e+002
0.694000 9.371194e+002
0.696000 9.370664e+002
0.698000 9.370030e+002
0.700000 9.369293e+002
0.702000 9.368452e+002
0.704000 9.367508e+002
0.706000 9.366462e+002
0.708000 9.365313e+002
0.710000 9.364062e+002
0.712000 9.362710e+002
0.714000 9.361256e+002
0.716000 9.359701e+002
0.718000 9.358045e+002
0.720000 9.356288e+002
0.722000 9.354431e+002
0.724000 9.352475e+002
0.726000 9.350418e+002
0.728000 9.348263e+002
0.730000 9.346009e+002
0.732000 9.343656e+002
0.734000 9.341204e+002
0.736000 9.338655e+002
0.738000 9.336008e+002
0.740000 9.333264e+002
0.742000 9.330423e+002
0.744000 9.327486e+002
0.746000 9.324452e+002
0.748000 9.321322e+002
0.750000 9.318097e+002
0.752000 9.314776e+002
0.754000 9.311361e+002
0.756000 9.307851e+002
0.758000 9.304247e+002
0.760000 9.300550e+002
0.762000 9.296759e+002
0.764000 9.292875e+002
0.766000 9.288898e+002
0.768000 9.284829e+002
0.770000 9.280667e+002
0.772000 9.276415e+002
0.774000 9.272071e+002
0.776000 9.267636e+002
0.778000 9.263111e+002
0.780000 9.258496e+002
0.782000 9.253790e+002
0.784000 9.248996e+002
0.786000 9.244113e+002
0.788000 9.239141e+002
0.790000 9.234081e+002
0.792000 9.228933e+002
0.794000 9.223698e+002
0.796000 9.218376e+002
0.798000 9.212967e+002
0.800000 9.207472e+002
0.802000 9.201891e+002
0.804000 9.196224e+002
0.806000 9.190473e+002
0.808000 9.184637e+002
0.810000 9.178717e+002
0.812000 9.172713e+002
0.814000 9.166625e+002
0.816000 9.160455e+002
0.818000 9.154202e+002
0.820000 9.147867e+002
0.822000 9.141450e+002
0.824000 9.134951e+002
0.826000 9.128372e+002
0.828000 9.121712e+002
0.830000 9.114972e+002
0.832000 9.108152e+002
0.834000 9.101253e+002
0.836000 9.094275e+002
0.838000 9.087219e+002
0.840000 9.080084e+002
0.842000 9.072872e+002
0.844000 9.065583e+002
0.846000 9.058218e+002
0.848000 9.050775e+002
0.850000 9.043257e+002
0.852000 9.035664e+002
0.854000 9.027995e+002
0.856000 9.020252e+002
0.858000 9.012435e+002
0.860000 9.004544e+002
0.862000 8.996579e+002
0.864000 8.988542e+002
0.866000 8.980432e+002
0.868000 8.972251e+002
0.870000 8.963998e+002
0.872000 8.955673e+002
0.874000 8.947279e+002
0.876000 8.938813e+002
0.878000 8.930279e+002
0.880000 8.921674e+002
0.882000 8.913001e+002
0.884000 8.904260e+002
0.886000 8.895450e+002
0.888000 8.886573e+002
0.890000 8.877629e+002
0.892000 8.868618e+002
0.894000 8.859541e+002
0.896000 8.850398e+002
0.898000 8.841190e+002
0.900000 8.831917e+002
0.902000 8.822579e+002
0.904000 8.813178e+002
0.906000 8.803713e+002
0.908000 8.794185e+002
0.910000 8.784595e+002
0.912000 8.774942e+002
0.914000 8.765228e+002
0.916000 8.755452e+002
0.918000 8.745616e+002
0.920000 8.735720e+002
0.922000 8.725763e+002
0.924000 8.715747e+002
0.926000 8.705672e+002
0.928000 8.695539e+002
0.930000 8.685348e+002
0.932000 8.675099e+002
0.934000 8.664793e+002
0.936000 8.654430e+002
0.938000 8.644011e+002
0.940000 8.633537e+002
0.942000 8.623007e+002
0.944000 8.612422e+002
0.946000 8.601783e+002
0.948000 8.591090e+002
0.950000 8.580344e+002
0.952000 8.569545e+002
0.954000 8.558693e+002
0.956000 8.547789e+002
0.958000 8.536834e+002
0.960000 8.525827e+002
0.962000 8.514770e+002
0.964000 8.503663e+002
0.966000 8.492505e+002
0.968000 8.481299e+002
0.970000 8.470044e+002
0.972000 8.458740e+002
0.974000 8.447389e+002
0.976000 8.435990e+002
0.978000 8.424544e+002
0.980000 8.413052e+002
0.982000 8.401513e+002
0.984000 8.389929e+002
0.986000 8.378300e+002
0.988000 8.366626e+002
0.990000 8.354908e+002
0.992000 8.343146e+002
0.994000 8.331341e+002
0.996000 8.319493e+002
0.998000 8.307603e+002
1.000000 8.295671e+002
1.002000 8.283697e+002
1.004000 8.271683e+002
1.006000 8.259628e+002
1.008000 8.247533e+002
1.010000 8.235398e+002
1.012000 8.223224e+002
1.014000 8.211011e+002
1.016000 8.198760e+002
1.018000 8.186471e+002
1.020000 8.174145e+002
1.022000 8.161782e+002
1.024000 8.149383e+002
1.026000 8.136948e+002
1.028000 8.124477e+002
1.030000 8.111971e+002
1.032000 8.099430e+002
1.034000 8.086856e+002
1.036000 8.074247e+002
1.038000 8.061606e+002
1.040000 8.048931e+002
1.042000 8.036224e+002
1.044000 8.023485e+002
1.046000 8.010715e+002
1.048000 7.997914e+002
1.050000 7.985082e+002
1.052000 7.972220e+002
1.054000 7.959329e+002
1.056000 7.946408e+002
1.058000 7.933458e+002
1.060000 7.920480e+002
1.062000 7.907474e+002
1.064000 7.894441e+002
1.066000 7.881380e+002
1.068000 7.868293e+002
1.070000 7.855180e+002
1.072000 7.842041e+002
1.074000 7.828877e+002
1.076000 7.815688e+002
1.078000 7.802475e+002
1.080000 7.789237e+002
1.082000 7.775977e+002
1.084000 7.762693e+002
1.086000 7.749386e+002
1.088000 7.736057e+002
1.090000 7.722706e+002
1.092000 7.709334e+002
1.094000 7.695941e+002
1.096000 7.682528e+002
1.098000 7.669094e+002
1.100000 7.655641e+002
1.102000 7.642168e+002
1.104000 7.628677e+002
1.106000 7.615167e+002
1.108000 7.601639e+002
1.110000 7.588094e+002
1.112000 7.574531e+002
1.114000 7.560952e+002
1.116000 7.547356e+002
1.118000 7.533745e+002
1.120000 7.520118e+002
1.122000 7.506476e+002
1.124000 7.492819e+002
1.126000 7.479148e+002
1.128000 7.465463e+002
1.130000 7.451765e+002
1.132000 7.438053e+002
1.134000 7.424329e+002
1.136000 7.410593e+002
1.138000 7.396845e+002
1.140000 7.383086e+002
1.142000 7.369315e+002
1.144000 7.355534e+002
1.146000 7.341743e+002
1.148000 7.327942e+002
1.150000 7.314131e+002
1.152000 7.300311e+002
1.154000 7.286483e+002
1.156000 7.272646e+002
1.158000 7.258802e+002
1.160000 7.244950e+002
1.162000 7.231091e+002
1.164000 7.217225e+002
1.166000 7.203353e+002
1.168000 7.189475e+002
1.170000 7.175591e+002
1.172000 7.161702e+002
1.174000 7.147809e+002
1.176000 7.133910e+002
1.178000 7.120008e+002
1.180000 7.106102e+002
1.182000 7.092193e+002
1.184000 7.078281e+002
1.186000 7.064366e+002
1.188000 7.050449e+002
1.190000 7.036530e+002
1.192000 7.022610e+002
1.194000 7.008688e+002
1.196000 6.994766e+002
1.198000 6.980844e+002
1.200000 6.966921e+002
1.202000 6.952998e+002
1.204000 6.939077e+002
1.206000 6.925156e+002
1.208000 6.911236e+002
1.210000 6.897319e+002
1.212000 6.883403e+002
1.214000 6.869490e+002
1.216000 6.855579e+002
1.218000 6.841672e+002
1.220000 6.827768e+002
1.222000 6.813868e+002
1.224000 6.799972e+002
1.226000 6.786080e+002
1.228000 6.772193e+002
1.230000 6.758311e+002
1.232000 6.744435e+002
1.234000 6.730564e+002
1.236000 6.716700e+002
1.238000 6.702842e+002
1.240000 6.688991e+002
1.242000 6.675146e+002
1.244000 6.661310e+002
1.246000 6.647480e+002
1.248000 6.633659e+002
1.250000 6.619847e+002
1.252000 6.606043e+002
1.254000 6.592247e+002
1.256000 6.578462e+002
1.258000 6.564685e+002
1.260000 6.550919e+002
1.262000 6.537163e+002
1.264000 6.523417e+002
1.266000 6.509682e+002
1.268000 6.495958e+002
1.270000 6.482246e+002
1.272000 6.468545e+002
1.274000 6.454857e+002
1.276000 6.441180e+002
1.278000 6.427516e+002
1.280000 6.413865e+002
1.282000 6.400227e+002
1.284000 6.386603e+002
1.286000 6.372992e+002
1.288000 6.359396e+002
1.290000 6.345813e+002
1.292000 6.332245e+002
1.294000 6.318692e+002
1.296000 6.305154e+002
1.298000 6.291632e+002
1.300000 6.278125e+002
1.302000 6.264634e+002
1.304000 6.251159e+002
1.306000 6.237700e+002
1.308000 6.224258e+002
1.310000 6.210834e+002
1.312000 6.197426e+002
1.314000 6.184036e+002
1.316000 6.170664e+002
1.318000 6.157309e+002
1.320000 6.143973e+002
1.322000 6.130656e+002
1.324000 6.117357e+002
1.326000 6.104077e+002
1.328000 6.090816e+002
1.330000 6.077575e+002
1.332000 6.064354e+002
1.334000 6.051152e+002
1.336000 6.037971e+002
1.338000 6.024810e+002
1.340000 6.011670e+002
1.342000 5.998550e+002
1.344000 5.985452e+002
1.346000 5.972375e+002
1.348000 5.959320e+002
1.350000 5.946286e+002
1.352000 5.933274e+002
1.354000 5.920285e+002
1.356000 5.907318e+002
1.358000 5.894374e+002
1.360000 5.881452e+002
1.362000 5.868554e+002
1.364000 5.855679e+002
1.366000 5.842828e+002
1.368000 5.830000e+002
1.370000 5.817196e+002
1.372000 5.804416e+002
1.374000 5.791661e+002
1.376000 5.778930e+002
1.378000 5.766223e+002
1.380000 5.753542e+002
1.382000 5.740886e+002
1.384000 5.728255e+002
1.386000 5.715649e+002
1.388000 5.703069e+002
1.390000 5.690515e+002
1.392000 5.677988e+002
1.394000 5.665486e+002
1.396000 5.653010e+002
1.398000 5.640562e+002
1.400000 5.628140e+002
1.402000 5.615745e+002
1.404000 5.603377e+002
1.406000 5.591036e+002
1.408000 5.578723e+002
1.410000 5.566437e+002
1.412000 5.554179e+002
1.414000 5.541949e+002
1.416000 5.529747e+002
1.418000 5.517573e+002
1.420000 5.505428e+002
1.422000 5.493311e+002
1.424000 5.481223e+002
1.426000 5.469164e+002
1.428000 5.457134e+002
1.430000 5.445133e+002
1.432000 5.433161e+002
1.434000 5.421219e+002
1.436000 5.409307e+002
1.438000 5.397424e+002
1.440000 5.385571e+002
1.442000 5.373748e+002
1.444000 5.361955e+002
1.446000 5.350193e+002
1.448000 5.338460e+002
1.450000 5.326759e+002
1.452000 5.315088e+002
1.454000 5.303448e+002
1.456000 5.291839e+002
1.458000 5.280260e+002
1.460000 5.268714e+002
1.462000 5.257198e+002
1.464000 5.245714e+002
1.466000 5.234261e+002
1.468000 5.222840e+002
1.470000 5.211450e+002
1.472000 5.200093e+002
1.474000 5.188767e+002
1.476000 5.177474e+002
1.478000 5.166212e+002
1.480000 5.154983e+002
1.482000 5.143787e+002
1.484000 5.132623e+002
1.486000 5.121491e+002
1.488000 5.110392e+002
1.490000 5.099326e+002
1.492000 5.088293e+002
1.494000 5.077292e+002
1.496000 5.066325e+002
1.498000 5.055391e+002
1.500000 5.044490e+002
1.502000 5.033623e+002
1.504000 5.022788e+002
1.506000 5.011988e+002
1.508000 5.001220e+002
1.510000 4.990487e+002
1.512000 4.979787e+002
1.514000 4.969121e+002
1.516000 4.958489e+002
1.518000 4.947891e+002
1.520000 4.937326e+002
1.522000 4.926796e+002
1.524000 4.916300e+002
1.526000 4.905838e+002
1.528000 4.895410e+002
1.530000 4.885017e+002
1.532000 4.874658e+002
1.534000 4.864334e+002
1.536000 4.854044e+002
1.538000 4.843788e+002
1.540000 4.833567e+002
1.542000 4.823381e+002
1.544000 4.813230e+002
1.546000 4.803113e+002
1.548000 4.793031e+002
1.550000 4.782984e+002
1.552000 4.772972e+002
1.554000 4.762995e+002
1.556000 4.753053e+002
1.558000 4.743146e+002
1.560000 4.733274e+002
1.562000 4.723437e+002
1.564000 4.713635e+002
1.566000 4.703868e+002
1.568000 4.694137e+002
1.570000 4.684440e+002
1.572000 4.674779e+002
1.574000 4.665154e+002
1.576000 4.655563e+002
1.578000 4.646009e+002
1.580000 4.636489e+002
1.582000 4.627005e+002
1.584000 4.617556e+002
1.586000 4.608143e+002
1.588000 4.598765e+002
1.590000 4.589422e+002
1.592000 4.580115e+002
1.594000 4.570844e+002
1.596000 4.561608e+002
1.598000 4.552408e+002
1.600000 4.543243e+002
1.602000 4.534114e+002
1.604000 4.525020e+002
1.606000 4.515962e+002
1.608000 4.506939e+002
1.610000 4.497952e+002
1.612000 4.489001e+002
1.614000 4.480085e+002
1.616000 4.471205e+002
1.618000 4.462360e+002
1.620000 4.453551e+002
1.622000 4.444778e+002
1.624000 4.436040e+002
1.626000 4.427338e+002
1.628000 4.418671e+002
1.630000 4.410040e+002
1.632000 4.401444e+002
1.634000 4.392884e+002
1.636000 4.384359e+002
1.638000 4.375870e+002
1.640000 4.367416e+002
1.642000 4.358998e+002
1.644000 4.350615e+002
1.646000 4.342268e+002
1.648000 4.333956e+002
1.650000 4.325680e+002
1.652000 4.317439e+002
1.654000 4.309233e+002
1.656000 4.301063e+002
1.658000 4.292928e+002
1.660000 4.284828e+002
1.662000 4.276763e+002
1.664000 4.268734e+002
1.666000 4.260740e+002
1.668000 4.252781e+002
1.670000 4.244857e+002
1.672000 4.236968e+002
1.674000 4.229115e+002
1.676000 4.221296e+002
1.678000 4.213512e+002
1.680000 4.205764e+002
1.682000 4.198050e+002
1.684000 4.190371e+002
1.686000 4.182727e+002
1.688000 4.175118e+002
1.690000 4.167543e+002
1.692000 4.160004e+002
1.694000 4.152499e+002
1.696000 4.145028e+002
1.698000 4.137593e+002
1.700000 4.130191e+002
1.702000 4.122825e+002
1.704000 4.115492e+002
1.706000 4.108195e+002
1.708000 4.100931e+002
1.710000 4.093702e+002
1.712000 4.086507e+002
1.714000 4.079346e+002
1.716000 4.072219e+002
1.718000 4.065127e+002
1.720000 4.058068e+002
1.722000 4.051044e+002
1.724000 4.044053e+002
1.726000 4.037096e+002
1.728000 4.030173e+002
1.730000 4.023284e+002
1.732000 4.016429e+002
1.734000 4.009607e+002
1.736000 4.002818e+002
1.738000 3.996064e+002
1.740000 3.989342e+002
1.742000 3.982654e+002
1.744000 3.976000e+002
1.746000 3.969378e+002
1.748000 3.962790e+002
1.750000 3.956235e+002
1.752000 3.949713e+002
1.754000 3.943223e+002
1.756000 3.936767e+002
1.758000 3.930344e+002
1.760000 3.923953e+002
1.762000 3.917595e+002
1.764000 3.911270e+002
1.766000 3.904977e+002
1.768000 3.898717e+002
1.770000 3.892489e+002
1.772000 3.886293e+002
1.774000 3.880130e+002
1.776000 3.873999e+002
1.778000 3.867900e+002
1.780000 3.861833e+002
1.782000 3.855798e+002
1.784000 3.849794e+002
1.786000 3.843823e+002
1.788000 3.837883e+002
1.790000 3.831975e+002
1.792000 3.826099e+002
1.794000 3.820254e+002
1.796000 3.814440e+002
1.798000 3.808658e+002
1.800000 3.802907e+002
1.802000 3.797187e+002
1.804000 3.791498e+002
1.806000 3.785840e+002
1.808000 3.780213e+002
1.810000 3.774616e+002
1.812000 3.769051e+002
1.814000 3.763516e+002
1.816000 3.758012e+002
1.818000 3.752538e+002
1.820000 3.747094e+002
1.822000 3.741681e+002
1.824000 3.736298e+002
1.826000 3.730945e+002
1.828000 3.725622e+002
1.830000 3.720329e+002
1.832000 3.715066e+002
1.834000 3.709832e+002
1.836000 3.704628e+002
1.838000 3.699454e+002
1.840000 3.694309e+002
1.842000 3.689194e+002
1.844000 3.684108e+002
1.846000 3.679051e+002
1.848000 3.674023e+002
1.850000 3.669024e+002
1.852000 3.664054e+002
1.854000 3.659113e+002
1.856000 3.654201e+002
1.858000 3.649317e+002
1.860000 3.644462e+002
1.862000 3.639635e+002
1.864000 3.634837e+002
1.866000 3.630067e+002
1.868000 3.625325e+002
1.870000 3.620611e+002
1.872000 3.615925e+002
1.874000 3.611266e+002
1.876000 3.606636e+002
1.878000 3.602033e+002
1.880000 3.597458e+002
1.882000 3.592910e+002
1.884000 3.588390e+002
1.886000 3.583897e+002
1.888000 3.579431e+002
1.890000 3.574992e+002
1.892000 3.570580e+002
1.894000 3.566195e+002
1.896000 3.561837e+002
1.898000 3.557505e+002
1.900000 3.553200e+002
1.902000 3.548922e+002
1.904000 3.544670e+002
1.906000 3.540444e+002
1.908000 3.536244e+002
1.910000 3.532071e+002
1.912000 3.527923e+002
1.914000 3.523801e+002
1.916000 3.519705e+002
1.918000 3.515635e+002
1.920000 3.511590e+002
1.922000 3.507570e+002
1.924000 3.503576e+002
1.926000 3.499607e+002
1.928000 3.495664e+002
1.930000 3.491745e+002
1.932000 3.487852e+002
1.934000 3.483983e+002
1.936000 3.480139e+002
1.938000 3.476319e+002
1.940000 3.472525e+002
1.942000 3.468754e+002
1.944000 3.465008e+002
1.946000 3.461286e+002
1.948000 3.457588e+002
1.950000 3.453915e+002
1.952000 3.450265e+002
1.954000 3.446639e+002
1.956000 3.443036e+002
1.958000 3.439458e+002
1.960000 3.435903e+002
1.962000 3.432371e+002
1.964000 3.428862e+002
1.966000 3.425377e+002
1.968000 3.421915e+002
1.970000 3.418476e+002
1.972000 3.415059e+002
1.974000 3.411666e+002
1.976000 3.408295e+002
1.978000 3.404946e+002
1.980000 3.401621e+002
1.982000 3.398317e+002
1.984000 3.395036e+002
1.986000 3.391777e+002
1.988000 3.388540e+002
1.990000 3.385325e+002
1.992000 3.382132e+002
1.994000 3.378960e+002
1.996000 3.375811e+002
1.998000 3.372683e+002
2.000000 3.369576e+002
2.002000 3.366490e+002
2.004000 3.363426e+002
2.006000 3.360383e+002
2.008000 3.357361e+002
2.010000 3.354360e+002
2.012000 3.351380e+002
2.014000 3.348420e+002
2.016000 3.345481e+002
2.018000 3.342563e+002
2.020000 3.339665e+002
2.022000 3.336787e+002
2.024000 3.333930e+002
2.026000 3.331093e+002
2.028000 3.328275e+002
2.030000 3.325478e+002
2.032000 3.322701e+002
2.034000 3.319943e+002
2.036000 3.317205e+002
2.038000 3.314486e+002
2.040000 3.311787e+002
2.042000 3.309107e+002
2.044000 3.306446e+002
2.046000 3.303804e+002
2.048000 3.301182e+002
2.050000 3.298578e+002
2.052000 3.295993e+002
2.054000 3.293427e+002
2.056000 3.290879e+002
2.058000 3.288350e+002
2.060000 3.285839e+002
2.062000 3.283347e+002
2.064000 3.280873e+002
2.066000 3.278417e+002
2.068000 3.275979e+002
2.070000 3.273559e+002
2.072000 3.271157e+002
2.074000 3.268772e+002
2.076000 3.266406e+002
2.078000 3.264056e+002
2.080000 3.261724e+002
2.082000 3.259410e+002
2.084000 3.257113e+002
2.086000 3.254833e+002
2.088000 3.252569e+002
2.090000 3.250323e+002
2.092000 3.248094e+002
2.094000 3.245882e+002
2.096000 3.243686e+002
2.098000 3.241507e+002
2.100000 3.239344e+002
2.102000 3.237198e+002
2.104000 3.235068e+002
2.106000 3.232954e+002
2.108000 3.230856e+002
2.110000 3.228775e+002
2.112000 3.226709e+002
2.114000 3.224659e+002
2.116000 3.222625e+002
2.118000 3.220606e+002
2.120000 3.218604e+002
2.122000 3.216616e+002
2.124000 3.214644e+002
2.126000 3.212687e+002
2.128000 3.210746e+002
2.130000 3.208819e+002
2.132000 3.206907e+002
2.134000 3.205011e+002
2.136000 3.203129e+002
2.138000 3.201262e+002
2.140000 3.199410e+002
2.142000 3.197572e+002
2.144000 3.195749e+002
2.146000 3.193940e+002
2.148000 3.192145e+002
2.150000 3.190365e+002
2.152000 3.188598e+002
2.154000 3.186846e+002
2.156000 3.185108e+002
2.158000 3.183383e+002
2.160000 3.181673e+002
2.162000 3.179976e+002
2.164000 3.178292e+002
2.166000 3.176623e+002
2.168000 3.174966e+002
2.170000 3.173323e+002
2.172000 3.171693e+002
2.174000 3.170077e+002
2.176000 3.168473e+002
2.178000 3.166883e+002
2.180000 3.165305e+002
2.182000 3.163740e+002
2.184000 3.162188e+002
2.186000 3.160649e+002
2.188000 3.159122e+002
2.190000 3.157608e+002
2.192000 3.156107e+002
2.194000 3.154617e+002
2.196000 3.153140e+002
2.198000 3.151675e+002
2.200000 3.150223e+002
2.202000 3.148782e+002
2.204000 3.147353e+002
2.206000 3.145936e+002
2.208000 3.144531e+002
2.210000 3.143138e+002
2.212000 3.141756e+002
2.214000 3.140386e+002
2.216000 3.139027e+002
2.218000 3.137680e+002
2.220000 3.136344e+002
2.222000 3.135019e+002
2.224000 3.133706e+002
2.226000 3.132403e+002
2.228000 3.131112e+002
2.230000 3.129831e+002
2.232000 3.128562e+002
2.234000 3.127303e+002
2.236000 3.126055e+002
2.238000 3.124818e+002
2.240000 3.123591e+002
2.242000 3.122375e+002
2.244000 3.121169e+002
2.246000 3.119973e+002
2.248000 3.118788e+002
2.250000 3.117613e+002
2.252000 3.116448e+002
2.254000 3.115294e+002
2.256000 3.114149e+002
2.258000 3.113014e+002
2.260000 3.111889e+002
2.262000 3.110774e+002
2.264000 3.109669e+002
2.266000 3.108573e+002
2.268000 3.107487e+002
2.270000 3.106410e+002
2.272000 3.105343e+002
2.274000 3.104285e+002
2.276000 3.103236e+002
2.278000 3.102197e+002
2.280000 3.101167e+002
2.282000 3.100146e+002
2.284000 3.099134e+002
2.286000 3.098131e+002
2.288000 3.097137e+002
2.290000 3.096152e+002
2.292000 3.095175e+002
2.294000 3.094208e+002
2.296000 3.093249e+002
2.298000 3.092298e+002
2.300000 3.091356e+002
2.302000 3.090423e+002
2.304000 3.089498e+002
2.306000 3.088581e+002
2.308000 3.087672e+002
2.310000 3.086772e+002
2.312000 3.085880e+002
2.314000 3.084996e+002
2.316000 3.084120e+002
2.318000 3.083252e+002
2.320000 3.082392e+002
2.322000 3.081540e+002
2.324000 3.080695e+002
2.326000 3.079858e+002
2.328000 3.079029e+002
2.330000 3.078208e+002
2.332000 3.077394e+002
2.334000 3.076587e+002
2.336000 3.075789e+002
2.338000 3.074997e+002
2.340000 3.074213e+002
2.342000 3.073436e+002
2.344000 3.072666e+002
2.346000 3.071903e+002
2.348000 3.071148e+002
2.350000 3.070399e+002
2.352000 3.069658e+002
2.354000 3.068923e+002
2.356000 3.068195e+002
2.358000 3.067474e+002
2.360000 3.066760e+002
2.362000 3.066053e+002
2.364000 3.065352e+002
2.366000 3.064658e+002
2.368000 3.063970e+002
2.370000 3.063289e+002
2.372000 3.062615e+002
2.374000 3.061946e+002
2.376000 3.061284e+002
2.378000 3.060629e+002
2.380000 3.059979e+002
2.382000 3.059336e+002
2.384000 3.058699e+002
2.386000 3.058068e+002
2.388000 3.057444e+002
2.390000 3.056825e+002
2.392000 3.056212e+002
2.394000 3.055605e+002
2.396000 3.055004e+002
2.398000 3.054408e+002
2.400000 3.053819e+002
2.402000 3.053235e+002
2.404000 3.052656e+002
2.406000 3.052084e+002
2.408000 3.051517e+002
2.410000 3.050955e+002
2.412000 3.050399e+002
2.414000 3.049848e+002
2.416000 3.049303e+002
2.418000 3.048763e+002
2.420000 3.048229e+002
2.422000 3.047699e+002
2.424000 3.047175e+002
2.426000 3.046656e+002
2.428000 3.046142e+002
2.430000 3.045633e+002
2.432000 3.045130e+002
2.434000 3.044631e+002
2.436000 3.044137e+002
2.438000 3.043648e+002
2.440000 3.043164e+002
2.442000 3.042685e+002
2.444000 3.042210e+002
2.446000 3.041741e+002
2.448000 3.041276e+002
2.450000 3.040815e+002
2.452000 3.040359e+002
2.454000 3.039908e+002
2.456000 3.039462e+002
2.458000 3.039019e+002
2.460000 3.038582e+002
2.462000 3.038148e+002
2.464000 3.037720e+002
2.466000 3.037295e+002
2.468000 3.036875e+002
2.470000 3.036459e+002
2.472000 3.036047e+002
2.474000 3.035639e+002
2.476000 3.035236e+002
2.478000 3.034837e+002
2.480000 3.034442e+002
2.482000 3.034050e+002
2.484000 3.033663e+002
2.486000 3.033280e+002
2.488000 3.032901e+002
2.490000 3.032525e+002
2.492000 3.032154e+002
2.494000 3.031786e+002
2.496000 3.031423e+002
2.498000 3.031062e+002
2.500000 3.030706e+002
2.502000 3.030353e+002
2.504000 3.030005e+002
2.506000 3.029659e+002
2.508000 3.029317e+002
2.510000 3.028979e+002
2.512000 3.028645e+002
2.514000 3.028313e+002
2.516000 3.027986e+002
2.518000 3.027661e+002
2.520000 3.027341e+002
2.522000 3.027023e+002
2.524000 3.026709e+002
2.526000 3.026398e+002
2.528000 3.026091e+002
2.530000 3.025786e+002
2.532000 3.025485e+002
2.534000 3.025187e+002
2.536000 3.024893e+002
2.538000 3.024601e+002
2.540000 3.024313e+002
2.542000 3.024027e+002
2.544000 3.023745e+002
2.546000 3.023465e+002
2.548000 3.023189e+002
2.550000 3.022916e+002
2.552000 3.022645e+002
2.554000 3.022378e+002
2.556000 3.022113e+002
2.558000 3.021851e+002
2.560000 3.021592e+002
2.562000 3.021336e+002
2.564000 3.021082e+002
2.566000 3.020832e+002
2.568000 3.020584e+002
2.570000 3.020338e+002
2.572000 3.020096e+002
2.574000 3.019856e+002
2.576000 3.019618e+002
2.578000 3.019383e+002
2.580000 3.019151e+002
2.582000 3.018921e+002
2.584000 3.018694e+002
2.586000 3.018469e+002
2.588000 3.018247e+002
2.590000 3.018027e+002
2.592000 3.017810e+002
2.594000 3.017595e+002
2.596000 3.017382e+002
2.598000 3.017172e+002
2.600000 3.016964e+002
2.602000 3.016758e+002
2.604000 3.016555e+002
2.606000 3.016354e+002
2.608000 3.016155e+002
2.610000 3.015958e+002
2.612000 3.015764e+002
2.614000 3.015572e+002
2.616000 3.015381e+002
2.618000 3.015193e+002
2.620000 3.015007e+002
2.622000 3.014824e+002
2.624000 3.014642e+002
2.626000 3.014462e+002
2.628000 3.014284e+002
2.630000 3.014109e+002
2.632000 3.013935e+002
2.634000 3.013763e+002
2.636000 3.013593e+002
2.638000 3.013425e+002
2.640000 3.013259e+002
2.642000 3.013095e+002
2.644000 3.012933e+002
2.646000 3.012772e+002
2.648000 3.012614e+002
2.650000 3.012457e+002
2.652000 3.012302e+002
2.654000 3.012149e+002
2.656000 3.011997e+002
2.658000 3.011847e+002
2.660000 3.011699e+002
2.662000 3.011553e+002
2.664000 3.011408e+002
2.666000 3.011265e+002
2.668000 3.011124e+002
2.670000 3.010984e+002
2.672000 3.010846e+002
2.674000 3.010710e+002
2.676000 3.010575e+002
2.678000 3.010442e+002
2.680000 3.010310e+002
2.682000 3.010179e+002
2.684000 3.010051e+002
2.686000 3.009923e+002
2.688000 3.009798e+002
2.690000 3.009673e+002
2.692000 3.009551e+002
2.694000 3.009429e+002
2.696000 3.009309e+002
2.698000 3.009191e+002
2.700000 3.009073e+002
2.702000 3.008958e+002
2.704000 3.008843e+002
2.706000 3.008730e+002
2.708000 3.008618e+002
2.710000 3.008508e+002
2.712000 3.008399e+002
2.714000 3.008291e+002
2.716000 3.008184e+002
2.718000 3.008079e+002
2.720000 3.007975e+002
2.722000 3.007872e+002
2.724000 3.007770e+002
2.726000 3.007670e+002
2.728000 3.007571e+002
2.730000 3.007473e+002
2.732000 3.007376e+002
2.734000 3.007280e+002
2.736000 3.007186e+002
2.738000 3.007092e+002
2.740000 3.007000e+002
2.742000 3.006909e+002
2.744000 3.006819e+002
2.746000 3.006730e+002
2.748000 3.006642e+002
2.750000 3.006555e+002
2.752000 3.006469e+002
2.754000 3.006385e+002
2.756000 3.006301e+002
2.758000 3.006218e+002
2.760000 3.006137e+002
2.762000 3.006056e+002
2.764000 3.005976e+002
2.766000 3.005897e+002
2.768000 3.005820e+002
2.770000 3.005743e+002
2.772000 3.005667e+002
2.774000 3.005592e+002
2.776000 3.005518e+002
2.778000 3.005445e+002
2.780000 3.005372e+002
2.782000 3.005301e+002
2.784000 3.005231e+002
2.786000 3.005161e+002
2.788000 3.005092e+002
2.790000 3.005024e+002
2.792000 3.004957e+002
2.794000 3.004891e+002
2.796000 3.004826e+002
2.798000 3.004761e+002
2.800000 3.004697e+002
2.802000 3.004634e+002
2.804000 3.004572e+002
2.806000 3.004511e+002
2.808000 3.004450e+002
2.810000 3.004390e+002
2.812000 3.004331e+002
2.814000 3.004273e+002
2.816000 3.004215e+002
2.818000 3.004158e+002
2.820000 3.004102e+002
2.822000 3.004046e+002
2.824000 3.003991e+002
2.826000 3.003937e+002
2.828000 3.003884e+002
2.830000 3.003831e+002
2.832000 3.003779e+002
2.834000 3.003727e+002
2.836000 3.003677e+002
2.838000 3.003627e+002
2.840000 3.003577e+002
2.842000 3.003528e+002
2.844000 3.003480e+002
2.846000 3.003432e+002
2.848000 3.003385e+002
2.850000 3.003339e+002
2.852000 3.003293e+002
2.854000 3.003248e+002
2.856000 3.003203e+002
2.858000 3.003159e+002
2.860000 3.003115e+002
2.862000 3.003072e+002
2.864000 3.003030e+002
2.866000 3.002988e+002
2.868000 3.002947e+002
2.870000 3.002906e+002
2.872000 3.002866e+002
2.874000 3.002826e+002
2.876000 3.002787e+002
2.878000 3.002748e+002
2.880000 3.002710e+002
2.882000 3.002672e+002
2.884000 3.002635e+002
2.886000 3.002598e+002
2.888000 3.002562e+002
2.890000 3.002526e+002
2.892000 3.002490e+002
2.894000 3.002456e+002
2.896000 3.002421e+002
2.898000 3.002387e+002
2.900000 3.002354e+002
2.902000 3.002321e+002
2.904000 3.002288e+002
2.906000 3.002256e+002
2.908000 3.002224e+002
2.910000 3.002193e+002
2.912000 3.002162e+002
2.914000 3.002131e+002
2.916000 3.002101e+002
2.918000 3.002071e+002
2.920000 3.002042e+002
2.922000 3.002013e+002
2.924000 3.001984e+002
2.926000 3.001956e+002
2.928000 3.001928e+002
2.930000 3.001901e+002
2.932000 3.001874e+002
2.934000 3.001847e+002
2.936000 3.001821e+002
2.938000 3.001795e+002
2.940000 3.001769e+002
2.942000 3.001744e+002
2.944000 3.001719e+002
2.946000 3.001694e+002
2.948000 3.001670e+002
2.950000 3.001646e+002
2.952000 3.001622e+002
2.954000 3.001599e+002
2.956000 3.001576e+002
2.958000 3.001553e+002
2.960000 3.001530e+002
2.962000 3.001508e+002
2.964000 3.001487e+002
2.966000 3.001465e+002
2.968000 3.001444e+002
2.970000 3.001423e+002
2.972000 3.001402e+002
2.974000 3.001382e+002
2.976000 3.001362e+002
2.978000 3.001342e+002
2.980000 3.001322e+002
2.982000 3.001303e+002
2.984000 3.001284e+002
2.986000 3.001265e+002
2.988000 3.001247e+002
2.990000 3.001229e+002
2.992000 3.001211e+002
2.994000 3.001193e+002
2.996000 3.001175e+002
2.998000 3.001158e+002
3.000000 3.001141e+002
3.002000 3.001124e+002
3.004000 3.001108e+002
3.006000 3.001092e+002
3.008000 3.001075e+002
3.010000 3.001060e+002
3.012000 3.001044e+002
3.014000 3.001028e+002
3.016000 3.001013e+002
3.018000 3.000998e+002
3.020000 3.000983e+002
3.022000 3.000969e+002
3.024000 3.000954e+002
3.026000 3.000940e+002
3.028000 3.000926e+002
3.030000 3.000913e+002
3.032000 3.000899e+002
3.034000 3.000886e+002
3.036000 3.000872e+002
3.038000 3.000859e+002
3.040000 3.000846e+002
3.042000 3.000834e+002
3.044000 3.000821e+002
3.046000 3.000809e+002
3.048000 3.000797e+002
3.050000 3.000785e+002
3.052000 3.000773e+002
3.054000 3.000761e+002
3.056000 3.000750e+002
3.058000 3.000739e+002
3.060000 3.000727e+002
3.062000 3.000717e+002
3.064000 3.000706e+002
3.066000 3.000695e+002
3.068000 3.000684e+002
3.070000 3.000674e+002
3.072000 3.000664e+002
3.074000 3.000654e+002
3.076000 3.000644e+002
3.078000 3.000634e+002
3.080000 3.000624e+002
3.082000 3.000615e+002
3.084000 3.000606e+002
3.086000 3.000596e+002
3.088000 3.000587e+002
3.090000 3.000578e+002
3.092000 3.000569e+002
3.094000 3.000561e+002
3.096000 3.000552e+002
3.098000 3.000544e+002
3.100000 3.000535e+002
3.102000 3.000527e+002
3.104000 3.000519e+002
3.106000 3.000511e+002
3.108000 3.000503e+002
3.110000 3.000495e+002
3.112000 3.000488e+002
3.114000 3.000480e+002
3.116000 3.000473e+002
3.118000 3.000466e+002
3.120000 3.000458e+002
3.122000 3.000451e+002
3.124000 3.000444e+002
3.126000 3.000437e+002
3.128000 3.000431e+002
3.130000 3.000424e+002
3.132000 3.000417e+002
3.134000 3.000411e+002
3.136000 3.000404e+002
3.138000 3.000398e+002
3.140000 3.000392e+002
3.142000 3.000386e+002
3.144000 3.000380e+002
3.146000 3.000374e+002
3.148000 3.000368e+002
3.150000 3.000362e+002
3.152000 3.000356e+002
3.154000 3.000351e+002
3.156000 3.000345e+002
3.158000 3.000340e+002
3.160000 3.000335e+002
3.162000 3.000329e+002
3.164000 3.000324e+002
3.166000 3.000319e+002
3.168000 3.000314e+002
3.170000 3.000309e+002
3.172000 3.000304e+002
3.174000 3.000299e+002
3.176000 3.000295e+002
3.178000 3.000290e+002
3.180000 3.000285e+002
3.182000 3.000281e+002
3.184000 3.000276e+002
3.186000 3.000272e+002
3.188000 3.000268e+002
3.190000 3.000263e+002
3.192000 3.000259e+002
3.194000 3.000255e+002
3.196000 3.000251e+002
3.198000 3.000247e+002
3.200000 3.000243e+002
3.202000 3.000239e+002
3.204000 3.000235e+002
3.206000 3.000231e+002
3.208000 3.000228e+002
3.210000 3.000224e+002
3.212000 3.000220e+002
3.214000 3.000217e+002
3.216000 3.000213e+002
3.218000 3.000210e+002
3.220000 3.000207e+002
3.222000 3.000203e+002
3.224000 3.000200e+002
3.226000 3.000197e+002
3.228000 3.000194e+002
3.230000 3.000190e+002
3.232000 3.000187e+002
3.234000 3.000184e+002
3.236000 3.000181e+002
3.238000 3.000178e+002
3.240000 3.000175e+002
3.242000 3.000173e+002
3.244000 3.000170e+002
3.246000 3.000167e+002
3.248000 3.000164e+002
3.250000 3.000162e+002
3.252000 3.000159e+002
3.254000 3.000156e+002
3.256000 3.000154e+002
3.258000 3.000151e+002
3.260000 3.000149e+002
3.262000 3.000146e+002
3.264000 3.000144e+002
3.266000 3.000142e+002
3.268000 3.000139e+002
3.270000 3.000137e+002
3.272000 3.000135e+002
3.274000 3.000133e+002
3.276000 3.000130e+002
3.278000 3.000128e+002
3.280000 3.000126e+002
3.282000 3.000124e+002
3.284000 3.000122e+002
3.286000 3.000120e+002
3.288000 3.000118e+002
3.290000 3.000116e+002
3.292000 3.000114e+002
3.294000 3.000112e+002
3.296000 3.000110e+002
3.298000 3.000108e+002
3.300000 3.000107e+002
3.302000 3.000105e+002
3.304000 3.000103e+002
3.306000 3.000101e+002
3.308000 3.000100e+002
3.310000 3.000098e+002
3.312000 3.000096e+002
3.314000 3.000095e+002
3.316000 3.000093e+002
3.318000 3.000092e+002
3.320000 3.000090e+002
3.322000 3.000089e+002
3.324000 3.000087e+002
3.326000 3.000086e+002
3.328000 3.000084e+002
3.330000 3.000083e+002
3.332000 3.000081e+002
3.334000 3.000080e+002
3.336000 3.000079e+002
3.338000 3.000077e+002
3.340000 3.000076e+002
3.342000 3.000075e+002
3.344000 3.000073e+002
3.346000 3.000072e+002
3.348000 3.000071e+002
3.350000 3.000070e+002
3.352000 3.000069e+002
3.354000 3.000067e+002
3.356000 3.000066e+002
3.358000 3.000065e+002
3.360000 3.000064e+002
3.362000 3.000063e+002
3.364000 3.000062e+002
3.366000 3.000061e+002
3.368000 3.000060e+002
3.370000 3.000059e+002
3.372000 3.000058e+002
3.374000 3.000057e+002
3.376000 3.000056e+002
3.378000 3.000055e+002
3.380000 3.000054e+002
3.382000 3.000053e+002
3.384000 3.000052e+002
3.386000 3.000051e+002
3.388000 3.000050e+002
3.390000 3.000049e+002
3.392000 3.000049e+002
3.394000 3.000048e+002
3.396000 3.000047e+002
3.398000 3.000046e+002
3.400000 3.000045e+002
3.402000 3.000044e+002
3.404000 3.000044e+002
3.406000 3.000043e+002
3.408000 3.000042e+002
3.410000 3.000041e+002
3.412000 3.000041e+002
3.414000 3.000040e+002
3.416000 3.000039e+002
3.418000 3.000039e+002
3.420000 3.000038e+002
3.422000 3.000037e+002
3.424000 3.000037e+002
3.426000 3.000036e+002
3.428000 3.000035e+002
3.430000 3.000035e+002
3.432000 3.000034e+002
3.434000 3.000034e+002
3.436000 3.000033e+002
3.438000 3.000032e+002
3.440000 3.000032e+002
3.442000 3.000031e+002
3.444000 3.000031e+002
3.446000 3.000030e+002
3.448000 3.000030e+002
3.450000 3.000029e+002
3.452000 3.000029e+002
3.454000 3.000028e+002
3.456000 3.000028e+002
3.458000 3.000027e+002
3.460000 3.000027e+002
3.462000 3.000026e+002
3.464000 3.000026e+002
3.466000 3.000025e+002
3.468000 3.000025e+002
3.470000 3.000024e+002
3.472000 3.000024e+002
3.474000 3.000024e+002
3.476000 3.000023e+002
3.478000 3.000023e+002
3.480000 3.000022e+002
3.482000 3.000022e+002
3.484000 3.000021e+002
3.486000 3.000021e+002
3.488000 3.000021e+002
3.490000 3.000020e+002
3.492000 3.000020e+002
3.494000 3.000020e+002
3.496000 3.000019e+002
3.498000 3.000019e+002
3.500000 3.000019e+002
3.502000 3.000018e+002
3.504000 3.000018e+002
3.506000 3.000018e+002
3.508000 3.000017e+002
3.510000 3.000017e+002
3.512000 3.000017e+002
3.514000 3.000016e+002
3.516000 3.000016e+002
3.518000 3.000016e+002
3.520000 3.000016e+002
3.522000 3.000015e+002
3.524000 3.000015e+002
3.526000 3.000015e+002
3.528000 3.000014e+002
3.530000 3.000014e+002
3.532000 3.000014e+002
3.534000 3.000014e+002
3.536000 3.000013e+002
3.538000 3.000013e+002
3.540000 3.000013e+002
3.542000 3.000013e+002
3.544000 3.000012e+002
3.546000 3.000012e+002
3.548000 3.000012e+002
3.550000 3.000012e+002
3.552000 3.000012e+002
3.554000 3.000011e+002
3.556000 3.000011e+002
3.558000 3.000011e+002
3.560000 3.000011e+002
3.562000 3.000011e+002
3.564000 3.000010e+002
3.566000 3.000010e+002
3.568000 3.000010e+002
3.570000 3.000010e+002
3.572000 3.000010e+002
3.574000 3.000009e+002
3.576000 3.000009e+002
3.578000 3.000009e+002
3.580000 3.000009e+002
3.582000 3.000009e+002
3.584000 3.000009e+002
3.586000 3.000008e+002
3.588000 3.000008e+002
3.590000 3.000008e+002
3.592000 3.000008e+002
3.594000 3.000008e+002
3.596000 3.000008e+002
3.598000 3.000008e+002
3.600000 3.000007e+002
3.602000 3.000007e+002
3.604000 3.000007e+002
3.606000 3.000007e+002
3.608000 3.000007e+002
3.610000 3.000007e+002
3.612000 3.000007e+002
3.614000 3.000006e+002
3.616000 3.000006e+002
3.618000 3.000006e+002
3.620000 3.000006e+002
3.622000 3.000006e+002
3.624000 3.000006e+002
3.626000 3.000006e+002
3.628000 3.000006e+002
3.630000 3.000006e+002
3.632000 3.000005e+002
3.634000 3.000005e+002
3.636000 3.000005e+002
3.638000 3.000005e+002
3.640000 3.000005e+002
3.642000 3.000005e+002
3.644000 3.000005e+002
3.646000 3.000005e+002
3.648000 3.000005e+002
3.650000 3.000005e+002
3.652000 3.000005e+002
3.654000 3.000004e+002
3.656000 3.000004e+002
3.658000 3.000004e+002
3.660000 3.000004e+002
3.662000 3.000004e+002
3.664000 3.000004e+002
3.666000 3.000004e+002
3.668000 3.000004e+002
3.670000 3.000004e+002
3.672000 3.000004e+002
3.674000 3.000004e+002
3.676000 3.000004e+002
3.678000 3.000004e+002
3.680000 3.000003e+002
3.682000 3.000003e+002
3.684000 3.000003e+002
3.686000 3.000003e+002
3.688000 3.000003e+002
3.690000 3.000003e+002
3.692000 3.000003e+002
3.694000 3.000003e+002
3.696000 3.000003e+002
3.698000 3.000003e+002
3.700000 3.000003e+002
3.702000 3.000003e+002
3.704000 3.000003e+002
3.706000 3.000003e+002
3.708000 3.000003e+002
3.710000 3.000003e+002
3.712000 3.000003e+002
3.714000 3.000002e+002
3.716000 3.000002e+002
3.718000 3.000002e+002
3.720000 3.000002e+002
3.722000 3.000002e+002
3.724000 3.000002e+002
3.726000 3.000002e+002
3.728000 3.000002e+002
3.730000 3.000002e+002
3.732000 3.000002e+002
3.734000 3.000002e+002
3.736000 3.000002e+002
3.738000 3.000002e+002
3.740000 3.000002e+002
3.742000 3.000002e+002
3.744000 3.000002e+002
3.746000 3.000002e+002
3.748000 3.000002e+002
3.750000 3.000002e+002
3.752000 3.000002e+002
3.754000 3.000002e+002
3.756000 3.000002e+002
3.758000 3.000002e+002
3.760000 3.000002e+002
3.762000 3.000002e+002
3.764000 3.000002e+002
3.766000 3.000001e+002
3.768000 3.000001e+002
3.770000 3.000001e+002
3.772000 3.000001e+002
3.774000 3.000001e+002
3.776000 3.000001e+002
3.778000 3.000001e+002
3.780000 3.000001e+002
3.782000 3.000001e+002
3.784000 3.000001e+002
3.786000 3.000001e+002
3.788000 3.000001e+002
3.790000 3.000001e+002
3.792000 3.000001e+002
3.794000 3.000001e+002
3.796000 3.000001e+002
3.798000 3.000001e+002
3.800000 3.000001e+002
3.802000 3.000001e+002
3.804000 3.000001e+002
3.806000 3.000001e+002
3.808000 3.000001e+002
3.810000 3.000001e+002
3.812000 3.000001e+002
3.814000 3.000001e+002
3.816000 3.000001e+002
3.818000 3.000001e+002
3.820000 3.000001e+002
3.822000 3.000001e+002
3.824000 3.000001e+002
3.826000 3.000001e+002
3.828000 3.000001e+002
3.830000 3.000001e+002
3.832000 3.000001e+002
3.834000 3.000001e+002
3.836000 3.000001e+002
3.838000 3.000001e+002
3.840000 3.000001e+002
3.842000 3.000001e+002
3.844000 3.000001e+002
3.846000 3.000001e+002
3.848000 3.000001e+002
3.850000 3.000001e+002
3.852000 3.000001e+002
3.854000 3.000001e+002
3.856000 3.000001e+002
3.858000 3.000001e+002
3.860000 3.000001e+002
3.862000 3.000001e+002
3.864000 3.000001e+002
3.866000 3.000001e+002
3.868000 3.000001e+002
3.870000 3.000001e+002
3.872000 3.000001e+002
3.874000 3.000001e+002
3.876000 3.000001e+002
3.878000 3.000001e+002
3.880000 3.000001e+002
3.882000 3.000000e+002
3.884000 3.000000e+002
3.886000 3.000000e+002
3.888000 3.000000e+002
3.890000 3.000000e+002
3.892000 3.000000e+002
3.894000 3.000000e+002
3.896000 3.000000e+002
3.898000 3.000000e+002
3.900000 3.000000e+002
3.902000 3.000000e+002
3.904000 3.000000e+002
3.906000 3.000000e+002
3.908000 3.000000e+002
3.910000 3.000000e+002
3.912000 3.000000e+002
3.914000 3.000000e+002
3.916000 3.000000e+002
3.918000 3.000000e+002
3.920000 3.000000e+002
3.922000 3.000000e+002
3.924000 3.000000e+002
3.926000 3.000000e+002
3.928000 3.000000e+002
3.930000 3.000000e+002
3.932000 3.000000e+002
3.934000 3.000000e+002
3.936000 3.000000e+002
3.938000 3.000000e+002
3.940000 3.000000e+002
3.942000 3.000000e+002
3.944000 3.000000e+002
3.946000 3.000000e+002
3.948000 3.000000e+002
3.950000 3.000000e+002
3.952000 3.000000e+002
3.954000 3.000000e+002
3.956000 3.000000e+002
3.958000 3.000000e+002
3.960000 3.000000e+002
3.962000 3.000000e+002
3.964000 3.000000e+002
3.966000 3.000000e+002
3.968000 3.000000e+002
3.970000 3.000000e+002
3.972000 3.000000e+002
3.974000 3.000000e+002
3.976000 3.000000e+002
3.978000 3.000000e+002
3.980000 3.000000e+002
3.982000 3.000000e+002
3.984000 3.000000e+002
3.986000 3.000000e+002
3.988000 3.000000e+002
3.990000 3.000000e+002
3.992000 3.000000e+002
3.994000 3.000000e+002
3.996000 3.000000e+002
3.998000 3.000000e+002
