0.000000 3.522547e+002
0.002000 3.580926e+002
0.004000 3.639282e+002
0.006000 3.697613e+002
0.008000 3.755916e+002
0.010000 3.814188e+002
0.012000 3.872428e+002
0.014000 3.930634e+002
0.016000 3.988802e+002
0.018000 4.046931e+002
0.020000 4.105018e+002
0.022000 4.163061e+002
0.024000 4.221057e+002
0.026000 4.279005e+002
0.028000 4.336901e+002
0.030000 4.394744e+002
0.032000 4.452530e+002
0.034000 4.510259e+002
0.036000 4.567928e+002
0.038000 4.625533e+002
0.040000 4.683074e+002
0.042000 4.740547e+002
0.044000 4.797951e+002
0.046000 4.855283e+002
0.048000 4.912541e+002
0.050000 4.969722e+002
0.052000 5.026825e+002
0.054000 5.083847e+002
0.056000 5.140786e+002
0.058000 5.197639e+002
0.060000 5.254405e+002
0.062000 5.311081e+002
0.064000 5.367665e+002
0.066000 5.424154e+002
0.068000 5.480548e+002
0.070000 5.536842e+002
0.072000 5.593036e+002
0.074000 5.649128e+002
0.076000 5.705114e+002
0.078000 5.760993e+002
0.080000 5.816762e+002
0.082000 5.872420e+002
0.084000 5.927965e+002
0.086000 5.983393e+002
0.088000 6.038704e+002
0.090000 6.093896e+002
0.092000 6.148965e+002
0.094000 6.203910e+002
0.096000 6.258729e+002
0.098000 6.313421e+002
0.100000 6.367982e+002
0.102000 6.422411e+002
0.104000 6.476706e+002
0.106000 6.530864e+002
0.108000 6.584885e+002
0.110000 6.638766e+002
0.112000 6.692504e+002
0.114000 6.746099e+002
0.116000 6.799548e+002
0.118000 6.852849e+002
0.120000 6.906001e+002
0.122000 6.959001e+002
0.124000 7.011847e+002
0.126000 7.064539e+002
0.128000 7.117073e+002
0.130000 7.169448e+002
0.132000 7.221662e+002
0.134000 7.273714e+002
0.136000 7.325601e+002
0.138000 7.377322e+002
0.140000 7.428875e+002
0.142000 7.480259e+002
0.144000 7.531471e+002
0.146000 7.582510e+002
0.148000 7.633374e+002
0.150000 7.684062e+002
0.152000 7.734571e+002
0.154000 7.784901e+002
0.156000 7.835049e+002
0.158000 7.885014e+002
0.160000 7.934794e+002
0.162000 7.984388e+002
0.164000 8.033794e+002
0.166000 8.083010e+002
0.168000 8.132036e+002
0.170000 8.180868e+002
0.172000 8.229507e+002
0.174000 8.277950e+002
0.176000 8.326196e+002
0.178000 8.374243e+002
0.180000 8.422090e+002
0.182000 8.469736e+002
0.184000 8.517179e+002
0.186000 8.564417e+002
0.188000 8.611450e+002
0.190000 8.658276e+002
0.192000 8.704893e+002
0.194000 8.751301e+002
0.196000 8.797497e+002
0.198000 8.843481e+002
0.200000 8.889251e+002
0.202000 8.934806e+002
0.204000 8.980145e+002
0.206000 9.025266e+002
0.208000 9.070169e+002
0.210000 9.114851e+002
0.212000 9.159313e+002
0.214000 9.203552e+002
0.216000 9.247567e+002
0.218000 9.291358e+002
0.220000 9.334923e+002
0.222000 9.378262e+002
0.224000 9.421372e+002
0.226000 9.464253e+002
0.228000 9.506904e+002
0.230000 9.549324e+002
0.232000 9.591512e+002
0.234000 9.633466e+002
0.236000 9.675186e+002
0.238000 9.716671e+002
0.240000 9.757920e+002
0.242000 9.798931e+002
0.244000 9.839705e+002
0.246000 9.880239e+002
0.248000 9.920534e+002
0.250000 9.960588e+002
0.252000 1.000040e+003
0.254000 1.003997e+003
0.256000 1.007930e+003
0.258000 1.011838e+003
0.260000 1.015722e+003
0.262000 1.019581e+003
0.264000 1.023415e+003
0.266000 1.027225e+003
0.268000 1.031010e+003
0.270000 1.034770e+003
0.272000 1.038505e+003
0.274000 1.042216e+003
0.276000 1.045901e+003
0.278000 1.049561e+003
0.280000 1.053195e+003
0.282000 1.056805e+003
0.284000 1.060389e+003
0.286000 1.063948e+003
0.288000 1.067481e+003
0.290000 1.070989e+003
0.292000 1.074471e+003
0.294000 1.077928e+003
0.296000 1.081359e+003
0.298000 1.084764e+003
0.300000 1.088144e+003
0.302000 1.091497e+003
0.304000 1.094825e+003
0.306000 1.098127e+003
0.308000 1.101403e+003
0.310000 1.104653e+003
0.312000 1.107877e+003
0.314000 1.111075e+003
0.316000 1.114246e+003
0.318000 1.117392e+003
0.320000 1.120511e+003
0.322000 1.123605e+003
0.324000 1.126672e+003
0.326000 1.129712e+003
0.328000 1.132727e+003
0.330000 1.135715e+003
0.332000 1.138676e+003
0.334000 1.141612e+003
0.336000 1.144521e+003
0.338000 1.147403e+003
0.340000 1.150259e+003
0.342000 1.153089e+003
0.344000 1.155892e+003
0.346000 1.158668e+003
0.348000 1.161419e+003
0.350000 1.164142e+003
0.352000 1.166839e+003
0.354000 1.169509e+003
0.356000 1.172153e+003
0.358000 1.174770e+003
0.360000 1.177361e+003
0.362000 1.179925e+003
0.364000 1.182463e+003
0.366000 1.184973e+003
0.368000 1.187458e+003
0.370000 1.189915e+003
0.372000 1.192346e+003
0.374000 1.194751e+003
0.376000 1.197128e+003
0.378000 1.199479e+003
0.380000 1.201804e+003
0.382000 1.204102e+003
0.384000 1.206373e+003
0.386000 1.208618e+003
0.388000 1.210836e+003
0.390000 1.213027e+003
0.392000 1.215192e+003
0.394000 1.217330e+003
0.396000 1.219442e+003
0.398000 1.221527e+003
0.400000 1.223586e+003
0.402000 1.225618e+003
0.404000 1.227624e+003
0.406000 1.229603e+003
0.408000 1.231556e+003
0.410000 1.233482e+003
0.412000 1.235382e+003
0.414000 1.237255e+003
0.416000 1.239102e+003
0.418000 1.240923e+003
0.420000 1.242717e+003
0.422000 1.244485e+003
0.424000 1.246226e+003
0.426000 1.247942e+003
0.428000 1.249631e+003
0.430000 1.251294e+003
0.432000 1.252930e+003
0.434000 1.254541e+003
0.436000 1.256125e+003
0.438000 1.257683e+003
0.440000 1.259215e+003
0.442000 1.260721e+003
0.444000 1.262201e+003
0.446000 1.263655e+003
0.448000 1.265083e+003
0.450000 1.266485e+003
0.452000 1.267861e+003
0.454000 1.269211e+003
0.456000 1.270536e+003
0.458000 1.271834e+003
0.460000 1.273107e+003
0.462000 1.274355e+003
0.464000 1.275576e+003
0.466000 1.276772e+003
0.468000 1.277942e+003
0.470000 1.279087e+003
0.472000 1.280206e+003
0.474000 1.281300e+003
0.476000 1.282368e+003
0.478000 1.283411e+003
0.480000 1.284428e+003
0.482000 1.285421e+003
0.484000 1.286388e+003
0.486000 1.287329e+003
0.488000 1.288246e+003
0.490000 1.289137e+003
0.492000 1.290004e+003
0.494000 1.290845e+003
0.496000 1.291661e+003
0.498000 1.292453e+003
0.500000 1.293219e+003
0.502000 1.293961e+003
0.504000 1.294678e+003
0.506000 1.295370e+003
0.508000 1.296038e+003
0.510000 1.296680e+003
0.512000 1.297299e+003
0.514000 1.297892e+003
0.516000 1.298461e+003
0.518000 1.299006e+003
0.520000 1.299527e+003
0.522000 1.300023e+003
0.524000 1.300494e+003
0.526000 1.300942e+003
0.528000 1.301365e+003
0.530000 1.301765e+003
0.532000 1.302140e+003
0.534000 1.302491e+003
0.536000 1.302819e+003
0.538000 1.303122e+003
0.540000 1.303402e+003
0.542000 1.303657e+003
0.544000 1.303890e+003
0.546000 1.304098e+003
0.548000 1.304283e+003
0.550000 1.304444e+003
0.552000 1.304582e+003
0.554000 1.304697e+003
0.556000 1.304788e+003
0.558000 1.304856e+003
0.560000 1.304900e+003
0.562000 1.304922e+003
0.564000 1.304920e+003
0.566000 1.304895e+003
0.568000 1.304848e+003
0.570000 1.304777e+003
0.572000 1.304683e+003
0.574000 1.304567e+003
0.576000 1.304428e+003
0.578000 1.304267e+003
0.580000 1.304082e+003
0.582000 1.303876e+003
0.584000 1.303646e+003
0.586000 1.303395e+003
0.588000 1.303121e+003
0.590000 1.302824e+003
0.592000 1.302506e+003
0.594000 1.302165e+003
0.596000 1.301802e+003
0.598000 1.301418e+003
0.600000 1.301011e+003
0.602000 1.300583e+003
0.604000 1.300132e+003
0.606000 1.299660e+003
0.608000 1.299167e+003
0.610000 1.298651e+003
0.612000 1.298114e+003
0.614000 1.297556e+003
0.616000 1.296977e+003
0.618000 1.296376e+003
0.620000 1.295753e+003
0.622000 1.295110e+003
0.624000 1.294446e+003
0.626000 1.293760e+003
0.628000 1.293054e+003
0.630000 1.292326e+003
0.632000 1.291578e+003
0.634000 1.290809e+003
0.636000 1.290020e+003
0.638000 1.289210e+003
0.640000 1.288379e+003
0.642000 1.287528e+003
0.644000 1.286657e+003
0.646000 1.285765e+003
0.648000 1.284853e+003
0.650000 1.283921e+003
0.652000 1.282969e+003
0.654000 1.281997e+003
0.656000 1.281005e+003
0.658000 1.279994e+003
0.660000 1.278962e+003
0.662000 1.277911e+003
0.664000 1.276840e+003
0.666000 1.275750e+003
0.668000 1.274640e+003
0.670000 1.273511e+003
0.672000 1.272363e+003
0.674000 1.271196e+003
0.676000 1.270009e+003
0.678000 1.268804e+003
0.680000 1.267579e+003
0.682000 1.266336e+003
0.684000 1.265074e+003
0.686000 1.263793e+003
0.688000 1.262493e+003
0.690000 1.261175e+003
0.692000 1.259839e+003
0.694000 1.258484e+003
0.696000 1.257111e+003
0.698000 1.255720e+003
0.700000 1.254310e+003
0.702000 1.252883e+003
0.704000 1.251438e+003
0.706000 1.249975e+003
0.708000 1.248494e+003
0.710000 1.246995e+003
0.712000 1.245479e+003
0.714000 1.243946e+003
0.716000 1.242395e+003
0.718000 1.240826e+003
0.720000 1.239241e+003
0.722000 1.237638e+003
0.724000 1.236019e+003
0.726000 1.234382e+003
0.728000 1.232728e+003
0.730000 1.231058e+003
0.732000 1.229371e+003
0.734000 1.227668e+003
0.736000 1.225948e+003
0.738000 1.224211e+003
0.740000 1.222459e+003
0.742000 1.220690e+003
0.744000 1.218905e+003
0.746000 1.217104e+003
0.748000 1.215287e+003
0.750000 1.213454e+003
0.752000 1.211606e+003
0.754000 1.209742e+003
0.756000 1.207862e+003
0.758000 1.205967e+003
0.760000 1.204057e+003
0.762000 1.202131e+003
0.764000 1.200191e+003
0.766000 1.198235e+003
0.768000 1.196264e+003
0.770000 1.194279e+003
0.772000 1.192278e+003
0.774000 1.190263e+003
0.776000 1.188234e+003
0.778000 1.186190e+003
0.780000 1.184132e+003
0.782000 1.182060e+003
0.784000 1.179973e+003
0.786000 1.177873e+003
0.788000 1.175759e+003
0.790000 1.173630e+003
0.792000 1.171489e+003
0.794000 1.169333e+003
0.796000 1.167164e+003
0.798000 1.164982e+003
0.800000 1.162786e+003
0.802000 1.160578e+003
0.804000 1.158356e+003
0.806000 1.156121e+003
0.808000 1.153874e+003
0.810000 1.151614e+003
0.812000 1.149341e+003
0.814000 1.147055e+003
0.816000 1.144758e+003
0.818000 1.142448e+003
0.820000 1.140126e+003
0.822000 1.137792e+003
0.824000 1.135445e+003
0.826000 1.133087e+003
0.828000 1.130718e+003
0.830000 1.128337e+003
0.832000 1.125944e+003
0.834000 1.123540e+003
0.836000 1.121125e+003
0.838000 1.118698e+003
0.840000 1.116261e+003
0.842000 1.113812e+003
0.844000 1.111353e+003
0.846000 1.108883e+003
0.848000 1.106403e+003
0.850000 1.103912e+003
0.852000 1.101411e+003
0.854000 1.098900e+003
0.856000 1.096378e+003
0.858000 1.093847e+003
0.860000 1.091306e+003
0.862000 1.088755e+003
0.864000 1.086195e+003
0.866000 1.083625e+003
0.868000 1.081046e+003
0.870000 1.078457e+003
0.872000 1.075860e+003
0.874000 1.073253e+003
0.876000 1.070638e+003
0.878000 1.068013e+003
0.880000 1.065381e+003
0.882000 1.062739e+003
0.884000 1.060090e+003
0.886000 1.057432e+003
0.888000 1.054766e+003
0.890000 1.052092e+003
0.892000 1.049410e+003
0.894000 1.046721e+003
0.896000 1.044024e+003
0.898000 1.041319e+003
0.900000 1.038607e+003
0.902000 1.035888e+003
0.904000 1.033161e+003
0.906000 1.030428e+003
0.908000 1.027688e+003
0.910000 1.024941e+003
0.912000 1.022188e+003
0.914000 1.019428e+003
0.916000 1.016661e+003
0.918000 1.013889e+003
0.920000 1.011110e+003
0.922000 1.008326e+003
0.924000 1.005535e+003
0.926000 1.002739e+003
0.928000 9.999375e+002
0.930000 9.971304e+002
0.932000 9.943180e+002
0.934000 9.915004e+002
0.936000 9.886778e+002
0.938000 9.858502e+002
0.940000 9.830178e+002
0.942000 9.801808e+002
0.944000 9.773393e+002
0.946000 9.744933e+002
0.948000 9.716431e+002
0.950000 9.687887e+002
0.952000 9.659303e+002
0.954000 9.630681e+002
0.956000 9.602020e+002
0.958000 9.573324e+002
0.960000 9.544592e+002
0.962000 9.515827e+002
0.964000 9.487030e+002
0.966000 9.458202e+002
0.968000 9.429344e+002
0.970000 9.400457e+002
0.972000 9.371543e+002
0.974000 9.342604e+002
0.976000 9.313640e+002
0.978000 9.284652e+002
0.980000 9.255643e+002
0.982000 9.226613e+002
0.984000 9.197564e+002
0.986000 9.168496e+002
0.988000 9.139412e+002
0.990000 9.110312e+002
0.992000 9.081199e+002
0.994000 9.052072e+002
0.996000 9.022933e+002
0.998000 8.993785e+002
1.000000 8.964627e+002
1.002000 8.935461e+002
1.004000 8.906289e+002
1.006000 8.877111e+002
1.008000 8.847930e+002
1.010000 8.818746e+002
1.012000 8.789560e+002
1.014000 8.760375e+002
1.016000 8.731190e+002
1.018000 8.702007e+002
1.020000 8.672829e+002
1.022000 8.643655e+002
1.024000 8.614487e+002
1.026000 8.585326e+002
1.028000 8.556174e+002
1.030000 8.527032e+002
1.032000 8.497901e+002
1.034000 8.468782e+002
1.036000 8.439677e+002
1.038000 8.410586e+002
1.040000 8.381511e+002
1.042000 8.352454e+002
1.044000 8.323414e+002
1.046000 8.294395e+002
1.048000 8.265396e+002
1.050000 8.236418e+002
1.052000 8.207465e+002
1.054000 8.178535e+002
1.056000 8.149631e+002
1.058000 8.120753e+002
1.060000 8.091904e+002
1.062000 8.063083e+002
1.064000 8.034293e+002
1.066000 8.005534e+002
1.068000 7.976807e+002
1.070000 7.948114e+002
1.072000 7.919456e+002
1.074000 7.890834e+002
1.076000 7.862248e+002
1.078000 7.833701e+002
1.080000 7.805193e+002
1.082000 7.776726e+002
1.084000 7.748300e+002
1.086000 7.719916e+002
1.088000 7.691576e+002
1.090000 7.663281e+002
1.092000 7.635031e+002
1.094000 7.606829e+002
1.096000 7.578674e+002
1.098000 7.550568e+002
1.100000 7.522513e+002
1.102000 7.494508e+002
1.104000 7.466556e+002
1.106000 7.438656e+002
1.108000 7.410811e+002
1.110000 7.383021e+002
1.112000 7.355287e+002
1.114000 7.327610e+002
1.116000 7.299992e+002
1.118000 7.272432e+002
1.120000 7.244933e+002
1.122000 7.217494e+002
1.124000 7.190118e+002
1.126000 7.162805e+002
1.128000 7.135555e+002
1.130000 7.108371e+002
1.132000 7.081252e+002
1.134000 7.054200e+002
1.136000 7.027215e+002
1.138000 7.000299e+002
1.140000 6.973453e+002
1.142000 6.946676e+002
1.144000 6.919971e+002
1.146000 6.893338e+002
1.148000 6.866777e+002
1.150000 6.840291e+002
1.152000 6.813879e+002
1.154000 6.787542e+002
1.156000 6.761282e+002
1.158000 6.735098e+002
1.160000 6.708992e+002
1.162000 6.682965e+002
1.164000 6.657018e+002
1.166000 6.631150e+002
1.168000 6.605364e+002
1.170000 6.579659e+002
1.172000 6.554036e+002
1.174000 6.528497e+002
1.176000 6.503042e+002
1.178000 6.477671e+002
1.180000 6.452386e+002
1.182000 6.427187e+002
1.184000 6.402074e+002
1.186000 6.377049e+002
1.188000 6.352112e+002
1.190000 6.327264e+002
1.192000 6.302505e+002
1.194000 6.277836e+002
1.196000 6.253258e+002
1.198000 6.228771e+002
1.200000 6.204376e+002
1.202000 6.180074e+002
1.204000 6.155864e+002
1.206000 6.131749e+002
1.208000 6.107727e+002
1.210000 6.083801e+002
1.212000 6.059970e+002
1.214000 6.036235e+002
1.216000 6.012596e+002
1.218000 5.989054e+002
1.220000 5.965610e+002
1.222000 5.942264e+002
1.224000 5.919016e+002
1.226000 5.895867e+002
1.228000 5.872818e+002
1.230000 5.849868e+002
1.232000 5.827019e+002
1.234000 5.804271e+002
1.236000 5.781624e+002
1.238000 5.759079e+002
1.240000 5.736636e+002
1.242000 5.714295e+002
1.244000 5.692057e+002
1.246000 5.669922e+002
1.248000 5.647892e+002
1.250000 5.625965e+002
1.252000 5.604142e+002
1.254000 5.582424e+002
1.256000 5.560811e+002
1.258000 5.539304e+002
1.260000 5.517902e+002
1.262000 5.496606e+002
1.264000 5.475417e+002
1.266000 5.454334e+002
1.268000 5.433358e+002
1.270000 5.412489e+002
1.272000 5.391727e+002
1.274000 5.371073e+002
1.276000 5.350527e+002
1.278000 5.330088e+002
1.280000 5.309758e+002
1.282000 5.289537e+002
1.284000 5.269424e+002
1.286000 5.249420e+002
1.288000 5.229526e+002
1.290000 5.209740e+002
1.292000 5.190064e+002
1.294000 5.170497e+002
1.296000 5.151040e+002
1.298000 5.131693e+002
1.300000 5.112455e+002
1.302000 5.093328e+002
1.304000 5.074311e+002
1.306000 5.055404e+002
1.308000 5.036607e+002
1.310000 5.017921e+002
1.312000 4.999345e+002
1.314000 4.980880e+002
1.316000 4.962525e+002
1.318000 4.944281e+002
1.320000 4.926147e+002
1.322000 4.908124e+002
1.324000 4.890212e+002
1.326000 4.872410e+002
1.328000 4.854719e+002
1.330000 4.837139e+002
1.332000 4.819670e+002
1.334000 4.802311e+002
1.336000 4.785062e+002
1.338000 4.767924e+002
1.340000 4.750897e+002
1.342000 4.733980e+002
1.344000 4.717173e+002
1.346000 4.700477e+002
1.348000 4.683891e+002
1.350000 4.667414e+002
1.352000 4.651048e+002
1.354000 4.634792e+002
1.356000 4.618645e+002
1.358000 4.602608e+002
1.360000 4.586681e+002
1.362000 4.570863e+002
1.364000 4.555154e+002
1.366000 4.539554e+002
1.368000 4.524063e+002
1.370000 4.508681e+002
1.372000 4.493407e+002
1.374000 4.478242e+002
1.376000 4.463185e+002
1.378000 4.448235e+002
1.380000 4.433394e+002
1.382000 4.418660e+002
1.384000 4.404033e+002
1.386000 4.389514e+002
1.388000 4.375101e+002
1.390000 4.360795e+002
1.392000 4.346596e+002
1.394000 4.332502e+002
1.396000 4.318515e+002
1.398000 4.304633e+002
1.400000 4.290856e+002
1.402000 4.277185e+002
1.404000 4.263618e+002
1.406000 4.250156e+002
1.408000 4.236798e+002
1.410000 4.223544e+002
1.412000 4.210393e+002
1.414000 4.197346e+002
1.416000 4.184402e+002
1.418000 4.171560e+002
1.420000 4.158821e+002
1.422000 4.146184e+002
1.424000 4.133648e+002
1.426000 4.121214e+002
1.428000 4.108881e+002
1.430000 4.096649e+002
1.432000 4.084516e+002
1.434000 4.072484e+002
1.436000 4.060551e+002
1.438000 4.048717e+002
1.440000 4.036983e+002
1.442000 4.025346e+002
1.444000 4.013808e+002
1.446000 4.002367e+002
1.448000 3.991024e+002
1.450000 3.979777e+002
1.452000 3.968627e+002
1.454000 3.957573e+002
1.456000 3.946614e+002
1.458000 3.935751e+002
1.460000 3.924983e+002
1.462000 3.914309e+002
1.464000 3.903729e+002
1.466000 3.893242e+002
1.468000 3.882849e+002
1.470000 3.872549e+002
1.472000 3.862340e+002
1.474000 3.852224e+002
1.476000 3.842199e+002
1.478000 3.832264e+002
1.480000 3.822421e+002
1.482000 3.812667e+002
1.484000 3.803003e+002
1.486000 3.793428e+002
1.488000 3.783941e+002
1.490000 3.774543e+002
1.492000 3.765233e+002
1.494000 3.756010e+002
1.496000 3.746873e+002
1.498000 3.737823e+002
1.500000 3.728859e+002
1.502000 3.719981e+002
1.504000 3.711187e+002
1.506000 3.702477e+002
1.508000 3.693852e+002
1.510000 3.685310e+002
1.512000 3.676851e+002
1.514000 3.668474e+002
1.516000 3.660180e+002
1.518000 3.651967e+002
1.520000 3.643835e+002
1.522000 3.635784e+002
1.524000 3.627812e+002
1.526000 3.619921e+002
1.528000 3.612108e+002
1.530000 3.604374e+002
1.532000 3.596718e+002
1.534000 3.589139e+002
1.536000 3.581638e+002
1.538000 3.574213e+002
1.540000 3.566864e+002
1.542000 3.559590e+002
1.544000 3.552392e+002
1.546000 3.545269e+002
1.548000 3.538219e+002
1.550000 3.531243e+002
1.552000 3.524340e+002
1.554000 3.517510e+002
1.556000 3.510751e+002
1.558000 3.504064e+002
1.560000 3.497449e+002
1.562000 3.490903e+002
1.564000 3.484428e+002
1.566000 3.478022e+002
1.568000 3.471686e+002
1.570000 3.465418e+002
1.572000 3.459217e+002
1.574000 3.453085e+002
1.576000 3.447019e+002
1.578000 3.441020e+002
1.580000 3.435087e+002
1.582000 3.429219e+002
1.584000 3.423416e+002
1.586000 3.417678e+002
1.588000 3.412004e+002
1.590000 3.406393e+002
1.592000 3.400846e+002
1.594000 3.395361e+002
1.596000 3.389938e+002
1.598000 3.384576e+002
1.600000 3.379275e+002
1.602000 3.374035e+002
1.604000 3.368855e+002
1.606000 3.363735e+002
1.608000 3.358673e+002
1.610000 3.353670e+002
1.612000 3.348725e+002
1.614000 3.343838e+002
1.616000 3.339008e+002
1.618000 3.334234e+002
1.620000 3.329517e+002
1.622000 3.324855e+002
1.624000 3.320248e+002
1.626000 3.315696e+002
1.628000 3.311198e+002
1.630000 3.306754e+002
1.632000 3.302364e+002
1.634000 3.298026e+002
1.636000 3.293740e+002
1.638000 3.289506e+002
1.640000 3.285324e+002
1.642000 3.281192e+002
1.644000 3.277111e+002
1.646000 3.273080e+002
1.648000 3.269099e+002
1.650000 3.265166e+002
1.652000 3.261282e+002
1.654000 3.257446e+002
1.656000 3.253658e+002
1.658000 3.249918e+002
1.660000 3.246224e+002
1.662000 3.242576e+002
1.664000 3.238975e+002
1.666000 3.235418e+002
1.668000 3.231907e+002
1.670000 3.228441e+002
1.672000 3.225018e+002
1.674000 3.221640e+002
1.676000 3.218304e+002
1.678000 3.215012e+002
1.680000 3.211762e+002
1.682000 3.208554e+002
1.684000 3.205387e+002
1.686000 3.202262e+002
1.688000 3.199177e+002
1.690000 3.196133e+002
1.692000 3.193129e+002
1.694000 3.190164e+002
1.696000 3.187239e+002
1.698000 3.184352e+002
1.700000 3.181503e+002
1.702000 3.178693e+002
1.704000 3.175919e+002
1.706000 3.173183e+002
1.708000 3.170484e+002
1.710000 3.167821e+002
1.712000 3.165194e+002
1.714000 3.162602e+002
1.716000 3.160046e+002
1.718000 3.157524e+002
1.720000 3.155037e+002
1.722000 3.152584e+002
1.724000 3.150164e+002
1.726000 3.147778e+002
1.728000 3.145425e+002
1.730000 3.143104e+002
1.732000 3.140816e+002
1.734000 3.138559e+002
1.736000 3.136334e+002
1.738000 3.134139e+002
1.740000 3.131976e+002
1.742000 3.129843e+002
1.744000 3.127740e+002
1.746000 3.125667e+002
1.748000 3.123623e+002
1.750000 3.121609e+002
1.752000 3.119623e+002
1.754000 3.117665e+002
1.756000 3.115735e+002
1.758000 3.113833e+002
1.760000 3.111959e+002
1.762000 3.110111e+002
1.764000 3.108291e+002
1.766000 3.106496e+002
1.768000 3.104728e+002
1.770000 3.102986e+002
1.772000 3.101269e+002
1.774000 3.099577e+002
1.776000 3.097910e+002
1.778000 3.096268e+002
1.780000 3.094650e+002
1.782000 3.093056e+002
1.784000 3.091486e+002
1.786000 3.089939e+002
1.788000 3.088415e+002
1.790000 3.086913e+002
1.792000 3.085435e+002
1.794000 3.083979e+002
1.796000 3.082544e+002
1.798000 3.081131e+002
1.800000 3.079740e+002
1.802000 3.078370e+002
1.804000 3.077021e+002
1.806000 3.075692e+002
1.808000 3.074383e+002
1.810000 3.073095e+002
1.812000 3.071827e+002
1.814000 3.070578e+002
1.816000 3.069348e+002
1.818000 3.068137e+002
1.820000 3.066946e+002
1.822000 3.065772e+002
1.824000 3.064617e+002
1.826000 3.063480e+002
1.828000 3.062361e+002
1.830000 3.061260e+002
1.832000 3.060176e+002
1.834000 3.059109e+002
1.836000 3.058059e+002
1.838000 3.057025e+002
1.840000 3.056008e+002
1.842000 3.055007e+002
1.844000 3.054023e+002
1.846000 3.053054e+002
1.848000 3.052100e+002
1.850000 3.051162e+002
1.852000 3.050239e+002
1.854000 3.049331e+002
1.856000 3.048438e+002
1.858000 3.047559e+002
1.860000 3.046694e+002
1.862000 3.045844e+002
1.864000 3.045007e+002
1.866000 3.044184e+002
1.868000 3.043375e+002
1.870000 3.042579e+002
1.872000 3.041796e+002
1.874000 3.041026e+002
1.876000 3.040269e+002
1.878000 3.039525e+002
1.880000 3.038793e+002
1.882000 3.038073e+002
1.884000 3.037365e+002
1.886000 3.036669e+002
1.888000 3.035985e+002
1.890000 3.035312e+002
1.892000 3.034651e+002
1.894000 3.034000e+002
1.896000 3.033361e+002
1.898000 3.032733e+002
1.900000 3.032115e+002
1.902000 3.031508e+002
1.904000 3.030911e+002
1.906000 3.030325e+002
1.908000 3.029749e+002
1.910000 3.029182e+002
1.912000 3.028625e+002
1.914000 3.028078e+002
1.916000 3.027541e+002
1.918000 3.027013e+002
1.920000 3.026494e+002
1.922000 3.025984e+002
1.924000 3.025482e+002
1.926000 3.024990e+002
1.928000 3.024507e+002
1.930000 3.024031e+002
1.932000 3.023565e+002
1.934000 3.023106e+002
1.936000 3.022656e+002
1.938000 3.022213e+002
1.940000 3.021779e+002
1.942000 3.021352e+002
1.944000 3.020933e+002
1.946000 3.020521e+002
1.948000 3.020117e+002
1.950000 3.019720e+002
1.952000 3.019330e+002
1.954000 3.018947e+002
1.956000 3.018571e+002
1.958000 3.018202e+002
1.960000 3.017840e+002
1.962000 3.017484e+002
1.964000 3.017135e+002
1.966000 3.016792e+002
1.968000 3.016455e+002
1.970000 3.016125e+002
1.972000 3.015800e+002
1.974000 3.015482e+002
1.976000 3.015169e+002
1.978000 3.014863e+002
1.980000 3.014561e+002
1.982000 3.014266e+002
1.984000 3.013976e+002
1.986000 3.013691e+002
1.988000 3.013412e+002
1.990000 3.013138e+002
1.992000 3.012869e+002
1.994000 3.012605e+002
1.996000 3.012347e+002
1.998000 3.012093e+002
2.000000 3.011843e+002
2.002000 3.011599e+002
2.004000 3.011359e+002
2.006000 3.011124e+002
2.008000 3.010893e+002
2.010000 3.010667e+002
2.012000 3.010445e+002
2.014000 3.010227e+002
2.016000 3.010013e+002
2.018000 3.009804e+002
2.020000 3.009598e+002
2.022000 3.009397e+002
2.024000 3.009199e+002
2.026000 3.009006e+002
2.028000 3.008816e+002
2.030000 3.008629e+002
2.032000 3.008447e+002
2.034000 3.008268e+002
2.036000 3.008092e+002
2.038000 3.007920e+002
2.040000 3.007751e+002
2.042000 3.007586e+002
2.044000 3.007424e+002
2.046000 3.007265e+002
2.048000 3.007109e+002
2.050000 3.006956e+002
2.052000 3.006807e+002
2.054000 3.006660e+002
2.056000 3.006516e+002
2.058000 3.006375e+002
2.060000 3.006237e+002
2.062000 3.006102e+002
2.064000 3.005969e+002
2.066000 3.005839e+002
2.068000 3.005712e+002
2.070000 3.005587e+002
2.072000 3.005465e+002
2.074000 3.005346e+002
2.076000 3.005228e+002
2.078000 3.005113e+002
2.080000 3.005001e+002
2.082000 3.004891e+002
2.084000 3.004783e+002
2.086000 3.004677e+002
2.088000 3.004573e+002
2.090000 3.004472e+002
2.092000 3.004373e+002
2.094000 3.004275e+002
2.096000 3.004180e+002
2.098000 3.004087e+002
2.100000 3.003995e+002
2.102000 3.003906e+002
2.104000 3.003818e+002
2.106000 3.003732e+002
2.108000 3.003648e+002
2.110000 3.003566e+002
2.112000 3.003486e+002
2.114000 3.003407e+002
2.116000 3.003330e+002
2.118000 3.003254e+002
2.120000 3.003180e+002
2.122000 3.003108e+002
2.124000 3.003037e+002
2.126000 3.002968e+002
2.128000 3.002900e+002
2.130000 3.002834e+002
2.132000 3.002769e+002
2.134000 3.002705e+002
2.136000 3.002643e+002
2.138000 3.002582e+002
2.140000 3.002523e+002
2.142000 3.002464e+002
2.144000 3.002407e+002
2.146000 3.002352e+002
2.148000 3.002297e+002
2.150000 3.002244e+002
2.152000 3.002191e+002
2.154000 3.002140e+002
2.156000 3.002090e+002
2.158000 3.002042e+002
2.160000 3.001994e+002
2.162000 3.001947e+002
2.164000 3.001901e+002
2.166000 3.001857e+002
2.168000 3.001813e+002
2.170000 3.001770e+002
2.172000 3.001728e+002
2.174000 3.001687e+002
2.176000 3.001647e+002
2.178000 3.001608e+002
2.180000 3.001570e+002
2.182000 3.001533e+002
2.184000 3.001496e+002
2.186000 3.001460e+002
2.188000 3.001425e+002
2.190000 3.001391e+002
2.192000 3.001358e+002
2.194000 3.001325e+002
2.196000 3.001294e+002
2.198000 3.001262e+002
2.200000 3.001232e+002
2.202000 3.001202e+002
2.204000 3.001173e+002
2.206000 3.001145e+002
2.208000 3.001117e+002
2.210000 3.001090e+002
2.212000 3.001063e+002
2.214000 3.001037e+002
2.216000 3.001012e+002
2.218000 3.000987e+002
2.220000 3.000963e+002
2.222000 3.000939e+002
2.224000 3.000916e+002
2.226000 3.000894e+002
2.228000 3.000872e+002
2.230000 3.000850e+002
2.232000 3.000829e+002
2.234000 3.000809e+002
2.236000 3.000789e+002
2.238000 3.000769e+002
2.240000 3.000750e+002
2.242000 3.000732e+002
2.244000 3.000713e+002
2.246000 3.000696e+002
2.248000 3.000678e+002
2.250000 3.000661e+002
2.252000 3.000645e+002
2.254000 3.000629e+002
2.256000 3.000613e+002
2.258000 3.000597e+002
2.260000 3.000582e+002
2.262000 3.000568e+002
2.264000 3.000553e+002
2.266000 3.000539e+002
2.268000 3.000526e+002
2.270000 3.000512e+002
2.272000 3.000499e+002
2.274000 3.000487e+002
2.276000 3.000474e+002
2.278000 3.000462e+002
2.280000 3.000450e+002
2.282000 3.000439e+002
2.284000 3.000428e+002
2.286000 3.000417e+002
2.288000 3.000406e+002
2.290000 3.000395e+002
2.292000 3.000385e+002
2.294000 3.000375e+002
2.296000 3.000366e+002
2.298000 3.000356e+002
2.300000 3.000347e+002
2.302000 3.000338e+002
2.304000 3.000329e+002
2.306000 3.000321e+002
2.308000 3.000312e+002
2.310000 3.000304e+002
2.312000 3.000296e+002
2.314000 3.000288e+002
2.316000 3.000281e+002
2.318000 3.000274e+002
2.320000 3.000266e+002
2.322000 3.000259e+002
2.324000 3.000253e+002
2.326000 3.000246e+002
2.328000 3.000239e+002
2.330000 3.000233e+002
2.332000 3.000227e+002
2.334000 3.000221e+002
2.336000 3.000215e+002
2.338000 3.000209e+002
2.340000 3.000204e+002
2.342000 3.000198e+002
2.344000 3.000193e+002
2.346000 3.000188e+002
2.348000 3.000183e+002
2.350000 3.000178e+002
2.352000 3.000173e+002
2.354000 3.000169e+002
2.356000 3.000164e+002
2.358000 3.000160e+002
2.360000 3.000155e+002
2.362000 3.000151e+002
2.364000 3.000147e+002
2.366000 3.000143e+002
2.368000 3.000139e+002
2.370000 3.000135e+002
2.372000 3.000132e+002
2.374000 3.000128e+002
2.376000 3.000125e+002
2.378000 3.000121e+002
2.380000 3.000118e+002
2.382000 3.000115e+002
2.384000 3.000112e+002
2.386000 3.000108e+002
2.388000 3.000105e+002
2.390000 3.000103e+002
2.392000 3.000100e+002
2.394000 3.000097e+002
2.396000 3.000094e+002
2.398000 3.000092e+002
2.400000 3.000089e+002
2.402000 3.000087e+002
2.404000 3.000084e+002
2.406000 3.000082e+002
2.408000 3.000080e+002
2.410000 3.000077e+002
2.412000 3.000075e+002
2.414000 3.000073e+002
2.416000 3.000071e+002
2.418000 3.000069e+002
2.420000 3.000067e+002
2.422000 3.000065e+002
2.424000 3.000064e+002
2.426000 3.000062e+002
2.428000 3.000060e+002
2.430000 3.000058e+002
2.432000 3.000057e+002
2.434000 3.000055e+002
2.436000 3.000053e+002
2.438000 3.000052e+002
2.440000 3.000050e+002
2.442000 3.000049e+002
2.444000 3.000048e+002
2.446000 3.000046e+002
2.448000 3.000045e+002
2.450000 3.000044e+002
2.452000 3.000042e+002
2.454000 3.000041e+002
2.456000 3.000040e+002
2.458000 3.000039e+002
2.460000 3.000038e+002
2.462000 3.000037e+002
2.464000 3.000036e+002
2.466000 3.000035e+002
2.468000 3.000034e+002
2.470000 3.000033e+002
2.472000 3.000032e+002
2.474000 3.000031e+002
2.476000 3.000030e+002
2.478000 3.000029e+002
2.480000 3.000028e+002
2.482000 3.000027e+002
2.484000 3.000027e+002
2.486000 3.000026e+002
2.488000 3.000025e+002
2.490000 3.000024e+002
2.492000 3.000024e+002
2.494000 3.000023e+002
2.496000 3.000022e+002
2.498000 3.000022e+002
2.500000 3.000021e+002
2.502000 3.000020e+002
2.504000 3.000020e+002
2.506000 3.000019e+002
2.508000 3.000019e+002
2.510000 3.000018e+002
2.512000 3.000017e+002
2.514000 3.000017e+002
2.516000 3.000016e+002
2.518000 3.000016e+002
2.520000 3.000015e+002
2.522000 3.000015e+002
2.524000 3.000015e+002
2.526000 3.000014e+002
2.528000 3.000014e+002
2.530000 3.000013e+002
2.532000 3.000013e+002
2.534000 3.000013e+002
2.536000 3.000012e+002
2.538000 3.000012e+002
2.540000 3.000011e+002
2.542000 3.000011e+002
2.544000 3.000011e+002
2.546000 3.000010e+002
2.548000 3.000010e+002
2.550000 3.000010e+002
2.552000 3.000009e+002
2.554000 3.000009e+002
2.556000 3.000009e+002
2.558000 3.000009e+002
2.560000 3.000008e+002
2.562000 3.000008e+002
2.564000 3.000008e+002
2.566000 3.000008e+002
2.568000 3.000007e+002
2.570000 3.000007e+002
2.572000 3.000007e+002
2.574000 3.000007e+002
2.576000 3.000007e+002
2.578000 3.000006e+002
2.580000 3.000006e+002
2.582000 3.000006e+002
2.584000 3.000006e+002
2.586000 3.000006e+002
2.588000 3.000005e+002
2.590000 3.000005e+002
2.592000 3.000005e+002
2.594000 3.000005e+002
2.596000 3.000005e+002
2.598000 3.000005e+002
2.600000 3.000004e+002
2.602000 3.000004e+002
2.604000 3.000004e+002
2.606000 3.000004e+002
2.608000 3.000004e+002
2.610000 3.000004e+002
2.612000 3.000004e+002
2.614000 3.000004e+002
2.616000 3.000003e+002
2.618000 3.000003e+002
2.620000 3.000003e+002
2.622000 3.000003e+002
2.624000 3.000003e+002
2.626000 3.000003e+002
2.628000 3.000003e+002
2.630000 3.000003e+002
2.632000 3.000003e+002
2.634000 3.000003e+002
2.636000 3.000003e+002
2.638000 3.000002e+002
2.640000 3.000002e+002
2.642000 3.000002e+002
2.644000 3.000002e+002
2.646000 3.000002e+002
2.648000 3.000002e+002
2.650000 3.000002e+002
2.652000 3.000002e+002
2.654000 3.000002e+002
2.656000 3.000002e+002
2.658000 3.000002e+002
2.660000 3.000002e+002
2.662000 3.000002e+002
2.664000 3.000002e+002
2.666000 3.000002e+002
2.668000 3.000001e+002
2.670000 3.000001e+002
2.672000 3.000001e+002
2.674000 3.000001e+002
2.676000 3.000001e+002
2.678000 3.000001e+002
2.680000 3.000001e+002
2.682000 3.000001e+002
2.684000 3.000001e+002
2.686000 3.000001e+002
2.688000 3.000001e+002
2.690000 3.000001e+002
2.692000 3.000001e+002
2.694000 3.000001e+002
2.696000 3.000001e+002
2.698000 3.000001e+002
2.700000 3.000001e+002
2.702000 3.000001e+002
2.704000 3.000001e+002
2.706000 3.000001e+002
2.708000 3.000001e+002
2.710000 3.000001e+002
2.712000 3.000001e+002
2.714000 3.000001e+002
2.716000 3.000001e+002
2.718000 3.000001e+002
2.720000 3.000001e+002
2.722000 3.000001e+002
2.724000 3.000001e+002
2.726000 3.000001e+002
2.728000 3.000001e+002
2.730000 3.000001e+002
2.732000 3.000001e+002
2.734000 3.000000e+002
2.736000 3.000000e+002
2.738000 3.000000e+002
2.740000 3.000000e+002
2.742000 3.000000e+002
2.744000 3.000000e+002
2.746000 3.000000e+002
2.748000 3.000000e+002
2.750000 3.000000e+002
2.752000 3.000000e+002
2.754000 3.000000e+002
2.756000 3.000000e+002
2.758000 3.000000e+002
2.760000 3.000000e+002
2.762000 3.000000e+002
2.764000 3.000000e+002
2.766000 3.000000e+002
2.768000 3.000000e+002
2.770000 3.000000e+002
2.772000 3.000000e+002
2.774000 3.000000e+002
2.776000 3.000000e+002
2.778000 3.000000e+002
2.780000 3.000000e+002
2.782000 3.000000e+002
2.784000 3.000000e+002
2.786000 3.000000e+002
2.788000 3.000000e+002
2.790000 3.000000e+002
2.792000 3.000000e+002
2.794000 3.000000e+002
2.796000 3.000000e+002
2.798000 3.000000e+002
2.800000 3.000000e+002
2.802000 3.000000e+002
2.804000 3.000000e+002
2.806000 3.000000e+002
2.808000 3.000000e+002
2.810000 3.000000e+002
2.812000 3.000000e+002
2.814000 3.000000e+002
2.816000 3.000000e+002
2.818000 3.000000e+002
2.820000 3.000000e+002
2.822000 3.000000e+002
2.824000 3.000000e+002
2.826000 3.000000e+002
2.828000 3.000000e+002
2.830000 3.000000e+002
2.832000 3.000000e+002
2.834000 3.000000e+002
2.836000 3.000000e+002
2.838000 3.000000e+002
2.840000 3.000000e+002
2.842000 3.000000e+002
2.844000 3.000000e+002
2.846000 3.000000e+002
2.848000 3.000000e+002
2.850000 3.000000e+002
2.852000 3.000000e+002
2.854000 3.000000e+002
2.856000 3.000000e+002
2.858000 3.000000e+002
2.860000 3.000000e+002
2.862000 3.000000e+002
2.864000 3.000000e+002
2.866000 3.000000e+002
2.868000 3.000000e+002
2.870000 3.000000e+002
2.872000 3.000000e+002
2.874000 3.000000e+002
2.876000 3.000000e+002
2.878000 3.000000e+002
2.880000 3.000000e+002
2.882000 3.000000e+002
2.884000 3.000000e+002
2.886000 3.000000e+002
2.888000 3.000000e+002
2.890000 3.000000e+002
2.892000 3.000000e+002
2.894000 3.000000e+002
2.896000 3.000000e+002
2.898000 3.000000e+002
2.900000 3.000000e+002
2.902000 3.000000e+002
2.904000 3.000000e+002
2.906000 3.000000e+002
2.908000 3.000000e+002
2.910000 3.000000e+002
2.912000 3.000000e+002
2.914000 3.000000e+002
2.916000 3.000000e+002
2.918000 3.000000e+002
2.920000 3.000000e+002
2.922000 3.000000e+002
2.924000 3.000000e+002
2.926000 3.000000e+002
2.928000 3.000000e+002
2.930000 3.000000e+002
2.932000 3.000000e+002
2.934000 3.000000e+002
2.936000 3.000000e+002
2.938000 3.000000e+002
2.940000 3.000000e+002
2.942000 3.000000e+002
2.944000 3.000000e+002
2.946000 3.000000e+002
2.948000 3.000000e+002
2.950000 3.000000e+002
2.952000 3.000000e+002
2.954000 3.000000e+002
2.956000 3.000000e+002
2.958000 3.000000e+002
2.960000 3.000000e+002
2.962000 3.000000e+002
2.964000 3.000000e+002
2.966000 3.000000e+002
2.968000 3.000000e+002
2.970000 3.000000e+002
2.972000 3.000000e+002
2.974000 3.000000e+002
2.976000 3.000000e+002
2.978000 3.000000e+002
2.980000 3.000000e+002
2.982000 3.000000e+002
2.984000 3.000000e+002
2.986000 3.000000e+002
2.988000 3.000000e+002
2.990000 3.000000e+002
2.992000 3.000000e+002
2.994000 3.000000e+002
2.996000 3.000000e+002
2.998000 3.000000e+002
3.000000 3.000000e+002
3.002000 3.000000e+002
3.004000 3.000000e+002
3.006000 3.000000e+002
3.008000 3.000000e+002
3.010000 3.000000e+002
3.012000 3.000000e+002
3.014000 3.000000e+002
3.016000 3.000000e+002
3.018000 3.000000e+002
3.020000 3.000000e+002
3.022000 3.000000e+002
3.024000 3.000000e+002
3.026000 3.000000e+002
3.028000 3.000000e+002
3.030000 3.000000e+002
3.032000 3.000000e+002
3.034000 3.000000e+002
3.036000 3.000000e+002
3.038000 3.000000e+002
3.040000 3.000000e+002
3.042000 3.000000e+002
3.044000 3.000000e+002
3.046000 3.000000e+002
3.048000 3.000000e+002
3.050000 3.000000e+002
3.052000 3.000000e+002
3.054000 3.000000e+002
3.056000 3.000000e+002
3.058000 3.000000e+002
3.060000 3.000000e+002
3.062000 3.000000e+002
3.064000 3.000000e+002
3.066000 3.000000e+002
3.068000 3.000000e+002
3.070000 3.000000e+002
3.072000 3.000000e+002
3.074000 3.000000e+002
3.076000 3.000000e+002
3.078000 3.000000e+002
3.080000 3.000000e+002
3.082000 3.000000e+002
3.084000 3.000000e+002
3.086000 3.000000e+002
3.088000 3.000000e+002
3.090000 3.000000e+002
3.092000 3.000000e+002
3.094000 3.000000e+002
3.096000 3.000000e+002
3.098000 3.000000e+002
3.100000 3.000000e+002
3.102000 3.000000e+002
3.104000 3.000000e+002
3.106000 3.000000e+002
3.108000 3.000000e+002
3.110000 3.000000e+002
3.112000 3.000000e+002
3.114000 3.000000e+002
3.116000 3.000000e+002
3.118000 3.000000e+002
3.120000 3.000000e+002
3.122000 3.000000e+002
3.124000 3.000000e+002
3.126000 3.000000e+002
3.128000 3.000000e+002
3.130000 3.000000e+002
3.132000 3.000000e+002
3.134000 3.000000e+002
3.136000 3.000000e+002
3.138000 3.000000e+002
3.140000 3.000000e+002
3.142000 3.000000e+002
3.144000 3.000000e+002
3.146000 3.000000e+002
3.148000 3.000000e+002
3.150000 3.000000e+002
3.152000 3.000000e+002
3.154000 3.000000e+002
3.156000 3.000000e+002
3.158000 3.000000e+002
3.160000 3.000000e+002
3.162000 3.000000e+002
3.164000 3.000000e+002
3.166000 3.000000e+002
3.168000 3.000000e+002
3.170000 3.000000e+002
3.172000 3.000000e+002
3.174000 3.000000e+002
3.176000 3.000000e+002
3.178000 3.000000e+002
3.180000 3.000000e+002
3.182000 3.000000e+002
3.184000 3.000000e+002
3.186000 3.000000e+002
3.188000 3.000000e+002
3.190000 3.000000e+002
3.192000 3.000000e+002
3.194000 3.000000e+002
3.196000 3.000000e+002
3.198000 3.000000e+002
3.200000 3.000000e+002
3.202000 3.000000e+002
3.204000 3.000000e+002
3.206000 3.000000e+002
3.208000 3.000000e+002
3.210000 3.000000e+002
3.212000 3.000000e+002
3.214000 3.000000e+002
3.216000 3.000000e+002
3.218000 3.000000e+002
3.220000 3.000000e+002
3.222000 3.000000e+002
3.224000 3.000000e+002
3.226000 3.000000e+002
3.228000 3.000000e+002
3.230000 3.000000e+002
3.232000 3.000000e+002
3.234000 3.000000e+002
3.236000 3.000000e+002
3.238000 3.000000e+002
3.240000 3.000000e+002
3.242000 3.000000e+002
3.244000 3.000000e+002
3.246000 3.000000e+002
3.248000 3.000000e+002
3.250000 3.000000e+002
3.252000 3.000000e+002
3.254000 3.000000e+002
3.256000 3.000000e+002
3.258000 3.000000e+002
3.260000 3.000000e+002
3.262000 3.000000e+002
3.264000 3.000000e+002
3.266000 3.000000e+002
3.268000 3.000000e+002
3.270000 3.000000e+002
3.272000 3.000000e+002
3.274000 3.000000e+002
3.276000 3.000000e+002
3.278000 3.000000e+002
3.280000 3.000000e+002
3.282000 3.000000e+002
3.284000 3.000000e+002
3.286000 3.000000e+002
3.288000 3.000000e+002
3.290000 3.000000e+002
3.292000 3.000000e+002
3.294000 3.000000e+002
3.296000 3.000000e+002
3.298000 3.000000e+002
3.300000 3.000000e+002
3.302000 3.000000e+002
3.304000 3.000000e+002
3.306000 3.000000e+002
3.308000 3.000000e+002
3.310000 3.000000e+002
3.312000 3.000000e+002
3.314000 3.000000e+002
3.316000 3.000000e+002
3.318000 3.000000e+002
3.320000 3.000000e+002
3.322000 3.000000e+002
3.324000 3.000000e+002
3.326000 3.000000e+002
3.328000 3.000000e+002
3.330000 3.000000e+002
3.332000 3.000000e+002
3.334000 3.000000e+002
3.336000 3.000000e+002
3.338000 3.000000e+002
3.340000 3.000000e+002
3.342000 3.000000e+002
3.344000 3.000000e+002
3.346000 3.000000e+002
3.348000 3.000000e+002
3.350000 3.000000e+002
3.352000 3.000000e+002
3.354000 3.000000e+002
3.356000 3.000000e+002
3.358000 3.000000e+002
3.360000 3.000000e+002
3.362000 3.000000e+002
3.364000 3.000000e+002
3.366000 3.000000e+002
3.368000 3.000000e+002
3.370000 3.000000e+002
3.372000 3.000000e+002
3.374000 3.000000e+002
3.376000 3.000000e+002
3.378000 3.000000e+002
3.380000 3.000000e+002
3.382000 3.000000e+002
3.384000 3.000000e+002
3.386000 3.000000e+002
3.388000 3.000000e+002
3.390000 3.000000e+002
3.392000 3.000000e+002
3.394000 3.000000e+002
3.396000 3.000000e+002
3.398000 3.000000e+002
3.400000 3.000000e+002
3.402000 3.000000e+002
3.404000 3.000000e+002
3.406000 3.000000e+002
3.408000 3.000000e+002
3.410000 3.000000e+002
3.412000 3.000000e+002
3.414000 3.000000e+002
3.416000 3.000000e+002
3.418000 3.000000e+002
3.420000 3.000000e+002
3.422000 3.000000e+002
3.424000 3.000000e+002
3.426000 3.000000e+002
3.428000 3.000000e+002
3.430000 3.000000e+002
3.432000 3.000000e+002
3.434000 3.000000e+002
3.436000 3.000000e+002
3.438000 3.000000e+002
3.440000 3.000000e+002
3.442000 3.000000e+002
3.444000 3.000000e+002
3.446000 3.000000e+002
3.448000 3.000000e+002
3.450000 3.000000e+002
3.452000 3.000000e+002
3.454000 3.000000e+002
3.456000 3.000000e+002
3.458000 3.000000e+002
3.460000 3.000000e+002
3.462000 3.000000e+002
3.464000 3.000000e+002
3.466000 3.000000e+002
3.468000 3.000000e+002
3.470000 3.000000e+002
3.472000 3.000000e+002
3.474000 3.000000e+002
3.476000 3.000000e+002
3.478000 3.000000e+002
3.480000 3.000000e+002
3.482000 3.000000e+002
3.484000 3.000000e+002
3.486000 3.000000e+002
3.488000 3.000000e+002
3.490000 3.000000e+002
3.492000 3.000000e+002
3.494000 3.000000e+002
3.496000 3.000000e+002
3.498000 3.000000e+002
3.500000 3.000000e+002
3.502000 3.000000e+002
3.504000 3.000000e+002
3.506000 3.000000e+002
3.508000 3.000000e+002
3.510000 3.000000e+002
3.512000 3.000000e+002
3.514000 3.000000e+002
3.516000 3.000000e+002
3.518000 3.000000e+002
3.520000 3.000000e+002
3.522000 3.000000e+002
3.524000 3.000000e+002
3.526000 3.000000e+002
3.528000 3.000000e+002
3.530000 3.000000e+002
3.532000 3.000000e+002
3.534000 3.000000e+002
3.536000 3.000000e+002
3.538000 3.000000e+002
3.540000 3.000000e+002
3.542000 3.000000e+002
3.544000 3.000000e+002
3.546000 3.000000e+002
3.548000 3.000000e+002
3.550000 3.000000e+002
3.552000 3.000000e+002
3.554000 3.000000e+002
3.556000 3.000000e+002
3.558000 3.000000e+002
3.560000 3.000000e+002
3.562000 3.000000e+002
3.564000 3.000000e+002
3.566000 3.000000e+002
3.568000 3.000000e+002
3.570000 3.000000e+002
3.572000 3.000000e+002
3.574000 3.000000e+002
3.576000 3.000000e+002
3.578000 3.000000e+002
3.580000 3.000000e+002
3.582000 3.000000e+002
3.584000 3.000000e+002
3.586000 3.000000e+002
3.588000 3.000000e+002
3.590000 3.000000e+002
3.592000 3.000000e+002
3.594000 3.000000e+002
3.596000 3.000000e+002
3.598000 3.000000e+002
3.600000 3.000000e+002
3.602000 3.000000e+002
3.604000 3.000000e+002
3.606000 3.000000e+002
3.608000 3.000000e+002
3.610000 3.000000e+002
3.612000 3.000000e+002
3.614000 3.000000e+002
3.616000 3.000000e+002
3.618000 3.000000e+002
3.620000 3.000000e+002
3.622000 3.000000e+002
3.624000 3.000000e+002
3.626000 3.000000e+002
3.628000 3.000000e+002
3.630000 3.000000e+002
3.632000 3.000000e+002
3.634000 3.000000e+002
3.636000 3.000000e+002
3.638000 3.000000e+002
3.640000 3.000000e+002
3.642000 3.000000e+002
3.644000 3.000000e+002
3.646000 3.000000e+002
3.648000 3.000000e+002
3.650000 3.000000e+002
3.652000 3.000000e+002
3.654000 3.000000e+002
3.656000 3.000000e+002
3.658000 3.000000e+002
3.660000 3.000000e+002
3.662000 3.000000e+002
3.664000 3.000000e+002
3.666000 3.000000e+002
3.668000 3.000000e+002
3.670000 3.000000e+002
3.672000 3.000000e+002
3.674000 3.000000e+002
3.676000 3.000000e+002
3.678000 3.000000e+002
3.680000 3.000000e+002
3.682000 3.000000e+002
3.684000 3.000000e+002
3.686000 3.000000e+002
3.688000 3.000000e+002
3.690000 3.000000e+002
3.692000 3.000000e+002
3.694000 3.000000e+002
3.696000 3.000000e+002
3.698000 3.000000e+002
3.700000 3.000000e+002
3.702000 3.000000e+002
3.704000 3.000000e+002
3.706000 3.000000e+002
3.708000 3.000000e+002
3.710000 3.000000e+002
3.712000 3.000000e+002
3.714000 3.000000e+002
3.716000 3.000000e+002
3.718000 3.000000e+002
3.720000 3.000000e+002
3.722000 3.000000e+002
3.724000 3.000000e+002
3.726000 3.000000e+002
3.728000 3.000000e+002
3.730000 3.000000e+002
3.732000 3.000000e+002
3.734000 3.000000e+002
3.736000 3.000000e+002
3.738000 3.000000e+002
3.740000 3.000000e+002
3.742000 3.000000e+002
3.744000 3.000000e+002
3.746000 3.000000e+002
3.748000 3.000000e+002
3.750000 3.000000e+002
3.752000 3.000000e+002
3.754000 3.000000e+002
3.756000 3.000000e+002
3.758000 3.000000e+002
3.760000 3.000000e+002
3.762000 3.000000e+002
3.764000 3.000000e+002
3.766000 3.000000e+002
3.768000 3.000000e+002
3.770000 3.000000e+002
3.772000 3.000000e+002
3.774000 3.000000e+002
3.776000 3.000000e+002
3.778000 3.000000e+002
3.780000 3.000000e+002
3.782000 3.000000e+002
3.784000 3.000000e+002
3.786000 3.000000e+002
3.788000 3.000000e+002
3.790000 3.000000e+002
3.792000 3.000000e+002
3.794000 3.000000e+002
3.796000 3.000000e+002
3.798000 3.000000e+002
3.800000 3.000000e+002
3.802000 3.000000e+002
3.804000 3.000000e+002
3.806000 3.000000e+002
3.808000 3.000000e+002
3.810000 3.000000e+002
3.812000 3.000000e+002
3.814000 3.000000e+002
3.816000 3.000000e+002
3.818000 3.000000e+002
3.820000 3.000000e+002
3.822000 3.000000e+002
3.824000 3.000000e+002
3.826000 3.000000e+002
3.828000 3.000000e+002
3.830000 3.000000e+002
3.832000 3.000000e+002
3.834000 3.000000e+002
3.836000 3.000000e+002
3.838000 3.000000e+002
3.840000 3.000000e+002
3.842000 3.000000e+002
3.844000 3.000000e+002
3.846000 3.000000e+002
3.848000 3.000000e+002
3.850000 3.000000e+002
3.852000 3.000000e+002
3.854000 3.000000e+002
3.856000 3.000000e+002
3.858000 3.000000e+002
3.860000 3.000000e+002
3.862000 3.000000e+002
3.864000 3.000000e+002
3.866000 3.000000e+002
3.868000 3.000000e+002
3.870000 3.000000e+002
3.872000 3.000000e+002
3.874000 3.000000e+002
3.876000 3.000000e+002
3.878000 3.000000e+002
3.880000 3.000000e+002
3.882000 3.000000e+002
3.884000 3.000000e+002
3.886000 3.000000e+002
3.888000 3.000000e+002
3.890000 3.000000e+002
3.892000 3.000000e+002
3.894000 3.000000e+002
3.896000 3.000000e+002
3.898000 3.000000e+002
3.900000 3.000000e+002
3.902000 3.000000e+002
3.904000 3.000000e+002
3.906000 3.000000e+002
3.908000 3.000000e+002
3.910000 3.000000e+002
3.912000 3.000000e+002
3.914000 3.000000e+002
3.916000 3.000000e+002
3.918000 3.000000e+002
3.920000 3.000000e+002
3.922000 3.000000e+002
3.924000 3.000000e+002
3.926000 3.000000e+002
3.928000 3.000000e+002
3.930000 3.000000e+002
3.932000 3.000000e+002
3.934000 3.000000e+002
3.936000 3.000000e+002
3.938000 3.000000e+002
3.940000 3.000000e+002
3.942000 3.000000e+002
3.944000 3.000000e+002
3.946000 3.000000e+002
3.948000 3.000000e+002
3.950000 3.000000e+002
3.952000 3.000000e+002
3.954000 3.000000e+002
3.956000 3.000000e+002
3.958000 3.000000e+002
3.960000 3.000000e+002
3.962000 3.000000e+002
3.964000 3.000000e+002
3.966000 3.000000e+002
3.968000 3.000000e+002
3.970000 3.000000e+002
3.972000 3.000000e+002
3.974000 3.000000e+002
3.976000 3.000000e+002
3.978000 3.000000e+002
3.980000 3.000000e+002
3.982000 3.000000e+002
3.984000 3.000000e+002
3.986000 3.000000e+002
3.988000 3.000000e+002
3.990000 3.000000e+002
3.992000 3.000000e+002
3.994000 3.000000e+002
3.996000 3.000000e+002
3.998000 3.000000e+002
