0.000000 3.319528e+002
0.002000 3.354874e+002
0.004000 3.390210e+002
0.006000 3.425536e+002
0.008000 3.460851e+002
0.010000 3.496154e+002
0.012000 3.531444e+002
0.014000 3.566720e+002
0.016000 3.601981e+002
0.018000 3.637226e+002
0.020000 3.672455e+002
0.022000 3.707666e+002
0.024000 3.742858e+002
0.026000 3.778031e+002
0.028000 3.813184e+002
0.030000 3.848315e+002
0.032000 3.883424e+002
0.034000 3.918509e+002
0.036000 3.953571e+002
0.038000 3.988607e+002
0.040000 4.023618e+002
0.042000 4.058602e+002
0.044000 4.093557e+002
0.046000 4.128484e+002
0.048000 4.163382e+002
0.050000 4.198249e+002
0.052000 4.233084e+002
0.054000 4.267887e+002
0.056000 4.302657e+002
0.058000 4.337392e+002
0.060000 4.372093e+002
0.062000 4.406757e+002
0.064000 4.441384e+002
0.066000 4.475974e+002
0.068000 4.510525e+002
0.070000 4.545036e+002
0.072000 4.579507e+002
0.074000 4.613936e+002
0.076000 4.648323e+002
0.078000 4.682666e+002
0.080000 4.716966e+002
0.082000 4.751220e+002
0.084000 4.785429e+002
0.086000 4.819591e+002
0.088000 4.853705e+002
0.090000 4.887771e+002
0.092000 4.921787e+002
0.094000 4.955753e+002
0.096000 4.989668e+002
0.098000 5.023531e+002
0.100000 5.057340e+002
0.102000 5.091096e+002
0.104000 5.124798e+002
0.106000 5.158443e+002
0.108000 5.192033e+002
0.110000 5.225565e+002
0.112000 5.259039e+002
0.114000 5.292454e+002
0.116000 5.325809e+002
0.118000 5.359104e+002
0.120000 5.392337e+002
0.122000 5.425508e+002
0.124000 5.458615e+002
0.126000 5.491659e+002
0.128000 5.524637e+002
0.130000 5.557550e+002
0.132000 5.590397e+002
0.134000 5.623176e+002
0.136000 5.655886e+002
0.138000 5.688528e+002
0.140000 5.721100e+002
0.142000 5.753601e+002
0.144000 5.786031e+002
0.146000 5.818388e+002
0.148000 5.850673e+002
0.150000 5.882883e+002
0.152000 5.915019e+002
0.154000 5.947079e+002
0.156000 5.979063e+002
0.158000 6.010970e+002
0.160000 6.042799e+002
0.162000 6.074550e+002
0.164000 6.106220e+002
0.166000 6.137811e+002
0.168000 6.169321e+002
0.170000 6.200749e+002
0.172000 6.232094e+002
0.174000 6.263356e+002
0.176000 6.294534e+002
0.178000 6.325627e+002
0.180000 6.356634e+002
0.182000 6.387555e+002
0.184000 6.418389e+002
0.186000 6.449136e+002
0.188000 6.479793e+002
0.190000 6.510362e+002
0.192000 6.540840e+002
0.194000 6.571227e+002
0.196000 6.601523e+002
0.198000 6.631727e+002
0.200000 6.661838e+002
0.202000 6.691855e+002
0.204000 6.721777e+002
0.206000 6.751605e+002
0.208000 6.781337e+002
0.210000 6.810972e+002
0.212000 6.840510e+002
0.214000 6.869951e+002
0.216000 6.899292e+002
0.218000 6.928535e+002
0.220000 6.957677e+002
0.222000 6.986719e+002
0.224000 7.015660e+002
0.226000 7.044499e+002
0.228000 7.073235e+002
0.230000 7.101867e+002
0.232000 7.130396e+002
0.234000 7.158821e+002
0.236000 7.187140e+002
0.238000 7.215353e+002
0.240000 7.243460e+002
0.242000 7.271459e+002
0.244000 7.299351e+002
0.246000 7.327135e+002
0.248000 7.354809e+002
0.250000 7.382374e+002
0.252000 7.409829e+002
0.254000 7.437172e+002
0.256000 7.464405e+002
0.258000 7.491525e+002
0.260000 7.518532e+002
0.262000 7.545427e+002
0.264000 7.572207e+002
0.266000 7.598874e+002
0.268000 7.625425e+002
0.270000 7.651861e+002
0.272000 7.678180e+002
0.274000 7.704383e+002
0.276000 7.730469e+002
0.278000 7.756437e+002
0.280000 7.782286e+002
0.282000 7.808017e+002
0.284000 7.833628e+002
0.286000 7.859120e+002
0.288000 7.884491e+002
0.290000 7.909741e+002
0.292000 7.934869e+002
0.294000 7.959875e+002
0.296000 7.984759e+002
0.298000 8.009520e+002
0.300000 8.034158e+002
0.302000 8.058671e+002
0.304000 8.083060e+002
0.306000 8.107323e+002
0.308000 8.131462e+002
0.310000 8.155474e+002
0.312000 8.179360e+002
0.314000 8.203119e+002
0.316000 8.226750e+002
0.318000 8.250254e+002
0.320000 8.273630e+002
0.322000 8.296876e+002
0.324000 8.319994e+002
0.326000 8.342982e+002
0.328000 8.365840e+002
0.330000 8.388568e+002
0.332000 8.411165e+002
0.334000 8.433630e+002
0.336000 8.455964e+002
0.338000 8.478166e+002
0.340000 8.500235e+002
0.342000 8.522171e+002
0.344000 8.543974e+002
0.346000 8.565643e+002
0.348000 8.587179e+002
0.350000 8.608580e+002
0.352000 8.629846e+002
0.354000 8.650977e+002
0.356000 8.671972e+002
0.358000 8.692832e+002
0.360000 8.713555e+002
0.362000 8.734142e+002
0.364000 8.754592e+002
0.366000 8.774905e+002
0.368000 8.795080e+002
0.370000 8.815117e+002
0.372000 8.835016e+002
0.374000 8.854777e+002
0.376000 8.874399e+002
0.378000 8.893881e+002
0.380000 8.913225e+002
0.382000 8.932428e+002
0.384000 8.951492e+002
0.386000 8.970415e+002
0.388000 8.989198e+002
0.390000 9.007840e+002
0.392000 9.026341e+002
0.394000 9.044700e+002
0.396000 9.062918e+002
0.398000 9.080994e+002
0.400000 9.098928e+002
0.402000 9.116720e+002
0.404000 9.134369e+002
0.406000 9.151875e+002
0.408000 9.169239e+002
0.410000 9.186459e+002
0.412000 9.203535e+002
0.414000 9.220468e+002
0.416000 9.237258e+002
0.418000 9.253903e+002
0.420000 9.270404e+002
0.422000 9.286760e+002
0.424000 9.302972e+002
0.426000 9.319039e+002
0.428000 9.334961e+002
0.430000 9.350738e+002
0.432000 9.366370e+002
0.434000 9.381856e+002
0.436000 9.397197e+002
0.438000 9.412392e+002
0.440000 9.427441e+002
0.442000 9.442344e+002
0.444000 9.457101e+002
0.446000 9.471712e+002
0.448000 9.486176e+002
0.450000 9.500494e+002
0.452000 9.514666e+002
0.454000 9.528690e+002
0.456000 9.542568e+002
0.458000 9.556299e+002
0.460000 9.569883e+002
0.462000 9.583320e+002
0.464000 9.596610e+002
0.466000 9.609753e+002
0.468000 9.622748e+002
0.470000 9.635597e+002
0.472000 9.648297e+002
0.474000 9.660851e+002
0.476000 9.673257e+002
0.478000 9.685515e+002
0.480000 9.697626e+002
0.482000 9.709589e+002
0.484000 9.721405e+002
0.486000 9.733073e+002
0.488000 9.744593e+002
0.490000 9.755966e+002
0.492000 9.767191e+002
0.494000 9.778269e+002
0.496000 9.789199e+002
0.498000 9.799981e+002
0.500000 9.810616e+002
0.502000 9.821103e+002
0.504000 9.831442e+002
0.506000 9.841634e+002
0.508000 9.851679e+002
0.510000 9.861576e+002
0.512000 9.871325e+002
0.514000 9.880928e+002
0.516000 9.890383e+002
0.518000 9.899690e+002
0.520000 9.908851e+002
0.522000 9.917864e+002
0.524000 9.926731e+002
0.526000 9.935450e+002
0.528000 9.944023e+002
0.530000 9.952449e+002
0.532000 9.960728e+002
0.534000 9.968860e+002
0.536000 9.976847e+002
0.538000 9.984686e+002
0.540000 9.992380e+002
0.542000 9.999927e+002
0.544000 1.000733e+003
0.546000 1.001458e+003
0.548000 1.002169e+003
0.550000 1.002866e+003
0.552000 1.003548e+003
0.554000 1.004215e+003
0.556000 1.004868e+003
0.558000 1.005506e+003
0.560000 1.006130e+003
0.562000 1.006739e+003
0.564000 1.007334e+003
0.566000 1.007915e+003
0.568000 1.008481e+003
0.570000 1.009032e+003
0.572000 1.009570e+003
0.574000 1.010093e+003
0.576000 1.010601e+003
0.578000 1.011096e+003
0.580000 1.011576e+003
0.582000 1.012041e+003
0.584000 1.012493e+003
0.586000 1.012930e+003
0.588000 1.013353e+003
0.590000 1.013762e+003
0.592000 1.014156e+003
0.594000 1.014537e+003
0.596000 1.014903e+003
0.598000 1.015256e+003
0.600000 1.015594e+003
0.602000 1.015918e+003
0.604000 1.016228e+003
0.606000 1.016524e+003
0.608000 1.016807e+003
0.610000 1.017075e+003
0.612000 1.017329e+003
0.614000 1.017570e+003
0.616000 1.017796e+003
0.618000 1.018009e+003
0.620000 1.018208e+003
0.622000 1.018393e+003
0.624000 1.018565e+003
0.626000 1.018723e+003
0.628000 1.018867e+003
0.630000 1.018997e+003
0.632000 1.019114e+003
0.634000 1.019218e+003
0.636000 1.019307e+003
0.638000 1.019384e+003
0.640000 1.019446e+003
0.642000 1.019496e+003
0.644000 1.019532e+003
0.646000 1.019554e+003
0.648000 1.019563e+003
0.650000 1.019559e+003
0.652000 1.019542e+003
0.654000 1.019511e+003
0.656000 1.019468e+003
0.658000 1.019411e+003
0.660000 1.019340e+003
0.662000 1.019257e+003
0.664000 1.019161e+003
0.666000 1.019052e+003
0.668000 1.018930e+003
0.670000 1.018794e+003
0.672000 1.018646e+003
0.674000 1.018485e+003
0.676000 1.018312e+003
0.678000 1.018125e+003
0.680000 1.017926e+003
0.682000 1.017714e+003
0.684000 1.017489e+003
0.686000 1.017252e+003
0.688000 1.017002e+003
0.690000 1.016740e+003
0.692000 1.016465e+003
0.694000 1.016178e+003
0.696000 1.015878e+003
0.698000 1.015566e+003
0.700000 1.015241e+003
0.702000 1.014905e+003
0.704000 1.014556e+003
0.706000 1.014195e+003
0.708000 1.013822e+003
0.710000 1.013436e+003
0.712000 1.013039e+003
0.714000 1.012630e+003
0.716000 1.012208e+003
0.718000 1.011775e+003
0.720000 1.011330e+003
0.722000 1.010873e+003
0.724000 1.010404e+003
0.726000 1.009924e+003
0.728000 1.009432e+003
0.730000 1.008928e+003
0.732000 1.008413e+003
0.734000 1.007886e+003
0.736000 1.007348e+003
0.738000 1.006798e+003
0.740000 1.006237e+003
0.742000 1.005665e+003
0.744000 1.005081e+003
0.746000 1.004486e+003
0.748000 1.003880e+003
0.750000 1.003263e+003
0.752000 1.002634e+003
0.754000 1.001995e+003
0.756000 1.001344e+003
0.758000 1.000683e+003
0.760000 1.000011e+003
0.762000 9.993280e+002
0.764000 9.986342e+002
0.766000 9.979297e+002
0.768000 9.972146e+002
0.770000 9.964888e+002
0.772000 9.957525e+002
0.774000 9.950057e+002
0.776000 9.942484e+002
0.778000 9.934807e+002
0.780000 9.927027e+002
0.782000 9.919144e+002
0.784000 9.911158e+002
0.786000 9.903071e+002
0.788000 9.894882e+002
0.790000 9.886593e+002
0.792000 9.878203e+002
0.794000 9.869714e+002
0.796000 9.861125e+002
0.798000 9.852439e+002
0.800000 9.843654e+002
0.802000 9.834772e+002
0.804000 9.825793e+002
0.806000 9.816717e+002
0.808000 9.807546e+002
0.810000 9.798280e+002
0.812000 9.788920e+002
0.814000 9.779465e+002
0.816000 9.769917e+002
0.818000 9.760276e+002
0.820000 9.750543e+002
0.822000 9.740718e+002
0.824000 9.730802e+002
0.826000 9.720795e+002
0.828000 9.710699e+002
0.830000 9.700513e+002
0.832000 9.690238e+002
0.834000 9.679875e+002
0.836000 9.669425e+002
0.838000 9.658887e+002
0.840000 9.648263e+002
0.842000 9.637553e+002
0.844000 9.626758e+002
0.846000 9.615878e+002
0.848000 9.604914e+002
0.850000 9.593867e+002
0.852000 9.582737e+002
0.854000 9.571524e+002
0.856000 9.560230e+002
0.858000 9.548854e+002
0.860000 9.537398e+002
0.862000 9.525863e+002
0.864000 9.514247e+002
0.866000 9.502554e+002
0.868000 9.490782e+002
0.870000 9.478932e+002
0.872000 9.467006e+002
0.874000 9.455003e+002
0.876000 9.442925e+002
0.878000 9.430772e+002
0.880000 9.418544e+002
0.882000 9.406242e+002
0.884000 9.393867e+002
0.886000 9.381419e+002
0.888000 9.368900e+002
0.890000 9.356309e+002
0.892000 9.343647e+002
0.894000 9.330915e+002
0.896000 9.318113e+002
0.898000 9.305242e+002
0.900000 9.292303e+002
0.902000 9.279296e+002
0.904000 9.266222e+002
0.906000 9.253082e+002
0.908000 9.239875e+002
0.910000 9.226604e+002
0.912000 9.213267e+002
0.914000 9.199867e+002
0.916000 9.186403e+002
0.918000 9.172876e+002
0.920000 9.159287e+002
0.922000 9.145636e+002
0.924000 9.131924e+002
0.926000 9.118152e+002
0.928000 9.104320e+002
0.930000 9.090429e+002
0.932000 9.076479e+002
0.934000 9.062472e+002
0.936000 9.048407e+002
0.938000 9.034285e+002
0.940000 9.020108e+002
0.942000 9.005874e+002
0.944000 8.991586e+002
0.946000 8.977244e+002
0.948000 8.962848e+002
0.950000 8.948399e+002
0.952000 8.933898e+002
0.954000 8.919344e+002
0.956000 8.904740e+002
0.958000 8.890085e+002
0.960000 8.875380e+002
0.962000 8.860625e+002
0.964000 8.845822e+002
0.966000 8.830971e+002
0.968000 8.816072e+002
0.970000 8.801126e+002
0.972000 8.786134e+002
0.974000 8.771097e+002
0.976000 8.756014e+002
0.978000 8.740886e+002
0.980000 8.725715e+002
0.982000 8.710500e+002
0.984000 8.695243e+002
0.986000 8.679944e+002
0.988000 8.664603e+002
0.990000 8.649221e+002
0.992000 8.633799e+002
0.994000 8.618338e+002
0.996000 8.602837e+002
0.998000 8.587298e+002
1.000000 8.571721e+002
1.002000 8.556106e+002
1.004000 8.540455e+002
1.006000 8.524768e+002
1.008000 8.509045e+002
1.010000 8.493288e+002
1.012000 8.477496e+002
1.014000 8.461670e+002
1.016000 8.445812e+002
1.018000 8.429921e+002
1.020000 8.413997e+002
1.022000 8.398043e+002
1.024000 8.382057e+002
1.026000 8.366042e+002
1.028000 8.349997e+002
1.030000 8.333922e+002
1.032000 8.317820e+002
1.034000 8.301689e+002
1.036000 8.285531e+002
1.038000 8.269347e+002
1.040000 8.253136e+002
1.042000 8.236900e+002
1.044000 8.220638e+002
1.046000 8.204353e+002
1.048000 8.188043e+002
1.050000 8.171710e+002
1.052000 8.155355e+002
1.054000 8.138977e+002
1.056000 8.122577e+002
1.058000 8.106157e+002
1.060000 8.089716e+002
1.062000 8.073255e+002
1.064000 8.056775e+002
1.066000 8.040276e+002
1.068000 8.023759e+002
1.070000 8.007224e+002
1.072000 7.990672e+002
1.074000 7.974104e+002
1.076000 7.957519e+002
1.078000 7.940919e+002
1.080000 7.924304e+002
1.082000 7.907675e+002
1.084000 7.891031e+002
1.086000 7.874375e+002
1.088000 7.857705e+002
1.090000 7.841024e+002
1.092000 7.824330e+002
1.094000 7.807626e+002
1.096000 7.790910e+002
1.098000 7.774185e+002
1.100000 7.757450e+002
1.102000 7.740706e+002
1.104000 7.723953e+002
1.106000 7.707193e+002
1.108000 7.690425e+002
1.110000 7.673649e+002
1.112000 7.656868e+002
1.114000 7.640080e+002
1.116000 7.623287e+002
1.118000 7.606489e+002
1.120000 7.589687e+002
1.122000 7.572880e+002
1.124000 7.556071e+002
1.126000 7.539258e+002
1.128000 7.522443e+002
1.130000 7.505626e+002
1.132000 7.488807e+002
1.134000 7.471988e+002
1.136000 7.455168e+002
1.138000 7.438348e+002
1.140000 7.421528e+002
1.142000 7.404710e+002
1.144000 7.387893e+002
1.146000 7.371078e+002
1.148000 7.354265e+002
1.150000 7.337456e+002
1.152000 7.320650e+002
1.154000 7.303847e+002
1.156000 7.287049e+002
1.158000 7.270256e+002
1.160000 7.253468e+002
1.162000 7.236685e+002
1.164000 7.219909e+002
1.166000 7.203140e+002
1.168000 7.186377e+002
1.170000 7.169622e+002
1.172000 7.152875e+002
1.174000 7.136137e+002
1.176000 7.119407e+002
1.178000 7.102686e+002
1.180000 7.085976e+002
1.182000 7.069275e+002
1.184000 7.052586e+002
1.186000 7.035907e+002
1.188000 7.019239e+002
1.190000 7.002584e+002
1.192000 6.985941e+002
1.194000 6.969311e+002
1.196000 6.952694e+002
1.198000 6.936090e+002
1.200000 6.919501e+002
1.202000 6.902925e+002
1.204000 6.886365e+002
1.206000 6.869820e+002
1.208000 6.853291e+002
1.210000 6.836777e+002
1.212000 6.820280e+002
1.214000 6.803800e+002
1.216000 6.787337e+002
1.218000 6.770892e+002
1.220000 6.754465e+002
1.222000 6.738056e+002
1.224000 6.721666e+002
1.226000 6.705295e+002
1.228000 6.688944e+002
1.230000 6.672613e+002
1.232000 6.656302e+002
1.234000 6.640011e+002
1.236000 6.623742e+002
1.238000 6.607494e+002
1.240000 6.591267e+002
1.242000 6.575063e+002
1.244000 6.558882e+002
1.246000 6.542723e+002
1.248000 6.526587e+002
1.250000 6.510475e+002
1.252000 6.494387e+002
1.254000 6.478323e+002
1.256000 6.462283e+002
1.258000 6.446269e+002
1.260000 6.430280e+002
1.262000 6.414316e+002
1.264000 6.398378e+002
1.266000 6.382467e+002
1.268000 6.366582e+002
1.270000 6.350723e+002
1.272000 6.334892e+002
1.274000 6.319089e+002
1.276000 6.303314e+002
1.278000 6.287566e+002
1.280000 6.271847e+002
1.282000 6.256157e+002
1.284000 6.240496e+002
1.286000 6.224864e+002
1.288000 6.209262e+002
1.290000 6.193690e+002
1.292000 6.178148e+002
1.294000 6.162636e+002
1.296000 6.147156e+002
1.298000 6.131706e+002
1.300000 6.116288e+002
1.302000 6.100902e+002
1.304000 6.085547e+002
1.306000 6.070225e+002
1.308000 6.054935e+002
1.310000 6.039679e+002
1.312000 6.024455e+002
1.314000 6.009264e+002
1.316000 5.994107e+002
1.318000 5.978983e+002
1.320000 5.963894e+002
1.322000 5.948839e+002
1.324000 5.933819e+002
1.326000 5.918833e+002
1.328000 5.903883e+002
1.330000 5.888968e+002
1.332000 5.874088e+002
1.334000 5.859244e+002
1.336000 5.844436e+002
1.338000 5.829664e+002
1.340000 5.814929e+002
1.342000 5.800230e+002
1.344000 5.785569e+002
1.346000 5.770944e+002
1.348000 5.756357e+002
1.350000 5.741807e+002
1.352000 5.727295e+002
1.354000 5.712821e+002
1.356000 5.698385e+002
1.358000 5.683988e+002
1.360000 5.669629e+002
1.362000 5.655309e+002
1.364000 5.641027e+002
1.366000 5.626785e+002
1.368000 5.612583e+002
1.370000 5.598420e+002
1.372000 5.584296e+002
1.374000 5.570213e+002
1.376000 5.556169e+002
1.378000 5.542166e+002
1.380000 5.528203e+002
1.382000 5.514281e+002
1.384000 5.500400e+002
1.386000 5.486559e+002
1.388000 5.472760e+002
1.390000 5.459002e+002
1.392000 5.445285e+002
1.394000 5.431610e+002
1.396000 5.417977e+002
1.398000 5.404385e+002
1.400000 5.390836e+002
1.402000 5.377328e+002
1.404000 5.363863e+002
1.406000 5.350441e+002
1.408000 5.337061e+002
1.410000 5.323724e+002
1.412000 5.310429e+002
1.414000 5.297178e+002
1.416000 5.283969e+002
1.418000 5.270804e+002
1.420000 5.257682e+002
1.422000 5.244604e+002
1.424000 5.231569e+002
1.426000 5.218578e+002
1.428000 5.205631e+002
1.430000 5.192728e+002
1.432000 5.179869e+002
1.434000 5.167054e+002
1.436000 5.154283e+002
1.438000 5.141557e+002
1.440000 5.128875e+002
1.442000 5.116237e+002
1.444000 5.103644e+002
1.446000 5.091096e+002
1.448000 5.078593e+002
1.450000 5.066134e+002
1.452000 5.053721e+002
1.454000 5.041352e+002
1.456000 5.029029e+002
1.458000 5.016751e+002
1.460000 5.004518e+002
1.462000 4.992331e+002
1.464000 4.980189e+002
1.466000 4.968093e+002
1.468000 4.956042e+002
1.470000 4.944036e+002
1.472000 4.932077e+002
1.474000 4.920163e+002
1.476000 4.908295e+002
1.478000 4.896473e+002
1.480000 4.884697e+002
1.482000 4.872966e+002
1.484000 4.861282e+002
1.486000 4.849644e+002
1.488000 4.838051e+002
1.490000 4.826505e+002
1.492000 4.815005e+002
1.494000 4.803552e+002
1.496000 4.792144e+002
1.498000 4.780783e+002
1.500000 4.769468e+002
1.502000 4.758199e+002
1.504000 4.746977e+002
1.506000 4.735801e+002
1.508000 4.724672e+002
1.510000 4.713589e+002
1.512000 4.702552e+002
1.514000 4.691562e+002
1.516000 4.680618e+002
1.518000 4.669721e+002
1.520000 4.658870e+002
1.522000 4.648066e+002
1.524000 4.637308e+002
1.526000 4.626597e+002
1.528000 4.615932e+002
1.530000 4.605314e+002
1.532000 4.594742e+002
1.534000 4.584217e+002
1.536000 4.573738e+002
1.538000 4.563306e+002
1.540000 4.552920e+002
1.542000 4.542581e+002
1.544000 4.532288e+002
1.546000 4.522041e+002
1.548000 4.511841e+002
1.550000 4.501688e+002
1.552000 4.491580e+002
1.554000 4.481519e+002
1.556000 4.471505e+002
1.558000 4.461536e+002
1.560000 4.451614e+002
1.562000 4.441738e+002
1.564000 4.431909e+002
1.566000 4.422125e+002
1.568000 4.412388e+002
1.570000 4.402696e+002
1.572000 4.393051e+002
1.574000 4.383452e+002
1.576000 4.373899e+002
1.578000 4.364392e+002
1.580000 4.354930e+002
1.582000 4.345515e+002
1.584000 4.336145e+002
1.586000 4.326821e+002
1.588000 4.317543e+002
1.590000 4.308310e+002
1.592000 4.299123e+002
1.594000 4.289982e+002
1.596000 4.280886e+002
1.598000 4.271835e+002
1.600000 4.262830e+002
1.602000 4.253870e+002
1.604000 4.244956e+002
1.606000 4.236086e+002
1.608000 4.227262e+002
1.610000 4.218482e+002
1.612000 4.209748e+002
1.614000 4.201058e+002
1.616000 4.192414e+002
1.618000 4.183814e+002
1.620000 4.175259e+002
1.622000 4.166748e+002
1.624000 4.158282e+002
1.626000 4.149860e+002
1.628000 4.141483e+002
1.630000 4.133150e+002
1.632000 4.124861e+002
1.634000 4.116617e+002
1.636000 4.108416e+002
1.638000 4.100259e+002
1.640000 4.092146e+002
1.642000 4.084077e+002
1.644000 4.076052e+002
1.646000 4.068070e+002
1.648000 4.060132e+002
1.650000 4.052237e+002
1.652000 4.044386e+002
1.654000 4.036577e+002
1.656000 4.028812e+002
1.658000 4.021090e+002
1.660000 4.013411e+002
1.662000 4.005774e+002
1.664000 3.998181e+002
1.666000 3.990630e+002
1.668000 3.983121e+002
1.670000 3.975655e+002
1.672000 3.968231e+002
1.674000 3.960850e+002
1.676000 3.953510e+002
1.678000 3.946213e+002
1.680000 3.938957e+002
1.682000 3.931744e+002
1.684000 3.924571e+002
1.686000 3.917441e+002
1.688000 3.910352e+002
1.690000 3.903304e+002
1.692000 3.896297e+002
1.694000 3.889332e+002
1.696000 3.882407e+002
1.698000 3.875523e+002
1.700000 3.868681e+002
1.702000 3.861878e+002
1.704000 3.855116e+002
1.706000 3.848395e+002
1.708000 3.841714e+002
1.710000 3.835073e+002
1.712000 3.828472e+002
1.714000 3.821911e+002
1.716000 3.815390e+002
1.718000 3.808908e+002
1.720000 3.802466e+002
1.722000 3.796063e+002
1.724000 3.789700e+002
1.726000 3.783376e+002
1.728000 3.777090e+002
1.730000 3.770844e+002
1.732000 3.764636e+002
1.734000 3.758467e+002
1.736000 3.752337e+002
1.738000 3.746245e+002
1.740000 3.740191e+002
1.742000 3.734175e+002
1.744000 3.728197e+002
1.746000 3.722257e+002
1.748000 3.716355e+002
1.750000 3.710491e+002
1.752000 3.704663e+002
1.754000 3.698873e+002
1.756000 3.693121e+002
1.758000 3.687405e+002
1.760000 3.681726e+002
1.762000 3.676084e+002
1.764000 3.670479e+002
1.766000 3.664910e+002
1.768000 3.659377e+002
1.770000 3.653880e+002
1.772000 3.648420e+002
1.774000 3.642996e+002
1.776000 3.637607e+002
1.778000 3.632254e+002
1.780000 3.626936e+002
1.782000 3.621654e+002
1.784000 3.616407e+002
1.786000 3.611195e+002
1.788000 3.606018e+002
1.790000 3.600876e+002
1.792000 3.595769e+002
1.794000 3.590696e+002
1.796000 3.585657e+002
1.798000 3.580652e+002
1.800000 3.575682e+002
1.802000 3.570746e+002
1.804000 3.565843e+002
1.806000 3.560974e+002
1.808000 3.556138e+002
1.810000 3.551336e+002
1.812000 3.546567e+002
1.814000 3.541831e+002
1.816000 3.537128e+002
1.818000 3.532458e+002
1.820000 3.527820e+002
1.822000 3.523215e+002
1.824000 3.518642e+002
1.826000 3.514102e+002
1.828000 3.509593e+002
1.830000 3.505116e+002
1.832000 3.500671e+002
1.834000 3.496258e+002
1.836000 3.491876e+002
1.838000 3.487525e+002
1.840000 3.483206e+002
1.842000 3.478917e+002
1.844000 3.474659e+002
1.846000 3.470432e+002
1.848000 3.466236e+002
1.850000 3.462070e+002
1.852000 3.457934e+002
1.854000 3.453829e+002
1.856000 3.449753e+002
1.858000 3.445707e+002
1.860000 3.441691e+002
1.862000 3.437705e+002
1.864000 3.433747e+002
1.866000 3.429819e+002
1.868000 3.425920e+002
1.870000 3.422051e+002
1.872000 3.418209e+002
1.874000 3.414397e+002
1.876000 3.410613e+002
1.878000 3.406857e+002
1.880000 3.403130e+002
1.882000 3.399430e+002
1.884000 3.395759e+002
1.886000 3.392115e+002
1.888000 3.388499e+002
1.890000 3.384910e+002
1.892000 3.381349e+002
1.894000 3.377815e+002
1.896000 3.374308e+002
1.898000 3.370828e+002
1.900000 3.367374e+002
1.902000 3.363947e+002
1.904000 3.360547e+002
1.906000 3.357173e+002
1.908000 3.353825e+002
1.910000 3.350503e+002
1.912000 3.347207e+002
1.914000 3.343937e+002
1.916000 3.340692e+002
1.918000 3.337473e+002
1.920000 3.334279e+002
1.922000 3.331110e+002
1.924000 3.327966e+002
1.926000 3.324847e+002
1.928000 3.321753e+002
1.930000 3.318684e+002
1.932000 3.315638e+002
1.934000 3.312618e+002
1.936000 3.309621e+002
1.938000 3.306648e+002
1.940000 3.303699e+002
1.942000 3.300774e+002
1.944000 3.297873e+002
1.946000 3.294995e+002
1.948000 3.292140e+002
1.950000 3.289309e+002
1.952000 3.286500e+002
1.954000 3.283715e+002
1.956000 3.280952e+002
1.958000 3.278212e+002
1.960000 3.275494e+002
1.962000 3.272799e+002
1.964000 3.270126e+002
1.966000 3.267474e+002
1.968000 3.264845e+002
1.970000 3.262238e+002
1.972000 3.259652e+002
1.974000 3.257088e+002
1.976000 3.254546e+002
1.978000 3.252024e+002
1.980000 3.249524e+002
1.982000 3.247045e+002
1.984000 3.244586e+002
1.986000 3.242148e+002
1.988000 3.239731e+002
1.990000 3.237335e+002
1.992000 3.234958e+002
1.994000 3.232602e+002
1.996000 3.230266e+002
1.998000 3.227950e+002
2.000000 3.225654e+002
2.002000 3.223377e+002
2.004000 3.221120e+002
2.006000 3.218882e+002
2.008000 3.216664e+002
2.010000 3.214465e+002
2.012000 3.212285e+002
2.014000 3.210123e+002
2.016000 3.207981e+002
2.018000 3.205857e+002
2.020000 3.203752e+002
2.022000 3.201665e+002
2.024000 3.199596e+002
2.026000 3.197546e+002
2.028000 3.195514e+002
2.030000 3.193499e+002
2.032000 3.191502e+002
2.034000 3.189523e+002
2.036000 3.187562e+002
2.038000 3.185618e+002
2.040000 3.183691e+002
2.042000 3.181782e+002
2.044000 3.179889e+002
2.046000 3.178013e+002
2.048000 3.176155e+002
2.050000 3.174313e+002
2.052000 3.172487e+002
2.054000 3.170678e+002
2.056000 3.168886e+002
2.058000 3.167109e+002
2.060000 3.165349e+002
2.062000 3.163604e+002
2.064000 3.161876e+002
2.066000 3.160163e+002
2.068000 3.158466e+002
2.070000 3.156785e+002
2.072000 3.155119e+002
2.074000 3.153468e+002
2.076000 3.151833e+002
2.078000 3.150212e+002
2.080000 3.148607e+002
2.082000 3.147016e+002
2.084000 3.145440e+002
2.086000 3.143879e+002
2.088000 3.142332e+002
2.090000 3.140800e+002
2.092000 3.139282e+002
2.094000 3.137779e+002
2.096000 3.136289e+002
2.098000 3.134814e+002
2.100000 3.133352e+002
2.102000 3.131904e+002
2.104000 3.130470e+002
2.106000 3.129049e+002
2.108000 3.127642e+002
2.110000 3.126248e+002
2.112000 3.124868e+002
2.114000 3.123500e+002
2.116000 3.122146e+002
2.118000 3.120805e+002
2.120000 3.119476e+002
2.122000 3.118161e+002
2.124000 3.116858e+002
2.126000 3.115567e+002
2.128000 3.114289e+002
2.130000 3.113024e+002
2.132000 3.111770e+002
2.134000 3.110529e+002
2.136000 3.109300e+002
2.138000 3.108083e+002
2.140000 3.106877e+002
2.142000 3.105684e+002
2.144000 3.104502e+002
2.146000 3.103332e+002
2.148000 3.102173e+002
2.150000 3.101026e+002
2.152000 3.099890e+002
2.154000 3.098765e+002
2.156000 3.097652e+002
2.158000 3.096549e+002
2.160000 3.095457e+002
2.162000 3.094377e+002
2.164000 3.093307e+002
2.166000 3.092247e+002
2.168000 3.091199e+002
2.170000 3.090160e+002
2.172000 3.089133e+002
2.174000 3.088115e+002
2.176000 3.087108e+002
2.178000 3.086111e+002
2.180000 3.085124e+002
2.182000 3.084147e+002
2.184000 3.083180e+002
2.186000 3.082222e+002
2.188000 3.081275e+002
2.190000 3.080337e+002
2.192000 3.079409e+002
2.194000 3.078490e+002
2.196000 3.077580e+002
2.198000 3.076680e+002
2.200000 3.075790e+002
2.202000 3.074908e+002
2.204000 3.074035e+002
2.206000 3.073172e+002
2.208000 3.072317e+002
2.210000 3.071471e+002
2.212000 3.070634e+002
2.214000 3.069806e+002
2.216000 3.068986e+002
2.218000 3.068175e+002
2.220000 3.067373e+002
2.222000 3.066578e+002
2.224000 3.065793e+002
2.226000 3.065015e+002
2.228000 3.064245e+002
2.230000 3.063484e+002
2.232000 3.062731e+002
2.234000 3.061985e+002
2.236000 3.061248e+002
2.238000 3.060518e+002
2.240000 3.059796e+002
2.242000 3.059082e+002
2.244000 3.058375e+002
2.246000 3.057676e+002
2.248000 3.056985e+002
2.250000 3.056300e+002
2.252000 3.055623e+002
2.254000 3.054954e+002
2.256000 3.054291e+002
2.258000 3.053636e+002
2.260000 3.052988e+002
2.262000 3.052347e+002
2.264000 3.051712e+002
2.266000 3.051085e+002
2.268000 3.050464e+002
2.270000 3.049851e+002
2.272000 3.049243e+002
2.274000 3.048643e+002
2.276000 3.048049e+002
2.278000 3.047461e+002
2.280000 3.046880e+002
2.282000 3.046306e+002
2.284000 3.045737e+002
2.286000 3.045175e+002
2.288000 3.044619e+002
2.290000 3.044070e+002
2.292000 3.043526e+002
2.294000 3.042988e+002
2.296000 3.042457e+002
2.298000 3.041931e+002
2.300000 3.041411e+002
2.302000 3.040897e+002
2.304000 3.040389e+002
2.306000 3.039886e+002
2.308000 3.039389e+002
2.310000 3.038898e+002
2.312000 3.038412e+002
2.314000 3.037931e+002
2.316000 3.037456e+002
2.318000 3.036986e+002
2.320000 3.036522e+002
2.322000 3.036063e+002
2.324000 3.035609e+002
2.326000 3.035160e+002
2.328000 3.034716e+002
2.330000 3.034278e+002
2.332000 3.033844e+002
2.334000 3.033416e+002
2.336000 3.032992e+002
2.338000 3.032573e+002
2.340000 3.032159e+002
2.342000 3.031749e+002
2.344000 3.031345e+002
2.346000 3.030945e+002
2.348000 3.030550e+002
2.350000 3.030159e+002
2.352000 3.029773e+002
2.354000 3.029391e+002
2.356000 3.029013e+002
2.358000 3.028640e+002
2.360000 3.028272e+002
2.362000 3.027908e+002
2.364000 3.027547e+002
2.366000 3.027192e+002
2.368000 3.026840e+002
2.370000 3.026492e+002
2.372000 3.026149e+002
2.374000 3.025809e+002
2.376000 3.025474e+002
2.378000 3.025143e+002
2.380000 3.024815e+002
2.382000 3.024491e+002
2.384000 3.024172e+002
2.386000 3.023855e+002
2.388000 3.023543e+002
2.390000 3.023235e+002
2.392000 3.022930e+002
2.394000 3.022628e+002
2.396000 3.022331e+002
2.398000 3.022037e+002
2.400000 3.021746e+002
2.402000 3.021459e+002
2.404000 3.021175e+002
2.406000 3.020895e+002
2.408000 3.020618e+002
2.410000 3.020345e+002
2.412000 3.020075e+002
2.414000 3.019808e+002
2.416000 3.019544e+002
2.418000 3.019284e+002
2.420000 3.019026e+002
2.422000 3.018772e+002
2.424000 3.018521e+002
2.426000 3.018273e+002
2.428000 3.018028e+002
2.430000 3.017786e+002
2.432000 3.017547e+002
2.434000 3.017311e+002
2.436000 3.017078e+002
2.438000 3.016847e+002
2.440000 3.016620e+002
2.442000 3.016395e+002
2.444000 3.016173e+002
2.446000 3.015954e+002
2.448000 3.015738e+002
2.450000 3.015524e+002
2.452000 3.015313e+002
2.454000 3.015105e+002
2.456000 3.014899e+002
2.458000 3.014695e+002
2.460000 3.014495e+002
2.462000 3.014297e+002
2.464000 3.014101e+002
2.466000 3.013907e+002
2.468000 3.013717e+002
2.470000 3.013528e+002
2.472000 3.013342e+002
2.474000 3.013158e+002
2.476000 3.012977e+002
2.478000 3.012798e+002
2.480000 3.012621e+002
2.482000 3.012446e+002
2.484000 3.012274e+002
2.486000 3.012104e+002
2.488000 3.011936e+002
2.490000 3.011770e+002
2.492000 3.011606e+002
2.494000 3.011444e+002
2.496000 3.011285e+002
2.498000 3.011127e+002
2.500000 3.010972e+002
2.502000 3.010818e+002
2.504000 3.010667e+002
2.506000 3.010517e+002
2.508000 3.010369e+002
2.510000 3.010224e+002
2.512000 3.010080e+002
2.514000 3.009938e+002
2.516000 3.009798e+002
2.518000 3.009659e+002
2.520000 3.009523e+002
2.522000 3.009388e+002
2.524000 3.009255e+002
2.526000 3.009124e+002
2.528000 3.008994e+002
2.530000 3.008866e+002
2.532000 3.008740e+002
2.534000 3.008616e+002
2.536000 3.008493e+002
2.538000 3.008371e+002
2.540000 3.008252e+002
2.542000 3.008134e+002
2.544000 3.008017e+002
2.546000 3.007902e+002
2.548000 3.007789e+002
2.550000 3.007677e+002
2.552000 3.007566e+002
2.554000 3.007457e+002
2.556000 3.007350e+002
2.558000 3.007244e+002
2.560000 3.007139e+002
2.562000 3.007036e+002
2.564000 3.006934e+002
2.566000 3.006833e+002
2.568000 3.006734e+002
2.570000 3.006636e+002
2.572000 3.006539e+002
2.574000 3.006444e+002
2.576000 3.006350e+002
2.578000 3.006257e+002
2.580000 3.006166e+002
2.582000 3.006076e+002
2.584000 3.005987e+002
2.586000 3.005899e+002
2.588000 3.005812e+002
2.590000 3.005727e+002
2.592000 3.005643e+002
2.594000 3.005560e+002
2.596000 3.005478e+002
2.598000 3.005397e+002
2.600000 3.005317e+002
2.602000 3.005239e+002
2.604000 3.005161e+002
2.606000 3.005085e+002
2.608000 3.005009e+002
2.610000 3.004935e+002
2.612000 3.004861e+002
2.614000 3.004789e+002
2.616000 3.004718e+002
2.618000 3.004647e+002
2.620000 3.004578e+002
2.622000 3.004509e+002
2.624000 3.004442e+002
2.626000 3.004375e+002
2.628000 3.004310e+002
2.630000 3.004245e+002
2.632000 3.004181e+002
2.634000 3.004118e+002
2.636000 3.004056e+002
2.638000 3.003995e+002
2.640000 3.003935e+002
2.642000 3.003875e+002
2.644000 3.003817e+002
2.646000 3.003759e+002
2.648000 3.003702e+002
2.650000 3.003646e+002
2.652000 3.003590e+002
2.654000 3.003536e+002
2.656000 3.003482e+002
2.658000 3.003429e+002
2.660000 3.003377e+002
2.662000 3.003325e+002
2.664000 3.003274e+002
2.666000 3.003224e+002
2.668000 3.003175e+002
2.670000 3.003126e+002
2.672000 3.003078e+002
2.674000 3.003031e+002
2.676000 3.002984e+002
2.678000 3.002938e+002
2.680000 3.002893e+002
2.682000 3.002848e+002
2.684000 3.002804e+002
2.686000 3.002761e+002
2.688000 3.002718e+002
2.690000 3.002676e+002
2.692000 3.002635e+002
2.694000 3.002594e+002
2.696000 3.002553e+002
2.698000 3.002514e+002
2.700000 3.002475e+002
2.702000 3.002436e+002
2.704000 3.002398e+002
2.706000 3.002361e+002
2.708000 3.002324e+002
2.710000 3.002287e+002
2.712000 3.002251e+002
2.714000 3.002216e+002
2.716000 3.002181e+002
2.718000 3.002147e+002
2.720000 3.002113e+002
2.722000 3.002080e+002
2.724000 3.002047e+002
2.726000 3.002015e+002
2.728000 3.001983e+002
2.730000 3.001952e+002
2.732000 3.001921e+002
2.734000 3.001890e+002
2.736000 3.001860e+002
2.738000 3.001831e+002
2.740000 3.001802e+002
2.742000 3.001773e+002
2.744000 3.001745e+002
2.746000 3.001717e+002
2.748000 3.001690e+002
2.750000 3.001663e+002
2.752000 3.001636e+002
2.754000 3.001610e+002
2.756000 3.001584e+002
2.758000 3.001559e+002
2.760000 3.001534e+002
2.762000 3.001509e+002
2.764000 3.001485e+002
2.766000 3.001461e+002
2.768000 3.001437e+002
2.770000 3.001414e+002
2.772000 3.001391e+002
2.774000 3.001369e+002
2.776000 3.001347e+002
2.778000 3.001325e+002
2.780000 3.001303e+002
2.782000 3.001282e+002
2.784000 3.001261e+002
2.786000 3.001241e+002
2.788000 3.001221e+002
2.790000 3.001201e+002
2.792000 3.001181e+002
2.794000 3.001162e+002
2.796000 3.001143e+002
2.798000 3.001124e+002
2.800000 3.001106e+002
2.802000 3.001088e+002
2.804000 3.001070e+002
2.806000 3.001052e+002
2.808000 3.001035e+002
2.810000 3.001018e+002
2.812000 3.001001e+002
2.814000 3.000985e+002
2.816000 3.000968e+002
2.818000 3.000952e+002
2.820000 3.000937e+002
2.822000 3.000921e+002
2.824000 3.000906e+002
2.826000 3.000891e+002
2.828000 3.000876e+002
2.830000 3.000861e+002
2.832000 3.000847e+002
2.834000 3.000833e+002
2.836000 3.000819e+002
2.838000 3.000805e+002
2.840000 3.000792e+002
2.842000 3.000779e+002
2.844000 3.000766e+002
2.846000 3.000753e+002
2.848000 3.000740e+002
2.850000 3.000728e+002
2.852000 3.000716e+002
2.854000 3.000704e+002
2.856000 3.000692e+002
2.858000 3.000680e+002
2.860000 3.000669e+002
2.862000 3.000657e+002
2.864000 3.000646e+002
2.866000 3.000635e+002
2.868000 3.000625e+002
2.870000 3.000614e+002
2.872000 3.000604e+002
2.874000 3.000593e+002
2.876000 3.000583e+002
2.878000 3.000573e+002
2.880000 3.000564e+002
2.882000 3.000554e+002
2.884000 3.000545e+002
2.886000 3.000535e+002
2.888000 3.000526e+002
2.890000 3.000517e+002
2.892000 3.000508e+002
2.894000 3.000500e+002
2.896000 3.000491e+002
2.898000 3.000483e+002
2.900000 3.000474e+002
2.902000 3.000466e+002
2.904000 3.000458e+002
2.906000 3.000450e+002
2.908000 3.000442e+002
2.910000 3.000435e+002
2.912000 3.000427e+002
2.914000 3.000420e+002
2.916000 3.000413e+002
2.918000 3.000405e+002
2.920000 3.000398e+002
2.922000 3.000392e+002
2.924000 3.000385e+002
2.926000 3.000378e+002
2.928000 3.000371e+002
2.930000 3.000365e+002
2.932000 3.000359e+002
2.934000 3.000352e+002
2.936000 3.000346e+002
2.938000 3.000340e+002
2.940000 3.000334e+002
2.942000 3.000328e+002
2.944000 3.000323e+002
2.946000 3.000317e+002
2.948000 3.000311e+002
2.950000 3.000306e+002
2.952000 3.000300e+002
2.954000 3.000295e+002
2.956000 3.000290e+002
2.958000 3.000285e+002
2.960000 3.000280e+002
2.962000 3.000275e+002
2.964000 3.000270e+002
2.966000 3.000265e+002
2.968000 3.000261e+002
2.970000 3.000256e+002
2.972000 3.000251e+002
2.974000 3.000247e+002
2.976000 3.000242e+002
2.978000 3.000238e+002
2.980000 3.000234e+002
2.982000 3.000230e+002
2.984000 3.000226e+002
2.986000 3.000222e+002
2.988000 3.000218e+002
2.990000 3.000214e+002
2.992000 3.000210e+002
2.994000 3.000206e+002
2.996000 3.000202e+002
2.998000 3.000199e+002
3.000000 3.000195e+002
3.002000 3.000192e+002
3.004000 3.000188e+002
3.006000 3.000185e+002
3.008000 3.000182e+002
3.010000 3.000178e+002
3.012000 3.000175e+002
3.014000 3.000172e+002
3.016000 3.000169e+002
3.018000 3.000166e+002
3.020000 3.000163e+002
3.022000 3.000160e+002
3.024000 3.000157e+002
3.026000 3.000154e+002
3.028000 3.000151e+002
3.030000 3.000148e+002
3.032000 3.000146e+002
3.034000 3.000143e+002
3.036000 3.000140e+002
3.038000 3.000138e+002
3.040000 3.000135e+002
3.042000 3.000133e+002
3.044000 3.000130e+002
3.046000 3.000128e+002
3.048000 3.000126e+002
3.050000 3.000123e+002
3.052000 3.000121e+002
3.054000 3.000119e+002
3.056000 3.000117e+002
3.058000 3.000114e+002
3.060000 3.000112e+002
3.062000 3.000110e+002
3.064000 3.000108e+002
3.066000 3.000106e+002
3.068000 3.000104e+002
3.070000 3.000102e+002
3.072000 3.000100e+002
3.074000 3.000099e+002
3.076000 3.000097e+002
3.078000 3.000095e+002
3.080000 3.000093e+002
3.082000 3.000091e+002
3.084000 3.000090e+002
3.086000 3.000088e+002
3.088000 3.000086e+002
3.090000 3.000085e+002
3.092000 3.000083e+002
3.094000 3.000082e+002
3.096000 3.000080e+002
3.098000 3.000079e+002
3.100000 3.000077e+002
3.102000 3.000076e+002
3.104000 3.000074e+002
3.106000 3.000073e+002
3.108000 3.000071e+002
3.110000 3.000070e+002
3.112000 3.000069e+002
3.114000 3.000067e+002
3.116000 3.000066e+002
3.118000 3.000065e+002
3.120000 3.000064e+002
3.122000 3.000063e+002
3.124000 3.000061e+002
3.126000 3.000060e+002
3.128000 3.000059e+002
3.130000 3.000058e+002
3.132000 3.000057e+002
3.134000 3.000056e+002
3.136000 3.000055e+002
3.138000 3.000054e+002
3.140000 3.000053e+002
3.142000 3.000052e+002
3.144000 3.000051e+002
3.146000 3.000050e+002
3.148000 3.000049e+002
3.150000 3.000048e+002
3.152000 3.000047e+002
3.154000 3.000046e+002
3.156000 3.000045e+002
3.158000 3.000044e+002
3.160000 3.000043e+002
3.162000 3.000042e+002
3.164000 3.000042e+002
3.166000 3.000041e+002
3.168000 3.000040e+002
3.170000 3.000039e+002
3.172000 3.000039e+002
3.174000 3.000038e+002
3.176000 3.000037e+002
3.178000 3.000036e+002
3.180000 3.000036e+002
3.182000 3.000035e+002
3.184000 3.000034e+002
3.186000 3.000034e+002
3.188000 3.000033e+002
3.190000 3.000032e+002
3.192000 3.000032e+002
3.194000 3.000031e+002
3.196000 3.000030e+002
3.198000 3.000030e+002
3.200000 3.000029e+002
3.202000 3.000029e+002
3.204000 3.000028e+002
3.206000 3.000028e+002
3.208000 3.000027e+002
3.210000 3.000026e+002
3.212000 3.000026e+002
3.214000 3.000025e+002
3.216000 3.000025e+002
3.218000 3.000024e+002
3.220000 3.000024e+002
3.222000 3.000023e+002
3.224000 3.000023e+002
3.226000 3.000023e+002
3.228000 3.000022e+002
3.230000 3.000022e+002
3.232000 3.000021e+002
3.234000 3.000021e+002
3.236000 3.000020e+002
3.238000 3.000020e+002
3.240000 3.000020e+002
3.242000 3.000019e+002
3.244000 3.000019e+002
3.246000 3.000018e+002
3.248000 3.000018e+002
3.250000 3.000018e+002
3.252000 3.000017e+002
3.254000 3.000017e+002
3.256000 3.000017e+002
3.258000 3.000016e+002
3.260000 3.000016e+002
3.262000 3.000016e+002
3.264000 3.000015e+002
3.266000 3.000015e+002
3.268000 3.000015e+002
3.270000 3.000014e+002
3.272000 3.000014e+002
3.274000 3.000014e+002
3.276000 3.000014e+002
3.278000 3.000013e+002
3.280000 3.000013e+002
3.282000 3.000013e+002
3.284000 3.000013e+002
3.286000 3.000012e+002
3.288000 3.000012e+002
3.290000 3.000012e+002
3.292000 3.000012e+002
3.294000 3.000011e+002
3.296000 3.000011e+002
3.298000 3.000011e+002
3.300000 3.000011e+002
3.302000 3.000010e+002
3.304000 3.000010e+002
3.306000 3.000010e+002
3.308000 3.000010e+002
3.310000 3.000010e+002
3.312000 3.000009e+002
3.314000 3.000009e+002
3.316000 3.000009e+002
3.318000 3.000009e+002
3.320000 3.000009e+002
3.322000 3.000008e+002
3.324000 3.000008e+002
3.326000 3.000008e+002
3.328000 3.000008e+002
3.330000 3.000008e+002
3.332000 3.000008e+002
3.334000 3.000007e+002
3.336000 3.000007e+002
3.338000 3.000007e+002
3.340000 3.000007e+002
3.342000 3.000007e+002
3.344000 3.000007e+002
3.346000 3.000007e+002
3.348000 3.000006e+002
3.350000 3.000006e+002
3.352000 3.000006e+002
3.354000 3.000006e+002
3.356000 3.000006e+002
3.358000 3.000006e+002
3.360000 3.000006e+002
3.362000 3.000006e+002
3.364000 3.000005e+002
3.366000 3.000005e+002
3.368000 3.000005e+002
3.370000 3.000005e+002
3.372000 3.000005e+002
3.374000 3.000005e+002
3.376000 3.000005e+002
3.378000 3.000005e+002
3.380000 3.000005e+002
3.382000 3.000004e+002
3.384000 3.000004e+002
3.386000 3.000004e+002
3.388000 3.000004e+002
3.390000 3.000004e+002
3.392000 3.000004e+002
3.394000 3.000004e+002
3.396000 3.000004e+002
3.398000 3.000004e+002
3.400000 3.000004e+002
3.402000 3.000004e+002
3.404000 3.000004e+002
3.406000 3.000003e+002
3.408000 3.000003e+002
3.410000 3.000003e+002
3.412000 3.000003e+002
3.414000 3.000003e+002
3.416000 3.000003e+002
3.418000 3.000003e+002
3.420000 3.000003e+002
3.422000 3.000003e+002
3.424000 3.000003e+002
3.426000 3.000003e+002
3.428000 3.000003e+002
3.430000 3.000003e+002
3.432000 3.000003e+002
3.434000 3.000003e+002
3.436000 3.000003e+002
3.438000 3.000002e+002
3.440000 3.000002e+002
3.442000 3.000002e+002
3.444000 3.000002e+002
3.446000 3.000002e+002
3.448000 3.000002e+002
3.450000 3.000002e+002
3.452000 3.000002e+002
3.454000 3.000002e+002
3.456000 3.000002e+002
3.458000 3.000002e+002
3.460000 3.000002e+002
3.462000 3.000002e+002
3.464000 3.000002e+002
3.466000 3.000002e+002
3.468000 3.000002e+002
3.470000 3.000002e+002
3.472000 3.000002e+002
3.474000 3.000002e+002
3.476000 3.000002e+002
3.478000 3.000002e+002
3.480000 3.000002e+002
3.482000 3.000002e+002
3.484000 3.000001e+002
3.486000 3.000001e+002
3.488000 3.000001e+002
3.490000 3.000001e+002
3.492000 3.000001e+002
3.494000 3.000001e+002
3.496000 3.000001e+002
3.498000 3.000001e+002
3.500000 3.000001e+002
3.502000 3.000001e+002
3.504000 3.000001e+002
3.506000 3.000001e+002
3.508000 3.000001e+002
3.510000 3.000001e+002
3.512000 3.000001e+002
3.514000 3.000001e+002
3.516000 3.000001e+002
3.518000 3.000001e+002
3.520000 3.000001e+002
3.522000 3.000001e+002
3.524000 3.000001e+002
3.526000 3.000001e+002
3.528000 3.000001e+002
3.530000 3.000001e+002
3.532000 3.000001e+002
3.534000 3.000001e+002
3.536000 3.000001e+002
3.538000 3.000001e+002
3.540000 3.000001e+002
3.542000 3.000001e+002
3.544000 3.000001e+002
3.546000 3.000001e+002
3.548000 3.000001e+002
3.550000 3.000001e+002
3.552000 3.000001e+002
3.554000 3.000001e+002
3.556000 3.000001e+002
3.558000 3.000001e+002
3.560000 3.000001e+002
3.562000 3.000001e+002
3.564000 3.000001e+002
3.566000 3.000001e+002
3.568000 3.000001e+002
3.570000 3.000001e+002
3.572000 3.000001e+002
3.574000 3.000001e+002
3.576000 3.000001e+002
3.578000 3.000001e+002
3.580000 3.000001e+002
3.582000 3.000000e+002
3.584000 3.000000e+002
3.586000 3.000000e+002
3.588000 3.000000e+002
3.590000 3.000000e+002
3.592000 3.000000e+002
3.594000 3.000000e+002
3.596000 3.000000e+002
3.598000 3.000000e+002
3.600000 3.000000e+002
3.602000 3.000000e+002
3.604000 3.000000e+002
3.606000 3.000000e+002
3.608000 3.000000e+002
3.610000 3.000000e+002
3.612000 3.000000e+002
3.614000 3.000000e+002
3.616000 3.000000e+002
3.618000 3.000000e+002
3.620000 3.000000e+002
3.622000 3.000000e+002
3.624000 3.000000e+002
3.626000 3.000000e+002
3.628000 3.000000e+002
3.630000 3.000000e+002
3.632000 3.000000e+002
3.634000 3.000000e+002
3.636000 3.000000e+002
3.638000 3.000000e+002
3.640000 3.000000e+002
3.642000 3.000000e+002
3.644000 3.000000e+002
3.646000 3.000000e+002
3.648000 3.000000e+002
3.650000 3.000000e+002
3.652000 3.000000e+002
3.654000 3.000000e+002
3.656000 3.000000e+002
3.658000 3.000000e+002
3.660000 3.000000e+002
3.662000 3.000000e+002
3.664000 3.000000e+002
3.666000 3.000000e+002
3.668000 3.000000e+002
3.670000 3.000000e+002
3.672000 3.000000e+002
3.674000 3.000000e+002
3.676000 3.000000e+002
3.678000 3.000000e+002
3.680000 3.000000e+002
3.682000 3.000000e+002
3.684000 3.000000e+002
3.686000 3.000000e+002
3.688000 3.000000e+002
3.690000 3.000000e+002
3.692000 3.000000e+002
3.694000 3.000000e+002
3.696000 3.000000e+002
3.698000 3.000000e+002
3.700000 3.000000e+002
3.702000 3.000000e+002
3.704000 3.000000e+002
3.706000 3.000000e+002
3.708000 3.000000e+002
3.710000 3.000000e+002
3.712000 3.000000e+002
3.714000 3.000000e+002
3.716000 3.000000e+002
3.718000 3.000000e+002
3.720000 3.000000e+002
3.722000 3.000000e+002
3.724000 3.000000e+002
3.726000 3.000000e+002
3.728000 3.000000e+002
3.730000 3.000000e+002
3.732000 3.000000e+002
3.734000 3.000000e+002
3.736000 3.000000e+002
3.738000 3.000000e+002
3.740000 3.000000e+002
3.742000 3.000000e+002
3.744000 3.000000e+002
3.746000 3.000000e+002
3.748000 3.000000e+002
3.750000 3.000000e+002
3.752000 3.000000e+002
3.754000 3.000000e+002
3.756000 3.000000e+002
3.758000 3.000000e+002
3.760000 3.000000e+002
3.762000 3.000000e+002
3.764000 3.000000e+002
3.766000 3.000000e+002
3.768000 3.000000e+002
3.770000 3.000000e+002
3.772000 3.000000e+002
3.774000 3.000000e+002
3.776000 3.000000e+002
3.778000 3.000000e+002
3.780000 3.000000e+002
3.782000 3.000000e+002
3.784000 3.000000e+002
3.786000 3.000000e+002
3.788000 3.000000e+002
3.790000 3.000000e+002
3.792000 3.000000e+002
3.794000 3.000000e+002
3.796000 3.000000e+002
3.798000 3.000000e+002
3.800000 3.000000e+002
3.802000 3.000000e+002
3.804000 3.000000e+002
3.806000 3.000000e+002
3.808000 3.000000e+002
3.810000 3.000000e+002
3.812000 3.000000e+002
3.814000 3.000000e+002
3.816000 3.000000e+002
3.818000 3.000000e+002
3.820000 3.000000e+002
3.822000 3.000000e+002
3.824000 3.000000e+002
3.826000 3.000000e+002
3.828000 3.000000e+002
3.830000 3.000000e+002
3.832000 3.000000e+002
3.834000 3.000000e+002
3.836000 3.000000e+002
3.838000 3.000000e+002
3.840000 3.000000e+002
3.842000 3.000000e+002
3.844000 3.000000e+002
3.846000 3.000000e+002
3.848000 3.000000e+002
3.850000 3.000000e+002
3.852000 3.000000e+002
3.854000 3.000000e+002
3.856000 3.000000e+002
3.858000 3.000000e+002
3.860000 3.000000e+002
3.862000 3.000000e+002
3.864000 3.000000e+002
3.866000 3.000000e+002
3.868000 3.000000e+002
3.870000 3.000000e+002
3.872000 3.000000e+002
3.874000 3.000000e+002
3.876000 3.000000e+002
3.878000 3.000000e+002
3.880000 3.000000e+002
3.882000 3.000000e+002
3.884000 3.000000e+002
3.886000 3.000000e+002
3.888000 3.000000e+002
3.890000 3.000000e+002
3.892000 3.000000e+002
3.894000 3.000000e+002
3.896000 3.000000e+002
3.898000 3.000000e+002
3.900000 3.000000e+002
3.902000 3.000000e+002
3.904000 3.000000e+002
3.906000 3.000000e+002
3.908000 3.000000e+002
3.910000 3.000000e+002
3.912000 3.000000e+002
3.914000 3.000000e+002
3.916000 3.000000e+002
3.918000 3.000000e+002
3.920000 3.000000e+002
3.922000 3.000000e+002
3.924000 3.000000e+002
3.926000 3.000000e+002
3.928000 3.000000e+002
3.930000 3.000000e+002
3.932000 3.000000e+002
3.934000 3.000000e+002
3.936000 3.000000e+002
3.938000 3.000000e+002
3.940000 3.000000e+002
3.942000 3.000000e+002
3.944000 3.000000e+002
3.946000 3.000000e+002
3.948000 3.000000e+002
3.950000 3.000000e+002
3.952000 3.000000e+002
3.954000 3.000000e+002
3.956000 3.000000e+002
3.958000 3.000000e+002
3.960000 3.000000e+002
3.962000 3.000000e+002
3.964000 3.000000e+002
3.966000 3.000000e+002
3.968000 3.000000e+002
3.970000 3.000000e+002
3.972000 3.000000e+002
3.974000 3.000000e+002
3.976000 3.000000e+002
3.978000 3.000000e+002
3.980000 3.000000e+002
3.982000 3.000000e+002
3.984000 3.000000e+002
3.986000 3.000000e+002
3.988000 3.000000e+002
3.990000 3.000000e+002
3.992000 3.000000e+002
3.994000 3.000000e+002
3.996000 3.000000e+002
3.998000 3.000000e+002
