0.000000 3.482117e+002
0.002000 3.535870e+002
0.004000 3.589603e+002
0.006000 3.643316e+002
0.008000 3.697005e+002
0.010000 3.750669e+002
0.012000 3.804306e+002
0.014000 3.857914e+002
0.016000 3.911491e+002
0.018000 3.965035e+002
0.020000 4.018544e+002
0.022000 4.072017e+002
0.024000 4.125450e+002
0.026000 4.178843e+002
0.028000 4.232194e+002
0.030000 4.285499e+002
0.032000 4.338758e+002
0.034000 4.391969e+002
0.036000 4.445130e+002
0.038000 4.498238e+002
0.040000 4.551292e+002
0.042000 4.604289e+002
0.044000 4.657229e+002
0.046000 4.710109e+002
0.048000 4.762927e+002
0.050000 4.815681e+002
0.052000 4.868369e+002
0.054000 4.920990e+002
0.056000 4.973542e+002
0.058000 5.026022e+002
0.060000 5.078430e+002
0.062000 5.130762e+002
0.064000 5.183017e+002
0.066000 5.235194e+002
0.068000 5.287290e+002
0.070000 5.339304e+002
0.072000 5.391233e+002
0.074000 5.443076e+002
0.076000 5.494832e+002
0.078000 5.546497e+002
0.080000 5.598072e+002
0.082000 5.649552e+002
0.084000 5.700938e+002
0.086000 5.752227e+002
0.088000 5.803417e+002
0.090000 5.854507e+002
0.092000 5.905495e+002
0.094000 5.956378e+002
0.096000 6.007156e+002
0.098000 6.057826e+002
0.100000 6.108387e+002
0.102000 6.158837e+002
0.104000 6.209175e+002
0.106000 6.259398e+002
0.108000 6.309505e+002
0.110000 6.359494e+002
0.112000 6.409364e+002
0.114000 6.459113e+002
0.116000 6.508739e+002
0.118000 6.558241e+002
0.120000 6.607616e+002
0.122000 6.656864e+002
0.124000 6.705982e+002
0.126000 6.754969e+002
0.128000 6.803824e+002
0.130000 6.852545e+002
0.132000 6.901129e+002
0.134000 6.949577e+002
0.136000 6.997885e+002
0.138000 7.046053e+002
0.140000 7.094079e+002
0.142000 7.141961e+002
0.144000 7.189698e+002
0.146000 7.237289e+002
0.148000 7.284731e+002
0.150000 7.332023e+002
0.152000 7.379165e+002
0.154000 7.426154e+002
0.156000 7.472988e+002
0.158000 7.519667e+002
0.160000 7.566189e+002
0.162000 7.612553e+002
0.164000 7.658756e+002
0.166000 7.704799e+002
0.168000 7.750678e+002
0.170000 7.796394e+002
0.172000 7.841944e+002
0.174000 7.887327e+002
0.176000 7.932542e+002
0.178000 7.977587e+002
0.180000 8.022462e+002
0.182000 8.067164e+002
0.184000 8.111693e+002
0.186000 8.156046e+002
0.188000 8.200224e+002
0.190000 8.244224e+002
0.192000 8.288046e+002
0.194000 8.331688e+002
0.196000 8.375148e+002
0.198000 8.418426e+002
0.200000 8.461520e+002
0.202000 8.504430e+002
0.204000 8.547153e+002
0.206000 8.589690e+002
0.208000 8.632037e+002
0.210000 8.674196e+002
0.212000 8.716163e+002
0.214000 8.757939e+002
0.216000 8.799522e+002
0.218000 8.840911e+002
0.220000 8.882104e+002
0.222000 8.923102e+002
0.224000 8.963902e+002
0.226000 9.004503e+002
0.228000 9.044905e+002
0.230000 9.085107e+002
0.232000 9.125107e+002
0.234000 9.164905e+002
0.236000 9.204499e+002
0.238000 9.243889e+002
0.240000 9.283073e+002
0.242000 9.322051e+002
0.244000 9.360821e+002
0.246000 9.399383e+002
0.248000 9.437736e+002
0.250000 9.475878e+002
0.252000 9.513810e+002
0.254000 9.551529e+002
0.256000 9.589036e+002
0.258000 9.626329e+002
0.260000 9.663408e+002
0.262000 9.700271e+002
0.264000 9.736918e+002
0.266000 9.773348e+002
0.268000 9.809560e+002
0.270000 9.845554e+002
0.272000 9.881328e+002
0.274000 9.916882e+002
0.276000 9.952215e+002
0.278000 9.987327e+002
0.280000 1.002222e+003
0.282000 1.005688e+003
0.284000 1.009132e+003
0.286000 1.012554e+003
0.288000 1.015954e+003
0.290000 1.019330e+003
0.292000 1.022684e+003
0.294000 1.026016e+003
0.296000 1.029324e+003
0.298000 1.032610e+003
0.300000 1.035873e+003
0.302000 1.039113e+003
0.304000 1.042330e+003
0.306000 1.045523e+003
0.308000 1.048694e+003
0.310000 1.051842e+003
0.312000 1.054966e+003
0.314000 1.058067e+003
0.316000 1.061145e+003
0.318000 1.064199e+003
0.320000 1.067230e+003
0.322000 1.070237e+003
0.324000 1.073221e+003
0.326000 1.076181e+003
0.328000 1.079118e+003
0.330000 1.082031e+003
0.332000 1.084921e+003
0.334000 1.087786e+003
0.336000 1.090628e+003
0.338000 1.093446e+003
0.340000 1.096240e+003
0.342000 1.099010e+003
0.344000 1.101757e+003
0.346000 1.104479e+003
0.348000 1.107178e+003
0.350000 1.109852e+003
0.352000 1.112502e+003
0.354000 1.115129e+003
0.356000 1.117731e+003
0.358000 1.120309e+003
0.360000 1.122863e+003
0.362000 1.125393e+003
0.364000 1.127898e+003
0.366000 1.130380e+003
0.368000 1.132837e+003
0.370000 1.135269e+003
0.372000 1.137678e+003
0.374000 1.140062e+003
0.376000 1.142422e+003
0.378000 1.144757e+003
0.380000 1.147069e+003
0.382000 1.149355e+003
0.384000 1.151618e+003
0.386000 1.153856e+003
0.388000 1.156069e+003
0.390000 1.158259e+003
0.392000 1.160423e+003
0.394000 1.162564e+003
0.396000 1.164680e+003
0.398000 1.166771e+003
0.400000 1.168838e+003
0.402000 1.170881e+003
0.404000 1.172899e+003
0.406000 1.174893e+003
0.408000 1.176862e+003
0.410000 1.178807e+003
0.412000 1.180727e+003
0.414000 1.182623e+003
0.416000 1.184494e+003
0.418000 1.186341e+003
0.420000 1.188163e+003
0.422000 1.189961e+003
0.424000 1.191735e+003
0.426000 1.193484e+003
0.428000 1.195209e+003
0.430000 1.196909e+003
0.432000 1.198585e+003
0.434000 1.200237e+003
0.436000 1.201864e+003
0.438000 1.203467e+003
0.440000 1.205045e+003
0.442000 1.206599e+003
0.444000 1.208129e+003
0.446000 1.209634e+003
0.448000 1.211115e+003
0.450000 1.212572e+003
0.452000 1.214005e+003
0.454000 1.215413e+003
0.456000 1.216797e+003
0.458000 1.218157e+003
0.460000 1.219493e+003
0.462000 1.220805e+003
0.464000 1.222092e+003
0.466000 1.223355e+003
0.468000 1.224595e+003
0.470000 1.225810e+003
0.472000 1.227001e+003
0.474000 1.228168e+003
0.476000 1.229311e+003
0.478000 1.230430e+003
0.480000 1.231526e+003
0.482000 1.232597e+003
0.484000 1.233645e+003
0.486000 1.234668e+003
0.488000 1.235668e+003
0.490000 1.236644e+003
0.492000 1.237597e+003
0.494000 1.238525e+003
0.496000 1.239430e+003
0.498000 1.240312e+003
0.500000 1.241169e+003
0.502000 1.242004e+003
0.504000 1.242814e+003
0.506000 1.243602e+003
0.508000 1.244365e+003
0.510000 1.245106e+003
0.512000 1.245823e+003
0.514000 1.246516e+003
0.516000 1.247187e+003
0.518000 1.247834e+003
0.520000 1.248457e+003
0.522000 1.249058e+003
0.524000 1.249636e+003
0.526000 1.250190e+003
0.528000 1.250722e+003
0.530000 1.251230e+003
0.532000 1.251716e+003
0.534000 1.252179e+003
0.536000 1.252619e+003
0.538000 1.253036e+003
0.540000 1.253430e+003
0.542000 1.253802e+003
0.544000 1.254151e+003
0.546000 1.254477e+003
0.548000 1.254781e+003
0.550000 1.255062e+003
0.552000 1.255321e+003
0.554000 1.255557e+003
0.556000 1.255772e+003
0.558000 1.255963e+003
0.560000 1.256133e+003
0.562000 1.256281e+003
0.564000 1.256406e+003
0.566000 1.256509e+003
0.568000 1.256590e+003
0.570000 1.256650e+003
0.572000 1.256687e+003
0.574000 1.256703e+003
0.576000 1.256697e+003
0.578000 1.256669e+003
0.580000 1.256619e+003
0.582000 1.256548e+003
0.584000 1.256455e+003
0.586000 1.256341e+003
0.588000 1.256205e+003
0.590000 1.256048e+003
0.592000 1.255870e+003
0.594000 1.255671e+003
0.596000 1.255450e+003
0.598000 1.255208e+003
0.600000 1.254945e+003
0.602000 1.254662e+003
0.604000 1.254357e+003
0.606000 1.254031e+003
0.608000 1.253685e+003
0.610000 1.253318e+003
0.612000 1.252930e+003
0.614000 1.252522e+003
0.616000 1.252093e+003
0.618000 1.251644e+003
0.620000 1.251175e+003
0.622000 1.250685e+003
0.624000 1.250175e+003
0.626000 1.249645e+003
0.628000 1.249094e+003
0.630000 1.248524e+003
0.632000 1.247934e+003
0.634000 1.247323e+003
0.636000 1.246693e+003
0.638000 1.246044e+003
0.640000 1.245374e+003
0.642000 1.244685e+003
0.644000 1.243977e+003
0.646000 1.243249e+003
0.648000 1.242502e+003
0.650000 1.241735e+003
0.652000 1.240950e+003
0.654000 1.240145e+003
0.656000 1.239321e+003
0.658000 1.238478e+003
0.660000 1.237616e+003
0.662000 1.236736e+003
0.664000 1.235836e+003
0.666000 1.234918e+003
0.668000 1.233982e+003
0.670000 1.233027e+003
0.672000 1.232053e+003
0.674000 1.231062e+003
0.676000 1.230052e+003
0.678000 1.229023e+003
0.680000 1.227977e+003
0.682000 1.226913e+003
0.684000 1.225830e+003
0.686000 1.224730e+003
0.688000 1.223612e+003
0.690000 1.222477e+003
0.692000 1.221324e+003
0.694000 1.220153e+003
0.696000 1.218965e+003
0.698000 1.217760e+003
0.700000 1.216537e+003
0.702000 1.215297e+003
0.704000 1.214040e+003
0.706000 1.212766e+003
0.708000 1.211475e+003
0.710000 1.210168e+003
0.712000 1.208843e+003
0.714000 1.207502e+003
0.716000 1.206145e+003
0.718000 1.204771e+003
0.720000 1.203380e+003
0.722000 1.201974e+003
0.724000 1.200551e+003
0.726000 1.199112e+003
0.728000 1.197657e+003
0.730000 1.196186e+003
0.732000 1.194699e+003
0.734000 1.193197e+003
0.736000 1.191679e+003
0.738000 1.190145e+003
0.740000 1.188596e+003
0.742000 1.187032e+003
0.744000 1.185452e+003
0.746000 1.183857e+003
0.748000 1.182247e+003
0.750000 1.180622e+003
0.752000 1.178982e+003
0.754000 1.177328e+003
0.756000 1.175659e+003
0.758000 1.173975e+003
0.760000 1.172276e+003
0.762000 1.170563e+003
0.764000 1.168836e+003
0.766000 1.167095e+003
0.768000 1.165340e+003
0.770000 1.163570e+003
0.772000 1.161787e+003
0.774000 1.159990e+003
0.776000 1.158179e+003
0.778000 1.156354e+003
0.780000 1.154516e+003
0.782000 1.152665e+003
0.784000 1.150800e+003
0.786000 1.148922e+003
0.788000 1.147031e+003
0.790000 1.145127e+003
0.792000 1.143210e+003
0.794000 1.141281e+003
0.796000 1.139338e+003
0.798000 1.137383e+003
0.800000 1.135415e+003
0.802000 1.133436e+003
0.804000 1.131443e+003
0.806000 1.129439e+003
0.808000 1.127422e+003
0.810000 1.125394e+003
0.812000 1.123354e+003
0.814000 1.121302e+003
0.816000 1.119238e+003
0.818000 1.117163e+003
0.820000 1.115076e+003
0.822000 1.112978e+003
0.824000 1.110868e+003
0.826000 1.108748e+003
0.828000 1.106617e+003
0.830000 1.104474e+003
0.832000 1.102321e+003
0.834000 1.100157e+003
0.836000 1.097983e+003
0.838000 1.095798e+003
0.840000 1.093603e+003
0.842000 1.091397e+003
0.844000 1.089181e+003
0.846000 1.086955e+003
0.848000 1.084720e+003
0.850000 1.082474e+003
0.852000 1.080219e+003
0.854000 1.077954e+003
0.856000 1.075680e+003
0.858000 1.073396e+003
0.860000 1.071103e+003
0.862000 1.068801e+003
0.864000 1.066490e+003
0.866000 1.064169e+003
0.868000 1.061840e+003
0.870000 1.059503e+003
0.872000 1.057156e+003
0.874000 1.054802e+003
0.876000 1.052438e+003
0.878000 1.050067e+003
0.880000 1.047687e+003
0.882000 1.045300e+003
0.884000 1.042904e+003
0.886000 1.040500e+003
0.888000 1.038089e+003
0.890000 1.035670e+003
0.892000 1.033244e+003
0.894000 1.030811e+003
0.896000 1.028370e+003
0.898000 1.025922e+003
0.900000 1.023467e+003
0.902000 1.021005e+003
0.904000 1.018536e+003
0.906000 1.016060e+003
0.908000 1.013578e+003
0.910000 1.011090e+003
0.912000 1.008595e+003
0.914000 1.006094e+003
0.916000 1.003586e+003
0.918000 1.001073e+003
0.920000 9.985539e+002
0.922000 9.960289e+002
0.924000 9.934983e+002
0.926000 9.909621e+002
0.928000 9.884204e+002
0.930000 9.858734e+002
0.932000 9.833213e+002
0.934000 9.807640e+002
0.936000 9.782017e+002
0.938000 9.756346e+002
0.940000 9.730626e+002
0.942000 9.704861e+002
0.944000 9.679050e+002
0.946000 9.653195e+002
0.948000 9.627297e+002
0.950000 9.601357e+002
0.952000 9.575376e+002
0.954000 9.549355e+002
0.956000 9.523296e+002
0.958000 9.497200e+002
0.960000 9.471067e+002
0.962000 9.444899e+002
0.964000 9.418697e+002
0.966000 9.392463e+002
0.968000 9.366196e+002
0.970000 9.339899e+002
0.972000 9.313572e+002
0.974000 9.287218e+002
0.976000 9.260835e+002
0.978000 9.234427e+002
0.980000 9.207994e+002
0.982000 9.181536e+002
0.984000 9.155056e+002
0.986000 9.128555e+002
0.988000 9.102032e+002
0.990000 9.075491e+002
0.992000 9.048931e+002
0.994000 9.022353e+002
0.996000 8.995760e+002
0.998000 8.969151e+002
1.000000 8.942529e+002
1.002000 8.915894e+002
1.004000 8.889247e+002
1.006000 8.862589e+002
1.008000 8.835922e+002
1.010000 8.809246e+002
1.012000 8.782563e+002
1.014000 8.755874e+002
1.016000 8.729179e+002
1.018000 8.702480e+002
1.020000 8.675778e+002
1.022000 8.649074e+002
1.024000 8.622369e+002
1.026000 8.595665e+002
1.028000 8.568961e+002
1.030000 8.542260e+002
1.032000 8.515562e+002
1.034000 8.488868e+002
1.036000 8.462179e+002
1.038000 8.435497e+002
1.040000 8.408823e+002
1.042000 8.382157e+002
1.044000 8.355500e+002
1.046000 8.328854e+002
1.048000 8.302220e+002
1.050000 8.275598e+002
1.052000 8.248990e+002
1.054000 8.222396e+002
1.056000 8.195818e+002
1.058000 8.169257e+002
1.060000 8.142713e+002
1.062000 8.116188e+002
1.064000 8.089683e+002
1.066000 8.063198e+002
1.068000 8.036735e+002
1.070000 8.010294e+002
1.072000 7.983877e+002
1.074000 7.957484e+002
1.076000 7.931117e+002
1.078000 7.904776e+002
1.080000 7.878462e+002
1.082000 7.852177e+002
1.084000 7.825921e+002
1.086000 7.799695e+002
1.088000 7.773501e+002
1.090000 7.747338e+002
1.092000 7.721209e+002
1.094000 7.695113e+002
1.096000 7.669052e+002
1.098000 7.643027e+002
1.100000 7.617038e+002
1.102000 7.591087e+002
1.104000 7.565175e+002
1.106000 7.539301e+002
1.108000 7.513468e+002
1.110000 7.487676e+002
1.112000 7.461925e+002
1.114000 7.436218e+002
1.116000 7.410554e+002
1.118000 7.384934e+002
1.120000 7.359360e+002
1.122000 7.333832e+002
1.124000 7.308351e+002
1.126000 7.282917e+002
1.128000 7.257532e+002
1.130000 7.232197e+002
1.132000 7.206912e+002
1.134000 7.181678e+002
1.136000 7.156495e+002
1.138000 7.131366e+002
1.140000 7.106289e+002
1.142000 7.081267e+002
1.144000 7.056300e+002
1.146000 7.031388e+002
1.148000 7.006533e+002
1.150000 6.981735e+002
1.152000 6.956994e+002
1.154000 6.932313e+002
1.156000 6.907691e+002
1.158000 6.883129e+002
1.160000 6.858627e+002
1.162000 6.834188e+002
1.164000 6.809810e+002
1.166000 6.785495e+002
1.168000 6.761244e+002
1.170000 6.737057e+002
1.172000 6.712935e+002
1.174000 6.688879e+002
1.176000 6.664889e+002
1.178000 6.640966e+002
1.180000 6.617110e+002
1.182000 6.593322e+002
1.184000 6.569604e+002
1.186000 6.545954e+002
1.188000 6.522375e+002
1.190000 6.498866e+002
1.192000 6.475429e+002
1.194000 6.452063e+002
1.196000 6.428770e+002
1.198000 6.405550e+002
1.200000 6.382403e+002
1.202000 6.359331e+002
1.204000 6.336333e+002
1.206000 6.313410e+002
1.208000 6.290563e+002
1.210000 6.267792e+002
1.212000 6.245098e+002
1.214000 6.222481e+002
1.216000 6.199943e+002
1.218000 6.177482e+002
1.220000 6.155100e+002
1.222000 6.132798e+002
1.224000 6.110575e+002
1.226000 6.088433e+002
1.228000 6.066371e+002
1.230000 6.044391e+002
1.232000 6.022492e+002
1.234000 6.000675e+002
1.236000 5.978940e+002
1.238000 5.957289e+002
1.240000 5.935721e+002
1.242000 5.914236e+002
1.244000 5.892836e+002
1.246000 5.871520e+002
1.248000 5.850289e+002
1.250000 5.829143e+002
1.252000 5.808083e+002
1.254000 5.787109e+002
1.256000 5.766221e+002
1.258000 5.745421e+002
1.260000 5.724707e+002
1.262000 5.704080e+002
1.264000 5.683541e+002
1.266000 5.663091e+002
1.268000 5.642728e+002
1.270000 5.622455e+002
1.272000 5.602270e+002
1.274000 5.582174e+002
1.276000 5.562168e+002
1.278000 5.542252e+002
1.280000 5.522425e+002
1.282000 5.502689e+002
1.284000 5.483044e+002
1.286000 5.463489e+002
1.288000 5.444026e+002
1.290000 5.424653e+002
1.292000 5.405372e+002
1.294000 5.386183e+002
1.296000 5.367086e+002
1.298000 5.348080e+002
1.300000 5.329167e+002
1.302000 5.310347e+002
1.304000 5.291619e+002
1.306000 5.272984e+002
1.308000 5.254441e+002
1.310000 5.235992e+002
1.312000 5.217637e+002
1.314000 5.199374e+002
1.316000 5.181205e+002
1.318000 5.163130e+002
1.320000 5.145148e+002
1.322000 5.127261e+002
1.324000 5.109467e+002
1.326000 5.091768e+002
1.328000 5.074162e+002
1.330000 5.056651e+002
1.332000 5.039234e+002
1.334000 5.021912e+002
1.336000 5.004684e+002
1.338000 4.987551e+002
1.340000 4.970512e+002
1.342000 4.953567e+002
1.344000 4.936718e+002
1.346000 4.919963e+002
1.348000 4.903303e+002
1.350000 4.886737e+002
1.352000 4.870267e+002
1.354000 4.853890e+002
1.356000 4.837609e+002
1.358000 4.821423e+002
1.360000 4.805331e+002
1.362000 4.789333e+002
1.364000 4.773431e+002
1.366000 4.757623e+002
1.368000 4.741909e+002
1.370000 4.726291e+002
1.372000 4.710766e+002
1.374000 4.695336e+002
1.376000 4.680000e+002
1.378000 4.664759e+002
1.380000 4.649612e+002
1.382000 4.634559e+002
1.384000 4.619600e+002
1.386000 4.604735e+002
1.388000 4.589963e+002
1.390000 4.575286e+002
1.392000 4.560702e+002
1.394000 4.546212e+002
1.396000 4.531815e+002
1.398000 4.517511e+002
1.400000 4.503300e+002
1.402000 4.489182e+002
1.404000 4.475158e+002
1.406000 4.461225e+002
1.408000 4.447386e+002
1.410000 4.433638e+002
1.412000 4.419983e+002
1.414000 4.406420e+002
1.416000 4.392949e+002
1.418000 4.379570e+002
1.420000 4.366282e+002
1.422000 4.353085e+002
1.424000 4.339979e+002
1.426000 4.326965e+002
1.428000 4.314041e+002
1.430000 4.301207e+002
1.432000 4.288464e+002
1.434000 4.275811e+002
1.436000 4.263248e+002
1.438000 4.250774e+002
1.440000 4.238390e+002
1.442000 4.226095e+002
1.444000 4.213889e+002
1.446000 4.201772e+002
1.448000 4.189743e+002
1.450000 4.177802e+002
1.452000 4.165949e+002
1.454000 4.154184e+002
1.456000 4.142506e+002
1.458000 4.130915e+002
1.460000 4.119411e+002
1.462000 4.107994e+002
1.464000 4.096663e+002
1.466000 4.085418e+002
1.468000 4.074259e+002
1.470000 4.063186e+002
1.472000 4.052197e+002
1.474000 4.041294e+002
1.476000 4.030475e+002
1.478000 4.019740e+002
1.480000 4.009089e+002
1.482000 3.998522e+002
1.484000 3.988038e+002
1.486000 3.977637e+002
1.488000 3.967319e+002
1.490000 3.957084e+002
1.492000 3.946930e+002
1.494000 3.936859e+002
1.496000 3.926868e+002
1.498000 3.916959e+002
1.500000 3.907130e+002
1.502000 3.897382e+002
1.504000 3.887714e+002
1.506000 3.878126e+002
1.508000 3.868617e+002
1.510000 3.859187e+002
1.512000 3.849836e+002
1.514000 3.840563e+002
1.516000 3.831368e+002
1.518000 3.822251e+002
1.520000 3.813211e+002
1.522000 3.804248e+002
1.524000 3.795362e+002
1.526000 3.786551e+002
1.528000 3.777817e+002
1.530000 3.769158e+002
1.532000 3.760574e+002
1.534000 3.752065e+002
1.536000 3.743630e+002
1.538000 3.735269e+002
1.540000 3.726982e+002
1.542000 3.718768e+002
1.544000 3.710627e+002
1.546000 3.702558e+002
1.548000 3.694561e+002
1.550000 3.686636e+002
1.552000 3.678783e+002
1.554000 3.671000e+002
1.556000 3.663288e+002
1.558000 3.655646e+002
1.560000 3.648073e+002
1.562000 3.640570e+002
1.564000 3.633137e+002
1.566000 3.625771e+002
1.568000 3.618474e+002
1.570000 3.611245e+002
1.572000 3.604083e+002
1.574000 3.596988e+002
1.576000 3.589960e+002
1.578000 3.582997e+002
1.580000 3.576101e+002
1.582000 3.569270e+002
1.584000 3.562504e+002
1.586000 3.555803e+002
1.588000 3.549166e+002
1.590000 3.542593e+002
1.592000 3.536084e+002
1.594000 3.529637e+002
1.596000 3.523253e+002
1.598000 3.516931e+002
1.600000 3.510671e+002
1.602000 3.504473e+002
1.604000 3.498335e+002
1.606000 3.492258e+002
1.608000 3.486241e+002
1.610000 3.480285e+002
1.612000 3.474387e+002
1.614000 3.468549e+002
1.616000 3.462769e+002
1.618000 3.457047e+002
1.620000 3.451384e+002
1.622000 3.445777e+002
1.624000 3.440228e+002
1.626000 3.434735e+002
1.628000 3.429299e+002
1.630000 3.423918e+002
1.632000 3.418593e+002
1.634000 3.413323e+002
1.636000 3.408107e+002
1.638000 3.402946e+002
1.640000 3.397839e+002
1.642000 3.392785e+002
1.644000 3.387784e+002
1.646000 3.382835e+002
1.648000 3.377939e+002
1.650000 3.373095e+002
1.652000 3.368302e+002
1.654000 3.363561e+002
1.656000 3.358870e+002
1.658000 3.354229e+002
1.660000 3.349639e+002
1.662000 3.345097e+002
1.664000 3.340605e+002
1.666000 3.336162e+002
1.668000 3.331767e+002
1.670000 3.327420e+002
1.672000 3.323121e+002
1.674000 3.318869e+002
1.676000 3.314663e+002
1.678000 3.310505e+002
1.680000 3.306392e+002
1.682000 3.302325e+002
1.684000 3.298303e+002
1.686000 3.294327e+002
1.688000 3.290395e+002
1.690000 3.286507e+002
1.692000 3.282663e+002
1.694000 3.278862e+002
1.696000 3.275104e+002
1.698000 3.271390e+002
1.700000 3.267717e+002
1.702000 3.264087e+002
1.704000 3.260498e+002
1.706000 3.256951e+002
1.708000 3.253444e+002
1.710000 3.249978e+002
1.712000 3.246552e+002
1.714000 3.243167e+002
1.716000 3.239820e+002
1.718000 3.236513e+002
1.720000 3.233244e+002
1.722000 3.230014e+002
1.724000 3.226823e+002
1.726000 3.223668e+002
1.728000 3.220552e+002
1.730000 3.217472e+002
1.732000 3.214429e+002
1.734000 3.211423e+002
1.736000 3.208452e+002
1.738000 3.205517e+002
1.740000 3.202618e+002
1.742000 3.199753e+002
1.744000 3.196924e+002
1.746000 3.194129e+002
1.748000 3.191367e+002
1.750000 3.188640e+002
1.752000 3.185946e+002
1.754000 3.183285e+002
1.756000 3.180657e+002
1.758000 3.178061e+002
1.760000 3.175497e+002
1.762000 3.172966e+002
1.764000 3.170465e+002
1.766000 3.167996e+002
1.768000 3.165558e+002
1.770000 3.163151e+002
1.772000 3.160773e+002
1.774000 3.158426e+002
1.776000 3.156108e+002
1.778000 3.153820e+002
1.780000 3.151561e+002
1.782000 3.149330e+002
1.784000 3.147128e+002
1.786000 3.144954e+002
1.788000 3.142808e+002
1.790000 3.140690e+002
1.792000 3.138599e+002
1.794000 3.136535e+002
1.796000 3.134498e+002
1.798000 3.132487e+002
1.800000 3.130503e+002
1.802000 3.128544e+002
1.804000 3.126611e+002
1.806000 3.124704e+002
1.808000 3.122821e+002
1.810000 3.120964e+002
1.812000 3.119131e+002
1.814000 3.117322e+002
1.816000 3.115537e+002
1.818000 3.113776e+002
1.820000 3.112039e+002
1.822000 3.110324e+002
1.824000 3.108633e+002
1.826000 3.106965e+002
1.828000 3.105319e+002
1.830000 3.103695e+002
1.832000 3.102093e+002
1.834000 3.100514e+002
1.836000 3.098955e+002
1.838000 3.097418e+002
1.840000 3.095902e+002
1.842000 3.094406e+002
1.844000 3.092931e+002
1.846000 3.091477e+002
1.848000 3.090043e+002
1.850000 3.088628e+002
1.852000 3.087233e+002
1.854000 3.085857e+002
1.856000 3.084501e+002
1.858000 3.083164e+002
1.860000 3.081845e+002
1.862000 3.080545e+002
1.864000 3.079263e+002
1.866000 3.077999e+002
1.868000 3.076753e+002
1.870000 3.075524e+002
1.872000 3.074313e+002
1.874000 3.073120e+002
1.876000 3.071943e+002
1.878000 3.070783e+002
1.880000 3.069640e+002
1.882000 3.068513e+002
1.884000 3.067403e+002
1.886000 3.066308e+002
1.888000 3.065229e+002
1.890000 3.064166e+002
1.892000 3.063118e+002
1.894000 3.062086e+002
1.896000 3.061068e+002
1.898000 3.060066e+002
1.900000 3.059078e+002
1.902000 3.058105e+002
1.904000 3.057146e+002
1.906000 3.056201e+002
1.908000 3.055270e+002
1.910000 3.054353e+002
1.912000 3.053449e+002
1.914000 3.052559e+002
1.916000 3.051682e+002
1.918000 3.050818e+002
1.920000 3.049968e+002
1.922000 3.049130e+002
1.924000 3.048304e+002
1.926000 3.047491e+002
1.928000 3.046690e+002
1.930000 3.045902e+002
1.932000 3.045125e+002
1.934000 3.044360e+002
1.936000 3.043607e+002
1.938000 3.042865e+002
1.940000 3.042135e+002
1.942000 3.041416e+002
1.944000 3.040708e+002
1.946000 3.040011e+002
1.948000 3.039324e+002
1.950000 3.038648e+002
1.952000 3.037983e+002
1.954000 3.037328e+002
1.956000 3.036683e+002
1.958000 3.036048e+002
1.960000 3.035423e+002
1.962000 3.034808e+002
1.964000 3.034203e+002
1.966000 3.033607e+002
1.968000 3.033020e+002
1.970000 3.032443e+002
1.972000 3.031875e+002
1.974000 3.031316e+002
1.976000 3.030765e+002
1.978000 3.030224e+002
1.980000 3.029691e+002
1.982000 3.029166e+002
1.984000 3.028650e+002
1.986000 3.028143e+002
1.988000 3.027643e+002
1.990000 3.027152e+002
1.992000 3.026668e+002
1.994000 3.026192e+002
1.996000 3.025724e+002
1.998000 3.025264e+002
2.000000 3.024811e+002
2.002000 3.024365e+002
2.004000 3.023927e+002
2.006000 3.023495e+002
2.008000 3.023071e+002
2.010000 3.022654e+002
2.012000 3.022244e+002
2.014000 3.021841e+002
2.016000 3.021444e+002
2.018000 3.021053e+002
2.020000 3.020670e+002
2.022000 3.020292e+002
2.024000 3.019921e+002
2.026000 3.019556e+002
2.028000 3.019197e+002
2.030000 3.018845e+002
2.032000 3.018498e+002
2.034000 3.018157e+002
2.036000 3.017821e+002
2.038000 3.017492e+002
2.040000 3.017168e+002
2.042000 3.016849e+002
2.044000 3.016536e+002
2.046000 3.016228e+002
2.048000 3.015925e+002
2.050000 3.015628e+002
2.052000 3.015335e+002
2.054000 3.015048e+002
2.056000 3.014766e+002
2.058000 3.014488e+002
2.060000 3.014215e+002
2.062000 3.013947e+002
2.064000 3.013684e+002
2.066000 3.013425e+002
2.068000 3.013171e+002
2.070000 3.012921e+002
2.072000 3.012675e+002
2.074000 3.012434e+002
2.076000 3.012197e+002
2.078000 3.011964e+002
2.080000 3.011735e+002
2.082000 3.011510e+002
2.084000 3.011289e+002
2.086000 3.011072e+002
2.088000 3.010859e+002
2.090000 3.010650e+002
2.092000 3.010444e+002
2.094000 3.010242e+002
2.096000 3.010044e+002
2.098000 3.009849e+002
2.100000 3.009658e+002
2.102000 3.009470e+002
2.104000 3.009285e+002
2.106000 3.009104e+002
2.108000 3.008926e+002
2.110000 3.008751e+002
2.112000 3.008580e+002
2.114000 3.008411e+002
2.116000 3.008246e+002
2.118000 3.008083e+002
2.120000 3.007924e+002
2.122000 3.007767e+002
2.124000 3.007614e+002
2.126000 3.007463e+002
2.128000 3.007314e+002
2.130000 3.007169e+002
2.132000 3.007026e+002
2.134000 3.006886e+002
2.136000 3.006749e+002
2.138000 3.006614e+002
2.140000 3.006481e+002
2.142000 3.006351e+002
2.144000 3.006224e+002
2.146000 3.006098e+002
2.148000 3.005976e+002
2.150000 3.005855e+002
2.152000 3.005737e+002
2.154000 3.005620e+002
2.156000 3.005507e+002
2.158000 3.005395e+002
2.160000 3.005285e+002
2.162000 3.005177e+002
2.164000 3.005072e+002
2.166000 3.004968e+002
2.168000 3.004867e+002
2.170000 3.004767e+002
2.172000 3.004669e+002
2.174000 3.004573e+002
2.176000 3.004479e+002
2.178000 3.004387e+002
2.180000 3.004296e+002
2.182000 3.004208e+002
2.184000 3.004120e+002
2.186000 3.004035e+002
2.188000 3.003951e+002
2.190000 3.003869e+002
2.192000 3.003789e+002
2.194000 3.003710e+002
2.196000 3.003632e+002
2.198000 3.003556e+002
2.200000 3.003482e+002
2.202000 3.003409e+002
2.204000 3.003337e+002
2.206000 3.003267e+002
2.208000 3.003198e+002
2.210000 3.003131e+002
2.212000 3.003065e+002
2.214000 3.003000e+002
2.216000 3.002936e+002
2.218000 3.002874e+002
2.220000 3.002813e+002
2.222000 3.002753e+002
2.224000 3.002695e+002
2.226000 3.002637e+002
2.228000 3.002581e+002
2.230000 3.002526e+002
2.232000 3.002471e+002
2.234000 3.002418e+002
2.236000 3.002366e+002
2.238000 3.002316e+002
2.240000 3.002266e+002
2.242000 3.002217e+002
2.244000 3.002169e+002
2.246000 3.002122e+002
2.248000 3.002076e+002
2.250000 3.002031e+002
2.252000 3.001987e+002
2.254000 3.001944e+002
2.256000 3.001901e+002
2.258000 3.001860e+002
2.260000 3.001819e+002
2.262000 3.001779e+002
2.264000 3.001740e+002
2.266000 3.001702e+002
2.268000 3.001665e+002
2.270000 3.001628e+002
2.272000 3.001592e+002
2.274000 3.001557e+002
2.276000 3.001523e+002
2.278000 3.001489e+002
2.280000 3.001456e+002
2.282000 3.001424e+002
2.284000 3.001392e+002
2.286000 3.001361e+002
2.288000 3.001331e+002
2.290000 3.001301e+002
2.292000 3.001272e+002
2.294000 3.001244e+002
2.296000 3.001216e+002
2.298000 3.001189e+002
2.300000 3.001162e+002
2.302000 3.001136e+002
2.304000 3.001110e+002
2.306000 3.001085e+002
2.308000 3.001061e+002
2.310000 3.001037e+002
2.312000 3.001013e+002
2.314000 3.000990e+002
2.316000 3.000968e+002
2.318000 3.000946e+002
2.320000 3.000924e+002
2.322000 3.000903e+002
2.324000 3.000883e+002
2.326000 3.000862e+002
2.328000 3.000843e+002
2.330000 3.000823e+002
2.332000 3.000804e+002
2.334000 3.000786e+002
2.336000 3.000768e+002
2.338000 3.000750e+002
2.340000 3.000733e+002
2.342000 3.000716e+002
2.344000 3.000699e+002
2.346000 3.000683e+002
2.348000 3.000667e+002
2.350000 3.000652e+002
2.352000 3.000637e+002
2.354000 3.000622e+002
2.356000 3.000607e+002
2.358000 3.000593e+002
2.360000 3.000579e+002
2.362000 3.000566e+002
2.364000 3.000553e+002
2.366000 3.000540e+002
2.368000 3.000527e+002
2.370000 3.000515e+002
2.372000 3.000502e+002
2.374000 3.000491e+002
2.376000 3.000479e+002
2.378000 3.000468e+002
2.380000 3.000457e+002
2.382000 3.000446e+002
2.384000 3.000435e+002
2.386000 3.000425e+002
2.388000 3.000415e+002
2.390000 3.000405e+002
2.392000 3.000395e+002
2.394000 3.000386e+002
2.396000 3.000377e+002
2.398000 3.000368e+002
2.400000 3.000359e+002
2.402000 3.000350e+002
2.404000 3.000342e+002
2.406000 3.000333e+002
2.408000 3.000325e+002
2.410000 3.000318e+002
2.412000 3.000310e+002
2.414000 3.000302e+002
2.416000 3.000295e+002
2.418000 3.000288e+002
2.420000 3.000281e+002
2.422000 3.000274e+002
2.424000 3.000267e+002
2.426000 3.000261e+002
2.428000 3.000255e+002
2.430000 3.000248e+002
2.432000 3.000242e+002
2.434000 3.000236e+002
2.436000 3.000230e+002
2.438000 3.000225e+002
2.440000 3.000219e+002
2.442000 3.000214e+002
2.444000 3.000209e+002
2.446000 3.000203e+002
2.448000 3.000198e+002
2.450000 3.000194e+002
2.452000 3.000189e+002
2.454000 3.000184e+002
2.456000 3.000179e+002
2.458000 3.000175e+002
2.460000 3.000171e+002
2.462000 3.000166e+002
2.464000 3.000162e+002
2.466000 3.000158e+002
2.468000 3.000154e+002
2.470000 3.000150e+002
2.472000 3.000147e+002
2.474000 3.000143e+002
2.476000 3.000139e+002
2.478000 3.000136e+002
2.480000 3.000132e+002
2.482000 3.000129e+002
2.484000 3.000126e+002
2.486000 3.000123e+002
2.488000 3.000120e+002
2.490000 3.000116e+002
2.492000 3.000114e+002
2.494000 3.000111e+002
2.496000 3.000108e+002
2.498000 3.000105e+002
2.500000 3.000102e+002
2.502000 3.000100e+002
2.504000 3.000097e+002
2.506000 3.000095e+002
2.508000 3.000092e+002
2.510000 3.000090e+002
2.512000 3.000088e+002
2.514000 3.000085e+002
2.516000 3.000083e+002
2.518000 3.000081e+002
2.520000 3.000079e+002
2.522000 3.000077e+002
2.524000 3.000075e+002
2.526000 3.000073e+002
2.528000 3.000071e+002
2.530000 3.000069e+002
2.532000 3.000067e+002
2.534000 3.000066e+002
2.536000 3.000064e+002
2.538000 3.000062e+002
2.540000 3.000061e+002
2.542000 3.000059e+002
2.544000 3.000058e+002
2.546000 3.000056e+002
2.548000 3.000055e+002
2.550000 3.000053e+002
2.552000 3.000052e+002
2.554000 3.000050e+002
2.556000 3.000049e+002
2.558000 3.000048e+002
2.560000 3.000046e+002
2.562000 3.000045e+002
2.564000 3.000044e+002
2.566000 3.000043e+002
2.568000 3.000042e+002
2.570000 3.000041e+002
2.572000 3.000040e+002
2.574000 3.000038e+002
2.576000 3.000037e+002
2.578000 3.000036e+002
2.580000 3.000035e+002
2.582000 3.000035e+002
2.584000 3.000034e+002
2.586000 3.000033e+002
2.588000 3.000032e+002
2.590000 3.000031e+002
2.592000 3.000030e+002
2.594000 3.000029e+002
2.596000 3.000029e+002
2.598000 3.000028e+002
2.600000 3.000027e+002
2.602000 3.000026e+002
2.604000 3.000026e+002
2.606000 3.000025e+002
2.608000 3.000024e+002
2.610000 3.000024e+002
2.612000 3.000023e+002
2.614000 3.000022e+002
2.616000 3.000022e+002
2.618000 3.000021e+002
2.620000 3.000021e+002
2.622000 3.000020e+002
2.624000 3.000019e+002
2.626000 3.000019e+002
2.628000 3.000018e+002
2.630000 3.000018e+002
2.632000 3.000017e+002
2.634000 3.000017e+002
2.636000 3.000016e+002
2.638000 3.000016e+002
2.640000 3.000016e+002
2.642000 3.000015e+002
2.644000 3.000015e+002
2.646000 3.000014e+002
2.648000 3.000014e+002
2.650000 3.000013e+002
2.652000 3.000013e+002
2.654000 3.000013e+002
2.656000 3.000012e+002
2.658000 3.000012e+002
2.660000 3.000012e+002
2.662000 3.000011e+002
2.664000 3.000011e+002
2.666000 3.000011e+002
2.668000 3.000010e+002
2.670000 3.000010e+002
2.672000 3.000010e+002
2.674000 3.000010e+002
2.676000 3.000009e+002
2.678000 3.000009e+002
2.680000 3.000009e+002
2.682000 3.000009e+002
2.684000 3.000008e+002
2.686000 3.000008e+002
2.688000 3.000008e+002
2.690000 3.000008e+002
2.692000 3.000007e+002
2.694000 3.000007e+002
2.696000 3.000007e+002
2.698000 3.000007e+002
2.700000 3.000007e+002
2.702000 3.000006e+002
2.704000 3.000006e+002
2.706000 3.000006e+002
2.708000 3.000006e+002
2.710000 3.000006e+002
2.712000 3.000006e+002
2.714000 3.000005e+002
2.716000 3.000005e+002
2.718000 3.000005e+002
2.720000 3.000005e+002
2.722000 3.000005e+002
2.724000 3.000005e+002
2.726000 3.000005e+002
2.728000 3.000004e+002
2.730000 3.000004e+002
2.732000 3.000004e+002
2.734000 3.000004e+002
2.736000 3.000004e+002
2.738000 3.000004e+002
2.740000 3.000004e+002
2.742000 3.000004e+002
2.744000 3.000003e+002
2.746000 3.000003e+002
2.748000 3.000003e+002
2.750000 3.000003e+002
2.752000 3.000003e+002
2.754000 3.000003e+002
2.756000 3.000003e+002
2.758000 3.000003e+002
2.760000 3.000003e+002
2.762000 3.000003e+002
2.764000 3.000003e+002
2.766000 3.000002e+002
2.768000 3.000002e+002
2.770000 3.000002e+002
2.772000 3.000002e+002
2.774000 3.000002e+002
2.776000 3.000002e+002
2.778000 3.000002e+002
2.780000 3.000002e+002
2.782000 3.000002e+002
2.784000 3.000002e+002
2.786000 3.000002e+002
2.788000 3.000002e+002
2.790000 3.000002e+002
2.792000 3.000002e+002
2.794000 3.000002e+002
2.796000 3.000002e+002
2.798000 3.000002e+002
2.800000 3.000001e+002
2.802000 3.000001e+002
2.804000 3.000001e+002
2.806000 3.000001e+002
2.808000 3.000001e+002
2.810000 3.000001e+002
2.812000 3.000001e+002
2.814000 3.000001e+002
2.816000 3.000001e+002
2.818000 3.000001e+002
2.820000 3.000001e+002
2.822000 3.000001e+002
2.824000 3.000001e+002
2.826000 3.000001e+002
2.828000 3.000001e+002
2.830000 3.000001e+002
2.832000 3.000001e+002
2.834000 3.000001e+002
2.836000 3.000001e+002
2.838000 3.000001e+002
2.840000 3.000001e+002
2.842000 3.000001e+002
2.844000 3.000001e+002
2.846000 3.000001e+002
2.848000 3.000001e+002
2.850000 3.000001e+002
2.852000 3.000001e+002
2.854000 3.000001e+002
2.856000 3.000001e+002
2.858000 3.000001e+002
2.860000 3.000001e+002
2.862000 3.000001e+002
2.864000 3.000001e+002
2.866000 3.000001e+002
2.868000 3.000001e+002
2.870000 3.000000e+002
2.872000 3.000000e+002
2.874000 3.000000e+002
2.876000 3.000000e+002
2.878000 3.000000e+002
2.880000 3.000000e+002
2.882000 3.000000e+002
2.884000 3.000000e+002
2.886000 3.000000e+002
2.888000 3.000000e+002
2.890000 3.000000e+002
2.892000 3.000000e+002
2.894000 3.000000e+002
2.896000 3.000000e+002
2.898000 3.000000e+002
2.900000 3.000000e+002
2.902000 3.000000e+002
2.904000 3.000000e+002
2.906000 3.000000e+002
2.908000 3.000000e+002
2.910000 3.000000e+002
2.912000 3.000000e+002
2.914000 3.000000e+002
2.916000 3.000000e+002
2.918000 3.000000e+002
2.920000 3.000000e+002
2.922000 3.000000e+002
2.924000 3.000000e+002
2.926000 3.000000e+002
2.928000 3.000000e+002
2.930000 3.000000e+002
2.932000 3.000000e+002
2.934000 3.000000e+002
2.936000 3.000000e+002
2.938000 3.000000e+002
2.940000 3.000000e+002
2.942000 3.000000e+002
2.944000 3.000000e+002
2.946000 3.000000e+002
2.948000 3.000000e+002
2.950000 3.000000e+002
2.952000 3.000000e+002
2.954000 3.000000e+002
2.956000 3.000000e+002
2.958000 3.000000e+002
2.960000 3.000000e+002
2.962000 3.000000e+002
2.964000 3.000000e+002
2.966000 3.000000e+002
2.968000 3.000000e+002
2.970000 3.000000e+002
2.972000 3.000000e+002
2.974000 3.000000e+002
2.976000 3.000000e+002
2.978000 3.000000e+002
2.980000 3.000000e+002
2.982000 3.000000e+002
2.984000 3.000000e+002
2.986000 3.000000e+002
2.988000 3.000000e+002
2.990000 3.000000e+002
2.992000 3.000000e+002
2.994000 3.000000e+002
2.996000 3.000000e+002
2.998000 3.000000e+002
3.000000 3.000000e+002
3.002000 3.000000e+002
3.004000 3.000000e+002
3.006000 3.000000e+002
3.008000 3.000000e+002
3.010000 3.000000e+002
3.012000 3.000000e+002
3.014000 3.000000e+002
3.016000 3.000000e+002
3.018000 3.000000e+002
3.020000 3.000000e+002
3.022000 3.000000e+002
3.024000 3.000000e+002
3.026000 3.000000e+002
3.028000 3.000000e+002
3.030000 3.000000e+002
3.032000 3.000000e+002
3.034000 3.000000e+002
3.036000 3.000000e+002
3.038000 3.000000e+002
3.040000 3.000000e+002
3.042000 3.000000e+002
3.044000 3.000000e+002
3.046000 3.000000e+002
3.048000 3.000000e+002
3.050000 3.000000e+002
3.052000 3.000000e+002
3.054000 3.000000e+002
3.056000 3.000000e+002
3.058000 3.000000e+002
3.060000 3.000000e+002
3.062000 3.000000e+002
3.064000 3.000000e+002
3.066000 3.000000e+002
3.068000 3.000000e+002
3.070000 3.000000e+002
3.072000 3.000000e+002
3.074000 3.000000e+002
3.076000 3.000000e+002
3.078000 3.000000e+002
3.080000 3.000000e+002
3.082000 3.000000e+002
3.084000 3.000000e+002
3.086000 3.000000e+002
3.088000 3.000000e+002
3.090000 3.000000e+002
3.092000 3.000000e+002
3.094000 3.000000e+002
3.096000 3.000000e+002
3.098000 3.000000e+002
3.100000 3.000000e+002
3.102000 3.000000e+002
3.104000 3.000000e+002
3.106000 3.000000e+002
3.108000 3.000000e+002
3.110000 3.000000e+002
3.112000 3.000000e+002
3.114000 3.000000e+002
3.116000 3.000000e+002
3.118000 3.000000e+002
3.120000 3.000000e+002
3.122000 3.000000e+002
3.124000 3.000000e+002
3.126000 3.000000e+002
3.128000 3.000000e+002
3.130000 3.000000e+002
3.132000 3.000000e+002
3.134000 3.000000e+002
3.136000 3.000000e+002
3.138000 3.000000e+002
3.140000 3.000000e+002
3.142000 3.000000e+002
3.144000 3.000000e+002
3.146000 3.000000e+002
3.148000 3.000000e+002
3.150000 3.000000e+002
3.152000 3.000000e+002
3.154000 3.000000e+002
3.156000 3.000000e+002
3.158000 3.000000e+002
3.160000 3.000000e+002
3.162000 3.000000e+002
3.164000 3.000000e+002
3.166000 3.000000e+002
3.168000 3.000000e+002
3.170000 3.000000e+002
3.172000 3.000000e+002
3.174000 3.000000e+002
3.176000 3.000000e+002
3.178000 3.000000e+002
3.180000 3.000000e+002
3.182000 3.000000e+002
3.184000 3.000000e+002
3.186000 3.000000e+002
3.188000 3.000000e+002
3.190000 3.000000e+002
3.192000 3.000000e+002
3.194000 3.000000e+002
3.196000 3.000000e+002
3.198000 3.000000e+002
3.200000 3.000000e+002
3.202000 3.000000e+002
3.204000 3.000000e+002
3.206000 3.000000e+002
3.208000 3.000000e+002
3.210000 3.000000e+002
3.212000 3.000000e+002
3.214000 3.000000e+002
3.216000 3.000000e+002
3.218000 3.000000e+002
3.220000 3.000000e+002
3.222000 3.000000e+002
3.224000 3.000000e+002
3.226000 3.000000e+002
3.228000 3.000000e+002
3.230000 3.000000e+002
3.232000 3.000000e+002
3.234000 3.000000e+002
3.236000 3.000000e+002
3.238000 3.000000e+002
3.240000 3.000000e+002
3.242000 3.000000e+002
3.244000 3.000000e+002
3.246000 3.000000e+002
3.248000 3.000000e+002
3.250000 3.000000e+002
3.252000 3.000000e+002
3.254000 3.000000e+002
3.256000 3.000000e+002
3.258000 3.000000e+002
3.260000 3.000000e+002
3.262000 3.000000e+002
3.264000 3.000000e+002
3.266000 3.000000e+002
3.268000 3.000000e+002
3.270000 3.000000e+002
3.272000 3.000000e+002
3.274000 3.000000e+002
3.276000 3.000000e+002
3.278000 3.000000e+002
3.280000 3.000000e+002
3.282000 3.000000e+002
3.284000 3.000000e+002
3.286000 3.000000e+002
3.288000 3.000000e+002
3.290000 3.000000e+002
3.292000 3.000000e+002
3.294000 3.000000e+002
3.296000 3.000000e+002
3.298000 3.000000e+002
3.300000 3.000000e+002
3.302000 3.000000e+002
3.304000 3.000000e+002
3.306000 3.000000e+002
3.308000 3.000000e+002
3.310000 3.000000e+002
3.312000 3.000000e+002
3.314000 3.000000e+002
3.316000 3.000000e+002
3.318000 3.000000e+002
3.320000 3.000000e+002
3.322000 3.000000e+002
3.324000 3.000000e+002
3.326000 3.000000e+002
3.328000 3.000000e+002
3.330000 3.000000e+002
3.332000 3.000000e+002
3.334000 3.000000e+002
3.336000 3.000000e+002
3.338000 3.000000e+002
3.340000 3.000000e+002
3.342000 3.000000e+002
3.344000 3.000000e+002
3.346000 3.000000e+002
3.348000 3.000000e+002
3.350000 3.000000e+002
3.352000 3.000000e+002
3.354000 3.000000e+002
3.356000 3.000000e+002
3.358000 3.000000e+002
3.360000 3.000000e+002
3.362000 3.000000e+002
3.364000 3.000000e+002
3.366000 3.000000e+002
3.368000 3.000000e+002
3.370000 3.000000e+002
3.372000 3.000000e+002
3.374000 3.000000e+002
3.376000 3.000000e+002
3.378000 3.000000e+002
3.380000 3.000000e+002
3.382000 3.000000e+002
3.384000 3.000000e+002
3.386000 3.000000e+002
3.388000 3.000000e+002
3.390000 3.000000e+002
3.392000 3.000000e+002
3.394000 3.000000e+002
3.396000 3.000000e+002
3.398000 3.000000e+002
3.400000 3.000000e+002
3.402000 3.000000e+002
3.404000 3.000000e+002
3.406000 3.000000e+002
3.408000 3.000000e+002
3.410000 3.000000e+002
3.412000 3.000000e+002
3.414000 3.000000e+002
3.416000 3.000000e+002
3.418000 3.000000e+002
3.420000 3.000000e+002
3.422000 3.000000e+002
3.424000 3.000000e+002
3.426000 3.000000e+002
3.428000 3.000000e+002
3.430000 3.000000e+002
3.432000 3.000000e+002
3.434000 3.000000e+002
3.436000 3.000000e+002
3.438000 3.000000e+002
3.440000 3.000000e+002
3.442000 3.000000e+002
3.444000 3.000000e+002
3.446000 3.000000e+002
3.448000 3.000000e+002
3.450000 3.000000e+002
3.452000 3.000000e+002
3.454000 3.000000e+002
3.456000 3.000000e+002
3.458000 3.000000e+002
3.460000 3.000000e+002
3.462000 3.000000e+002
3.464000 3.000000e+002
3.466000 3.000000e+002
3.468000 3.000000e+002
3.470000 3.000000e+002
3.472000 3.000000e+002
3.474000 3.000000e+002
3.476000 3.000000e+002
3.478000 3.000000e+002
3.480000 3.000000e+002
3.482000 3.000000e+002
3.484000 3.000000e+002
3.486000 3.000000e+002
3.488000 3.000000e+002
3.490000 3.000000e+002
3.492000 3.000000e+002
3.494000 3.000000e+002
3.496000 3.000000e+002
3.498000 3.000000e+002
3.500000 3.000000e+002
3.502000 3.000000e+002
3.504000 3.000000e+002
3.506000 3.000000e+002
3.508000 3.000000e+002
3.510000 3.000000e+002
3.512000 3.000000e+002
3.514000 3.000000e+002
3.516000 3.000000e+002
3.518000 3.000000e+002
3.520000 3.000000e+002
3.522000 3.000000e+002
3.524000 3.000000e+002
3.526000 3.000000e+002
3.528000 3.000000e+002
3.530000 3.000000e+002
3.532000 3.000000e+002
3.534000 3.000000e+002
3.536000 3.000000e+002
3.538000 3.000000e+002
3.540000 3.000000e+002
3.542000 3.000000e+002
3.544000 3.000000e+002
3.546000 3.000000e+002
3.548000 3.000000e+002
3.550000 3.000000e+002
3.552000 3.000000e+002
3.554000 3.000000e+002
3.556000 3.000000e+002
3.558000 3.000000e+002
3.560000 3.000000e+002
3.562000 3.000000e+002
3.564000 3.000000e+002
3.566000 3.000000e+002
3.568000 3.000000e+002
3.570000 3.000000e+002
3.572000 3.000000e+002
3.574000 3.000000e+002
3.576000 3.000000e+002
3.578000 3.000000e+002
3.580000 3.000000e+002
3.582000 3.000000e+002
3.584000 3.000000e+002
3.586000 3.000000e+002
3.588000 3.000000e+002
3.590000 3.000000e+002
3.592000 3.000000e+002
3.594000 3.000000e+002
3.596000 3.000000e+002
3.598000 3.000000e+002
3.600000 3.000000e+002
3.602000 3.000000e+002
3.604000 3.000000e+002
3.606000 3.000000e+002
3.608000 3.000000e+002
3.610000 3.000000e+002
3.612000 3.000000e+002
3.614000 3.000000e+002
3.616000 3.000000e+002
3.618000 3.000000e+002
3.620000 3.000000e+002
3.622000 3.000000e+002
3.624000 3.000000e+002
3.626000 3.000000e+002
3.628000 3.000000e+002
3.630000 3.000000e+002
3.632000 3.000000e+002
3.634000 3.000000e+002
3.636000 3.000000e+002
3.638000 3.000000e+002
3.640000 3.000000e+002
3.642000 3.000000e+002
3.644000 3.000000e+002
3.646000 3.000000e+002
3.648000 3.000000e+002
3.650000 3.000000e+002
3.652000 3.000000e+002
3.654000 3.000000e+002
3.656000 3.000000e+002
3.658000 3.000000e+002
3.660000 3.000000e+002
3.662000 3.000000e+002
3.664000 3.000000e+002
3.666000 3.000000e+002
3.668000 3.000000e+002
3.670000 3.000000e+002
3.672000 3.000000e+002
3.674000 3.000000e+002
3.676000 3.000000e+002
3.678000 3.000000e+002
3.680000 3.000000e+002
3.682000 3.000000e+002
3.684000 3.000000e+002
3.686000 3.000000e+002
3.688000 3.000000e+002
3.690000 3.000000e+002
3.692000 3.000000e+002
3.694000 3.000000e+002
3.696000 3.000000e+002
3.698000 3.000000e+002
3.700000 3.000000e+002
3.702000 3.000000e+002
3.704000 3.000000e+002
3.706000 3.000000e+002
3.708000 3.000000e+002
3.710000 3.000000e+002
3.712000 3.000000e+002
3.714000 3.000000e+002
3.716000 3.000000e+002
3.718000 3.000000e+002
3.720000 3.000000e+002
3.722000 3.000000e+002
3.724000 3.000000e+002
3.726000 3.000000e+002
3.728000 3.000000e+002
3.730000 3.000000e+002
3.732000 3.000000e+002
3.734000 3.000000e+002
3.736000 3.000000e+002
3.738000 3.000000e+002
3.740000 3.000000e+002
3.742000 3.000000e+002
3.744000 3.000000e+002
3.746000 3.000000e+002
3.748000 3.000000e+002
3.750000 3.000000e+002
3.752000 3.000000e+002
3.754000 3.000000e+002
3.756000 3.000000e+002
3.758000 3.000000e+002
3.760000 3.000000e+002
3.762000 3.000000e+002
3.764000 3.000000e+002
3.766000 3.000000e+002
3.768000 3.000000e+002
3.770000 3.000000e+002
3.772000 3.000000e+002
3.774000 3.000000e+002
3.776000 3.000000e+002
3.778000 3.000000e+002
3.780000 3.000000e+002
3.782000 3.000000e+002
3.784000 3.000000e+002
3.786000 3.000000e+002
3.788000 3.000000e+002
3.790000 3.000000e+002
3.792000 3.000000e+002
3.794000 3.000000e+002
3.796000 3.000000e+002
3.798000 3.000000e+002
3.800000 3.000000e+002
3.802000 3.000000e+002
3.804000 3.000000e+002
3.806000 3.000000e+002
3.808000 3.000000e+002
3.810000 3.000000e+002
3.812000 3.000000e+002
3.814000 3.000000e+002
3.816000 3.000000e+002
3.818000 3.000000e+002
3.820000 3.000000e+002
3.822000 3.000000e+002
3.824000 3.000000e+002
3.826000 3.000000e+002
3.828000 3.000000e+002
3.830000 3.000000e+002
3.832000 3.000000e+002
3.834000 3.000000e+002
3.836000 3.000000e+002
3.838000 3.000000e+002
3.840000 3.000000e+002
3.842000 3.000000e+002
3.844000 3.000000e+002
3.846000 3.000000e+002
3.848000 3.000000e+002
3.850000 3.000000e+002
3.852000 3.000000e+002
3.854000 3.000000e+002
3.856000 3.000000e+002
3.858000 3.000000e+002
3.860000 3.000000e+002
3.862000 3.000000e+002
3.864000 3.000000e+002
3.866000 3.000000e+002
3.868000 3.000000e+002
3.870000 3.000000e+002
3.872000 3.000000e+002
3.874000 3.000000e+002
3.876000 3.000000e+002
3.878000 3.000000e+002
3.880000 3.000000e+002
3.882000 3.000000e+002
3.884000 3.000000e+002
3.886000 3.000000e+002
3.888000 3.000000e+002
3.890000 3.000000e+002
3.892000 3.000000e+002
3.894000 3.000000e+002
3.896000 3.000000e+002
3.898000 3.000000e+002
3.900000 3.000000e+002
3.902000 3.000000e+002
3.904000 3.000000e+002
3.906000 3.000000e+002
3.908000 3.000000e+002
3.910000 3.000000e+002
3.912000 3.000000e+002
3.914000 3.000000e+002
3.916000 3.000000e+002
3.918000 3.000000e+002
3.920000 3.000000e+002
3.922000 3.000000e+002
3.924000 3.000000e+002
3.926000 3.000000e+002
3.928000 3.000000e+002
3.930000 3.000000e+002
3.932000 3.000000e+002
3.934000 3.000000e+002
3.936000 3.000000e+002
3.938000 3.000000e+002
3.940000 3.000000e+002
3.942000 3.000000e+002
3.944000 3.000000e+002
3.946000 3.000000e+002
3.948000 3.000000e+002
3.950000 3.000000e+002
3.952000 3.000000e+002
3.954000 3.000000e+002
3.956000 3.000000e+002
3.958000 3.000000e+002
3.960000 3.000000e+002
3.962000 3.000000e+002
3.964000 3.000000e+002
3.966000 3.000000e+002
3.968000 3.000000e+002
3.970000 3.000000e+002
3.972000 3.000000e+002
3.974000 3.000000e+002
3.976000 3.000000e+002
3.978000 3.000000e+002
3.980000 3.000000e+002
3.982000 3.000000e+002
3.984000 3.000000e+002
3.986000 3.000000e+002
3.988000 3.000000e+002
3.990000 3.000000e+002
3.992000 3.000000e+002
3.994000 3.000000e+002
3.996000 3.000000e+002
3.998000 3.000000e+002
