0.000000 3.332731e+002
0.002000 3.369560e+002
0.004000 3.406379e+002
0.006000 3.443187e+002
0.008000 3.479983e+002
0.010000 3.516766e+002
0.012000 3.553536e+002
0.014000 3.590291e+002
0.016000 3.627029e+002
0.018000 3.663751e+002
0.020000 3.700455e+002
0.022000 3.737140e+002
0.024000 3.773806e+002
0.026000 3.810450e+002
0.028000 3.847073e+002
0.030000 3.883673e+002
0.032000 3.920249e+002
0.034000 3.956800e+002
0.036000 3.993326e+002
0.038000 4.029824e+002
0.040000 4.066295e+002
0.042000 4.102738e+002
0.044000 4.139150e+002
0.046000 4.175532e+002
0.048000 4.211882e+002
0.050000 4.248200e+002
0.052000 4.284484e+002
0.054000 4.320733e+002
0.056000 4.356947e+002
0.058000 4.393124e+002
0.060000 4.429264e+002
0.062000 4.465365e+002
0.064000 4.501426e+002
0.066000 4.537448e+002
0.068000 4.573428e+002
0.070000 4.609365e+002
0.072000 4.645260e+002
0.074000 4.681110e+002
0.076000 4.716915e+002
0.078000 4.752673e+002
0.080000 4.788385e+002
0.082000 4.824048e+002
0.084000 4.859663e+002
0.086000 4.895227e+002
0.088000 4.930741e+002
0.090000 4.966202e+002
0.092000 5.001611e+002
0.094000 5.036966e+002
0.096000 5.072267e+002
0.098000 5.107512e+002
0.100000 5.142700e+002
0.102000 5.177831e+002
0.104000 5.212904e+002
0.106000 5.247917e+002
0.108000 5.282870e+002
0.110000 5.317762e+002
0.112000 5.352592e+002
0.114000 5.387359e+002
0.116000 5.422062e+002
0.118000 5.456700e+002
0.120000 5.491273e+002
0.122000 5.525779e+002
0.124000 5.560218e+002
0.126000 5.594588e+002
0.128000 5.628889e+002
0.130000 5.663119e+002
0.132000 5.697279e+002
0.134000 5.731367e+002
0.136000 5.765382e+002
0.138000 5.799323e+002
0.140000 5.833190e+002
0.142000 5.866981e+002
0.144000 5.900696e+002
0.146000 5.934334e+002
0.148000 5.967894e+002
0.150000 6.001375e+002
0.152000 6.034777e+002
0.154000 6.068097e+002
0.156000 6.101337e+002
0.158000 6.134494e+002
0.160000 6.167568e+002
0.162000 6.200558e+002
0.164000 6.233463e+002
0.166000 6.266283e+002
0.168000 6.299016e+002
0.170000 6.331662e+002
0.172000 6.364220e+002
0.174000 6.396689e+002
0.176000 6.429069e+002
0.178000 6.461357e+002
0.180000 6.493555e+002
0.182000 6.525661e+002
0.184000 6.557673e+002
0.186000 6.589592e+002
0.188000 6.621417e+002
0.190000 6.653146e+002
0.192000 6.684779e+002
0.194000 6.716316e+002
0.196000 6.747754e+002
0.198000 6.779095e+002
0.200000 6.810336e+002
0.202000 6.841478e+002
0.204000 6.872519e+002
0.206000 6.903459e+002
0.208000 6.934296e+002
0.210000 6.965031e+002
0.212000 6.995662e+002
0.214000 7.026188e+002
0.216000 7.056610e+002
0.218000 7.086926e+002
0.220000 7.117136e+002
0.222000 7.147238e+002
0.224000 7.177232e+002
0.226000 7.207118e+002
0.228000 7.236894e+002
0.230000 7.266561e+002
0.232000 7.296116e+002
0.234000 7.325561e+002
0.236000 7.354893e+002
0.238000 7.384112e+002
0.240000 7.413218e+002
0.242000 7.442210e+002
0.244000 7.471087e+002
0.246000 7.499849e+002
0.248000 7.528495e+002
0.250000 7.557024e+002
0.252000 7.585436e+002
0.254000 7.613729e+002
0.256000 7.641904e+002
0.258000 7.669960e+002
0.260000 7.697896e+002
0.262000 7.725711e+002
0.264000 7.753405e+002
0.266000 7.780978e+002
0.268000 7.808428e+002
0.270000 7.835755e+002
0.272000 7.862958e+002
0.274000 7.890038e+002
0.276000 7.916993e+002
0.278000 7.943822e+002
0.280000 7.970526e+002
0.282000 7.997103e+002
0.284000 8.023553e+002
0.286000 8.049875e+002
0.288000 8.076070e+002
0.290000 8.102136e+002
0.292000 8.128072e+002
0.294000 8.153879e+002
0.296000 8.179556e+002
0.298000 8.205101e+002
0.300000 8.230516e+002
0.302000 8.255798e+002
0.304000 8.280949e+002
0.306000 8.305966e+002
0.308000 8.330850e+002
0.310000 8.355600e+002
0.312000 8.380216e+002
0.314000 8.404697e+002
0.316000 8.429042e+002
0.318000 8.453252e+002
0.320000 8.477325e+002
0.322000 8.501262e+002
0.324000 8.525062e+002
0.326000 8.548724e+002
0.328000 8.572248e+002
0.330000 8.595633e+002
0.332000 8.618879e+002
0.334000 8.641986e+002
0.336000 8.664953e+002
0.338000 8.687780e+002
0.340000 8.710467e+002
0.342000 8.733012e+002
0.344000 8.755415e+002
0.346000 8.777677e+002
0.348000 8.799797e+002
0.350000 8.821774e+002
0.352000 8.843608e+002
0.354000 8.865298e+002
0.356000 8.886845e+002
0.358000 8.908248e+002
0.360000 8.929506e+002
0.362000 8.950619e+002
0.364000 8.971587e+002
0.366000 8.992410e+002
0.368000 9.013086e+002
0.370000 9.033617e+002
0.372000 9.054001e+002
0.374000 9.074238e+002
0.376000 9.094328e+002
0.378000 9.114270e+002
0.380000 9.134065e+002
0.382000 9.153711e+002
0.384000 9.173210e+002
0.386000 9.192559e+002
0.388000 9.211760e+002
0.390000 9.230811e+002
0.392000 9.249713e+002
0.394000 9.268466e+002
0.396000 9.287068e+002
0.398000 9.305520e+002
0.400000 9.323822e+002
0.402000 9.341973e+002
0.404000 9.359973e+002
0.406000 9.377821e+002
0.408000 9.395519e+002
0.410000 9.413064e+002
0.412000 9.430458e+002
0.414000 9.447700e+002
0.416000 9.464790e+002
0.418000 9.481727e+002
0.420000 9.498511e+002
0.422000 9.515143e+002
0.424000 9.531622e+002
0.426000 9.547947e+002
0.428000 9.564120e+002
0.430000 9.580138e+002
0.432000 9.596003e+002
0.434000 9.611715e+002
0.436000 9.627272e+002
0.438000 9.642675e+002
0.440000 9.657925e+002
0.442000 9.673019e+002
0.444000 9.687960e+002
0.446000 9.702746e+002
0.448000 9.717377e+002
0.450000 9.731853e+002
0.452000 9.746174e+002
0.454000 9.760341e+002
0.456000 9.774352e+002
0.458000 9.788209e+002
0.460000 9.801910e+002
0.462000 9.815455e+002
0.464000 9.828846e+002
0.466000 9.842081e+002
0.468000 9.855160e+002
0.470000 9.868084e+002
0.472000 9.880853e+002
0.474000 9.893466e+002
0.476000 9.905923e+002
0.478000 9.918225e+002
0.480000 9.930371e+002
0.482000 9.942361e+002
0.484000 9.954195e+002
0.486000 9.965874e+002
0.488000 9.977397e+002
0.490000 9.988765e+002
0.492000 9.999976e+002
0.494000 1.001103e+003
0.496000 1.002193e+003
0.498000 1.003268e+003
0.500000 1.004327e+003
0.502000 1.005370e+003
0.504000 1.006398e+003
0.506000 1.007410e+003
0.508000 1.008407e+003
0.510000 1.009388e+003
0.512000 1.010354e+003
0.514000 1.011304e+003
0.516000 1.012239e+003
0.518000 1.013158e+003
0.520000 1.014061e+003
0.522000 1.014949e+003
0.524000 1.015822e+003
0.526000 1.016679e+003
0.528000 1.017521e+003
0.530000 1.018347e+003
0.532000 1.019158e+003
0.534000 1.019954e+003
0.536000 1.020734e+003
0.538000 1.021498e+003
0.540000 1.022248e+003
0.542000 1.022982e+003
0.544000 1.023700e+003
0.546000 1.024403e+003
0.548000 1.025091e+003
0.550000 1.025764e+003
0.552000 1.026421e+003
0.554000 1.027063e+003
0.556000 1.027690e+003
0.558000 1.028301e+003
0.560000 1.028898e+003
0.562000 1.029479e+003
0.564000 1.030045e+003
0.566000 1.030596e+003
0.568000 1.031131e+003
0.570000 1.031652e+003
0.572000 1.032157e+003
0.574000 1.032648e+003
0.576000 1.033123e+003
0.578000 1.033583e+003
0.580000 1.034029e+003
0.582000 1.034459e+003
0.584000 1.034874e+003
0.586000 1.035275e+003
0.588000 1.035660e+003
0.590000 1.036031e+003
0.592000 1.036387e+003
0.594000 1.036728e+003
0.596000 1.037054e+003
0.598000 1.037366e+003
0.600000 1.037662e+003
0.602000 1.037944e+003
0.604000 1.038212e+003
0.606000 1.038464e+003
0.608000 1.038702e+003
0.610000 1.038926e+003
0.612000 1.039135e+003
0.614000 1.039329e+003
0.616000 1.039509e+003
0.618000 1.039674e+003
0.620000 1.039825e+003
0.622000 1.039962e+003
0.624000 1.040084e+003
0.626000 1.040192e+003
0.628000 1.040286e+003
0.630000 1.040365e+003
0.632000 1.040430e+003
0.634000 1.040481e+003
0.636000 1.040518e+003
0.638000 1.040540e+003
0.640000 1.040549e+003
0.642000 1.040543e+003
0.644000 1.040524e+003
0.646000 1.040490e+003
0.648000 1.040443e+003
0.650000 1.040381e+003
0.652000 1.040306e+003
0.654000 1.040217e+003
0.656000 1.040114e+003
0.658000 1.039998e+003
0.660000 1.039868e+003
0.662000 1.039724e+003
0.664000 1.039566e+003
0.666000 1.039395e+003
0.668000 1.039211e+003
0.670000 1.039013e+003
0.672000 1.038801e+003
0.674000 1.038577e+003
0.676000 1.038338e+003
0.678000 1.038087e+003
0.680000 1.037822e+003
0.682000 1.037544e+003
0.684000 1.037253e+003
0.686000 1.036948e+003
0.688000 1.036631e+003
0.690000 1.036300e+003
0.692000 1.035957e+003
0.694000 1.035601e+003
0.696000 1.035231e+003
0.698000 1.034849e+003
0.700000 1.034454e+003
0.702000 1.034046e+003
0.704000 1.033626e+003
0.706000 1.033193e+003
0.708000 1.032747e+003
0.710000 1.032289e+003
0.712000 1.031818e+003
0.714000 1.031335e+003
0.716000 1.030839e+003
0.718000 1.030331e+003
0.720000 1.029811e+003
0.722000 1.029279e+003
0.724000 1.028734e+003
0.726000 1.028177e+003
0.728000 1.027608e+003
0.730000 1.027027e+003
0.732000 1.026434e+003
0.734000 1.025829e+003
0.736000 1.025212e+003
0.738000 1.024583e+003
0.740000 1.023943e+003
0.742000 1.023290e+003
0.744000 1.022626e+003
0.746000 1.021951e+003
0.748000 1.021264e+003
0.750000 1.020565e+003
0.752000 1.019855e+003
0.754000 1.019133e+003
0.756000 1.018400e+003
0.758000 1.017656e+003
0.760000 1.016901e+003
0.762000 1.016134e+003
0.764000 1.015357e+003
0.766000 1.014568e+003
0.768000 1.013768e+003
0.770000 1.012957e+003
0.772000 1.012136e+003
0.774000 1.011303e+003
0.776000 1.010460e+003
0.778000 1.009606e+003
0.780000 1.008742e+003
0.782000 1.007867e+003
0.784000 1.006981e+003
0.786000 1.006085e+003
0.788000 1.005178e+003
0.790000 1.004261e+003
0.792000 1.003334e+003
0.794000 1.002396e+003
0.796000 1.001448e+003
0.798000 1.000491e+003
0.800000 9.995226e+002
0.802000 9.985446e+002
0.804000 9.975568e+002
0.806000 9.965590e+002
0.808000 9.955514e+002
0.810000 9.945341e+002
0.812000 9.935070e+002
0.814000 9.924703e+002
0.816000 9.914241e+002
0.818000 9.903683e+002
0.820000 9.893031e+002
0.822000 9.882285e+002
0.824000 9.871445e+002
0.826000 9.860513e+002
0.828000 9.849489e+002
0.830000 9.838374e+002
0.832000 9.827167e+002
0.834000 9.815871e+002
0.836000 9.804485e+002
0.838000 9.793010e+002
0.840000 9.781447e+002
0.842000 9.769796e+002
0.844000 9.758058e+002
0.846000 9.746234e+002
0.848000 9.734325e+002
0.850000 9.722330e+002
0.852000 9.710251e+002
0.854000 9.698088e+002
0.856000 9.685841e+002
0.858000 9.673513e+002
0.860000 9.661102e+002
0.862000 9.648610e+002
0.864000 9.636038e+002
0.866000 9.623386e+002
0.868000 9.610654e+002
0.870000 9.597844e+002
0.872000 9.584956e+002
0.874000 9.571990e+002
0.876000 9.558948e+002
0.878000 9.545830e+002
0.880000 9.532636e+002
0.882000 9.519368e+002
0.884000 9.506026e+002
0.886000 9.492610e+002
0.888000 9.479121e+002
0.890000 9.465560e+002
0.892000 9.451928e+002
0.894000 9.438225e+002
0.896000 9.424452e+002
0.898000 9.410609e+002
0.900000 9.396698e+002
0.902000 9.382718e+002
0.904000 9.368670e+002
0.906000 9.354556e+002
0.908000 9.340376e+002
0.910000 9.326130e+002
0.912000 9.311819e+002
0.914000 9.297444e+002
0.916000 9.283005e+002
0.918000 9.268503e+002
0.920000 9.253939e+002
0.922000 9.239313e+002
0.924000 9.224627e+002
0.926000 9.209880e+002
0.928000 9.195073e+002
0.930000 9.180207e+002
0.932000 9.165283e+002
0.934000 9.150302e+002
0.936000 9.135263e+002
0.938000 9.120168e+002
0.940000 9.105017e+002
0.942000 9.089811e+002
0.944000 9.074550e+002
0.946000 9.059236e+002
0.948000 9.043869e+002
0.950000 9.028449e+002
0.952000 9.012977e+002
0.954000 8.997454e+002
0.956000 8.981881e+002
0.958000 8.966258e+002
0.960000 8.950585e+002
0.962000 8.934865e+002
0.964000 8.919096e+002
0.966000 8.903280e+002
0.968000 8.887417e+002
0.970000 8.871508e+002
0.972000 8.855554e+002
0.974000 8.839555e+002
0.976000 8.823513e+002
0.978000 8.807427e+002
0.980000 8.791298e+002
0.982000 8.775127e+002
0.984000 8.758914e+002
0.986000 8.742661e+002
0.988000 8.726368e+002
0.990000 8.710035e+002
0.992000 8.693663e+002
0.994000 8.677253e+002
0.996000 8.660805e+002
0.998000 8.644321e+002
1.000000 8.627800e+002
1.002000 8.611243e+002
1.004000 8.594651e+002
1.006000 8.578025e+002
1.008000 8.561365e+002
1.010000 8.544671e+002
1.012000 8.527945e+002
1.014000 8.511188e+002
1.016000 8.494398e+002
1.018000 8.477578e+002
1.020000 8.460729e+002
1.022000 8.443849e+002
1.024000 8.426941e+002
1.026000 8.410005e+002
1.028000 8.393040e+002
1.030000 8.376049e+002
1.032000 8.359032e+002
1.034000 8.341989e+002
1.036000 8.324921e+002
1.038000 8.307828e+002
1.040000 8.290711e+002
1.042000 8.273571e+002
1.044000 8.256408e+002
1.046000 8.239223e+002
1.048000 8.222017e+002
1.050000 8.204790e+002
1.052000 8.187542e+002
1.054000 8.170275e+002
1.056000 8.152988e+002
1.058000 8.135683e+002
1.060000 8.118360e+002
1.062000 8.101020e+002
1.064000 8.083663e+002
1.066000 8.066290e+002
1.068000 8.048901e+002
1.070000 8.031497e+002
1.072000 8.014079e+002
1.074000 7.996647e+002
1.076000 7.979202e+002
1.078000 7.961744e+002
1.080000 7.944274e+002
1.082000 7.926792e+002
1.084000 7.909299e+002
1.086000 7.891796e+002
1.088000 7.874283e+002
1.090000 7.856761e+002
1.092000 7.839230e+002
1.094000 7.821691e+002
1.096000 7.804144e+002
1.098000 7.786591e+002
1.100000 7.769030e+002
1.102000 7.751464e+002
1.104000 7.733893e+002
1.106000 7.716316e+002
1.108000 7.698735e+002
1.110000 7.681151e+002
1.112000 7.663563e+002
1.114000 7.645973e+002
1.116000 7.628380e+002
1.118000 7.610786e+002
1.120000 7.593191e+002
1.122000 7.575595e+002
1.124000 7.557999e+002
1.126000 7.540403e+002
1.128000 7.522809e+002
1.130000 7.505216e+002
1.132000 7.487625e+002
1.134000 7.470037e+002
1.136000 7.452452e+002
1.138000 7.434870e+002
1.140000 7.417292e+002
1.142000 7.399719e+002
1.144000 7.382152e+002
1.146000 7.364589e+002
1.148000 7.347033e+002
1.150000 7.329483e+002
1.152000 7.311941e+002
1.154000 7.294406e+002
1.156000 7.276879e+002
1.158000 7.259360e+002
1.160000 7.241851e+002
1.162000 7.224351e+002
1.164000 7.206861e+002
1.166000 7.189381e+002
1.168000 7.171913e+002
1.170000 7.154456e+002
1.172000 7.137010e+002
1.174000 7.119577e+002
1.176000 7.102157e+002
1.178000 7.084750e+002
1.180000 7.067356e+002
1.182000 7.049977e+002
1.184000 7.032612e+002
1.186000 7.015263e+002
1.188000 6.997929e+002
1.190000 6.980610e+002
1.192000 6.963308e+002
1.194000 6.946023e+002
1.196000 6.928755e+002
1.198000 6.911505e+002
1.200000 6.894273e+002
1.202000 6.877059e+002
1.204000 6.859865e+002
1.206000 6.842689e+002
1.208000 6.825534e+002
1.210000 6.808398e+002
1.212000 6.791284e+002
1.214000 6.774190e+002
1.216000 6.757117e+002
1.218000 6.740067e+002
1.220000 6.723038e+002
1.222000 6.706033e+002
1.224000 6.689050e+002
1.226000 6.672091e+002
1.228000 6.655155e+002
1.230000 6.638243e+002
1.232000 6.621357e+002
1.234000 6.604495e+002
1.236000 6.587658e+002
1.238000 6.570847e+002
1.240000 6.554062e+002
1.242000 6.537303e+002
1.244000 6.520572e+002
1.246000 6.503867e+002
1.248000 6.487190e+002
1.250000 6.470540e+002
1.252000 6.453919e+002
1.254000 6.437327e+002
1.256000 6.420763e+002
1.258000 6.404229e+002
1.260000 6.387724e+002
1.262000 6.371249e+002
1.264000 6.354804e+002
1.266000 6.338390e+002
1.268000 6.322007e+002
1.270000 6.305655e+002
1.272000 6.289335e+002
1.274000 6.273047e+002
1.276000 6.256791e+002
1.278000 6.240567e+002
1.280000 6.224376e+002
1.282000 6.208218e+002
1.284000 6.192094e+002
1.286000 6.176004e+002
1.288000 6.159947e+002
1.290000 6.143925e+002
1.292000 6.127937e+002
1.294000 6.111985e+002
1.296000 6.096068e+002
1.298000 6.080186e+002
1.300000 6.064340e+002
1.302000 6.048530e+002
1.304000 6.032756e+002
1.306000 6.017019e+002
1.308000 6.001319e+002
1.310000 5.985656e+002
1.312000 5.970030e+002
1.314000 5.954442e+002
1.316000 5.938892e+002
1.318000 5.923380e+002
1.320000 5.907907e+002
1.322000 5.892472e+002
1.324000 5.877076e+002
1.326000 5.861720e+002
1.328000 5.846402e+002
1.330000 5.831125e+002
1.332000 5.815887e+002
1.334000 5.800690e+002
1.336000 5.785532e+002
1.338000 5.770416e+002
1.340000 5.755340e+002
1.342000 5.740305e+002
1.344000 5.725311e+002
1.346000 5.710359e+002
1.348000 5.695448e+002
1.350000 5.680579e+002
1.352000 5.665753e+002
1.354000 5.650968e+002
1.356000 5.636226e+002
1.358000 5.621527e+002
1.360000 5.606870e+002
1.362000 5.592257e+002
1.364000 5.577687e+002
1.366000 5.563160e+002
1.368000 5.548676e+002
1.370000 5.534237e+002
1.372000 5.519841e+002
1.374000 5.505490e+002
1.376000 5.491183e+002
1.378000 5.476920e+002
1.380000 5.462702e+002
1.382000 5.448529e+002
1.384000 5.434400e+002
1.386000 5.420317e+002
1.388000 5.406279e+002
1.390000 5.392286e+002
1.392000 5.378339e+002
1.394000 5.364438e+002
1.396000 5.350582e+002
1.398000 5.336772e+002
1.400000 5.323009e+002
1.402000 5.309291e+002
1.404000 5.295620e+002
1.406000 5.281996e+002
1.408000 5.268418e+002
1.410000 5.254887e+002
1.412000 5.241403e+002
1.414000 5.227965e+002
1.416000 5.214575e+002
1.418000 5.201232e+002
1.420000 5.187937e+002
1.422000 5.174688e+002
1.424000 5.161488e+002
1.426000 5.148334e+002
1.428000 5.135229e+002
1.430000 5.122171e+002
1.432000 5.109162e+002
1.434000 5.096200e+002
1.436000 5.083287e+002
1.438000 5.070421e+002
1.440000 5.057604e+002
1.442000 5.044835e+002
1.444000 5.032115e+002
1.446000 5.019443e+002
1.448000 5.006820e+002
1.450000 4.994245e+002
1.452000 4.981719e+002
1.454000 4.969242e+002
1.456000 4.956813e+002
1.458000 4.944434e+002
1.460000 4.932103e+002
1.462000 4.919822e+002
1.464000 4.907589e+002
1.466000 4.895406e+002
1.468000 4.883271e+002
1.470000 4.871186e+002
1.472000 4.859150e+002
1.474000 4.847164e+002
1.476000 4.835227e+002
1.478000 4.823339e+002
1.480000 4.811500e+002
1.482000 4.799711e+002
1.484000 4.787972e+002
1.486000 4.776282e+002
1.488000 4.764641e+002
1.490000 4.753050e+002
1.492000 4.741508e+002
1.494000 4.730016e+002
1.496000 4.718574e+002
1.498000 4.707181e+002
1.500000 4.695838e+002
1.502000 4.684544e+002
1.504000 4.673300e+002
1.506000 4.662106e+002
1.508000 4.650961e+002
1.510000 4.639866e+002
1.512000 4.628820e+002
1.514000 4.617824e+002
1.516000 4.606878e+002
1.518000 4.595981e+002
1.520000 4.585134e+002
1.522000 4.574337e+002
1.524000 4.563589e+002
1.526000 4.552890e+002
1.528000 4.542241e+002
1.530000 4.531642e+002
1.532000 4.521092e+002
1.534000 4.510592e+002
1.536000 4.500141e+002
1.538000 4.489739e+002
1.540000 4.479387e+002
1.542000 4.469084e+002
1.544000 4.458830e+002
1.546000 4.448626e+002
1.548000 4.438471e+002
1.550000 4.428365e+002
1.552000 4.418308e+002
1.554000 4.408301e+002
1.556000 4.398342e+002
1.558000 4.388433e+002
1.560000 4.378572e+002
1.562000 4.368761e+002
1.564000 4.358998e+002
1.566000 4.349284e+002
1.568000 4.339619e+002
1.570000 4.330002e+002
1.572000 4.320434e+002
1.574000 4.310915e+002
1.576000 4.301444e+002
1.578000 4.292022e+002
1.580000 4.282648e+002
1.582000 4.273322e+002
1.584000 4.264045e+002
1.586000 4.254815e+002
1.588000 4.245634e+002
1.590000 4.236501e+002
1.592000 4.227416e+002
1.594000 4.218379e+002
1.596000 4.209389e+002
1.598000 4.200447e+002
1.600000 4.191553e+002
1.602000 4.182706e+002
1.604000 4.173907e+002
1.606000 4.165155e+002
1.608000 4.156451e+002
1.610000 4.147794e+002
1.612000 4.139183e+002
1.614000 4.130620e+002
1.616000 4.122104e+002
1.618000 4.113635e+002
1.620000 4.105212e+002
1.622000 4.096836e+002
1.624000 4.088506e+002
1.626000 4.080223e+002
1.628000 4.071987e+002
1.630000 4.063796e+002
1.632000 4.055652e+002
1.634000 4.047553e+002
1.636000 4.039501e+002
1.638000 4.031494e+002
1.640000 4.023533e+002
1.642000 4.015618e+002
1.644000 4.007748e+002
1.646000 3.999924e+002
1.648000 3.992144e+002
1.650000 3.984410e+002
1.652000 3.976721e+002
1.654000 3.969077e+002
1.656000 3.961478e+002
1.658000 3.953923e+002
1.660000 3.946413e+002
1.662000 3.938947e+002
1.664000 3.931526e+002
1.666000 3.924149e+002
1.668000 3.916815e+002
1.670000 3.909526e+002
1.672000 3.902281e+002
1.674000 3.895079e+002
1.676000 3.887921e+002
1.678000 3.880806e+002
1.680000 3.873735e+002
1.682000 3.866707e+002
1.684000 3.859721e+002
1.686000 3.852779e+002
1.688000 3.845880e+002
1.690000 3.839023e+002
1.692000 3.832208e+002
1.694000 3.825436e+002
1.696000 3.818706e+002
1.698000 3.812019e+002
1.700000 3.805373e+002
1.702000 3.798769e+002
1.704000 3.792207e+002
1.706000 3.785686e+002
1.708000 3.779207e+002
1.710000 3.772769e+002
1.712000 3.766372e+002
1.714000 3.760016e+002
1.716000 3.753701e+002
1.718000 3.747426e+002
1.720000 3.741192e+002
1.722000 3.734999e+002
1.724000 3.728846e+002
1.726000 3.722732e+002
1.728000 3.716659e+002
1.730000 3.710626e+002
1.732000 3.704632e+002
1.734000 3.698678e+002
1.736000 3.692763e+002
1.738000 3.686887e+002
1.740000 3.681050e+002
1.742000 3.675253e+002
1.744000 3.669494e+002
1.746000 3.663773e+002
1.748000 3.658092e+002
1.750000 3.652448e+002
1.752000 3.646842e+002
1.754000 3.641275e+002
1.756000 3.635745e+002
1.758000 3.630253e+002
1.760000 3.624799e+002
1.762000 3.619382e+002
1.764000 3.614002e+002
1.766000 3.608659e+002
1.768000 3.603354e+002
1.770000 3.598084e+002
1.772000 3.592852e+002
1.774000 3.587656e+002
1.776000 3.582496e+002
1.778000 3.577372e+002
1.780000 3.572285e+002
1.782000 3.567233e+002
1.784000 3.562216e+002
1.786000 3.557236e+002
1.788000 3.552290e+002
1.790000 3.547380e+002
1.792000 3.542505e+002
1.794000 3.537664e+002
1.796000 3.532859e+002
1.798000 3.528087e+002
1.800000 3.523351e+002
1.802000 3.518648e+002
1.804000 3.513979e+002
1.806000 3.509345e+002
1.808000 3.504744e+002
1.810000 3.500177e+002
1.812000 3.495643e+002
1.814000 3.491142e+002
1.816000 3.486674e+002
1.818000 3.482240e+002
1.820000 3.477838e+002
1.822000 3.473468e+002
1.824000 3.469132e+002
1.826000 3.464827e+002
1.828000 3.460555e+002
1.830000 3.456314e+002
1.832000 3.452105e+002
1.834000 3.447928e+002
1.836000 3.443783e+002
1.838000 3.439669e+002
1.840000 3.435585e+002
1.842000 3.431533e+002
1.844000 3.427512e+002
1.846000 3.423522e+002
1.848000 3.419562e+002
1.850000 3.415632e+002
1.852000 3.411732e+002
1.854000 3.407863e+002
1.856000 3.404023e+002
1.858000 3.400213e+002
1.860000 3.396433e+002
1.862000 3.392682e+002
1.864000 3.388960e+002
1.866000 3.385268e+002
1.868000 3.381604e+002
1.870000 3.377969e+002
1.872000 3.374363e+002
1.874000 3.370785e+002
1.876000 3.367235e+002
1.878000 3.363714e+002
1.880000 3.360220e+002
1.882000 3.356754e+002
1.884000 3.353316e+002
1.886000 3.349906e+002
1.888000 3.346522e+002
1.890000 3.343166e+002
1.892000 3.339837e+002
1.894000 3.336535e+002
1.896000 3.333259e+002
1.898000 3.330010e+002
1.900000 3.326788e+002
1.902000 3.323591e+002
1.904000 3.320421e+002
1.906000 3.317277e+002
1.908000 3.314158e+002
1.910000 3.311065e+002
1.912000 3.307998e+002
1.914000 3.304956e+002
1.916000 3.301939e+002
1.918000 3.298947e+002
1.920000 3.295980e+002
1.922000 3.293037e+002
1.924000 3.290120e+002
1.926000 3.287226e+002
1.928000 3.284357e+002
1.930000 3.281512e+002
1.932000 3.278691e+002
1.934000 3.275893e+002
1.936000 3.273119e+002
1.938000 3.270369e+002
1.940000 3.267642e+002
1.942000 3.264939e+002
1.944000 3.262258e+002
1.946000 3.259600e+002
1.948000 3.256965e+002
1.950000 3.254353e+002
1.952000 3.251763e+002
1.954000 3.249196e+002
1.956000 3.246650e+002
1.958000 3.244127e+002
1.960000 3.241625e+002
1.962000 3.239146e+002
1.964000 3.236687e+002
1.966000 3.234251e+002
1.968000 3.231835e+002
1.970000 3.229441e+002
1.972000 3.227068e+002
1.974000 3.224716e+002
1.976000 3.222384e+002
1.978000 3.220073e+002
1.980000 3.217783e+002
1.982000 3.215512e+002
1.984000 3.213262e+002
1.986000 3.211033e+002
1.988000 3.208823e+002
1.990000 3.206632e+002
1.992000 3.204462e+002
1.994000 3.202311e+002
1.996000 3.200179e+002
1.998000 3.198066e+002
2.000000 3.195973e+002
2.002000 3.193898e+002
2.004000 3.191843e+002
2.006000 3.189806e+002
2.008000 3.187787e+002
2.010000 3.185787e+002
2.012000 3.183806e+002
2.014000 3.181842e+002
2.016000 3.179896e+002
2.018000 3.177969e+002
2.020000 3.176059e+002
2.022000 3.174167e+002
2.024000 3.172292e+002
2.026000 3.170435e+002
2.028000 3.168595e+002
2.030000 3.166772e+002
2.032000 3.164966e+002
2.034000 3.163177e+002
2.036000 3.161405e+002
2.038000 3.159649e+002
2.040000 3.157910e+002
2.042000 3.156187e+002
2.044000 3.154481e+002
2.046000 3.152790e+002
2.048000 3.151116e+002
2.050000 3.149457e+002
2.052000 3.147815e+002
2.054000 3.146188e+002
2.056000 3.144576e+002
2.058000 3.142980e+002
2.060000 3.141399e+002
2.062000 3.139834e+002
2.064000 3.138283e+002
2.066000 3.136748e+002
2.068000 3.135227e+002
2.070000 3.133721e+002
2.072000 3.132229e+002
2.074000 3.130752e+002
2.076000 3.129290e+002
2.078000 3.127841e+002
2.080000 3.126407e+002
2.082000 3.124987e+002
2.084000 3.123580e+002
2.086000 3.122188e+002
2.088000 3.120809e+002
2.090000 3.119444e+002
2.092000 3.118092e+002
2.094000 3.116754e+002
2.096000 3.115429e+002
2.098000 3.114117e+002
2.100000 3.112818e+002
2.102000 3.111532e+002
2.104000 3.110259e+002
2.106000 3.108999e+002
2.108000 3.107751e+002
2.110000 3.106516e+002
2.112000 3.105293e+002
2.114000 3.104082e+002
2.116000 3.102884e+002
2.118000 3.101698e+002
2.120000 3.100524e+002
2.122000 3.099362e+002
2.124000 3.098211e+002
2.126000 3.097072e+002
2.128000 3.095945e+002
2.130000 3.094830e+002
2.132000 3.093726e+002
2.134000 3.092633e+002
2.136000 3.091551e+002
2.138000 3.090481e+002
2.140000 3.089421e+002
2.142000 3.088373e+002
2.144000 3.087335e+002
2.146000 3.086308e+002
2.148000 3.085292e+002
2.150000 3.084286e+002
2.152000 3.083291e+002
2.154000 3.082306e+002
2.156000 3.081332e+002
2.158000 3.080367e+002
2.160000 3.079413e+002
2.162000 3.078469e+002
2.164000 3.077535e+002
2.166000 3.076610e+002
2.168000 3.075696e+002
2.170000 3.074791e+002
2.172000 3.073895e+002
2.174000 3.073009e+002
2.176000 3.072133e+002
2.178000 3.071266e+002
2.180000 3.070408e+002
2.182000 3.069559e+002
2.184000 3.068720e+002
2.186000 3.067889e+002
2.188000 3.067067e+002
2.190000 3.066255e+002
2.192000 3.065451e+002
2.194000 3.064655e+002
2.196000 3.063868e+002
2.198000 3.063090e+002
2.200000 3.062320e+002
2.202000 3.061559e+002
2.204000 3.060806e+002
2.206000 3.060061e+002
2.208000 3.059324e+002
2.210000 3.058595e+002
2.212000 3.057874e+002
2.214000 3.057161e+002
2.216000 3.056456e+002
2.218000 3.055759e+002
2.220000 3.055070e+002
2.222000 3.054388e+002
2.224000 3.053713e+002
2.226000 3.053046e+002
2.228000 3.052387e+002
2.230000 3.051735e+002
2.232000 3.051090e+002
2.234000 3.050452e+002
2.236000 3.049821e+002
2.238000 3.049198e+002
2.240000 3.048581e+002
2.242000 3.047972e+002
2.244000 3.047369e+002
2.246000 3.046773e+002
2.248000 3.046184e+002
2.250000 3.045601e+002
2.252000 3.045025e+002
2.254000 3.044456e+002
2.256000 3.043893e+002
2.258000 3.043336e+002
2.260000 3.042786e+002
2.262000 3.042242e+002
2.264000 3.041704e+002
2.266000 3.041173e+002
2.268000 3.040647e+002
2.270000 3.040128e+002
2.272000 3.039614e+002
2.274000 3.039107e+002
2.276000 3.038605e+002
2.278000 3.038109e+002
2.280000 3.037619e+002
2.282000 3.037134e+002
2.284000 3.036655e+002
2.286000 3.036182e+002
2.288000 3.035714e+002
2.290000 3.035252e+002
2.292000 3.034795e+002
2.294000 3.034343e+002
2.296000 3.033897e+002
2.298000 3.033456e+002
2.300000 3.033020e+002
2.302000 3.032589e+002
2.304000 3.032164e+002
2.306000 3.031743e+002
2.308000 3.031327e+002
2.310000 3.030917e+002
2.312000 3.030511e+002
2.314000 3.030110e+002
2.316000 3.029713e+002
2.318000 3.029322e+002
2.320000 3.028935e+002
2.322000 3.028553e+002
2.324000 3.028175e+002
2.326000 3.027802e+002
2.328000 3.027433e+002
2.330000 3.027069e+002
2.332000 3.026709e+002
2.334000 3.026354e+002
2.336000 3.026002e+002
2.338000 3.025655e+002
2.340000 3.025313e+002
2.342000 3.024974e+002
2.344000 3.024639e+002
2.346000 3.024309e+002
2.348000 3.023983e+002
2.350000 3.023660e+002
2.352000 3.023342e+002
2.354000 3.023027e+002
2.356000 3.022716e+002
2.358000 3.022410e+002
2.360000 3.022106e+002
2.362000 3.021807e+002
2.364000 3.021511e+002
2.366000 3.021219e+002
2.368000 3.020931e+002
2.370000 3.020646e+002
2.372000 3.020365e+002
2.374000 3.020087e+002
2.376000 3.019812e+002
2.378000 3.019541e+002
2.380000 3.019274e+002
2.382000 3.019009e+002
2.384000 3.018748e+002
2.386000 3.018491e+002
2.388000 3.018236e+002
2.390000 3.017985e+002
2.392000 3.017737e+002
2.394000 3.017492e+002
2.396000 3.017250e+002
2.398000 3.017011e+002
2.400000 3.016776e+002
2.402000 3.016543e+002
2.404000 3.016313e+002
2.406000 3.016086e+002
2.408000 3.015862e+002
2.410000 3.015641e+002
2.412000 3.015422e+002
2.414000 3.015207e+002
2.416000 3.014994e+002
2.418000 3.014784e+002
2.420000 3.014577e+002
2.422000 3.014372e+002
2.424000 3.014170e+002
2.426000 3.013970e+002
2.428000 3.013773e+002
2.430000 3.013579e+002
2.432000 3.013387e+002
2.434000 3.013198e+002
2.436000 3.013011e+002
2.438000 3.012826e+002
2.440000 3.012644e+002
2.442000 3.012465e+002
2.444000 3.012287e+002
2.446000 3.012112e+002
2.448000 3.011940e+002
2.450000 3.011769e+002
2.452000 3.011601e+002
2.454000 3.011435e+002
2.456000 3.011271e+002
2.458000 3.011109e+002
2.460000 3.010950e+002
2.462000 3.010792e+002
2.464000 3.010637e+002
2.466000 3.010484e+002
2.468000 3.010332e+002
2.470000 3.010183e+002
2.472000 3.010036e+002
2.474000 3.009890e+002
2.476000 3.009747e+002
2.478000 3.009606e+002
2.480000 3.009466e+002
2.482000 3.009328e+002
2.484000 3.009192e+002
2.486000 3.009058e+002
2.488000 3.008926e+002
2.490000 3.008796e+002
2.492000 3.008667e+002
2.494000 3.008540e+002
2.496000 3.008415e+002
2.498000 3.008291e+002
2.500000 3.008169e+002
2.502000 3.008049e+002
2.504000 3.007931e+002
2.506000 3.007814e+002
2.508000 3.007698e+002
2.510000 3.007584e+002
2.512000 3.007472e+002
2.514000 3.007362e+002
2.516000 3.007252e+002
2.518000 3.007145e+002
2.520000 3.007038e+002
2.522000 3.006934e+002
2.524000 3.006830e+002
2.526000 3.006728e+002
2.528000 3.006628e+002
2.530000 3.006529e+002
2.532000 3.006431e+002
2.534000 3.006335e+002
2.536000 3.006240e+002
2.538000 3.006146e+002
2.540000 3.006054e+002
2.542000 3.005963e+002
2.544000 3.005873e+002
2.546000 3.005784e+002
2.548000 3.005697e+002
2.550000 3.005611e+002
2.552000 3.005526e+002
2.554000 3.005442e+002
2.556000 3.005359e+002
2.558000 3.005278e+002
2.560000 3.005198e+002
2.562000 3.005119e+002
2.564000 3.005041e+002
2.566000 3.004964e+002
2.568000 3.004888e+002
2.570000 3.004813e+002
2.572000 3.004740e+002
2.574000 3.004667e+002
2.576000 3.004595e+002
2.578000 3.004525e+002
2.580000 3.004455e+002
2.582000 3.004387e+002
2.584000 3.004319e+002
2.586000 3.004253e+002
2.588000 3.004187e+002
2.590000 3.004122e+002
2.592000 3.004058e+002
2.594000 3.003996e+002
2.596000 3.003934e+002
2.598000 3.003873e+002
2.600000 3.003812e+002
2.602000 3.003753e+002
2.604000 3.003695e+002
2.606000 3.003637e+002
2.608000 3.003580e+002
2.610000 3.003524e+002
2.612000 3.003469e+002
2.614000 3.003415e+002
2.616000 3.003361e+002
2.618000 3.003309e+002
2.620000 3.003257e+002
2.622000 3.003205e+002
2.624000 3.003155e+002
2.626000 3.003105e+002
2.628000 3.003056e+002
2.630000 3.003008e+002
2.632000 3.002960e+002
2.634000 3.002914e+002
2.636000 3.002867e+002
2.638000 3.002822e+002
2.640000 3.002777e+002
2.642000 3.002733e+002
2.644000 3.002689e+002
2.646000 3.002647e+002
2.648000 3.002604e+002
2.650000 3.002563e+002
2.652000 3.002522e+002
2.654000 3.002482e+002
2.656000 3.002442e+002
2.658000 3.002403e+002
2.660000 3.002364e+002
2.662000 3.002326e+002
2.664000 3.002289e+002
2.666000 3.002252e+002
2.668000 3.002216e+002
2.670000 3.002180e+002
2.672000 3.002145e+002
2.674000 3.002110e+002
2.676000 3.002076e+002
2.678000 3.002042e+002
2.680000 3.002009e+002
2.682000 3.001976e+002
2.684000 3.001944e+002
2.686000 3.001913e+002
2.688000 3.001882e+002
2.690000 3.001851e+002
2.692000 3.001821e+002
2.694000 3.001791e+002
2.696000 3.001762e+002
2.698000 3.001733e+002
2.700000 3.001704e+002
2.702000 3.001677e+002
2.704000 3.001649e+002
2.706000 3.001622e+002
2.708000 3.001595e+002
2.710000 3.001569e+002
2.712000 3.001543e+002
2.714000 3.001518e+002
2.716000 3.001493e+002
2.718000 3.001468e+002
2.720000 3.001444e+002
2.722000 3.001420e+002
2.724000 3.001396e+002
2.726000 3.001373e+002
2.728000 3.001350e+002
2.730000 3.001328e+002
2.732000 3.001305e+002
2.734000 3.001284e+002
2.736000 3.001262e+002
2.738000 3.001241e+002
2.740000 3.001220e+002
2.742000 3.001200e+002
2.744000 3.001180e+002
2.746000 3.001160e+002
2.748000 3.001141e+002
2.750000 3.001121e+002
2.752000 3.001103e+002
2.754000 3.001084e+002
2.756000 3.001066e+002
2.758000 3.001048e+002
2.760000 3.001030e+002
2.762000 3.001013e+002
2.764000 3.000995e+002
2.766000 3.000979e+002
2.768000 3.000962e+002
2.770000 3.000946e+002
2.772000 3.000930e+002
2.774000 3.000914e+002
2.776000 3.000898e+002
2.778000 3.000883e+002
2.780000 3.000868e+002
2.782000 3.000853e+002
2.784000 3.000838e+002
2.786000 3.000824e+002
2.788000 3.000810e+002
2.790000 3.000796e+002
2.792000 3.000782e+002
2.794000 3.000769e+002
2.796000 3.000756e+002
2.798000 3.000743e+002
2.800000 3.000730e+002
2.802000 3.000717e+002
2.804000 3.000705e+002
2.806000 3.000693e+002
2.808000 3.000681e+002
2.810000 3.000669e+002
2.812000 3.000657e+002
2.814000 3.000646e+002
2.816000 3.000635e+002
2.818000 3.000624e+002
2.820000 3.000613e+002
2.822000 3.000602e+002
2.824000 3.000592e+002
2.826000 3.000581e+002
2.828000 3.000571e+002
2.830000 3.000561e+002
2.832000 3.000551e+002
2.834000 3.000542e+002
2.836000 3.000532e+002
2.838000 3.000523e+002
2.840000 3.000514e+002
2.842000 3.000505e+002
2.844000 3.000496e+002
2.846000 3.000487e+002
2.848000 3.000478e+002
2.850000 3.000470e+002
2.852000 3.000462e+002
2.854000 3.000453e+002
2.856000 3.000445e+002
2.858000 3.000438e+002
2.860000 3.000430e+002
2.862000 3.000422e+002
2.864000 3.000415e+002
2.866000 3.000407e+002
2.868000 3.000400e+002
2.870000 3.000393e+002
2.872000 3.000386e+002
2.874000 3.000379e+002
2.876000 3.000372e+002
2.878000 3.000366e+002
2.880000 3.000359e+002
2.882000 3.000353e+002
2.884000 3.000346e+002
2.886000 3.000340e+002
2.888000 3.000334e+002
2.890000 3.000328e+002
2.892000 3.000322e+002
2.894000 3.000316e+002
2.896000 3.000310e+002
2.898000 3.000305e+002
2.900000 3.000299e+002
2.902000 3.000294e+002
2.904000 3.000289e+002
2.906000 3.000283e+002
2.908000 3.000278e+002
2.910000 3.000273e+002
2.912000 3.000268e+002
2.914000 3.000263e+002
2.916000 3.000259e+002
2.918000 3.000254e+002
2.920000 3.000249e+002
2.922000 3.000245e+002
2.924000 3.000240e+002
2.926000 3.000236e+002
2.928000 3.000231e+002
2.930000 3.000227e+002
2.932000 3.000223e+002
2.934000 3.000219e+002
2.936000 3.000215e+002
2.938000 3.000211e+002
2.940000 3.000207e+002
2.942000 3.000203e+002
2.944000 3.000199e+002
2.946000 3.000196e+002
2.948000 3.000192e+002
2.950000 3.000189e+002
2.952000 3.000185e+002
2.954000 3.000182e+002
2.956000 3.000178e+002
2.958000 3.000175e+002
2.960000 3.000172e+002
2.962000 3.000169e+002
2.964000 3.000165e+002
2.966000 3.000162e+002
2.968000 3.000159e+002
2.970000 3.000156e+002
2.972000 3.000153e+002
2.974000 3.000151e+002
2.976000 3.000148e+002
2.978000 3.000145e+002
2.980000 3.000142e+002
2.982000 3.000140e+002
2.984000 3.000137e+002
2.986000 3.000134e+002
2.988000 3.000132e+002
2.990000 3.000129e+002
2.992000 3.000127e+002
2.994000 3.000124e+002
2.996000 3.000122e+002
2.998000 3.000120e+002
3.000000 3.000118e+002
3.002000 3.000115e+002
3.004000 3.000113e+002
3.006000 3.000111e+002
3.008000 3.000109e+002
3.010000 3.000107e+002
3.012000 3.000105e+002
3.014000 3.000103e+002
3.016000 3.000101e+002
3.018000 3.000099e+002
3.020000 3.000097e+002
3.022000 3.000095e+002
3.024000 3.000093e+002
3.026000 3.000092e+002
3.028000 3.000090e+002
3.030000 3.000088e+002
3.032000 3.000086e+002
3.034000 3.000085e+002
3.036000 3.000083e+002
3.038000 3.000081e+002
3.040000 3.000080e+002
3.042000 3.000078e+002
3.044000 3.000077e+002
3.046000 3.000075e+002
3.048000 3.000074e+002
3.050000 3.000072e+002
3.052000 3.000071e+002
3.054000 3.000070e+002
3.056000 3.000068e+002
3.058000 3.000067e+002
3.060000 3.000066e+002
3.062000 3.000064e+002
3.064000 3.000063e+002
3.066000 3.000062e+002
3.068000 3.000061e+002
3.070000 3.000060e+002
3.072000 3.000058e+002
3.074000 3.000057e+002
3.076000 3.000056e+002
3.078000 3.000055e+002
3.080000 3.000054e+002
3.082000 3.000053e+002
3.084000 3.000052e+002
3.086000 3.000051e+002
3.088000 3.000050e+002
3.090000 3.000049e+002
3.092000 3.000048e+002
3.094000 3.000047e+002
3.096000 3.000046e+002
3.098000 3.000045e+002
3.100000 3.000044e+002
3.102000 3.000043e+002
3.104000 3.000042e+002
3.106000 3.000042e+002
3.108000 3.000041e+002
3.110000 3.000040e+002
3.112000 3.000039e+002
3.114000 3.000038e+002
3.116000 3.000038e+002
3.118000 3.000037e+002
3.120000 3.000036e+002
3.122000 3.000035e+002
3.124000 3.000035e+002
3.126000 3.000034e+002
3.128000 3.000033e+002
3.130000 3.000033e+002
3.132000 3.000032e+002
3.134000 3.000031e+002
3.136000 3.000031e+002
3.138000 3.000030e+002
3.140000 3.000030e+002
3.142000 3.000029e+002
3.144000 3.000028e+002
3.146000 3.000028e+002
3.148000 3.000027e+002
3.150000 3.000027e+002
3.152000 3.000026e+002
3.154000 3.000026e+002
3.156000 3.000025e+002
3.158000 3.000025e+002
3.160000 3.000024e+002
3.162000 3.000024e+002
3.164000 3.000023e+002
3.166000 3.000023e+002
3.168000 3.000022e+002
3.170000 3.000022e+002
3.172000 3.000021e+002
3.174000 3.000021e+002
3.176000 3.000020e+002
3.178000 3.000020e+002
3.180000 3.000020e+002
3.182000 3.000019e+002
3.184000 3.000019e+002
3.186000 3.000018e+002
3.188000 3.000018e+002
3.190000 3.000018e+002
3.192000 3.000017e+002
3.194000 3.000017e+002
3.196000 3.000017e+002
3.198000 3.000016e+002
3.200000 3.000016e+002
3.202000 3.000016e+002
3.204000 3.000015e+002
3.206000 3.000015e+002
3.208000 3.000015e+002
3.210000 3.000014e+002
3.212000 3.000014e+002
3.214000 3.000014e+002
3.216000 3.000013e+002
3.218000 3.000013e+002
3.220000 3.000013e+002
3.222000 3.000013e+002
3.224000 3.000012e+002
3.226000 3.000012e+002
3.228000 3.000012e+002
3.230000 3.000012e+002
3.232000 3.000011e+002
3.234000 3.000011e+002
3.236000 3.000011e+002
3.238000 3.000011e+002
3.240000 3.000010e+002
3.242000 3.000010e+002
3.244000 3.000010e+002
3.246000 3.000010e+002
3.248000 3.000010e+002
3.250000 3.000009e+002
3.252000 3.000009e+002
3.254000 3.000009e+002
3.256000 3.000009e+002
3.258000 3.000009e+002
3.260000 3.000008e+002
3.262000 3.000008e+002
3.264000 3.000008e+002
3.266000 3.000008e+002
3.268000 3.000008e+002
3.270000 3.000008e+002
3.272000 3.000007e+002
3.274000 3.000007e+002
3.276000 3.000007e+002
3.278000 3.000007e+002
3.280000 3.000007e+002
3.282000 3.000007e+002
3.284000 3.000007e+002
3.286000 3.000006e+002
3.288000 3.000006e+002
3.290000 3.000006e+002
3.292000 3.000006e+002
3.294000 3.000006e+002
3.296000 3.000006e+002
3.298000 3.000006e+002
3.300000 3.000005e+002
3.302000 3.000005e+002
3.304000 3.000005e+002
3.306000 3.000005e+002
3.308000 3.000005e+002
3.310000 3.000005e+002
3.312000 3.000005e+002
3.314000 3.000005e+002
3.316000 3.000005e+002
3.318000 3.000004e+002
3.320000 3.000004e+002
3.322000 3.000004e+002
3.324000 3.000004e+002
3.326000 3.000004e+002
3.328000 3.000004e+002
3.330000 3.000004e+002
3.332000 3.000004e+002
3.334000 3.000004e+002
3.336000 3.000004e+002
3.338000 3.000004e+002
3.340000 3.000004e+002
3.342000 3.000003e+002
3.344000 3.000003e+002
3.346000 3.000003e+002
3.348000 3.000003e+002
3.350000 3.000003e+002
3.352000 3.000003e+002
3.354000 3.000003e+002
3.356000 3.000003e+002
3.358000 3.000003e+002
3.360000 3.000003e+002
3.362000 3.000003e+002
3.364000 3.000003e+002
3.366000 3.000003e+002
3.368000 3.000003e+002
3.370000 3.000003e+002
3.372000 3.000002e+002
3.374000 3.000002e+002
3.376000 3.000002e+002
3.378000 3.000002e+002
3.380000 3.000002e+002
3.382000 3.000002e+002
3.384000 3.000002e+002
3.386000 3.000002e+002
3.388000 3.000002e+002
3.390000 3.000002e+002
3.392000 3.000002e+002
3.394000 3.000002e+002
3.396000 3.000002e+002
3.398000 3.000002e+002
3.400000 3.000002e+002
3.402000 3.000002e+002
3.404000 3.000002e+002
3.406000 3.000002e+002
3.408000 3.000002e+002
3.410000 3.000002e+002
3.412000 3.000002e+002
3.414000 3.000002e+002
3.416000 3.000002e+002
3.418000 3.000001e+002
3.420000 3.000001e+002
3.422000 3.000001e+002
3.424000 3.000001e+002
3.426000 3.000001e+002
3.428000 3.000001e+002
3.430000 3.000001e+002
3.432000 3.000001e+002
3.434000 3.000001e+002
3.436000 3.000001e+002
3.438000 3.000001e+002
3.440000 3.000001e+002
3.442000 3.000001e+002
3.444000 3.000001e+002
3.446000 3.000001e+002
3.448000 3.000001e+002
3.450000 3.000001e+002
3.452000 3.000001e+002
3.454000 3.000001e+002
3.456000 3.000001e+002
3.458000 3.000001e+002
3.460000 3.000001e+002
3.462000 3.000001e+002
3.464000 3.000001e+002
3.466000 3.000001e+002
3.468000 3.000001e+002
3.470000 3.000001e+002
3.472000 3.000001e+002
3.474000 3.000001e+002
3.476000 3.000001e+002
3.478000 3.000001e+002
3.480000 3.000001e+002
3.482000 3.000001e+002
3.484000 3.000001e+002
3.486000 3.000001e+002
3.488000 3.000001e+002
3.490000 3.000001e+002
3.492000 3.000001e+002
3.494000 3.000001e+002
3.496000 3.000001e+002
3.498000 3.000001e+002
3.500000 3.000001e+002
3.502000 3.000001e+002
3.504000 3.000001e+002
3.506000 3.000001e+002
3.508000 3.000001e+002
3.510000 3.000001e+002
3.512000 3.000000e+002
3.514000 3.000000e+002
3.516000 3.000000e+002
3.518000 3.000000e+002
3.520000 3.000000e+002
3.522000 3.000000e+002
3.524000 3.000000e+002
3.526000 3.000000e+002
3.528000 3.000000e+002
3.530000 3.000000e+002
3.532000 3.000000e+002
3.534000 3.000000e+002
3.536000 3.000000e+002
3.538000 3.000000e+002
3.540000 3.000000e+002
3.542000 3.000000e+002
3.544000 3.000000e+002
3.546000 3.000000e+002
3.548000 3.000000e+002
3.550000 3.000000e+002
3.552000 3.000000e+002
3.554000 3.000000e+002
3.556000 3.000000e+002
3.558000 3.000000e+002
3.560000 3.000000e+002
3.562000 3.000000e+002
3.564000 3.000000e+002
3.566000 3.000000e+002
3.568000 3.000000e+002
3.570000 3.000000e+002
3.572000 3.000000e+002
3.574000 3.000000e+002
3.576000 3.000000e+002
3.578000 3.000000e+002
3.580000 3.000000e+002
3.582000 3.000000e+002
3.584000 3.000000e+002
3.586000 3.000000e+002
3.588000 3.000000e+002
3.590000 3.000000e+002
3.592000 3.000000e+002
3.594000 3.000000e+002
3.596000 3.000000e+002
3.598000 3.000000e+002
3.600000 3.000000e+002
3.602000 3.000000e+002
3.604000 3.000000e+002
3.606000 3.000000e+002
3.608000 3.000000e+002
3.610000 3.000000e+002
3.612000 3.000000e+002
3.614000 3.000000e+002
3.616000 3.000000e+002
3.618000 3.000000e+002
3.620000 3.000000e+002
3.622000 3.000000e+002
3.624000 3.000000e+002
3.626000 3.000000e+002
3.628000 3.000000e+002
3.630000 3.000000e+002
3.632000 3.000000e+002
3.634000 3.000000e+002
3.636000 3.000000e+002
3.638000 3.000000e+002
3.640000 3.000000e+002
3.642000 3.000000e+002
3.644000 3.000000e+002
3.646000 3.000000e+002
3.648000 3.000000e+002
3.650000 3.000000e+002
3.652000 3.000000e+002
3.654000 3.000000e+002
3.656000 3.000000e+002
3.658000 3.000000e+002
3.660000 3.000000e+002
3.662000 3.000000e+002
3.664000 3.000000e+002
3.666000 3.000000e+002
3.668000 3.000000e+002
3.670000 3.000000e+002
3.672000 3.000000e+002
3.674000 3.000000e+002
3.676000 3.000000e+002
3.678000 3.000000e+002
3.680000 3.000000e+002
3.682000 3.000000e+002
3.684000 3.000000e+002
3.686000 3.000000e+002
3.688000 3.000000e+002
3.690000 3.000000e+002
3.692000 3.000000e+002
3.694000 3.000000e+002
3.696000 3.000000e+002
3.698000 3.000000e+002
3.700000 3.000000e+002
3.702000 3.000000e+002
3.704000 3.000000e+002
3.706000 3.000000e+002
3.708000 3.000000e+002
3.710000 3.000000e+002
3.712000 3.000000e+002
3.714000 3.000000e+002
3.716000 3.000000e+002
3.718000 3.000000e+002
3.720000 3.000000e+002
3.722000 3.000000e+002
3.724000 3.000000e+002
3.726000 3.000000e+002
3.728000 3.000000e+002
3.730000 3.000000e+002
3.732000 3.000000e+002
3.734000 3.000000e+002
3.736000 3.000000e+002
3.738000 3.000000e+002
3.740000 3.000000e+002
3.742000 3.000000e+002
3.744000 3.000000e+002
3.746000 3.000000e+002
3.748000 3.000000e+002
3.750000 3.000000e+002
3.752000 3.000000e+002
3.754000 3.000000e+002
3.756000 3.000000e+002
3.758000 3.000000e+002
3.760000 3.000000e+002
3.762000 3.000000e+002
3.764000 3.000000e+002
3.766000 3.000000e+002
3.768000 3.000000e+002
3.770000 3.000000e+002
3.772000 3.000000e+002
3.774000 3.000000e+002
3.776000 3.000000e+002
3.778000 3.000000e+002
3.780000 3.000000e+002
3.782000 3.000000e+002
3.784000 3.000000e+002
3.786000 3.000000e+002
3.788000 3.000000e+002
3.790000 3.000000e+002
3.792000 3.000000e+002
3.794000 3.000000e+002
3.796000 3.000000e+002
3.798000 3.000000e+002
3.800000 3.000000e+002
3.802000 3.000000e+002
3.804000 3.000000e+002
3.806000 3.000000e+002
3.808000 3.000000e+002
3.810000 3.000000e+002
3.812000 3.000000e+002
3.814000 3.000000e+002
3.816000 3.000000e+002
3.818000 3.000000e+002
3.820000 3.000000e+002
3.822000 3.000000e+002
3.824000 3.000000e+002
3.826000 3.000000e+002
3.828000 3.000000e+002
3.830000 3.000000e+002
3.832000 3.000000e+002
3.834000 3.000000e+002
3.836000 3.000000e+002
3.838000 3.000000e+002
3.840000 3.000000e+002
3.842000 3.000000e+002
3.844000 3.000000e+002
3.846000 3.000000e+002
3.848000 3.000000e+002
3.850000 3.000000e+002
3.852000 3.000000e+002
3.854000 3.000000e+002
3.856000 3.000000e+002
3.858000 3.000000e+002
3.860000 3.000000e+002
3.862000 3.000000e+002
3.864000 3.000000e+002
3.866000 3.000000e+002
3.868000 3.000000e+002
3.870000 3.000000e+002
3.872000 3.000000e+002
3.874000 3.000000e+002
3.876000 3.000000e+002
3.878000 3.000000e+002
3.880000 3.000000e+002
3.882000 3.000000e+002
3.884000 3.000000e+002
3.886000 3.000000e+002
3.888000 3.000000e+002
3.890000 3.000000e+002
3.892000 3.000000e+002
3.894000 3.000000e+002
3.896000 3.000000e+002
3.898000 3.000000e+002
3.900000 3.000000e+002
3.902000 3.000000e+002
3.904000 3.000000e+002
3.906000 3.000000e+002
3.908000 3.000000e+002
3.910000 3.000000e+002
3.912000 3.000000e+002
3.914000 3.000000e+002
3.916000 3.000000e+002
3.918000 3.000000e+002
3.920000 3.000000e+002
3.922000 3.000000e+002
3.924000 3.000000e+002
3.926000 3.000000e+002
3.928000 3.000000e+002
3.930000 3.000000e+002
3.932000 3.000000e+002
3.934000 3.000000e+002
3.936000 3.000000e+002
3.938000 3.000000e+002
3.940000 3.000000e+002
3.942000 3.000000e+002
3.944000 3.000000e+002
3.946000 3.000000e+002
3.948000 3.000000e+002
3.950000 3.000000e+002
3.952000 3.000000e+002
3.954000 3.000000e+002
3.956000 3.000000e+002
3.958000 3.000000e+002
3.960000 3.000000e+002
3.962000 3.000000e+002
3.964000 3.000000e+002
3.966000 3.000000e+002
3.968000 3.000000e+002
3.970000 3.000000e+002
3.972000 3.000000e+002
3.974000 3.000000e+002
3.976000 3.000000e+002
3.978000 3.000000e+002
3.980000 3.000000e+002
3.982000 3.000000e+002
3.984000 3.000000e+002
3.986000 3.000000e+002
3.988000 3.000000e+002
3.990000 3.000000e+002
3.992000 3.000000e+002
3.994000 3.000000e+002
3.996000 3.000000e+002
3.998000 3.000000e+002
