0.000000 3.752237e+002
0.002000 3.837300e+002
0.004000 3.922300e+002
0.006000 4.007229e+002
0.008000 4.092081e+002
0.010000 4.176849e+002
0.012000 4.261526e+002
0.014000 4.346105e+002
0.016000 4.430581e+002
0.018000 4.514945e+002
0.020000 4.599193e+002
0.022000 4.683317e+002
0.024000 4.767310e+002
0.026000 4.851167e+002
0.028000 4.934880e+002
0.030000 5.018444e+002
0.032000 5.101852e+002
0.034000 5.185097e+002
0.036000 5.268174e+002
0.038000 5.351075e+002
0.040000 5.433795e+002
0.042000 5.516328e+002
0.044000 5.598667e+002
0.046000 5.680807e+002
0.048000 5.762741e+002
0.050000 5.844463e+002
0.052000 5.925967e+002
0.054000 6.007248e+002
0.056000 6.088299e+002
0.058000 6.169115e+002
0.060000 6.249689e+002
0.062000 6.330017e+002
0.064000 6.410093e+002
0.066000 6.489910e+002
0.068000 6.569464e+002
0.070000 6.648749e+002
0.072000 6.727759e+002
0.074000 6.806490e+002
0.076000 6.884936e+002
0.078000 6.963091e+002
0.080000 7.040951e+002
0.082000 7.118510e+002
0.084000 7.195764e+002
0.086000 7.272707e+002
0.088000 7.349335e+002
0.090000 7.425642e+002
0.092000 7.501625e+002
0.094000 7.577278e+002
0.096000 7.652597e+002
0.098000 7.727577e+002
0.100000 7.802213e+002
0.102000 7.876502e+002
0.104000 7.950439e+002
0.106000 8.024020e+002
0.108000 8.097241e+002
0.110000 8.170097e+002
0.112000 8.242585e+002
0.114000 8.314700e+002
0.116000 8.386440e+002
0.118000 8.457799e+002
0.120000 8.528775e+002
0.122000 8.599363e+002
0.124000 8.669561e+002
0.126000 8.739364e+002
0.128000 8.808770e+002
0.130000 8.877775e+002
0.132000 8.946376e+002
0.134000 9.014569e+002
0.136000 9.082353e+002
0.138000 9.149723e+002
0.140000 9.216677e+002
0.142000 9.283212e+002
0.144000 9.349326e+002
0.146000 9.415016e+002
0.148000 9.480278e+002
0.150000 9.545112e+002
0.152000 9.609514e+002
0.154000 9.673482e+002
0.156000 9.737014e+002
0.158000 9.800108e+002
0.160000 9.862761e+002
0.162000 9.924973e+002
0.164000 9.986740e+002
0.166000 1.004806e+003
0.168000 1.010893e+003
0.170000 1.016936e+003
0.172000 1.022933e+003
0.174000 1.028885e+003
0.176000 1.034792e+003
0.178000 1.040654e+003
0.180000 1.046469e+003
0.182000 1.052239e+003
0.184000 1.057963e+003
0.186000 1.063641e+003
0.188000 1.069273e+003
0.190000 1.074859e+003
0.192000 1.080399e+003
0.194000 1.085893e+003
0.196000 1.091340e+003
0.198000 1.096741e+003
0.200000 1.102095e+003
0.202000 1.107403e+003
0.204000 1.112665e+003
0.206000 1.117880e+003
0.208000 1.123049e+003
0.210000 1.128171e+003
0.212000 1.133246e+003
0.214000 1.138275e+003
0.216000 1.143257e+003
0.218000 1.148193e+003
0.220000 1.153083e+003
0.222000 1.157926e+003
0.224000 1.162723e+003
0.226000 1.167473e+003
0.228000 1.172177e+003
0.230000 1.176835e+003
0.232000 1.181447e+003
0.234000 1.186012e+003
0.236000 1.190532e+003
0.238000 1.195006e+003
0.240000 1.199434e+003
0.242000 1.203816e+003
0.244000 1.208152e+003
0.246000 1.212443e+003
0.248000 1.216689e+003
0.250000 1.220889e+003
0.252000 1.225044e+003
0.254000 1.229155e+003
0.256000 1.233220e+003
0.258000 1.237240e+003
0.260000 1.241216e+003
0.262000 1.245148e+003
0.264000 1.249035e+003
0.266000 1.252878e+003
0.268000 1.256677e+003
0.270000 1.260433e+003
0.272000 1.264144e+003
0.274000 1.267813e+003
0.276000 1.271438e+003
0.278000 1.275019e+003
0.280000 1.278558e+003
0.282000 1.282055e+003
0.284000 1.285509e+003
0.286000 1.288920e+003
0.288000 1.292290e+003
0.290000 1.295618e+003
0.292000 1.298904e+003
0.294000 1.302148e+003
0.296000 1.305351e+003
0.298000 1.308514e+003
0.300000 1.311635e+003
0.302000 1.314716e+003
0.304000 1.317757e+003
0.306000 1.320758e+003
0.308000 1.323719e+003
0.310000 1.326640e+003
0.312000 1.329522e+003
0.314000 1.332364e+003
0.316000 1.335168e+003
0.318000 1.337933e+003
0.320000 1.340660e+003
0.322000 1.343349e+003
0.324000 1.346000e+003
0.326000 1.348613e+003
0.328000 1.351189e+003
0.330000 1.353727e+003
0.332000 1.356229e+003
0.334000 1.358695e+003
0.336000 1.361123e+003
0.338000 1.363516e+003
0.340000 1.365873e+003
0.342000 1.368195e+003
0.344000 1.370481e+003
0.346000 1.372732e+003
0.348000 1.374948e+003
0.350000 1.377130e+003
0.352000 1.379277e+003
0.354000 1.381391e+003
0.356000 1.383471e+003
0.358000 1.385517e+003
0.360000 1.387530e+003
0.362000 1.389511e+003
0.364000 1.391458e+003
0.366000 1.393373e+003
0.368000 1.395256e+003
0.370000 1.397108e+003
0.372000 1.398927e+003
0.374000 1.400715e+003
0.376000 1.402472e+003
0.378000 1.404198e+003
0.380000 1.405894e+003
0.382000 1.407559e+003
0.384000 1.409195e+003
0.386000 1.410800e+003
0.388000 1.412376e+003
0.390000 1.413922e+003
0.392000 1.415440e+003
0.394000 1.416928e+003
0.396000 1.418388e+003
0.398000 1.419820e+003
0.400000 1.421224e+003
0.402000 1.422599e+003
0.404000 1.423948e+003
0.406000 1.425268e+003
0.408000 1.426562e+003
0.410000 1.427829e+003
0.412000 1.429069e+003
0.414000 1.430282e+003
0.416000 1.431469e+003
0.418000 1.432631e+003
0.420000 1.433766e+003
0.422000 1.434876e+003
0.424000 1.435961e+003
0.426000 1.437021e+003
0.428000 1.438055e+003
0.430000 1.439065e+003
0.432000 1.440051e+003
0.434000 1.441012e+003
0.436000 1.441949e+003
0.438000 1.442862e+003
0.440000 1.443751e+003
0.442000 1.444617e+003
0.444000 1.445460e+003
0.446000 1.446279e+003
0.448000 1.447076e+003
0.450000 1.447849e+003
0.452000 1.448600e+003
0.454000 1.449329e+003
0.456000 1.450035e+003
0.458000 1.450720e+003
0.460000 1.451382e+003
0.462000 1.452023e+003
0.464000 1.452642e+003
0.466000 1.453240e+003
0.468000 1.453816e+003
0.470000 1.454371e+003
0.472000 1.454905e+003
0.474000 1.455419e+003
0.476000 1.455911e+003
0.478000 1.456383e+003
0.480000 1.456835e+003
0.482000 1.457266e+003
0.484000 1.457677e+003
0.486000 1.458068e+003
0.488000 1.458439e+003
0.490000 1.458790e+003
0.492000 1.459121e+003
0.494000 1.459433e+003
0.496000 1.459726e+003
0.498000 1.459998e+003
0.500000 1.460252e+003
0.502000 1.460486e+003
0.504000 1.460701e+003
0.506000 1.460897e+003
0.508000 1.461075e+003
0.510000 1.461233e+003
0.512000 1.461372e+003
0.514000 1.461493e+003
0.516000 1.461595e+003
0.518000 1.461678e+003
0.520000 1.461743e+003
0.522000 1.461789e+003
0.524000 1.461817e+003
0.526000 1.461827e+003
0.528000 1.461818e+003
0.530000 1.461791e+003
0.532000 1.461746e+003
0.534000 1.461683e+003
0.536000 1.461601e+003
0.538000 1.461501e+003
0.540000 1.461384e+003
0.542000 1.461248e+003
0.544000 1.461094e+003
0.546000 1.460922e+003
0.548000 1.460732e+003
0.550000 1.460524e+003
0.552000 1.460298e+003
0.554000 1.460054e+003
0.556000 1.459792e+003
0.558000 1.459513e+003
0.560000 1.459215e+003
0.562000 1.458899e+003
0.564000 1.458565e+003
0.566000 1.458214e+003
0.568000 1.457844e+003
0.570000 1.457456e+003
0.572000 1.457051e+003
0.574000 1.456627e+003
0.576000 1.456185e+003
0.578000 1.455725e+003
0.580000 1.455247e+003
0.582000 1.454751e+003
0.584000 1.454236e+003
0.586000 1.453704e+003
0.588000 1.453153e+003
0.590000 1.452584e+003
0.592000 1.451996e+003
0.594000 1.451391e+003
0.596000 1.450766e+003
0.598000 1.450123e+003
0.600000 1.449462e+003
0.602000 1.448782e+003
0.604000 1.448084e+003
0.606000 1.447366e+003
0.608000 1.446630e+003
0.610000 1.445876e+003
0.612000 1.445102e+003
0.614000 1.444309e+003
0.616000 1.443498e+003
0.618000 1.442667e+003
0.620000 1.441817e+003
0.622000 1.440948e+003
0.624000 1.440060e+003
0.626000 1.439152e+003
0.628000 1.438225e+003
0.630000 1.437278e+003
0.632000 1.436312e+003
0.634000 1.435326e+003
0.636000 1.434320e+003
0.638000 1.433295e+003
0.640000 1.432249e+003
0.642000 1.431184e+003
0.644000 1.430099e+003
0.646000 1.428993e+003
0.648000 1.427867e+003
0.650000 1.426721e+003
0.652000 1.425555e+003
0.654000 1.424368e+003
0.656000 1.423160e+003
0.658000 1.421932e+003
0.660000 1.420683e+003
0.662000 1.419413e+003
0.664000 1.418122e+003
0.666000 1.416810e+003
0.668000 1.415477e+003
0.670000 1.414123e+003
0.672000 1.412748e+003
0.674000 1.411351e+003
0.676000 1.409933e+003
0.678000 1.408493e+003
0.680000 1.407032e+003
0.682000 1.405549e+003
0.684000 1.404044e+003
0.686000 1.402517e+003
0.688000 1.400968e+003
0.690000 1.399398e+003
0.692000 1.397805e+003
0.694000 1.396190e+003
0.696000 1.394552e+003
0.698000 1.392893e+003
0.700000 1.391210e+003
0.702000 1.389506e+003
0.704000 1.387778e+003
0.706000 1.386028e+003
0.708000 1.384256e+003
0.710000 1.382460e+003
0.712000 1.380642e+003
0.714000 1.378800e+003
0.716000 1.376936e+003
0.718000 1.375048e+003
0.720000 1.373137e+003
0.722000 1.371203e+003
0.724000 1.369246e+003
0.726000 1.367266e+003
0.728000 1.365262e+003
0.730000 1.363234e+003
0.732000 1.361183e+003
0.734000 1.359109e+003
0.736000 1.357011e+003
0.738000 1.354889e+003
0.740000 1.352744e+003
0.742000 1.350574e+003
0.744000 1.348381e+003
0.746000 1.346165e+003
0.748000 1.343924e+003
0.750000 1.341660e+003
0.752000 1.339371e+003
0.754000 1.337059e+003
0.756000 1.334723e+003
0.758000 1.332362e+003
0.760000 1.329978e+003
0.762000 1.327570e+003
0.764000 1.325138e+003
0.766000 1.322681e+003
0.768000 1.320201e+003
0.770000 1.317697e+003
0.772000 1.315168e+003
0.774000 1.312616e+003
0.776000 1.310040e+003
0.778000 1.307439e+003
0.780000 1.304815e+003
0.782000 1.302167e+003
0.784000 1.299494e+003
0.786000 1.296798e+003
0.788000 1.294078e+003
0.790000 1.291334e+003
0.792000 1.288566e+003
0.794000 1.285775e+003
0.796000 1.282959e+003
0.798000 1.280120e+003
0.800000 1.277258e+003
0.802000 1.274372e+003
0.804000 1.271462e+003
0.806000 1.268529e+003
0.808000 1.265572e+003
0.810000 1.262592e+003
0.812000 1.259589e+003
0.814000 1.256563e+003
0.816000 1.253513e+003
0.818000 1.250441e+003
0.820000 1.247346e+003
0.822000 1.244227e+003
0.824000 1.241087e+003
0.826000 1.237923e+003
0.828000 1.234737e+003
0.830000 1.231529e+003
0.832000 1.228298e+003
0.834000 1.225045e+003
0.836000 1.221770e+003
0.838000 1.218474e+003
0.840000 1.215155e+003
0.842000 1.211815e+003
0.844000 1.208453e+003
0.846000 1.205070e+003
0.848000 1.201666e+003
0.850000 1.198241e+003
0.852000 1.194794e+003
0.854000 1.191327e+003
0.856000 1.187840e+003
0.858000 1.184332e+003
0.860000 1.180804e+003
0.862000 1.177255e+003
0.864000 1.173687e+003
0.866000 1.170100e+003
0.868000 1.166492e+003
0.870000 1.162866e+003
0.872000 1.159220e+003
0.874000 1.155555e+003
0.876000 1.151872e+003
0.878000 1.148170e+003
0.880000 1.144450e+003
0.882000 1.140712e+003
0.884000 1.136956e+003
0.886000 1.133182e+003
0.888000 1.129391e+003
0.890000 1.125583e+003
0.892000 1.121758e+003
0.894000 1.117916e+003
0.896000 1.114057e+003
0.898000 1.110183e+003
0.900000 1.106292e+003
0.902000 1.102386e+003
0.904000 1.098465e+003
0.906000 1.094528e+003
0.908000 1.090576e+003
0.910000 1.086610e+003
0.912000 1.082630e+003
0.914000 1.078635e+003
0.916000 1.074626e+003
0.918000 1.070604e+003
0.920000 1.066569e+003
0.922000 1.062520e+003
0.924000 1.058459e+003
0.926000 1.054386e+003
0.928000 1.050300e+003
0.930000 1.046203e+003
0.932000 1.042094e+003
0.934000 1.037974e+003
0.936000 1.033843e+003
0.938000 1.029702e+003
0.940000 1.025550e+003
0.942000 1.021388e+003
0.944000 1.017217e+003
0.946000 1.013036e+003
0.948000 1.008847e+003
0.950000 1.004648e+003
0.952000 1.000441e+003
0.954000 9.962266e+002
0.956000 9.920041e+002
0.958000 9.877742e+002
0.960000 9.835373e+002
0.962000 9.792936e+002
0.964000 9.750436e+002
0.966000 9.707875e+002
0.968000 9.665258e+002
0.970000 9.622586e+002
0.972000 9.579864e+002
0.974000 9.537096e+002
0.976000 9.494283e+002
0.978000 9.451431e+002
0.980000 9.408542e+002
0.982000 9.365620e+002
0.984000 9.322669e+002
0.986000 9.279691e+002
0.988000 9.236690e+002
0.990000 9.193670e+002
0.992000 9.150635e+002
0.994000 9.107586e+002
0.996000 9.064530e+002
0.998000 9.021467e+002
1.000000 8.978403e+002
1.002000 8.935341e+002
1.004000 8.892283e+002
1.006000 8.849235e+002
1.008000 8.806198e+002
1.010000 8.763177e+002
1.012000 8.720175e+002
1.014000 8.677196e+002
1.016000 8.634242e+002
1.018000 8.591318e+002
1.020000 8.548427e+002
1.022000 8.505572e+002
1.024000 8.462757e+002
1.026000 8.419985e+002
1.028000 8.377260e+002
1.030000 8.334585e+002
1.032000 8.291964e+002
1.034000 8.249399e+002
1.036000 8.206894e+002
1.038000 8.164453e+002
1.040000 8.122079e+002
1.042000 8.079775e+002
1.044000 8.037544e+002
1.046000 7.995391e+002
1.048000 7.953317e+002
1.050000 7.911326e+002
1.052000 7.869423e+002
1.054000 7.827608e+002
1.056000 7.785887e+002
1.058000 7.744262e+002
1.060000 7.702736e+002
1.062000 7.661313e+002
1.064000 7.619994e+002
1.066000 7.578785e+002
1.068000 7.537687e+002
1.070000 7.496703e+002
1.072000 7.455837e+002
1.074000 7.415092e+002
1.076000 7.374469e+002
1.078000 7.333974e+002
1.080000 7.293607e+002
1.082000 7.253373e+002
1.084000 7.213273e+002
1.086000 7.173311e+002
1.088000 7.133490e+002
1.090000 7.093812e+002
1.092000 7.054279e+002
1.094000 7.014895e+002
1.096000 6.975662e+002
1.098000 6.936583e+002
1.100000 6.897660e+002
1.102000 6.858895e+002
1.104000 6.820292e+002
1.106000 6.781853e+002
1.108000 6.743579e+002
1.110000 6.705474e+002
1.112000 6.667540e+002
1.114000 6.629779e+002
1.116000 6.592193e+002
1.118000 6.554784e+002
1.120000 6.517556e+002
1.122000 6.480509e+002
1.124000 6.443646e+002
1.126000 6.406969e+002
1.128000 6.370480e+002
1.130000 6.334181e+002
1.132000 6.298074e+002
1.134000 6.262160e+002
1.136000 6.226442e+002
1.138000 6.190922e+002
1.140000 6.155601e+002
1.142000 6.120481e+002
1.144000 6.085563e+002
1.146000 6.050850e+002
1.148000 6.016343e+002
1.150000 5.982043e+002
1.152000 5.947952e+002
1.154000 5.914071e+002
1.156000 5.880402e+002
1.158000 5.846947e+002
1.160000 5.813706e+002
1.162000 5.780680e+002
1.164000 5.747872e+002
1.166000 5.715282e+002
1.168000 5.682912e+002
1.170000 5.650762e+002
1.172000 5.618834e+002
1.174000 5.587129e+002
1.176000 5.555647e+002
1.178000 5.524390e+002
1.180000 5.493359e+002
1.182000 5.462554e+002
1.184000 5.431976e+002
1.186000 5.401627e+002
1.188000 5.371506e+002
1.190000 5.341615e+002
1.192000 5.311953e+002
1.194000 5.282523e+002
1.196000 5.253324e+002
1.198000 5.224356e+002
1.200000 5.195621e+002
1.202000 5.167119e+002
1.204000 5.138850e+002
1.206000 5.110814e+002
1.208000 5.083012e+002
1.210000 5.055445e+002
1.212000 5.028111e+002
1.214000 5.001013e+002
1.216000 4.974149e+002
1.218000 4.947519e+002
1.220000 4.921125e+002
1.222000 4.894966e+002
1.224000 4.869042e+002
1.226000 4.843353e+002
1.228000 4.817898e+002
1.230000 4.792679e+002
1.232000 4.767694e+002
1.234000 4.742943e+002
1.236000 4.718427e+002
1.238000 4.694144e+002
1.240000 4.670096e+002
1.242000 4.646281e+002
1.244000 4.622698e+002
1.246000 4.599349e+002
1.248000 4.576231e+002
1.250000 4.553346e+002
1.252000 4.530691e+002
1.254000 4.508268e+002
1.256000 4.486074e+002
1.258000 4.464110e+002
1.260000 4.442376e+002
1.262000 4.420869e+002
1.264000 4.399590e+002
1.266000 4.378538e+002
1.268000 4.357713e+002
1.270000 4.337113e+002
1.272000 4.316737e+002
1.274000 4.296585e+002
1.276000 4.276657e+002
1.278000 4.256950e+002
1.280000 4.237465e+002
1.282000 4.218200e+002
1.284000 4.199154e+002
1.286000 4.180327e+002
1.288000 4.161717e+002
1.290000 4.143323e+002
1.292000 4.125145e+002
1.294000 4.107181e+002
1.296000 4.089430e+002
1.298000 4.071891e+002
1.300000 4.054563e+002
1.302000 4.037445e+002
1.304000 4.020536e+002
1.306000 4.003834e+002
1.308000 3.987338e+002
1.310000 3.971047e+002
1.312000 3.954960e+002
1.314000 3.939075e+002
1.316000 3.923391e+002
1.318000 3.907908e+002
1.320000 3.892623e+002
1.322000 3.877535e+002
1.324000 3.862643e+002
1.326000 3.847946e+002
1.328000 3.833442e+002
1.330000 3.819129e+002
1.332000 3.805008e+002
1.334000 3.791075e+002
1.336000 3.777329e+002
1.338000 3.763770e+002
1.340000 3.750396e+002
1.342000 3.737205e+002
1.344000 3.724196e+002
1.346000 3.711367e+002
1.348000 3.698717e+002
1.350000 3.686244e+002
1.352000 3.673947e+002
1.354000 3.661825e+002
1.356000 3.649876e+002
1.358000 3.638098e+002
1.360000 3.626489e+002
1.362000 3.615049e+002
1.364000 3.603776e+002
1.366000 3.592669e+002
1.368000 3.581725e+002
1.370000 3.570943e+002
1.372000 3.560322e+002
1.374000 3.549860e+002
1.376000 3.539555e+002
1.378000 3.529407e+002
1.380000 3.519413e+002
1.382000 3.509571e+002
1.384000 3.499882e+002
1.386000 3.490342e+002
1.388000 3.480950e+002
1.390000 3.471705e+002
1.392000 3.462605e+002
1.394000 3.453649e+002
1.396000 3.444834e+002
1.398000 3.436160e+002
1.400000 3.427625e+002
1.402000 3.419228e+002
1.404000 3.410966e+002
1.406000 3.402839e+002
1.408000 3.394844e+002
1.410000 3.386980e+002
1.412000 3.379247e+002
1.414000 3.371641e+002
1.416000 3.364162e+002
1.418000 3.356808e+002
1.420000 3.349578e+002
1.422000 3.342470e+002
1.424000 3.335483e+002
1.426000 3.328615e+002
1.428000 3.321864e+002
1.430000 3.315230e+002
1.432000 3.308710e+002
1.434000 3.302303e+002
1.436000 3.296009e+002
1.438000 3.289824e+002
1.440000 3.283749e+002
1.442000 3.277781e+002
1.444000 3.271919e+002
1.446000 3.266162e+002
1.448000 3.260508e+002
1.450000 3.254955e+002
1.452000 3.249503e+002
1.454000 3.244150e+002
1.456000 3.238895e+002
1.458000 3.233736e+002
1.460000 3.228672e+002
1.462000 3.223702e+002
1.464000 3.218824e+002
1.466000 3.214037e+002
1.468000 3.209339e+002
1.470000 3.204730e+002
1.472000 3.200208e+002
1.474000 3.195771e+002
1.476000 3.191419e+002
1.478000 3.187150e+002
1.480000 3.182963e+002
1.482000 3.178857e+002
1.484000 3.174830e+002
1.486000 3.170882e+002
1.488000 3.167011e+002
1.490000 3.163215e+002
1.492000 3.159494e+002
1.494000 3.155847e+002
1.496000 3.152272e+002
1.498000 3.148768e+002
1.500000 3.145334e+002
1.502000 3.141969e+002
1.504000 3.138672e+002
1.506000 3.135442e+002
1.508000 3.132277e+002
1.510000 3.129177e+002
1.512000 3.126140e+002
1.514000 3.123166e+002
1.516000 3.120253e+002
1.518000 3.117400e+002
1.520000 3.114606e+002
1.522000 3.111871e+002
1.524000 3.109193e+002
1.526000 3.106572e+002
1.528000 3.104005e+002
1.530000 3.101494e+002
1.532000 3.099035e+002
1.534000 3.096629e+002
1.536000 3.094274e+002
1.538000 3.091971e+002
1.540000 3.089716e+002
1.542000 3.087511e+002
1.544000 3.085353e+002
1.546000 3.083243e+002
1.548000 3.081179e+002
1.550000 3.079160e+002
1.552000 3.077186e+002
1.554000 3.075255e+002
1.556000 3.073367e+002
1.558000 3.071522e+002
1.560000 3.069717e+002
1.562000 3.067953e+002
1.564000 3.066229e+002
1.566000 3.064544e+002
1.568000 3.062897e+002
1.570000 3.061288e+002
1.572000 3.059715e+002
1.574000 3.058178e+002
1.576000 3.056677e+002
1.578000 3.055210e+002
1.580000 3.053778e+002
1.582000 3.052378e+002
1.584000 3.051012e+002
1.586000 3.049677e+002
1.588000 3.048373e+002
1.590000 3.047101e+002
1.592000 3.045858e+002
1.594000 3.044645e+002
1.596000 3.043461e+002
1.598000 3.042304e+002
1.600000 3.041176e+002
1.602000 3.040075e+002
1.604000 3.039000e+002
1.606000 3.037951e+002
1.608000 3.036928e+002
1.610000 3.035930e+002
1.612000 3.034956e+002
1.614000 3.034006e+002
1.616000 3.033079e+002
1.618000 3.032175e+002
1.620000 3.031294e+002
1.622000 3.030434e+002
1.624000 3.029596e+002
1.626000 3.028778e+002
1.628000 3.027981e+002
1.630000 3.027205e+002
1.632000 3.026447e+002
1.634000 3.025709e+002
1.636000 3.024990e+002
1.638000 3.024289e+002
1.640000 3.023606e+002
1.642000 3.022940e+002
1.644000 3.022292e+002
1.646000 3.021660e+002
1.648000 3.021044e+002
1.650000 3.020445e+002
1.652000 3.019861e+002
1.654000 3.019292e+002
1.656000 3.018738e+002
1.658000 3.018199e+002
1.660000 3.017674e+002
1.662000 3.017163e+002
1.664000 3.016665e+002
1.666000 3.016180e+002
1.668000 3.015709e+002
1.670000 3.015250e+002
1.672000 3.014803e+002
1.674000 3.014368e+002
1.676000 3.013945e+002
1.678000 3.013534e+002
1.680000 3.013133e+002
1.682000 3.012744e+002
1.684000 3.012365e+002
1.686000 3.011996e+002
1.688000 3.011638e+002
1.690000 3.011289e+002
1.692000 3.010950e+002
1.694000 3.010621e+002
1.696000 3.010300e+002
1.698000 3.009989e+002
1.700000 3.009686e+002
1.702000 3.009392e+002
1.704000 3.009105e+002
1.706000 3.008827e+002
1.708000 3.008557e+002
1.710000 3.008295e+002
1.712000 3.008039e+002
1.714000 3.007792e+002
1.716000 3.007551e+002
1.718000 3.007317e+002
1.720000 3.007090e+002
1.722000 3.006869e+002
1.724000 3.006655e+002
1.726000 3.006447e+002
1.728000 3.006244e+002
1.730000 3.006048e+002
1.732000 3.005858e+002
1.734000 3.005673e+002
1.736000 3.005493e+002
1.738000 3.005319e+002
1.740000 3.005150e+002
1.742000 3.004986e+002
1.744000 3.004827e+002
1.746000 3.004672e+002
1.748000 3.004522e+002
1.750000 3.004377e+002
1.752000 3.004236e+002
1.754000 3.004099e+002
1.756000 3.003966e+002
1.758000 3.003838e+002
1.760000 3.003713e+002
1.762000 3.003592e+002
1.764000 3.003474e+002
1.766000 3.003361e+002
1.768000 3.003250e+002
1.770000 3.003143e+002
1.772000 3.003040e+002
1.774000 3.002939e+002
1.776000 3.002842e+002
1.778000 3.002748e+002
1.780000 3.002656e+002
1.782000 3.002568e+002
1.784000 3.002482e+002
1.786000 3.002399e+002
1.788000 3.002318e+002
1.790000 3.002240e+002
1.792000 3.002165e+002
1.794000 3.002092e+002
1.796000 3.002021e+002
1.798000 3.001952e+002
1.800000 3.001886e+002
1.802000 3.001822e+002
1.804000 3.001759e+002
1.806000 3.001699e+002
1.808000 3.001641e+002
1.810000 3.001585e+002
1.812000 3.001530e+002
1.814000 3.001477e+002
1.816000 3.001426e+002
1.818000 3.001377e+002
1.820000 3.001329e+002
1.822000 3.001283e+002
1.824000 3.001238e+002
1.826000 3.001195e+002
1.828000 3.001153e+002
1.830000 3.001112e+002
1.832000 3.001073e+002
1.834000 3.001035e+002
1.836000 3.000999e+002
1.838000 3.000963e+002
1.840000 3.000929e+002
1.842000 3.000896e+002
1.844000 3.000864e+002
1.846000 3.000833e+002
1.848000 3.000803e+002
1.850000 3.000775e+002
1.852000 3.000747e+002
1.854000 3.000720e+002
1.856000 3.000694e+002
1.858000 3.000669e+002
1.860000 3.000645e+002
1.862000 3.000621e+002
1.864000 3.000599e+002
1.866000 3.000577e+002
1.868000 3.000556e+002
1.870000 3.000535e+002
1.872000 3.000516e+002
1.874000 3.000497e+002
1.876000 3.000479e+002
1.878000 3.000461e+002
1.880000 3.000444e+002
1.882000 3.000427e+002
1.884000 3.000412e+002
1.886000 3.000396e+002
1.888000 3.000381e+002
1.890000 3.000367e+002
1.892000 3.000353e+002
1.894000 3.000340e+002
1.896000 3.000327e+002
1.898000 3.000315e+002
1.900000 3.000303e+002
1.902000 3.000292e+002
1.904000 3.000281e+002
1.906000 3.000270e+002
1.908000 3.000260e+002
1.910000 3.000250e+002
1.912000 3.000240e+002
1.914000 3.000231e+002
1.916000 3.000222e+002
1.918000 3.000214e+002
1.920000 3.000206e+002
1.922000 3.000198e+002
1.924000 3.000190e+002
1.926000 3.000183e+002
1.928000 3.000176e+002
1.930000 3.000169e+002
1.932000 3.000162e+002
1.934000 3.000156e+002
1.936000 3.000150e+002
1.938000 3.000144e+002
1.940000 3.000138e+002
1.942000 3.000133e+002
1.944000 3.000128e+002
1.946000 3.000123e+002
1.948000 3.000118e+002
1.950000 3.000113e+002
1.952000 3.000109e+002
1.954000 3.000104e+002
1.956000 3.000100e+002
1.958000 3.000096e+002
1.960000 3.000092e+002
1.962000 3.000089e+002
1.964000 3.000085e+002
1.966000 3.000082e+002
1.968000 3.000078e+002
1.970000 3.000075e+002
1.972000 3.000072e+002
1.974000 3.000069e+002
1.976000 3.000066e+002
1.978000 3.000064e+002
1.980000 3.000061e+002
1.982000 3.000059e+002
1.984000 3.000056e+002
1.986000 3.000054e+002
1.988000 3.000052e+002
1.990000 3.000050e+002
1.992000 3.000048e+002
1.994000 3.000046e+002
1.996000 3.000044e+002
1.998000 3.000042e+002
2.000000 3.000040e+002
2.002000 3.000039e+002
2.004000 3.000037e+002
2.006000 3.000035e+002
2.008000 3.000034e+002
2.010000 3.000032e+002
2.012000 3.000031e+002
2.014000 3.000030e+002
2.016000 3.000029e+002
2.018000 3.000027e+002
2.020000 3.000026e+002
2.022000 3.000025e+002
2.024000 3.000024e+002
2.026000 3.000023e+002
2.028000 3.000022e+002
2.030000 3.000021e+002
2.032000 3.000020e+002
2.034000 3.000019e+002
2.036000 3.000019e+002
2.038000 3.000018e+002
2.040000 3.000017e+002
2.042000 3.000016e+002
2.044000 3.000016e+002
2.046000 3.000015e+002
2.048000 3.000014e+002
2.050000 3.000014e+002
2.052000 3.000013e+002
2.054000 3.000012e+002
2.056000 3.000012e+002
2.058000 3.000011e+002
2.060000 3.000011e+002
2.062000 3.000010e+002
2.064000 3.000010e+002
2.066000 3.000010e+002
2.068000 3.000009e+002
2.070000 3.000009e+002
2.072000 3.000008e+002
2.074000 3.000008e+002
2.076000 3.000008e+002
2.078000 3.000007e+002
2.080000 3.000007e+002
2.082000 3.000007e+002
2.084000 3.000006e+002
2.086000 3.000006e+002
2.088000 3.000006e+002
2.090000 3.000006e+002
2.092000 3.000005e+002
2.094000 3.000005e+002
2.096000 3.000005e+002
2.098000 3.000005e+002
2.100000 3.000004e+002
2.102000 3.000004e+002
2.104000 3.000004e+002
2.106000 3.000004e+002
2.108000 3.000004e+002
2.110000 3.000003e+002
2.112000 3.000003e+002
2.114000 3.000003e+002
2.116000 3.000003e+002
2.118000 3.000003e+002
2.120000 3.000003e+002
2.122000 3.000003e+002
2.124000 3.000003e+002
2.126000 3.000002e+002
2.128000 3.000002e+002
2.130000 3.000002e+002
2.132000 3.000002e+002
2.134000 3.000002e+002
2.136000 3.000002e+002
2.138000 3.000002e+002
2.140000 3.000002e+002
2.142000 3.000002e+002
2.144000 3.000002e+002
2.146000 3.000001e+002
2.148000 3.000001e+002
2.150000 3.000001e+002
2.152000 3.000001e+002
2.154000 3.000001e+002
2.156000 3.000001e+002
2.158000 3.000001e+002
2.160000 3.000001e+002
2.162000 3.000001e+002
2.164000 3.000001e+002
2.166000 3.000001e+002
2.168000 3.000001e+002
2.170000 3.000001e+002
2.172000 3.000001e+002
2.174000 3.000001e+002
2.176000 3.000001e+002
2.178000 3.000001e+002
2.180000 3.000001e+002
2.182000 3.000001e+002
2.184000 3.000001e+002
2.186000 3.000001e+002
2.188000 3.000001e+002
2.190000 3.000001e+002
2.192000 3.000000e+002
2.194000 3.000000e+002
2.196000 3.000000e+002
2.198000 3.000000e+002
2.200000 3.000000e+002
2.202000 3.000000e+002
2.204000 3.000000e+002
2.206000 3.000000e+002
2.208000 3.000000e+002
2.210000 3.000000e+002
2.212000 3.000000e+002
2.214000 3.000000e+002
2.216000 3.000000e+002
2.218000 3.000000e+002
2.220000 3.000000e+002
2.222000 3.000000e+002
2.224000 3.000000e+002
2.226000 3.000000e+002
2.228000 3.000000e+002
2.230000 3.000000e+002
2.232000 3.000000e+002
2.234000 3.000000e+002
2.236000 3.000000e+002
2.238000 3.000000e+002
2.240000 3.000000e+002
2.242000 3.000000e+002
2.244000 3.000000e+002
2.246000 3.000000e+002
2.248000 3.000000e+002
2.250000 3.000000e+002
2.252000 3.000000e+002
2.254000 3.000000e+002
2.256000 3.000000e+002
2.258000 3.000000e+002
2.260000 3.000000e+002
2.262000 3.000000e+002
2.264000 3.000000e+002
2.266000 3.000000e+002
2.268000 3.000000e+002
2.270000 3.000000e+002
2.272000 3.000000e+002
2.274000 3.000000e+002
2.276000 3.000000e+002
2.278000 3.000000e+002
2.280000 3.000000e+002
2.282000 3.000000e+002
2.284000 3.000000e+002
2.286000 3.000000e+002
2.288000 3.000000e+002
2.290000 3.000000e+002
2.292000 3.000000e+002
2.294000 3.000000e+002
2.296000 3.000000e+002
2.298000 3.000000e+002
2.300000 3.000000e+002
2.302000 3.000000e+002
2.304000 3.000000e+002
2.306000 3.000000e+002
2.308000 3.000000e+002
2.310000 3.000000e+002
2.312000 3.000000e+002
2.314000 3.000000e+002
2.316000 3.000000e+002
2.318000 3.000000e+002
2.320000 3.000000e+002
2.322000 3.000000e+002
2.324000 3.000000e+002
2.326000 3.000000e+002
2.328000 3.000000e+002
2.330000 3.000000e+002
2.332000 3.000000e+002
2.334000 3.000000e+002
2.336000 3.000000e+002
2.338000 3.000000e+002
2.340000 3.000000e+002
2.342000 3.000000e+002
2.344000 3.000000e+002
2.346000 3.000000e+002
2.348000 3.000000e+002
2.350000 3.000000e+002
2.352000 3.000000e+002
2.354000 3.000000e+002
2.356000 3.000000e+002
2.358000 3.000000e+002
2.360000 3.000000e+002
2.362000 3.000000e+002
2.364000 3.000000e+002
2.366000 3.000000e+002
2.368000 3.000000e+002
2.370000 3.000000e+002
2.372000 3.000000e+002
2.374000 3.000000e+002
2.376000 3.000000e+002
2.378000 3.000000e+002
2.380000 3.000000e+002
2.382000 3.000000e+002
2.384000 3.000000e+002
2.386000 3.000000e+002
2.388000 3.000000e+002
2.390000 3.000000e+002
2.392000 3.000000e+002
2.394000 3.000000e+002
2.396000 3.000000e+002
2.398000 3.000000e+002
2.400000 3.000000e+002
2.402000 3.000000e+002
2.404000 3.000000e+002
2.406000 3.000000e+002
2.408000 3.000000e+002
2.410000 3.000000e+002
2.412000 3.000000e+002
2.414000 3.000000e+002
2.416000 3.000000e+002
2.418000 3.000000e+002
2.420000 3.000000e+002
2.422000 3.000000e+002
2.424000 3.000000e+002
2.426000 3.000000e+002
2.428000 3.000000e+002
2.430000 3.000000e+002
2.432000 3.000000e+002
2.434000 3.000000e+002
2.436000 3.000000e+002
2.438000 3.000000e+002
2.440000 3.000000e+002
2.442000 3.000000e+002
2.444000 3.000000e+002
2.446000 3.000000e+002
2.448000 3.000000e+002
2.450000 3.000000e+002
2.452000 3.000000e+002
2.454000 3.000000e+002
2.456000 3.000000e+002
2.458000 3.000000e+002
2.460000 3.000000e+002
2.462000 3.000000e+002
2.464000 3.000000e+002
2.466000 3.000000e+002
2.468000 3.000000e+002
2.470000 3.000000e+002
2.472000 3.000000e+002
2.474000 3.000000e+002
2.476000 3.000000e+002
2.478000 3.000000e+002
2.480000 3.000000e+002
2.482000 3.000000e+002
2.484000 3.000000e+002
2.486000 3.000000e+002
2.488000 3.000000e+002
2.490000 3.000000e+002
2.492000 3.000000e+002
2.494000 3.000000e+002
2.496000 3.000000e+002
2.498000 3.000000e+002
2.500000 3.000000e+002
2.502000 3.000000e+002
2.504000 3.000000e+002
2.506000 3.000000e+002
2.508000 3.000000e+002
2.510000 3.000000e+002
2.512000 3.000000e+002
2.514000 3.000000e+002
2.516000 3.000000e+002
2.518000 3.000000e+002
2.520000 3.000000e+002
2.522000 3.000000e+002
2.524000 3.000000e+002
2.526000 3.000000e+002
2.528000 3.000000e+002
2.530000 3.000000e+002
2.532000 3.000000e+002
2.534000 3.000000e+002
2.536000 3.000000e+002
2.538000 3.000000e+002
2.540000 3.000000e+002
2.542000 3.000000e+002
2.544000 3.000000e+002
2.546000 3.000000e+002
2.548000 3.000000e+002
2.550000 3.000000e+002
2.552000 3.000000e+002
2.554000 3.000000e+002
2.556000 3.000000e+002
2.558000 3.000000e+002
2.560000 3.000000e+002
2.562000 3.000000e+002
2.564000 3.000000e+002
2.566000 3.000000e+002
2.568000 3.000000e+002
2.570000 3.000000e+002
2.572000 3.000000e+002
2.574000 3.000000e+002
2.576000 3.000000e+002
2.578000 3.000000e+002
2.580000 3.000000e+002
2.582000 3.000000e+002
2.584000 3.000000e+002
2.586000 3.000000e+002
2.588000 3.000000e+002
2.590000 3.000000e+002
2.592000 3.000000e+002
2.594000 3.000000e+002
2.596000 3.000000e+002
2.598000 3.000000e+002
2.600000 3.000000e+002
2.602000 3.000000e+002
2.604000 3.000000e+002
2.606000 3.000000e+002
2.608000 3.000000e+002
2.610000 3.000000e+002
2.612000 3.000000e+002
2.614000 3.000000e+002
2.616000 3.000000e+002
2.618000 3.000000e+002
2.620000 3.000000e+002
2.622000 3.000000e+002
2.624000 3.000000e+002
2.626000 3.000000e+002
2.628000 3.000000e+002
2.630000 3.000000e+002
2.632000 3.000000e+002
2.634000 3.000000e+002
2.636000 3.000000e+002
2.638000 3.000000e+002
2.640000 3.000000e+002
2.642000 3.000000e+002
2.644000 3.000000e+002
2.646000 3.000000e+002
2.648000 3.000000e+002
2.650000 3.000000e+002
2.652000 3.000000e+002
2.654000 3.000000e+002
2.656000 3.000000e+002
2.658000 3.000000e+002
2.660000 3.000000e+002
2.662000 3.000000e+002
2.664000 3.000000e+002
2.666000 3.000000e+002
2.668000 3.000000e+002
2.670000 3.000000e+002
2.672000 3.000000e+002
2.674000 3.000000e+002
2.676000 3.000000e+002
2.678000 3.000000e+002
2.680000 3.000000e+002
2.682000 3.000000e+002
2.684000 3.000000e+002
2.686000 3.000000e+002
2.688000 3.000000e+002
2.690000 3.000000e+002
2.692000 3.000000e+002
2.694000 3.000000e+002
2.696000 3.000000e+002
2.698000 3.000000e+002
2.700000 3.000000e+002
2.702000 3.000000e+002
2.704000 3.000000e+002
2.706000 3.000000e+002
2.708000 3.000000e+002
2.710000 3.000000e+002
2.712000 3.000000e+002
2.714000 3.000000e+002
2.716000 3.000000e+002
2.718000 3.000000e+002
2.720000 3.000000e+002
2.722000 3.000000e+002
2.724000 3.000000e+002
2.726000 3.000000e+002
2.728000 3.000000e+002
2.730000 3.000000e+002
2.732000 3.000000e+002
2.734000 3.000000e+002
2.736000 3.000000e+002
2.738000 3.000000e+002
2.740000 3.000000e+002
2.742000 3.000000e+002
2.744000 3.000000e+002
2.746000 3.000000e+002
2.748000 3.000000e+002
2.750000 3.000000e+002
2.752000 3.000000e+002
2.754000 3.000000e+002
2.756000 3.000000e+002
2.758000 3.000000e+002
2.760000 3.000000e+002
2.762000 3.000000e+002
2.764000 3.000000e+002
2.766000 3.000000e+002
2.768000 3.000000e+002
2.770000 3.000000e+002
2.772000 3.000000e+002
2.774000 3.000000e+002
2.776000 3.000000e+002
2.778000 3.000000e+002
2.780000 3.000000e+002
2.782000 3.000000e+002
2.784000 3.000000e+002
2.786000 3.000000e+002
2.788000 3.000000e+002
2.790000 3.000000e+002
2.792000 3.000000e+002
2.794000 3.000000e+002
2.796000 3.000000e+002
2.798000 3.000000e+002
2.800000 3.000000e+002
2.802000 3.000000e+002
2.804000 3.000000e+002
2.806000 3.000000e+002
2.808000 3.000000e+002
2.810000 3.000000e+002
2.812000 3.000000e+002
2.814000 3.000000e+002
2.816000 3.000000e+002
2.818000 3.000000e+002
2.820000 3.000000e+002
2.822000 3.000000e+002
2.824000 3.000000e+002
2.826000 3.000000e+002
2.828000 3.000000e+002
2.830000 3.000000e+002
2.832000 3.000000e+002
2.834000 3.000000e+002
2.836000 3.000000e+002
2.838000 3.000000e+002
2.840000 3.000000e+002
2.842000 3.000000e+002
2.844000 3.000000e+002
2.846000 3.000000e+002
2.848000 3.000000e+002
2.850000 3.000000e+002
2.852000 3.000000e+002
2.854000 3.000000e+002
2.856000 3.000000e+002
2.858000 3.000000e+002
2.860000 3.000000e+002
2.862000 3.000000e+002
2.864000 3.000000e+002
2.866000 3.000000e+002
2.868000 3.000000e+002
2.870000 3.000000e+002
2.872000 3.000000e+002
2.874000 3.000000e+002
2.876000 3.000000e+002
2.878000 3.000000e+002
2.880000 3.000000e+002
2.882000 3.000000e+002
2.884000 3.000000e+002
2.886000 3.000000e+002
2.888000 3.000000e+002
2.890000 3.000000e+002
2.892000 3.000000e+002
2.894000 3.000000e+002
2.896000 3.000000e+002
2.898000 3.000000e+002
2.900000 3.000000e+002
2.902000 3.000000e+002
2.904000 3.000000e+002
2.906000 3.000000e+002
2.908000 3.000000e+002
2.910000 3.000000e+002
2.912000 3.000000e+002
2.914000 3.000000e+002
2.916000 3.000000e+002
2.918000 3.000000e+002
2.920000 3.000000e+002
2.922000 3.000000e+002
2.924000 3.000000e+002
2.926000 3.000000e+002
2.928000 3.000000e+002
2.930000 3.000000e+002
2.932000 3.000000e+002
2.934000 3.000000e+002
2.936000 3.000000e+002
2.938000 3.000000e+002
2.940000 3.000000e+002
2.942000 3.000000e+002
2.944000 3.000000e+002
2.946000 3.000000e+002
2.948000 3.000000e+002
2.950000 3.000000e+002
2.952000 3.000000e+002
2.954000 3.000000e+002
2.956000 3.000000e+002
2.958000 3.000000e+002
2.960000 3.000000e+002
2.962000 3.000000e+002
2.964000 3.000000e+002
2.966000 3.000000e+002
2.968000 3.000000e+002
2.970000 3.000000e+002
2.972000 3.000000e+002
2.974000 3.000000e+002
2.976000 3.000000e+002
2.978000 3.000000e+002
2.980000 3.000000e+002
2.982000 3.000000e+002
2.984000 3.000000e+002
2.986000 3.000000e+002
2.988000 3.000000e+002
2.990000 3.000000e+002
2.992000 3.000000e+002
2.994000 3.000000e+002
2.996000 3.000000e+002
2.998000 3.000000e+002
3.000000 3.000000e+002
3.002000 3.000000e+002
3.004000 3.000000e+002
3.006000 3.000000e+002
3.008000 3.000000e+002
3.010000 3.000000e+002
3.012000 3.000000e+002
3.014000 3.000000e+002
3.016000 3.000000e+002
3.018000 3.000000e+002
3.020000 3.000000e+002
3.022000 3.000000e+002
3.024000 3.000000e+002
3.026000 3.000000e+002
3.028000 3.000000e+002
3.030000 3.000000e+002
3.032000 3.000000e+002
3.034000 3.000000e+002
3.036000 3.000000e+002
3.038000 3.000000e+002
3.040000 3.000000e+002
3.042000 3.000000e+002
3.044000 3.000000e+002
3.046000 3.000000e+002
3.048000 3.000000e+002
3.050000 3.000000e+002
3.052000 3.000000e+002
3.054000 3.000000e+002
3.056000 3.000000e+002
3.058000 3.000000e+002
3.060000 3.000000e+002
3.062000 3.000000e+002
3.064000 3.000000e+002
3.066000 3.000000e+002
3.068000 3.000000e+002
3.070000 3.000000e+002
3.072000 3.000000e+002
3.074000 3.000000e+002
3.076000 3.000000e+002
3.078000 3.000000e+002
3.080000 3.000000e+002
3.082000 3.000000e+002
3.084000 3.000000e+002
3.086000 3.000000e+002
3.088000 3.000000e+002
3.090000 3.000000e+002
3.092000 3.000000e+002
3.094000 3.000000e+002
3.096000 3.000000e+002
3.098000 3.000000e+002
3.100000 3.000000e+002
3.102000 3.000000e+002
3.104000 3.000000e+002
3.106000 3.000000e+002
3.108000 3.000000e+002
3.110000 3.000000e+002
3.112000 3.000000e+002
3.114000 3.000000e+002
3.116000 3.000000e+002
3.118000 3.000000e+002
3.120000 3.000000e+002
3.122000 3.000000e+002
3.124000 3.000000e+002
3.126000 3.000000e+002
3.128000 3.000000e+002
3.130000 3.000000e+002
3.132000 3.000000e+002
3.134000 3.000000e+002
3.136000 3.000000e+002
3.138000 3.000000e+002
3.140000 3.000000e+002
3.142000 3.000000e+002
3.144000 3.000000e+002
3.146000 3.000000e+002
3.148000 3.000000e+002
3.150000 3.000000e+002
3.152000 3.000000e+002
3.154000 3.000000e+002
3.156000 3.000000e+002
3.158000 3.000000e+002
3.160000 3.000000e+002
3.162000 3.000000e+002
3.164000 3.000000e+002
3.166000 3.000000e+002
3.168000 3.000000e+002
3.170000 3.000000e+002
3.172000 3.000000e+002
3.174000 3.000000e+002
3.176000 3.000000e+002
3.178000 3.000000e+002
3.180000 3.000000e+002
3.182000 3.000000e+002
3.184000 3.000000e+002
3.186000 3.000000e+002
3.188000 3.000000e+002
3.190000 3.000000e+002
3.192000 3.000000e+002
3.194000 3.000000e+002
3.196000 3.000000e+002
3.198000 3.000000e+002
3.200000 3.000000e+002
3.202000 3.000000e+002
3.204000 3.000000e+002
3.206000 3.000000e+002
3.208000 3.000000e+002
3.210000 3.000000e+002
3.212000 3.000000e+002
3.214000 3.000000e+002
3.216000 3.000000e+002
3.218000 3.000000e+002
3.220000 3.000000e+002
3.222000 3.000000e+002
3.224000 3.000000e+002
3.226000 3.000000e+002
3.228000 3.000000e+002
3.230000 3.000000e+002
3.232000 3.000000e+002
3.234000 3.000000e+002
3.236000 3.000000e+002
3.238000 3.000000e+002
3.240000 3.000000e+002
3.242000 3.000000e+002
3.244000 3.000000e+002
3.246000 3.000000e+002
3.248000 3.000000e+002
3.250000 3.000000e+002
3.252000 3.000000e+002
3.254000 3.000000e+002
3.256000 3.000000e+002
3.258000 3.000000e+002
3.260000 3.000000e+002
3.262000 3.000000e+002
3.264000 3.000000e+002
3.266000 3.000000e+002
3.268000 3.000000e+002
3.270000 3.000000e+002
3.272000 3.000000e+002
3.274000 3.000000e+002
3.276000 3.000000e+002
3.278000 3.000000e+002
3.280000 3.000000e+002
3.282000 3.000000e+002
3.284000 3.000000e+002
3.286000 3.000000e+002
3.288000 3.000000e+002
3.290000 3.000000e+002
3.292000 3.000000e+002
3.294000 3.000000e+002
3.296000 3.000000e+002
3.298000 3.000000e+002
3.300000 3.000000e+002
3.302000 3.000000e+002
3.304000 3.000000e+002
3.306000 3.000000e+002
3.308000 3.000000e+002
3.310000 3.000000e+002
3.312000 3.000000e+002
3.314000 3.000000e+002
3.316000 3.000000e+002
3.318000 3.000000e+002
3.320000 3.000000e+002
3.322000 3.000000e+002
3.324000 3.000000e+002
3.326000 3.000000e+002
3.328000 3.000000e+002
3.330000 3.000000e+002
3.332000 3.000000e+002
3.334000 3.000000e+002
3.336000 3.000000e+002
3.338000 3.000000e+002
3.340000 3.000000e+002
3.342000 3.000000e+002
3.344000 3.000000e+002
3.346000 3.000000e+002
3.348000 3.000000e+002
3.350000 3.000000e+002
3.352000 3.000000e+002
3.354000 3.000000e+002
3.356000 3.000000e+002
3.358000 3.000000e+002
3.360000 3.000000e+002
3.362000 3.000000e+002
3.364000 3.000000e+002
3.366000 3.000000e+002
3.368000 3.000000e+002
3.370000 3.000000e+002
3.372000 3.000000e+002
3.374000 3.000000e+002
3.376000 3.000000e+002
3.378000 3.000000e+002
3.380000 3.000000e+002
3.382000 3.000000e+002
3.384000 3.000000e+002
3.386000 3.000000e+002
3.388000 3.000000e+002
3.390000 3.000000e+002
3.392000 3.000000e+002
3.394000 3.000000e+002
3.396000 3.000000e+002
3.398000 3.000000e+002
3.400000 3.000000e+002
3.402000 3.000000e+002
3.404000 3.000000e+002
3.406000 3.000000e+002
3.408000 3.000000e+002
3.410000 3.000000e+002
3.412000 3.000000e+002
3.414000 3.000000e+002
3.416000 3.000000e+002
3.418000 3.000000e+002
3.420000 3.000000e+002
3.422000 3.000000e+002
3.424000 3.000000e+002
3.426000 3.000000e+002
3.428000 3.000000e+002
3.430000 3.000000e+002
3.432000 3.000000e+002
3.434000 3.000000e+002
3.436000 3.000000e+002
3.438000 3.000000e+002
3.440000 3.000000e+002
3.442000 3.000000e+002
3.444000 3.000000e+002
3.446000 3.000000e+002
3.448000 3.000000e+002
3.450000 3.000000e+002
3.452000 3.000000e+002
3.454000 3.000000e+002
3.456000 3.000000e+002
3.458000 3.000000e+002
3.460000 3.000000e+002
3.462000 3.000000e+002
3.464000 3.000000e+002
3.466000 3.000000e+002
3.468000 3.000000e+002
3.470000 3.000000e+002
3.472000 3.000000e+002
3.474000 3.000000e+002
3.476000 3.000000e+002
3.478000 3.000000e+002
3.480000 3.000000e+002
3.482000 3.000000e+002
3.484000 3.000000e+002
3.486000 3.000000e+002
3.488000 3.000000e+002
3.490000 3.000000e+002
3.492000 3.000000e+002
3.494000 3.000000e+002
3.496000 3.000000e+002
3.498000 3.000000e+002
3.500000 3.000000e+002
3.502000 3.000000e+002
3.504000 3.000000e+002
3.506000 3.000000e+002
3.508000 3.000000e+002
3.510000 3.000000e+002
3.512000 3.000000e+002
3.514000 3.000000e+002
3.516000 3.000000e+002
3.518000 3.000000e+002
3.520000 3.000000e+002
3.522000 3.000000e+002
3.524000 3.000000e+002
3.526000 3.000000e+002
3.528000 3.000000e+002
3.530000 3.000000e+002
3.532000 3.000000e+002
3.534000 3.000000e+002
3.536000 3.000000e+002
3.538000 3.000000e+002
3.540000 3.000000e+002
3.542000 3.000000e+002
3.544000 3.000000e+002
3.546000 3.000000e+002
3.548000 3.000000e+002
3.550000 3.000000e+002
3.552000 3.000000e+002
3.554000 3.000000e+002
3.556000 3.000000e+002
3.558000 3.000000e+002
3.560000 3.000000e+002
3.562000 3.000000e+002
3.564000 3.000000e+002
3.566000 3.000000e+002
3.568000 3.000000e+002
3.570000 3.000000e+002
3.572000 3.000000e+002
3.574000 3.000000e+002
3.576000 3.000000e+002
3.578000 3.000000e+002
3.580000 3.000000e+002
3.582000 3.000000e+002
3.584000 3.000000e+002
3.586000 3.000000e+002
3.588000 3.000000e+002
3.590000 3.000000e+002
3.592000 3.000000e+002
3.594000 3.000000e+002
3.596000 3.000000e+002
3.598000 3.000000e+002
3.600000 3.000000e+002
3.602000 3.000000e+002
3.604000 3.000000e+002
3.606000 3.000000e+002
3.608000 3.000000e+002
3.610000 3.000000e+002
3.612000 3.000000e+002
3.614000 3.000000e+002
3.616000 3.000000e+002
3.618000 3.000000e+002
3.620000 3.000000e+002
3.622000 3.000000e+002
3.624000 3.000000e+002
3.626000 3.000000e+002
3.628000 3.000000e+002
3.630000 3.000000e+002
3.632000 3.000000e+002
3.634000 3.000000e+002
3.636000 3.000000e+002
3.638000 3.000000e+002
3.640000 3.000000e+002
3.642000 3.000000e+002
3.644000 3.000000e+002
3.646000 3.000000e+002
3.648000 3.000000e+002
3.650000 3.000000e+002
3.652000 3.000000e+002
3.654000 3.000000e+002
3.656000 3.000000e+002
3.658000 3.000000e+002
3.660000 3.000000e+002
3.662000 3.000000e+002
3.664000 3.000000e+002
3.666000 3.000000e+002
3.668000 3.000000e+002
3.670000 3.000000e+002
3.672000 3.000000e+002
3.674000 3.000000e+002
3.676000 3.000000e+002
3.678000 3.000000e+002
3.680000 3.000000e+002
3.682000 3.000000e+002
3.684000 3.000000e+002
3.686000 3.000000e+002
3.688000 3.000000e+002
3.690000 3.000000e+002
3.692000 3.000000e+002
3.694000 3.000000e+002
3.696000 3.000000e+002
3.698000 3.000000e+002
3.700000 3.000000e+002
3.702000 3.000000e+002
3.704000 3.000000e+002
3.706000 3.000000e+002
3.708000 3.000000e+002
3.710000 3.000000e+002
3.712000 3.000000e+002
3.714000 3.000000e+002
3.716000 3.000000e+002
3.718000 3.000000e+002
3.720000 3.000000e+002
3.722000 3.000000e+002
3.724000 3.000000e+002
3.726000 3.000000e+002
3.728000 3.000000e+002
3.730000 3.000000e+002
3.732000 3.000000e+002
3.734000 3.000000e+002
3.736000 3.000000e+002
3.738000 3.000000e+002
3.740000 3.000000e+002
3.742000 3.000000e+002
3.744000 3.000000e+002
3.746000 3.000000e+002
3.748000 3.000000e+002
3.750000 3.000000e+002
3.752000 3.000000e+002
3.754000 3.000000e+002
3.756000 3.000000e+002
3.758000 3.000000e+002
3.760000 3.000000e+002
3.762000 3.000000e+002
3.764000 3.000000e+002
3.766000 3.000000e+002
3.768000 3.000000e+002
3.770000 3.000000e+002
3.772000 3.000000e+002
3.774000 3.000000e+002
3.776000 3.000000e+002
3.778000 3.000000e+002
3.780000 3.000000e+002
3.782000 3.000000e+002
3.784000 3.000000e+002
3.786000 3.000000e+002
3.788000 3.000000e+002
3.790000 3.000000e+002
3.792000 3.000000e+002
3.794000 3.000000e+002
3.796000 3.000000e+002
3.798000 3.000000e+002
3.800000 3.000000e+002
3.802000 3.000000e+002
3.804000 3.000000e+002
3.806000 3.000000e+002
3.808000 3.000000e+002
3.810000 3.000000e+002
3.812000 3.000000e+002
3.814000 3.000000e+002
3.816000 3.000000e+002
3.818000 3.000000e+002
3.820000 3.000000e+002
3.822000 3.000000e+002
3.824000 3.000000e+002
3.826000 3.000000e+002
3.828000 3.000000e+002
3.830000 3.000000e+002
3.832000 3.000000e+002
3.834000 3.000000e+002
3.836000 3.000000e+002
3.838000 3.000000e+002
3.840000 3.000000e+002
3.842000 3.000000e+002
3.844000 3.000000e+002
3.846000 3.000000e+002
3.848000 3.000000e+002
3.850000 3.000000e+002
3.852000 3.000000e+002
3.854000 3.000000e+002
3.856000 3.000000e+002
3.858000 3.000000e+002
3.860000 3.000000e+002
3.862000 3.000000e+002
3.864000 3.000000e+002
3.866000 3.000000e+002
3.868000 3.000000e+002
3.870000 3.000000e+002
3.872000 3.000000e+002
3.874000 3.000000e+002
3.876000 3.000000e+002
3.878000 3.000000e+002
3.880000 3.000000e+002
3.882000 3.000000e+002
3.884000 3.000000e+002
3.886000 3.000000e+002
3.888000 3.000000e+002
3.890000 3.000000e+002
3.892000 3.000000e+002
3.894000 3.000000e+002
3.896000 3.000000e+002
3.898000 3.000000e+002
3.900000 3.000000e+002
3.902000 3.000000e+002
3.904000 3.000000e+002
3.906000 3.000000e+002
3.908000 3.000000e+002
3.910000 3.000000e+002
3.912000 3.000000e+002
3.914000 3.000000e+002
3.916000 3.000000e+002
3.918000 3.000000e+002
3.920000 3.000000e+002
3.922000 3.000000e+002
3.924000 3.000000e+002
3.926000 3.000000e+002
3.928000 3.000000e+002
3.930000 3.000000e+002
3.932000 3.000000e+002
3.934000 3.000000e+002
3.936000 3.000000e+002
3.938000 3.000000e+002
3.940000 3.000000e+002
3.942000 3.000000e+002
3.944000 3.000000e+002
3.946000 3.000000e+002
3.948000 3.000000e+002
3.950000 3.000000e+002
3.952000 3.000000e+002
3.954000 3.000000e+002
3.956000 3.000000e+002
3.958000 3.000000e+002
3.960000 3.000000e+002
3.962000 3.000000e+002
3.964000 3.000000e+002
3.966000 3.000000e+002
3.968000 3.000000e+002
3.970000 3.000000e+002
3.972000 3.000000e+002
3.974000 3.000000e+002
3.976000 3.000000e+002
3.978000 3.000000e+002
3.980000 3.000000e+002
3.982000 3.000000e+002
3.984000 3.000000e+002
3.986000 3.000000e+002
3.988000 3.000000e+002
3.990000 3.000000e+002
3.992000 3.000000e+002
3.994000 3.000000e+002
3.996000 3.000000e+002
3.998000 3.000000e+002
