0.000000 3.076701e+002
0.002000 3.085094e+002
0.004000 3.093485e+002
0.006000 3.101876e+002
0.008000 3.110265e+002
0.010000 3.118653e+002
0.012000 3.127040e+002
0.014000 3.135426e+002
0.016000 3.143810e+002
0.018000 3.152193e+002
0.020000 3.160574e+002
0.022000 3.168953e+002
0.024000 3.177331e+002
0.026000 3.185706e+002
0.028000 3.194080e+002
0.030000 3.202451e+002
0.032000 3.210821e+002
0.034000 3.219188e+002
0.036000 3.227553e+002
0.038000 3.235915e+002
0.040000 3.244275e+002
0.042000 3.252633e+002
0.044000 3.260987e+002
0.046000 3.269339e+002
0.048000 3.277688e+002
0.050000 3.286034e+002
0.052000 3.294377e+002
0.054000 3.302717e+002
0.056000 3.311054e+002
0.058000 3.319387e+002
0.060000 3.327717e+002
0.062000 3.336043e+002
0.064000 3.344366e+002
0.066000 3.352685e+002
0.068000 3.361001e+002
0.070000 3.369312e+002
0.072000 3.377620e+002
0.074000 3.385923e+002
0.076000 3.394223e+002
0.078000 3.402518e+002
0.080000 3.410809e+002
0.082000 3.419096e+002
0.084000 3.427378e+002
0.086000 3.435656e+002
0.088000 3.443929e+002
0.090000 3.452197e+002
0.092000 3.460461e+002
0.094000 3.468719e+002
0.096000 3.476973e+002
0.098000 3.485222e+002
0.100000 3.493465e+002
0.102000 3.501703e+002
0.104000 3.509936e+002
0.106000 3.518163e+002
0.108000 3.526385e+002
0.110000 3.534602e+002
0.112000 3.542812e+002
0.114000 3.551017e+002
0.116000 3.559216e+002
0.118000 3.567409e+002
0.120000 3.575596e+002
0.122000 3.583777e+002
0.124000 3.591952e+002
0.126000 3.600121e+002
0.128000 3.608283e+002
0.130000 3.616438e+002
0.132000 3.624588e+002
0.134000 3.632730e+002
0.136000 3.640866e+002
0.138000 3.648995e+002
0.140000 3.657117e+002
0.142000 3.665232e+002
0.144000 3.673341e+002
0.146000 3.681442e+002
0.148000 3.689535e+002
0.150000 3.697622e+002
0.152000 3.705701e+002
0.154000 3.713773e+002
0.156000 3.721837e+002
0.158000 3.729893e+002
0.160000 3.737942e+002
0.162000 3.745983e+002
0.164000 3.754016e+002
0.166000 3.762041e+002
0.168000 3.770058e+002
0.170000 3.778067e+002
0.172000 3.786068e+002
0.174000 3.794060e+002
0.176000 3.802044e+002
0.178000 3.810020e+002
0.180000 3.817987e+002
0.182000 3.825945e+002
0.184000 3.833895e+002
0.186000 3.841836e+002
0.188000 3.849768e+002
0.190000 3.857691e+002
0.192000 3.865605e+002
0.194000 3.873510e+002
0.196000 3.881405e+002
0.198000 3.889292e+002
0.200000 3.897169e+002
0.202000 3.905037e+002
0.204000 3.912895e+002
0.206000 3.920743e+002
0.208000 3.928582e+002
0.210000 3.936411e+002
0.212000 3.944230e+002
0.214000 3.952039e+002
0.216000 3.959839e+002
0.218000 3.967628e+002
0.220000 3.975407e+002
0.222000 3.983176e+002
0.224000 3.990934e+002
0.226000 3.998682e+002
0.228000 4.006420e+002
0.230000 4.014147e+002
0.232000 4.021864e+002
0.234000 4.029569e+002
0.236000 4.037264e+002
0.238000 4.044948e+002
0.240000 4.052622e+002
0.242000 4.060284e+002
0.244000 4.067935e+002
0.246000 4.075575e+002
0.248000 4.083203e+002
0.250000 4.090821e+002
0.252000 4.098427e+002
0.254000 4.106021e+002
0.256000 4.113604e+002
0.258000 4.121175e+002
0.260000 4.128735e+002
0.262000 4.136283e+002
0.264000 4.143819e+002
0.266000 4.151343e+002
0.268000 4.158855e+002
0.270000 4.166355e+002
0.272000 4.173842e+002
0.274000 4.181318e+002
0.276000 4.188781e+002
0.278000 4.196232e+002
0.280000 4.203671e+002
0.282000 4.211097e+002
0.284000 4.218510e+002
0.286000 4.225911e+002
0.288000 4.233299e+002
0.290000 4.240674e+002
0.292000 4.248037e+002
0.294000 4.255386e+002
0.296000 4.262722e+002
0.298000 4.270046e+002
0.300000 4.277356e+002
0.302000 4.284653e+002
0.304000 4.291936e+002
0.306000 4.299207e+002
0.308000 4.306463e+002
0.310000 4.313707e+002
0.312000 4.320936e+002
0.314000 4.328152e+002
0.316000 4.335355e+002
0.318000 4.342543e+002
0.320000 4.349718e+002
0.322000 4.356879e+002
0.324000 4.364025e+002
0.326000 4.371158e+002
0.328000 4.378277e+002
0.330000 4.385381e+002
0.332000 4.392471e+002
0.334000 4.399547e+002
0.336000 4.406608e+002
0.338000 4.413655e+002
0.340000 4.420688e+002
0.342000 4.427706e+002
0.344000 4.434709e+002
0.346000 4.441697e+002
0.348000 4.448671e+002
0.350000 4.455630e+002
0.352000 4.462574e+002
0.354000 4.469502e+002
0.356000 4.476416e+002
0.358000 4.483315e+002
0.360000 4.490198e+002
0.362000 4.497067e+002
0.364000 4.503920e+002
0.366000 4.510757e+002
0.368000 4.517580e+002
0.370000 4.524386e+002
0.372000 4.531177e+002
0.374000 4.537953e+002
0.376000 4.544713e+002
0.378000 4.551457e+002
0.380000 4.558185e+002
0.382000 4.564898e+002
0.384000 4.571594e+002
0.386000 4.578275e+002
0.388000 4.584939e+002
0.390000 4.591588e+002
0.392000 4.598220e+002
0.394000 4.604836e+002
0.396000 4.611436e+002
0.398000 4.618019e+002
0.400000 4.624586e+002
0.402000 4.631137e+002
0.404000 4.637671e+002
0.406000 4.644188e+002
0.408000 4.650689e+002
0.410000 4.657173e+002
0.412000 4.663641e+002
0.414000 4.670091e+002
0.416000 4.676525e+002
0.418000 4.682942e+002
0.420000 4.689342e+002
0.422000 4.695725e+002
0.424000 4.702091e+002
0.426000 4.708439e+002
0.428000 4.714771e+002
0.430000 4.721085e+002
0.432000 4.727382e+002
0.434000 4.733662e+002
0.436000 4.739924e+002
0.438000 4.746169e+002
0.440000 4.752396e+002
0.442000 4.758606e+002
0.444000 4.764798e+002
0.446000 4.770972e+002
0.448000 4.777129e+002
0.450000 4.783268e+002
0.452000 4.789389e+002
0.454000 4.795492e+002
0.456000 4.801578e+002
0.458000 4.807645e+002
0.460000 4.813695e+002
0.462000 4.819726e+002
0.464000 4.825739e+002
0.466000 4.831734e+002
0.468000 4.837711e+002
0.470000 4.843670e+002
0.472000 4.849610e+002
0.474000 4.855532e+002
0.476000 4.861435e+002
0.478000 4.867320e+002
0.480000 4.873187e+002
0.482000 4.879035e+002
0.484000 4.884864e+002
0.486000 4.890675e+002
0.488000 4.896467e+002
0.490000 4.902240e+002
0.492000 4.907995e+002
0.494000 4.913731e+002
0.496000 4.919448e+002
0.498000 4.925146e+002
0.500000 4.930825e+002
0.502000 4.936485e+002
0.504000 4.942126e+002
0.506000 4.947748e+002
0.508000 4.953351e+002
0.510000 4.958935e+002
0.512000 4.964499e+002
0.514000 4.970044e+002
0.516000 4.975570e+002
0.518000 4.981077e+002
0.520000 4.986564e+002
0.522000 4.992032e+002
0.524000 4.997480e+002
0.526000 5.002909e+002
0.528000 5.008319e+002
0.530000 5.013708e+002
0.532000 5.019079e+002
0.534000 5.024429e+002
0.536000 5.029760e+002
0.538000 5.035071e+002
0.540000 5.040363e+002
0.542000 5.045634e+002
0.544000 5.050886e+002
0.546000 5.056118e+002
0.548000 5.061330e+002
0.550000 5.066522e+002
0.552000 5.071694e+002
0.554000 5.076846e+002
0.556000 5.081978e+002
0.558000 5.087090e+002
0.560000 5.092182e+002
0.562000 5.097253e+002
0.564000 5.102305e+002
0.566000 5.107336e+002
0.568000 5.112347e+002
0.570000 5.117338e+002
0.572000 5.122308e+002
0.574000 5.127258e+002
0.576000 5.132188e+002
0.578000 5.137097e+002
0.580000 5.141986e+002
0.582000 5.146855e+002
0.584000 5.151703e+002
0.586000 5.156530e+002
0.588000 5.161337e+002
0.590000 5.166123e+002
0.592000 5.170888e+002
0.594000 5.175633e+002
0.596000 5.180358e+002
0.598000 5.185061e+002
0.600000 5.189744e+002
0.602000 5.194406e+002
0.604000 5.199047e+002
0.606000 5.203668e+002
0.608000 5.208267e+002
0.610000 5.212846e+002
0.612000 5.217404e+002
0.614000 5.221941e+002
0.616000 5.226457e+002
0.618000 5.230952e+002
0.620000 5.235426e+002
0.622000 5.239879e+002
0.624000 5.244311e+002
0.626000 5.248721e+002
0.628000 5.253111e+002
0.630000 5.257480e+002
0.632000 5.261827e+002
0.634000 5.266154e+002
0.636000 5.270459e+002
0.638000 5.274743e+002
0.640000 5.279006e+002
0.642000 5.283247e+002
0.644000 5.287467e+002
0.646000 5.291666e+002
0.648000 5.295844e+002
0.650000 5.300000e+002
0.652000 5.304135e+002
0.654000 5.308249e+002
0.656000 5.312341e+002
0.658000 5.316412e+002
0.660000 5.320462e+002
0.662000 5.324490e+002
0.664000 5.328496e+002
0.666000 5.332481e+002
0.668000 5.336445e+002
0.670000 5.340387e+002
0.672000 5.344307e+002
0.674000 5.348206e+002
0.676000 5.352084e+002
0.678000 5.355940e+002
0.680000 5.359774e+002
0.682000 5.363587e+002
0.684000 5.367378e+002
0.686000 5.371147e+002
0.688000 5.374895e+002
0.690000 5.378622e+002
0.692000 5.382326e+002
0.694000 5.386009e+002
0.696000 5.389670e+002
0.698000 5.393310e+002
0.700000 5.396927e+002
0.702000 5.400523e+002
0.704000 5.404098e+002
0.706000 5.407650e+002
0.708000 5.411181e+002
0.710000 5.414690e+002
0.712000 5.418177e+002
0.714000 5.421643e+002
0.716000 5.425086e+002
0.718000 5.428508e+002
0.720000 5.431908e+002
0.722000 5.435287e+002
0.724000 5.438643e+002
0.726000 5.441978e+002
0.728000 5.445290e+002
0.730000 5.448581e+002
0.732000 5.451850e+002
0.734000 5.455097e+002
0.736000 5.458323e+002
0.738000 5.461526e+002
0.740000 5.464708e+002
0.742000 5.467867e+002
0.744000 5.471005e+002
0.746000 5.474121e+002
0.748000 5.477215e+002
0.750000 5.480287e+002
0.752000 5.483337e+002
0.754000 5.486366e+002
0.756000 5.489372e+002
0.758000 5.492357e+002
0.760000 5.495319e+002
0.762000 5.498260e+002
0.764000 5.501179e+002
0.766000 5.504075e+002
0.768000 5.506950e+002
0.770000 5.509803e+002
0.772000 5.512634e+002
0.774000 5.515444e+002
0.776000 5.518231e+002
0.778000 5.520996e+002
0.780000 5.523740e+002
0.782000 5.526461e+002
0.784000 5.529161e+002
0.786000 5.531838e+002
0.788000 5.534494e+002
0.790000 5.537128e+002
0.792000 5.539740e+002
0.794000 5.542330e+002
0.796000 5.544898e+002
0.798000 5.547444e+002
0.800000 5.549969e+002
0.802000 5.552471e+002
0.804000 5.554952e+002
0.806000 5.557411e+002
0.808000 5.559848e+002
0.810000 5.562263e+002
0.812000 5.564656e+002
0.814000 5.567027e+002
0.816000 5.569377e+002
0.818000 5.571704e+002
0.820000 5.574010e+002
0.822000 5.576294e+002
0.824000 5.578556e+002
0.826000 5.580797e+002
0.828000 5.583015e+002
0.830000 5.585212e+002
0.832000 5.587387e+002
0.834000 5.589540e+002
0.836000 5.591672e+002
0.838000 5.593781e+002
0.840000 5.595869e+002
0.842000 5.597936e+002
0.844000 5.599980e+002
0.846000 5.602003e+002
0.848000 5.604004e+002
0.850000 5.605984e+002
0.852000 5.607941e+002
0.854000 5.609878e+002
0.856000 5.611792e+002
0.858000 5.613685e+002
0.860000 5.615556e+002
0.862000 5.617406e+002
0.864000 5.619234e+002
0.866000 5.621040e+002
0.868000 5.622825e+002
0.870000 5.624588e+002
0.872000 5.626330e+002
0.874000 5.628050e+002
0.876000 5.629749e+002
0.878000 5.631426e+002
0.880000 5.633082e+002
0.882000 5.634716e+002
0.884000 5.636329e+002
0.886000 5.637921e+002
0.888000 5.639491e+002
0.890000 5.641039e+002
0.892000 5.642567e+002
0.894000 5.644072e+002
0.896000 5.645557e+002
0.898000 5.647020e+002
0.900000 5.648462e+002
0.902000 5.649883e+002
0.904000 5.651282e+002
0.906000 5.652660e+002
0.908000 5.654017e+002
0.910000 5.655353e+002
0.912000 5.656667e+002
0.914000 5.657961e+002
0.916000 5.659233e+002
0.918000 5.660484e+002
0.920000 5.661714e+002
0.922000 5.662923e+002
0.924000 5.664111e+002
0.926000 5.665278e+002
0.928000 5.666424e+002
0.930000 5.667548e+002
0.932000 5.668652e+002
0.934000 5.669735e+002
0.936000 5.670797e+002
0.938000 5.671838e+002
0.940000 5.672859e+002
0.942000 5.673858e+002
0.944000 5.674837e+002
0.946000 5.675794e+002
0.948000 5.676731e+002
0.950000 5.677648e+002
0.952000 5.678543e+002
0.954000 5.679418e+002
0.956000 5.680272e+002
0.958000 5.681106e+002
0.960000 5.681918e+002
0.962000 5.682711e+002
0.964000 5.683482e+002
0.966000 5.684234e+002
0.968000 5.684964e+002
0.970000 5.685675e+002
0.972000 5.686364e+002
0.974000 5.687034e+002
0.976000 5.687683e+002
0.978000 5.688311e+002
0.980000 5.688919e+002
0.982000 5.689507e+002
0.984000 5.690075e+002
0.986000 5.690622e+002
0.988000 5.691149e+002
0.990000 5.691656e+002
0.992000 5.692143e+002
0.994000 5.692610e+002
0.996000 5.693056e+002
0.998000 5.693483e+002
1.000000 5.693889e+002
1.002000 5.694276e+002
1.004000 5.694642e+002
1.006000 5.694989e+002
1.008000 5.695316e+002
1.010000 5.695622e+002
1.012000 5.695909e+002
1.014000 5.696176e+002
1.016000 5.696424e+002
1.018000 5.696651e+002
1.020000 5.696859e+002
1.022000 5.697047e+002
1.024000 5.697216e+002
1.026000 5.697365e+002
1.028000 5.697494e+002
1.030000 5.697604e+002
1.032000 5.697694e+002
1.034000 5.697765e+002
1.036000 5.697817e+002
1.038000 5.697849e+002
1.040000 5.697861e+002
1.042000 5.697855e+002
1.044000 5.697829e+002
1.046000 5.697783e+002
1.048000 5.697719e+002
1.050000 5.697635e+002
1.052000 5.697533e+002
1.054000 5.697411e+002
1.056000 5.697270e+002
1.058000 5.697110e+002
1.060000 5.696931e+002
1.062000 5.696733e+002
1.064000 5.696516e+002
1.066000 5.696280e+002
1.068000 5.696026e+002
1.070000 5.695752e+002
1.072000 5.695460e+002
1.074000 5.695149e+002
1.076000 5.694820e+002
1.078000 5.694472e+002
1.080000 5.694105e+002
1.082000 5.693719e+002
1.084000 5.693316e+002
1.086000 5.692893e+002
1.088000 5.692452e+002
1.090000 5.691993e+002
1.092000 5.691515e+002
1.094000 5.691019e+002
1.096000 5.690505e+002
1.098000 5.689973e+002
1.100000 5.689422e+002
1.102000 5.688853e+002
1.104000 5.688266e+002
1.106000 5.687661e+002
1.108000 5.687038e+002
1.110000 5.686397e+002
1.112000 5.685738e+002
1.114000 5.685061e+002
1.116000 5.684367e+002
1.118000 5.683654e+002
1.120000 5.682924e+002
1.122000 5.682176e+002
1.124000 5.681410e+002
1.126000 5.680627e+002
1.128000 5.679826e+002
1.130000 5.679007e+002
1.132000 5.678171e+002
1.134000 5.677317e+002
1.136000 5.676446e+002
1.138000 5.675558e+002
1.140000 5.674652e+002
1.142000 5.673730e+002
1.144000 5.672789e+002
1.146000 5.671832e+002
1.148000 5.670857e+002
1.150000 5.669866e+002
1.152000 5.668857e+002
1.154000 5.667831e+002
1.156000 5.666789e+002
1.158000 5.665729e+002
1.160000 5.664652e+002
1.162000 5.663559e+002
1.164000 5.662449e+002
1.166000 5.661322e+002
1.168000 5.660179e+002
1.170000 5.659018e+002
1.172000 5.657842e+002
1.174000 5.656648e+002
1.176000 5.655439e+002
1.178000 5.654212e+002
1.180000 5.652970e+002
1.182000 5.651711e+002
1.184000 5.650435e+002
1.186000 5.649144e+002
1.188000 5.647836e+002
1.190000 5.646512e+002
1.192000 5.645172e+002
1.194000 5.643816e+002
1.196000 5.642443e+002
1.198000 5.641055e+002
1.200000 5.639651e+002
1.202000 5.638231e+002
1.204000 5.636795e+002
1.206000 5.635344e+002
1.208000 5.633877e+002
1.210000 5.632394e+002
1.212000 5.630895e+002
1.214000 5.629381e+002
1.216000 5.627851e+002
1.218000 5.626306e+002
1.220000 5.624746e+002
1.222000 5.623170e+002
1.224000 5.621579e+002
1.226000 5.619972e+002
1.228000 5.618351e+002
1.230000 5.616714e+002
1.232000 5.615062e+002
1.234000 5.613395e+002
1.236000 5.611713e+002
1.238000 5.610015e+002
1.240000 5.608304e+002
1.242000 5.606577e+002
1.244000 5.604835e+002
1.246000 5.603079e+002
1.248000 5.601308e+002
1.250000 5.599522e+002
1.252000 5.597721e+002
1.254000 5.595907e+002
1.256000 5.594077e+002
1.258000 5.592233e+002
1.260000 5.590375e+002
1.262000 5.588502e+002
1.264000 5.586616e+002
1.266000 5.584714e+002
1.268000 5.582799e+002
1.270000 5.580870e+002
1.272000 5.578926e+002
1.274000 5.576969e+002
1.276000 5.574997e+002
1.278000 5.573012e+002
1.280000 5.571012e+002
1.282000 5.568999e+002
1.284000 5.566972e+002
1.286000 5.564932e+002
1.288000 5.562878e+002
1.290000 5.560810e+002
1.292000 5.558728e+002
1.294000 5.556633e+002
1.296000 5.554525e+002
1.298000 5.552403e+002
1.300000 5.550268e+002
1.302000 5.548120e+002
1.304000 5.545958e+002
1.306000 5.543784e+002
1.308000 5.541596e+002
1.310000 5.539395e+002
1.312000 5.537181e+002
1.314000 5.534954e+002
1.316000 5.532714e+002
1.318000 5.530462e+002
1.320000 5.528196e+002
1.322000 5.525918e+002
1.324000 5.523627e+002
1.326000 5.521324e+002
1.328000 5.519008e+002
1.330000 5.516679e+002
1.332000 5.514338e+002
1.334000 5.511985e+002
1.336000 5.509619e+002
1.338000 5.507241e+002
1.340000 5.504851e+002
1.342000 5.502448e+002
1.344000 5.500034e+002
1.346000 5.497607e+002
1.348000 5.495168e+002
1.350000 5.492717e+002
1.352000 5.490255e+002
1.354000 5.487780e+002
1.356000 5.485294e+002
1.358000 5.482796e+002
1.360000 5.480286e+002
1.362000 5.477765e+002
1.364000 5.475232e+002
1.366000 5.472687e+002
1.368000 5.470132e+002
1.370000 5.467564e+002
1.372000 5.464985e+002
1.374000 5.462395e+002
1.376000 5.459794e+002
1.378000 5.457182e+002
1.380000 5.454558e+002
1.382000 5.451923e+002
1.384000 5.449278e+002
1.386000 5.446621e+002
1.388000 5.443953e+002
1.390000 5.441275e+002
1.392000 5.438586e+002
1.394000 5.435886e+002
1.396000 5.433175e+002
1.398000 5.430453e+002
1.400000 5.427722e+002
1.402000 5.424979e+002
1.404000 5.422226e+002
1.406000 5.419463e+002
1.408000 5.416689e+002
1.410000 5.413905e+002
1.412000 5.411111e+002
1.414000 5.408306e+002
1.416000 5.405492e+002
1.418000 5.402667e+002
1.420000 5.399833e+002
1.422000 5.396988e+002
1.424000 5.394133e+002
1.426000 5.391269e+002
1.428000 5.388395e+002
1.430000 5.385511e+002
1.432000 5.382617e+002
1.434000 5.379714e+002
1.436000 5.376801e+002
1.438000 5.373879e+002
1.440000 5.370947e+002
1.442000 5.368006e+002
1.444000 5.365055e+002
1.446000 5.362095e+002
1.448000 5.359126e+002
1.450000 5.356148e+002
1.452000 5.353160e+002
1.454000 5.350164e+002
1.456000 5.347158e+002
1.458000 5.344144e+002
1.460000 5.341120e+002
1.462000 5.338088e+002
1.464000 5.335047e+002
1.466000 5.331997e+002
1.468000 5.328939e+002
1.470000 5.325871e+002
1.472000 5.322796e+002
1.474000 5.319712e+002
1.476000 5.316619e+002
1.478000 5.313518e+002
1.480000 5.310408e+002
1.482000 5.307291e+002
1.484000 5.304165e+002
1.486000 5.301031e+002
1.488000 5.297888e+002
1.490000 5.294738e+002
1.492000 5.291580e+002
1.494000 5.288413e+002
1.496000 5.285239e+002
1.498000 5.282057e+002
1.500000 5.278867e+002
1.502000 5.275670e+002
1.504000 5.272464e+002
1.506000 5.269251e+002
1.508000 5.266031e+002
1.510000 5.262803e+002
1.512000 5.259567e+002
1.514000 5.256324e+002
1.516000 5.253074e+002
1.518000 5.249816e+002
1.520000 5.246552e+002
1.522000 5.243280e+002
1.524000 5.240000e+002
1.526000 5.236714e+002
1.528000 5.233421e+002
1.530000 5.230121e+002
1.532000 5.226813e+002
1.534000 5.223499e+002
1.536000 5.220179e+002
1.538000 5.216851e+002
1.540000 5.213517e+002
1.542000 5.210176e+002
1.544000 5.206828e+002
1.546000 5.203474e+002
1.548000 5.200114e+002
1.550000 5.196747e+002
1.552000 5.193373e+002
1.554000 5.189993e+002
1.556000 5.186607e+002
1.558000 5.183215e+002
1.560000 5.179817e+002
1.562000 5.176412e+002
1.564000 5.173002e+002
1.566000 5.169585e+002
1.568000 5.166163e+002
1.570000 5.162735e+002
1.572000 5.159300e+002
1.574000 5.155860e+002
1.576000 5.152415e+002
1.578000 5.148963e+002
1.580000 5.145506e+002
1.582000 5.142044e+002
1.584000 5.138576e+002
1.586000 5.135102e+002
1.588000 5.131623e+002
1.590000 5.128139e+002
1.592000 5.124649e+002
1.594000 5.121154e+002
1.596000 5.117654e+002
1.598000 5.114148e+002
1.600000 5.110638e+002
1.602000 5.107123e+002
1.604000 5.103602e+002
1.606000 5.100077e+002
1.608000 5.096546e+002
1.610000 5.093011e+002
1.612000 5.089471e+002
1.614000 5.085927e+002
1.616000 5.082377e+002
1.618000 5.078823e+002
1.620000 5.075265e+002
1.622000 5.071702e+002
1.624000 5.068134e+002
1.626000 5.064562e+002
1.628000 5.060986e+002
1.630000 5.057405e+002
1.632000 5.053820e+002
1.634000 5.050231e+002
1.636000 5.046638e+002
1.638000 5.043040e+002
1.640000 5.039439e+002
1.642000 5.035833e+002
1.644000 5.032224e+002
1.646000 5.028610e+002
1.648000 5.024993e+002
1.650000 5.021372e+002
1.652000 5.017747e+002
1.654000 5.014118e+002
1.656000 5.010486e+002
1.658000 5.006850e+002
1.660000 5.003210e+002
1.662000 4.999567e+002
1.664000 4.995921e+002
1.666000 4.992271e+002
1.668000 4.988618e+002
1.670000 4.984961e+002
1.672000 4.981301e+002
1.674000 4.977638e+002
1.676000 4.973972e+002
1.678000 4.970303e+002
1.680000 4.966630e+002
1.682000 4.962955e+002
1.684000 4.959276e+002
1.686000 4.955595e+002
1.688000 4.951911e+002
1.690000 4.948224e+002
1.692000 4.944534e+002
1.694000 4.940841e+002
1.696000 4.937146e+002
1.698000 4.933448e+002
1.700000 4.929747e+002
1.702000 4.926044e+002
1.704000 4.922339e+002
1.706000 4.918631e+002
1.708000 4.914920e+002
1.710000 4.911208e+002
1.712000 4.907493e+002
1.714000 4.903775e+002
1.716000 4.900056e+002
1.718000 4.896334e+002
1.720000 4.892610e+002
1.722000 4.888884e+002
1.724000 4.885156e+002
1.726000 4.881426e+002
1.728000 4.877694e+002
1.730000 4.873961e+002
1.732000 4.870225e+002
1.734000 4.866488e+002
1.736000 4.862749e+002
1.738000 4.859008e+002
1.740000 4.855265e+002
1.742000 4.851521e+002
1.744000 4.847775e+002
1.746000 4.844028e+002
1.748000 4.840279e+002
1.750000 4.836529e+002
1.752000 4.832778e+002
1.754000 4.829025e+002
1.756000 4.825271e+002
1.758000 4.821515e+002
1.760000 4.817759e+002
1.762000 4.814001e+002
1.764000 4.810242e+002
1.766000 4.806482e+002
1.768000 4.802721e+002
1.770000 4.798959e+002
1.772000 4.795196e+002
1.774000 4.791432e+002
1.776000 4.787667e+002
1.778000 4.783902e+002
1.780000 4.780135e+002
1.782000 4.776368e+002
1.784000 4.772601e+002
1.786000 4.768832e+002
1.788000 4.765063e+002
1.790000 4.761294e+002
1.792000 4.757524e+002
1.794000 4.753753e+002
1.796000 4.749982e+002
1.798000 4.746211e+002
1.800000 4.742439e+002
1.802000 4.738667e+002
1.804000 4.734895e+002
1.806000 4.731122e+002
1.808000 4.727349e+002
1.810000 4.723577e+002
1.812000 4.719804e+002
1.814000 4.716031e+002
1.816000 4.712258e+002
1.818000 4.708485e+002
1.820000 4.704712e+002
1.822000 4.700939e+002
1.824000 4.697166e+002
1.826000 4.693394e+002
1.828000 4.689621e+002
1.830000 4.685849e+002
1.832000 4.682078e+002
1.834000 4.678306e+002
1.836000 4.674535e+002
1.838000 4.670765e+002
1.840000 4.666994e+002
1.842000 4.663225e+002
1.844000 4.659456e+002
1.846000 4.655687e+002
1.848000 4.651919e+002
1.850000 4.648152e+002
1.852000 4.644385e+002
1.854000 4.640620e+002
1.856000 4.636855e+002
1.858000 4.633090e+002
1.860000 4.629327e+002
1.862000 4.625564e+002
1.864000 4.621803e+002
1.866000 4.618042e+002
1.868000 4.614282e+002
1.870000 4.610524e+002
1.872000 4.606766e+002
1.874000 4.603010e+002
1.876000 4.599255e+002
1.878000 4.595500e+002
1.880000 4.591747e+002
1.882000 4.587996e+002
1.884000 4.584245e+002
1.886000 4.580496e+002
1.888000 4.576749e+002
1.890000 4.573002e+002
1.892000 4.569258e+002
1.894000 4.565514e+002
1.896000 4.561772e+002
1.898000 4.558032e+002
1.900000 4.554293e+002
1.902000 4.550556e+002
1.904000 4.546820e+002
1.906000 4.543087e+002
1.908000 4.539354e+002
1.910000 4.535624e+002
1.912000 4.531895e+002
1.914000 4.528169e+002
1.916000 4.524444e+002
1.918000 4.520721e+002
1.920000 4.516999e+002
1.922000 4.513280e+002
1.924000 4.509563e+002
1.926000 4.505848e+002
1.928000 4.502135e+002
1.930000 4.498424e+002
1.932000 4.494715e+002
1.934000 4.491008e+002
1.936000 4.487303e+002
1.938000 4.483601e+002
1.940000 4.479901e+002
1.942000 4.476203e+002
1.944000 4.472507e+002
1.946000 4.468814e+002
1.948000 4.465123e+002
1.950000 4.461434e+002
1.952000 4.457748e+002
1.954000 4.454065e+002
1.956000 4.450384e+002
1.958000 4.446705e+002
1.960000 4.443029e+002
1.962000 4.439356e+002
1.964000 4.435685e+002
1.966000 4.432017e+002
1.968000 4.428351e+002
1.970000 4.424689e+002
1.972000 4.421029e+002
1.974000 4.417371e+002
1.976000 4.413717e+002
1.978000 4.410065e+002
1.980000 4.406417e+002
1.982000 4.402771e+002
1.984000 4.399128e+002
1.986000 4.395488e+002
1.988000 4.391851e+002
1.990000 4.388217e+002
1.992000 4.384586e+002
1.994000 4.380958e+002
1.996000 4.377333e+002
1.998000 4.373711e+002
2.000000 4.370093e+002
2.002000 4.366477e+002
2.004000 4.362865e+002
2.006000 4.359256e+002
2.008000 4.355650e+002
2.010000 4.352048e+002
2.012000 4.348449e+002
2.014000 4.344853e+002
2.016000 4.341261e+002
2.018000 4.337672e+002
2.020000 4.334086e+002
2.022000 4.330504e+002
2.024000 4.326925e+002
2.026000 4.323350e+002
2.028000 4.319778e+002
2.030000 4.316210e+002
2.032000 4.312645e+002
2.034000 4.309084e+002
2.036000 4.305527e+002
2.038000 4.301973e+002
2.040000 4.298423e+002
2.042000 4.294877e+002
2.044000 4.291334e+002
2.046000 4.287795e+002
2.048000 4.284260e+002
2.050000 4.280729e+002
2.052000 4.277201e+002
2.054000 4.273678e+002
2.056000 4.270158e+002
2.058000 4.266642e+002
2.060000 4.263130e+002
2.062000 4.259622e+002
2.064000 4.256118e+002
2.066000 4.252618e+002
2.068000 4.249122e+002
2.070000 4.245630e+002
2.072000 4.242142e+002
2.074000 4.238658e+002
2.076000 4.235178e+002
2.078000 4.231702e+002
2.080000 4.228231e+002
2.082000 4.224763e+002
2.084000 4.221300e+002
2.086000 4.217841e+002
2.088000 4.214386e+002
2.090000 4.210936e+002
2.092000 4.207489e+002
2.094000 4.204047e+002
2.096000 4.200610e+002
2.098000 4.197176e+002
2.100000 4.193747e+002
2.102000 4.190323e+002
2.104000 4.186903e+002
2.106000 4.183487e+002
2.108000 4.180076e+002
2.110000 4.176669e+002
2.112000 4.173266e+002
2.114000 4.169868e+002
2.116000 4.166475e+002
2.118000 4.163086e+002
2.120000 4.159702e+002
2.122000 4.156322e+002
2.124000 4.152947e+002
2.126000 4.149577e+002
2.128000 4.146211e+002
2.130000 4.142849e+002
2.132000 4.139493e+002
2.134000 4.136141e+002
2.136000 4.132794e+002
2.138000 4.129451e+002
2.140000 4.126114e+002
2.142000 4.122781e+002
2.144000 4.119453e+002
2.146000 4.116129e+002
2.148000 4.112811e+002
2.150000 4.109497e+002
2.152000 4.106188e+002
2.154000 4.102884e+002
2.156000 4.099585e+002
2.158000 4.096291e+002
2.160000 4.093002e+002
2.162000 4.089717e+002
2.164000 4.086438e+002
2.166000 4.083163e+002
2.168000 4.079894e+002
2.170000 4.076629e+002
2.172000 4.073370e+002
2.174000 4.070116e+002
2.176000 4.066866e+002
2.178000 4.063622e+002
2.180000 4.060383e+002
2.182000 4.057148e+002
2.184000 4.053919e+002
2.186000 4.050695e+002
2.188000 4.047477e+002
2.190000 4.044263e+002
2.192000 4.041054e+002
2.194000 4.037851e+002
2.196000 4.034653e+002
2.198000 4.031460e+002
2.200000 4.028272e+002
2.202000 4.025090e+002
2.204000 4.021913e+002
2.206000 4.018741e+002
2.208000 4.015574e+002
2.210000 4.012413e+002
2.212000 4.009256e+002
2.214000 4.006106e+002
2.216000 4.002960e+002
2.218000 3.999820e+002
2.220000 3.996685e+002
2.222000 3.993556e+002
2.224000 3.990432e+002
2.226000 3.987313e+002
2.228000 3.984200e+002
2.230000 3.981092e+002
2.232000 3.977990e+002
2.234000 3.974893e+002
2.236000 3.971801e+002
2.238000 3.968715e+002
2.240000 3.965635e+002
2.242000 3.962560e+002
2.244000 3.959490e+002
2.246000 3.956426e+002
2.248000 3.953367e+002
2.250000 3.950314e+002
2.252000 3.947267e+002
2.254000 3.944225e+002
2.256000 3.941188e+002
2.258000 3.938158e+002
2.260000 3.935132e+002
2.262000 3.932113e+002
2.264000 3.929099e+002
2.266000 3.926090e+002
2.268000 3.923087e+002
2.270000 3.920090e+002
2.272000 3.917099e+002
2.274000 3.914113e+002
2.276000 3.911132e+002
2.278000 3.908158e+002
2.280000 3.905189e+002
2.282000 3.902226e+002
2.284000 3.899268e+002
2.286000 3.896316e+002
2.288000 3.893370e+002
2.290000 3.890430e+002
2.292000 3.887495e+002
2.294000 3.884566e+002
2.296000 3.881643e+002
2.298000 3.878725e+002
2.300000 3.875814e+002
2.302000 3.872908e+002
2.304000 3.870008e+002
2.306000 3.867113e+002
2.308000 3.864225e+002
2.310000 3.861342e+002
2.312000 3.858465e+002
2.314000 3.855594e+002
2.316000 3.852728e+002
2.318000 3.849869e+002
2.320000 3.847015e+002
2.322000 3.844167e+002
2.324000 3.841325e+002
2.326000 3.838489e+002
2.328000 3.835659e+002
2.330000 3.832835e+002
2.332000 3.830016e+002
2.334000 3.827203e+002
2.336000 3.824396e+002
2.338000 3.821596e+002
2.340000 3.818800e+002
2.342000 3.816011e+002
2.344000 3.813228e+002
2.346000 3.810451e+002
2.348000 3.807679e+002
2.350000 3.804914e+002
2.352000 3.802154e+002
2.354000 3.799401e+002
2.356000 3.796653e+002
2.358000 3.793911e+002
2.360000 3.791175e+002
2.362000 3.788446e+002
2.364000 3.785722e+002
2.366000 3.783004e+002
2.368000 3.780292e+002
2.370000 3.777586e+002
2.372000 3.774886e+002
2.374000 3.772191e+002
2.376000 3.769503e+002
2.378000 3.766821e+002
2.380000 3.764145e+002
2.382000 3.761475e+002
2.384000 3.758811e+002
2.386000 3.756152e+002
2.388000 3.753500e+002
2.390000 3.750854e+002
2.392000 3.748214e+002
2.394000 3.745580e+002
2.396000 3.742951e+002
2.398000 3.740329e+002
2.400000 3.737713e+002
2.402000 3.735103e+002
2.404000 3.732499e+002
2.406000 3.729901e+002
2.408000 3.727308e+002
2.410000 3.724722e+002
2.412000 3.722142e+002
2.414000 3.719568e+002
2.416000 3.717000e+002
2.418000 3.714438e+002
2.420000 3.711882e+002
2.422000 3.709332e+002
2.424000 3.706789e+002
2.426000 3.704251e+002
2.428000 3.701719e+002
2.430000 3.699193e+002
2.432000 3.696673e+002
2.434000 3.694160e+002
2.436000 3.691652e+002
2.438000 3.689150e+002
2.440000 3.686655e+002
2.442000 3.684165e+002
2.444000 3.681682e+002
2.446000 3.679205e+002
2.448000 3.676733e+002
2.450000 3.674268e+002
2.452000 3.671809e+002
2.454000 3.669355e+002
2.456000 3.666908e+002
2.458000 3.664467e+002
2.460000 3.662032e+002
2.462000 3.659603e+002
2.464000 3.657180e+002
2.466000 3.654763e+002
2.468000 3.652352e+002
2.470000 3.649947e+002
2.472000 3.647548e+002
2.474000 3.645155e+002
2.476000 3.642768e+002
2.478000 3.640388e+002
2.480000 3.638013e+002
2.482000 3.635644e+002
2.484000 3.633282e+002
2.486000 3.630925e+002
2.488000 3.628574e+002
2.490000 3.626230e+002
2.492000 3.623891e+002
2.494000 3.621559e+002
2.496000 3.619232e+002
2.498000 3.616912e+002
2.500000 3.614598e+002
2.502000 3.612289e+002
2.504000 3.609987e+002
2.506000 3.607690e+002
2.508000 3.605400e+002
2.510000 3.603116e+002
2.512000 3.600837e+002
2.514000 3.598565e+002
2.516000 3.596299e+002
2.518000 3.594038e+002
2.520000 3.591784e+002
2.522000 3.589536e+002
2.524000 3.587293e+002
2.526000 3.585057e+002
2.528000 3.582827e+002
2.530000 3.580602e+002
2.532000 3.578384e+002
2.534000 3.576172e+002
2.536000 3.573965e+002
2.538000 3.571765e+002
2.540000 3.569570e+002
2.542000 3.567382e+002
2.544000 3.565199e+002
2.546000 3.563022e+002
2.548000 3.560852e+002
2.550000 3.558687e+002
2.552000 3.556528e+002
2.554000 3.554375e+002
2.556000 3.552229e+002
2.558000 3.550088e+002
2.560000 3.547953e+002
2.562000 3.545823e+002
2.564000 3.543700e+002
2.566000 3.541583e+002
2.568000 3.539472e+002
2.570000 3.537366e+002
2.572000 3.535267e+002
2.574000 3.533173e+002
2.576000 3.531085e+002
2.578000 3.529004e+002
2.580000 3.526928e+002
2.582000 3.524858e+002
2.584000 3.522793e+002
2.586000 3.520735e+002
2.588000 3.518683e+002
2.590000 3.516636e+002
2.592000 3.514595e+002
2.594000 3.512560e+002
2.596000 3.510531e+002
2.598000 3.508508e+002
2.600000 3.506491e+002
2.602000 3.504479e+002
2.604000 3.502474e+002
2.606000 3.500474e+002
2.608000 3.498480e+002
2.610000 3.496491e+002
2.612000 3.494509e+002
2.614000 3.492532e+002
2.616000 3.490561e+002
2.618000 3.488596e+002
2.620000 3.486637e+002
2.622000 3.484683e+002
2.624000 3.482736e+002
2.626000 3.480794e+002
2.628000 3.478857e+002
2.630000 3.476927e+002
2.632000 3.475002e+002
2.634000 3.473083e+002
2.636000 3.471170e+002
2.638000 3.469262e+002
2.640000 3.467360e+002
2.642000 3.465464e+002
2.644000 3.463574e+002
2.646000 3.461689e+002
2.648000 3.459810e+002
2.650000 3.457937e+002
2.652000 3.456069e+002
2.654000 3.454207e+002
2.656000 3.452351e+002
2.658000 3.450500e+002
2.660000 3.448655e+002
2.662000 3.446816e+002
2.664000 3.444982e+002
2.666000 3.443154e+002
2.668000 3.441331e+002
2.670000 3.439514e+002
2.672000 3.437703e+002
2.674000 3.435897e+002
2.676000 3.434097e+002
2.678000 3.432303e+002
2.680000 3.430514e+002
2.682000 3.428731e+002
2.684000 3.426953e+002
2.686000 3.425181e+002
2.688000 3.423414e+002
2.690000 3.421653e+002
2.692000 3.419897e+002
2.694000 3.418147e+002
2.696000 3.416402e+002
2.698000 3.414663e+002
2.700000 3.412930e+002
2.702000 3.411202e+002
2.704000 3.409479e+002
2.706000 3.407762e+002
2.708000 3.406051e+002
2.710000 3.404344e+002
2.712000 3.402644e+002
2.714000 3.400948e+002
2.716000 3.399259e+002
2.718000 3.397574e+002
2.720000 3.395895e+002
2.722000 3.394222e+002
2.724000 3.392553e+002
2.726000 3.390891e+002
2.728000 3.389233e+002
2.730000 3.387581e+002
2.732000 3.385935e+002
2.734000 3.384293e+002
2.736000 3.382658e+002
2.738000 3.381027e+002
2.740000 3.379402e+002
2.742000 3.377782e+002
2.744000 3.376167e+002
2.746000 3.374558e+002
2.748000 3.372954e+002
2.750000 3.371355e+002
2.752000 3.369762e+002
2.754000 3.368174e+002
2.756000 3.366591e+002
2.758000 3.365014e+002
2.760000 3.363441e+002
2.762000 3.361874e+002
2.764000 3.360312e+002
2.766000 3.358756e+002
2.768000 3.357204e+002
2.770000 3.355658e+002
2.772000 3.354117e+002
2.774000 3.352581e+002
2.776000 3.351051e+002
2.778000 3.349525e+002
2.780000 3.348005e+002
2.782000 3.346490e+002
2.784000 3.344980e+002
2.786000 3.343475e+002
2.788000 3.341975e+002
2.790000 3.340480e+002
2.792000 3.338991e+002
2.794000 3.337506e+002
2.796000 3.336027e+002
2.798000 3.334553e+002
2.800000 3.333083e+002
2.802000 3.331619e+002
2.804000 3.330160e+002
2.806000 3.328706e+002
2.808000 3.327257e+002
2.810000 3.325813e+002
2.812000 3.324374e+002
2.814000 3.322940e+002
2.816000 3.321510e+002
2.818000 3.320086e+002
2.820000 3.318667e+002
2.822000 3.317253e+002
2.824000 3.315844e+002
2.826000 3.314440e+002
2.828000 3.313040e+002
2.830000 3.311646e+002
2.832000 3.310256e+002
2.834000 3.308872e+002
2.836000 3.307492e+002
2.838000 3.306117e+002
2.840000 3.304747e+002
2.842000 3.303382e+002
2.844000 3.302022e+002
2.846000 3.300666e+002
2.848000 3.299316e+002
2.850000 3.297970e+002
2.852000 3.296629e+002
2.854000 3.295293e+002
2.856000 3.293962e+002
2.858000 3.292635e+002
2.860000 3.291313e+002
2.862000 3.289996e+002
2.864000 3.288684e+002
2.866000 3.287376e+002
2.868000 3.286073e+002
2.870000 3.284775e+002
2.872000 3.283482e+002
2.874000 3.282193e+002
2.876000 3.280909e+002
2.878000 3.279630e+002
2.880000 3.278355e+002
2.882000 3.277085e+002
2.884000 3.275820e+002
2.886000 3.274559e+002
2.888000 3.273303e+002
2.890000 3.272052e+002
2.892000 3.270805e+002
2.894000 3.269562e+002
2.896000 3.268325e+002
2.898000 3.267092e+002
2.900000 3.265863e+002
2.902000 3.264639e+002
2.904000 3.263420e+002
2.906000 3.262205e+002
2.908000 3.260994e+002
2.910000 3.259789e+002
2.912000 3.258587e+002
2.914000 3.257390e+002
2.916000 3.256198e+002
2.918000 3.255010e+002
2.920000 3.253827e+002
2.922000 3.252648e+002
2.924000 3.251473e+002
2.926000 3.250303e+002
2.928000 3.249137e+002
2.930000 3.247976e+002
2.932000 3.246819e+002
2.934000 3.245666e+002
2.936000 3.244518e+002
2.938000 3.243375e+002
2.940000 3.242235e+002
2.942000 3.241100e+002
2.944000 3.239969e+002
2.946000 3.238843e+002
2.948000 3.237721e+002
2.950000 3.236603e+002
2.952000 3.235490e+002
2.954000 3.234380e+002
2.956000 3.233275e+002
2.958000 3.232175e+002
2.960000 3.231078e+002
2.962000 3.229986e+002
2.964000 3.228898e+002
2.966000 3.227814e+002
2.968000 3.226735e+002
2.970000 3.225659e+002
2.972000 3.224588e+002
2.974000 3.223521e+002
2.976000 3.222459e+002
2.978000 3.221400e+002
2.980000 3.220345e+002
2.982000 3.219295e+002
2.984000 3.218249e+002
2.986000 3.217207e+002
2.988000 3.216169e+002
2.990000 3.215135e+002
2.992000 3.214105e+002
2.994000 3.213079e+002
2.996000 3.212057e+002
2.998000 3.211040e+002
3.000000 3.210026e+002
3.002000 3.209016e+002
3.004000 3.208011e+002
3.006000 3.207009e+002
3.008000 3.206012e+002
3.010000 3.205018e+002
3.012000 3.204028e+002
3.014000 3.203043e+002
3.016000 3.202061e+002
3.018000 3.201083e+002
3.020000 3.200109e+002
3.022000 3.199139e+002
3.024000 3.198173e+002
3.026000 3.197211e+002
3.028000 3.196253e+002
3.030000 3.195299e+002
3.032000 3.194348e+002
3.034000 3.193402e+002
3.036000 3.192459e+002
3.038000 3.191520e+002
3.040000 3.190585e+002
3.042000 3.189654e+002
3.044000 3.188726e+002
3.046000 3.187802e+002
3.048000 3.186883e+002
3.050000 3.185966e+002
3.052000 3.185054e+002
3.054000 3.184145e+002
3.056000 3.183241e+002
3.058000 3.182339e+002
3.060000 3.181442e+002
3.062000 3.180548e+002
3.064000 3.179658e+002
3.066000 3.178772e+002
3.068000 3.177889e+002
3.070000 3.177010e+002
3.072000 3.176135e+002
3.074000 3.175263e+002
3.076000 3.174395e+002
3.078000 3.173531e+002
3.080000 3.172670e+002
3.082000 3.171813e+002
3.084000 3.170960e+002
3.086000 3.170110e+002
3.088000 3.169263e+002
3.090000 3.168420e+002
3.092000 3.167581e+002
3.094000 3.166745e+002
3.096000 3.165913e+002
3.098000 3.165084e+002
3.100000 3.164259e+002
3.102000 3.163437e+002
3.104000 3.162619e+002
3.106000 3.161805e+002
3.108000 3.160993e+002
3.110000 3.160186e+002
3.112000 3.159381e+002
3.114000 3.158580e+002
3.116000 3.157783e+002
3.118000 3.156989e+002
3.120000 3.156198e+002
3.122000 3.155411e+002
3.124000 3.154627e+002
3.126000 3.153847e+002
3.128000 3.153070e+002
3.130000 3.152296e+002
3.132000 3.151525e+002
3.134000 3.150758e+002
3.136000 3.149995e+002
3.138000 3.149234e+002
3.140000 3.148477e+002
3.142000 3.147723e+002
3.144000 3.146973e+002
3.146000 3.146226e+002
3.148000 3.145482e+002
3.150000 3.144741e+002
3.152000 3.144004e+002
3.154000 3.143269e+002
3.156000 3.142538e+002
3.158000 3.141811e+002
3.160000 3.141086e+002
3.162000 3.140365e+002
3.164000 3.139646e+002
3.166000 3.138931e+002
3.168000 3.138220e+002
3.170000 3.137511e+002
3.172000 3.136805e+002
3.174000 3.136103e+002
3.176000 3.135404e+002
3.178000 3.134707e+002
3.180000 3.134014e+002
3.182000 3.133324e+002
3.184000 3.132638e+002
3.186000 3.131954e+002
3.188000 3.131273e+002
3.190000 3.130595e+002
3.192000 3.129921e+002
3.194000 3.129249e+002
3.196000 3.128581e+002
3.198000 3.127915e+002
3.200000 3.127253e+002
3.202000 3.126593e+002
3.204000 3.125937e+002
3.206000 3.125283e+002
3.208000 3.124633e+002
3.210000 3.123985e+002
3.212000 3.123340e+002
3.214000 3.122699e+002
3.216000 3.122060e+002
3.218000 3.121424e+002
3.220000 3.120791e+002
3.222000 3.120161e+002
3.224000 3.119534e+002
3.226000 3.118909e+002
3.228000 3.118288e+002
3.230000 3.117670e+002
3.232000 3.117054e+002
3.234000 3.116441e+002
3.236000 3.115831e+002
3.238000 3.115224e+002
3.240000 3.114620e+002
3.242000 3.114018e+002
3.244000 3.113419e+002
3.246000 3.112823e+002
3.248000 3.112230e+002
3.250000 3.111640e+002
3.252000 3.111052e+002
3.254000 3.110467e+002
3.256000 3.109885e+002
3.258000 3.109306e+002
3.260000 3.108729e+002
3.262000 3.108155e+002
3.264000 3.107584e+002
3.266000 3.107016e+002
3.268000 3.106450e+002
3.270000 3.105887e+002
3.272000 3.105326e+002
3.274000 3.104768e+002
3.276000 3.104213e+002
3.278000 3.103661e+002
3.280000 3.103111e+002
3.282000 3.102563e+002
3.284000 3.102019e+002
3.286000 3.101477e+002
3.288000 3.100937e+002
3.290000 3.100400e+002
3.292000 3.099866e+002
3.294000 3.099335e+002
3.296000 3.098805e+002
3.298000 3.098279e+002
3.300000 3.097755e+002
3.302000 3.097233e+002
3.304000 3.096714e+002
3.306000 3.096198e+002
3.308000 3.095684e+002
3.310000 3.095173e+002
3.312000 3.094664e+002
3.314000 3.094157e+002
3.316000 3.093653e+002
3.318000 3.093152e+002
3.320000 3.092653e+002
3.322000 3.092156e+002
3.324000 3.091662e+002
3.326000 3.091170e+002
3.328000 3.090681e+002
3.330000 3.090194e+002
3.332000 3.089710e+002
3.334000 3.089228e+002
3.336000 3.088748e+002
3.338000 3.088271e+002
3.340000 3.087796e+002
3.342000 3.087323e+002
3.344000 3.086853e+002
3.346000 3.086385e+002
3.348000 3.085920e+002
3.350000 3.085457e+002
3.352000 3.084996e+002
3.354000 3.084538e+002
3.356000 3.084081e+002
3.358000 3.083627e+002
3.360000 3.083176e+002
3.362000 3.082727e+002
3.364000 3.082280e+002
3.366000 3.081835e+002
3.368000 3.081392e+002
3.370000 3.080952e+002
3.372000 3.080514e+002
3.374000 3.080078e+002
3.376000 3.079645e+002
3.378000 3.079214e+002
3.380000 3.078784e+002
3.382000 3.078358e+002
3.384000 3.077933e+002
3.386000 3.077510e+002
3.388000 3.077090e+002
3.390000 3.076672e+002
3.392000 3.076256e+002
3.394000 3.075842e+002
3.396000 3.075430e+002
3.398000 3.075021e+002
3.400000 3.074614e+002
3.402000 3.074208e+002
3.404000 3.073805e+002
3.406000 3.073404e+002
3.408000 3.073005e+002
3.410000 3.072608e+002
3.412000 3.072214e+002
3.414000 3.071821e+002
3.416000 3.071430e+002
3.418000 3.071042e+002
3.420000 3.070655e+002
3.422000 3.070271e+002
3.424000 3.069889e+002
3.426000 3.069508e+002
3.428000 3.069130e+002
3.430000 3.068754e+002
3.432000 3.068380e+002
3.434000 3.068007e+002
3.436000 3.067637e+002
3.438000 3.067269e+002
3.440000 3.066903e+002
3.442000 3.066538e+002
3.444000 3.066176e+002
3.446000 3.065816e+002
3.448000 3.065457e+002
3.450000 3.065101e+002
3.452000 3.064747e+002
3.454000 3.064394e+002
3.456000 3.064043e+002
3.458000 3.063695e+002
3.460000 3.063348e+002
3.462000 3.063003e+002
3.464000 3.062660e+002
3.466000 3.062319e+002
3.468000 3.061980e+002
3.470000 3.061643e+002
3.472000 3.061307e+002
3.474000 3.060974e+002
3.476000 3.060642e+002
3.478000 3.060312e+002
3.480000 3.059984e+002
3.482000 3.059658e+002
3.484000 3.059334e+002
3.486000 3.059012e+002
3.488000 3.058691e+002
3.490000 3.058372e+002
3.492000 3.058055e+002
3.494000 3.057740e+002
3.496000 3.057426e+002
3.498000 3.057115e+002
3.500000 3.056805e+002
3.502000 3.056497e+002
3.504000 3.056191e+002
3.506000 3.055886e+002
3.508000 3.055583e+002
3.510000 3.055282e+002
3.512000 3.054983e+002
3.514000 3.054686e+002
3.516000 3.054390e+002
3.518000 3.054096e+002
3.520000 3.053803e+002
3.522000 3.053513e+002
3.524000 3.053224e+002
3.526000 3.052937e+002
3.528000 3.052651e+002
3.530000 3.052367e+002
3.532000 3.052085e+002
3.534000 3.051805e+002
3.536000 3.051526e+002
3.538000 3.051249e+002
3.540000 3.050973e+002
3.542000 3.050699e+002
3.544000 3.050427e+002
3.546000 3.050157e+002
3.548000 3.049888e+002
3.550000 3.049620e+002
3.552000 3.049355e+002
3.554000 3.049091e+002
3.556000 3.048828e+002
3.558000 3.048567e+002
3.560000 3.048308e+002
3.562000 3.048051e+002
3.564000 3.047795e+002
3.566000 3.047540e+002
3.568000 3.047287e+002
3.570000 3.047036e+002
3.572000 3.046786e+002
3.574000 3.046538e+002
3.576000 3.046292e+002
3.578000 3.046047e+002
3.580000 3.045803e+002
3.582000 3.045561e+002
3.584000 3.045321e+002
3.586000 3.045082e+002
3.588000 3.044845e+002
3.590000 3.044609e+002
3.592000 3.044374e+002
3.594000 3.044142e+002
3.596000 3.043910e+002
3.598000 3.043680e+002
3.600000 3.043452e+002
3.602000 3.043225e+002
3.604000 3.043000e+002
3.606000 3.042776e+002
3.608000 3.042554e+002
3.610000 3.042333e+002
3.612000 3.042113e+002
3.614000 3.041895e+002
3.616000 3.041679e+002
3.618000 3.041464e+002
3.620000 3.041250e+002
3.622000 3.041038e+002
3.624000 3.040827e+002
3.626000 3.040618e+002
3.628000 3.040410e+002
3.630000 3.040203e+002
3.632000 3.039998e+002
3.634000 3.039795e+002
3.636000 3.039592e+002
3.638000 3.039391e+002
3.640000 3.039192e+002
3.642000 3.038994e+002
3.644000 3.038797e+002
3.646000 3.038602e+002
3.648000 3.038408e+002
3.650000 3.038215e+002
3.652000 3.038024e+002
3.654000 3.037834e+002
3.656000 3.037646e+002
3.658000 3.037459e+002
3.660000 3.037273e+002
3.662000 3.037088e+002
3.664000 3.036905e+002
3.666000 3.036724e+002
3.668000 3.036543e+002
3.670000 3.036364e+002
3.672000 3.036186e+002
3.674000 3.036010e+002
3.676000 3.035835e+002
3.678000 3.035661e+002
3.680000 3.035489e+002
3.682000 3.035317e+002
3.684000 3.035148e+002
3.686000 3.034979e+002
3.688000 3.034812e+002
3.690000 3.034646e+002
3.692000 3.034481e+002
3.694000 3.034317e+002
3.696000 3.034155e+002
3.698000 3.033994e+002
3.700000 3.033835e+002
3.702000 3.033676e+002
3.704000 3.033519e+002
3.706000 3.033364e+002
3.708000 3.033209e+002
3.710000 3.033056e+002
3.712000 3.032904e+002
3.714000 3.032753e+002
3.716000 3.032603e+002
3.718000 3.032455e+002
3.720000 3.032308e+002
3.722000 3.032162e+002
3.724000 3.032017e+002
3.726000 3.031874e+002
3.728000 3.031731e+002
3.730000 3.031590e+002
3.732000 3.031450e+002
3.734000 3.031312e+002
3.736000 3.031174e+002
3.738000 3.031038e+002
3.740000 3.030903e+002
3.742000 3.030769e+002
3.744000 3.030637e+002
3.746000 3.030505e+002
3.748000 3.030375e+002
3.750000 3.030246e+002
3.752000 3.030118e+002
3.754000 3.029991e+002
3.756000 3.029866e+002
3.758000 3.029741e+002
3.760000 3.029618e+002
3.762000 3.029496e+002
3.764000 3.029375e+002
3.766000 3.029256e+002
3.768000 3.029137e+002
3.770000 3.029020e+002
3.772000 3.028903e+002
3.774000 3.028788e+002
3.776000 3.028674e+002
3.778000 3.028561e+002
3.780000 3.028450e+002
3.782000 3.028339e+002
3.784000 3.028230e+002
3.786000 3.028121e+002
3.788000 3.028014e+002
3.790000 3.027908e+002
3.792000 3.027803e+002
3.794000 3.027699e+002
3.796000 3.027596e+002
3.798000 3.027495e+002
3.800000 3.027394e+002
3.802000 3.027295e+002
3.804000 3.027197e+002
3.806000 3.027099e+002
3.808000 3.027003e+002
3.810000 3.026908e+002
3.812000 3.026814e+002
3.814000 3.026722e+002
3.816000 3.026630e+002
3.818000 3.026539e+002
3.820000 3.026450e+002
3.822000 3.026361e+002
3.824000 3.026274e+002
3.826000 3.026187e+002
3.828000 3.026102e+002
3.830000 3.026018e+002
3.832000 3.025935e+002
3.834000 3.025853e+002
3.836000 3.025772e+002
3.838000 3.025692e+002
3.840000 3.025613e+002
3.842000 3.025536e+002
3.844000 3.025459e+002
3.846000 3.025383e+002
3.848000 3.025309e+002
3.850000 3.025235e+002
3.852000 3.025163e+002
3.854000 3.025091e+002
3.856000 3.025021e+002
3.858000 3.024952e+002
3.860000 3.024883e+002
3.862000 3.024816e+002
3.864000 3.024750e+002
3.866000 3.024685e+002
3.868000 3.024621e+002
3.870000 3.024557e+002
3.872000 3.024495e+002
3.874000 3.024434e+002
3.876000 3.024374e+002
3.878000 3.024315e+002
3.880000 3.024258e+002
3.882000 3.024201e+002
3.884000 3.024145e+002
3.886000 3.024090e+002
3.888000 3.024036e+002
3.890000 3.023983e+002
3.892000 3.023931e+002
3.894000 3.023881e+002
3.896000 3.023831e+002
3.898000 3.023782e+002
3.900000 3.023734e+002
3.902000 3.023688e+002
3.904000 3.023642e+002
3.906000 3.023597e+002
3.908000 3.023554e+002
3.910000 3.023511e+002
3.912000 3.023469e+002
3.914000 3.023429e+002
3.916000 3.023389e+002
3.918000 3.023350e+002
3.920000 3.023313e+002
3.922000 3.023276e+002
3.924000 3.023241e+002
3.926000 3.023206e+002
3.928000 3.023172e+002
3.930000 3.023140e+002
3.932000 3.023108e+002
3.934000 3.023077e+002
3.936000 3.023048e+002
3.938000 3.023019e+002
3.940000 3.022991e+002
3.942000 3.022965e+002
3.944000 3.022939e+002
3.946000 3.022914e+002
3.948000 3.022891e+002
3.950000 3.022868e+002
3.952000 3.022846e+002
3.954000 3.022826e+002
3.956000 3.022806e+002
3.958000 3.022787e+002
3.960000 3.022769e+002
3.962000 3.022753e+002
3.964000 3.022737e+002
3.966000 3.022722e+002
3.968000 3.022708e+002
3.970000 3.022695e+002
3.972000 3.022684e+002
3.974000 3.022673e+002
3.976000 3.022663e+002
3.978000 3.022654e+002
3.980000 3.022646e+002
3.982000 3.022639e+002
3.984000 3.022633e+002
3.986000 3.022629e+002
3.988000 3.022625e+002
3.990000 3.022622e+002
3.992000 3.022620e+002
3.994000 3.022619e+002
3.996000 3.022619e+002
3.998000 3.000000e+002
