0.000000 3.399137e+002
0.002000 3.443457e+002
0.004000 3.487763e+002
0.006000 3.532055e+002
0.008000 3.576330e+002
0.010000 3.620588e+002
0.012000 3.664827e+002
0.014000 3.709046e+002
0.016000 3.753244e+002
0.018000 3.797418e+002
0.020000 3.841569e+002
0.022000 3.885693e+002
0.024000 3.929791e+002
0.026000 3.973860e+002
0.028000 4.017900e+002
0.030000 4.061909e+002
0.032000 4.105885e+002
0.034000 4.149828e+002
0.036000 4.193736e+002
0.038000 4.237607e+002
0.040000 4.281441e+002
0.042000 4.325235e+002
0.044000 4.368990e+002
0.046000 4.412702e+002
0.048000 4.456371e+002
0.050000 4.499997e+002
0.052000 4.543576e+002
0.054000 4.587108e+002
0.056000 4.630592e+002
0.058000 4.674027e+002
0.060000 4.717410e+002
0.062000 4.760741e+002
0.064000 4.804019e+002
0.066000 4.847242e+002
0.068000 4.890408e+002
0.070000 4.933517e+002
0.072000 4.976567e+002
0.074000 5.019557e+002
0.076000 5.062486e+002
0.078000 5.105352e+002
0.080000 5.148154e+002
0.082000 5.190891e+002
0.084000 5.233562e+002
0.086000 5.276164e+002
0.088000 5.318698e+002
0.090000 5.361161e+002
0.092000 5.403552e+002
0.094000 5.445871e+002
0.096000 5.488116e+002
0.098000 5.530285e+002
0.100000 5.572378e+002
0.102000 5.614393e+002
0.104000 5.656328e+002
0.106000 5.698184e+002
0.108000 5.739958e+002
0.110000 5.781649e+002
0.112000 5.823256e+002
0.114000 5.864778e+002
0.116000 5.906213e+002
0.118000 5.947561e+002
0.120000 5.988820e+002
0.122000 6.029989e+002
0.124000 6.071067e+002
0.126000 6.112052e+002
0.128000 6.152943e+002
0.130000 6.193740e+002
0.132000 6.234441e+002
0.134000 6.275045e+002
0.136000 6.315550e+002
0.138000 6.355956e+002
0.140000 6.396261e+002
0.142000 6.436464e+002
0.144000 6.476565e+002
0.146000 6.516561e+002
0.148000 6.556452e+002
0.150000 6.596237e+002
0.152000 6.635914e+002
0.154000 6.675483e+002
0.156000 6.714942e+002
0.158000 6.754290e+002
0.160000 6.793527e+002
0.162000 6.832650e+002
0.164000 6.871659e+002
0.166000 6.910553e+002
0.168000 6.949331e+002
0.170000 6.987991e+002
0.172000 7.026533e+002
0.174000 7.064956e+002
0.176000 7.103258e+002
0.178000 7.141438e+002
0.180000 7.179496e+002
0.182000 7.217430e+002
0.184000 7.255239e+002
0.186000 7.292923e+002
0.188000 7.330480e+002
0.190000 7.367909e+002
0.192000 7.405210e+002
0.194000 7.442380e+002
0.196000 7.479420e+002
0.198000 7.516329e+002
0.200000 7.553104e+002
0.202000 7.589746e+002
0.204000 7.626253e+002
0.206000 7.662625e+002
0.208000 7.698860e+002
0.210000 7.734958e+002
0.212000 7.770917e+002
0.214000 7.806736e+002
0.216000 7.842416e+002
0.218000 7.877954e+002
0.220000 7.913350e+002
0.222000 7.948603e+002
0.224000 7.983712e+002
0.226000 8.018676e+002
0.228000 8.053494e+002
0.230000 8.088166e+002
0.232000 8.122690e+002
0.234000 8.157066e+002
0.236000 8.191293e+002
0.238000 8.225370e+002
0.240000 8.259296e+002
0.242000 8.293070e+002
0.244000 8.326691e+002
0.246000 8.360160e+002
0.248000 8.393474e+002
0.250000 8.426633e+002
0.252000 8.459636e+002
0.254000 8.492483e+002
0.256000 8.525172e+002
0.258000 8.557703e+002
0.260000 8.590075e+002
0.262000 8.622288e+002
0.264000 8.654340e+002
0.266000 8.686231e+002
0.268000 8.717960e+002
0.270000 8.749526e+002
0.272000 8.780929e+002
0.274000 8.812168e+002
0.276000 8.843243e+002
0.278000 8.874151e+002
0.280000 8.904894e+002
0.282000 8.935469e+002
0.284000 8.965877e+002
0.286000 8.996117e+002
0.288000 9.026188e+002
0.290000 9.056090e+002
0.292000 9.085821e+002
0.294000 9.115381e+002
0.296000 9.144770e+002
0.298000 9.173987e+002
0.300000 9.203031e+002
0.302000 9.231902e+002
0.304000 9.260599e+002
0.306000 9.289122e+002
0.308000 9.317469e+002
0.310000 9.345641e+002
0.312000 9.373636e+002
0.314000 9.401455e+002
0.316000 9.429096e+002
0.318000 9.456560e+002
0.320000 9.483845e+002
0.322000 9.510951e+002
0.324000 9.537878e+002
0.326000 9.564624e+002
0.328000 9.591190e+002
0.330000 9.617576e+002
0.332000 9.643779e+002
0.334000 9.669801e+002
0.336000 9.695640e+002
0.338000 9.721297e+002
0.340000 9.746770e+002
0.342000 9.772059e+002
0.344000 9.797164e+002
0.346000 9.822084e+002
0.348000 9.846819e+002
0.350000 9.871369e+002
0.352000 9.895733e+002
0.354000 9.919910e+002
0.356000 9.943900e+002
0.358000 9.967704e+002
0.360000 9.991320e+002
0.362000 1.001475e+003
0.364000 1.003799e+003
0.366000 1.006104e+003
0.368000 1.008390e+003
0.370000 1.010657e+003
0.372000 1.012906e+003
0.374000 1.015135e+003
0.376000 1.017345e+003
0.378000 1.019537e+003
0.380000 1.021709e+003
0.382000 1.023862e+003
0.384000 1.025996e+003
0.386000 1.028111e+003
0.388000 1.030206e+003
0.390000 1.032282e+003
0.392000 1.034339e+003
0.394000 1.036377e+003
0.396000 1.038396e+003
0.398000 1.040395e+003
0.400000 1.042375e+003
0.402000 1.044335e+003
0.404000 1.046276e+003
0.406000 1.048198e+003
0.408000 1.050100e+003
0.410000 1.051983e+003
0.412000 1.053846e+003
0.414000 1.055690e+003
0.416000 1.057515e+003
0.418000 1.059319e+003
0.420000 1.061105e+003
0.422000 1.062871e+003
0.424000 1.064617e+003
0.426000 1.066344e+003
0.428000 1.068051e+003
0.430000 1.069738e+003
0.432000 1.071406e+003
0.434000 1.073055e+003
0.436000 1.074683e+003
0.438000 1.076293e+003
0.440000 1.077882e+003
0.442000 1.079452e+003
0.444000 1.081002e+003
0.446000 1.082533e+003
0.448000 1.084044e+003
0.450000 1.085535e+003
0.452000 1.087007e+003
0.454000 1.088459e+003
0.456000 1.089891e+003
0.458000 1.091304e+003
0.460000 1.092697e+003
0.462000 1.094070e+003
0.464000 1.095424e+003
0.466000 1.096758e+003
0.468000 1.098072e+003
0.470000 1.099367e+003
0.472000 1.100642e+003
0.474000 1.101898e+003
0.476000 1.103134e+003
0.478000 1.104350e+003
0.480000 1.105547e+003
0.482000 1.106724e+003
0.484000 1.107882e+003
0.486000 1.109020e+003
0.488000 1.110138e+003
0.490000 1.111237e+003
0.492000 1.112316e+003
0.494000 1.113376e+003
0.496000 1.114416e+003
0.498000 1.115437e+003
0.500000 1.116438e+003
0.502000 1.117420e+003
0.504000 1.118382e+003
0.506000 1.119325e+003
0.508000 1.120248e+003
0.510000 1.121152e+003
0.512000 1.122037e+003
0.514000 1.122902e+003
0.516000 1.123748e+003
0.518000 1.124575e+003
0.520000 1.125382e+003
0.522000 1.126170e+003
0.524000 1.126939e+003
0.526000 1.127688e+003
0.528000 1.128418e+003
0.530000 1.129130e+003
0.532000 1.129821e+003
0.534000 1.130494e+003
0.536000 1.131148e+003
0.538000 1.131783e+003
0.540000 1.132398e+003
0.542000 1.132995e+003
0.544000 1.133572e+003
0.546000 1.134131e+003
0.548000 1.134670e+003
0.550000 1.135191e+003
0.552000 1.135693e+003
0.554000 1.136176e+003
0.556000 1.136640e+003
0.558000 1.137085e+003
0.560000 1.137512e+003
0.562000 1.137920e+003
0.564000 1.138309e+003
0.566000 1.138680e+003
0.568000 1.139032e+003
0.570000 1.139366e+003
0.572000 1.139681e+003
0.574000 1.139977e+003
0.576000 1.140255e+003
0.578000 1.140515e+003
0.580000 1.140756e+003
0.582000 1.140979e+003
0.584000 1.141183e+003
0.586000 1.141370e+003
0.588000 1.141538e+003
0.590000 1.141688e+003
0.592000 1.141820e+003
0.594000 1.141934e+003
0.596000 1.142030e+003
0.598000 1.142107e+003
0.600000 1.142167e+003
0.602000 1.142209e+003
0.604000 1.142234e+003
0.606000 1.142240e+003
0.608000 1.142228e+003
0.610000 1.142199e+003
0.612000 1.142153e+003
0.614000 1.142088e+003
0.616000 1.142006e+003
0.618000 1.141907e+003
0.620000 1.141790e+003
0.622000 1.141656e+003
0.624000 1.141504e+003
0.626000 1.141335e+003
0.628000 1.141149e+003
0.630000 1.140946e+003
0.632000 1.140725e+003
0.634000 1.140488e+003
0.636000 1.140233e+003
0.638000 1.139961e+003
0.640000 1.139673e+003
0.642000 1.139368e+003
0.644000 1.139045e+003
0.646000 1.138707e+003
0.648000 1.138351e+003
0.650000 1.137979e+003
0.652000 1.137590e+003
0.654000 1.137185e+003
0.656000 1.136763e+003
0.658000 1.136325e+003
0.660000 1.135870e+003
0.662000 1.135399e+003
0.664000 1.134912e+003
0.666000 1.134409e+003
0.668000 1.133890e+003
0.670000 1.133355e+003
0.672000 1.132803e+003
0.674000 1.132236e+003
0.676000 1.131653e+003
0.678000 1.131055e+003
0.680000 1.130440e+003
0.682000 1.129810e+003
0.684000 1.129164e+003
0.686000 1.128503e+003
0.688000 1.127826e+003
0.690000 1.127134e+003
0.692000 1.126427e+003
0.694000 1.125704e+003
0.696000 1.124967e+003
0.698000 1.124214e+003
0.700000 1.123446e+003
0.702000 1.122663e+003
0.704000 1.121865e+003
0.706000 1.121053e+003
0.708000 1.120225e+003
0.710000 1.119383e+003
0.712000 1.118526e+003
0.714000 1.117655e+003
0.716000 1.116769e+003
0.718000 1.115869e+003
0.720000 1.114955e+003
0.722000 1.114026e+003
0.724000 1.113083e+003
0.726000 1.112126e+003
0.728000 1.111155e+003
0.730000 1.110170e+003
0.732000 1.109171e+003
0.734000 1.108158e+003
0.736000 1.107131e+003
0.738000 1.106091e+003
0.740000 1.105037e+003
0.742000 1.103970e+003
0.744000 1.102889e+003
0.746000 1.101795e+003
0.748000 1.100687e+003
0.750000 1.099567e+003
0.752000 1.098433e+003
0.754000 1.097286e+003
0.756000 1.096126e+003
0.758000 1.094953e+003
0.760000 1.093767e+003
0.762000 1.092569e+003
0.764000 1.091358e+003
0.766000 1.090134e+003
0.768000 1.088898e+003
0.770000 1.087649e+003
0.772000 1.086388e+003
0.774000 1.085115e+003
0.776000 1.083829e+003
0.778000 1.082532e+003
0.780000 1.081222e+003
0.782000 1.079901e+003
0.784000 1.078567e+003
0.786000 1.077222e+003
0.788000 1.075865e+003
0.790000 1.074496e+003
0.792000 1.073116e+003
0.794000 1.071724e+003
0.796000 1.070321e+003
0.798000 1.068907e+003
0.800000 1.067481e+003
0.802000 1.066044e+003
0.804000 1.064597e+003
0.806000 1.063138e+003
0.808000 1.061668e+003
0.810000 1.060188e+003
0.812000 1.058697e+003
0.814000 1.057195e+003
0.816000 1.055682e+003
0.818000 1.054159e+003
0.820000 1.052626e+003
0.822000 1.051083e+003
0.824000 1.049529e+003
0.826000 1.047965e+003
0.828000 1.046391e+003
0.830000 1.044807e+003
0.832000 1.043213e+003
0.834000 1.041610e+003
0.836000 1.039996e+003
0.838000 1.038373e+003
0.840000 1.036741e+003
0.842000 1.035099e+003
0.844000 1.033447e+003
0.846000 1.031787e+003
0.848000 1.030117e+003
0.850000 1.028438e+003
0.852000 1.026750e+003
0.854000 1.025053e+003
0.856000 1.023348e+003
0.858000 1.021633e+003
0.860000 1.019910e+003
0.862000 1.018178e+003
0.864000 1.016438e+003
0.866000 1.014689e+003
0.868000 1.012932e+003
0.870000 1.011167e+003
0.872000 1.009393e+003
0.874000 1.007612e+003
0.876000 1.005822e+003
0.878000 1.004025e+003
0.880000 1.002220e+003
0.882000 1.000407e+003
0.884000 9.985860e+002
0.886000 9.967579e+002
0.888000 9.949223e+002
0.890000 9.930793e+002
0.892000 9.912290e+002
0.894000 9.893715e+002
0.896000 9.875069e+002
0.898000 9.856353e+002
0.900000 9.837567e+002
0.902000 9.818713e+002
0.904000 9.799791e+002
0.906000 9.780802e+002
0.908000 9.761748e+002
0.910000 9.742628e+002
0.912000 9.723444e+002
0.914000 9.704197e+002
0.916000 9.684887e+002
0.918000 9.665516e+002
0.920000 9.646084e+002
0.922000 9.626592e+002
0.924000 9.607041e+002
0.926000 9.587432e+002
0.928000 9.567766e+002
0.930000 9.548043e+002
0.932000 9.528265e+002
0.934000 9.508432e+002
0.936000 9.488545e+002
0.938000 9.468606e+002
0.940000 9.448614e+002
0.942000 9.428571e+002
0.944000 9.408478e+002
0.946000 9.388336e+002
0.948000 9.368144e+002
0.950000 9.347905e+002
0.952000 9.327620e+002
0.954000 9.307288e+002
0.956000 9.286911e+002
0.958000 9.266489e+002
0.960000 9.246024e+002
0.962000 9.225517e+002
0.964000 9.204967e+002
0.966000 9.184377e+002
0.968000 9.163746e+002
0.970000 9.143077e+002
0.972000 9.122369e+002
0.974000 9.101623e+002
0.976000 9.080841e+002
0.978000 9.060023e+002
0.980000 9.039170e+002
0.982000 9.018282e+002
0.984000 8.997361e+002
0.986000 8.976408e+002
0.988000 8.955423e+002
0.990000 8.934407e+002
0.992000 8.913362e+002
0.994000 8.892287e+002
0.996000 8.871183e+002
0.998000 8.850052e+002
1.000000 8.828894e+002
1.002000 8.807711e+002
1.004000 8.786502e+002
1.006000 8.765269e+002
1.008000 8.744013e+002
1.010000 8.722734e+002
1.012000 8.701433e+002
1.014000 8.680111e+002
1.016000 8.658769e+002
1.018000 8.637407e+002
1.020000 8.616027e+002
1.022000 8.594629e+002
1.024000 8.573214e+002
1.026000 8.551782e+002
1.028000 8.530336e+002
1.030000 8.508874e+002
1.032000 8.487399e+002
1.034000 8.465911e+002
1.036000 8.444410e+002
1.038000 8.422898e+002
1.040000 8.401375e+002
1.042000 8.379842e+002
1.044000 8.358300e+002
1.046000 8.336750e+002
1.048000 8.315192e+002
1.050000 8.293627e+002
1.052000 8.272055e+002
1.054000 8.250479e+002
1.056000 8.228898e+002
1.058000 8.207313e+002
1.060000 8.185725e+002
1.062000 8.164134e+002
1.064000 8.142542e+002
1.066000 8.120949e+002
1.068000 8.099356e+002
1.070000 8.077763e+002
1.072000 8.056172e+002
1.074000 8.034583e+002
1.076000 8.012996e+002
1.078000 7.991413e+002
1.080000 7.969834e+002
1.082000 7.948261e+002
1.084000 7.926692e+002
1.086000 7.905131e+002
1.088000 7.883576e+002
1.090000 7.862029e+002
1.092000 7.840490e+002
1.094000 7.818961e+002
1.096000 7.797441e+002
1.098000 7.775932e+002
1.100000 7.754434e+002
1.102000 7.732949e+002
1.104000 7.711475e+002
1.106000 7.690015e+002
1.108000 7.668569e+002
1.110000 7.647138e+002
1.112000 7.625721e+002
1.114000 7.604321e+002
1.116000 7.582937e+002
1.118000 7.561571e+002
1.120000 7.540222e+002
1.122000 7.518892e+002
1.124000 7.497581e+002
1.126000 7.476290e+002
1.128000 7.455020e+002
1.130000 7.433770e+002
1.132000 7.412542e+002
1.134000 7.391337e+002
1.136000 7.370154e+002
1.138000 7.348995e+002
1.140000 7.327860e+002
1.142000 7.306750e+002
1.144000 7.285666e+002
1.146000 7.264607e+002
1.148000 7.243575e+002
1.150000 7.222570e+002
1.152000 7.201593e+002
1.154000 7.180645e+002
1.156000 7.159725e+002
1.158000 7.138835e+002
1.160000 7.117975e+002
1.162000 7.097145e+002
1.164000 7.076347e+002
1.166000 7.055580e+002
1.168000 7.034846e+002
1.170000 7.014145e+002
1.172000 6.993477e+002
1.174000 6.972843e+002
1.176000 6.952244e+002
1.178000 6.931680e+002
1.180000 6.911151e+002
1.182000 6.890658e+002
1.184000 6.870202e+002
1.186000 6.849783e+002
1.188000 6.829402e+002
1.190000 6.809059e+002
1.192000 6.788755e+002
1.194000 6.768490e+002
1.196000 6.748264e+002
1.198000 6.728079e+002
1.200000 6.707934e+002
1.202000 6.687831e+002
1.204000 6.667769e+002
1.206000 6.647749e+002
1.208000 6.627771e+002
1.210000 6.607837e+002
1.212000 6.587946e+002
1.214000 6.568099e+002
1.216000 6.548297e+002
1.218000 6.528539e+002
1.220000 6.508827e+002
1.222000 6.489160e+002
1.224000 6.469539e+002
1.226000 6.449965e+002
1.228000 6.430438e+002
1.230000 6.410959e+002
1.232000 6.391527e+002
1.234000 6.372144e+002
1.236000 6.352809e+002
1.238000 6.333523e+002
1.240000 6.314287e+002
1.242000 6.295101e+002
1.244000 6.275964e+002
1.246000 6.256879e+002
1.248000 6.237844e+002
1.250000 6.218861e+002
1.252000 6.199930e+002
1.254000 6.181050e+002
1.256000 6.162224e+002
1.258000 6.143450e+002
1.260000 6.124729e+002
1.262000 6.106062e+002
1.264000 6.087448e+002
1.266000 6.068889e+002
1.268000 6.050385e+002
1.270000 6.031935e+002
1.272000 6.013540e+002
1.274000 5.995201e+002
1.276000 5.976918e+002
1.278000 5.958691e+002
1.280000 5.940521e+002
1.282000 5.922407e+002
1.284000 5.904351e+002
1.286000 5.886351e+002
1.288000 5.868410e+002
1.290000 5.850526e+002
1.292000 5.832701e+002
1.294000 5.814934e+002
1.296000 5.797226e+002
1.298000 5.779577e+002
1.300000 5.761987e+002
1.302000 5.744456e+002
1.304000 5.726986e+002
1.306000 5.709576e+002
1.308000 5.692225e+002
1.310000 5.674936e+002
1.312000 5.657707e+002
1.314000 5.640539e+002
1.316000 5.623433e+002
1.318000 5.606388e+002
1.320000 5.589404e+002
1.322000 5.572483e+002
1.324000 5.555623e+002
1.326000 5.538826e+002
1.328000 5.522092e+002
1.330000 5.505420e+002
1.332000 5.488811e+002
1.334000 5.472265e+002
1.336000 5.455782e+002
1.338000 5.439363e+002
1.340000 5.423007e+002
1.342000 5.406715e+002
1.344000 5.390487e+002
1.346000 5.374324e+002
1.348000 5.358224e+002
1.350000 5.342189e+002
1.352000 5.326219e+002
1.354000 5.310313e+002
1.356000 5.294472e+002
1.358000 5.278696e+002
1.360000 5.262985e+002
1.362000 5.247340e+002
1.364000 5.231759e+002
1.366000 5.216245e+002
1.368000 5.200796e+002
1.370000 5.185412e+002
1.372000 5.170095e+002
1.374000 5.154843e+002
1.376000 5.139658e+002
1.378000 5.124538e+002
1.380000 5.109485e+002
1.382000 5.094498e+002
1.384000 5.079578e+002
1.386000 5.064724e+002
1.388000 5.049936e+002
1.390000 5.035215e+002
1.392000 5.020561e+002
1.394000 5.005974e+002
1.396000 4.991453e+002
1.398000 4.977000e+002
1.400000 4.962613e+002
1.402000 4.948293e+002
1.404000 4.934040e+002
1.406000 4.919854e+002
1.408000 4.905736e+002
1.410000 4.891684e+002
1.412000 4.877700e+002
1.414000 4.863782e+002
1.416000 4.849932e+002
1.418000 4.836150e+002
1.420000 4.822434e+002
1.422000 4.808786e+002
1.424000 4.795205e+002
1.426000 4.781691e+002
1.428000 4.768244e+002
1.430000 4.754865e+002
1.432000 4.741553e+002
1.434000 4.728308e+002
1.436000 4.715131e+002
1.438000 4.702020e+002
1.440000 4.688977e+002
1.442000 4.676001e+002
1.444000 4.663092e+002
1.446000 4.650251e+002
1.448000 4.637476e+002
1.450000 4.624768e+002
1.452000 4.612128e+002
1.454000 4.599554e+002
1.456000 4.587048e+002
1.458000 4.574608e+002
1.460000 4.562235e+002
1.462000 4.549928e+002
1.464000 4.537689e+002
1.466000 4.525516e+002
1.468000 4.513410e+002
1.470000 4.501370e+002
1.472000 4.489396e+002
1.474000 4.477489e+002
1.476000 4.465648e+002
1.478000 4.453874e+002
1.480000 4.442165e+002
1.482000 4.430523e+002
1.484000 4.418946e+002
1.486000 4.407436e+002
1.488000 4.395991e+002
1.490000 4.384612e+002
1.492000 4.373298e+002
1.494000 4.362050e+002
1.496000 4.350867e+002
1.498000 4.339750e+002
1.500000 4.328697e+002
1.502000 4.317710e+002
1.504000 4.306787e+002
1.506000 4.295930e+002
1.508000 4.285137e+002
1.510000 4.274408e+002
1.512000 4.263744e+002
1.514000 4.253144e+002
1.516000 4.242609e+002
1.518000 4.232137e+002
1.520000 4.221729e+002
1.522000 4.211386e+002
1.524000 4.201105e+002
1.526000 4.190888e+002
1.528000 4.180735e+002
1.530000 4.170645e+002
1.532000 4.160617e+002
1.534000 4.150653e+002
1.536000 4.140751e+002
1.538000 4.130912e+002
1.540000 4.121136e+002
1.542000 4.111421e+002
1.544000 4.101769e+002
1.546000 4.092179e+002
1.548000 4.082650e+002
1.550000 4.073183e+002
1.552000 4.063777e+002
1.554000 4.054433e+002
1.556000 4.045150e+002
1.558000 4.035928e+002
1.560000 4.026766e+002
1.562000 4.017665e+002
1.564000 4.008624e+002
1.566000 3.999644e+002
1.568000 3.990723e+002
1.570000 3.981863e+002
1.572000 3.973061e+002
1.574000 3.964320e+002
1.576000 3.955637e+002
1.578000 3.947014e+002
1.580000 3.938450e+002
1.582000 3.929944e+002
1.584000 3.921497e+002
1.586000 3.913108e+002
1.588000 3.904777e+002
1.590000 3.896503e+002
1.592000 3.888288e+002
1.594000 3.880130e+002
1.596000 3.872029e+002
1.598000 3.863985e+002
1.600000 3.855999e+002
1.602000 3.848068e+002
1.604000 3.840195e+002
1.606000 3.832377e+002
1.608000 3.824615e+002
1.610000 3.816909e+002
1.612000 3.809259e+002
1.614000 3.801664e+002
1.616000 3.794124e+002
1.618000 3.786639e+002
1.620000 3.779209e+002
1.622000 3.771833e+002
1.624000 3.764511e+002
1.626000 3.757244e+002
1.628000 3.750030e+002
1.630000 3.742870e+002
1.632000 3.735763e+002
1.634000 3.728709e+002
1.636000 3.721708e+002
1.638000 3.714760e+002
1.640000 3.707864e+002
1.642000 3.701020e+002
1.644000 3.694229e+002
1.646000 3.687489e+002
1.648000 3.680800e+002
1.650000 3.674163e+002
1.652000 3.667577e+002
1.654000 3.661042e+002
1.656000 3.654557e+002
1.658000 3.648122e+002
1.660000 3.641738e+002
1.662000 3.635403e+002
1.664000 3.629118e+002
1.666000 3.622882e+002
1.668000 3.616696e+002
1.670000 3.610558e+002
1.672000 3.604469e+002
1.674000 3.598429e+002
1.676000 3.592436e+002
1.678000 3.586492e+002
1.680000 3.580595e+002
1.682000 3.574746e+002
1.684000 3.568944e+002
1.686000 3.563188e+002
1.688000 3.557480e+002
1.690000 3.551818e+002
1.692000 3.546202e+002
1.694000 3.540632e+002
1.696000 3.535108e+002
1.698000 3.529630e+002
1.700000 3.524196e+002
1.702000 3.518808e+002
1.704000 3.513464e+002
1.706000 3.508165e+002
1.708000 3.502910e+002
1.710000 3.497700e+002
1.712000 3.492533e+002
1.714000 3.487409e+002
1.716000 3.482329e+002
1.718000 3.477292e+002
1.720000 3.472298e+002
1.722000 3.467346e+002
1.724000 3.462437e+002
1.726000 3.457569e+002
1.728000 3.452744e+002
1.730000 3.447960e+002
1.732000 3.443217e+002
1.734000 3.438515e+002
1.736000 3.433855e+002
1.738000 3.429235e+002
1.740000 3.424655e+002
1.742000 3.420115e+002
1.744000 3.415615e+002
1.746000 3.411155e+002
1.748000 3.406734e+002
1.750000 3.402353e+002
1.752000 3.398010e+002
1.754000 3.393706e+002
1.756000 3.389440e+002
1.758000 3.385213e+002
1.760000 3.381023e+002
1.762000 3.376871e+002
1.764000 3.372757e+002
1.766000 3.368680e+002
1.768000 3.364639e+002
1.770000 3.360636e+002
1.772000 3.356669e+002
1.774000 3.352738e+002
1.776000 3.348843e+002
1.778000 3.344984e+002
1.780000 3.341161e+002
1.782000 3.337372e+002
1.784000 3.333619e+002
1.786000 3.329901e+002
1.788000 3.326217e+002
1.790000 3.322568e+002
1.792000 3.318953e+002
1.794000 3.315371e+002
1.796000 3.311824e+002
1.798000 3.308309e+002
1.800000 3.304828e+002
1.802000 3.301380e+002
1.804000 3.297965e+002
1.806000 3.294582e+002
1.808000 3.291231e+002
1.810000 3.287913e+002
1.812000 3.284626e+002
1.814000 3.281371e+002
1.816000 3.278147e+002
1.818000 3.274954e+002
1.820000 3.271793e+002
1.822000 3.268662e+002
1.824000 3.265561e+002
1.826000 3.262491e+002
1.828000 3.259450e+002
1.830000 3.256440e+002
1.832000 3.253459e+002
1.834000 3.250507e+002
1.836000 3.247585e+002
1.838000 3.244691e+002
1.840000 3.241826e+002
1.842000 3.238990e+002
1.844000 3.236182e+002
1.846000 3.233402e+002
1.848000 3.230650e+002
1.850000 3.227925e+002
1.852000 3.225228e+002
1.854000 3.222558e+002
1.856000 3.219915e+002
1.858000 3.217299e+002
1.860000 3.214709e+002
1.862000 3.212146e+002
1.864000 3.209609e+002
1.866000 3.207097e+002
1.868000 3.204612e+002
1.870000 3.202152e+002
1.872000 3.199717e+002
1.874000 3.197308e+002
1.876000 3.194923e+002
1.878000 3.192563e+002
1.880000 3.190228e+002
1.882000 3.187917e+002
1.884000 3.185630e+002
1.886000 3.183367e+002
1.888000 3.181128e+002
1.890000 3.178912e+002
1.892000 3.176720e+002
1.894000 3.174551e+002
1.896000 3.172404e+002
1.898000 3.170281e+002
1.900000 3.168180e+002
1.902000 3.166101e+002
1.904000 3.164045e+002
1.906000 3.162011e+002
1.908000 3.159998e+002
1.910000 3.158007e+002
1.912000 3.156038e+002
1.914000 3.154089e+002
1.916000 3.152162e+002
1.918000 3.150256e+002
1.920000 3.148370e+002
1.922000 3.146505e+002
1.924000 3.144660e+002
1.926000 3.142836e+002
1.928000 3.141031e+002
1.930000 3.139247e+002
1.932000 3.137481e+002
1.934000 3.135736e+002
1.936000 3.134009e+002
1.938000 3.132302e+002
1.940000 3.130614e+002
1.942000 3.128944e+002
1.944000 3.127293e+002
1.946000 3.125661e+002
1.948000 3.124047e+002
1.950000 3.122451e+002
1.952000 3.120873e+002
1.954000 3.119312e+002
1.956000 3.117769e+002
1.958000 3.116244e+002
1.960000 3.114736e+002
1.962000 3.113245e+002
1.964000 3.111771e+002
1.966000 3.110314e+002
1.968000 3.108874e+002
1.970000 3.107450e+002
1.972000 3.106042e+002
1.974000 3.104651e+002
1.976000 3.103275e+002
1.978000 3.101916e+002
1.980000 3.100572e+002
1.982000 3.099244e+002
1.984000 3.097931e+002
1.986000 3.096633e+002
1.988000 3.095351e+002
1.990000 3.094083e+002
1.992000 3.092831e+002
1.994000 3.091593e+002
1.996000 3.090370e+002
1.998000 3.089161e+002
2.000000 3.087966e+002
2.002000 3.086786e+002
2.004000 3.085619e+002
2.006000 3.084466e+002
2.008000 3.083328e+002
2.010000 3.082202e+002
2.012000 3.081090e+002
2.014000 3.079992e+002
2.016000 3.078906e+002
2.018000 3.077834e+002
2.020000 3.076774e+002
2.022000 3.075728e+002
2.024000 3.074694e+002
2.026000 3.073672e+002
2.028000 3.072663e+002
2.030000 3.071666e+002
2.032000 3.070681e+002
2.034000 3.069709e+002
2.036000 3.068748e+002
2.038000 3.067799e+002
2.040000 3.066861e+002
2.042000 3.065936e+002
2.044000 3.065021e+002
2.046000 3.064118e+002
2.048000 3.063226e+002
2.050000 3.062345e+002
2.052000 3.061475e+002
2.054000 3.060616e+002
2.056000 3.059767e+002
2.058000 3.058929e+002
2.060000 3.058102e+002
2.062000 3.057285e+002
2.064000 3.056478e+002
2.066000 3.055682e+002
2.068000 3.054895e+002
2.070000 3.054118e+002
2.072000 3.053352e+002
2.074000 3.052595e+002
2.076000 3.051847e+002
2.078000 3.051109e+002
2.080000 3.050381e+002
2.082000 3.049661e+002
2.084000 3.048951e+002
2.086000 3.048250e+002
2.088000 3.047558e+002
2.090000 3.046875e+002
2.092000 3.046201e+002
2.094000 3.045535e+002
2.096000 3.044878e+002
2.098000 3.044230e+002
2.100000 3.043590e+002
2.102000 3.042958e+002
2.104000 3.042335e+002
2.106000 3.041719e+002
2.108000 3.041112e+002
2.110000 3.040513e+002
2.112000 3.039921e+002
2.114000 3.039338e+002
2.116000 3.038762e+002
2.118000 3.038193e+002
2.120000 3.037632e+002
2.122000 3.037079e+002
2.124000 3.036533e+002
2.126000 3.035994e+002
2.128000 3.035462e+002
2.130000 3.034938e+002
2.132000 3.034420e+002
2.134000 3.033909e+002
2.136000 3.033405e+002
2.138000 3.032908e+002
2.140000 3.032418e+002
2.142000 3.031934e+002
2.144000 3.031457e+002
2.146000 3.030986e+002
2.148000 3.030522e+002
2.150000 3.030064e+002
2.152000 3.029612e+002
2.154000 3.029166e+002
2.156000 3.028726e+002
2.158000 3.028293e+002
2.160000 3.027865e+002
2.162000 3.027443e+002
2.164000 3.027027e+002
2.166000 3.026617e+002
2.168000 3.026212e+002
2.170000 3.025813e+002
2.172000 3.025419e+002
2.174000 3.025031e+002
2.176000 3.024648e+002
2.178000 3.024271e+002
2.180000 3.023899e+002
2.182000 3.023532e+002
2.184000 3.023170e+002
2.186000 3.022813e+002
2.188000 3.022461e+002
2.190000 3.022114e+002
2.192000 3.021772e+002
2.194000 3.021435e+002
2.196000 3.021103e+002
2.198000 3.020775e+002
2.200000 3.020452e+002
2.202000 3.020133e+002
2.204000 3.019819e+002
2.206000 3.019510e+002
2.208000 3.019205e+002
2.210000 3.018904e+002
2.212000 3.018608e+002
2.214000 3.018315e+002
2.216000 3.018027e+002
2.218000 3.017744e+002
2.220000 3.017464e+002
2.222000 3.017188e+002
2.224000 3.016916e+002
2.226000 3.016648e+002
2.228000 3.016384e+002
2.230000 3.016124e+002
2.232000 3.015868e+002
2.234000 3.015615e+002
2.236000 3.015366e+002
2.238000 3.015121e+002
2.240000 3.014879e+002
2.242000 3.014641e+002
2.244000 3.014406e+002
2.246000 3.014175e+002
2.248000 3.013947e+002
2.250000 3.013723e+002
2.252000 3.013502e+002
2.254000 3.013284e+002
2.256000 3.013069e+002
2.258000 3.012858e+002
2.260000 3.012649e+002
2.262000 3.012444e+002
2.264000 3.012242e+002
2.266000 3.012043e+002
2.268000 3.011846e+002
2.270000 3.011653e+002
2.272000 3.011463e+002
2.274000 3.011275e+002
2.276000 3.011091e+002
2.278000 3.010909e+002
2.280000 3.010730e+002
2.282000 3.010553e+002
2.284000 3.010379e+002
2.286000 3.010208e+002
2.288000 3.010040e+002
2.290000 3.009874e+002
2.292000 3.009710e+002
2.294000 3.009549e+002
2.296000 3.009391e+002
2.298000 3.009235e+002
2.300000 3.009081e+002
2.302000 3.008930e+002
2.304000 3.008781e+002
2.306000 3.008634e+002
2.308000 3.008490e+002
2.310000 3.008347e+002
2.312000 3.008207e+002
2.314000 3.008070e+002
2.316000 3.007934e+002
2.318000 3.007800e+002
2.320000 3.007669e+002
2.322000 3.007539e+002
2.324000 3.007412e+002
2.326000 3.007286e+002
2.328000 3.007163e+002
2.330000 3.007041e+002
2.332000 3.006922e+002
2.334000 3.006804e+002
2.336000 3.006688e+002
2.338000 3.006574e+002
2.340000 3.006462e+002
2.342000 3.006351e+002
2.344000 3.006243e+002
2.346000 3.006136e+002
2.348000 3.006030e+002
2.350000 3.005927e+002
2.352000 3.005825e+002
2.354000 3.005724e+002
2.356000 3.005625e+002
2.358000 3.005528e+002
2.360000 3.005433e+002
2.362000 3.005339e+002
2.364000 3.005246e+002
2.366000 3.005155e+002
2.368000 3.005065e+002
2.370000 3.004977e+002
2.372000 3.004890e+002
2.374000 3.004805e+002
2.376000 3.004721e+002
2.378000 3.004638e+002
2.380000 3.004557e+002
2.382000 3.004477e+002
2.384000 3.004399e+002
2.386000 3.004321e+002
2.388000 3.004245e+002
2.390000 3.004170e+002
2.392000 3.004097e+002
2.394000 3.004024e+002
2.396000 3.003953e+002
2.398000 3.003883e+002
2.400000 3.003814e+002
2.402000 3.003747e+002
2.404000 3.003680e+002
2.406000 3.003614e+002
2.408000 3.003550e+002
2.410000 3.003487e+002
2.412000 3.003424e+002
2.414000 3.003363e+002
2.416000 3.003303e+002
2.418000 3.003244e+002
2.420000 3.003185e+002
2.422000 3.003128e+002
2.424000 3.003072e+002
2.426000 3.003016e+002
2.428000 3.002962e+002
2.430000 3.002908e+002
2.432000 3.002856e+002
2.434000 3.002804e+002
2.436000 3.002753e+002
2.438000 3.002703e+002
2.440000 3.002654e+002
2.442000 3.002606e+002
2.444000 3.002558e+002
2.446000 3.002512e+002
2.448000 3.002466e+002
2.450000 3.002421e+002
2.452000 3.002376e+002
2.454000 3.002333e+002
2.456000 3.002290e+002
2.458000 3.002248e+002
2.460000 3.002207e+002
2.462000 3.002166e+002
2.464000 3.002126e+002
2.466000 3.002087e+002
2.468000 3.002048e+002
2.470000 3.002010e+002
2.472000 3.001973e+002
2.474000 3.001936e+002
2.476000 3.001900e+002
2.478000 3.001865e+002
2.480000 3.001830e+002
2.482000 3.001796e+002
2.484000 3.001763e+002
2.486000 3.001730e+002
2.488000 3.001697e+002
2.490000 3.001666e+002
2.492000 3.001634e+002
2.494000 3.001604e+002
2.496000 3.001574e+002
2.498000 3.001544e+002
2.500000 3.001515e+002
2.502000 3.001486e+002
2.504000 3.001458e+002
2.506000 3.001431e+002
2.508000 3.001404e+002
2.510000 3.001377e+002
2.512000 3.001351e+002
2.514000 3.001325e+002
2.516000 3.001300e+002
2.518000 3.001275e+002
2.520000 3.001251e+002
2.522000 3.001227e+002
2.524000 3.001204e+002
2.526000 3.001181e+002
2.528000 3.001158e+002
2.530000 3.001136e+002
2.532000 3.001114e+002
2.534000 3.001093e+002
2.536000 3.001072e+002
2.538000 3.001051e+002
2.540000 3.001031e+002
2.542000 3.001011e+002
2.544000 3.000991e+002
2.546000 3.000972e+002
2.548000 3.000953e+002
2.550000 3.000935e+002
2.552000 3.000917e+002
2.554000 3.000899e+002
2.556000 3.000881e+002
2.558000 3.000864e+002
2.560000 3.000847e+002
2.562000 3.000831e+002
2.564000 3.000815e+002
2.566000 3.000799e+002
2.568000 3.000783e+002
2.570000 3.000768e+002
2.572000 3.000753e+002
2.574000 3.000738e+002
2.576000 3.000723e+002
2.578000 3.000709e+002
2.580000 3.000695e+002
2.582000 3.000681e+002
2.584000 3.000668e+002
2.586000 3.000655e+002
2.588000 3.000642e+002
2.590000 3.000629e+002
2.592000 3.000616e+002
2.594000 3.000604e+002
2.596000 3.000592e+002
2.598000 3.000580e+002
2.600000 3.000569e+002
2.602000 3.000557e+002
2.604000 3.000546e+002
2.606000 3.000535e+002
2.608000 3.000525e+002
2.610000 3.000514e+002
2.612000 3.000504e+002
2.614000 3.000494e+002
2.616000 3.000484e+002
2.618000 3.000474e+002
2.620000 3.000464e+002
2.622000 3.000455e+002
2.624000 3.000446e+002
2.626000 3.000437e+002
2.628000 3.000428e+002
2.630000 3.000419e+002
2.632000 3.000411e+002
2.634000 3.000402e+002
2.636000 3.000394e+002
2.638000 3.000386e+002
2.640000 3.000378e+002
2.642000 3.000371e+002
2.644000 3.000363e+002
2.646000 3.000356e+002
2.648000 3.000348e+002
2.650000 3.000341e+002
2.652000 3.000334e+002
2.654000 3.000327e+002
2.656000 3.000321e+002
2.658000 3.000314e+002
2.660000 3.000307e+002
2.662000 3.000301e+002
2.664000 3.000295e+002
2.666000 3.000289e+002
2.668000 3.000283e+002
2.670000 3.000277e+002
2.672000 3.000271e+002
2.674000 3.000266e+002
2.676000 3.000260e+002
2.678000 3.000255e+002
2.680000 3.000249e+002
2.682000 3.000244e+002
2.684000 3.000239e+002
2.686000 3.000234e+002
2.688000 3.000229e+002
2.690000 3.000224e+002
2.692000 3.000220e+002
2.694000 3.000215e+002
2.696000 3.000211e+002
2.698000 3.000206e+002
2.700000 3.000202e+002
2.702000 3.000198e+002
2.704000 3.000193e+002
2.706000 3.000189e+002
2.708000 3.000185e+002
2.710000 3.000181e+002
2.712000 3.000177e+002
2.714000 3.000174e+002
2.716000 3.000170e+002
2.718000 3.000166e+002
2.720000 3.000163e+002
2.722000 3.000159e+002
2.724000 3.000156e+002
2.726000 3.000153e+002
2.728000 3.000149e+002
2.730000 3.000146e+002
2.732000 3.000143e+002
2.734000 3.000140e+002
2.736000 3.000137e+002
2.738000 3.000134e+002
2.740000 3.000131e+002
2.742000 3.000128e+002
2.744000 3.000126e+002
2.746000 3.000123e+002
2.748000 3.000120e+002
2.750000 3.000118e+002
2.752000 3.000115e+002
2.754000 3.000113e+002
2.756000 3.000110e+002
2.758000 3.000108e+002
2.760000 3.000105e+002
2.762000 3.000103e+002
2.764000 3.000101e+002
2.766000 3.000099e+002
2.768000 3.000097e+002
2.770000 3.000094e+002
2.772000 3.000092e+002
2.774000 3.000090e+002
2.776000 3.000088e+002
2.778000 3.000086e+002
2.780000 3.000085e+002
2.782000 3.000083e+002
2.784000 3.000081e+002
2.786000 3.000079e+002
2.788000 3.000077e+002
2.790000 3.000076e+002
2.792000 3.000074e+002
2.794000 3.000072e+002
2.796000 3.000071e+002
2.798000 3.000069e+002
2.800000 3.000068e+002
2.802000 3.000066e+002
2.804000 3.000065e+002
2.806000 3.000063e+002
2.808000 3.000062e+002
2.810000 3.000060e+002
2.812000 3.000059e+002
2.814000 3.000058e+002
2.816000 3.000056e+002
2.818000 3.000055e+002
2.820000 3.000054e+002
2.822000 3.000053e+002
2.824000 3.000052e+002
2.826000 3.000050e+002
2.828000 3.000049e+002
2.830000 3.000048e+002
2.832000 3.000047e+002
2.834000 3.000046e+002
2.836000 3.000045e+002
2.838000 3.000044e+002
2.840000 3.000043e+002
2.842000 3.000042e+002
2.844000 3.000041e+002
2.846000 3.000040e+002
2.848000 3.000039e+002
2.850000 3.000038e+002
2.852000 3.000037e+002
2.854000 3.000037e+002
2.856000 3.000036e+002
2.858000 3.000035e+002
2.860000 3.000034e+002
2.862000 3.000033e+002
2.864000 3.000033e+002
2.866000 3.000032e+002
2.868000 3.000031e+002
2.870000 3.000030e+002
2.872000 3.000030e+002
2.874000 3.000029e+002
2.876000 3.000028e+002
2.878000 3.000028e+002
2.880000 3.000027e+002
2.882000 3.000026e+002
2.884000 3.000026e+002
2.886000 3.000025e+002
2.888000 3.000025e+002
2.890000 3.000024e+002
2.892000 3.000024e+002
2.894000 3.000023e+002
2.896000 3.000022e+002
2.898000 3.000022e+002
2.900000 3.000021e+002
2.902000 3.000021e+002
2.904000 3.000020e+002
2.906000 3.000020e+002
2.908000 3.000019e+002
2.910000 3.000019e+002
2.912000 3.000019e+002
2.914000 3.000018e+002
2.916000 3.000018e+002
2.918000 3.000017e+002
2.920000 3.000017e+002
2.922000 3.000016e+002
2.924000 3.000016e+002
2.926000 3.000016e+002
2.928000 3.000015e+002
2.930000 3.000015e+002
2.932000 3.000015e+002
2.934000 3.000014e+002
2.936000 3.000014e+002
2.938000 3.000014e+002
2.940000 3.000013e+002
2.942000 3.000013e+002
2.944000 3.000013e+002
2.946000 3.000012e+002
2.948000 3.000012e+002
2.950000 3.000012e+002
2.952000 3.000012e+002
2.954000 3.000011e+002
2.956000 3.000011e+002
2.958000 3.000011e+002
2.960000 3.000010e+002
2.962000 3.000010e+002
2.964000 3.000010e+002
2.966000 3.000010e+002
2.968000 3.000009e+002
2.970000 3.000009e+002
2.972000 3.000009e+002
2.974000 3.000009e+002
2.976000 3.000009e+002
2.978000 3.000008e+002
2.980000 3.000008e+002
2.982000 3.000008e+002
2.984000 3.000008e+002
2.986000 3.000008e+002
2.988000 3.000007e+002
2.990000 3.000007e+002
2.992000 3.000007e+002
2.994000 3.000007e+002
2.996000 3.000007e+002
2.998000 3.000007e+002
3.000000 3.000006e+002
3.002000 3.000006e+002
3.004000 3.000006e+002
3.006000 3.000006e+002
3.008000 3.000006e+002
3.010000 3.000006e+002
3.012000 3.000006e+002
3.014000 3.000005e+002
3.016000 3.000005e+002
3.018000 3.000005e+002
3.020000 3.000005e+002
3.022000 3.000005e+002
3.024000 3.000005e+002
3.026000 3.000005e+002
3.028000 3.000005e+002
3.030000 3.000004e+002
3.032000 3.000004e+002
3.034000 3.000004e+002
3.036000 3.000004e+002
3.038000 3.000004e+002
3.040000 3.000004e+002
3.042000 3.000004e+002
3.044000 3.000004e+002
3.046000 3.000004e+002
3.048000 3.000004e+002
3.050000 3.000003e+002
3.052000 3.000003e+002
3.054000 3.000003e+002
3.056000 3.000003e+002
3.058000 3.000003e+002
3.060000 3.000003e+002
3.062000 3.000003e+002
3.064000 3.000003e+002
3.066000 3.000003e+002
3.068000 3.000003e+002
3.070000 3.000003e+002
3.072000 3.000003e+002
3.074000 3.000003e+002
3.076000 3.000002e+002
3.078000 3.000002e+002
3.080000 3.000002e+002
3.082000 3.000002e+002
3.084000 3.000002e+002
3.086000 3.000002e+002
3.088000 3.000002e+002
3.090000 3.000002e+002
3.092000 3.000002e+002
3.094000 3.000002e+002
3.096000 3.000002e+002
3.098000 3.000002e+002
3.100000 3.000002e+002
3.102000 3.000002e+002
3.104000 3.000002e+002
3.106000 3.000002e+002
3.108000 3.000002e+002
3.110000 3.000002e+002
3.112000 3.000002e+002
3.114000 3.000002e+002
3.116000 3.000001e+002
3.118000 3.000001e+002
3.120000 3.000001e+002
3.122000 3.000001e+002
3.124000 3.000001e+002
3.126000 3.000001e+002
3.128000 3.000001e+002
3.130000 3.000001e+002
3.132000 3.000001e+002
3.134000 3.000001e+002
3.136000 3.000001e+002
3.138000 3.000001e+002
3.140000 3.000001e+002
3.142000 3.000001e+002
3.144000 3.000001e+002
3.146000 3.000001e+002
3.148000 3.000001e+002
3.150000 3.000001e+002
3.152000 3.000001e+002
3.154000 3.000001e+002
3.156000 3.000001e+002
3.158000 3.000001e+002
3.160000 3.000001e+002
3.162000 3.000001e+002
3.164000 3.000001e+002
3.166000 3.000001e+002
3.168000 3.000001e+002
3.170000 3.000001e+002
3.172000 3.000001e+002
3.174000 3.000001e+002
3.176000 3.000001e+002
3.178000 3.000001e+002
3.180000 3.000001e+002
3.182000 3.000001e+002
3.184000 3.000001e+002
3.186000 3.000001e+002
3.188000 3.000001e+002
3.190000 3.000001e+002
3.192000 3.000001e+002
3.194000 3.000001e+002
3.196000 3.000001e+002
3.198000 3.000000e+002
3.200000 3.000000e+002
3.202000 3.000000e+002
3.204000 3.000000e+002
3.206000 3.000000e+002
3.208000 3.000000e+002
3.210000 3.000000e+002
3.212000 3.000000e+002
3.214000 3.000000e+002
3.216000 3.000000e+002
3.218000 3.000000e+002
3.220000 3.000000e+002
3.222000 3.000000e+002
3.224000 3.000000e+002
3.226000 3.000000e+002
3.228000 3.000000e+002
3.230000 3.000000e+002
3.232000 3.000000e+002
3.234000 3.000000e+002
3.236000 3.000000e+002
3.238000 3.000000e+002
3.240000 3.000000e+002
3.242000 3.000000e+002
3.244000 3.000000e+002
3.246000 3.000000e+002
3.248000 3.000000e+002
3.250000 3.000000e+002
3.252000 3.000000e+002
3.254000 3.000000e+002
3.256000 3.000000e+002
3.258000 3.000000e+002
3.260000 3.000000e+002
3.262000 3.000000e+002
3.264000 3.000000e+002
3.266000 3.000000e+002
3.268000 3.000000e+002
3.270000 3.000000e+002
3.272000 3.000000e+002
3.274000 3.000000e+002
3.276000 3.000000e+002
3.278000 3.000000e+002
3.280000 3.000000e+002
3.282000 3.000000e+002
3.284000 3.000000e+002
3.286000 3.000000e+002
3.288000 3.000000e+002
3.290000 3.000000e+002
3.292000 3.000000e+002
3.294000 3.000000e+002
3.296000 3.000000e+002
3.298000 3.000000e+002
3.300000 3.000000e+002
3.302000 3.000000e+002
3.304000 3.000000e+002
3.306000 3.000000e+002
3.308000 3.000000e+002
3.310000 3.000000e+002
3.312000 3.000000e+002
3.314000 3.000000e+002
3.316000 3.000000e+002
3.318000 3.000000e+002
3.320000 3.000000e+002
3.322000 3.000000e+002
3.324000 3.000000e+002
3.326000 3.000000e+002
3.328000 3.000000e+002
3.330000 3.000000e+002
3.332000 3.000000e+002
3.334000 3.000000e+002
3.336000 3.000000e+002
3.338000 3.000000e+002
3.340000 3.000000e+002
3.342000 3.000000e+002
3.344000 3.000000e+002
3.346000 3.000000e+002
3.348000 3.000000e+002
3.350000 3.000000e+002
3.352000 3.000000e+002
3.354000 3.000000e+002
3.356000 3.000000e+002
3.358000 3.000000e+002
3.360000 3.000000e+002
3.362000 3.000000e+002
3.364000 3.000000e+002
3.366000 3.000000e+002
3.368000 3.000000e+002
3.370000 3.000000e+002
3.372000 3.000000e+002
3.374000 3.000000e+002
3.376000 3.000000e+002
3.378000 3.000000e+002
3.380000 3.000000e+002
3.382000 3.000000e+002
3.384000 3.000000e+002
3.386000 3.000000e+002
3.388000 3.000000e+002
3.390000 3.000000e+002
3.392000 3.000000e+002
3.394000 3.000000e+002
3.396000 3.000000e+002
3.398000 3.000000e+002
3.400000 3.000000e+002
3.402000 3.000000e+002
3.404000 3.000000e+002
3.406000 3.000000e+002
3.408000 3.000000e+002
3.410000 3.000000e+002
3.412000 3.000000e+002
3.414000 3.000000e+002
3.416000 3.000000e+002
3.418000 3.000000e+002
3.420000 3.000000e+002
3.422000 3.000000e+002
3.424000 3.000000e+002
3.426000 3.000000e+002
3.428000 3.000000e+002
3.430000 3.000000e+002
3.432000 3.000000e+002
3.434000 3.000000e+002
3.436000 3.000000e+002
3.438000 3.000000e+002
3.440000 3.000000e+002
3.442000 3.000000e+002
3.444000 3.000000e+002
3.446000 3.000000e+002
3.448000 3.000000e+002
3.450000 3.000000e+002
3.452000 3.000000e+002
3.454000 3.000000e+002
3.456000 3.000000e+002
3.458000 3.000000e+002
3.460000 3.000000e+002
3.462000 3.000000e+002
3.464000 3.000000e+002
3.466000 3.000000e+002
3.468000 3.000000e+002
3.470000 3.000000e+002
3.472000 3.000000e+002
3.474000 3.000000e+002
3.476000 3.000000e+002
3.478000 3.000000e+002
3.480000 3.000000e+002
3.482000 3.000000e+002
3.484000 3.000000e+002
3.486000 3.000000e+002
3.488000 3.000000e+002
3.490000 3.000000e+002
3.492000 3.000000e+002
3.494000 3.000000e+002
3.496000 3.000000e+002
3.498000 3.000000e+002
3.500000 3.000000e+002
3.502000 3.000000e+002
3.504000 3.000000e+002
3.506000 3.000000e+002
3.508000 3.000000e+002
3.510000 3.000000e+002
3.512000 3.000000e+002
3.514000 3.000000e+002
3.516000 3.000000e+002
3.518000 3.000000e+002
3.520000 3.000000e+002
3.522000 3.000000e+002
3.524000 3.000000e+002
3.526000 3.000000e+002
3.528000 3.000000e+002
3.530000 3.000000e+002
3.532000 3.000000e+002
3.534000 3.000000e+002
3.536000 3.000000e+002
3.538000 3.000000e+002
3.540000 3.000000e+002
3.542000 3.000000e+002
3.544000 3.000000e+002
3.546000 3.000000e+002
3.548000 3.000000e+002
3.550000 3.000000e+002
3.552000 3.000000e+002
3.554000 3.000000e+002
3.556000 3.000000e+002
3.558000 3.000000e+002
3.560000 3.000000e+002
3.562000 3.000000e+002
3.564000 3.000000e+002
3.566000 3.000000e+002
3.568000 3.000000e+002
3.570000 3.000000e+002
3.572000 3.000000e+002
3.574000 3.000000e+002
3.576000 3.000000e+002
3.578000 3.000000e+002
3.580000 3.000000e+002
3.582000 3.000000e+002
3.584000 3.000000e+002
3.586000 3.000000e+002
3.588000 3.000000e+002
3.590000 3.000000e+002
3.592000 3.000000e+002
3.594000 3.000000e+002
3.596000 3.000000e+002
3.598000 3.000000e+002
3.600000 3.000000e+002
3.602000 3.000000e+002
3.604000 3.000000e+002
3.606000 3.000000e+002
3.608000 3.000000e+002
3.610000 3.000000e+002
3.612000 3.000000e+002
3.614000 3.000000e+002
3.616000 3.000000e+002
3.618000 3.000000e+002
3.620000 3.000000e+002
3.622000 3.000000e+002
3.624000 3.000000e+002
3.626000 3.000000e+002
3.628000 3.000000e+002
3.630000 3.000000e+002
3.632000 3.000000e+002
3.634000 3.000000e+002
3.636000 3.000000e+002
3.638000 3.000000e+002
3.640000 3.000000e+002
3.642000 3.000000e+002
3.644000 3.000000e+002
3.646000 3.000000e+002
3.648000 3.000000e+002
3.650000 3.000000e+002
3.652000 3.000000e+002
3.654000 3.000000e+002
3.656000 3.000000e+002
3.658000 3.000000e+002
3.660000 3.000000e+002
3.662000 3.000000e+002
3.664000 3.000000e+002
3.666000 3.000000e+002
3.668000 3.000000e+002
3.670000 3.000000e+002
3.672000 3.000000e+002
3.674000 3.000000e+002
3.676000 3.000000e+002
3.678000 3.000000e+002
3.680000 3.000000e+002
3.682000 3.000000e+002
3.684000 3.000000e+002
3.686000 3.000000e+002
3.688000 3.000000e+002
3.690000 3.000000e+002
3.692000 3.000000e+002
3.694000 3.000000e+002
3.696000 3.000000e+002
3.698000 3.000000e+002
3.700000 3.000000e+002
3.702000 3.000000e+002
3.704000 3.000000e+002
3.706000 3.000000e+002
3.708000 3.000000e+002
3.710000 3.000000e+002
3.712000 3.000000e+002
3.714000 3.000000e+002
3.716000 3.000000e+002
3.718000 3.000000e+002
3.720000 3.000000e+002
3.722000 3.000000e+002
3.724000 3.000000e+002
3.726000 3.000000e+002
3.728000 3.000000e+002
3.730000 3.000000e+002
3.732000 3.000000e+002
3.734000 3.000000e+002
3.736000 3.000000e+002
3.738000 3.000000e+002
3.740000 3.000000e+002
3.742000 3.000000e+002
3.744000 3.000000e+002
3.746000 3.000000e+002
3.748000 3.000000e+002
3.750000 3.000000e+002
3.752000 3.000000e+002
3.754000 3.000000e+002
3.756000 3.000000e+002
3.758000 3.000000e+002
3.760000 3.000000e+002
3.762000 3.000000e+002
3.764000 3.000000e+002
3.766000 3.000000e+002
3.768000 3.000000e+002
3.770000 3.000000e+002
3.772000 3.000000e+002
3.774000 3.000000e+002
3.776000 3.000000e+002
3.778000 3.000000e+002
3.780000 3.000000e+002
3.782000 3.000000e+002
3.784000 3.000000e+002
3.786000 3.000000e+002
3.788000 3.000000e+002
3.790000 3.000000e+002
3.792000 3.000000e+002
3.794000 3.000000e+002
3.796000 3.000000e+002
3.798000 3.000000e+002
3.800000 3.000000e+002
3.802000 3.000000e+002
3.804000 3.000000e+002
3.806000 3.000000e+002
3.808000 3.000000e+002
3.810000 3.000000e+002
3.812000 3.000000e+002
3.814000 3.000000e+002
3.816000 3.000000e+002
3.818000 3.000000e+002
3.820000 3.000000e+002
3.822000 3.000000e+002
3.824000 3.000000e+002
3.826000 3.000000e+002
3.828000 3.000000e+002
3.830000 3.000000e+002
3.832000 3.000000e+002
3.834000 3.000000e+002
3.836000 3.000000e+002
3.838000 3.000000e+002
3.840000 3.000000e+002
3.842000 3.000000e+002
3.844000 3.000000e+002
3.846000 3.000000e+002
3.848000 3.000000e+002
3.850000 3.000000e+002
3.852000 3.000000e+002
3.854000 3.000000e+002
3.856000 3.000000e+002
3.858000 3.000000e+002
3.860000 3.000000e+002
3.862000 3.000000e+002
3.864000 3.000000e+002
3.866000 3.000000e+002
3.868000 3.000000e+002
3.870000 3.000000e+002
3.872000 3.000000e+002
3.874000 3.000000e+002
3.876000 3.000000e+002
3.878000 3.000000e+002
3.880000 3.000000e+002
3.882000 3.000000e+002
3.884000 3.000000e+002
3.886000 3.000000e+002
3.888000 3.000000e+002
3.890000 3.000000e+002
3.892000 3.000000e+002
3.894000 3.000000e+002
3.896000 3.000000e+002
3.898000 3.000000e+002
3.900000 3.000000e+002
3.902000 3.000000e+002
3.904000 3.000000e+002
3.906000 3.000000e+002
3.908000 3.000000e+002
3.910000 3.000000e+002
3.912000 3.000000e+002
3.914000 3.000000e+002
3.916000 3.000000e+002
3.918000 3.000000e+002
3.920000 3.000000e+002
3.922000 3.000000e+002
3.924000 3.000000e+002
3.926000 3.000000e+002
3.928000 3.000000e+002
3.930000 3.000000e+002
3.932000 3.000000e+002
3.934000 3.000000e+002
3.936000 3.000000e+002
3.938000 3.000000e+002
3.940000 3.000000e+002
3.942000 3.000000e+002
3.944000 3.000000e+002
3.946000 3.000000e+002
3.948000 3.000000e+002
3.950000 3.000000e+002
3.952000 3.000000e+002
3.954000 3.000000e+002
3.956000 3.000000e+002
3.958000 3.000000e+002
3.960000 3.000000e+002
3.962000 3.000000e+002
3.964000 3.000000e+002
3.966000 3.000000e+002
3.968000 3.000000e+002
3.970000 3.000000e+002
3.972000 3.000000e+002
3.974000 3.000000e+002
3.976000 3.000000e+002
3.978000 3.000000e+002
3.980000 3.000000e+002
3.982000 3.000000e+002
3.984000 3.000000e+002
3.986000 3.000000e+002
3.988000 3.000000e+002
3.990000 3.000000e+002
3.992000 3.000000e+002
3.994000 3.000000e+002
3.996000 3.000000e+002
3.998000 3.000000e+002
