0.000000 3.342798e+002
0.002000 3.380760e+002
0.004000 3.418711e+002
0.006000 3.456650e+002
0.008000 3.494577e+002
0.010000 3.532491e+002
0.012000 3.570390e+002
0.014000 3.608273e+002
0.016000 3.646140e+002
0.018000 3.683988e+002
0.020000 3.721819e+002
0.022000 3.759629e+002
0.024000 3.797419e+002
0.026000 3.835186e+002
0.028000 3.872931e+002
0.030000 3.910652e+002
0.032000 3.948348e+002
0.034000 3.986018e+002
0.036000 4.023660e+002
0.038000 4.061275e+002
0.040000 4.098861e+002
0.042000 4.136416e+002
0.044000 4.173940e+002
0.046000 4.211432e+002
0.048000 4.248890e+002
0.050000 4.286315e+002
0.052000 4.323704e+002
0.054000 4.361057e+002
0.056000 4.398372e+002
0.058000 4.435649e+002
0.060000 4.472886e+002
0.062000 4.510083e+002
0.064000 4.547239e+002
0.066000 4.584352e+002
0.068000 4.621422e+002
0.070000 4.658448e+002
0.072000 4.695427e+002
0.074000 4.732361e+002
0.076000 4.769247e+002
0.078000 4.806084e+002
0.080000 4.842872e+002
0.082000 4.879610e+002
0.084000 4.916296e+002
0.086000 4.952929e+002
0.088000 4.989509e+002
0.090000 5.026035e+002
0.092000 5.062505e+002
0.094000 5.098919e+002
0.096000 5.135275e+002
0.098000 5.171573e+002
0.100000 5.207812e+002
0.102000 5.243990e+002
0.104000 5.280108e+002
0.106000 5.316162e+002
0.108000 5.352154e+002
0.110000 5.388082e+002
0.112000 5.423944e+002
0.114000 5.459740e+002
0.116000 5.495469e+002
0.118000 5.531130e+002
0.120000 5.566723e+002
0.122000 5.602245e+002
0.124000 5.637697e+002
0.126000 5.673076e+002
0.128000 5.708384e+002
0.130000 5.743617e+002
0.132000 5.778776e+002
0.134000 5.813859e+002
0.136000 5.848866e+002
0.138000 5.883796e+002
0.140000 5.918648e+002
0.142000 5.953420e+002
0.144000 5.988112e+002
0.146000 6.022723e+002
0.148000 6.057253e+002
0.150000 6.091700e+002
0.152000 6.126063e+002
0.154000 6.160341e+002
0.156000 6.194534e+002
0.158000 6.228641e+002
0.160000 6.262661e+002
0.162000 6.296592e+002
0.164000 6.330435e+002
0.166000 6.364188e+002
0.168000 6.397850e+002
0.170000 6.431421e+002
0.172000 6.464899e+002
0.174000 6.498284e+002
0.176000 6.531575e+002
0.178000 6.564772e+002
0.180000 6.597872e+002
0.182000 6.630876e+002
0.184000 6.663782e+002
0.186000 6.696590e+002
0.188000 6.729299e+002
0.190000 6.761909e+002
0.192000 6.794417e+002
0.194000 6.826824e+002
0.196000 6.859129e+002
0.198000 6.891331e+002
0.200000 6.923429e+002
0.202000 6.955422e+002
0.204000 6.987309e+002
0.206000 7.019091e+002
0.208000 7.050765e+002
0.210000 7.082331e+002
0.212000 7.113789e+002
0.214000 7.145138e+002
0.216000 7.176377e+002
0.218000 7.207504e+002
0.220000 7.238520e+002
0.222000 7.269424e+002
0.224000 7.300215e+002
0.226000 7.330892e+002
0.228000 7.361454e+002
0.230000 7.391901e+002
0.232000 7.422232e+002
0.234000 7.452447e+002
0.236000 7.482544e+002
0.238000 7.512522e+002
0.240000 7.542382e+002
0.242000 7.572123e+002
0.244000 7.601743e+002
0.246000 7.631243e+002
0.248000 7.660621e+002
0.250000 7.689876e+002
0.252000 7.719009e+002
0.254000 7.748018e+002
0.256000 7.776903e+002
0.258000 7.805663e+002
0.260000 7.834297e+002
0.262000 7.862806e+002
0.264000 7.891187e+002
0.266000 7.919441e+002
0.268000 7.947567e+002
0.270000 7.975564e+002
0.272000 8.003432e+002
0.274000 8.031170e+002
0.276000 8.058778e+002
0.278000 8.086254e+002
0.280000 8.113599e+002
0.282000 8.140811e+002
0.284000 8.167890e+002
0.286000 8.194836e+002
0.288000 8.221648e+002
0.290000 8.248325e+002
0.292000 8.274867e+002
0.294000 8.301274e+002
0.296000 8.327544e+002
0.298000 8.353677e+002
0.300000 8.379673e+002
0.302000 8.405531e+002
0.304000 8.431250e+002
0.306000 8.456831e+002
0.308000 8.482272e+002
0.310000 8.507573e+002
0.312000 8.532733e+002
0.314000 8.557753e+002
0.316000 8.582631e+002
0.318000 8.607367e+002
0.320000 8.631961e+002
0.322000 8.656411e+002
0.324000 8.680719e+002
0.326000 8.704882e+002
0.328000 8.728901e+002
0.330000 8.752775e+002
0.332000 8.776504e+002
0.334000 8.800088e+002
0.336000 8.823525e+002
0.338000 8.846816e+002
0.340000 8.869960e+002
0.342000 8.892956e+002
0.344000 8.915805e+002
0.346000 8.938505e+002
0.348000 8.961057e+002
0.350000 8.983460e+002
0.352000 9.005713e+002
0.354000 9.027817e+002
0.356000 9.049770e+002
0.358000 9.071573e+002
0.360000 9.093225e+002
0.362000 9.114726e+002
0.364000 9.136076e+002
0.366000 9.157273e+002
0.368000 9.178318e+002
0.370000 9.199210e+002
0.372000 9.219950e+002
0.374000 9.240536e+002
0.376000 9.260969e+002
0.378000 9.281247e+002
0.380000 9.301372e+002
0.382000 9.321342e+002
0.384000 9.341157e+002
0.386000 9.360817e+002
0.388000 9.380322e+002
0.390000 9.399671e+002
0.392000 9.418864e+002
0.394000 9.437901e+002
0.396000 9.456782e+002
0.398000 9.475505e+002
0.400000 9.494072e+002
0.402000 9.512482e+002
0.404000 9.530735e+002
0.406000 9.548829e+002
0.408000 9.566766e+002
0.410000 9.584545e+002
0.412000 9.602165e+002
0.414000 9.619627e+002
0.416000 9.636931e+002
0.418000 9.654075e+002
0.420000 9.671061e+002
0.422000 9.687887e+002
0.424000 9.704553e+002
0.426000 9.721061e+002
0.428000 9.737408e+002
0.430000 9.753596e+002
0.432000 9.769623e+002
0.434000 9.785490e+002
0.436000 9.801197e+002
0.438000 9.816744e+002
0.440000 9.832129e+002
0.442000 9.847355e+002
0.444000 9.862419e+002
0.446000 9.877322e+002
0.448000 9.892065e+002
0.450000 9.906646e+002
0.452000 9.921066e+002
0.454000 9.935325e+002
0.456000 9.949422e+002
0.458000 9.963358e+002
0.460000 9.977132e+002
0.462000 9.990745e+002
0.464000 1.000420e+003
0.466000 1.001749e+003
0.468000 1.003061e+003
0.470000 1.004358e+003
0.472000 1.005638e+003
0.474000 1.006902e+003
0.476000 1.008151e+003
0.478000 1.009382e+003
0.480000 1.010598e+003
0.482000 1.011798e+003
0.484000 1.012981e+003
0.486000 1.014148e+003
0.488000 1.015299e+003
0.490000 1.016434e+003
0.492000 1.017552e+003
0.494000 1.018654e+003
0.496000 1.019741e+003
0.498000 1.020811e+003
0.500000 1.021864e+003
0.502000 1.022902e+003
0.504000 1.023924e+003
0.506000 1.024929e+003
0.508000 1.025918e+003
0.510000 1.026891e+003
0.512000 1.027848e+003
0.514000 1.028789e+003
0.516000 1.029714e+003
0.518000 1.030623e+003
0.520000 1.031515e+003
0.522000 1.032392e+003
0.524000 1.033252e+003
0.526000 1.034097e+003
0.528000 1.034925e+003
0.530000 1.035737e+003
0.532000 1.036534e+003
0.534000 1.037314e+003
0.536000 1.038078e+003
0.538000 1.038827e+003
0.540000 1.039559e+003
0.542000 1.040275e+003
0.544000 1.040976e+003
0.546000 1.041660e+003
0.548000 1.042329e+003
0.550000 1.042982e+003
0.552000 1.043619e+003
0.554000 1.044240e+003
0.556000 1.044846e+003
0.558000 1.045435e+003
0.560000 1.046009e+003
0.562000 1.046567e+003
0.564000 1.047109e+003
0.566000 1.047636e+003
0.568000 1.048147e+003
0.570000 1.048642e+003
0.572000 1.049122e+003
0.574000 1.049586e+003
0.576000 1.050035e+003
0.578000 1.050468e+003
0.580000 1.050885e+003
0.582000 1.051287e+003
0.584000 1.051673e+003
0.586000 1.052044e+003
0.588000 1.052400e+003
0.590000 1.052740e+003
0.592000 1.053065e+003
0.594000 1.053374e+003
0.596000 1.053668e+003
0.598000 1.053947e+003
0.600000 1.054211e+003
0.602000 1.054459e+003
0.604000 1.054692e+003
0.606000 1.054910e+003
0.608000 1.055113e+003
0.610000 1.055301e+003
0.612000 1.055474e+003
0.614000 1.055632e+003
0.616000 1.055775e+003
0.618000 1.055902e+003
0.620000 1.056015e+003
0.622000 1.056113e+003
0.624000 1.056197e+003
0.626000 1.056265e+003
0.628000 1.056319e+003
0.630000 1.056358e+003
0.632000 1.056382e+003
0.634000 1.056391e+003
0.636000 1.056386e+003
0.638000 1.056367e+003
0.640000 1.056333e+003
0.642000 1.056284e+003
0.644000 1.056221e+003
0.646000 1.056143e+003
0.648000 1.056051e+003
0.650000 1.055945e+003
0.652000 1.055825e+003
0.654000 1.055690e+003
0.656000 1.055541e+003
0.658000 1.055378e+003
0.660000 1.055201e+003
0.662000 1.055009e+003
0.664000 1.054804e+003
0.666000 1.054585e+003
0.668000 1.054351e+003
0.670000 1.054104e+003
0.672000 1.053843e+003
0.674000 1.053568e+003
0.676000 1.053280e+003
0.678000 1.052978e+003
0.680000 1.052662e+003
0.682000 1.052332e+003
0.684000 1.051989e+003
0.686000 1.051632e+003
0.688000 1.051262e+003
0.690000 1.050879e+003
0.692000 1.050482e+003
0.694000 1.050072e+003
0.696000 1.049648e+003
0.698000 1.049211e+003
0.700000 1.048762e+003
0.702000 1.048299e+003
0.704000 1.047823e+003
0.706000 1.047334e+003
0.708000 1.046832e+003
0.710000 1.046317e+003
0.712000 1.045789e+003
0.714000 1.045248e+003
0.716000 1.044695e+003
0.718000 1.044129e+003
0.720000 1.043550e+003
0.722000 1.042959e+003
0.724000 1.042355e+003
0.726000 1.041739e+003
0.728000 1.041110e+003
0.730000 1.040469e+003
0.732000 1.039816e+003
0.734000 1.039150e+003
0.736000 1.038473e+003
0.738000 1.037783e+003
0.740000 1.037081e+003
0.742000 1.036367e+003
0.744000 1.035641e+003
0.746000 1.034903e+003
0.748000 1.034153e+003
0.750000 1.033391e+003
0.752000 1.032618e+003
0.754000 1.031833e+003
0.756000 1.031037e+003
0.758000 1.030229e+003
0.760000 1.029409e+003
0.762000 1.028578e+003
0.764000 1.027735e+003
0.766000 1.026882e+003
0.768000 1.026016e+003
0.770000 1.025140e+003
0.772000 1.024253e+003
0.774000 1.023354e+003
0.776000 1.022445e+003
0.778000 1.021525e+003
0.780000 1.020593e+003
0.782000 1.019651e+003
0.784000 1.018698e+003
0.786000 1.017735e+003
0.788000 1.016760e+003
0.790000 1.015776e+003
0.792000 1.014780e+003
0.794000 1.013774e+003
0.796000 1.012758e+003
0.798000 1.011732e+003
0.800000 1.010695e+003
0.802000 1.009648e+003
0.804000 1.008591e+003
0.806000 1.007524e+003
0.808000 1.006447e+003
0.810000 1.005360e+003
0.812000 1.004263e+003
0.814000 1.003156e+003
0.816000 1.002039e+003
0.818000 1.000913e+003
0.820000 9.997772e+002
0.822000 9.986319e+002
0.824000 9.974770e+002
0.826000 9.963127e+002
0.828000 9.951391e+002
0.830000 9.939562e+002
0.832000 9.927641e+002
0.834000 9.915628e+002
0.836000 9.903524e+002
0.838000 9.891331e+002
0.840000 9.879047e+002
0.842000 9.866675e+002
0.844000 9.854215e+002
0.846000 9.841667e+002
0.848000 9.829032e+002
0.850000 9.816311e+002
0.852000 9.803504e+002
0.854000 9.790613e+002
0.856000 9.777638e+002
0.858000 9.764579e+002
0.860000 9.751437e+002
0.862000 9.738213e+002
0.864000 9.724908e+002
0.866000 9.711522e+002
0.868000 9.698056e+002
0.870000 9.684511e+002
0.872000 9.670887e+002
0.874000 9.657184e+002
0.876000 9.643405e+002
0.878000 9.629549e+002
0.880000 9.615616e+002
0.882000 9.601609e+002
0.884000 9.587527e+002
0.886000 9.573371e+002
0.888000 9.559142e+002
0.890000 9.544840e+002
0.892000 9.530466e+002
0.894000 9.516021e+002
0.896000 9.501506e+002
0.898000 9.486921e+002
0.900000 9.472266e+002
0.902000 9.457544e+002
0.904000 9.442753e+002
0.906000 9.427896e+002
0.908000 9.412972e+002
0.910000 9.397982e+002
0.912000 9.382928e+002
0.914000 9.367809e+002
0.916000 9.352627e+002
0.918000 9.337381e+002
0.920000 9.322074e+002
0.922000 9.306705e+002
0.924000 9.291275e+002
0.926000 9.275784e+002
0.928000 9.260235e+002
0.930000 9.244626e+002
0.932000 9.228960e+002
0.934000 9.213236e+002
0.936000 9.197455e+002
0.938000 9.181619e+002
0.940000 9.165726e+002
0.942000 9.149780e+002
0.944000 9.133779e+002
0.946000 9.117725e+002
0.948000 9.101618e+002
0.950000 9.085460e+002
0.952000 9.069250e+002
0.954000 9.052989e+002
0.956000 9.036679e+002
0.958000 9.020320e+002
0.960000 9.003912e+002
0.962000 8.987456e+002
0.964000 8.970953e+002
0.966000 8.954403e+002
0.968000 8.937808e+002
0.970000 8.921168e+002
0.972000 8.904483e+002
0.974000 8.887754e+002
0.976000 8.870982e+002
0.978000 8.854168e+002
0.980000 8.837312e+002
0.982000 8.820415e+002
0.984000 8.803478e+002
0.986000 8.786501e+002
0.988000 8.769484e+002
0.990000 8.752430e+002
0.992000 8.735337e+002
0.994000 8.718208e+002
0.996000 8.701042e+002
0.998000 8.683840e+002
1.000000 8.666604e+002
1.002000 8.649333e+002
1.004000 8.632028e+002
1.006000 8.614690e+002
1.008000 8.597319e+002
1.010000 8.579917e+002
1.012000 8.562484e+002
1.014000 8.545020e+002
1.016000 8.527527e+002
1.018000 8.510004e+002
1.020000 8.492452e+002
1.022000 8.474873e+002
1.024000 8.457267e+002
1.026000 8.439634e+002
1.028000 8.421975e+002
1.030000 8.404290e+002
1.032000 8.386581e+002
1.034000 8.368848e+002
1.036000 8.351092e+002
1.038000 8.333313e+002
1.040000 8.315512e+002
1.042000 8.297689e+002
1.044000 8.279845e+002
1.046000 8.261981e+002
1.048000 8.244098e+002
1.050000 8.226195e+002
1.052000 8.208275e+002
1.054000 8.190336e+002
1.056000 8.172380e+002
1.058000 8.154408e+002
1.060000 8.136420e+002
1.062000 8.118417e+002
1.064000 8.100399e+002
1.066000 8.082366e+002
1.068000 8.064321e+002
1.070000 8.046262e+002
1.072000 8.028192e+002
1.074000 8.010110e+002
1.076000 7.992016e+002
1.078000 7.973912e+002
1.080000 7.955799e+002
1.082000 7.937676e+002
1.084000 7.919544e+002
1.086000 7.901405e+002
1.088000 7.883258e+002
1.090000 7.865104e+002
1.092000 7.846943e+002
1.094000 7.828777e+002
1.096000 7.810606e+002
1.098000 7.792430e+002
1.100000 7.774250e+002
1.102000 7.756067e+002
1.104000 7.737880e+002
1.106000 7.719692e+002
1.108000 7.701501e+002
1.110000 7.683310e+002
1.112000 7.665118e+002
1.114000 7.646926e+002
1.116000 7.628734e+002
1.118000 7.610543e+002
1.120000 7.592354e+002
1.122000 7.574167e+002
1.124000 7.555982e+002
1.126000 7.537801e+002
1.128000 7.519623e+002
1.130000 7.501450e+002
1.132000 7.483282e+002
1.134000 7.465119e+002
1.136000 7.446961e+002
1.138000 7.428811e+002
1.140000 7.410667e+002
1.142000 7.392530e+002
1.144000 7.374402e+002
1.146000 7.356282e+002
1.148000 7.338170e+002
1.150000 7.320069e+002
1.152000 7.301977e+002
1.154000 7.283896e+002
1.156000 7.265826e+002
1.158000 7.247767e+002
1.160000 7.229720e+002
1.162000 7.211686e+002
1.164000 7.193665e+002
1.166000 7.175657e+002
1.168000 7.157663e+002
1.170000 7.139684e+002
1.172000 7.121720e+002
1.174000 7.103770e+002
1.176000 7.085837e+002
1.178000 7.067920e+002
1.180000 7.050020e+002
1.182000 7.032137e+002
1.184000 7.014272e+002
1.186000 6.996425e+002
1.188000 6.978596e+002
1.190000 6.960787e+002
1.192000 6.942997e+002
1.194000 6.925227e+002
1.196000 6.907478e+002
1.198000 6.889749e+002
1.200000 6.872042e+002
1.202000 6.854356e+002
1.204000 6.836693e+002
1.206000 6.819052e+002
1.208000 6.801434e+002
1.210000 6.783840e+002
1.212000 6.766269e+002
1.214000 6.748723e+002
1.216000 6.731201e+002
1.218000 6.713705e+002
1.220000 6.696234e+002
1.222000 6.678789e+002
1.224000 6.661370e+002
1.226000 6.643978e+002
1.228000 6.626613e+002
1.230000 6.609275e+002
1.232000 6.591966e+002
1.234000 6.574684e+002
1.236000 6.557432e+002
1.238000 6.540208e+002
1.240000 6.523013e+002
1.242000 6.505849e+002
1.244000 6.488714e+002
1.246000 6.471611e+002
1.248000 6.454537e+002
1.250000 6.437496e+002
1.252000 6.420485e+002
1.254000 6.403507e+002
1.256000 6.386561e+002
1.258000 6.369648e+002
1.260000 6.352767e+002
1.262000 6.335920e+002
1.264000 6.319107e+002
1.266000 6.302327e+002
1.268000 6.285582e+002
1.270000 6.268872e+002
1.272000 6.252196e+002
1.274000 6.235556e+002
1.276000 6.218951e+002
1.278000 6.202383e+002
1.280000 6.185850e+002
1.282000 6.169355e+002
1.284000 6.152896e+002
1.286000 6.136474e+002
1.288000 6.120090e+002
1.290000 6.103743e+002
1.292000 6.087434e+002
1.294000 6.071164e+002
1.296000 6.054933e+002
1.298000 6.038740e+002
1.300000 6.022587e+002
1.302000 6.006473e+002
1.304000 5.990398e+002
1.306000 5.974364e+002
1.308000 5.958370e+002
1.310000 5.942417e+002
1.312000 5.926504e+002
1.314000 5.910633e+002
1.316000 5.894803e+002
1.318000 5.879014e+002
1.320000 5.863267e+002
1.322000 5.847563e+002
1.324000 5.831900e+002
1.326000 5.816280e+002
1.328000 5.800703e+002
1.330000 5.785169e+002
1.332000 5.769678e+002
1.334000 5.754231e+002
1.336000 5.738827e+002
1.338000 5.723468e+002
1.340000 5.708152e+002
1.342000 5.692881e+002
1.344000 5.677654e+002
1.346000 5.662472e+002
1.348000 5.647336e+002
1.350000 5.632244e+002
1.352000 5.617197e+002
1.354000 5.602197e+002
1.356000 5.587242e+002
1.358000 5.572333e+002
1.360000 5.557470e+002
1.362000 5.542653e+002
1.364000 5.527883e+002
1.366000 5.513159e+002
1.368000 5.498483e+002
1.370000 5.483853e+002
1.372000 5.469271e+002
1.374000 5.454736e+002
1.376000 5.440248e+002
1.378000 5.425809e+002
1.380000 5.411417e+002
1.382000 5.397073e+002
1.384000 5.382777e+002
1.386000 5.368529e+002
1.388000 5.354330e+002
1.390000 5.340179e+002
1.392000 5.326078e+002
1.394000 5.312025e+002
1.396000 5.298020e+002
1.398000 5.284065e+002
1.400000 5.270160e+002
1.402000 5.256303e+002
1.404000 5.242496e+002
1.406000 5.228739e+002
1.408000 5.215031e+002
1.410000 5.201374e+002
1.412000 5.187766e+002
1.414000 5.174208e+002
1.416000 5.160700e+002
1.418000 5.147243e+002
1.420000 5.133836e+002
1.422000 5.120479e+002
1.424000 5.107173e+002
1.426000 5.093917e+002
1.428000 5.080712e+002
1.430000 5.067558e+002
1.432000 5.054455e+002
1.434000 5.041402e+002
1.436000 5.028401e+002
1.438000 5.015451e+002
1.440000 5.002552e+002
1.442000 4.989704e+002
1.444000 4.976908e+002
1.446000 4.964162e+002
1.448000 4.951469e+002
1.450000 4.938826e+002
1.452000 4.926236e+002
1.454000 4.913696e+002
1.456000 4.901209e+002
1.458000 4.888773e+002
1.460000 4.876389e+002
1.462000 4.864056e+002
1.464000 4.851776e+002
1.466000 4.839547e+002
1.468000 4.827370e+002
1.470000 4.815245e+002
1.472000 4.803172e+002
1.474000 4.791151e+002
1.476000 4.779181e+002
1.478000 4.767264e+002
1.480000 4.755399e+002
1.482000 4.743586e+002
1.484000 4.731825e+002
1.486000 4.720116e+002
1.488000 4.708459e+002
1.490000 4.696854e+002
1.492000 4.685301e+002
1.494000 4.673801e+002
1.496000 4.662352e+002
1.498000 4.650955e+002
1.500000 4.639611e+002
1.502000 4.628319e+002
1.504000 4.617078e+002
1.506000 4.605890e+002
1.508000 4.594754e+002
1.510000 4.583669e+002
1.512000 4.572637e+002
1.514000 4.561657e+002
1.516000 4.550729e+002
1.518000 4.539852e+002
1.520000 4.529028e+002
1.522000 4.518255e+002
1.524000 4.507535e+002
1.526000 4.496866e+002
1.528000 4.486249e+002
1.530000 4.475683e+002
1.532000 4.465170e+002
1.534000 4.454708e+002
1.536000 4.444297e+002
1.538000 4.433938e+002
1.540000 4.423631e+002
1.542000 4.413375e+002
1.544000 4.403171e+002
1.546000 4.393018e+002
1.548000 4.382916e+002
1.550000 4.372866e+002
1.552000 4.362867e+002
1.554000 4.352919e+002
1.556000 4.343022e+002
1.558000 4.333176e+002
1.560000 4.323381e+002
1.562000 4.313637e+002
1.564000 4.303943e+002
1.566000 4.294301e+002
1.568000 4.284709e+002
1.570000 4.275167e+002
1.572000 4.265677e+002
1.574000 4.256236e+002
1.576000 4.246846e+002
1.578000 4.237507e+002
1.580000 4.228217e+002
1.582000 4.218978e+002
1.584000 4.209788e+002
1.586000 4.200649e+002
1.588000 4.191559e+002
1.590000 4.182519e+002
1.592000 4.173529e+002
1.594000 4.164588e+002
1.596000 4.155697e+002
1.598000 4.146855e+002
1.600000 4.138063e+002
1.602000 4.129319e+002
1.604000 4.120625e+002
1.606000 4.111980e+002
1.608000 4.103383e+002
1.610000 4.094836e+002
1.612000 4.086337e+002
1.614000 4.077886e+002
1.616000 4.069484e+002
1.618000 4.061130e+002
1.620000 4.052824e+002
1.622000 4.044567e+002
1.624000 4.036357e+002
1.626000 4.028196e+002
1.628000 4.020082e+002
1.630000 4.012015e+002
1.632000 4.003997e+002
1.634000 3.996025e+002
1.636000 3.988101e+002
1.638000 3.980224e+002
1.640000 3.972394e+002
1.642000 3.964610e+002
1.644000 3.956874e+002
1.646000 3.949184e+002
1.648000 3.941540e+002
1.650000 3.933943e+002
1.652000 3.926393e+002
1.654000 3.918888e+002
1.656000 3.911429e+002
1.658000 3.904016e+002
1.660000 3.896649e+002
1.662000 3.889327e+002
1.664000 3.882051e+002
1.666000 3.874819e+002
1.668000 3.867634e+002
1.670000 3.860493e+002
1.672000 3.853396e+002
1.674000 3.846345e+002
1.676000 3.839338e+002
1.678000 3.832376e+002
1.680000 3.825457e+002
1.682000 3.818583e+002
1.684000 3.811753e+002
1.686000 3.804967e+002
1.688000 3.798224e+002
1.690000 3.791525e+002
1.692000 3.784869e+002
1.694000 3.778257e+002
1.696000 3.771687e+002
1.698000 3.765160e+002
1.700000 3.758677e+002
1.702000 3.752235e+002
1.704000 3.745837e+002
1.706000 3.739480e+002
1.708000 3.733166e+002
1.710000 3.726893e+002
1.712000 3.720663e+002
1.714000 3.714474e+002
1.716000 3.708327e+002
1.718000 3.702221e+002
1.720000 3.696156e+002
1.722000 3.690132e+002
1.724000 3.684149e+002
1.726000 3.678207e+002
1.728000 3.672305e+002
1.730000 3.666444e+002
1.732000 3.660623e+002
1.734000 3.654842e+002
1.736000 3.649101e+002
1.738000 3.643399e+002
1.740000 3.637737e+002
1.742000 3.632115e+002
1.744000 3.626532e+002
1.746000 3.620988e+002
1.748000 3.615482e+002
1.750000 3.610016e+002
1.752000 3.604588e+002
1.754000 3.599198e+002
1.756000 3.593847e+002
1.758000 3.588533e+002
1.760000 3.583258e+002
1.762000 3.578020e+002
1.764000 3.572820e+002
1.766000 3.567657e+002
1.768000 3.562532e+002
1.770000 3.557443e+002
1.772000 3.552392e+002
1.774000 3.547377e+002
1.776000 3.542399e+002
1.778000 3.537457e+002
1.780000 3.532551e+002
1.782000 3.527681e+002
1.784000 3.522847e+002
1.786000 3.518049e+002
1.788000 3.513286e+002
1.790000 3.508559e+002
1.792000 3.503866e+002
1.794000 3.499209e+002
1.796000 3.494587e+002
1.798000 3.489999e+002
1.800000 3.485446e+002
1.802000 3.480927e+002
1.804000 3.476442e+002
1.806000 3.471991e+002
1.808000 3.467574e+002
1.810000 3.463191e+002
1.812000 3.458841e+002
1.814000 3.454524e+002
1.816000 3.450240e+002
1.818000 3.445989e+002
1.820000 3.441772e+002
1.822000 3.437586e+002
1.824000 3.433433e+002
1.826000 3.429313e+002
1.828000 3.425224e+002
1.830000 3.421167e+002
1.832000 3.417142e+002
1.834000 3.413149e+002
1.836000 3.409187e+002
1.838000 3.405256e+002
1.840000 3.401356e+002
1.842000 3.397487e+002
1.844000 3.393649e+002
1.846000 3.389842e+002
1.848000 3.386064e+002
1.850000 3.382317e+002
1.852000 3.378600e+002
1.854000 3.374913e+002
1.856000 3.371256e+002
1.858000 3.367628e+002
1.860000 3.364029e+002
1.862000 3.360460e+002
1.864000 3.356919e+002
1.866000 3.353408e+002
1.868000 3.349925e+002
1.870000 3.346470e+002
1.872000 3.343044e+002
1.874000 3.339646e+002
1.876000 3.336276e+002
1.878000 3.332934e+002
1.880000 3.329620e+002
1.882000 3.326333e+002
1.884000 3.323073e+002
1.886000 3.319841e+002
1.888000 3.316636e+002
1.890000 3.313457e+002
1.892000 3.310305e+002
1.894000 3.307180e+002
1.896000 3.304081e+002
1.898000 3.301008e+002
1.900000 3.297962e+002
1.902000 3.294941e+002
1.904000 3.291946e+002
1.906000 3.288976e+002
1.908000 3.286032e+002
1.910000 3.283113e+002
1.912000 3.280219e+002
1.914000 3.277350e+002
1.916000 3.274505e+002
1.918000 3.271686e+002
1.920000 3.268890e+002
1.922000 3.266119e+002
1.924000 3.263372e+002
1.926000 3.260649e+002
1.928000 3.257950e+002
1.930000 3.255275e+002
1.932000 3.252622e+002
1.934000 3.249994e+002
1.936000 3.247388e+002
1.938000 3.244805e+002
1.940000 3.242246e+002
1.942000 3.239709e+002
1.944000 3.237194e+002
1.946000 3.234702e+002
1.948000 3.232232e+002
1.950000 3.229784e+002
1.952000 3.227359e+002
1.954000 3.224955e+002
1.956000 3.222572e+002
1.958000 3.220211e+002
1.960000 3.217872e+002
1.962000 3.215554e+002
1.964000 3.213256e+002
1.966000 3.210980e+002
1.968000 3.208724e+002
1.970000 3.206489e+002
1.972000 3.204275e+002
1.974000 3.202080e+002
1.976000 3.199906e+002
1.978000 3.197752e+002
1.980000 3.195618e+002
1.982000 3.193503e+002
1.984000 3.191409e+002
1.986000 3.189333e+002
1.988000 3.187277e+002
1.990000 3.185240e+002
1.992000 3.183222e+002
1.994000 3.181223e+002
1.996000 3.179243e+002
1.998000 3.177281e+002
2.000000 3.175338e+002
2.002000 3.173414e+002
2.004000 3.171507e+002
2.006000 3.169618e+002
2.008000 3.167748e+002
2.010000 3.165895e+002
2.012000 3.164060e+002
2.014000 3.162242e+002
2.016000 3.160442e+002
2.018000 3.158659e+002
2.020000 3.156893e+002
2.022000 3.155144e+002
2.024000 3.153412e+002
2.026000 3.151697e+002
2.028000 3.149999e+002
2.030000 3.148317e+002
2.032000 3.146651e+002
2.034000 3.145001e+002
2.036000 3.143368e+002
2.038000 3.141750e+002
2.040000 3.140149e+002
2.042000 3.138563e+002
2.044000 3.136992e+002
2.046000 3.135438e+002
2.048000 3.133898e+002
2.050000 3.132374e+002
2.052000 3.130865e+002
2.054000 3.129371e+002
2.056000 3.127891e+002
2.058000 3.126427e+002
2.060000 3.124977e+002
2.062000 3.123541e+002
2.064000 3.122120e+002
2.066000 3.120714e+002
2.068000 3.119321e+002
2.070000 3.117942e+002
2.072000 3.116578e+002
2.074000 3.115227e+002
2.076000 3.113890e+002
2.078000 3.112566e+002
2.080000 3.111256e+002
2.082000 3.109959e+002
2.084000 3.108676e+002
2.086000 3.107406e+002
2.088000 3.106148e+002
2.090000 3.104904e+002
2.092000 3.103672e+002
2.094000 3.102453e+002
2.096000 3.101247e+002
2.098000 3.100053e+002
2.100000 3.098872e+002
2.102000 3.097702e+002
2.104000 3.096545e+002
2.106000 3.095400e+002
2.108000 3.094267e+002
2.110000 3.093146e+002
2.112000 3.092037e+002
2.114000 3.090939e+002
2.116000 3.089853e+002
2.118000 3.088778e+002
2.120000 3.087714e+002
2.122000 3.086662e+002
2.124000 3.085621e+002
2.126000 3.084591e+002
2.128000 3.083572e+002
2.130000 3.082564e+002
2.132000 3.081566e+002
2.134000 3.080579e+002
2.136000 3.079603e+002
2.138000 3.078637e+002
2.140000 3.077682e+002
2.142000 3.076737e+002
2.144000 3.075802e+002
2.146000 3.074877e+002
2.148000 3.073962e+002
2.150000 3.073057e+002
2.152000 3.072162e+002
2.154000 3.071276e+002
2.156000 3.070401e+002
2.158000 3.069534e+002
2.160000 3.068678e+002
2.162000 3.067830e+002
2.164000 3.066992e+002
2.166000 3.066163e+002
2.168000 3.065344e+002
2.170000 3.064533e+002
2.172000 3.063731e+002
2.174000 3.062938e+002
2.176000 3.062154e+002
2.178000 3.061379e+002
2.180000 3.060612e+002
2.182000 3.059854e+002
2.184000 3.059104e+002
2.186000 3.058363e+002
2.188000 3.057630e+002
2.190000 3.056905e+002
2.192000 3.056188e+002
2.194000 3.055479e+002
2.196000 3.054779e+002
2.198000 3.054086e+002
2.200000 3.053401e+002
2.202000 3.052724e+002
2.204000 3.052054e+002
2.206000 3.051392e+002
2.208000 3.050738e+002
2.210000 3.050091e+002
2.212000 3.049451e+002
2.214000 3.048819e+002
2.216000 3.048194e+002
2.218000 3.047576e+002
2.220000 3.046966e+002
2.222000 3.046362e+002
2.224000 3.045765e+002
2.226000 3.045176e+002
2.228000 3.044593e+002
2.230000 3.044016e+002
2.232000 3.043447e+002
2.234000 3.042884e+002
2.236000 3.042327e+002
2.238000 3.041778e+002
2.240000 3.041234e+002
2.242000 3.040697e+002
2.244000 3.040166e+002
2.246000 3.039642e+002
2.248000 3.039123e+002
2.250000 3.038611e+002
2.252000 3.038105e+002
2.254000 3.037604e+002
2.256000 3.037110e+002
2.258000 3.036622e+002
2.260000 3.036139e+002
2.262000 3.035662e+002
2.264000 3.035191e+002
2.266000 3.034725e+002
2.268000 3.034265e+002
2.270000 3.033810e+002
2.272000 3.033361e+002
2.274000 3.032917e+002
2.276000 3.032479e+002
2.278000 3.032046e+002
2.280000 3.031618e+002
2.282000 3.031195e+002
2.284000 3.030777e+002
2.286000 3.030365e+002
2.288000 3.029957e+002
2.290000 3.029555e+002
2.292000 3.029157e+002
2.294000 3.028764e+002
2.296000 3.028376e+002
2.298000 3.027993e+002
2.300000 3.027614e+002
2.302000 3.027240e+002
2.304000 3.026871e+002
2.306000 3.026506e+002
2.308000 3.026145e+002
2.310000 3.025789e+002
2.312000 3.025438e+002
2.314000 3.025091e+002
2.316000 3.024748e+002
2.318000 3.024409e+002
2.320000 3.024075e+002
2.322000 3.023745e+002
2.324000 3.023418e+002
2.326000 3.023096e+002
2.328000 3.022778e+002
2.330000 3.022464e+002
2.332000 3.022154e+002
2.334000 3.021848e+002
2.336000 3.021546e+002
2.338000 3.021247e+002
2.340000 3.020952e+002
2.342000 3.020661e+002
2.344000 3.020374e+002
2.346000 3.020090e+002
2.348000 3.019810e+002
2.350000 3.019534e+002
2.352000 3.019261e+002
2.354000 3.018991e+002
2.356000 3.018725e+002
2.358000 3.018462e+002
2.360000 3.018203e+002
2.362000 3.017947e+002
2.364000 3.017694e+002
2.366000 3.017445e+002
2.368000 3.017198e+002
2.370000 3.016955e+002
2.372000 3.016715e+002
2.374000 3.016479e+002
2.376000 3.016245e+002
2.378000 3.016014e+002
2.380000 3.015786e+002
2.382000 3.015562e+002
2.384000 3.015340e+002
2.386000 3.015121e+002
2.388000 3.014905e+002
2.390000 3.014691e+002
2.392000 3.014481e+002
2.394000 3.014273e+002
2.396000 3.014068e+002
2.398000 3.013866e+002
2.400000 3.013666e+002
2.402000 3.013470e+002
2.404000 3.013275e+002
2.406000 3.013083e+002
2.408000 3.012894e+002
2.410000 3.012707e+002
2.412000 3.012523e+002
2.414000 3.012341e+002
2.416000 3.012162e+002
2.418000 3.011985e+002
2.420000 3.011810e+002
2.422000 3.011638e+002
2.424000 3.011468e+002
2.426000 3.011300e+002
2.428000 3.011135e+002
2.430000 3.010972e+002
2.432000 3.010811e+002
2.434000 3.010652e+002
2.436000 3.010495e+002
2.438000 3.010341e+002
2.440000 3.010188e+002
2.442000 3.010038e+002
2.444000 3.009890e+002
2.446000 3.009743e+002
2.448000 3.009599e+002
2.450000 3.009457e+002
2.452000 3.009316e+002
2.454000 3.009178e+002
2.456000 3.009041e+002
2.458000 3.008906e+002
2.460000 3.008773e+002
2.462000 3.008642e+002
2.464000 3.008513e+002
2.466000 3.008386e+002
2.468000 3.008260e+002
2.470000 3.008136e+002
2.472000 3.008014e+002
2.474000 3.007893e+002
2.476000 3.007774e+002
2.478000 3.007657e+002
2.480000 3.007542e+002
2.482000 3.007428e+002
2.484000 3.007315e+002
2.486000 3.007205e+002
2.488000 3.007095e+002
2.490000 3.006988e+002
2.492000 3.006881e+002
2.494000 3.006777e+002
2.496000 3.006673e+002
2.498000 3.006572e+002
2.500000 3.006471e+002
2.502000 3.006372e+002
2.504000 3.006275e+002
2.506000 3.006179e+002
2.508000 3.006084e+002
2.510000 3.005991e+002
2.512000 3.005898e+002
2.514000 3.005808e+002
2.516000 3.005718e+002
2.518000 3.005630e+002
2.520000 3.005543e+002
2.522000 3.005457e+002
2.524000 3.005373e+002
2.526000 3.005290e+002
2.528000 3.005207e+002
2.530000 3.005127e+002
2.532000 3.005047e+002
2.534000 3.004968e+002
2.536000 3.004891e+002
2.538000 3.004815e+002
2.540000 3.004739e+002
2.542000 3.004665e+002
2.544000 3.004592e+002
2.546000 3.004520e+002
2.548000 3.004449e+002
2.550000 3.004379e+002
2.552000 3.004311e+002
2.554000 3.004243e+002
2.556000 3.004176e+002
2.558000 3.004110e+002
2.560000 3.004045e+002
2.562000 3.003981e+002
2.564000 3.003918e+002
2.566000 3.003856e+002
2.568000 3.003795e+002
2.570000 3.003735e+002
2.572000 3.003675e+002
2.574000 3.003617e+002
2.576000 3.003559e+002
2.578000 3.003502e+002
2.580000 3.003446e+002
2.582000 3.003391e+002
2.584000 3.003337e+002
2.586000 3.003283e+002
2.588000 3.003231e+002
2.590000 3.003179e+002
2.592000 3.003128e+002
2.594000 3.003077e+002
2.596000 3.003028e+002
2.598000 3.002979e+002
2.600000 3.002931e+002
2.602000 3.002884e+002
2.604000 3.002837e+002
2.606000 3.002791e+002
2.608000 3.002746e+002
2.610000 3.002701e+002
2.612000 3.002657e+002
2.614000 3.002614e+002
2.616000 3.002571e+002
2.618000 3.002529e+002
2.620000 3.002488e+002
2.622000 3.002448e+002
2.624000 3.002407e+002
2.626000 3.002368e+002
2.628000 3.002329e+002
2.630000 3.002291e+002
2.632000 3.002253e+002
2.634000 3.002216e+002
2.636000 3.002180e+002
2.638000 3.002144e+002
2.640000 3.002109e+002
2.642000 3.002074e+002
2.644000 3.002039e+002
2.646000 3.002006e+002
2.648000 3.001972e+002
2.650000 3.001940e+002
2.652000 3.001907e+002
2.654000 3.001876e+002
2.656000 3.001845e+002
2.658000 3.001814e+002
2.660000 3.001784e+002
2.662000 3.001754e+002
2.664000 3.001725e+002
2.666000 3.001696e+002
2.668000 3.001667e+002
2.670000 3.001639e+002
2.672000 3.001612e+002
2.674000 3.001585e+002
2.676000 3.001558e+002
2.678000 3.001532e+002
2.680000 3.001506e+002
2.682000 3.001481e+002
2.684000 3.001456e+002
2.686000 3.001431e+002
2.688000 3.001407e+002
2.690000 3.001383e+002
2.692000 3.001360e+002
2.694000 3.001336e+002
2.696000 3.001314e+002
2.698000 3.001291e+002
2.700000 3.001269e+002
2.702000 3.001248e+002
2.704000 3.001226e+002
2.706000 3.001206e+002
2.708000 3.001185e+002
2.710000 3.001165e+002
2.712000 3.001145e+002
2.714000 3.001125e+002
2.716000 3.001106e+002
2.718000 3.001087e+002
2.720000 3.001068e+002
2.722000 3.001050e+002
2.724000 3.001032e+002
2.726000 3.001014e+002
2.728000 3.000996e+002
2.730000 3.000979e+002
2.732000 3.000962e+002
2.734000 3.000945e+002
2.736000 3.000929e+002
2.738000 3.000913e+002
2.740000 3.000897e+002
2.742000 3.000881e+002
2.744000 3.000866e+002
2.746000 3.000851e+002
2.748000 3.000836e+002
2.750000 3.000821e+002
2.752000 3.000807e+002
2.754000 3.000793e+002
2.756000 3.000779e+002
2.758000 3.000765e+002
2.760000 3.000752e+002
2.762000 3.000739e+002
2.764000 3.000726e+002
2.766000 3.000713e+002
2.768000 3.000700e+002
2.770000 3.000688e+002
2.772000 3.000676e+002
2.774000 3.000664e+002
2.776000 3.000652e+002
2.778000 3.000641e+002
2.780000 3.000629e+002
2.782000 3.000618e+002
2.784000 3.000607e+002
2.786000 3.000596e+002
2.788000 3.000586e+002
2.790000 3.000575e+002
2.792000 3.000565e+002
2.794000 3.000555e+002
2.796000 3.000545e+002
2.798000 3.000535e+002
2.800000 3.000526e+002
2.802000 3.000516e+002
2.804000 3.000507e+002
2.806000 3.000498e+002
2.808000 3.000489e+002
2.810000 3.000480e+002
2.812000 3.000471e+002
2.814000 3.000463e+002
2.816000 3.000455e+002
2.818000 3.000446e+002
2.820000 3.000438e+002
2.822000 3.000430e+002
2.824000 3.000423e+002
2.826000 3.000415e+002
2.828000 3.000407e+002
2.830000 3.000400e+002
2.832000 3.000393e+002
2.834000 3.000385e+002
2.836000 3.000378e+002
2.838000 3.000372e+002
2.840000 3.000365e+002
2.842000 3.000358e+002
2.844000 3.000352e+002
2.846000 3.000345e+002
2.848000 3.000339e+002
2.850000 3.000333e+002
2.852000 3.000326e+002
2.854000 3.000320e+002
2.856000 3.000315e+002
2.858000 3.000309e+002
2.860000 3.000303e+002
2.862000 3.000297e+002
2.864000 3.000292e+002
2.866000 3.000287e+002
2.868000 3.000281e+002
2.870000 3.000276e+002
2.872000 3.000271e+002
2.874000 3.000266e+002
2.876000 3.000261e+002
2.878000 3.000256e+002
2.880000 3.000251e+002
2.882000 3.000247e+002
2.884000 3.000242e+002
2.886000 3.000237e+002
2.888000 3.000233e+002
2.890000 3.000229e+002
2.892000 3.000224e+002
2.894000 3.000220e+002
2.896000 3.000216e+002
2.898000 3.000212e+002
2.900000 3.000208e+002
2.902000 3.000204e+002
2.904000 3.000200e+002
2.906000 3.000196e+002
2.908000 3.000193e+002
2.910000 3.000189e+002
2.912000 3.000186e+002
2.914000 3.000182e+002
2.916000 3.000179e+002
2.918000 3.000175e+002
2.920000 3.000172e+002
2.922000 3.000169e+002
2.924000 3.000165e+002
2.926000 3.000162e+002
2.928000 3.000159e+002
2.930000 3.000156e+002
2.932000 3.000153e+002
2.934000 3.000150e+002
2.936000 3.000147e+002
2.938000 3.000145e+002
2.940000 3.000142e+002
2.942000 3.000139e+002
2.944000 3.000136e+002
2.946000 3.000134e+002
2.948000 3.000131e+002
2.950000 3.000129e+002
2.952000 3.000126e+002
2.954000 3.000124e+002
2.956000 3.000121e+002
2.958000 3.000119e+002
2.960000 3.000117e+002
2.962000 3.000114e+002
2.964000 3.000112e+002
2.966000 3.000110e+002
2.968000 3.000108e+002
2.970000 3.000106e+002
2.972000 3.000104e+002
2.974000 3.000102e+002
2.976000 3.000100e+002
2.978000 3.000098e+002
2.980000 3.000096e+002
2.982000 3.000094e+002
2.984000 3.000092e+002
2.986000 3.000090e+002
2.988000 3.000089e+002
2.990000 3.000087e+002
2.992000 3.000085e+002
2.994000 3.000084e+002
2.996000 3.000082e+002
2.998000 3.000080e+002
3.000000 3.000079e+002
3.002000 3.000077e+002
3.004000 3.000076e+002
3.006000 3.000074e+002
3.008000 3.000073e+002
3.010000 3.000071e+002
3.012000 3.000070e+002
3.014000 3.000068e+002
3.016000 3.000067e+002
3.018000 3.000066e+002
3.020000 3.000064e+002
3.022000 3.000063e+002
3.024000 3.000062e+002
3.026000 3.000061e+002
3.028000 3.000059e+002
3.030000 3.000058e+002
3.032000 3.000057e+002
3.034000 3.000056e+002
3.036000 3.000055e+002
3.038000 3.000054e+002
3.040000 3.000053e+002
3.042000 3.000052e+002
3.044000 3.000051e+002
3.046000 3.000050e+002
3.048000 3.000049e+002
3.050000 3.000048e+002
3.052000 3.000047e+002
3.054000 3.000046e+002
3.056000 3.000045e+002
3.058000 3.000044e+002
3.060000 3.000043e+002
3.062000 3.000042e+002
3.064000 3.000041e+002
3.066000 3.000040e+002
3.068000 3.000040e+002
3.070000 3.000039e+002
3.072000 3.000038e+002
3.074000 3.000037e+002
3.076000 3.000036e+002
3.078000 3.000036e+002
3.080000 3.000035e+002
3.082000 3.000034e+002
3.084000 3.000034e+002
3.086000 3.000033e+002
3.088000 3.000032e+002
3.090000 3.000032e+002
3.092000 3.000031e+002
3.094000 3.000030e+002
3.096000 3.000030e+002
3.098000 3.000029e+002
3.100000 3.000028e+002
3.102000 3.000028e+002
3.104000 3.000027e+002
3.106000 3.000027e+002
3.108000 3.000026e+002
3.110000 3.000026e+002
3.112000 3.000025e+002
3.114000 3.000025e+002
3.116000 3.000024e+002
3.118000 3.000024e+002
3.120000 3.000023e+002
3.122000 3.000023e+002
3.124000 3.000022e+002
3.126000 3.000022e+002
3.128000 3.000021e+002
3.130000 3.000021e+002
3.132000 3.000020e+002
3.134000 3.000020e+002
3.136000 3.000019e+002
3.138000 3.000019e+002
3.140000 3.000019e+002
3.142000 3.000018e+002
3.144000 3.000018e+002
3.146000 3.000018e+002
3.148000 3.000017e+002
3.150000 3.000017e+002
3.152000 3.000016e+002
3.154000 3.000016e+002
3.156000 3.000016e+002
3.158000 3.000015e+002
3.160000 3.000015e+002
3.162000 3.000015e+002
3.164000 3.000014e+002
3.166000 3.000014e+002
3.168000 3.000014e+002
3.170000 3.000014e+002
3.172000 3.000013e+002
3.174000 3.000013e+002
3.176000 3.000013e+002
3.178000 3.000012e+002
3.180000 3.000012e+002
3.182000 3.000012e+002
3.184000 3.000012e+002
3.186000 3.000011e+002
3.188000 3.000011e+002
3.190000 3.000011e+002
3.192000 3.000011e+002
3.194000 3.000010e+002
3.196000 3.000010e+002
3.198000 3.000010e+002
3.200000 3.000010e+002
3.202000 3.000010e+002
3.204000 3.000009e+002
3.206000 3.000009e+002
3.208000 3.000009e+002
3.210000 3.000009e+002
3.212000 3.000009e+002
3.214000 3.000008e+002
3.216000 3.000008e+002
3.218000 3.000008e+002
3.220000 3.000008e+002
3.222000 3.000008e+002
3.224000 3.000008e+002
3.226000 3.000007e+002
3.228000 3.000007e+002
3.230000 3.000007e+002
3.232000 3.000007e+002
3.234000 3.000007e+002
3.236000 3.000007e+002
3.238000 3.000006e+002
3.240000 3.000006e+002
3.242000 3.000006e+002
3.244000 3.000006e+002
3.246000 3.000006e+002
3.248000 3.000006e+002
3.250000 3.000006e+002
3.252000 3.000006e+002
3.254000 3.000005e+002
3.256000 3.000005e+002
3.258000 3.000005e+002
3.260000 3.000005e+002
3.262000 3.000005e+002
3.264000 3.000005e+002
3.266000 3.000005e+002
3.268000 3.000005e+002
3.270000 3.000005e+002
3.272000 3.000004e+002
3.274000 3.000004e+002
3.276000 3.000004e+002
3.278000 3.000004e+002
3.280000 3.000004e+002
3.282000 3.000004e+002
3.284000 3.000004e+002
3.286000 3.000004e+002
3.288000 3.000004e+002
3.290000 3.000004e+002
3.292000 3.000004e+002
3.294000 3.000003e+002
3.296000 3.000003e+002
3.298000 3.000003e+002
3.300000 3.000003e+002
3.302000 3.000003e+002
3.304000 3.000003e+002
3.306000 3.000003e+002
3.308000 3.000003e+002
3.310000 3.000003e+002
3.312000 3.000003e+002
3.314000 3.000003e+002
3.316000 3.000003e+002
3.318000 3.000003e+002
3.320000 3.000003e+002
3.322000 3.000003e+002
3.324000 3.000002e+002
3.326000 3.000002e+002
3.328000 3.000002e+002
3.330000 3.000002e+002
3.332000 3.000002e+002
3.334000 3.000002e+002
3.336000 3.000002e+002
3.338000 3.000002e+002
3.340000 3.000002e+002
3.342000 3.000002e+002
3.344000 3.000002e+002
3.346000 3.000002e+002
3.348000 3.000002e+002
3.350000 3.000002e+002
3.352000 3.000002e+002
3.354000 3.000002e+002
3.356000 3.000002e+002
3.358000 3.000002e+002
3.360000 3.000002e+002
3.362000 3.000002e+002
3.364000 3.000002e+002
3.366000 3.000002e+002
3.368000 3.000001e+002
3.370000 3.000001e+002
3.372000 3.000001e+002
3.374000 3.000001e+002
3.376000 3.000001e+002
3.378000 3.000001e+002
3.380000 3.000001e+002
3.382000 3.000001e+002
3.384000 3.000001e+002
3.386000 3.000001e+002
3.388000 3.000001e+002
3.390000 3.000001e+002
3.392000 3.000001e+002
3.394000 3.000001e+002
3.396000 3.000001e+002
3.398000 3.000001e+002
3.400000 3.000001e+002
3.402000 3.000001e+002
3.404000 3.000001e+002
3.406000 3.000001e+002
3.408000 3.000001e+002
3.410000 3.000001e+002
3.412000 3.000001e+002
3.414000 3.000001e+002
3.416000 3.000001e+002
3.418000 3.000001e+002
3.420000 3.000001e+002
3.422000 3.000001e+002
3.424000 3.000001e+002
3.426000 3.000001e+002
3.428000 3.000001e+002
3.430000 3.000001e+002
3.432000 3.000001e+002
3.434000 3.000001e+002
3.436000 3.000001e+002
3.438000 3.000001e+002
3.440000 3.000001e+002
3.442000 3.000001e+002
3.444000 3.000001e+002
3.446000 3.000001e+002
3.448000 3.000001e+002
3.450000 3.000001e+002
3.452000 3.000001e+002
3.454000 3.000001e+002
3.456000 3.000001e+002
3.458000 3.000001e+002
3.460000 3.000000e+002
3.462000 3.000000e+002
3.464000 3.000000e+002
3.466000 3.000000e+002
3.468000 3.000000e+002
3.470000 3.000000e+002
3.472000 3.000000e+002
3.474000 3.000000e+002
3.476000 3.000000e+002
3.478000 3.000000e+002
3.480000 3.000000e+002
3.482000 3.000000e+002
3.484000 3.000000e+002
3.486000 3.000000e+002
3.488000 3.000000e+002
3.490000 3.000000e+002
3.492000 3.000000e+002
3.494000 3.000000e+002
3.496000 3.000000e+002
3.498000 3.000000e+002
3.500000 3.000000e+002
3.502000 3.000000e+002
3.504000 3.000000e+002
3.506000 3.000000e+002
3.508000 3.000000e+002
3.510000 3.000000e+002
3.512000 3.000000e+002
3.514000 3.000000e+002
3.516000 3.000000e+002
3.518000 3.000000e+002
3.520000 3.000000e+002
3.522000 3.000000e+002
3.524000 3.000000e+002
3.526000 3.000000e+002
3.528000 3.000000e+002
3.530000 3.000000e+002
3.532000 3.000000e+002
3.534000 3.000000e+002
3.536000 3.000000e+002
3.538000 3.000000e+002
3.540000 3.000000e+002
3.542000 3.000000e+002
3.544000 3.000000e+002
3.546000 3.000000e+002
3.548000 3.000000e+002
3.550000 3.000000e+002
3.552000 3.000000e+002
3.554000 3.000000e+002
3.556000 3.000000e+002
3.558000 3.000000e+002
3.560000 3.000000e+002
3.562000 3.000000e+002
3.564000 3.000000e+002
3.566000 3.000000e+002
3.568000 3.000000e+002
3.570000 3.000000e+002
3.572000 3.000000e+002
3.574000 3.000000e+002
3.576000 3.000000e+002
3.578000 3.000000e+002
3.580000 3.000000e+002
3.582000 3.000000e+002
3.584000 3.000000e+002
3.586000 3.000000e+002
3.588000 3.000000e+002
3.590000 3.000000e+002
3.592000 3.000000e+002
3.594000 3.000000e+002
3.596000 3.000000e+002
3.598000 3.000000e+002
3.600000 3.000000e+002
3.602000 3.000000e+002
3.604000 3.000000e+002
3.606000 3.000000e+002
3.608000 3.000000e+002
3.610000 3.000000e+002
3.612000 3.000000e+002
3.614000 3.000000e+002
3.616000 3.000000e+002
3.618000 3.000000e+002
3.620000 3.000000e+002
3.622000 3.000000e+002
3.624000 3.000000e+002
3.626000 3.000000e+002
3.628000 3.000000e+002
3.630000 3.000000e+002
3.632000 3.000000e+002
3.634000 3.000000e+002
3.636000 3.000000e+002
3.638000 3.000000e+002
3.640000 3.000000e+002
3.642000 3.000000e+002
3.644000 3.000000e+002
3.646000 3.000000e+002
3.648000 3.000000e+002
3.650000 3.000000e+002
3.652000 3.000000e+002
3.654000 3.000000e+002
3.656000 3.000000e+002
3.658000 3.000000e+002
3.660000 3.000000e+002
3.662000 3.000000e+002
3.664000 3.000000e+002
3.666000 3.000000e+002
3.668000 3.000000e+002
3.670000 3.000000e+002
3.672000 3.000000e+002
3.674000 3.000000e+002
3.676000 3.000000e+002
3.678000 3.000000e+002
3.680000 3.000000e+002
3.682000 3.000000e+002
3.684000 3.000000e+002
3.686000 3.000000e+002
3.688000 3.000000e+002
3.690000 3.000000e+002
3.692000 3.000000e+002
3.694000 3.000000e+002
3.696000 3.000000e+002
3.698000 3.000000e+002
3.700000 3.000000e+002
3.702000 3.000000e+002
3.704000 3.000000e+002
3.706000 3.000000e+002
3.708000 3.000000e+002
3.710000 3.000000e+002
3.712000 3.000000e+002
3.714000 3.000000e+002
3.716000 3.000000e+002
3.718000 3.000000e+002
3.720000 3.000000e+002
3.722000 3.000000e+002
3.724000 3.000000e+002
3.726000 3.000000e+002
3.728000 3.000000e+002
3.730000 3.000000e+002
3.732000 3.000000e+002
3.734000 3.000000e+002
3.736000 3.000000e+002
3.738000 3.000000e+002
3.740000 3.000000e+002
3.742000 3.000000e+002
3.744000 3.000000e+002
3.746000 3.000000e+002
3.748000 3.000000e+002
3.750000 3.000000e+002
3.752000 3.000000e+002
3.754000 3.000000e+002
3.756000 3.000000e+002
3.758000 3.000000e+002
3.760000 3.000000e+002
3.762000 3.000000e+002
3.764000 3.000000e+002
3.766000 3.000000e+002
3.768000 3.000000e+002
3.770000 3.000000e+002
3.772000 3.000000e+002
3.774000 3.000000e+002
3.776000 3.000000e+002
3.778000 3.000000e+002
3.780000 3.000000e+002
3.782000 3.000000e+002
3.784000 3.000000e+002
3.786000 3.000000e+002
3.788000 3.000000e+002
3.790000 3.000000e+002
3.792000 3.000000e+002
3.794000 3.000000e+002
3.796000 3.000000e+002
3.798000 3.000000e+002
3.800000 3.000000e+002
3.802000 3.000000e+002
3.804000 3.000000e+002
3.806000 3.000000e+002
3.808000 3.000000e+002
3.810000 3.000000e+002
3.812000 3.000000e+002
3.814000 3.000000e+002
3.816000 3.000000e+002
3.818000 3.000000e+002
3.820000 3.000000e+002
3.822000 3.000000e+002
3.824000 3.000000e+002
3.826000 3.000000e+002
3.828000 3.000000e+002
3.830000 3.000000e+002
3.832000 3.000000e+002
3.834000 3.000000e+002
3.836000 3.000000e+002
3.838000 3.000000e+002
3.840000 3.000000e+002
3.842000 3.000000e+002
3.844000 3.000000e+002
3.846000 3.000000e+002
3.848000 3.000000e+002
3.850000 3.000000e+002
3.852000 3.000000e+002
3.854000 3.000000e+002
3.856000 3.000000e+002
3.858000 3.000000e+002
3.860000 3.000000e+002
3.862000 3.000000e+002
3.864000 3.000000e+002
3.866000 3.000000e+002
3.868000 3.000000e+002
3.870000 3.000000e+002
3.872000 3.000000e+002
3.874000 3.000000e+002
3.876000 3.000000e+002
3.878000 3.000000e+002
3.880000 3.000000e+002
3.882000 3.000000e+002
3.884000 3.000000e+002
3.886000 3.000000e+002
3.888000 3.000000e+002
3.890000 3.000000e+002
3.892000 3.000000e+002
3.894000 3.000000e+002
3.896000 3.000000e+002
3.898000 3.000000e+002
3.900000 3.000000e+002
3.902000 3.000000e+002
3.904000 3.000000e+002
3.906000 3.000000e+002
3.908000 3.000000e+002
3.910000 3.000000e+002
3.912000 3.000000e+002
3.914000 3.000000e+002
3.916000 3.000000e+002
3.918000 3.000000e+002
3.920000 3.000000e+002
3.922000 3.000000e+002
3.924000 3.000000e+002
3.926000 3.000000e+002
3.928000 3.000000e+002
3.930000 3.000000e+002
3.932000 3.000000e+002
3.934000 3.000000e+002
3.936000 3.000000e+002
3.938000 3.000000e+002
3.940000 3.000000e+002
3.942000 3.000000e+002
3.944000 3.000000e+002
3.946000 3.000000e+002
3.948000 3.000000e+002
3.950000 3.000000e+002
3.952000 3.000000e+002
3.954000 3.000000e+002
3.956000 3.000000e+002
3.958000 3.000000e+002
3.960000 3.000000e+002
3.962000 3.000000e+002
3.964000 3.000000e+002
3.966000 3.000000e+002
3.968000 3.000000e+002
3.970000 3.000000e+002
3.972000 3.000000e+002
3.974000 3.000000e+002
3.976000 3.000000e+002
3.978000 3.000000e+002
3.980000 3.000000e+002
3.982000 3.000000e+002
3.984000 3.000000e+002
3.986000 3.000000e+002
3.988000 3.000000e+002
3.990000 3.000000e+002
3.992000 3.000000e+002
3.994000 3.000000e+002
3.996000 3.000000e+002
3.998000 3.000000e+002
