0.000000 3.242309e+002
0.002000 3.269016e+002
0.004000 3.295718e+002
0.006000 3.322414e+002
0.008000 3.349102e+002
0.010000 3.375782e+002
0.012000 3.402454e+002
0.014000 3.429118e+002
0.016000 3.455771e+002
0.018000 3.482415e+002
0.020000 3.509048e+002
0.022000 3.535670e+002
0.024000 3.562279e+002
0.026000 3.588877e+002
0.028000 3.615461e+002
0.030000 3.642031e+002
0.032000 3.668588e+002
0.034000 3.695129e+002
0.036000 3.721655e+002
0.038000 3.748165e+002
0.040000 3.774659e+002
0.042000 3.801135e+002
0.044000 3.827593e+002
0.046000 3.854033e+002
0.048000 3.880455e+002
0.050000 3.906856e+002
0.052000 3.933238e+002
0.054000 3.959598e+002
0.056000 3.985938e+002
0.058000 4.012255e+002
0.060000 4.038551e+002
0.062000 4.064823e+002
0.064000 4.091071e+002
0.066000 4.117295e+002
0.068000 4.143495e+002
0.070000 4.169669e+002
0.072000 4.195817e+002
0.074000 4.221939e+002
0.076000 4.248034e+002
0.078000 4.274101e+002
0.080000 4.300139e+002
0.082000 4.326149e+002
0.084000 4.352130e+002
0.086000 4.378081e+002
0.088000 4.404001e+002
0.090000 4.429890e+002
0.092000 4.455747e+002
0.094000 4.481573e+002
0.096000 4.507365e+002
0.098000 4.533124e+002
0.100000 4.558849e+002
0.102000 4.584540e+002
0.104000 4.610196e+002
0.106000 4.635816e+002
0.108000 4.661400e+002
0.110000 4.686947e+002
0.112000 4.712458e+002
0.114000 4.737930e+002
0.116000 4.763364e+002
0.118000 4.788759e+002
0.120000 4.814115e+002
0.122000 4.839430e+002
0.124000 4.864705e+002
0.126000 4.889939e+002
0.128000 4.915132e+002
0.130000 4.940282e+002
0.132000 4.965389e+002
0.134000 4.990454e+002
0.136000 5.015474e+002
0.138000 5.040450e+002
0.140000 5.065382e+002
0.142000 5.090267e+002
0.144000 5.115107e+002
0.146000 5.139901e+002
0.148000 5.164648e+002
0.150000 5.189347e+002
0.152000 5.213998e+002
0.154000 5.238600e+002
0.156000 5.263154e+002
0.158000 5.287657e+002
0.160000 5.312111e+002
0.162000 5.336514e+002
0.164000 5.360866e+002
0.166000 5.385167e+002
0.168000 5.409415e+002
0.170000 5.433610e+002
0.172000 5.457753e+002
0.174000 5.481841e+002
0.176000 5.505876e+002
0.178000 5.529855e+002
0.180000 5.553780e+002
0.182000 5.577649e+002
0.184000 5.601462e+002
0.186000 5.625218e+002
0.188000 5.648917e+002
0.190000 5.672558e+002
0.192000 5.696141e+002
0.194000 5.719666e+002
0.196000 5.743131e+002
0.198000 5.766537e+002
0.200000 5.789883e+002
0.202000 5.813168e+002
0.204000 5.836392e+002
0.206000 5.859555e+002
0.208000 5.882656e+002
0.210000 5.905694e+002
0.212000 5.928670e+002
0.214000 5.951582e+002
0.216000 5.974430e+002
0.218000 5.997214e+002
0.220000 6.019933e+002
0.222000 6.042588e+002
0.224000 6.065176e+002
0.226000 6.087698e+002
0.228000 6.110154e+002
0.230000 6.132543e+002
0.232000 6.154865e+002
0.234000 6.177118e+002
0.236000 6.199303e+002
0.238000 6.221420e+002
0.240000 6.243467e+002
0.242000 6.265445e+002
0.244000 6.287353e+002
0.246000 6.309190e+002
0.248000 6.330956e+002
0.250000 6.352651e+002
0.252000 6.374274e+002
0.254000 6.395825e+002
0.256000 6.417304e+002
0.258000 6.438710e+002
0.260000 6.460042e+002
0.262000 6.481300e+002
0.264000 6.502484e+002
0.266000 6.523594e+002
0.268000 6.544629e+002
0.270000 6.565588e+002
0.272000 6.586471e+002
0.274000 6.607279e+002
0.276000 6.628009e+002
0.278000 6.648663e+002
0.280000 6.669239e+002
0.282000 6.689738e+002
0.284000 6.710158e+002
0.286000 6.730501e+002
0.288000 6.750764e+002
0.290000 6.770948e+002
0.292000 6.791052e+002
0.294000 6.811077e+002
0.296000 6.831021e+002
0.298000 6.850884e+002
0.300000 6.870667e+002
0.302000 6.890368e+002
0.304000 6.909987e+002
0.306000 6.929524e+002
0.308000 6.948979e+002
0.310000 6.968351e+002
0.312000 6.987640e+002
0.314000 7.006845e+002
0.316000 7.025967e+002
0.318000 7.045005e+002
0.320000 7.063958e+002
0.322000 7.082826e+002
0.324000 7.101609e+002
0.326000 7.120307e+002
0.328000 7.138919e+002
0.330000 7.157445e+002
0.332000 7.175885e+002
0.334000 7.194238e+002
0.336000 7.212504e+002
0.338000 7.230683e+002
0.340000 7.248774e+002
0.342000 7.266777e+002
0.344000 7.284692e+002
0.346000 7.302519e+002
0.348000 7.320257e+002
0.350000 7.337905e+002
0.352000 7.355465e+002
0.354000 7.372935e+002
0.356000 7.390315e+002
0.358000 7.407605e+002
0.360000 7.424804e+002
0.362000 7.441913e+002
0.364000 7.458931e+002
0.366000 7.475857e+002
0.368000 7.492692e+002
0.370000 7.509436e+002
0.372000 7.526087e+002
0.374000 7.542646e+002
0.376000 7.559113e+002
0.378000 7.575487e+002
0.380000 7.591768e+002
0.382000 7.607956e+002
0.384000 7.624050e+002
0.386000 7.640051e+002
0.388000 7.655958e+002
0.390000 7.671771e+002
0.392000 7.687489e+002
0.394000 7.703113e+002
0.396000 7.718642e+002
0.398000 7.734076e+002
0.400000 7.749415e+002
0.402000 7.764658e+002
0.404000 7.779806e+002
0.406000 7.794858e+002
0.408000 7.809814e+002
0.410000 7.824674e+002
0.412000 7.839437e+002
0.414000 7.854104e+002
0.416000 7.868674e+002
0.418000 7.883147e+002
0.420000 7.897523e+002
0.422000 7.911801e+002
0.424000 7.925983e+002
0.426000 7.940066e+002
0.428000 7.954052e+002
0.430000 7.967939e+002
0.432000 7.981729e+002
0.434000 7.995420e+002
0.436000 8.009013e+002
0.438000 8.022507e+002
0.440000 8.035903e+002
0.442000 8.049199e+002
0.444000 8.062397e+002
0.446000 8.075495e+002
0.448000 8.088494e+002
0.450000 8.101394e+002
0.452000 8.114194e+002
0.454000 8.126894e+002
0.456000 8.139495e+002
0.458000 8.151996e+002
0.460000 8.164396e+002
0.462000 8.176697e+002
0.464000 8.188897e+002
0.466000 8.200996e+002
0.468000 8.212996e+002
0.470000 8.224894e+002
0.472000 8.236692e+002
0.474000 8.248389e+002
0.476000 8.259986e+002
0.478000 8.271481e+002
0.480000 8.282875e+002
0.482000 8.294168e+002
0.484000 8.305360e+002
0.486000 8.316451e+002
0.488000 8.327440e+002
0.490000 8.338328e+002
0.492000 8.349115e+002
0.494000 8.359799e+002
0.496000 8.370383e+002
0.498000 8.380864e+002
0.500000 8.391244e+002
0.502000 8.401522e+002
0.504000 8.411698e+002
0.506000 8.421772e+002
0.508000 8.431745e+002
0.510000 8.441615e+002
0.512000 8.451384e+002
0.514000 8.461050e+002
0.516000 8.470614e+002
0.518000 8.480077e+002
0.520000 8.489437e+002
0.522000 8.498695e+002
0.524000 8.507851e+002
0.526000 8.516904e+002
0.528000 8.525856e+002
0.530000 8.534705e+002
0.532000 8.543453e+002
0.534000 8.552098e+002
0.536000 8.560640e+002
0.538000 8.569081e+002
0.540000 8.577420e+002
0.542000 8.585656e+002
0.544000 8.593790e+002
0.546000 8.601822e+002
0.548000 8.609752e+002
0.550000 8.617580e+002
0.552000 8.625306e+002
0.554000 8.632929e+002
0.556000 8.640451e+002
0.558000 8.647871e+002
0.560000 8.655189e+002
0.562000 8.662405e+002
0.564000 8.669519e+002
0.566000 8.676531e+002
0.568000 8.683441e+002
0.570000 8.690250e+002
0.572000 8.696957e+002
0.574000 8.703562e+002
0.576000 8.710066e+002
0.578000 8.716469e+002
0.580000 8.722770e+002
0.582000 8.728969e+002
0.584000 8.735068e+002
0.586000 8.741065e+002
0.588000 8.746961e+002
0.590000 8.752756e+002
0.592000 8.758450e+002
0.594000 8.764043e+002
0.596000 8.769536e+002
0.598000 8.774927e+002
0.600000 8.780218e+002
0.602000 8.785409e+002
0.604000 8.790499e+002
0.606000 8.795489e+002
0.608000 8.800379e+002
0.610000 8.805168e+002
0.612000 8.809858e+002
0.614000 8.814447e+002
0.616000 8.818937e+002
0.618000 8.823327e+002
0.620000 8.827618e+002
0.622000 8.831810e+002
0.624000 8.835902e+002
0.626000 8.839895e+002
0.628000 8.843789e+002
0.630000 8.847584e+002
0.632000 8.851280e+002
0.634000 8.854878e+002
0.636000 8.858377e+002
0.638000 8.861778e+002
0.640000 8.865081e+002
0.642000 8.868286e+002
0.644000 8.871393e+002
0.646000 8.874402e+002
0.648000 8.877314e+002
0.650000 8.880128e+002
0.652000 8.882845e+002
0.654000 8.885465e+002
0.656000 8.887989e+002
0.658000 8.890415e+002
0.660000 8.892745e+002
0.662000 8.894978e+002
0.664000 8.897116e+002
0.666000 8.899157e+002
0.668000 8.901103e+002
0.670000 8.902953e+002
0.672000 8.904707e+002
0.674000 8.906366e+002
0.676000 8.907930e+002
0.678000 8.909400e+002
0.680000 8.910774e+002
0.682000 8.912054e+002
0.684000 8.913240e+002
0.686000 8.914332e+002
0.688000 8.915329e+002
0.690000 8.916234e+002
0.692000 8.917044e+002
0.694000 8.917762e+002
0.696000 8.918386e+002
0.698000 8.918918e+002
0.700000 8.919357e+002
0.702000 8.919704e+002
0.704000 8.919958e+002
0.706000 8.920121e+002
0.708000 8.920192e+002
0.710000 8.920172e+002
0.712000 8.920060e+002
0.714000 8.919857e+002
0.716000 8.919564e+002
0.718000 8.919180e+002
0.720000 8.918706e+002
0.722000 8.918142e+002
0.724000 8.917488e+002
0.726000 8.916744e+002
0.728000 8.915912e+002
0.730000 8.914990e+002
0.732000 8.913979e+002
0.734000 8.912880e+002
0.736000 8.911693e+002
0.738000 8.910418e+002
0.740000 8.909055e+002
0.742000 8.907604e+002
0.744000 8.906066e+002
0.746000 8.904442e+002
0.748000 8.902730e+002
0.750000 8.900933e+002
0.752000 8.899049e+002
0.754000 8.897079e+002
0.756000 8.895024e+002
0.758000 8.892884e+002
0.760000 8.890658e+002
0.762000 8.888348e+002
0.764000 8.885953e+002
0.766000 8.883474e+002
0.768000 8.880912e+002
0.770000 8.878265e+002
0.772000 8.875536e+002
0.774000 8.872723e+002
0.776000 8.869828e+002
0.778000 8.866850e+002
0.780000 8.863790e+002
0.782000 8.860649e+002
0.784000 8.857426e+002
0.786000 8.854122e+002
0.788000 8.850736e+002
0.790000 8.847271e+002
0.792000 8.843725e+002
0.794000 8.840099e+002
0.796000 8.836393e+002
0.798000 8.832608e+002
0.800000 8.828744e+002
0.802000 8.824801e+002
0.804000 8.820780e+002
0.806000 8.816681e+002
0.808000 8.812504e+002
0.810000 8.808249e+002
0.812000 8.803918e+002
0.814000 8.799509e+002
0.816000 8.795024e+002
0.818000 8.790463e+002
0.820000 8.785827e+002
0.822000 8.781114e+002
0.824000 8.776327e+002
0.826000 8.771465e+002
0.828000 8.766528e+002
0.830000 8.761517e+002
0.832000 8.756432e+002
0.834000 8.751274e+002
0.836000 8.746043e+002
0.838000 8.740739e+002
0.840000 8.735362e+002
0.842000 8.729914e+002
0.844000 8.724393e+002
0.846000 8.718801e+002
0.848000 8.713138e+002
0.850000 8.707405e+002
0.852000 8.701601e+002
0.854000 8.695726e+002
0.856000 8.689783e+002
0.858000 8.683769e+002
0.860000 8.677687e+002
0.862000 8.671537e+002
0.864000 8.665318e+002
0.866000 8.659031e+002
0.868000 8.652676e+002
0.870000 8.646254e+002
0.872000 8.639766e+002
0.874000 8.633211e+002
0.876000 8.626589e+002
0.878000 8.619902e+002
0.880000 8.613150e+002
0.882000 8.606333e+002
0.884000 8.599451e+002
0.886000 8.592504e+002
0.888000 8.585494e+002
0.890000 8.578420e+002
0.892000 8.571283e+002
0.894000 8.564083e+002
0.896000 8.556820e+002
0.898000 8.549495e+002
0.900000 8.542109e+002
0.902000 8.534661e+002
0.904000 8.527153e+002
0.906000 8.519583e+002
0.908000 8.511953e+002
0.910000 8.504264e+002
0.912000 8.496515e+002
0.914000 8.488707e+002
0.916000 8.480840e+002
0.918000 8.472915e+002
0.920000 8.464931e+002
0.922000 8.456890e+002
0.924000 8.448792e+002
0.926000 8.440637e+002
0.928000 8.432425e+002
0.930000 8.424158e+002
0.932000 8.415834e+002
0.934000 8.407456e+002
0.936000 8.399022e+002
0.938000 8.390533e+002
0.940000 8.381991e+002
0.942000 8.373394e+002
0.944000 8.364745e+002
0.946000 8.356042e+002
0.948000 8.347286e+002
0.950000 8.338478e+002
0.952000 8.329618e+002
0.954000 8.320707e+002
0.956000 8.311744e+002
0.958000 8.302731e+002
0.960000 8.293667e+002
0.962000 8.284553e+002
0.964000 8.275390e+002
0.966000 8.266178e+002
0.968000 8.256916e+002
0.970000 8.247606e+002
0.972000 8.238248e+002
0.974000 8.228843e+002
0.976000 8.219390e+002
0.978000 8.209890e+002
0.980000 8.200344e+002
0.982000 8.190751e+002
0.984000 8.181113e+002
0.986000 8.171429e+002
0.988000 8.161701e+002
0.990000 8.151927e+002
0.992000 8.142110e+002
0.994000 8.132249e+002
0.996000 8.122344e+002
0.998000 8.112396e+002
1.000000 8.102406e+002
1.002000 8.092373e+002
1.004000 8.082299e+002
1.006000 8.072183e+002
1.008000 8.062026e+002
1.010000 8.051828e+002
1.012000 8.041589e+002
1.014000 8.031311e+002
1.016000 8.020994e+002
1.018000 8.010637e+002
1.020000 8.000241e+002
1.022000 7.989807e+002
1.024000 7.979334e+002
1.026000 7.968825e+002
1.028000 7.958278e+002
1.030000 7.947694e+002
1.032000 7.937073e+002
1.034000 7.926417e+002
1.036000 7.915724e+002
1.038000 7.904997e+002
1.040000 7.894234e+002
1.042000 7.883437e+002
1.044000 7.872605e+002
1.046000 7.861740e+002
1.048000 7.850842e+002
1.050000 7.839910e+002
1.052000 7.828946e+002
1.054000 7.817949e+002
1.056000 7.806921e+002
1.058000 7.795861e+002
1.060000 7.784770e+002
1.062000 7.773648e+002
1.064000 7.762495e+002
1.066000 7.751313e+002
1.068000 7.740101e+002
1.070000 7.728860e+002
1.072000 7.717590e+002
1.074000 7.706291e+002
1.076000 7.694965e+002
1.078000 7.683610e+002
1.080000 7.672228e+002
1.082000 7.660820e+002
1.084000 7.649384e+002
1.086000 7.637922e+002
1.088000 7.626435e+002
1.090000 7.614922e+002
1.092000 7.603384e+002
1.094000 7.591820e+002
1.096000 7.580233e+002
1.098000 7.568622e+002
1.100000 7.556986e+002
1.102000 7.545328e+002
1.104000 7.533647e+002
1.106000 7.521943e+002
1.108000 7.510217e+002
1.110000 7.498469e+002
1.112000 7.486699e+002
1.114000 7.474909e+002
1.116000 7.463098e+002
1.118000 7.451266e+002
1.120000 7.439414e+002
1.122000 7.427543e+002
1.124000 7.415652e+002
1.126000 7.403743e+002
1.128000 7.391814e+002
1.130000 7.379868e+002
1.132000 7.367904e+002
1.134000 7.355922e+002
1.136000 7.343923e+002
1.138000 7.331907e+002
1.140000 7.319875e+002
1.142000 7.307826e+002
1.144000 7.295762e+002
1.146000 7.283683e+002
1.148000 7.271588e+002
1.150000 7.259479e+002
1.152000 7.247355e+002
1.154000 7.235217e+002
1.156000 7.223066e+002
1.158000 7.210901e+002
1.160000 7.198724e+002
1.162000 7.186533e+002
1.164000 7.174330e+002
1.166000 7.162116e+002
1.168000 7.149890e+002
1.170000 7.137652e+002
1.172000 7.125403e+002
1.174000 7.113144e+002
1.176000 7.100875e+002
1.178000 7.088596e+002
1.180000 7.076307e+002
1.182000 7.064008e+002
1.184000 7.051701e+002
1.186000 7.039385e+002
1.188000 7.027061e+002
1.190000 7.014729e+002
1.192000 7.002389e+002
1.194000 6.990042e+002
1.196000 6.977688e+002
1.198000 6.965327e+002
1.200000 6.952960e+002
1.202000 6.940587e+002
1.204000 6.928208e+002
1.206000 6.915824e+002
1.208000 6.903434e+002
1.210000 6.891040e+002
1.212000 6.878641e+002
1.214000 6.866239e+002
1.216000 6.853832e+002
1.218000 6.841422e+002
1.220000 6.829009e+002
1.222000 6.816593e+002
1.224000 6.804174e+002
1.226000 6.791753e+002
1.228000 6.779330e+002
1.230000 6.766905e+002
1.232000 6.754479e+002
1.234000 6.742052e+002
1.236000 6.729624e+002
1.238000 6.717195e+002
1.240000 6.704767e+002
1.242000 6.692338e+002
1.244000 6.679910e+002
1.246000 6.667483e+002
1.248000 6.655056e+002
1.250000 6.642631e+002
1.252000 6.630207e+002
1.254000 6.617786e+002
1.256000 6.605366e+002
1.258000 6.592949e+002
1.260000 6.580535e+002
1.262000 6.568123e+002
1.264000 6.555715e+002
1.266000 6.543310e+002
1.268000 6.530910e+002
1.270000 6.518513e+002
1.272000 6.506121e+002
1.274000 6.493733e+002
1.276000 6.481350e+002
1.278000 6.468973e+002
1.280000 6.456601e+002
1.282000 6.444234e+002
1.284000 6.431874e+002
1.286000 6.419520e+002
1.288000 6.407173e+002
1.290000 6.394832e+002
1.292000 6.382498e+002
1.294000 6.370172e+002
1.296000 6.357853e+002
1.298000 6.345542e+002
1.300000 6.333239e+002
1.302000 6.320945e+002
1.304000 6.308659e+002
1.306000 6.296382e+002
1.308000 6.284114e+002
1.310000 6.271855e+002
1.312000 6.259606e+002
1.314000 6.247367e+002
1.316000 6.235138e+002
1.318000 6.222919e+002
1.320000 6.210711e+002
1.322000 6.198514e+002
1.324000 6.186327e+002
1.326000 6.174152e+002
1.328000 6.161989e+002
1.330000 6.149837e+002
1.332000 6.137697e+002
1.334000 6.125569e+002
1.336000 6.113454e+002
1.338000 6.101351e+002
1.340000 6.089262e+002
1.342000 6.077185e+002
1.344000 6.065122e+002
1.346000 6.053072e+002
1.348000 6.041036e+002
1.350000 6.029015e+002
1.352000 6.017007e+002
1.354000 6.005014e+002
1.356000 5.993035e+002
1.358000 5.981071e+002
1.360000 5.969123e+002
1.362000 5.957189e+002
1.364000 5.945271e+002
1.366000 5.933369e+002
1.368000 5.921483e+002
1.370000 5.909613e+002
1.372000 5.897759e+002
1.374000 5.885921e+002
1.376000 5.874101e+002
1.378000 5.862297e+002
1.380000 5.850510e+002
1.382000 5.838741e+002
1.384000 5.826989e+002
1.386000 5.815255e+002
1.388000 5.803538e+002
1.390000 5.791840e+002
1.392000 5.780160e+002
1.394000 5.768498e+002
1.396000 5.756855e+002
1.398000 5.745231e+002
1.400000 5.733626e+002
1.402000 5.722040e+002
1.404000 5.710473e+002
1.406000 5.698926e+002
1.408000 5.687398e+002
1.410000 5.675890e+002
1.412000 5.664403e+002
1.414000 5.652935e+002
1.416000 5.641488e+002
1.418000 5.630061e+002
1.420000 5.618656e+002
1.422000 5.607270e+002
1.424000 5.595906e+002
1.426000 5.584564e+002
1.428000 5.573242e+002
1.430000 5.561942e+002
1.432000 5.550664e+002
1.434000 5.539407e+002
1.436000 5.528173e+002
1.438000 5.516960e+002
1.440000 5.505770e+002
1.442000 5.494602e+002
1.444000 5.483457e+002
1.446000 5.472335e+002
1.448000 5.461235e+002
1.450000 5.450158e+002
1.452000 5.439105e+002
1.454000 5.428075e+002
1.456000 5.417068e+002
1.458000 5.406085e+002
1.460000 5.395125e+002
1.462000 5.384190e+002
1.464000 5.373278e+002
1.466000 5.362390e+002
1.468000 5.351527e+002
1.470000 5.340688e+002
1.472000 5.329873e+002
1.474000 5.319083e+002
1.476000 5.308318e+002
1.478000 5.297578e+002
1.480000 5.286862e+002
1.482000 5.276172e+002
1.484000 5.265507e+002
1.486000 5.254867e+002
1.488000 5.244253e+002
1.490000 5.233664e+002
1.492000 5.223101e+002
1.494000 5.212563e+002
1.496000 5.202052e+002
1.498000 5.191566e+002
1.500000 5.181107e+002
1.502000 5.170674e+002
1.504000 5.160267e+002
1.506000 5.149887e+002
1.508000 5.139533e+002
1.510000 5.129205e+002
1.512000 5.118905e+002
1.514000 5.108631e+002
1.516000 5.098384e+002
1.518000 5.088164e+002
1.520000 5.077971e+002
1.522000 5.067806e+002
1.524000 5.057667e+002
1.526000 5.047556e+002
1.528000 5.037473e+002
1.530000 5.027417e+002
1.532000 5.017388e+002
1.534000 5.007387e+002
1.536000 4.997414e+002
1.538000 4.987469e+002
1.540000 4.977552e+002
1.542000 4.967663e+002
1.544000 4.957802e+002
1.546000 4.947969e+002
1.548000 4.938164e+002
1.550000 4.928388e+002
1.552000 4.918640e+002
1.554000 4.908921e+002
1.556000 4.899230e+002
1.558000 4.889567e+002
1.560000 4.879933e+002
1.562000 4.870328e+002
1.564000 4.860752e+002
1.566000 4.851205e+002
1.568000 4.841686e+002
1.570000 4.832197e+002
1.572000 4.822736e+002
1.574000 4.813304e+002
1.576000 4.803902e+002
1.578000 4.794529e+002
1.580000 4.785185e+002
1.582000 4.775870e+002
1.584000 4.766585e+002
1.586000 4.757329e+002
1.588000 4.748103e+002
1.590000 4.738906e+002
1.592000 4.729738e+002
1.594000 4.720600e+002
1.596000 4.711492e+002
1.598000 4.702413e+002
1.600000 4.693364e+002
1.602000 4.684345e+002
1.604000 4.675355e+002
1.606000 4.666396e+002
1.608000 4.657466e+002
1.610000 4.648566e+002
1.612000 4.639696e+002
1.614000 4.630856e+002
1.616000 4.622046e+002
1.618000 4.613266e+002
1.620000 4.604516e+002
1.622000 4.595795e+002
1.624000 4.587106e+002
1.626000 4.578446e+002
1.628000 4.569816e+002
1.630000 4.561216e+002
1.632000 4.552647e+002
1.634000 4.544108e+002
1.636000 4.535599e+002
1.638000 4.527120e+002
1.640000 4.518672e+002
1.642000 4.510253e+002
1.644000 4.501865e+002
1.646000 4.493508e+002
1.648000 4.485180e+002
1.650000 4.476883e+002
1.652000 4.468617e+002
1.654000 4.460380e+002
1.656000 4.452174e+002
1.658000 4.443999e+002
1.660000 4.435854e+002
1.662000 4.427739e+002
1.664000 4.419654e+002
1.666000 4.411600e+002
1.668000 4.403576e+002
1.670000 4.395583e+002
1.672000 4.387620e+002
1.674000 4.379687e+002
1.676000 4.371785e+002
1.678000 4.363913e+002
1.680000 4.356072e+002
1.682000 4.348261e+002
1.684000 4.340480e+002
1.686000 4.332729e+002
1.688000 4.325009e+002
1.690000 4.317320e+002
1.692000 4.309660e+002
1.694000 4.302031e+002
1.696000 4.294433e+002
1.698000 4.286864e+002
1.700000 4.279326e+002
1.702000 4.271818e+002
1.704000 4.264341e+002
1.706000 4.256893e+002
1.708000 4.249476e+002
1.710000 4.242089e+002
1.712000 4.234732e+002
1.714000 4.227406e+002
1.716000 4.220109e+002
1.718000 4.212843e+002
1.720000 4.205607e+002
1.722000 4.198401e+002
1.724000 4.191225e+002
1.726000 4.184079e+002
1.728000 4.176963e+002
1.730000 4.169877e+002
1.732000 4.162821e+002
1.734000 4.155794e+002
1.736000 4.148798e+002
1.738000 4.141832e+002
1.740000 4.134895e+002
1.742000 4.127989e+002
1.744000 4.121112e+002
1.746000 4.114265e+002
1.748000 4.107447e+002
1.750000 4.100659e+002
1.752000 4.093901e+002
1.754000 4.087173e+002
1.756000 4.080474e+002
1.758000 4.073804e+002
1.760000 4.067164e+002
1.762000 4.060554e+002
1.764000 4.053973e+002
1.766000 4.047421e+002
1.768000 4.040899e+002
1.770000 4.034406e+002
1.772000 4.027942e+002
1.774000 4.021508e+002
1.776000 4.015102e+002
1.778000 4.008726e+002
1.780000 4.002379e+002
1.782000 3.996061e+002
1.784000 3.989772e+002
1.786000 3.983511e+002
1.788000 3.977280e+002
1.790000 3.971078e+002
1.792000 3.964904e+002
1.794000 3.958759e+002
1.796000 3.952643e+002
1.798000 3.946555e+002
1.800000 3.940497e+002
1.802000 3.934466e+002
1.804000 3.928464e+002
1.806000 3.922491e+002
1.808000 3.916546e+002
1.810000 3.910629e+002
1.812000 3.904741e+002
1.814000 3.898881e+002
1.816000 3.893049e+002
1.818000 3.887245e+002
1.820000 3.881469e+002
1.822000 3.875721e+002
1.824000 3.870001e+002
1.826000 3.864309e+002
1.828000 3.858645e+002
1.830000 3.853008e+002
1.832000 3.847400e+002
1.834000 3.841819e+002
1.836000 3.836265e+002
1.838000 3.830739e+002
1.840000 3.825241e+002
1.842000 3.819770e+002
1.844000 3.814326e+002
1.846000 3.808909e+002
1.848000 3.803520e+002
1.850000 3.798158e+002
1.852000 3.792823e+002
1.854000 3.787515e+002
1.856000 3.782234e+002
1.858000 3.776980e+002
1.860000 3.771752e+002
1.862000 3.766552e+002
1.864000 3.761378e+002
1.866000 3.756231e+002
1.868000 3.751110e+002
1.870000 3.746016e+002
1.872000 3.740948e+002
1.874000 3.735906e+002
1.876000 3.730891e+002
1.878000 3.725902e+002
1.880000 3.720939e+002
1.882000 3.716002e+002
1.884000 3.711091e+002
1.886000 3.706206e+002
1.888000 3.701347e+002
1.890000 3.696514e+002
1.892000 3.691706e+002
1.894000 3.686924e+002
1.896000 3.682168e+002
1.898000 3.677437e+002
1.900000 3.672732e+002
1.902000 3.668051e+002
1.904000 3.663396e+002
1.906000 3.658767e+002
1.908000 3.654162e+002
1.910000 3.649583e+002
1.912000 3.645028e+002
1.914000 3.640498e+002
1.916000 3.635993e+002
1.918000 3.631513e+002
1.920000 3.627057e+002
1.922000 3.622627e+002
1.924000 3.618220e+002
1.926000 3.613838e+002
1.928000 3.609480e+002
1.930000 3.605147e+002
1.932000 3.600838e+002
1.934000 3.596553e+002
1.936000 3.592291e+002
1.938000 3.588054e+002
1.940000 3.583841e+002
1.942000 3.579652e+002
1.944000 3.575486e+002
1.946000 3.571344e+002
1.948000 3.567225e+002
1.950000 3.563130e+002
1.952000 3.559059e+002
1.954000 3.555010e+002
1.956000 3.550985e+002
1.958000 3.546983e+002
1.960000 3.543004e+002
1.962000 3.539048e+002
1.964000 3.535115e+002
1.966000 3.531205e+002
1.968000 3.527318e+002
1.970000 3.523453e+002
1.972000 3.519611e+002
1.974000 3.515792e+002
1.976000 3.511994e+002
1.978000 3.508219e+002
1.980000 3.504467e+002
1.982000 3.500736e+002
1.984000 3.497028e+002
1.986000 3.493342e+002
1.988000 3.489677e+002
1.990000 3.486035e+002
1.992000 3.482414e+002
1.994000 3.478815e+002
1.996000 3.475238e+002
1.998000 3.471682e+002
2.000000 3.468147e+002
2.002000 3.464634e+002
2.004000 3.461142e+002
2.006000 3.457671e+002
2.008000 3.454222e+002
2.010000 3.450793e+002
2.012000 3.447385e+002
2.014000 3.443998e+002
2.016000 3.440632e+002
2.018000 3.437287e+002
2.020000 3.433962e+002
2.022000 3.430658e+002
2.024000 3.427374e+002
2.026000 3.424110e+002
2.028000 3.420867e+002
2.030000 3.417644e+002
2.032000 3.414441e+002
2.034000 3.411258e+002
2.036000 3.408095e+002
2.038000 3.404952e+002
2.040000 3.401828e+002
2.042000 3.398724e+002
2.044000 3.395640e+002
2.046000 3.392575e+002
2.048000 3.389530e+002
2.050000 3.386504e+002
2.052000 3.383497e+002
2.054000 3.380510e+002
2.056000 3.377541e+002
2.058000 3.374592e+002
2.060000 3.371661e+002
2.062000 3.368750e+002
2.064000 3.365857e+002
2.066000 3.362983e+002
2.068000 3.360127e+002
2.070000 3.357290e+002
2.072000 3.354471e+002
2.074000 3.351670e+002
2.076000 3.348888e+002
2.078000 3.346124e+002
2.080000 3.343378e+002
2.082000 3.340650e+002
2.084000 3.337940e+002
2.086000 3.335248e+002
2.088000 3.332574e+002
2.090000 3.329917e+002
2.092000 3.327278e+002
2.094000 3.324656e+002
2.096000 3.322052e+002
2.098000 3.319465e+002
2.100000 3.316895e+002
2.102000 3.314343e+002
2.104000 3.311807e+002
2.106000 3.309289e+002
2.108000 3.306787e+002
2.110000 3.304303e+002
2.112000 3.301835e+002
2.114000 3.299384e+002
2.116000 3.296949e+002
2.118000 3.294531e+002
2.120000 3.292129e+002
2.122000 3.289744e+002
2.124000 3.287375e+002
2.126000 3.285022e+002
2.128000 3.282686e+002
2.130000 3.280365e+002
2.132000 3.278060e+002
2.134000 3.275772e+002
2.136000 3.273499e+002
2.138000 3.271241e+002
2.140000 3.269000e+002
2.142000 3.266773e+002
2.144000 3.264563e+002
2.146000 3.262367e+002
2.148000 3.260187e+002
2.150000 3.258023e+002
2.152000 3.255873e+002
2.154000 3.253739e+002
2.156000 3.251619e+002
2.158000 3.249515e+002
2.160000 3.247425e+002
2.162000 3.245350e+002
2.164000 3.243290e+002
2.166000 3.241244e+002
2.168000 3.239213e+002
2.170000 3.237196e+002
2.172000 3.235194e+002
2.174000 3.233206e+002
2.176000 3.231232e+002
2.178000 3.229272e+002
2.180000 3.227327e+002
2.182000 3.225395e+002
2.184000 3.223478e+002
2.186000 3.221574e+002
2.188000 3.219684e+002
2.190000 3.217807e+002
2.192000 3.215944e+002
2.194000 3.214095e+002
2.196000 3.212259e+002
2.198000 3.210437e+002
2.200000 3.208628e+002
2.202000 3.206832e+002
2.204000 3.205049e+002
2.206000 3.203280e+002
2.208000 3.201523e+002
2.210000 3.199780e+002
2.212000 3.198049e+002
2.214000 3.196331e+002
2.216000 3.194626e+002
2.218000 3.192933e+002
2.220000 3.191253e+002
2.222000 3.189586e+002
2.224000 3.187930e+002
2.226000 3.186288e+002
2.228000 3.184657e+002
2.230000 3.183039e+002
2.232000 3.181433e+002
2.234000 3.179839e+002
2.236000 3.178257e+002
2.238000 3.176687e+002
2.240000 3.175129e+002
2.242000 3.173582e+002
2.244000 3.172048e+002
2.246000 3.170525e+002
2.248000 3.169013e+002
2.250000 3.167513e+002
2.252000 3.166025e+002
2.254000 3.164548e+002
2.256000 3.163082e+002
2.258000 3.161628e+002
2.260000 3.160184e+002
2.262000 3.158752e+002
2.264000 3.157331e+002
2.266000 3.155921e+002
2.268000 3.154521e+002
2.270000 3.153133e+002
2.272000 3.151755e+002
2.274000 3.150388e+002
2.276000 3.149032e+002
2.278000 3.147686e+002
2.280000 3.146351e+002
2.282000 3.145026e+002
2.284000 3.143711e+002
2.286000 3.142407e+002
2.288000 3.141113e+002
2.290000 3.139829e+002
2.292000 3.138556e+002
2.294000 3.137292e+002
2.296000 3.136039e+002
2.298000 3.134795e+002
2.300000 3.133561e+002
2.302000 3.132337e+002
2.304000 3.131123e+002
2.306000 3.129919e+002
2.308000 3.128724e+002
2.310000 3.127538e+002
2.312000 3.126362e+002
2.314000 3.125196e+002
2.316000 3.124039e+002
2.318000 3.122891e+002
2.320000 3.121753e+002
2.322000 3.120623e+002
2.324000 3.119503e+002
2.326000 3.118392e+002
2.328000 3.117290e+002
2.330000 3.116197e+002
2.332000 3.115112e+002
2.334000 3.114037e+002
2.336000 3.112970e+002
2.338000 3.111912e+002
2.340000 3.110863e+002
2.342000 3.109822e+002
2.344000 3.108790e+002
2.346000 3.107766e+002
2.348000 3.106751e+002
2.350000 3.105744e+002
2.352000 3.104746e+002
2.354000 3.103755e+002
2.356000 3.102773e+002
2.358000 3.101799e+002
2.360000 3.100833e+002
2.362000 3.099876e+002
2.364000 3.098926e+002
2.366000 3.097984e+002
2.368000 3.097050e+002
2.370000 3.096123e+002
2.372000 3.095205e+002
2.374000 3.094294e+002
2.376000 3.093391e+002
2.378000 3.092496e+002
2.380000 3.091608e+002
2.382000 3.090727e+002
2.384000 3.089854e+002
2.386000 3.088989e+002
2.388000 3.088130e+002
2.390000 3.087279e+002
2.392000 3.086436e+002
2.394000 3.085599e+002
2.396000 3.084770e+002
2.398000 3.083947e+002
2.400000 3.083132e+002
2.402000 3.082324e+002
2.404000 3.081522e+002
2.406000 3.080728e+002
2.408000 3.079940e+002
2.410000 3.079159e+002
2.412000 3.078385e+002
2.414000 3.077618e+002
2.416000 3.076857e+002
2.418000 3.076103e+002
2.420000 3.075355e+002
2.422000 3.074614e+002
2.424000 3.073879e+002
2.426000 3.073151e+002
2.428000 3.072429e+002
2.430000 3.071713e+002
2.432000 3.071004e+002
2.434000 3.070301e+002
2.436000 3.069604e+002
2.438000 3.068913e+002
2.440000 3.068228e+002
2.442000 3.067550e+002
2.444000 3.066877e+002
2.446000 3.066210e+002
2.448000 3.065549e+002
2.450000 3.064894e+002
2.452000 3.064245e+002
2.454000 3.063602e+002
2.456000 3.062964e+002
2.458000 3.062332e+002
2.460000 3.061706e+002
2.462000 3.061085e+002
2.464000 3.060470e+002
2.466000 3.059860e+002
2.468000 3.059256e+002
2.470000 3.058657e+002
2.472000 3.058064e+002
2.474000 3.057476e+002
2.476000 3.056893e+002
2.478000 3.056315e+002
2.480000 3.055743e+002
2.482000 3.055176e+002
2.484000 3.054614e+002
2.486000 3.054057e+002
2.488000 3.053506e+002
2.490000 3.052959e+002
2.492000 3.052417e+002
2.494000 3.051880e+002
2.496000 3.051349e+002
2.498000 3.050822e+002
2.500000 3.050300e+002
2.502000 3.049782e+002
2.504000 3.049270e+002
2.506000 3.048762e+002
2.508000 3.048259e+002
2.510000 3.047760e+002
2.512000 3.047266e+002
2.514000 3.046777e+002
2.516000 3.046292e+002
2.518000 3.045812e+002
2.520000 3.045336e+002
2.522000 3.044864e+002
2.524000 3.044397e+002
2.526000 3.043935e+002
2.528000 3.043476e+002
2.530000 3.043022e+002
2.532000 3.042573e+002
2.534000 3.042127e+002
2.536000 3.041686e+002
2.538000 3.041249e+002
2.540000 3.040815e+002
2.542000 3.040386e+002
2.544000 3.039962e+002
2.546000 3.039541e+002
2.548000 3.039124e+002
2.550000 3.038711e+002
2.552000 3.038302e+002
2.554000 3.037896e+002
2.556000 3.037495e+002
2.558000 3.037098e+002
2.560000 3.036704e+002
2.562000 3.036314e+002
2.564000 3.035928e+002
2.566000 3.035545e+002
2.568000 3.035166e+002
2.570000 3.034791e+002
2.572000 3.034420e+002
2.574000 3.034052e+002
2.576000 3.033687e+002
2.578000 3.033326e+002
2.580000 3.032969e+002
2.582000 3.032615e+002
2.584000 3.032264e+002
2.586000 3.031917e+002
2.588000 3.031573e+002
2.590000 3.031233e+002
2.592000 3.030896e+002
2.594000 3.030562e+002
2.596000 3.030231e+002
2.598000 3.029904e+002
2.600000 3.029580e+002
2.602000 3.029259e+002
2.604000 3.028941e+002
2.606000 3.028627e+002
2.608000 3.028315e+002
2.610000 3.028007e+002
2.612000 3.027701e+002
2.614000 3.027399e+002
2.616000 3.027099e+002
2.618000 3.026803e+002
2.620000 3.026509e+002
2.622000 3.026219e+002
2.624000 3.025931e+002
2.626000 3.025646e+002
2.628000 3.025364e+002
2.630000 3.025085e+002
2.632000 3.024808e+002
2.634000 3.024535e+002
2.636000 3.024264e+002
2.638000 3.023995e+002
2.640000 3.023730e+002
2.642000 3.023467e+002
2.644000 3.023207e+002
2.646000 3.022949e+002
2.648000 3.022694e+002
2.650000 3.022442e+002
2.652000 3.022192e+002
2.654000 3.021945e+002
2.656000 3.021700e+002
2.658000 3.021458e+002
2.660000 3.021218e+002
2.662000 3.020980e+002
2.664000 3.020745e+002
2.666000 3.020513e+002
2.668000 3.020282e+002
2.670000 3.020055e+002
2.672000 3.019829e+002
2.674000 3.019606e+002
2.676000 3.019385e+002
2.678000 3.019166e+002
2.680000 3.018950e+002
2.682000 3.018735e+002
2.684000 3.018523e+002
2.686000 3.018314e+002
2.688000 3.018106e+002
2.690000 3.017901e+002
2.692000 3.017697e+002
2.694000 3.017496e+002
2.696000 3.017297e+002
2.698000 3.017100e+002
2.700000 3.016905e+002
2.702000 3.016712e+002
2.704000 3.016521e+002
2.706000 3.016332e+002
2.708000 3.016145e+002
2.710000 3.015960e+002
2.712000 3.015776e+002
2.714000 3.015595e+002
2.716000 3.015416e+002
2.718000 3.015239e+002
2.720000 3.015063e+002
2.722000 3.014889e+002
2.724000 3.014717e+002
2.726000 3.014547e+002
2.728000 3.014379e+002
2.730000 3.014213e+002
2.732000 3.014048e+002
2.734000 3.013885e+002
2.736000 3.013724e+002
2.738000 3.013564e+002
2.740000 3.013407e+002
2.742000 3.013250e+002
2.744000 3.013096e+002
2.746000 3.012943e+002
2.748000 3.012792e+002
2.750000 3.012642e+002
2.752000 3.012495e+002
2.754000 3.012348e+002
2.756000 3.012203e+002
2.758000 3.012060e+002
2.760000 3.011918e+002
2.762000 3.011778e+002
2.764000 3.011640e+002
2.766000 3.011503e+002
2.768000 3.011367e+002
2.770000 3.011233e+002
2.772000 3.011100e+002
2.774000 3.010969e+002
2.776000 3.010839e+002
2.778000 3.010710e+002
2.780000 3.010583e+002
2.782000 3.010458e+002
2.784000 3.010333e+002
2.786000 3.010211e+002
2.788000 3.010089e+002
2.790000 3.009969e+002
2.792000 3.009850e+002
2.794000 3.009732e+002
2.796000 3.009616e+002
2.798000 3.009501e+002
2.800000 3.009387e+002
2.802000 3.009274e+002
2.804000 3.009163e+002
2.806000 3.009053e+002
2.808000 3.008944e+002
2.810000 3.008837e+002
2.812000 3.008730e+002
2.814000 3.008625e+002
2.816000 3.008521e+002
2.818000 3.008418e+002
2.820000 3.008316e+002
2.822000 3.008216e+002
2.824000 3.008116e+002
2.826000 3.008018e+002
2.828000 3.007920e+002
2.830000 3.007824e+002
2.832000 3.007729e+002
2.834000 3.007635e+002
2.836000 3.007542e+002
2.838000 3.007450e+002
2.840000 3.007359e+002
2.842000 3.007269e+002
2.844000 3.007180e+002
2.846000 3.007092e+002
2.848000 3.007006e+002
2.850000 3.006920e+002
2.852000 3.006835e+002
2.854000 3.006751e+002
2.856000 3.006668e+002
2.858000 3.006586e+002
2.860000 3.006505e+002
2.862000 3.006424e+002
2.864000 3.006345e+002
2.866000 3.006267e+002
2.868000 3.006189e+002
2.870000 3.006113e+002
2.872000 3.006037e+002
2.874000 3.005962e+002
2.876000 3.005888e+002
2.878000 3.005815e+002
2.880000 3.005743e+002
2.882000 3.005671e+002
2.884000 3.005601e+002
2.886000 3.005531e+002
2.888000 3.005462e+002
2.890000 3.005393e+002
2.892000 3.005326e+002
2.894000 3.005259e+002
2.896000 3.005194e+002
2.898000 3.005128e+002
2.900000 3.005064e+002
2.902000 3.005000e+002
2.904000 3.004938e+002
2.906000 3.004875e+002
2.908000 3.004814e+002
2.910000 3.004753e+002
2.912000 3.004693e+002
2.914000 3.004634e+002
2.916000 3.004576e+002
2.918000 3.004518e+002
2.920000 3.004460e+002
2.922000 3.004404e+002
2.924000 3.004348e+002
2.926000 3.004293e+002
2.928000 3.004238e+002
2.930000 3.004184e+002
2.932000 3.004131e+002
2.934000 3.004079e+002
2.936000 3.004026e+002
2.938000 3.003975e+002
2.940000 3.003924e+002
2.942000 3.003874e+002
2.944000 3.003825e+002
2.946000 3.003776e+002
2.948000 3.003727e+002
2.950000 3.003679e+002
2.952000 3.003632e+002
2.954000 3.003585e+002
2.956000 3.003539e+002
2.958000 3.003494e+002
2.960000 3.003449e+002
2.962000 3.003404e+002
2.964000 3.003360e+002
2.966000 3.003317e+002
2.968000 3.003274e+002
2.970000 3.003231e+002
2.972000 3.003189e+002
2.974000 3.003148e+002
2.976000 3.003107e+002
2.978000 3.003067e+002
2.980000 3.003027e+002
2.982000 3.002988e+002
2.984000 3.002949e+002
2.986000 3.002910e+002
2.988000 3.002872e+002
2.990000 3.002835e+002
2.992000 3.002798e+002
2.994000 3.002761e+002
2.996000 3.002725e+002
2.998000 3.002689e+002
3.000000 3.002654e+002
3.002000 3.002619e+002
3.004000 3.002585e+002
3.006000 3.002551e+002
3.008000 3.002517e+002
3.010000 3.002484e+002
3.012000 3.002451e+002
3.014000 3.002419e+002
3.016000 3.002387e+002
3.018000 3.002355e+002
3.020000 3.002324e+002
3.022000 3.002293e+002
3.024000 3.002263e+002
3.026000 3.002233e+002
3.028000 3.002203e+002
3.030000 3.002174e+002
3.032000 3.002145e+002
3.034000 3.002116e+002
3.036000 3.002088e+002
3.038000 3.002060e+002
3.040000 3.002033e+002
3.042000 3.002006e+002
3.044000 3.001979e+002
3.046000 3.001952e+002
3.048000 3.001926e+002
3.050000 3.001900e+002
3.052000 3.001875e+002
3.054000 3.001850e+002
3.056000 3.001825e+002
3.058000 3.001800e+002
3.060000 3.001776e+002
3.062000 3.001752e+002
3.064000 3.001728e+002
3.066000 3.001705e+002
3.068000 3.001682e+002
3.070000 3.001659e+002
3.072000 3.001637e+002
3.074000 3.001615e+002
3.076000 3.001593e+002
3.078000 3.001571e+002
3.080000 3.001550e+002
3.082000 3.001529e+002
3.084000 3.001508e+002
3.086000 3.001487e+002
3.088000 3.001467e+002
3.090000 3.001447e+002
3.092000 3.001427e+002
3.094000 3.001408e+002
3.096000 3.001389e+002
3.098000 3.001370e+002
3.100000 3.001351e+002
3.102000 3.001332e+002
3.104000 3.001314e+002
3.106000 3.001296e+002
3.108000 3.001278e+002
3.110000 3.001261e+002
3.112000 3.001243e+002
3.114000 3.001226e+002
3.116000 3.001209e+002
3.118000 3.001192e+002
3.120000 3.001176e+002
3.122000 3.001160e+002
3.124000 3.001144e+002
3.126000 3.001128e+002
3.128000 3.001112e+002
3.130000 3.001097e+002
3.132000 3.001082e+002
3.134000 3.001067e+002
3.136000 3.001052e+002
3.138000 3.001037e+002
3.140000 3.001023e+002
3.142000 3.001008e+002
3.144000 3.000994e+002
3.146000 3.000980e+002
3.148000 3.000967e+002
3.150000 3.000953e+002
3.152000 3.000940e+002
3.154000 3.000927e+002
3.156000 3.000914e+002
3.158000 3.000901e+002
3.160000 3.000888e+002
3.162000 3.000876e+002
3.164000 3.000863e+002
3.166000 3.000851e+002
3.168000 3.000839e+002
3.170000 3.000827e+002
3.172000 3.000816e+002
3.174000 3.000804e+002
3.176000 3.000793e+002
3.178000 3.000782e+002
3.180000 3.000771e+002
3.182000 3.000760e+002
3.184000 3.000749e+002
3.186000 3.000738e+002
3.188000 3.000728e+002
3.190000 3.000717e+002
3.192000 3.000707e+002
3.194000 3.000697e+002
3.196000 3.000687e+002
3.198000 3.000677e+002
3.200000 3.000668e+002
3.202000 3.000658e+002
3.204000 3.000649e+002
3.206000 3.000640e+002
3.208000 3.000630e+002
3.210000 3.000621e+002
3.212000 3.000612e+002
3.214000 3.000604e+002
3.216000 3.000595e+002
3.218000 3.000586e+002
3.220000 3.000578e+002
3.222000 3.000570e+002
3.224000 3.000561e+002
3.226000 3.000553e+002
3.228000 3.000545e+002
3.230000 3.000537e+002
3.232000 3.000530e+002
3.234000 3.000522e+002
3.236000 3.000514e+002
3.238000 3.000507e+002
3.240000 3.000500e+002
3.242000 3.000492e+002
3.244000 3.000485e+002
3.246000 3.000478e+002
3.248000 3.000471e+002
3.250000 3.000464e+002
3.252000 3.000458e+002
3.254000 3.000451e+002
3.256000 3.000444e+002
3.258000 3.000438e+002
3.260000 3.000431e+002
3.262000 3.000425e+002
3.264000 3.000419e+002
3.266000 3.000413e+002
3.268000 3.000407e+002
3.270000 3.000401e+002
3.272000 3.000395e+002
3.274000 3.000389e+002
3.276000 3.000383e+002
3.278000 3.000378e+002
3.280000 3.000372e+002
3.282000 3.000367e+002
3.284000 3.000361e+002
3.286000 3.000356e+002
3.288000 3.000351e+002
3.290000 3.000345e+002
3.292000 3.000340e+002
3.294000 3.000335e+002
3.296000 3.000330e+002
3.298000 3.000325e+002
3.300000 3.000321e+002
3.302000 3.000316e+002
3.304000 3.000311e+002
3.306000 3.000306e+002
3.308000 3.000302e+002
3.310000 3.000297e+002
3.312000 3.000293e+002
3.314000 3.000289e+002
3.316000 3.000284e+002
3.318000 3.000280e+002
3.320000 3.000276e+002
3.322000 3.000272e+002
3.324000 3.000268e+002
3.326000 3.000264e+002
3.328000 3.000260e+002
3.330000 3.000256e+002
3.332000 3.000252e+002
3.334000 3.000248e+002
3.336000 3.000244e+002
3.338000 3.000241e+002
3.340000 3.000237e+002
3.342000 3.000233e+002
3.344000 3.000230e+002
3.346000 3.000226e+002
3.348000 3.000223e+002
3.350000 3.000220e+002
3.352000 3.000216e+002
3.354000 3.000213e+002
3.356000 3.000210e+002
3.358000 3.000207e+002
3.360000 3.000203e+002
3.362000 3.000200e+002
3.364000 3.000197e+002
3.366000 3.000194e+002
3.368000 3.000191e+002
3.370000 3.000188e+002
3.372000 3.000186e+002
3.374000 3.000183e+002
3.376000 3.000180e+002
3.378000 3.000177e+002
3.380000 3.000174e+002
3.382000 3.000172e+002
3.384000 3.000169e+002
3.386000 3.000167e+002
3.388000 3.000164e+002
3.390000 3.000161e+002
3.392000 3.000159e+002
3.394000 3.000157e+002
3.396000 3.000154e+002
3.398000 3.000152e+002
3.400000 3.000149e+002
3.402000 3.000147e+002
3.404000 3.000145e+002
3.406000 3.000143e+002
3.408000 3.000140e+002
3.410000 3.000138e+002
3.412000 3.000136e+002
3.414000 3.000134e+002
3.416000 3.000132e+002
3.418000 3.000130e+002
3.420000 3.000128e+002
3.422000 3.000126e+002
3.424000 3.000124e+002
3.426000 3.000122e+002
3.428000 3.000120e+002
3.430000 3.000118e+002
3.432000 3.000116e+002
3.434000 3.000114e+002
3.436000 3.000113e+002
3.438000 3.000111e+002
3.440000 3.000109e+002
3.442000 3.000107e+002
3.444000 3.000106e+002
3.446000 3.000104e+002
3.448000 3.000102e+002
3.450000 3.000101e+002
3.452000 3.000099e+002
3.454000 3.000098e+002
3.456000 3.000096e+002
3.458000 3.000095e+002
3.460000 3.000093e+002
3.462000 3.000092e+002
3.464000 3.000090e+002
3.466000 3.000089e+002
3.468000 3.000087e+002
3.470000 3.000086e+002
3.472000 3.000085e+002
3.474000 3.000083e+002
3.476000 3.000082e+002
3.478000 3.000081e+002
3.480000 3.000079e+002
3.482000 3.000078e+002
3.484000 3.000077e+002
3.486000 3.000076e+002
3.488000 3.000074e+002
3.490000 3.000073e+002
3.492000 3.000072e+002
3.494000 3.000071e+002
3.496000 3.000070e+002
3.498000 3.000069e+002
3.500000 3.000068e+002
3.502000 3.000067e+002
3.504000 3.000065e+002
3.506000 3.000064e+002
3.508000 3.000063e+002
3.510000 3.000062e+002
3.512000 3.000061e+002
3.514000 3.000060e+002
3.516000 3.000059e+002
3.518000 3.000058e+002
3.520000 3.000058e+002
3.522000 3.000057e+002
3.524000 3.000056e+002
3.526000 3.000055e+002
3.528000 3.000054e+002
3.530000 3.000053e+002
3.532000 3.000052e+002
3.534000 3.000051e+002
3.536000 3.000050e+002
3.538000 3.000050e+002
3.540000 3.000049e+002
3.542000 3.000048e+002
3.544000 3.000047e+002
3.546000 3.000046e+002
3.548000 3.000046e+002
3.550000 3.000045e+002
3.552000 3.000044e+002
3.554000 3.000044e+002
3.556000 3.000043e+002
3.558000 3.000042e+002
3.560000 3.000041e+002
3.562000 3.000041e+002
3.564000 3.000040e+002
3.566000 3.000039e+002
3.568000 3.000039e+002
3.570000 3.000038e+002
3.572000 3.000038e+002
3.574000 3.000037e+002
3.576000 3.000036e+002
3.578000 3.000036e+002
3.580000 3.000035e+002
3.582000 3.000035e+002
3.584000 3.000034e+002
3.586000 3.000033e+002
3.588000 3.000033e+002
3.590000 3.000032e+002
3.592000 3.000032e+002
3.594000 3.000031e+002
3.596000 3.000031e+002
3.598000 3.000030e+002
3.600000 3.000030e+002
3.602000 3.000029e+002
3.604000 3.000029e+002
3.606000 3.000028e+002
3.608000 3.000028e+002
3.610000 3.000027e+002
3.612000 3.000027e+002
3.614000 3.000026e+002
3.616000 3.000026e+002
3.618000 3.000026e+002
3.620000 3.000025e+002
3.622000 3.000025e+002
3.624000 3.000024e+002
3.626000 3.000024e+002
3.628000 3.000023e+002
3.630000 3.000023e+002
3.632000 3.000023e+002
3.634000 3.000022e+002
3.636000 3.000022e+002
3.638000 3.000022e+002
3.640000 3.000021e+002
3.642000 3.000021e+002
3.644000 3.000021e+002
3.646000 3.000020e+002
3.648000 3.000020e+002
3.650000 3.000020e+002
3.652000 3.000019e+002
3.654000 3.000019e+002
3.656000 3.000019e+002
3.658000 3.000018e+002
3.660000 3.000018e+002
3.662000 3.000018e+002
3.664000 3.000017e+002
3.666000 3.000017e+002
3.668000 3.000017e+002
3.670000 3.000016e+002
3.672000 3.000016e+002
3.674000 3.000016e+002
3.676000 3.000016e+002
3.678000 3.000015e+002
3.680000 3.000015e+002
3.682000 3.000015e+002
3.684000 3.000015e+002
3.686000 3.000014e+002
3.688000 3.000014e+002
3.690000 3.000014e+002
3.692000 3.000014e+002
3.694000 3.000013e+002
3.696000 3.000013e+002
3.698000 3.000013e+002
3.700000 3.000013e+002
3.702000 3.000012e+002
3.704000 3.000012e+002
3.706000 3.000012e+002
3.708000 3.000012e+002
3.710000 3.000012e+002
3.712000 3.000011e+002
3.714000 3.000011e+002
3.716000 3.000011e+002
3.718000 3.000011e+002
3.720000 3.000011e+002
3.722000 3.000011e+002
3.724000 3.000010e+002
3.726000 3.000010e+002
3.728000 3.000010e+002
3.730000 3.000010e+002
3.732000 3.000010e+002
3.734000 3.000009e+002
3.736000 3.000009e+002
3.738000 3.000009e+002
3.740000 3.000009e+002
3.742000 3.000009e+002
3.744000 3.000009e+002
3.746000 3.000009e+002
3.748000 3.000008e+002
3.750000 3.000008e+002
3.752000 3.000008e+002
3.754000 3.000008e+002
3.756000 3.000008e+002
3.758000 3.000008e+002
3.760000 3.000008e+002
3.762000 3.000007e+002
3.764000 3.000007e+002
3.766000 3.000007e+002
3.768000 3.000007e+002
3.770000 3.000007e+002
3.772000 3.000007e+002
3.774000 3.000007e+002
3.776000 3.000007e+002
3.778000 3.000006e+002
3.780000 3.000006e+002
3.782000 3.000006e+002
3.784000 3.000006e+002
3.786000 3.000006e+002
3.788000 3.000006e+002
3.790000 3.000006e+002
3.792000 3.000006e+002
3.794000 3.000006e+002
3.796000 3.000006e+002
3.798000 3.000005e+002
3.800000 3.000005e+002
3.802000 3.000005e+002
3.804000 3.000005e+002
3.806000 3.000005e+002
3.808000 3.000005e+002
3.810000 3.000005e+002
3.812000 3.000005e+002
3.814000 3.000005e+002
3.816000 3.000005e+002
3.818000 3.000005e+002
3.820000 3.000005e+002
3.822000 3.000004e+002
3.824000 3.000004e+002
3.826000 3.000004e+002
3.828000 3.000004e+002
3.830000 3.000004e+002
3.832000 3.000004e+002
3.834000 3.000004e+002
3.836000 3.000004e+002
3.838000 3.000004e+002
3.840000 3.000004e+002
3.842000 3.000004e+002
3.844000 3.000004e+002
3.846000 3.000004e+002
3.848000 3.000004e+002
3.850000 3.000004e+002
3.852000 3.000003e+002
3.854000 3.000003e+002
3.856000 3.000003e+002
3.858000 3.000003e+002
3.860000 3.000003e+002
3.862000 3.000003e+002
3.864000 3.000003e+002
3.866000 3.000003e+002
3.868000 3.000003e+002
3.870000 3.000003e+002
3.872000 3.000003e+002
3.874000 3.000003e+002
3.876000 3.000003e+002
3.878000 3.000003e+002
3.880000 3.000003e+002
3.882000 3.000003e+002
3.884000 3.000003e+002
3.886000 3.000003e+002
3.888000 3.000003e+002
3.890000 3.000003e+002
3.892000 3.000003e+002
3.894000 3.000003e+002
3.896000 3.000003e+002
3.898000 3.000002e+002
3.900000 3.000002e+002
3.902000 3.000002e+002
3.904000 3.000002e+002
3.906000 3.000002e+002
3.908000 3.000002e+002
3.910000 3.000002e+002
3.912000 3.000002e+002
3.914000 3.000002e+002
3.916000 3.000002e+002
3.918000 3.000002e+002
3.920000 3.000002e+002
3.922000 3.000002e+002
3.924000 3.000002e+002
3.926000 3.000002e+002
3.928000 3.000002e+002
3.930000 3.000002e+002
3.932000 3.000002e+002
3.934000 3.000002e+002
3.936000 3.000002e+002
3.938000 3.000002e+002
3.940000 3.000002e+002
3.942000 3.000002e+002
3.944000 3.000002e+002
3.946000 3.000002e+002
3.948000 3.000002e+002
3.950000 3.000002e+002
3.952000 3.000002e+002
3.954000 3.000002e+002
3.956000 3.000002e+002
3.958000 3.000002e+002
3.960000 3.000002e+002
3.962000 3.000002e+002
3.964000 3.000002e+002
3.966000 3.000002e+002
3.968000 3.000002e+002
3.970000 3.000002e+002
3.972000 3.000002e+002
3.974000 3.000002e+002
3.976000 3.000002e+002
3.978000 3.000002e+002
3.980000 3.000002e+002
3.982000 3.000002e+002
3.984000 3.000002e+002
3.986000 3.000002e+002
3.988000 3.000002e+002
3.990000 3.000002e+002
3.992000 3.000002e+002
3.994000 3.000002e+002
3.996000 3.000002e+002
3.998000 3.000000e+002
