0.000000 3.349591e+002
0.002000 3.388317e+002
0.004000 3.427032e+002
0.006000 3.465735e+002
0.008000 3.504426e+002
0.010000 3.543103e+002
0.012000 3.581764e+002
0.014000 3.620410e+002
0.016000 3.659038e+002
0.018000 3.697648e+002
0.020000 3.736238e+002
0.022000 3.774808e+002
0.024000 3.813357e+002
0.026000 3.851883e+002
0.028000 3.890385e+002
0.030000 3.928863e+002
0.032000 3.967315e+002
0.034000 4.005740e+002
0.036000 4.044137e+002
0.038000 4.082504e+002
0.040000 4.120842e+002
0.042000 4.159149e+002
0.044000 4.197423e+002
0.046000 4.235664e+002
0.048000 4.273871e+002
0.050000 4.312043e+002
0.052000 4.350177e+002
0.054000 4.388275e+002
0.056000 4.426333e+002
0.058000 4.464353e+002
0.060000 4.502331e+002
0.062000 4.540268e+002
0.064000 4.578161e+002
0.066000 4.616011e+002
0.068000 4.653817e+002
0.070000 4.691576e+002
0.072000 4.729288e+002
0.074000 4.766952e+002
0.076000 4.804567e+002
0.078000 4.842133e+002
0.080000 4.879647e+002
0.082000 4.917109e+002
0.084000 4.954517e+002
0.086000 4.991872e+002
0.088000 5.029171e+002
0.090000 5.066414e+002
0.092000 5.103600e+002
0.094000 5.140728e+002
0.096000 5.177796e+002
0.098000 5.214804e+002
0.100000 5.251751e+002
0.102000 5.288635e+002
0.104000 5.325456e+002
0.106000 5.362213e+002
0.108000 5.398905e+002
0.110000 5.435530e+002
0.112000 5.472088e+002
0.114000 5.508578e+002
0.116000 5.544999e+002
0.118000 5.581349e+002
0.120000 5.617628e+002
0.122000 5.653835e+002
0.124000 5.689969e+002
0.126000 5.726029e+002
0.128000 5.762014e+002
0.130000 5.797923e+002
0.132000 5.833755e+002
0.134000 5.869508e+002
0.136000 5.905183e+002
0.138000 5.940779e+002
0.140000 5.976293e+002
0.142000 6.011726e+002
0.144000 6.047076e+002
0.146000 6.082342e+002
0.148000 6.117524e+002
0.150000 6.152621e+002
0.152000 6.187631e+002
0.154000 6.222554e+002
0.156000 6.257388e+002
0.158000 6.292134e+002
0.160000 6.326790e+002
0.162000 6.361355e+002
0.164000 6.395828e+002
0.166000 6.430208e+002
0.168000 6.464495e+002
0.170000 6.498687e+002
0.172000 6.532784e+002
0.174000 6.566785e+002
0.176000 6.600689e+002
0.178000 6.634495e+002
0.180000 6.668202e+002
0.182000 6.701809e+002
0.184000 6.735316e+002
0.186000 6.768721e+002
0.188000 6.802024e+002
0.190000 6.835225e+002
0.192000 6.868321e+002
0.194000 6.901313e+002
0.196000 6.934199e+002
0.198000 6.966978e+002
0.200000 6.999651e+002
0.202000 7.032215e+002
0.204000 7.064671e+002
0.206000 7.097017e+002
0.208000 7.129253e+002
0.210000 7.161377e+002
0.212000 7.193390e+002
0.214000 7.225289e+002
0.216000 7.257076e+002
0.218000 7.288747e+002
0.220000 7.320304e+002
0.222000 7.351745e+002
0.224000 7.383069e+002
0.226000 7.414276e+002
0.228000 7.445365e+002
0.230000 7.476335e+002
0.232000 7.507185e+002
0.234000 7.537915e+002
0.236000 7.568524e+002
0.238000 7.599011e+002
0.240000 7.629376e+002
0.242000 7.659617e+002
0.244000 7.689734e+002
0.246000 7.719727e+002
0.248000 7.749595e+002
0.250000 7.779336e+002
0.252000 7.808951e+002
0.254000 7.838438e+002
0.256000 7.867797e+002
0.258000 7.897028e+002
0.260000 7.926129e+002
0.262000 7.955100e+002
0.264000 7.983941e+002
0.266000 8.012650e+002
0.268000 8.041227e+002
0.270000 8.069671e+002
0.272000 8.097982e+002
0.274000 8.126160e+002
0.276000 8.154202e+002
0.278000 8.182110e+002
0.280000 8.209882e+002
0.282000 8.237517e+002
0.284000 8.265016e+002
0.286000 8.292377e+002
0.288000 8.319600e+002
0.290000 8.346684e+002
0.292000 8.373629e+002
0.294000 8.400435e+002
0.296000 8.427099e+002
0.298000 8.453623e+002
0.300000 8.480006e+002
0.302000 8.506246e+002
0.304000 8.532344e+002
0.306000 8.558298e+002
0.308000 8.584109e+002
0.310000 8.609776e+002
0.312000 8.635298e+002
0.314000 8.660675e+002
0.316000 8.685906e+002
0.318000 8.710991e+002
0.320000 8.735930e+002
0.322000 8.760721e+002
0.324000 8.785365e+002
0.326000 8.809860e+002
0.328000 8.834207e+002
0.330000 8.858405e+002
0.332000 8.882453e+002
0.334000 8.906352e+002
0.336000 8.930100e+002
0.338000 8.953697e+002
0.340000 8.977143e+002
0.342000 9.000437e+002
0.344000 9.023579e+002
0.346000 9.046569e+002
0.348000 9.069406e+002
0.350000 9.092089e+002
0.352000 9.114619e+002
0.354000 9.136994e+002
0.356000 9.159215e+002
0.358000 9.181282e+002
0.360000 9.203193e+002
0.362000 9.224948e+002
0.364000 9.246548e+002
0.366000 9.267991e+002
0.368000 9.289277e+002
0.370000 9.310407e+002
0.372000 9.331379e+002
0.374000 9.352194e+002
0.376000 9.372850e+002
0.378000 9.393349e+002
0.380000 9.413689e+002
0.382000 9.433870e+002
0.384000 9.453891e+002
0.386000 9.473754e+002
0.388000 9.493456e+002
0.390000 9.512999e+002
0.392000 9.532381e+002
0.394000 9.551603e+002
0.396000 9.570664e+002
0.398000 9.589563e+002
0.400000 9.608302e+002
0.402000 9.626879e+002
0.404000 9.645294e+002
0.406000 9.663547e+002
0.408000 9.681638e+002
0.410000 9.699567e+002
0.412000 9.717333e+002
0.414000 9.734936e+002
0.416000 9.752375e+002
0.418000 9.769652e+002
0.420000 9.786766e+002
0.422000 9.803715e+002
0.424000 9.820501e+002
0.426000 9.837123e+002
0.428000 9.853581e+002
0.430000 9.869875e+002
0.432000 9.886004e+002
0.434000 9.901969e+002
0.436000 9.917769e+002
0.438000 9.933404e+002
0.440000 9.948875e+002
0.442000 9.964180e+002
0.444000 9.979320e+002
0.446000 9.994295e+002
0.448000 1.000910e+003
0.450000 1.002375e+003
0.452000 1.003823e+003
0.454000 1.005254e+003
0.456000 1.006669e+003
0.458000 1.008067e+003
0.460000 1.009449e+003
0.462000 1.010814e+003
0.464000 1.012162e+003
0.466000 1.013494e+003
0.468000 1.014809e+003
0.470000 1.016108e+003
0.472000 1.017390e+003
0.474000 1.018655e+003
0.476000 1.019904e+003
0.478000 1.021136e+003
0.480000 1.022352e+003
0.482000 1.023551e+003
0.484000 1.024733e+003
0.486000 1.025899e+003
0.488000 1.027048e+003
0.490000 1.028181e+003
0.492000 1.029297e+003
0.494000 1.030396e+003
0.496000 1.031479e+003
0.498000 1.032545e+003
0.500000 1.033595e+003
0.502000 1.034628e+003
0.504000 1.035645e+003
0.506000 1.036645e+003
0.508000 1.037628e+003
0.510000 1.038595e+003
0.512000 1.039545e+003
0.514000 1.040479e+003
0.516000 1.041396e+003
0.518000 1.042297e+003
0.520000 1.043182e+003
0.522000 1.044049e+003
0.524000 1.044901e+003
0.526000 1.045736e+003
0.528000 1.046554e+003
0.530000 1.047357e+003
0.532000 1.048142e+003
0.534000 1.048912e+003
0.536000 1.049665e+003
0.538000 1.050401e+003
0.540000 1.051121e+003
0.542000 1.051825e+003
0.544000 1.052513e+003
0.546000 1.053184e+003
0.548000 1.053839e+003
0.550000 1.054478e+003
0.552000 1.055101e+003
0.554000 1.055707e+003
0.556000 1.056297e+003
0.558000 1.056872e+003
0.560000 1.057429e+003
0.562000 1.057971e+003
0.564000 1.058497e+003
0.566000 1.059007e+003
0.568000 1.059500e+003
0.570000 1.059978e+003
0.572000 1.060439e+003
0.574000 1.060885e+003
0.576000 1.061315e+003
0.578000 1.061728e+003
0.580000 1.062126e+003
0.582000 1.062508e+003
0.584000 1.062874e+003
0.586000 1.063225e+003
0.588000 1.063559e+003
0.590000 1.063878e+003
0.592000 1.064181e+003
0.594000 1.064469e+003
0.596000 1.064741e+003
0.598000 1.064997e+003
0.600000 1.065238e+003
0.602000 1.065463e+003
0.604000 1.065672e+003
0.606000 1.065866e+003
0.608000 1.066045e+003
0.610000 1.066208e+003
0.612000 1.066356e+003
0.614000 1.066488e+003
0.616000 1.066606e+003
0.618000 1.066707e+003
0.620000 1.066794e+003
0.622000 1.066866e+003
0.624000 1.066922e+003
0.626000 1.066963e+003
0.628000 1.066989e+003
0.630000 1.067000e+003
0.632000 1.066996e+003
0.634000 1.066977e+003
0.636000 1.066944e+003
0.638000 1.066895e+003
0.640000 1.066831e+003
0.642000 1.066753e+003
0.644000 1.066660e+003
0.646000 1.066552e+003
0.648000 1.066430e+003
0.650000 1.066293e+003
0.652000 1.066141e+003
0.654000 1.065975e+003
0.656000 1.065794e+003
0.658000 1.065599e+003
0.660000 1.065389e+003
0.662000 1.065166e+003
0.664000 1.064927e+003
0.666000 1.064675e+003
0.668000 1.064408e+003
0.670000 1.064127e+003
0.672000 1.063832e+003
0.674000 1.063523e+003
0.676000 1.063200e+003
0.678000 1.062863e+003
0.680000 1.062512e+003
0.682000 1.062148e+003
0.684000 1.061769e+003
0.686000 1.061377e+003
0.688000 1.060971e+003
0.690000 1.060551e+003
0.692000 1.060117e+003
0.694000 1.059670e+003
0.696000 1.059210e+003
0.698000 1.058736e+003
0.700000 1.058249e+003
0.702000 1.057748e+003
0.704000 1.057234e+003
0.706000 1.056707e+003
0.708000 1.056166e+003
0.710000 1.055613e+003
0.712000 1.055046e+003
0.714000 1.054466e+003
0.716000 1.053874e+003
0.718000 1.053268e+003
0.720000 1.052650e+003
0.722000 1.052018e+003
0.724000 1.051374e+003
0.726000 1.050718e+003
0.728000 1.050048e+003
0.730000 1.049367e+003
0.732000 1.048672e+003
0.734000 1.047965e+003
0.736000 1.047246e+003
0.738000 1.046515e+003
0.740000 1.045771e+003
0.742000 1.045015e+003
0.744000 1.044246e+003
0.746000 1.043466e+003
0.748000 1.042674e+003
0.750000 1.041869e+003
0.752000 1.041053e+003
0.754000 1.040225e+003
0.756000 1.039385e+003
0.758000 1.038533e+003
0.760000 1.037670e+003
0.762000 1.036795e+003
0.764000 1.035909e+003
0.766000 1.035011e+003
0.768000 1.034101e+003
0.770000 1.033181e+003
0.772000 1.032249e+003
0.774000 1.031305e+003
0.776000 1.030351e+003
0.778000 1.029385e+003
0.780000 1.028409e+003
0.782000 1.027421e+003
0.784000 1.026423e+003
0.786000 1.025413e+003
0.788000 1.024393e+003
0.790000 1.023362e+003
0.792000 1.022321e+003
0.794000 1.021269e+003
0.796000 1.020206e+003
0.798000 1.019133e+003
0.800000 1.018050e+003
0.802000 1.016956e+003
0.804000 1.015852e+003
0.806000 1.014738e+003
0.808000 1.013613e+003
0.810000 1.012479e+003
0.812000 1.011335e+003
0.814000 1.010180e+003
0.816000 1.009016e+003
0.818000 1.007842e+003
0.820000 1.006659e+003
0.822000 1.005465e+003
0.824000 1.004263e+003
0.826000 1.003050e+003
0.828000 1.001828e+003
0.830000 1.000597e+003
0.832000 9.993565e+002
0.834000 9.981068e+002
0.836000 9.968478e+002
0.838000 9.955798e+002
0.840000 9.943027e+002
0.842000 9.930167e+002
0.844000 9.917218e+002
0.846000 9.904180e+002
0.848000 9.891055e+002
0.850000 9.877843e+002
0.852000 9.864545e+002
0.854000 9.851161e+002
0.856000 9.837692e+002
0.858000 9.824140e+002
0.860000 9.810504e+002
0.862000 9.796785e+002
0.864000 9.782985e+002
0.866000 9.769103e+002
0.868000 9.755141e+002
0.870000 9.741098e+002
0.872000 9.726977e+002
0.874000 9.712777e+002
0.876000 9.698499e+002
0.878000 9.684145e+002
0.880000 9.669714e+002
0.882000 9.655207e+002
0.884000 9.640626e+002
0.886000 9.625970e+002
0.888000 9.611240e+002
0.890000 9.596438e+002
0.892000 9.581564e+002
0.894000 9.566619e+002
0.896000 9.551602e+002
0.898000 9.536516e+002
0.900000 9.521361e+002
0.902000 9.506137e+002
0.904000 9.490845e+002
0.906000 9.475486e+002
0.908000 9.460061e+002
0.910000 9.444570e+002
0.912000 9.429014e+002
0.914000 9.413394e+002
0.916000 9.397710e+002
0.918000 9.381963e+002
0.920000 9.366154e+002
0.922000 9.350284e+002
0.924000 9.334353e+002
0.926000 9.318362e+002
0.928000 9.302312e+002
0.930000 9.286203e+002
0.932000 9.270036e+002
0.934000 9.253812e+002
0.936000 9.237532e+002
0.938000 9.221195e+002
0.940000 9.204804e+002
0.942000 9.188359e+002
0.944000 9.171859e+002
0.946000 9.155307e+002
0.948000 9.138703e+002
0.950000 9.122047e+002
0.952000 9.105340e+002
0.954000 9.088583e+002
0.956000 9.071777e+002
0.958000 9.054922e+002
0.960000 9.038019e+002
0.962000 9.021069e+002
0.964000 9.004072e+002
0.966000 8.987029e+002
0.968000 8.969941e+002
0.970000 8.952808e+002
0.972000 8.935632e+002
0.974000 8.918412e+002
0.976000 8.901150e+002
0.978000 8.883847e+002
0.980000 8.866502e+002
0.982000 8.849117e+002
0.984000 8.831692e+002
0.986000 8.814229e+002
0.988000 8.796727e+002
0.990000 8.779187e+002
0.992000 8.761611e+002
0.994000 8.743998e+002
0.996000 8.726350e+002
0.998000 8.708667e+002
1.000000 8.690950e+002
1.002000 8.673199e+002
1.004000 8.655415e+002
1.006000 8.637600e+002
1.008000 8.619752e+002
1.010000 8.601875e+002
1.012000 8.583966e+002
1.014000 8.566029e+002
1.016000 8.548063e+002
1.018000 8.530068e+002
1.020000 8.512046e+002
1.022000 8.493998e+002
1.024000 8.475923e+002
1.026000 8.457823e+002
1.028000 8.439698e+002
1.030000 8.421549e+002
1.032000 8.403376e+002
1.034000 8.385181e+002
1.036000 8.366964e+002
1.038000 8.348725e+002
1.040000 8.330465e+002
1.042000 8.312185e+002
1.044000 8.293885e+002
1.046000 8.275566e+002
1.048000 8.257229e+002
1.050000 8.238875e+002
1.052000 8.220503e+002
1.054000 8.202116e+002
1.056000 8.183712e+002
1.058000 8.165293e+002
1.060000 8.146860e+002
1.062000 8.128413e+002
1.064000 8.109953e+002
1.066000 8.091480e+002
1.068000 8.072995e+002
1.070000 8.054499e+002
1.072000 8.035992e+002
1.074000 8.017475e+002
1.076000 7.998949e+002
1.078000 7.980414e+002
1.080000 7.961870e+002
1.082000 7.943319e+002
1.084000 7.924761e+002
1.086000 7.906196e+002
1.088000 7.887625e+002
1.090000 7.869049e+002
1.092000 7.850469e+002
1.094000 7.831884e+002
1.096000 7.813296e+002
1.098000 7.794705e+002
1.100000 7.776112e+002
1.102000 7.757517e+002
1.104000 7.738921e+002
1.106000 7.720324e+002
1.108000 7.701727e+002
1.110000 7.683131e+002
1.112000 7.664536e+002
1.114000 7.645943e+002
1.116000 7.627352e+002
1.118000 7.608764e+002
1.120000 7.590179e+002
1.122000 7.571598e+002
1.124000 7.553022e+002
1.126000 7.534451e+002
1.128000 7.515885e+002
1.130000 7.497326e+002
1.132000 7.478773e+002
1.134000 7.460228e+002
1.136000 7.441690e+002
1.138000 7.423161e+002
1.140000 7.404641e+002
1.142000 7.386130e+002
1.144000 7.367629e+002
1.146000 7.349138e+002
1.148000 7.330659e+002
1.150000 7.312190e+002
1.152000 7.293734e+002
1.154000 7.275291e+002
1.156000 7.256860e+002
1.158000 7.238443e+002
1.160000 7.220040e+002
1.162000 7.201652e+002
1.164000 7.183278e+002
1.166000 7.164920e+002
1.168000 7.146579e+002
1.170000 7.128253e+002
1.172000 7.109945e+002
1.174000 7.091654e+002
1.176000 7.073381e+002
1.178000 7.055127e+002
1.180000 7.036891e+002
1.182000 7.018675e+002
1.184000 7.000479e+002
1.186000 6.982303e+002
1.188000 6.964148e+002
1.190000 6.946014e+002
1.192000 6.927902e+002
1.194000 6.909812e+002
1.196000 6.891745e+002
1.198000 6.873701e+002
1.200000 6.855680e+002
1.202000 6.837683e+002
1.204000 6.819710e+002
1.206000 6.801763e+002
1.208000 6.783840e+002
1.210000 6.765944e+002
1.212000 6.748073e+002
1.214000 6.730229e+002
1.216000 6.712412e+002
1.218000 6.694622e+002
1.220000 6.676860e+002
1.222000 6.659126e+002
1.224000 6.641420e+002
1.226000 6.623744e+002
1.228000 6.606097e+002
1.230000 6.588480e+002
1.232000 6.570893e+002
1.234000 6.553336e+002
1.236000 6.535810e+002
1.238000 6.518316e+002
1.240000 6.500854e+002
1.242000 6.483423e+002
1.244000 6.466025e+002
1.246000 6.448660e+002
1.248000 6.431328e+002
1.250000 6.414029e+002
1.252000 6.396765e+002
1.254000 6.379534e+002
1.256000 6.362339e+002
1.258000 6.345178e+002
1.260000 6.328052e+002
1.262000 6.310963e+002
1.264000 6.293909e+002
1.266000 6.276891e+002
1.268000 6.259910e+002
1.270000 6.242967e+002
1.272000 6.226060e+002
1.274000 6.209191e+002
1.276000 6.192360e+002
1.278000 6.175567e+002
1.280000 6.158813e+002
1.282000 6.142098e+002
1.284000 6.125422e+002
1.286000 6.108786e+002
1.288000 6.092189e+002
1.290000 6.075632e+002
1.292000 6.059116e+002
1.294000 6.042641e+002
1.296000 6.026206e+002
1.298000 6.009813e+002
1.300000 5.993461e+002
1.302000 5.977151e+002
1.304000 5.960883e+002
1.306000 5.944657e+002
1.308000 5.928474e+002
1.310000 5.912334e+002
1.312000 5.896237e+002
1.314000 5.880184e+002
1.316000 5.864174e+002
1.318000 5.848208e+002
1.320000 5.832286e+002
1.322000 5.816409e+002
1.324000 5.800576e+002
1.326000 5.784788e+002
1.328000 5.769045e+002
1.330000 5.753347e+002
1.332000 5.737695e+002
1.334000 5.722089e+002
1.336000 5.706529e+002
1.338000 5.691014e+002
1.340000 5.675547e+002
1.342000 5.660126e+002
1.344000 5.644752e+002
1.346000 5.629424e+002
1.348000 5.614144e+002
1.350000 5.598912e+002
1.352000 5.583727e+002
1.354000 5.568590e+002
1.356000 5.553501e+002
1.358000 5.538460e+002
1.360000 5.523468e+002
1.362000 5.508524e+002
1.364000 5.493629e+002
1.366000 5.478783e+002
1.368000 5.463986e+002
1.370000 5.449238e+002
1.372000 5.434539e+002
1.374000 5.419890e+002
1.376000 5.405291e+002
1.378000 5.390741e+002
1.380000 5.376242e+002
1.382000 5.361793e+002
1.384000 5.347394e+002
1.386000 5.333045e+002
1.388000 5.318748e+002
1.390000 5.304500e+002
1.392000 5.290304e+002
1.394000 5.276159e+002
1.396000 5.262065e+002
1.398000 5.248022e+002
1.400000 5.234030e+002
1.402000 5.220090e+002
1.404000 5.206201e+002
1.406000 5.192364e+002
1.408000 5.178579e+002
1.410000 5.164846e+002
1.412000 5.151165e+002
1.414000 5.137535e+002
1.416000 5.123958e+002
1.418000 5.110434e+002
1.420000 5.096961e+002
1.422000 5.083542e+002
1.424000 5.070174e+002
1.426000 5.056860e+002
1.428000 5.043598e+002
1.430000 5.030388e+002
1.432000 5.017232e+002
1.434000 5.004129e+002
1.436000 4.991078e+002
1.438000 4.978081e+002
1.440000 4.965137e+002
1.442000 4.952245e+002
1.444000 4.939408e+002
1.446000 4.926623e+002
1.448000 4.913892e+002
1.450000 4.901214e+002
1.452000 4.888589e+002
1.454000 4.876018e+002
1.456000 4.863501e+002
1.458000 4.851037e+002
1.460000 4.838626e+002
1.462000 4.826270e+002
1.464000 4.813967e+002
1.466000 4.801717e+002
1.468000 4.789521e+002
1.470000 4.777379e+002
1.472000 4.765291e+002
1.474000 4.753256e+002
1.476000 4.741275e+002
1.478000 4.729348e+002
1.480000 4.717475e+002
1.482000 4.705655e+002
1.484000 4.693889e+002
1.486000 4.682177e+002
1.488000 4.670519e+002
1.490000 4.658915e+002
1.492000 4.647364e+002
1.494000 4.635867e+002
1.496000 4.624424e+002
1.498000 4.613035e+002
1.500000 4.601699e+002
1.502000 4.590417e+002
1.504000 4.579189e+002
1.506000 4.568014e+002
1.508000 4.556893e+002
1.510000 4.545826e+002
1.512000 4.534812e+002
1.514000 4.523852e+002
1.516000 4.512945e+002
1.518000 4.502092e+002
1.520000 4.491292e+002
1.522000 4.480546e+002
1.524000 4.469853e+002
1.526000 4.459213e+002
1.528000 4.448627e+002
1.530000 4.438094e+002
1.532000 4.427614e+002
1.534000 4.417187e+002
1.536000 4.406813e+002
1.538000 4.396492e+002
1.540000 4.386224e+002
1.542000 4.376009e+002
1.544000 4.365847e+002
1.546000 4.355738e+002
1.548000 4.345681e+002
1.550000 4.335677e+002
1.552000 4.325725e+002
1.554000 4.315826e+002
1.556000 4.305980e+002
1.558000 4.296185e+002
1.560000 4.286443e+002
1.562000 4.276753e+002
1.564000 4.267116e+002
1.566000 4.257530e+002
1.568000 4.247996e+002
1.570000 4.238514e+002
1.572000 4.229084e+002
1.574000 4.219705e+002
1.576000 4.210378e+002
1.578000 4.201102e+002
1.580000 4.191878e+002
1.582000 4.182705e+002
1.584000 4.173583e+002
1.586000 4.164513e+002
1.588000 4.155493e+002
1.590000 4.146524e+002
1.592000 4.137606e+002
1.594000 4.128739e+002
1.596000 4.119922e+002
1.598000 4.111155e+002
1.600000 4.102439e+002
1.602000 4.093773e+002
1.604000 4.085158e+002
1.606000 4.076592e+002
1.608000 4.068076e+002
1.610000 4.059610e+002
1.612000 4.051193e+002
1.614000 4.042826e+002
1.616000 4.034509e+002
1.618000 4.026240e+002
1.620000 4.018021e+002
1.622000 4.009851e+002
1.624000 4.001730e+002
1.626000 3.993657e+002
1.628000 3.985633e+002
1.630000 3.977658e+002
1.632000 3.969730e+002
1.634000 3.961852e+002
1.636000 3.954021e+002
1.638000 3.946238e+002
1.640000 3.938503e+002
1.642000 3.930816e+002
1.644000 3.923176e+002
1.646000 3.915584e+002
1.648000 3.908038e+002
1.650000 3.900540e+002
1.652000 3.893089e+002
1.654000 3.885685e+002
1.656000 3.878328e+002
1.658000 3.871017e+002
1.660000 3.863752e+002
1.662000 3.856534e+002
1.664000 3.849361e+002
1.666000 3.842235e+002
1.668000 3.835155e+002
1.670000 3.828120e+002
1.672000 3.821130e+002
1.674000 3.814186e+002
1.676000 3.807287e+002
1.678000 3.800433e+002
1.680000 3.793624e+002
1.682000 3.786859e+002
1.684000 3.780140e+002
1.686000 3.773464e+002
1.688000 3.766833e+002
1.690000 3.760245e+002
1.692000 3.753702e+002
1.694000 3.747203e+002
1.696000 3.740746e+002
1.698000 3.734334e+002
1.700000 3.727964e+002
1.702000 3.721638e+002
1.704000 3.715355e+002
1.706000 3.709114e+002
1.708000 3.702916e+002
1.710000 3.696760e+002
1.712000 3.690647e+002
1.714000 3.684575e+002
1.716000 3.678546e+002
1.718000 3.672558e+002
1.720000 3.666612e+002
1.722000 3.660707e+002
1.724000 3.654844e+002
1.726000 3.649021e+002
1.728000 3.643240e+002
1.730000 3.637499e+002
1.732000 3.631798e+002
1.734000 3.626138e+002
1.736000 3.620518e+002
1.738000 3.614939e+002
1.740000 3.609399e+002
1.742000 3.603898e+002
1.744000 3.598438e+002
1.746000 3.593016e+002
1.748000 3.587634e+002
1.750000 3.582290e+002
1.752000 3.576986e+002
1.754000 3.571719e+002
1.756000 3.566492e+002
1.758000 3.561303e+002
1.760000 3.556151e+002
1.762000 3.551038e+002
1.764000 3.545962e+002
1.766000 3.540924e+002
1.768000 3.535923e+002
1.770000 3.530960e+002
1.772000 3.526033e+002
1.774000 3.521143e+002
1.776000 3.516290e+002
1.778000 3.511474e+002
1.780000 3.506693e+002
1.782000 3.501949e+002
1.784000 3.497241e+002
1.786000 3.492568e+002
1.788000 3.487931e+002
1.790000 3.483330e+002
1.792000 3.478763e+002
1.794000 3.474232e+002
1.796000 3.469736e+002
1.798000 3.465274e+002
1.800000 3.460847e+002
1.802000 3.456454e+002
1.804000 3.452095e+002
1.806000 3.447770e+002
1.808000 3.443479e+002
1.810000 3.439221e+002
1.812000 3.434997e+002
1.814000 3.430806e+002
1.816000 3.426648e+002
1.818000 3.422523e+002
1.820000 3.418431e+002
1.822000 3.414371e+002
1.824000 3.410344e+002
1.826000 3.406349e+002
1.828000 3.402386e+002
1.830000 3.398454e+002
1.832000 3.394554e+002
1.834000 3.390686e+002
1.836000 3.386849e+002
1.838000 3.383043e+002
1.840000 3.379268e+002
1.842000 3.375524e+002
1.844000 3.371810e+002
1.846000 3.368127e+002
1.848000 3.364473e+002
1.850000 3.360850e+002
1.852000 3.357257e+002
1.854000 3.353694e+002
1.856000 3.350159e+002
1.858000 3.346655e+002
1.860000 3.343179e+002
1.862000 3.339733e+002
1.864000 3.336315e+002
1.866000 3.332926e+002
1.868000 3.329565e+002
1.870000 3.326233e+002
1.872000 3.322928e+002
1.874000 3.319652e+002
1.876000 3.316403e+002
1.878000 3.313182e+002
1.880000 3.309989e+002
1.882000 3.306823e+002
1.884000 3.303683e+002
1.886000 3.300571e+002
1.888000 3.297486e+002
1.890000 3.294427e+002
1.892000 3.291394e+002
1.894000 3.288388e+002
1.896000 3.285407e+002
1.898000 3.282453e+002
1.900000 3.279524e+002
1.902000 3.276621e+002
1.904000 3.273744e+002
1.906000 3.270891e+002
1.908000 3.268064e+002
1.910000 3.265261e+002
1.912000 3.262484e+002
1.914000 3.259731e+002
1.916000 3.257002e+002
1.918000 3.254297e+002
1.920000 3.251617e+002
1.922000 3.248961e+002
1.924000 3.246328e+002
1.926000 3.243719e+002
1.928000 3.241133e+002
1.930000 3.238571e+002
1.932000 3.236031e+002
1.934000 3.233515e+002
1.936000 3.231022e+002
1.938000 3.228551e+002
1.940000 3.226102e+002
1.942000 3.223676e+002
1.944000 3.221272e+002
1.946000 3.218890e+002
1.948000 3.216530e+002
1.950000 3.214192e+002
1.952000 3.211875e+002
1.954000 3.209580e+002
1.956000 3.207306e+002
1.958000 3.205053e+002
1.960000 3.202821e+002
1.962000 3.200610e+002
1.964000 3.198419e+002
1.966000 3.196249e+002
1.968000 3.194099e+002
1.970000 3.191969e+002
1.972000 3.189860e+002
1.974000 3.187770e+002
1.976000 3.185700e+002
1.978000 3.183650e+002
1.980000 3.181619e+002
1.982000 3.179607e+002
1.984000 3.177615e+002
1.986000 3.175642e+002
1.988000 3.173687e+002
1.990000 3.171751e+002
1.992000 3.169834e+002
1.994000 3.167936e+002
1.996000 3.166055e+002
1.998000 3.164193e+002
2.000000 3.162349e+002
2.002000 3.160523e+002
2.004000 3.158714e+002
2.006000 3.156923e+002
2.008000 3.155150e+002
2.010000 3.153394e+002
2.012000 3.151655e+002
2.014000 3.149933e+002
2.016000 3.148228e+002
2.018000 3.146540e+002
2.020000 3.144869e+002
2.022000 3.143214e+002
2.024000 3.141575e+002
2.026000 3.139953e+002
2.028000 3.138347e+002
2.030000 3.136757e+002
2.032000 3.135183e+002
2.034000 3.133625e+002
2.036000 3.132082e+002
2.038000 3.130555e+002
2.040000 3.129043e+002
2.042000 3.127547e+002
2.044000 3.126065e+002
2.046000 3.124599e+002
2.048000 3.123148e+002
2.050000 3.121711e+002
2.052000 3.120289e+002
2.054000 3.118881e+002
2.056000 3.117488e+002
2.058000 3.116109e+002
2.060000 3.114744e+002
2.062000 3.113393e+002
2.064000 3.112057e+002
2.066000 3.110734e+002
2.068000 3.109424e+002
2.070000 3.108129e+002
2.072000 3.106846e+002
2.074000 3.105577e+002
2.076000 3.104322e+002
2.078000 3.103079e+002
2.080000 3.101849e+002
2.082000 3.100633e+002
2.084000 3.099429e+002
2.086000 3.098237e+002
2.088000 3.097059e+002
2.090000 3.095892e+002
2.092000 3.094738e+002
2.094000 3.093597e+002
2.096000 3.092467e+002
2.098000 3.091349e+002
2.100000 3.090244e+002
2.102000 3.089150e+002
2.104000 3.088068e+002
2.106000 3.086997e+002
2.108000 3.085938e+002
2.110000 3.084890e+002
2.112000 3.083854e+002
2.114000 3.082828e+002
2.116000 3.081814e+002
2.118000 3.080811e+002
2.120000 3.079819e+002
2.122000 3.078837e+002
2.124000 3.077866e+002
2.126000 3.076906e+002
2.128000 3.075956e+002
2.130000 3.075017e+002
2.132000 3.074088e+002
2.134000 3.073169e+002
2.136000 3.072260e+002
2.138000 3.071361e+002
2.140000 3.070473e+002
2.142000 3.069594e+002
2.144000 3.068724e+002
2.146000 3.067865e+002
2.148000 3.067015e+002
2.150000 3.066174e+002
2.152000 3.065343e+002
2.154000 3.064521e+002
2.156000 3.063708e+002
2.158000 3.062905e+002
2.160000 3.062110e+002
2.162000 3.061324e+002
2.164000 3.060548e+002
2.166000 3.059780e+002
2.168000 3.059020e+002
2.170000 3.058270e+002
2.172000 3.057527e+002
2.174000 3.056794e+002
2.176000 3.056068e+002
2.178000 3.055351e+002
2.180000 3.054642e+002
2.182000 3.053941e+002
2.184000 3.053249e+002
2.186000 3.052564e+002
2.188000 3.051887e+002
2.190000 3.051218e+002
2.192000 3.050556e+002
2.194000 3.049903e+002
2.196000 3.049256e+002
2.198000 3.048618e+002
2.200000 3.047986e+002
2.202000 3.047362e+002
2.204000 3.046746e+002
2.206000 3.046136e+002
2.208000 3.045534e+002
2.210000 3.044939e+002
2.212000 3.044351e+002
2.214000 3.043769e+002
2.216000 3.043195e+002
2.218000 3.042627e+002
2.220000 3.042066e+002
2.222000 3.041511e+002
2.224000 3.040964e+002
2.226000 3.040422e+002
2.228000 3.039887e+002
2.230000 3.039359e+002
2.232000 3.038837e+002
2.234000 3.038321e+002
2.236000 3.037811e+002
2.238000 3.037307e+002
2.240000 3.036810e+002
2.242000 3.036318e+002
2.244000 3.035832e+002
2.246000 3.035352e+002
2.248000 3.034878e+002
2.250000 3.034410e+002
2.252000 3.033947e+002
2.254000 3.033490e+002
2.256000 3.033039e+002
2.258000 3.032593e+002
2.260000 3.032152e+002
2.262000 3.031717e+002
2.264000 3.031287e+002
2.266000 3.030863e+002
2.268000 3.030444e+002
2.270000 3.030029e+002
2.272000 3.029620e+002
2.274000 3.029216e+002
2.276000 3.028817e+002
2.278000 3.028423e+002
2.280000 3.028034e+002
2.282000 3.027650e+002
2.284000 3.027270e+002
2.286000 3.026895e+002
2.288000 3.026525e+002
2.290000 3.026159e+002
2.292000 3.025798e+002
2.294000 3.025442e+002
2.296000 3.025090e+002
2.298000 3.024742e+002
2.300000 3.024399e+002
2.302000 3.024060e+002
2.304000 3.023725e+002
2.306000 3.023395e+002
2.308000 3.023069e+002
2.310000 3.022747e+002
2.312000 3.022429e+002
2.314000 3.022115e+002
2.316000 3.021805e+002
2.318000 3.021499e+002
2.320000 3.021197e+002
2.322000 3.020899e+002
2.324000 3.020604e+002
2.326000 3.020314e+002
2.328000 3.020027e+002
2.330000 3.019744e+002
2.332000 3.019464e+002
2.334000 3.019188e+002
2.336000 3.018916e+002
2.338000 3.018647e+002
2.340000 3.018382e+002
2.342000 3.018120e+002
2.344000 3.017861e+002
2.346000 3.017606e+002
2.348000 3.017355e+002
2.350000 3.017106e+002
2.352000 3.016861e+002
2.354000 3.016619e+002
2.356000 3.016380e+002
2.358000 3.016144e+002
2.360000 3.015912e+002
2.362000 3.015682e+002
2.364000 3.015456e+002
2.366000 3.015232e+002
2.368000 3.015012e+002
2.370000 3.014794e+002
2.372000 3.014579e+002
2.374000 3.014367e+002
2.376000 3.014158e+002
2.378000 3.013952e+002
2.380000 3.013749e+002
2.382000 3.013548e+002
2.384000 3.013350e+002
2.386000 3.013154e+002
2.388000 3.012961e+002
2.390000 3.012771e+002
2.392000 3.012584e+002
2.394000 3.012398e+002
2.396000 3.012216e+002
2.398000 3.012036e+002
2.400000 3.011858e+002
2.402000 3.011683e+002
2.404000 3.011510e+002
2.406000 3.011339e+002
2.408000 3.011171e+002
2.410000 3.011005e+002
2.412000 3.010841e+002
2.414000 3.010680e+002
2.416000 3.010521e+002
2.418000 3.010364e+002
2.420000 3.010209e+002
2.422000 3.010056e+002
2.424000 3.009905e+002
2.426000 3.009757e+002
2.428000 3.009610e+002
2.430000 3.009466e+002
2.432000 3.009323e+002
2.434000 3.009183e+002
2.436000 3.009044e+002
2.438000 3.008908e+002
2.440000 3.008773e+002
2.442000 3.008640e+002
2.444000 3.008509e+002
2.446000 3.008380e+002
2.448000 3.008253e+002
2.450000 3.008127e+002
2.452000 3.008003e+002
2.454000 3.007881e+002
2.456000 3.007761e+002
2.458000 3.007642e+002
2.460000 3.007525e+002
2.462000 3.007410e+002
2.464000 3.007296e+002
2.466000 3.007184e+002
2.468000 3.007074e+002
2.470000 3.006965e+002
2.472000 3.006858e+002
2.474000 3.006752e+002
2.476000 3.006647e+002
2.478000 3.006545e+002
2.480000 3.006443e+002
2.482000 3.006343e+002
2.484000 3.006245e+002
2.486000 3.006148e+002
2.488000 3.006052e+002
2.490000 3.005958e+002
2.492000 3.005865e+002
2.494000 3.005774e+002
2.496000 3.005683e+002
2.498000 3.005594e+002
2.500000 3.005507e+002
2.502000 3.005420e+002
2.504000 3.005335e+002
2.506000 3.005251e+002
2.508000 3.005169e+002
2.510000 3.005087e+002
2.512000 3.005007e+002
2.514000 3.004928e+002
2.516000 3.004850e+002
2.518000 3.004773e+002
2.520000 3.004698e+002
2.522000 3.004623e+002
2.524000 3.004550e+002
2.526000 3.004478e+002
2.528000 3.004406e+002
2.530000 3.004336e+002
2.532000 3.004267e+002
2.534000 3.004199e+002
2.536000 3.004132e+002
2.538000 3.004065e+002
2.540000 3.004000e+002
2.542000 3.003936e+002
2.544000 3.003873e+002
2.546000 3.003811e+002
2.548000 3.003749e+002
2.550000 3.003689e+002
2.552000 3.003629e+002
2.554000 3.003571e+002
2.556000 3.003513e+002
2.558000 3.003456e+002
2.560000 3.003400e+002
2.562000 3.003345e+002
2.564000 3.003291e+002
2.566000 3.003237e+002
2.568000 3.003184e+002
2.570000 3.003133e+002
2.572000 3.003081e+002
2.574000 3.003031e+002
2.576000 3.002982e+002
2.578000 3.002933e+002
2.580000 3.002885e+002
2.582000 3.002837e+002
2.584000 3.002791e+002
2.586000 3.002745e+002
2.588000 3.002700e+002
2.590000 3.002655e+002
2.592000 3.002611e+002
2.594000 3.002568e+002
2.596000 3.002526e+002
2.598000 3.002484e+002
2.600000 3.002443e+002
2.602000 3.002402e+002
2.604000 3.002362e+002
2.606000 3.002323e+002
2.608000 3.002285e+002
2.610000 3.002246e+002
2.612000 3.002209e+002
2.614000 3.002172e+002
2.616000 3.002136e+002
2.618000 3.002100e+002
2.620000 3.002065e+002
2.622000 3.002030e+002
2.624000 3.001996e+002
2.626000 3.001963e+002
2.628000 3.001930e+002
2.630000 3.001897e+002
2.632000 3.001865e+002
2.634000 3.001834e+002
2.636000 3.001803e+002
2.638000 3.001772e+002
2.640000 3.001742e+002
2.642000 3.001713e+002
2.644000 3.001684e+002
2.646000 3.001655e+002
2.648000 3.001627e+002
2.650000 3.001599e+002
2.652000 3.001572e+002
2.654000 3.001545e+002
2.656000 3.001519e+002
2.658000 3.001493e+002
2.660000 3.001467e+002
2.662000 3.001442e+002
2.664000 3.001417e+002
2.666000 3.001393e+002
2.668000 3.001369e+002
2.670000 3.001346e+002
2.672000 3.001322e+002
2.674000 3.001300e+002
2.676000 3.001277e+002
2.678000 3.001255e+002
2.680000 3.001233e+002
2.682000 3.001212e+002
2.684000 3.001191e+002
2.686000 3.001170e+002
2.688000 3.001150e+002
2.690000 3.001130e+002
2.692000 3.001110e+002
2.694000 3.001091e+002
2.696000 3.001072e+002
2.698000 3.001053e+002
2.700000 3.001035e+002
2.702000 3.001017e+002
2.704000 3.000999e+002
2.706000 3.000982e+002
2.708000 3.000964e+002
2.710000 3.000947e+002
2.712000 3.000931e+002
2.714000 3.000914e+002
2.716000 3.000898e+002
2.718000 3.000882e+002
2.720000 3.000867e+002
2.722000 3.000851e+002
2.724000 3.000836e+002
2.726000 3.000822e+002
2.728000 3.000807e+002
2.730000 3.000793e+002
2.732000 3.000779e+002
2.734000 3.000765e+002
2.736000 3.000751e+002
2.738000 3.000738e+002
2.740000 3.000725e+002
2.742000 3.000712e+002
2.744000 3.000699e+002
2.746000 3.000686e+002
2.748000 3.000674e+002
2.750000 3.000662e+002
2.752000 3.000650e+002
2.754000 3.000638e+002
2.756000 3.000627e+002
2.758000 3.000616e+002
2.760000 3.000605e+002
2.762000 3.000594e+002
2.764000 3.000583e+002
2.766000 3.000572e+002
2.768000 3.000562e+002
2.770000 3.000552e+002
2.772000 3.000542e+002
2.774000 3.000532e+002
2.776000 3.000522e+002
2.778000 3.000513e+002
2.780000 3.000504e+002
2.782000 3.000494e+002
2.784000 3.000485e+002
2.786000 3.000477e+002
2.788000 3.000468e+002
2.790000 3.000459e+002
2.792000 3.000451e+002
2.794000 3.000443e+002
2.796000 3.000434e+002
2.798000 3.000426e+002
2.800000 3.000419e+002
2.802000 3.000411e+002
2.804000 3.000403e+002
2.806000 3.000396e+002
2.808000 3.000389e+002
2.810000 3.000381e+002
2.812000 3.000374e+002
2.814000 3.000367e+002
2.816000 3.000361e+002
2.818000 3.000354e+002
2.820000 3.000347e+002
2.822000 3.000341e+002
2.824000 3.000335e+002
2.826000 3.000328e+002
2.828000 3.000322e+002
2.830000 3.000316e+002
2.832000 3.000310e+002
2.834000 3.000304e+002
2.836000 3.000299e+002
2.838000 3.000293e+002
2.840000 3.000288e+002
2.842000 3.000282e+002
2.844000 3.000277e+002
2.846000 3.000272e+002
2.848000 3.000267e+002
2.850000 3.000262e+002
2.852000 3.000257e+002
2.854000 3.000252e+002
2.856000 3.000247e+002
2.858000 3.000242e+002
2.860000 3.000238e+002
2.862000 3.000233e+002
2.864000 3.000229e+002
2.866000 3.000225e+002
2.868000 3.000220e+002
2.870000 3.000216e+002
2.872000 3.000212e+002
2.874000 3.000208e+002
2.876000 3.000204e+002
2.878000 3.000200e+002
2.880000 3.000196e+002
2.882000 3.000192e+002
2.884000 3.000189e+002
2.886000 3.000185e+002
2.888000 3.000182e+002
2.890000 3.000178e+002
2.892000 3.000175e+002
2.894000 3.000171e+002
2.896000 3.000168e+002
2.898000 3.000165e+002
2.900000 3.000162e+002
2.902000 3.000159e+002
2.904000 3.000155e+002
2.906000 3.000152e+002
2.908000 3.000149e+002
2.910000 3.000147e+002
2.912000 3.000144e+002
2.914000 3.000141e+002
2.916000 3.000138e+002
2.918000 3.000136e+002
2.920000 3.000133e+002
2.922000 3.000130e+002
2.924000 3.000128e+002
2.926000 3.000125e+002
2.928000 3.000123e+002
2.930000 3.000120e+002
2.932000 3.000118e+002
2.934000 3.000116e+002
2.936000 3.000113e+002
2.938000 3.000111e+002
2.940000 3.000109e+002
2.942000 3.000107e+002
2.944000 3.000105e+002
2.946000 3.000103e+002
2.948000 3.000101e+002
2.950000 3.000099e+002
2.952000 3.000097e+002
2.954000 3.000095e+002
2.956000 3.000093e+002
2.958000 3.000091e+002
2.960000 3.000089e+002
2.962000 3.000088e+002
2.964000 3.000086e+002
2.966000 3.000084e+002
2.968000 3.000082e+002
2.970000 3.000081e+002
2.972000 3.000079e+002
2.974000 3.000078e+002
2.976000 3.000076e+002
2.978000 3.000074e+002
2.980000 3.000073e+002
2.982000 3.000072e+002
2.984000 3.000070e+002
2.986000 3.000069e+002
2.988000 3.000067e+002
2.990000 3.000066e+002
2.992000 3.000065e+002
2.994000 3.000063e+002
2.996000 3.000062e+002
2.998000 3.000061e+002
3.000000 3.000060e+002
3.002000 3.000058e+002
3.004000 3.000057e+002
3.006000 3.000056e+002
3.008000 3.000055e+002
3.010000 3.000054e+002
3.012000 3.000053e+002
3.014000 3.000052e+002
3.016000 3.000051e+002
3.018000 3.000050e+002
3.020000 3.000049e+002
3.022000 3.000048e+002
3.024000 3.000047e+002
3.026000 3.000046e+002
3.028000 3.000045e+002
3.030000 3.000044e+002
3.032000 3.000043e+002
3.034000 3.000042e+002
3.036000 3.000041e+002
3.038000 3.000040e+002
3.040000 3.000039e+002
3.042000 3.000039e+002
3.044000 3.000038e+002
3.046000 3.000037e+002
3.048000 3.000036e+002
3.050000 3.000036e+002
3.052000 3.000035e+002
3.054000 3.000034e+002
3.056000 3.000033e+002
3.058000 3.000033e+002
3.060000 3.000032e+002
3.062000 3.000031e+002
3.064000 3.000031e+002
3.066000 3.000030e+002
3.068000 3.000029e+002
3.070000 3.000029e+002
3.072000 3.000028e+002
3.074000 3.000028e+002
3.076000 3.000027e+002
3.078000 3.000026e+002
3.080000 3.000026e+002
3.082000 3.000025e+002
3.084000 3.000025e+002
3.086000 3.000024e+002
3.088000 3.000024e+002
3.090000 3.000023e+002
3.092000 3.000023e+002
3.094000 3.000022e+002
3.096000 3.000022e+002
3.098000 3.000021e+002
3.100000 3.000021e+002
3.102000 3.000021e+002
3.104000 3.000020e+002
3.106000 3.000020e+002
3.108000 3.000019e+002
3.110000 3.000019e+002
3.112000 3.000018e+002
3.114000 3.000018e+002
3.116000 3.000018e+002
3.118000 3.000017e+002
3.120000 3.000017e+002
3.122000 3.000017e+002
3.124000 3.000016e+002
3.126000 3.000016e+002
3.128000 3.000016e+002
3.130000 3.000015e+002
3.132000 3.000015e+002
3.134000 3.000015e+002
3.136000 3.000014e+002
3.138000 3.000014e+002
3.140000 3.000014e+002
3.142000 3.000013e+002
3.144000 3.000013e+002
3.146000 3.000013e+002
3.148000 3.000012e+002
3.150000 3.000012e+002
3.152000 3.000012e+002
3.154000 3.000012e+002
3.156000 3.000011e+002
3.158000 3.000011e+002
3.160000 3.000011e+002
3.162000 3.000011e+002
3.164000 3.000010e+002
3.166000 3.000010e+002
3.168000 3.000010e+002
3.170000 3.000010e+002
3.172000 3.000010e+002
3.174000 3.000009e+002
3.176000 3.000009e+002
3.178000 3.000009e+002
3.180000 3.000009e+002
3.182000 3.000009e+002
3.184000 3.000008e+002
3.186000 3.000008e+002
3.188000 3.000008e+002
3.190000 3.000008e+002
3.192000 3.000008e+002
3.194000 3.000008e+002
3.196000 3.000007e+002
3.198000 3.000007e+002
3.200000 3.000007e+002
3.202000 3.000007e+002
3.204000 3.000007e+002
3.206000 3.000007e+002
3.208000 3.000006e+002
3.210000 3.000006e+002
3.212000 3.000006e+002
3.214000 3.000006e+002
3.216000 3.000006e+002
3.218000 3.000006e+002
3.220000 3.000006e+002
3.222000 3.000005e+002
3.224000 3.000005e+002
3.226000 3.000005e+002
3.228000 3.000005e+002
3.230000 3.000005e+002
3.232000 3.000005e+002
3.234000 3.000005e+002
3.236000 3.000005e+002
3.238000 3.000005e+002
3.240000 3.000004e+002
3.242000 3.000004e+002
3.244000 3.000004e+002
3.246000 3.000004e+002
3.248000 3.000004e+002
3.250000 3.000004e+002
3.252000 3.000004e+002
3.254000 3.000004e+002
3.256000 3.000004e+002
3.258000 3.000004e+002
3.260000 3.000004e+002
3.262000 3.000003e+002
3.264000 3.000003e+002
3.266000 3.000003e+002
3.268000 3.000003e+002
3.270000 3.000003e+002
3.272000 3.000003e+002
3.274000 3.000003e+002
3.276000 3.000003e+002
3.278000 3.000003e+002
3.280000 3.000003e+002
3.282000 3.000003e+002
3.284000 3.000003e+002
3.286000 3.000003e+002
3.288000 3.000003e+002
3.290000 3.000003e+002
3.292000 3.000002e+002
3.294000 3.000002e+002
3.296000 3.000002e+002
3.298000 3.000002e+002
3.300000 3.000002e+002
3.302000 3.000002e+002
3.304000 3.000002e+002
3.306000 3.000002e+002
3.308000 3.000002e+002
3.310000 3.000002e+002
3.312000 3.000002e+002
3.314000 3.000002e+002
3.316000 3.000002e+002
3.318000 3.000002e+002
3.320000 3.000002e+002
3.322000 3.000002e+002
3.324000 3.000002e+002
3.326000 3.000002e+002
3.328000 3.000002e+002
3.330000 3.000002e+002
3.332000 3.000002e+002
3.334000 3.000002e+002
3.336000 3.000001e+002
3.338000 3.000001e+002
3.340000 3.000001e+002
3.342000 3.000001e+002
3.344000 3.000001e+002
3.346000 3.000001e+002
3.348000 3.000001e+002
3.350000 3.000001e+002
3.352000 3.000001e+002
3.354000 3.000001e+002
3.356000 3.000001e+002
3.358000 3.000001e+002
3.360000 3.000001e+002
3.362000 3.000001e+002
3.364000 3.000001e+002
3.366000 3.000001e+002
3.368000 3.000001e+002
3.370000 3.000001e+002
3.372000 3.000001e+002
3.374000 3.000001e+002
3.376000 3.000001e+002
3.378000 3.000001e+002
3.380000 3.000001e+002
3.382000 3.000001e+002
3.384000 3.000001e+002
3.386000 3.000001e+002
3.388000 3.000001e+002
3.390000 3.000001e+002
3.392000 3.000001e+002
3.394000 3.000001e+002
3.396000 3.000001e+002
3.398000 3.000001e+002
3.400000 3.000001e+002
3.402000 3.000001e+002
3.404000 3.000001e+002
3.406000 3.000001e+002
3.408000 3.000001e+002
3.410000 3.000001e+002
3.412000 3.000001e+002
3.414000 3.000001e+002
3.416000 3.000001e+002
3.418000 3.000001e+002
3.420000 3.000001e+002
3.422000 3.000001e+002
3.424000 3.000001e+002
3.426000 3.000001e+002
3.428000 3.000000e+002
3.430000 3.000000e+002
3.432000 3.000000e+002
3.434000 3.000000e+002
3.436000 3.000000e+002
3.438000 3.000000e+002
3.440000 3.000000e+002
3.442000 3.000000e+002
3.444000 3.000000e+002
3.446000 3.000000e+002
3.448000 3.000000e+002
3.450000 3.000000e+002
3.452000 3.000000e+002
3.454000 3.000000e+002
3.456000 3.000000e+002
3.458000 3.000000e+002
3.460000 3.000000e+002
3.462000 3.000000e+002
3.464000 3.000000e+002
3.466000 3.000000e+002
3.468000 3.000000e+002
3.470000 3.000000e+002
3.472000 3.000000e+002
3.474000 3.000000e+002
3.476000 3.000000e+002
3.478000 3.000000e+002
3.480000 3.000000e+002
3.482000 3.000000e+002
3.484000 3.000000e+002
3.486000 3.000000e+002
3.488000 3.000000e+002
3.490000 3.000000e+002
3.492000 3.000000e+002
3.494000 3.000000e+002
3.496000 3.000000e+002
3.498000 3.000000e+002
3.500000 3.000000e+002
3.502000 3.000000e+002
3.504000 3.000000e+002
3.506000 3.000000e+002
3.508000 3.000000e+002
3.510000 3.000000e+002
3.512000 3.000000e+002
3.514000 3.000000e+002
3.516000 3.000000e+002
3.518000 3.000000e+002
3.520000 3.000000e+002
3.522000 3.000000e+002
3.524000 3.000000e+002
3.526000 3.000000e+002
3.528000 3.000000e+002
3.530000 3.000000e+002
3.532000 3.000000e+002
3.534000 3.000000e+002
3.536000 3.000000e+002
3.538000 3.000000e+002
3.540000 3.000000e+002
3.542000 3.000000e+002
3.544000 3.000000e+002
3.546000 3.000000e+002
3.548000 3.000000e+002
3.550000 3.000000e+002
3.552000 3.000000e+002
3.554000 3.000000e+002
3.556000 3.000000e+002
3.558000 3.000000e+002
3.560000 3.000000e+002
3.562000 3.000000e+002
3.564000 3.000000e+002
3.566000 3.000000e+002
3.568000 3.000000e+002
3.570000 3.000000e+002
3.572000 3.000000e+002
3.574000 3.000000e+002
3.576000 3.000000e+002
3.578000 3.000000e+002
3.580000 3.000000e+002
3.582000 3.000000e+002
3.584000 3.000000e+002
3.586000 3.000000e+002
3.588000 3.000000e+002
3.590000 3.000000e+002
3.592000 3.000000e+002
3.594000 3.000000e+002
3.596000 3.000000e+002
3.598000 3.000000e+002
3.600000 3.000000e+002
3.602000 3.000000e+002
3.604000 3.000000e+002
3.606000 3.000000e+002
3.608000 3.000000e+002
3.610000 3.000000e+002
3.612000 3.000000e+002
3.614000 3.000000e+002
3.616000 3.000000e+002
3.618000 3.000000e+002
3.620000 3.000000e+002
3.622000 3.000000e+002
3.624000 3.000000e+002
3.626000 3.000000e+002
3.628000 3.000000e+002
3.630000 3.000000e+002
3.632000 3.000000e+002
3.634000 3.000000e+002
3.636000 3.000000e+002
3.638000 3.000000e+002
3.640000 3.000000e+002
3.642000 3.000000e+002
3.644000 3.000000e+002
3.646000 3.000000e+002
3.648000 3.000000e+002
3.650000 3.000000e+002
3.652000 3.000000e+002
3.654000 3.000000e+002
3.656000 3.000000e+002
3.658000 3.000000e+002
3.660000 3.000000e+002
3.662000 3.000000e+002
3.664000 3.000000e+002
3.666000 3.000000e+002
3.668000 3.000000e+002
3.670000 3.000000e+002
3.672000 3.000000e+002
3.674000 3.000000e+002
3.676000 3.000000e+002
3.678000 3.000000e+002
3.680000 3.000000e+002
3.682000 3.000000e+002
3.684000 3.000000e+002
3.686000 3.000000e+002
3.688000 3.000000e+002
3.690000 3.000000e+002
3.692000 3.000000e+002
3.694000 3.000000e+002
3.696000 3.000000e+002
3.698000 3.000000e+002
3.700000 3.000000e+002
3.702000 3.000000e+002
3.704000 3.000000e+002
3.706000 3.000000e+002
3.708000 3.000000e+002
3.710000 3.000000e+002
3.712000 3.000000e+002
3.714000 3.000000e+002
3.716000 3.000000e+002
3.718000 3.000000e+002
3.720000 3.000000e+002
3.722000 3.000000e+002
3.724000 3.000000e+002
3.726000 3.000000e+002
3.728000 3.000000e+002
3.730000 3.000000e+002
3.732000 3.000000e+002
3.734000 3.000000e+002
3.736000 3.000000e+002
3.738000 3.000000e+002
3.740000 3.000000e+002
3.742000 3.000000e+002
3.744000 3.000000e+002
3.746000 3.000000e+002
3.748000 3.000000e+002
3.750000 3.000000e+002
3.752000 3.000000e+002
3.754000 3.000000e+002
3.756000 3.000000e+002
3.758000 3.000000e+002
3.760000 3.000000e+002
3.762000 3.000000e+002
3.764000 3.000000e+002
3.766000 3.000000e+002
3.768000 3.000000e+002
3.770000 3.000000e+002
3.772000 3.000000e+002
3.774000 3.000000e+002
3.776000 3.000000e+002
3.778000 3.000000e+002
3.780000 3.000000e+002
3.782000 3.000000e+002
3.784000 3.000000e+002
3.786000 3.000000e+002
3.788000 3.000000e+002
3.790000 3.000000e+002
3.792000 3.000000e+002
3.794000 3.000000e+002
3.796000 3.000000e+002
3.798000 3.000000e+002
3.800000 3.000000e+002
3.802000 3.000000e+002
3.804000 3.000000e+002
3.806000 3.000000e+002
3.808000 3.000000e+002
3.810000 3.000000e+002
3.812000 3.000000e+002
3.814000 3.000000e+002
3.816000 3.000000e+002
3.818000 3.000000e+002
3.820000 3.000000e+002
3.822000 3.000000e+002
3.824000 3.000000e+002
3.826000 3.000000e+002
3.828000 3.000000e+002
3.830000 3.000000e+002
3.832000 3.000000e+002
3.834000 3.000000e+002
3.836000 3.000000e+002
3.838000 3.000000e+002
3.840000 3.000000e+002
3.842000 3.000000e+002
3.844000 3.000000e+002
3.846000 3.000000e+002
3.848000 3.000000e+002
3.850000 3.000000e+002
3.852000 3.000000e+002
3.854000 3.000000e+002
3.856000 3.000000e+002
3.858000 3.000000e+002
3.860000 3.000000e+002
3.862000 3.000000e+002
3.864000 3.000000e+002
3.866000 3.000000e+002
3.868000 3.000000e+002
3.870000 3.000000e+002
3.872000 3.000000e+002
3.874000 3.000000e+002
3.876000 3.000000e+002
3.878000 3.000000e+002
3.880000 3.000000e+002
3.882000 3.000000e+002
3.884000 3.000000e+002
3.886000 3.000000e+002
3.888000 3.000000e+002
3.890000 3.000000e+002
3.892000 3.000000e+002
3.894000 3.000000e+002
3.896000 3.000000e+002
3.898000 3.000000e+002
3.900000 3.000000e+002
3.902000 3.000000e+002
3.904000 3.000000e+002
3.906000 3.000000e+002
3.908000 3.000000e+002
3.910000 3.000000e+002
3.912000 3.000000e+002
3.914000 3.000000e+002
3.916000 3.000000e+002
3.918000 3.000000e+002
3.920000 3.000000e+002
3.922000 3.000000e+002
3.924000 3.000000e+002
3.926000 3.000000e+002
3.928000 3.000000e+002
3.930000 3.000000e+002
3.932000 3.000000e+002
3.934000 3.000000e+002
3.936000 3.000000e+002
3.938000 3.000000e+002
3.940000 3.000000e+002
3.942000 3.000000e+002
3.944000 3.000000e+002
3.946000 3.000000e+002
3.948000 3.000000e+002
3.950000 3.000000e+002
3.952000 3.000000e+002
3.954000 3.000000e+002
3.956000 3.000000e+002
3.958000 3.000000e+002
3.960000 3.000000e+002
3.962000 3.000000e+002
3.964000 3.000000e+002
3.966000 3.000000e+002
3.968000 3.000000e+002
3.970000 3.000000e+002
3.972000 3.000000e+002
3.974000 3.000000e+002
3.976000 3.000000e+002
3.978000 3.000000e+002
3.980000 3.000000e+002
3.982000 3.000000e+002
3.984000 3.000000e+002
3.986000 3.000000e+002
3.988000 3.000000e+002
3.990000 3.000000e+002
3.992000 3.000000e+002
3.994000 3.000000e+002
3.996000 3.000000e+002
3.998000 3.000000e+002
