0.000000 3.461136e+002
0.002000 3.512495e+002
0.004000 3.563838e+002
0.006000 3.615161e+002
0.008000 3.666462e+002
0.010000 3.717741e+002
0.012000 3.768996e+002
0.014000 3.820224e+002
0.016000 3.871423e+002
0.018000 3.922593e+002
0.020000 3.973731e+002
0.022000 4.024835e+002
0.024000 4.075904e+002
0.026000 4.126936e+002
0.028000 4.177929e+002
0.030000 4.228881e+002
0.032000 4.279791e+002
0.034000 4.330656e+002
0.036000 4.381476e+002
0.038000 4.432248e+002
0.040000 4.482971e+002
0.042000 4.533642e+002
0.044000 4.584261e+002
0.046000 4.634825e+002
0.048000 4.685333e+002
0.050000 4.735782e+002
0.052000 4.786171e+002
0.054000 4.836499e+002
0.056000 4.886764e+002
0.058000 4.936964e+002
0.060000 4.987097e+002
0.062000 5.037161e+002
0.064000 5.087155e+002
0.066000 5.137078e+002
0.068000 5.186927e+002
0.070000 5.236701e+002
0.072000 5.286398e+002
0.074000 5.336016e+002
0.076000 5.385554e+002
0.078000 5.435010e+002
0.080000 5.484383e+002
0.082000 5.533670e+002
0.084000 5.582870e+002
0.086000 5.631982e+002
0.088000 5.681004e+002
0.090000 5.729934e+002
0.092000 5.778771e+002
0.094000 5.827512e+002
0.096000 5.876157e+002
0.098000 5.924704e+002
0.100000 5.973150e+002
0.102000 6.021496e+002
0.104000 6.069738e+002
0.106000 6.117876e+002
0.108000 6.165907e+002
0.110000 6.213831e+002
0.112000 6.261646e+002
0.114000 6.309349e+002
0.116000 6.356940e+002
0.118000 6.404418e+002
0.120000 6.451780e+002
0.122000 6.499024e+002
0.124000 6.546151e+002
0.126000 6.593157e+002
0.128000 6.640042e+002
0.130000 6.686804e+002
0.132000 6.733441e+002
0.134000 6.779953e+002
0.136000 6.826337e+002
0.138000 6.872592e+002
0.140000 6.918717e+002
0.142000 6.964710e+002
0.144000 7.010570e+002
0.146000 7.056295e+002
0.148000 7.101885e+002
0.150000 7.147337e+002
0.152000 7.192650e+002
0.154000 7.237822e+002
0.156000 7.282854e+002
0.158000 7.327742e+002
0.160000 7.372486e+002
0.162000 7.417084e+002
0.164000 7.461536e+002
0.166000 7.505839e+002
0.168000 7.549992e+002
0.170000 7.593994e+002
0.172000 7.637844e+002
0.174000 7.681541e+002
0.176000 7.725082e+002
0.178000 7.768468e+002
0.180000 7.811696e+002
0.182000 7.854765e+002
0.184000 7.897674e+002
0.186000 7.940423e+002
0.188000 7.983008e+002
0.190000 8.025431e+002
0.192000 8.067688e+002
0.194000 8.109780e+002
0.196000 8.151704e+002
0.198000 8.193460e+002
0.200000 8.235046e+002
0.202000 8.276462e+002
0.204000 8.317706e+002
0.206000 8.358776e+002
0.208000 8.399673e+002
0.210000 8.440395e+002
0.212000 8.480940e+002
0.214000 8.521308e+002
0.216000 8.561497e+002
0.218000 8.601507e+002
0.220000 8.641336e+002
0.222000 8.680983e+002
0.224000 8.720448e+002
0.226000 8.759729e+002
0.228000 8.798825e+002
0.230000 8.837735e+002
0.232000 8.876458e+002
0.234000 8.914994e+002
0.236000 8.953341e+002
0.238000 8.991498e+002
0.240000 9.029465e+002
0.242000 9.067240e+002
0.244000 9.104822e+002
0.246000 9.142211e+002
0.248000 9.179406e+002
0.250000 9.216405e+002
0.252000 9.253208e+002
0.254000 9.289814e+002
0.256000 9.326222e+002
0.258000 9.362431e+002
0.260000 9.398440e+002
0.262000 9.434249e+002
0.264000 9.469857e+002
0.266000 9.505263e+002
0.268000 9.540465e+002
0.270000 9.575464e+002
0.272000 9.610259e+002
0.274000 9.644848e+002
0.276000 9.679231e+002
0.278000 9.713407e+002
0.280000 9.747376e+002
0.282000 9.781137e+002
0.284000 9.814688e+002
0.286000 9.848030e+002
0.288000 9.881162e+002
0.290000 9.914083e+002
0.292000 9.946791e+002
0.294000 9.979288e+002
0.296000 1.001157e+003
0.298000 1.004364e+003
0.300000 1.007550e+003
0.302000 1.010714e+003
0.304000 1.013856e+003
0.306000 1.016977e+003
0.308000 1.020076e+003
0.310000 1.023154e+003
0.312000 1.026210e+003
0.314000 1.029243e+003
0.316000 1.032255e+003
0.318000 1.035245e+003
0.320000 1.038213e+003
0.322000 1.041159e+003
0.324000 1.044083e+003
0.326000 1.046985e+003
0.328000 1.049865e+003
0.330000 1.052722e+003
0.332000 1.055557e+003
0.334000 1.058369e+003
0.336000 1.061160e+003
0.338000 1.063928e+003
0.340000 1.066673e+003
0.342000 1.069396e+003
0.344000 1.072096e+003
0.346000 1.074774e+003
0.348000 1.077429e+003
0.350000 1.080062e+003
0.352000 1.082672e+003
0.354000 1.085259e+003
0.356000 1.087823e+003
0.358000 1.090365e+003
0.360000 1.092883e+003
0.362000 1.095379e+003
0.364000 1.097852e+003
0.366000 1.100302e+003
0.368000 1.102730e+003
0.370000 1.105134e+003
0.372000 1.107515e+003
0.374000 1.109873e+003
0.376000 1.112208e+003
0.378000 1.114521e+003
0.380000 1.116810e+003
0.382000 1.119076e+003
0.384000 1.121318e+003
0.386000 1.123538e+003
0.388000 1.125735e+003
0.390000 1.127908e+003
0.392000 1.130058e+003
0.394000 1.132185e+003
0.396000 1.134289e+003
0.398000 1.136370e+003
0.400000 1.138427e+003
0.402000 1.140461e+003
0.404000 1.142472e+003
0.406000 1.144460e+003
0.408000 1.146424e+003
0.410000 1.148365e+003
0.412000 1.150283e+003
0.414000 1.152177e+003
0.416000 1.154049e+003
0.418000 1.155896e+003
0.420000 1.157721e+003
0.422000 1.159522e+003
0.424000 1.161300e+003
0.426000 1.163055e+003
0.428000 1.164786e+003
0.430000 1.166494e+003
0.432000 1.168179e+003
0.434000 1.169841e+003
0.436000 1.171479e+003
0.438000 1.173094e+003
0.440000 1.174686e+003
0.442000 1.176254e+003
0.444000 1.177799e+003
0.446000 1.179321e+003
0.448000 1.180820e+003
0.450000 1.182295e+003
0.452000 1.183747e+003
0.454000 1.185176e+003
0.456000 1.186582e+003
0.458000 1.187965e+003
0.460000 1.189324e+003
0.462000 1.190660e+003
0.464000 1.191974e+003
0.466000 1.193264e+003
0.468000 1.194531e+003
0.470000 1.195774e+003
0.472000 1.196995e+003
0.474000 1.198193e+003
0.476000 1.199368e+003
0.478000 1.200519e+003
0.480000 1.201648e+003
0.482000 1.202754e+003
0.484000 1.203837e+003
0.486000 1.204897e+003
0.488000 1.205934e+003
0.490000 1.206948e+003
0.492000 1.207940e+003
0.494000 1.208908e+003
0.496000 1.209854e+003
0.498000 1.210777e+003
0.500000 1.211678e+003
0.502000 1.212556e+003
0.504000 1.213411e+003
0.506000 1.214243e+003
0.508000 1.215053e+003
0.510000 1.215840e+003
0.512000 1.216605e+003
0.514000 1.217348e+003
0.516000 1.218068e+003
0.518000 1.218765e+003
0.520000 1.219440e+003
0.522000 1.220093e+003
0.524000 1.220723e+003
0.526000 1.221332e+003
0.528000 1.221918e+003
0.530000 1.222481e+003
0.532000 1.223023e+003
0.534000 1.223543e+003
0.536000 1.224040e+003
0.538000 1.224516e+003
0.540000 1.224969e+003
0.542000 1.225401e+003
0.544000 1.225811e+003
0.546000 1.226199e+003
0.548000 1.226565e+003
0.550000 1.226909e+003
0.552000 1.227232e+003
0.554000 1.227533e+003
0.556000 1.227812e+003
0.558000 1.228070e+003
0.560000 1.228306e+003
0.562000 1.228521e+003
0.564000 1.228715e+003
0.566000 1.228887e+003
0.568000 1.229038e+003
0.570000 1.229168e+003
0.572000 1.229276e+003
0.574000 1.229363e+003
0.576000 1.229429e+003
0.578000 1.229475e+003
0.580000 1.229499e+003
0.582000 1.229502e+003
0.584000 1.229485e+003
0.586000 1.229446e+003
0.588000 1.229387e+003
0.590000 1.229307e+003
0.592000 1.229207e+003
0.594000 1.229086e+003
0.596000 1.228944e+003
0.598000 1.228782e+003
0.600000 1.228600e+003
0.602000 1.228397e+003
0.604000 1.228174e+003
0.606000 1.227931e+003
0.608000 1.227667e+003
0.610000 1.227384e+003
0.612000 1.227080e+003
0.614000 1.226757e+003
0.616000 1.226413e+003
0.618000 1.226050e+003
0.620000 1.225667e+003
0.622000 1.225265e+003
0.624000 1.224843e+003
0.626000 1.224401e+003
0.628000 1.223939e+003
0.630000 1.223459e+003
0.632000 1.222959e+003
0.634000 1.222439e+003
0.636000 1.221901e+003
0.638000 1.221343e+003
0.640000 1.220766e+003
0.642000 1.220170e+003
0.644000 1.219556e+003
0.646000 1.218922e+003
0.648000 1.218270e+003
0.650000 1.217598e+003
0.652000 1.216909e+003
0.654000 1.216200e+003
0.656000 1.215474e+003
0.658000 1.214728e+003
0.660000 1.213965e+003
0.662000 1.213183e+003
0.664000 1.212383e+003
0.666000 1.211565e+003
0.668000 1.210728e+003
0.670000 1.209874e+003
0.672000 1.209002e+003
0.674000 1.208112e+003
0.676000 1.207205e+003
0.678000 1.206279e+003
0.680000 1.205336e+003
0.682000 1.204376e+003
0.684000 1.203398e+003
0.686000 1.202403e+003
0.688000 1.201391e+003
0.690000 1.200361e+003
0.692000 1.199315e+003
0.694000 1.198251e+003
0.696000 1.197171e+003
0.698000 1.196073e+003
0.700000 1.194959e+003
0.702000 1.193828e+003
0.704000 1.192681e+003
0.706000 1.191517e+003
0.708000 1.190337e+003
0.710000 1.189140e+003
0.712000 1.187927e+003
0.714000 1.186698e+003
0.716000 1.185453e+003
0.718000 1.184192e+003
0.720000 1.182915e+003
0.722000 1.181622e+003
0.724000 1.180314e+003
0.726000 1.178989e+003
0.728000 1.177650e+003
0.730000 1.176294e+003
0.732000 1.174924e+003
0.734000 1.173538e+003
0.736000 1.172137e+003
0.738000 1.170720e+003
0.740000 1.169289e+003
0.742000 1.167843e+003
0.744000 1.166382e+003
0.746000 1.164906e+003
0.748000 1.163416e+003
0.750000 1.161911e+003
0.752000 1.160392e+003
0.754000 1.158858e+003
0.756000 1.157310e+003
0.758000 1.155748e+003
0.760000 1.154172e+003
0.762000 1.152581e+003
0.764000 1.150977e+003
0.766000 1.149359e+003
0.768000 1.147727e+003
0.770000 1.146082e+003
0.772000 1.144423e+003
0.774000 1.142751e+003
0.776000 1.141065e+003
0.778000 1.139366e+003
0.780000 1.137654e+003
0.782000 1.135929e+003
0.784000 1.134191e+003
0.786000 1.132440e+003
0.788000 1.130677e+003
0.790000 1.128901e+003
0.792000 1.127112e+003
0.794000 1.125311e+003
0.796000 1.123497e+003
0.798000 1.121671e+003
0.800000 1.119833e+003
0.802000 1.117983e+003
0.804000 1.116121e+003
0.806000 1.114247e+003
0.808000 1.112362e+003
0.810000 1.110464e+003
0.812000 1.108556e+003
0.814000 1.106635e+003
0.816000 1.104704e+003
0.818000 1.102761e+003
0.820000 1.100807e+003
0.822000 1.098842e+003
0.824000 1.096866e+003
0.826000 1.094879e+003
0.828000 1.092881e+003
0.830000 1.090873e+003
0.832000 1.088854e+003
0.834000 1.086825e+003
0.836000 1.084785e+003
0.838000 1.082735e+003
0.840000 1.080675e+003
0.842000 1.078605e+003
0.844000 1.076525e+003
0.846000 1.074436e+003
0.848000 1.072336e+003
0.850000 1.070227e+003
0.852000 1.068109e+003
0.854000 1.065981e+003
0.856000 1.063844e+003
0.858000 1.061697e+003
0.860000 1.059542e+003
0.862000 1.057378e+003
0.864000 1.055204e+003
0.866000 1.053022e+003
0.868000 1.050831e+003
0.870000 1.048632e+003
0.872000 1.046424e+003
0.874000 1.044208e+003
0.876000 1.041984e+003
0.878000 1.039752e+003
0.880000 1.037511e+003
0.882000 1.035263e+003
0.884000 1.033006e+003
0.886000 1.030743e+003
0.888000 1.028471e+003
0.890000 1.026192e+003
0.892000 1.023906e+003
0.894000 1.021612e+003
0.896000 1.019311e+003
0.898000 1.017003e+003
0.900000 1.014688e+003
0.902000 1.012366e+003
0.904000 1.010038e+003
0.906000 1.007703e+003
0.908000 1.005361e+003
0.910000 1.003013e+003
0.912000 1.000659e+003
0.914000 9.982980e+002
0.916000 9.959313e+002
0.918000 9.935585e+002
0.920000 9.911799e+002
0.922000 9.887954e+002
0.924000 9.864053e+002
0.926000 9.840096e+002
0.928000 9.816085e+002
0.930000 9.792020e+002
0.932000 9.767902e+002
0.934000 9.743733e+002
0.936000 9.719513e+002
0.938000 9.695244e+002
0.940000 9.670927e+002
0.942000 9.646563e+002
0.944000 9.622152e+002
0.946000 9.597696e+002
0.948000 9.573197e+002
0.950000 9.548654e+002
0.952000 9.524069e+002
0.954000 9.499444e+002
0.956000 9.474779e+002
0.958000 9.450075e+002
0.960000 9.425333e+002
0.962000 9.400555e+002
0.964000 9.375741e+002
0.966000 9.350892e+002
0.968000 9.326010e+002
0.970000 9.301096e+002
0.972000 9.276150e+002
0.974000 9.251174e+002
0.976000 9.226168e+002
0.978000 9.201135e+002
0.980000 9.176074e+002
0.982000 9.150987e+002
0.984000 9.125874e+002
0.986000 9.100738e+002
0.988000 9.075579e+002
0.990000 9.050397e+002
0.992000 9.025195e+002
0.994000 8.999972e+002
0.996000 8.974731e+002
0.998000 8.949471e+002
1.000000 8.924195e+002
1.002000 8.898903e+002
1.004000 8.873595e+002
1.006000 8.848274e+002
1.008000 8.822940e+002
1.010000 8.797595e+002
1.012000 8.772238e+002
1.014000 8.746871e+002
1.016000 8.721496e+002
1.018000 8.696113e+002
1.020000 8.670723e+002
1.022000 8.645327e+002
1.024000 8.619926e+002
1.026000 8.594521e+002
1.028000 8.569113e+002
1.030000 8.543704e+002
1.032000 8.518293e+002
1.034000 8.492883e+002
1.036000 8.467473e+002
1.038000 8.442065e+002
1.040000 8.416660e+002
1.042000 8.391259e+002
1.044000 8.365863e+002
1.046000 8.340473e+002
1.048000 8.315089e+002
1.050000 8.289713e+002
1.052000 8.264346e+002
1.054000 8.238988e+002
1.056000 8.213641e+002
1.058000 8.188305e+002
1.060000 8.162981e+002
1.062000 8.137670e+002
1.064000 8.112374e+002
1.066000 8.087093e+002
1.068000 8.061828e+002
1.070000 8.036579e+002
1.072000 8.011349e+002
1.074000 7.986137e+002
1.076000 7.960945e+002
1.078000 7.935773e+002
1.080000 7.910623e+002
1.082000 7.885494e+002
1.084000 7.860389e+002
1.086000 7.835308e+002
1.088000 7.810252e+002
1.090000 7.785221e+002
1.092000 7.760217e+002
1.094000 7.735241e+002
1.096000 7.710292e+002
1.098000 7.685373e+002
1.100000 7.660484e+002
1.102000 7.635625e+002
1.104000 7.610798e+002
1.106000 7.586003e+002
1.108000 7.561242e+002
1.110000 7.536515e+002
1.112000 7.511822e+002
1.114000 7.487165e+002
1.116000 7.462545e+002
1.118000 7.437962e+002
1.120000 7.413417e+002
1.122000 7.388910e+002
1.124000 7.364444e+002
1.126000 7.340017e+002
1.128000 7.315632e+002
1.130000 7.291289e+002
1.132000 7.266988e+002
1.134000 7.242730e+002
1.136000 7.218517e+002
1.138000 7.194348e+002
1.140000 7.170225e+002
1.142000 7.146149e+002
1.144000 7.122119e+002
1.146000 7.098137e+002
1.148000 7.074204e+002
1.150000 7.050319e+002
1.152000 7.026485e+002
1.154000 7.002701e+002
1.156000 6.978968e+002
1.158000 6.955287e+002
1.160000 6.931659e+002
1.162000 6.908084e+002
1.164000 6.884562e+002
1.166000 6.861096e+002
1.168000 6.837684e+002
1.170000 6.814328e+002
1.172000 6.791029e+002
1.174000 6.767787e+002
1.176000 6.744602e+002
1.178000 6.721476e+002
1.180000 6.698409e+002
1.182000 6.675401e+002
1.184000 6.652453e+002
1.186000 6.629566e+002
1.188000 6.606741e+002
1.190000 6.583977e+002
1.192000 6.561276e+002
1.194000 6.538638e+002
1.196000 6.516063e+002
1.198000 6.493552e+002
1.200000 6.471106e+002
1.202000 6.448726e+002
1.204000 6.426411e+002
1.206000 6.404162e+002
1.208000 6.381980e+002
1.210000 6.359866e+002
1.212000 6.337819e+002
1.214000 6.315840e+002
1.216000 6.293931e+002
1.218000 6.272090e+002
1.220000 6.250320e+002
1.222000 6.228619e+002
1.224000 6.206989e+002
1.226000 6.185431e+002
1.228000 6.163944e+002
1.230000 6.142529e+002
1.232000 6.121187e+002
1.234000 6.099918e+002
1.236000 6.078722e+002
1.238000 6.057599e+002
1.240000 6.036551e+002
1.242000 6.015578e+002
1.244000 5.994680e+002
1.246000 5.973857e+002
1.248000 5.953109e+002
1.250000 5.932438e+002
1.252000 5.911844e+002
1.254000 5.891326e+002
1.256000 5.870886e+002
1.258000 5.850523e+002
1.260000 5.830239e+002
1.262000 5.810032e+002
1.264000 5.789904e+002
1.266000 5.769856e+002
1.268000 5.749886e+002
1.270000 5.729996e+002
1.272000 5.710186e+002
1.274000 5.690457e+002
1.276000 5.670807e+002
1.278000 5.651239e+002
1.280000 5.631751e+002
1.282000 5.612345e+002
1.284000 5.593021e+002
1.286000 5.573778e+002
1.288000 5.554618e+002
1.290000 5.535540e+002
1.292000 5.516544e+002
1.294000 5.497632e+002
1.296000 5.478802e+002
1.298000 5.460056e+002
1.300000 5.441394e+002
1.302000 5.422815e+002
1.304000 5.404320e+002
1.306000 5.385909e+002
1.308000 5.367582e+002
1.310000 5.349340e+002
1.312000 5.331183e+002
1.314000 5.313110e+002
1.316000 5.295122e+002
1.318000 5.277220e+002
1.320000 5.259403e+002
1.322000 5.241671e+002
1.324000 5.224025e+002
1.326000 5.206465e+002
1.328000 5.188991e+002
1.330000 5.171602e+002
1.332000 5.154300e+002
1.334000 5.137084e+002
1.336000 5.119954e+002
1.338000 5.102910e+002
1.340000 5.085953e+002
1.342000 5.069083e+002
1.344000 5.052299e+002
1.346000 5.035602e+002
1.348000 5.018992e+002
1.350000 5.002469e+002
1.352000 4.986032e+002
1.354000 4.969683e+002
1.356000 4.953420e+002
1.358000 4.937245e+002
1.360000 4.921157e+002
1.362000 4.905155e+002
1.364000 4.889241e+002
1.366000 4.873414e+002
1.368000 4.857674e+002
1.370000 4.842021e+002
1.372000 4.826456e+002
1.374000 4.810977e+002
1.376000 4.795586e+002
1.378000 4.780282e+002
1.380000 4.765064e+002
1.382000 4.749934e+002
1.384000 4.734891e+002
1.386000 4.719935e+002
1.388000 4.705066e+002
1.390000 4.690283e+002
1.392000 4.675588e+002
1.394000 4.660979e+002
1.396000 4.646457e+002
1.398000 4.632021e+002
1.400000 4.617672e+002
1.402000 4.603410e+002
1.404000 4.589234e+002
1.406000 4.575144e+002
1.408000 4.561140e+002
1.410000 4.547223e+002
1.412000 4.533392e+002
1.414000 4.519646e+002
1.416000 4.505986e+002
1.418000 4.492412e+002
1.420000 4.478923e+002
1.422000 4.465520e+002
1.424000 4.452202e+002
1.426000 4.438969e+002
1.428000 4.425821e+002
1.430000 4.412758e+002
1.432000 4.399780e+002
1.434000 4.386886e+002
1.436000 4.374077e+002
1.438000 4.361351e+002
1.440000 4.348710e+002
1.442000 4.336153e+002
1.444000 4.323679e+002
1.446000 4.311289e+002
1.448000 4.298983e+002
1.450000 4.286759e+002
1.452000 4.274619e+002
1.454000 4.262561e+002
1.456000 4.250586e+002
1.458000 4.238693e+002
1.460000 4.226882e+002
1.462000 4.215154e+002
1.464000 4.203507e+002
1.466000 4.191941e+002
1.468000 4.180457e+002
1.470000 4.169054e+002
1.472000 4.157732e+002
1.474000 4.146491e+002
1.476000 4.135329e+002
1.478000 4.124249e+002
1.480000 4.113247e+002
1.482000 4.102326e+002
1.484000 4.091484e+002
1.486000 4.080722e+002
1.488000 4.070038e+002
1.490000 4.059433e+002
1.492000 4.048906e+002
1.494000 4.038457e+002
1.496000 4.028087e+002
1.498000 4.017794e+002
1.500000 4.007578e+002
1.502000 3.997439e+002
1.504000 3.987378e+002
1.506000 3.977392e+002
1.508000 3.967483e+002
1.510000 3.957650e+002
1.512000 3.947893e+002
1.514000 3.938211e+002
1.516000 3.928604e+002
1.518000 3.919072e+002
1.520000 3.909615e+002
1.522000 3.900232e+002
1.524000 3.890922e+002
1.526000 3.881687e+002
1.528000 3.872524e+002
1.530000 3.863435e+002
1.532000 3.854418e+002
1.534000 3.845474e+002
1.536000 3.836602e+002
1.538000 3.827801e+002
1.540000 3.819072e+002
1.542000 3.810415e+002
1.544000 3.801828e+002
1.546000 3.793311e+002
1.548000 3.784865e+002
1.550000 3.776489e+002
1.552000 3.768182e+002
1.554000 3.759944e+002
1.556000 3.751775e+002
1.558000 3.743675e+002
1.560000 3.735643e+002
1.562000 3.727679e+002
1.564000 3.719782e+002
1.566000 3.711953e+002
1.568000 3.704191e+002
1.570000 3.696495e+002
1.572000 3.688865e+002
1.574000 3.681301e+002
1.576000 3.673803e+002
1.578000 3.666370e+002
1.580000 3.659001e+002
1.582000 3.651698e+002
1.584000 3.644458e+002
1.586000 3.637282e+002
1.588000 3.630170e+002
1.590000 3.623121e+002
1.592000 3.616134e+002
1.594000 3.609210e+002
1.596000 3.602348e+002
1.598000 3.595548e+002
1.600000 3.588809e+002
1.602000 3.582131e+002
1.604000 3.575514e+002
1.606000 3.568957e+002
1.608000 3.562460e+002
1.610000 3.556023e+002
1.612000 3.549645e+002
1.614000 3.543326e+002
1.616000 3.537065e+002
1.618000 3.530863e+002
1.620000 3.524718e+002
1.622000 3.518631e+002
1.624000 3.512601e+002
1.626000 3.506628e+002
1.628000 3.500711e+002
1.630000 3.494851e+002
1.632000 3.489046e+002
1.634000 3.483296e+002
1.636000 3.477602e+002
1.638000 3.471962e+002
1.640000 3.466376e+002
1.642000 3.460844e+002
1.644000 3.455366e+002
1.646000 3.449941e+002
1.648000 3.444569e+002
1.650000 3.439250e+002
1.652000 3.433983e+002
1.654000 3.428767e+002
1.656000 3.423603e+002
1.658000 3.418490e+002
1.660000 3.413428e+002
1.662000 3.408416e+002
1.664000 3.403454e+002
1.666000 3.398542e+002
1.668000 3.393680e+002
1.670000 3.388866e+002
1.672000 3.384101e+002
1.674000 3.379385e+002
1.676000 3.374716e+002
1.678000 3.370095e+002
1.680000 3.365521e+002
1.682000 3.360994e+002
1.684000 3.356514e+002
1.686000 3.352079e+002
1.688000 3.347691e+002
1.690000 3.343348e+002
1.692000 3.339051e+002
1.694000 3.334798e+002
1.696000 3.330590e+002
1.698000 3.326426e+002
1.700000 3.322306e+002
1.702000 3.318229e+002
1.704000 3.314196e+002
1.706000 3.310205e+002
1.708000 3.306257e+002
1.710000 3.302351e+002
1.712000 3.298487e+002
1.714000 3.294664e+002
1.716000 3.290883e+002
1.718000 3.287142e+002
1.720000 3.283442e+002
1.722000 3.279782e+002
1.724000 3.276162e+002
1.726000 3.272581e+002
1.728000 3.269040e+002
1.730000 3.265538e+002
1.732000 3.262074e+002
1.734000 3.258648e+002
1.736000 3.255260e+002
1.738000 3.251910e+002
1.740000 3.248597e+002
1.742000 3.245321e+002
1.744000 3.242082e+002
1.746000 3.238879e+002
1.748000 3.235712e+002
1.750000 3.232580e+002
1.752000 3.229485e+002
1.754000 3.226424e+002
1.756000 3.223398e+002
1.758000 3.220407e+002
1.760000 3.217449e+002
1.762000 3.214526e+002
1.764000 3.211636e+002
1.766000 3.208780e+002
1.768000 3.205956e+002
1.770000 3.203165e+002
1.772000 3.200407e+002
1.774000 3.197681e+002
1.776000 3.194986e+002
1.778000 3.192323e+002
1.780000 3.189691e+002
1.782000 3.187090e+002
1.784000 3.184520e+002
1.786000 3.181981e+002
1.788000 3.179471e+002
1.790000 3.176991e+002
1.792000 3.174541e+002
1.794000 3.172119e+002
1.796000 3.169727e+002
1.798000 3.167364e+002
1.800000 3.165029e+002
1.802000 3.162722e+002
1.804000 3.160443e+002
1.806000 3.158192e+002
1.808000 3.155968e+002
1.810000 3.153771e+002
1.812000 3.151601e+002
1.814000 3.149457e+002
1.816000 3.147340e+002
1.818000 3.145249e+002
1.820000 3.143183e+002
1.822000 3.141143e+002
1.824000 3.139129e+002
1.826000 3.137139e+002
1.828000 3.135174e+002
1.830000 3.133234e+002
1.832000 3.131317e+002
1.834000 3.129425e+002
1.836000 3.127557e+002
1.838000 3.125712e+002
1.840000 3.123891e+002
1.842000 3.122092e+002
1.844000 3.120317e+002
1.846000 3.118564e+002
1.848000 3.116833e+002
1.850000 3.115125e+002
1.852000 3.113438e+002
1.854000 3.111773e+002
1.856000 3.110129e+002
1.858000 3.108507e+002
1.860000 3.106905e+002
1.862000 3.105325e+002
1.864000 3.103764e+002
1.866000 3.102224e+002
1.868000 3.100705e+002
1.870000 3.099205e+002
1.872000 3.097724e+002
1.874000 3.096264e+002
1.876000 3.094822e+002
1.878000 3.093399e+002
1.880000 3.091996e+002
1.882000 3.090611e+002
1.884000 3.089244e+002
1.886000 3.087895e+002
1.888000 3.086565e+002
1.890000 3.085252e+002
1.892000 3.083957e+002
1.894000 3.082679e+002
1.896000 3.081418e+002
1.898000 3.080175e+002
1.900000 3.078948e+002
1.902000 3.077738e+002
1.904000 3.076544e+002
1.906000 3.075367e+002
1.908000 3.074205e+002
1.910000 3.073060e+002
1.912000 3.071930e+002
1.914000 3.070816e+002
1.916000 3.069717e+002
1.918000 3.068633e+002
1.920000 3.067564e+002
1.922000 3.066510e+002
1.924000 3.065471e+002
1.926000 3.064446e+002
1.928000 3.063435e+002
1.930000 3.062439e+002
1.932000 3.061456e+002
1.934000 3.060488e+002
1.936000 3.059533e+002
1.938000 3.058591e+002
1.940000 3.057662e+002
1.942000 3.056747e+002
1.944000 3.055845e+002
1.946000 3.054956e+002
1.948000 3.054079e+002
1.950000 3.053214e+002
1.952000 3.052363e+002
1.954000 3.051523e+002
1.956000 3.050695e+002
1.958000 3.049879e+002
1.960000 3.049076e+002
1.962000 3.048283e+002
1.964000 3.047502e+002
1.966000 3.046733e+002
1.968000 3.045974e+002
1.970000 3.045227e+002
1.972000 3.044491e+002
1.974000 3.043765e+002
1.976000 3.043050e+002
1.978000 3.042346e+002
1.980000 3.041651e+002
1.982000 3.040968e+002
1.984000 3.040294e+002
1.986000 3.039630e+002
1.988000 3.038976e+002
1.990000 3.038332e+002
1.992000 3.037697e+002
1.994000 3.037072e+002
1.996000 3.036456e+002
1.998000 3.035850e+002
2.000000 3.035252e+002
2.002000 3.034664e+002
2.004000 3.034084e+002
2.006000 3.033513e+002
2.008000 3.032951e+002
2.010000 3.032397e+002
2.012000 3.031852e+002
2.014000 3.031315e+002
2.016000 3.030786e+002
2.018000 3.030266e+002
2.020000 3.029753e+002
2.022000 3.029248e+002
2.024000 3.028751e+002
2.026000 3.028262e+002
2.028000 3.027780e+002
2.030000 3.027305e+002
2.032000 3.026838e+002
2.034000 3.026378e+002
2.036000 3.025926e+002
2.038000 3.025480e+002
2.040000 3.025041e+002
2.042000 3.024610e+002
2.044000 3.024185e+002
2.046000 3.023766e+002
2.048000 3.023354e+002
2.050000 3.022949e+002
2.052000 3.022550e+002
2.054000 3.022158e+002
2.056000 3.021771e+002
2.058000 3.021391e+002
2.060000 3.021017e+002
2.062000 3.020649e+002
2.064000 3.020286e+002
2.066000 3.019930e+002
2.068000 3.019579e+002
2.070000 3.019234e+002
2.072000 3.018894e+002
2.074000 3.018560e+002
2.076000 3.018231e+002
2.078000 3.017908e+002
2.080000 3.017590e+002
2.082000 3.017277e+002
2.084000 3.016969e+002
2.086000 3.016666e+002
2.088000 3.016368e+002
2.090000 3.016075e+002
2.092000 3.015787e+002
2.094000 3.015503e+002
2.096000 3.015224e+002
2.098000 3.014950e+002
2.100000 3.014680e+002
2.102000 3.014415e+002
2.104000 3.014154e+002
2.106000 3.013897e+002
2.108000 3.013645e+002
2.110000 3.013397e+002
2.112000 3.013153e+002
2.114000 3.012913e+002
2.116000 3.012677e+002
2.118000 3.012445e+002
2.120000 3.012217e+002
2.122000 3.011993e+002
2.124000 3.011773e+002
2.126000 3.011556e+002
2.128000 3.011343e+002
2.130000 3.011134e+002
2.132000 3.010928e+002
2.134000 3.010726e+002
2.136000 3.010527e+002
2.138000 3.010331e+002
2.140000 3.010139e+002
2.142000 3.009950e+002
2.144000 3.009765e+002
2.146000 3.009582e+002
2.148000 3.009403e+002
2.150000 3.009227e+002
2.152000 3.009054e+002
2.154000 3.008883e+002
2.156000 3.008716e+002
2.158000 3.008552e+002
2.160000 3.008391e+002
2.162000 3.008232e+002
2.164000 3.008076e+002
2.166000 3.007923e+002
2.168000 3.007772e+002
2.170000 3.007625e+002
2.172000 3.007479e+002
2.174000 3.007337e+002
2.176000 3.007197e+002
2.178000 3.007059e+002
2.180000 3.006924e+002
2.182000 3.006791e+002
2.184000 3.006661e+002
2.186000 3.006532e+002
2.188000 3.006407e+002
2.190000 3.006283e+002
2.192000 3.006162e+002
2.194000 3.006042e+002
2.196000 3.005925e+002
2.198000 3.005810e+002
2.200000 3.005697e+002
2.202000 3.005587e+002
2.204000 3.005478e+002
2.206000 3.005371e+002
2.208000 3.005266e+002
2.210000 3.005163e+002
2.212000 3.005062e+002
2.214000 3.004962e+002
2.216000 3.004865e+002
2.218000 3.004769e+002
2.220000 3.004675e+002
2.222000 3.004583e+002
2.224000 3.004492e+002
2.226000 3.004403e+002
2.228000 3.004316e+002
2.230000 3.004230e+002
2.232000 3.004146e+002
2.234000 3.004063e+002
2.236000 3.003982e+002
2.238000 3.003903e+002
2.240000 3.003825e+002
2.242000 3.003748e+002
2.244000 3.003673e+002
2.246000 3.003599e+002
2.248000 3.003527e+002
2.250000 3.003456e+002
2.252000 3.003386e+002
2.254000 3.003318e+002
2.256000 3.003251e+002
2.258000 3.003185e+002
2.260000 3.003121e+002
2.262000 3.003057e+002
2.264000 3.002995e+002
2.266000 3.002934e+002
2.268000 3.002874e+002
2.270000 3.002816e+002
2.272000 3.002758e+002
2.274000 3.002702e+002
2.276000 3.002646e+002
2.278000 3.002592e+002
2.280000 3.002539e+002
2.282000 3.002487e+002
2.284000 3.002435e+002
2.286000 3.002385e+002
2.288000 3.002336e+002
2.290000 3.002287e+002
2.292000 3.002240e+002
2.294000 3.002194e+002
2.296000 3.002148e+002
2.298000 3.002103e+002
2.300000 3.002059e+002
2.302000 3.002017e+002
2.304000 3.001974e+002
2.306000 3.001933e+002
2.308000 3.001893e+002
2.310000 3.001853e+002
2.312000 3.001814e+002
2.314000 3.001776e+002
2.316000 3.001738e+002
2.318000 3.001702e+002
2.320000 3.001666e+002
2.322000 3.001631e+002
2.324000 3.001596e+002
2.326000 3.001562e+002
2.328000 3.001529e+002
2.330000 3.001497e+002
2.332000 3.001465e+002
2.334000 3.001434e+002
2.336000 3.001403e+002
2.338000 3.001373e+002
2.340000 3.001344e+002
2.342000 3.001315e+002
2.344000 3.001287e+002
2.346000 3.001259e+002
2.348000 3.001232e+002
2.350000 3.001205e+002
2.352000 3.001179e+002
2.354000 3.001154e+002
2.356000 3.001129e+002
2.358000 3.001105e+002
2.360000 3.001081e+002
2.362000 3.001057e+002
2.364000 3.001034e+002
2.366000 3.001012e+002
2.368000 3.000990e+002
2.370000 3.000968e+002
2.372000 3.000947e+002
2.374000 3.000926e+002
2.376000 3.000906e+002
2.378000 3.000886e+002
2.380000 3.000867e+002
2.382000 3.000848e+002
2.384000 3.000829e+002
2.386000 3.000811e+002
2.388000 3.000793e+002
2.390000 3.000775e+002
2.392000 3.000758e+002
2.394000 3.000741e+002
2.396000 3.000725e+002
2.398000 3.000709e+002
2.400000 3.000693e+002
2.402000 3.000678e+002
2.404000 3.000662e+002
2.406000 3.000648e+002
2.408000 3.000633e+002
2.410000 3.000619e+002
2.412000 3.000605e+002
2.414000 3.000592e+002
2.416000 3.000578e+002
2.418000 3.000565e+002
2.420000 3.000553e+002
2.422000 3.000540e+002
2.424000 3.000528e+002
2.426000 3.000516e+002
2.428000 3.000504e+002
2.430000 3.000493e+002
2.432000 3.000482e+002
2.434000 3.000471e+002
2.436000 3.000460e+002
2.438000 3.000450e+002
2.440000 3.000439e+002
2.442000 3.000429e+002
2.444000 3.000420e+002
2.446000 3.000410e+002
2.448000 3.000401e+002
2.450000 3.000391e+002
2.452000 3.000382e+002
2.454000 3.000374e+002
2.456000 3.000365e+002
2.458000 3.000357e+002
2.460000 3.000348e+002
2.462000 3.000340e+002
2.464000 3.000332e+002
2.466000 3.000325e+002
2.468000 3.000317e+002
2.470000 3.000310e+002
2.472000 3.000303e+002
2.474000 3.000296e+002
2.476000 3.000289e+002
2.478000 3.000282e+002
2.480000 3.000275e+002
2.482000 3.000269e+002
2.484000 3.000263e+002
2.486000 3.000256e+002
2.488000 3.000250e+002
2.490000 3.000245e+002
2.492000 3.000239e+002
2.494000 3.000233e+002
2.496000 3.000228e+002
2.498000 3.000222e+002
2.500000 3.000217e+002
2.502000 3.000212e+002
2.504000 3.000207e+002
2.506000 3.000202e+002
2.508000 3.000197e+002
2.510000 3.000192e+002
2.512000 3.000188e+002
2.514000 3.000183e+002
2.516000 3.000179e+002
2.518000 3.000175e+002
2.520000 3.000171e+002
2.522000 3.000166e+002
2.524000 3.000162e+002
2.526000 3.000159e+002
2.528000 3.000155e+002
2.530000 3.000151e+002
2.532000 3.000147e+002
2.534000 3.000144e+002
2.536000 3.000140e+002
2.538000 3.000137e+002
2.540000 3.000134e+002
2.542000 3.000130e+002
2.544000 3.000127e+002
2.546000 3.000124e+002
2.548000 3.000121e+002
2.550000 3.000118e+002
2.552000 3.000115e+002
2.554000 3.000112e+002
2.556000 3.000110e+002
2.558000 3.000107e+002
2.560000 3.000104e+002
2.562000 3.000102e+002
2.564000 3.000099e+002
2.566000 3.000097e+002
2.568000 3.000095e+002
2.570000 3.000092e+002
2.572000 3.000090e+002
2.574000 3.000088e+002
2.576000 3.000086e+002
2.578000 3.000083e+002
2.580000 3.000081e+002
2.582000 3.000079e+002
2.584000 3.000077e+002
2.586000 3.000075e+002
2.588000 3.000074e+002
2.590000 3.000072e+002
2.592000 3.000070e+002
2.594000 3.000068e+002
2.596000 3.000066e+002
2.598000 3.000065e+002
2.600000 3.000063e+002
2.602000 3.000062e+002
2.604000 3.000060e+002
2.606000 3.000059e+002
2.608000 3.000057e+002
2.610000 3.000056e+002
2.612000 3.000054e+002
2.614000 3.000053e+002
2.616000 3.000052e+002
2.618000 3.000050e+002
2.620000 3.000049e+002
2.622000 3.000048e+002
2.624000 3.000047e+002
2.626000 3.000045e+002
2.628000 3.000044e+002
2.630000 3.000043e+002
2.632000 3.000042e+002
2.634000 3.000041e+002
2.636000 3.000040e+002
2.638000 3.000039e+002
2.640000 3.000038e+002
2.642000 3.000037e+002
2.644000 3.000036e+002
2.646000 3.000035e+002
2.648000 3.000034e+002
2.650000 3.000033e+002
2.652000 3.000032e+002
2.654000 3.000032e+002
2.656000 3.000031e+002
2.658000 3.000030e+002
2.660000 3.000029e+002
2.662000 3.000028e+002
2.664000 3.000028e+002
2.666000 3.000027e+002
2.668000 3.000026e+002
2.670000 3.000026e+002
2.672000 3.000025e+002
2.674000 3.000024e+002
2.676000 3.000024e+002
2.678000 3.000023e+002
2.680000 3.000022e+002
2.682000 3.000022e+002
2.684000 3.000021e+002
2.686000 3.000021e+002
2.688000 3.000020e+002
2.690000 3.000020e+002
2.692000 3.000019e+002
2.694000 3.000019e+002
2.696000 3.000018e+002
2.698000 3.000018e+002
2.700000 3.000017e+002
2.702000 3.000017e+002
2.704000 3.000016e+002
2.706000 3.000016e+002
2.708000 3.000015e+002
2.710000 3.000015e+002
2.712000 3.000015e+002
2.714000 3.000014e+002
2.716000 3.000014e+002
2.718000 3.000013e+002
2.720000 3.000013e+002
2.722000 3.000013e+002
2.724000 3.000012e+002
2.726000 3.000012e+002
2.728000 3.000012e+002
2.730000 3.000011e+002
2.732000 3.000011e+002
2.734000 3.000011e+002
2.736000 3.000011e+002
2.738000 3.000010e+002
2.740000 3.000010e+002
2.742000 3.000010e+002
2.744000 3.000009e+002
2.746000 3.000009e+002
2.748000 3.000009e+002
2.750000 3.000009e+002
2.752000 3.000008e+002
2.754000 3.000008e+002
2.756000 3.000008e+002
2.758000 3.000008e+002
2.760000 3.000008e+002
2.762000 3.000007e+002
2.764000 3.000007e+002
2.766000 3.000007e+002
2.768000 3.000007e+002
2.770000 3.000007e+002
2.772000 3.000006e+002
2.774000 3.000006e+002
2.776000 3.000006e+002
2.778000 3.000006e+002
2.780000 3.000006e+002
2.782000 3.000006e+002
2.784000 3.000005e+002
2.786000 3.000005e+002
2.788000 3.000005e+002
2.790000 3.000005e+002
2.792000 3.000005e+002
2.794000 3.000005e+002
2.796000 3.000005e+002
2.798000 3.000004e+002
2.800000 3.000004e+002
2.802000 3.000004e+002
2.804000 3.000004e+002
2.806000 3.000004e+002
2.808000 3.000004e+002
2.810000 3.000004e+002
2.812000 3.000004e+002
2.814000 3.000004e+002
2.816000 3.000003e+002
2.818000 3.000003e+002
2.820000 3.000003e+002
2.822000 3.000003e+002
2.824000 3.000003e+002
2.826000 3.000003e+002
2.828000 3.000003e+002
2.830000 3.000003e+002
2.832000 3.000003e+002
2.834000 3.000003e+002
2.836000 3.000003e+002
2.838000 3.000003e+002
2.840000 3.000002e+002
2.842000 3.000002e+002
2.844000 3.000002e+002
2.846000 3.000002e+002
2.848000 3.000002e+002
2.850000 3.000002e+002
2.852000 3.000002e+002
2.854000 3.000002e+002
2.856000 3.000002e+002
2.858000 3.000002e+002
2.860000 3.000002e+002
2.862000 3.000002e+002
2.864000 3.000002e+002
2.866000 3.000002e+002
2.868000 3.000002e+002
2.870000 3.000002e+002
2.872000 3.000002e+002
2.874000 3.000001e+002
2.876000 3.000001e+002
2.878000 3.000001e+002
2.880000 3.000001e+002
2.882000 3.000001e+002
2.884000 3.000001e+002
2.886000 3.000001e+002
2.888000 3.000001e+002
2.890000 3.000001e+002
2.892000 3.000001e+002
2.894000 3.000001e+002
2.896000 3.000001e+002
2.898000 3.000001e+002
2.900000 3.000001e+002
2.902000 3.000001e+002
2.904000 3.000001e+002
2.906000 3.000001e+002
2.908000 3.000001e+002
2.910000 3.000001e+002
2.912000 3.000001e+002
2.914000 3.000001e+002
2.916000 3.000001e+002
2.918000 3.000001e+002
2.920000 3.000001e+002
2.922000 3.000001e+002
2.924000 3.000001e+002
2.926000 3.000001e+002
2.928000 3.000001e+002
2.930000 3.000001e+002
2.932000 3.000001e+002
2.934000 3.000001e+002
2.936000 3.000001e+002
2.938000 3.000001e+002
2.940000 3.000001e+002
2.942000 3.000001e+002
2.944000 3.000001e+002
2.946000 3.000001e+002
2.948000 3.000000e+002
2.950000 3.000000e+002
2.952000 3.000000e+002
2.954000 3.000000e+002
2.956000 3.000000e+002
2.958000 3.000000e+002
2.960000 3.000000e+002
2.962000 3.000000e+002
2.964000 3.000000e+002
2.966000 3.000000e+002
2.968000 3.000000e+002
2.970000 3.000000e+002
2.972000 3.000000e+002
2.974000 3.000000e+002
2.976000 3.000000e+002
2.978000 3.000000e+002
2.980000 3.000000e+002
2.982000 3.000000e+002
2.984000 3.000000e+002
2.986000 3.000000e+002
2.988000 3.000000e+002
2.990000 3.000000e+002
2.992000 3.000000e+002
2.994000 3.000000e+002
2.996000 3.000000e+002
2.998000 3.000000e+002
3.000000 3.000000e+002
3.002000 3.000000e+002
3.004000 3.000000e+002
3.006000 3.000000e+002
3.008000 3.000000e+002
3.010000 3.000000e+002
3.012000 3.000000e+002
3.014000 3.000000e+002
3.016000 3.000000e+002
3.018000 3.000000e+002
3.020000 3.000000e+002
3.022000 3.000000e+002
3.024000 3.000000e+002
3.026000 3.000000e+002
3.028000 3.000000e+002
3.030000 3.000000e+002
3.032000 3.000000e+002
3.034000 3.000000e+002
3.036000 3.000000e+002
3.038000 3.000000e+002
3.040000 3.000000e+002
3.042000 3.000000e+002
3.044000 3.000000e+002
3.046000 3.000000e+002
3.048000 3.000000e+002
3.050000 3.000000e+002
3.052000 3.000000e+002
3.054000 3.000000e+002
3.056000 3.000000e+002
3.058000 3.000000e+002
3.060000 3.000000e+002
3.062000 3.000000e+002
3.064000 3.000000e+002
3.066000 3.000000e+002
3.068000 3.000000e+002
3.070000 3.000000e+002
3.072000 3.000000e+002
3.074000 3.000000e+002
3.076000 3.000000e+002
3.078000 3.000000e+002
3.080000 3.000000e+002
3.082000 3.000000e+002
3.084000 3.000000e+002
3.086000 3.000000e+002
3.088000 3.000000e+002
3.090000 3.000000e+002
3.092000 3.000000e+002
3.094000 3.000000e+002
3.096000 3.000000e+002
3.098000 3.000000e+002
3.100000 3.000000e+002
3.102000 3.000000e+002
3.104000 3.000000e+002
3.106000 3.000000e+002
3.108000 3.000000e+002
3.110000 3.000000e+002
3.112000 3.000000e+002
3.114000 3.000000e+002
3.116000 3.000000e+002
3.118000 3.000000e+002
3.120000 3.000000e+002
3.122000 3.000000e+002
3.124000 3.000000e+002
3.126000 3.000000e+002
3.128000 3.000000e+002
3.130000 3.000000e+002
3.132000 3.000000e+002
3.134000 3.000000e+002
3.136000 3.000000e+002
3.138000 3.000000e+002
3.140000 3.000000e+002
3.142000 3.000000e+002
3.144000 3.000000e+002
3.146000 3.000000e+002
3.148000 3.000000e+002
3.150000 3.000000e+002
3.152000 3.000000e+002
3.154000 3.000000e+002
3.156000 3.000000e+002
3.158000 3.000000e+002
3.160000 3.000000e+002
3.162000 3.000000e+002
3.164000 3.000000e+002
3.166000 3.000000e+002
3.168000 3.000000e+002
3.170000 3.000000e+002
3.172000 3.000000e+002
3.174000 3.000000e+002
3.176000 3.000000e+002
3.178000 3.000000e+002
3.180000 3.000000e+002
3.182000 3.000000e+002
3.184000 3.000000e+002
3.186000 3.000000e+002
3.188000 3.000000e+002
3.190000 3.000000e+002
3.192000 3.000000e+002
3.194000 3.000000e+002
3.196000 3.000000e+002
3.198000 3.000000e+002
3.200000 3.000000e+002
3.202000 3.000000e+002
3.204000 3.000000e+002
3.206000 3.000000e+002
3.208000 3.000000e+002
3.210000 3.000000e+002
3.212000 3.000000e+002
3.214000 3.000000e+002
3.216000 3.000000e+002
3.218000 3.000000e+002
3.220000 3.000000e+002
3.222000 3.000000e+002
3.224000 3.000000e+002
3.226000 3.000000e+002
3.228000 3.000000e+002
3.230000 3.000000e+002
3.232000 3.000000e+002
3.234000 3.000000e+002
3.236000 3.000000e+002
3.238000 3.000000e+002
3.240000 3.000000e+002
3.242000 3.000000e+002
3.244000 3.000000e+002
3.246000 3.000000e+002
3.248000 3.000000e+002
3.250000 3.000000e+002
3.252000 3.000000e+002
3.254000 3.000000e+002
3.256000 3.000000e+002
3.258000 3.000000e+002
3.260000 3.000000e+002
3.262000 3.000000e+002
3.264000 3.000000e+002
3.266000 3.000000e+002
3.268000 3.000000e+002
3.270000 3.000000e+002
3.272000 3.000000e+002
3.274000 3.000000e+002
3.276000 3.000000e+002
3.278000 3.000000e+002
3.280000 3.000000e+002
3.282000 3.000000e+002
3.284000 3.000000e+002
3.286000 3.000000e+002
3.288000 3.000000e+002
3.290000 3.000000e+002
3.292000 3.000000e+002
3.294000 3.000000e+002
3.296000 3.000000e+002
3.298000 3.000000e+002
3.300000 3.000000e+002
3.302000 3.000000e+002
3.304000 3.000000e+002
3.306000 3.000000e+002
3.308000 3.000000e+002
3.310000 3.000000e+002
3.312000 3.000000e+002
3.314000 3.000000e+002
3.316000 3.000000e+002
3.318000 3.000000e+002
3.320000 3.000000e+002
3.322000 3.000000e+002
3.324000 3.000000e+002
3.326000 3.000000e+002
3.328000 3.000000e+002
3.330000 3.000000e+002
3.332000 3.000000e+002
3.334000 3.000000e+002
3.336000 3.000000e+002
3.338000 3.000000e+002
3.340000 3.000000e+002
3.342000 3.000000e+002
3.344000 3.000000e+002
3.346000 3.000000e+002
3.348000 3.000000e+002
3.350000 3.000000e+002
3.352000 3.000000e+002
3.354000 3.000000e+002
3.356000 3.000000e+002
3.358000 3.000000e+002
3.360000 3.000000e+002
3.362000 3.000000e+002
3.364000 3.000000e+002
3.366000 3.000000e+002
3.368000 3.000000e+002
3.370000 3.000000e+002
3.372000 3.000000e+002
3.374000 3.000000e+002
3.376000 3.000000e+002
3.378000 3.000000e+002
3.380000 3.000000e+002
3.382000 3.000000e+002
3.384000 3.000000e+002
3.386000 3.000000e+002
3.388000 3.000000e+002
3.390000 3.000000e+002
3.392000 3.000000e+002
3.394000 3.000000e+002
3.396000 3.000000e+002
3.398000 3.000000e+002
3.400000 3.000000e+002
3.402000 3.000000e+002
3.404000 3.000000e+002
3.406000 3.000000e+002
3.408000 3.000000e+002
3.410000 3.000000e+002
3.412000 3.000000e+002
3.414000 3.000000e+002
3.416000 3.000000e+002
3.418000 3.000000e+002
3.420000 3.000000e+002
3.422000 3.000000e+002
3.424000 3.000000e+002
3.426000 3.000000e+002
3.428000 3.000000e+002
3.430000 3.000000e+002
3.432000 3.000000e+002
3.434000 3.000000e+002
3.436000 3.000000e+002
3.438000 3.000000e+002
3.440000 3.000000e+002
3.442000 3.000000e+002
3.444000 3.000000e+002
3.446000 3.000000e+002
3.448000 3.000000e+002
3.450000 3.000000e+002
3.452000 3.000000e+002
3.454000 3.000000e+002
3.456000 3.000000e+002
3.458000 3.000000e+002
3.460000 3.000000e+002
3.462000 3.000000e+002
3.464000 3.000000e+002
3.466000 3.000000e+002
3.468000 3.000000e+002
3.470000 3.000000e+002
3.472000 3.000000e+002
3.474000 3.000000e+002
3.476000 3.000000e+002
3.478000 3.000000e+002
3.480000 3.000000e+002
3.482000 3.000000e+002
3.484000 3.000000e+002
3.486000 3.000000e+002
3.488000 3.000000e+002
3.490000 3.000000e+002
3.492000 3.000000e+002
3.494000 3.000000e+002
3.496000 3.000000e+002
3.498000 3.000000e+002
3.500000 3.000000e+002
3.502000 3.000000e+002
3.504000 3.000000e+002
3.506000 3.000000e+002
3.508000 3.000000e+002
3.510000 3.000000e+002
3.512000 3.000000e+002
3.514000 3.000000e+002
3.516000 3.000000e+002
3.518000 3.000000e+002
3.520000 3.000000e+002
3.522000 3.000000e+002
3.524000 3.000000e+002
3.526000 3.000000e+002
3.528000 3.000000e+002
3.530000 3.000000e+002
3.532000 3.000000e+002
3.534000 3.000000e+002
3.536000 3.000000e+002
3.538000 3.000000e+002
3.540000 3.000000e+002
3.542000 3.000000e+002
3.544000 3.000000e+002
3.546000 3.000000e+002
3.548000 3.000000e+002
3.550000 3.000000e+002
3.552000 3.000000e+002
3.554000 3.000000e+002
3.556000 3.000000e+002
3.558000 3.000000e+002
3.560000 3.000000e+002
3.562000 3.000000e+002
3.564000 3.000000e+002
3.566000 3.000000e+002
3.568000 3.000000e+002
3.570000 3.000000e+002
3.572000 3.000000e+002
3.574000 3.000000e+002
3.576000 3.000000e+002
3.578000 3.000000e+002
3.580000 3.000000e+002
3.582000 3.000000e+002
3.584000 3.000000e+002
3.586000 3.000000e+002
3.588000 3.000000e+002
3.590000 3.000000e+002
3.592000 3.000000e+002
3.594000 3.000000e+002
3.596000 3.000000e+002
3.598000 3.000000e+002
3.600000 3.000000e+002
3.602000 3.000000e+002
3.604000 3.000000e+002
3.606000 3.000000e+002
3.608000 3.000000e+002
3.610000 3.000000e+002
3.612000 3.000000e+002
3.614000 3.000000e+002
3.616000 3.000000e+002
3.618000 3.000000e+002
3.620000 3.000000e+002
3.622000 3.000000e+002
3.624000 3.000000e+002
3.626000 3.000000e+002
3.628000 3.000000e+002
3.630000 3.000000e+002
3.632000 3.000000e+002
3.634000 3.000000e+002
3.636000 3.000000e+002
3.638000 3.000000e+002
3.640000 3.000000e+002
3.642000 3.000000e+002
3.644000 3.000000e+002
3.646000 3.000000e+002
3.648000 3.000000e+002
3.650000 3.000000e+002
3.652000 3.000000e+002
3.654000 3.000000e+002
3.656000 3.000000e+002
3.658000 3.000000e+002
3.660000 3.000000e+002
3.662000 3.000000e+002
3.664000 3.000000e+002
3.666000 3.000000e+002
3.668000 3.000000e+002
3.670000 3.000000e+002
3.672000 3.000000e+002
3.674000 3.000000e+002
3.676000 3.000000e+002
3.678000 3.000000e+002
3.680000 3.000000e+002
3.682000 3.000000e+002
3.684000 3.000000e+002
3.686000 3.000000e+002
3.688000 3.000000e+002
3.690000 3.000000e+002
3.692000 3.000000e+002
3.694000 3.000000e+002
3.696000 3.000000e+002
3.698000 3.000000e+002
3.700000 3.000000e+002
3.702000 3.000000e+002
3.704000 3.000000e+002
3.706000 3.000000e+002
3.708000 3.000000e+002
3.710000 3.000000e+002
3.712000 3.000000e+002
3.714000 3.000000e+002
3.716000 3.000000e+002
3.718000 3.000000e+002
3.720000 3.000000e+002
3.722000 3.000000e+002
3.724000 3.000000e+002
3.726000 3.000000e+002
3.728000 3.000000e+002
3.730000 3.000000e+002
3.732000 3.000000e+002
3.734000 3.000000e+002
3.736000 3.000000e+002
3.738000 3.000000e+002
3.740000 3.000000e+002
3.742000 3.000000e+002
3.744000 3.000000e+002
3.746000 3.000000e+002
3.748000 3.000000e+002
3.750000 3.000000e+002
3.752000 3.000000e+002
3.754000 3.000000e+002
3.756000 3.000000e+002
3.758000 3.000000e+002
3.760000 3.000000e+002
3.762000 3.000000e+002
3.764000 3.000000e+002
3.766000 3.000000e+002
3.768000 3.000000e+002
3.770000 3.000000e+002
3.772000 3.000000e+002
3.774000 3.000000e+002
3.776000 3.000000e+002
3.778000 3.000000e+002
3.780000 3.000000e+002
3.782000 3.000000e+002
3.784000 3.000000e+002
3.786000 3.000000e+002
3.788000 3.000000e+002
3.790000 3.000000e+002
3.792000 3.000000e+002
3.794000 3.000000e+002
3.796000 3.000000e+002
3.798000 3.000000e+002
3.800000 3.000000e+002
3.802000 3.000000e+002
3.804000 3.000000e+002
3.806000 3.000000e+002
3.808000 3.000000e+002
3.810000 3.000000e+002
3.812000 3.000000e+002
3.814000 3.000000e+002
3.816000 3.000000e+002
3.818000 3.000000e+002
3.820000 3.000000e+002
3.822000 3.000000e+002
3.824000 3.000000e+002
3.826000 3.000000e+002
3.828000 3.000000e+002
3.830000 3.000000e+002
3.832000 3.000000e+002
3.834000 3.000000e+002
3.836000 3.000000e+002
3.838000 3.000000e+002
3.840000 3.000000e+002
3.842000 3.000000e+002
3.844000 3.000000e+002
3.846000 3.000000e+002
3.848000 3.000000e+002
3.850000 3.000000e+002
3.852000 3.000000e+002
3.854000 3.000000e+002
3.856000 3.000000e+002
3.858000 3.000000e+002
3.860000 3.000000e+002
3.862000 3.000000e+002
3.864000 3.000000e+002
3.866000 3.000000e+002
3.868000 3.000000e+002
3.870000 3.000000e+002
3.872000 3.000000e+002
3.874000 3.000000e+002
3.876000 3.000000e+002
3.878000 3.000000e+002
3.880000 3.000000e+002
3.882000 3.000000e+002
3.884000 3.000000e+002
3.886000 3.000000e+002
3.888000 3.000000e+002
3.890000 3.000000e+002
3.892000 3.000000e+002
3.894000 3.000000e+002
3.896000 3.000000e+002
3.898000 3.000000e+002
3.900000 3.000000e+002
3.902000 3.000000e+002
3.904000 3.000000e+002
3.906000 3.000000e+002
3.908000 3.000000e+002
3.910000 3.000000e+002
3.912000 3.000000e+002
3.914000 3.000000e+002
3.916000 3.000000e+002
3.918000 3.000000e+002
3.920000 3.000000e+002
3.922000 3.000000e+002
3.924000 3.000000e+002
3.926000 3.000000e+002
3.928000 3.000000e+002
3.930000 3.000000e+002
3.932000 3.000000e+002
3.934000 3.000000e+002
3.936000 3.000000e+002
3.938000 3.000000e+002
3.940000 3.000000e+002
3.942000 3.000000e+002
3.944000 3.000000e+002
3.946000 3.000000e+002
3.948000 3.000000e+002
3.950000 3.000000e+002
3.952000 3.000000e+002
3.954000 3.000000e+002
3.956000 3.000000e+002
3.958000 3.000000e+002
3.960000 3.000000e+002
3.962000 3.000000e+002
3.964000 3.000000e+002
3.966000 3.000000e+002
3.968000 3.000000e+002
3.970000 3.000000e+002
3.972000 3.000000e+002
3.974000 3.000000e+002
3.976000 3.000000e+002
3.978000 3.000000e+002
3.980000 3.000000e+002
3.982000 3.000000e+002
3.984000 3.000000e+002
3.986000 3.000000e+002
3.988000 3.000000e+002
3.990000 3.000000e+002
3.992000 3.000000e+002
3.994000 3.000000e+002
3.996000 3.000000e+002
3.998000 3.000000e+002
