0.000000 3.517852e+002
0.002000 3.575692e+002
0.004000 3.633511e+002
0.006000 3.691304e+002
0.008000 3.749070e+002
0.010000 3.806806e+002
0.012000 3.864511e+002
0.014000 3.922182e+002
0.016000 3.979817e+002
0.018000 4.037412e+002
0.020000 4.094967e+002
0.022000 4.152479e+002
0.024000 4.209945e+002
0.026000 4.267363e+002
0.028000 4.324731e+002
0.030000 4.382047e+002
0.032000 4.439308e+002
0.034000 4.496512e+002
0.036000 4.553658e+002
0.038000 4.610741e+002
0.040000 4.667761e+002
0.042000 4.724716e+002
0.044000 4.781602e+002
0.046000 4.838417e+002
0.048000 4.895161e+002
0.050000 4.951829e+002
0.052000 5.008420e+002
0.054000 5.064933e+002
0.056000 5.121363e+002
0.058000 5.177711e+002
0.060000 5.233972e+002
0.062000 5.290146e+002
0.064000 5.346229e+002
0.066000 5.402220e+002
0.068000 5.458117e+002
0.070000 5.513918e+002
0.072000 5.569619e+002
0.074000 5.625220e+002
0.076000 5.680718e+002
0.078000 5.736111e+002
0.080000 5.791397e+002
0.082000 5.846574e+002
0.084000 5.901639e+002
0.086000 5.956592e+002
0.088000 6.011429e+002
0.090000 6.066148e+002
0.092000 6.120748e+002
0.094000 6.175227e+002
0.096000 6.229582e+002
0.098000 6.283812e+002
0.100000 6.337914e+002
0.102000 6.391887e+002
0.104000 6.445728e+002
0.106000 6.499436e+002
0.108000 6.553009e+002
0.110000 6.606445e+002
0.112000 6.659741e+002
0.114000 6.712896e+002
0.116000 6.765909e+002
0.118000 6.818776e+002
0.120000 6.871497e+002
0.122000 6.924070e+002
0.124000 6.976491e+002
0.126000 7.028761e+002
0.128000 7.080877e+002
0.130000 7.132837e+002
0.132000 7.184639e+002
0.134000 7.236281e+002
0.136000 7.287763e+002
0.138000 7.339082e+002
0.140000 7.390235e+002
0.142000 7.441223e+002
0.144000 7.492042e+002
0.146000 7.542692e+002
0.148000 7.593170e+002
0.150000 7.643475e+002
0.152000 7.693605e+002
0.154000 7.743558e+002
0.156000 7.793334e+002
0.158000 7.842929e+002
0.160000 7.892344e+002
0.162000 7.941576e+002
0.164000 7.990623e+002
0.166000 8.039484e+002
0.168000 8.088158e+002
0.170000 8.136642e+002
0.172000 8.184936e+002
0.174000 8.233038e+002
0.176000 8.280947e+002
0.178000 8.328660e+002
0.180000 8.376177e+002
0.182000 8.423496e+002
0.184000 8.470616e+002
0.186000 8.517535e+002
0.188000 8.564253e+002
0.190000 8.610766e+002
0.192000 8.657075e+002
0.194000 8.703178e+002
0.196000 8.749074e+002
0.198000 8.794760e+002
0.200000 8.840237e+002
0.202000 8.885502e+002
0.204000 8.930555e+002
0.206000 8.975394e+002
0.208000 9.020018e+002
0.210000 9.064426e+002
0.212000 9.108616e+002
0.214000 9.152588e+002
0.216000 9.196340e+002
0.218000 9.239871e+002
0.220000 9.283180e+002
0.222000 9.326266e+002
0.224000 9.369127e+002
0.226000 9.411764e+002
0.228000 9.454174e+002
0.230000 9.496356e+002
0.232000 9.538310e+002
0.234000 9.580034e+002
0.236000 9.621528e+002
0.238000 9.662791e+002
0.240000 9.703821e+002
0.242000 9.744617e+002
0.244000 9.785179e+002
0.246000 9.825506e+002
0.248000 9.865597e+002
0.250000 9.905451e+002
0.252000 9.945066e+002
0.254000 9.984443e+002
0.256000 1.002358e+003
0.258000 1.006248e+003
0.260000 1.010113e+003
0.262000 1.013955e+003
0.264000 1.017772e+003
0.266000 1.021564e+003
0.268000 1.025333e+003
0.270000 1.029076e+003
0.272000 1.032796e+003
0.274000 1.036490e+003
0.276000 1.040160e+003
0.278000 1.043805e+003
0.280000 1.047425e+003
0.282000 1.051020e+003
0.284000 1.054591e+003
0.286000 1.058136e+003
0.288000 1.061656e+003
0.290000 1.065151e+003
0.292000 1.068620e+003
0.294000 1.072065e+003
0.296000 1.075484e+003
0.298000 1.078878e+003
0.300000 1.082246e+003
0.302000 1.085589e+003
0.304000 1.088906e+003
0.306000 1.092198e+003
0.308000 1.095464e+003
0.310000 1.098704e+003
0.312000 1.101919e+003
0.314000 1.105108e+003
0.316000 1.108271e+003
0.318000 1.111409e+003
0.320000 1.114520e+003
0.322000 1.117606e+003
0.324000 1.120666e+003
0.326000 1.123699e+003
0.328000 1.126707e+003
0.330000 1.129689e+003
0.332000 1.132645e+003
0.334000 1.135574e+003
0.336000 1.138478e+003
0.338000 1.141355e+003
0.340000 1.144206e+003
0.342000 1.147031e+003
0.344000 1.149830e+003
0.346000 1.152602e+003
0.348000 1.155349e+003
0.350000 1.158069e+003
0.352000 1.160763e+003
0.354000 1.163430e+003
0.356000 1.166072e+003
0.358000 1.168687e+003
0.360000 1.171275e+003
0.362000 1.173837e+003
0.364000 1.176373e+003
0.366000 1.178883e+003
0.368000 1.181366e+003
0.370000 1.183823e+003
0.372000 1.186254e+003
0.374000 1.188658e+003
0.376000 1.191035e+003
0.378000 1.193387e+003
0.380000 1.195712e+003
0.382000 1.198011e+003
0.384000 1.200283e+003
0.386000 1.202529e+003
0.388000 1.204748e+003
0.390000 1.206942e+003
0.392000 1.209108e+003
0.394000 1.211249e+003
0.396000 1.213363e+003
0.398000 1.215451e+003
0.400000 1.217513e+003
0.402000 1.219548e+003
0.404000 1.221557e+003
0.406000 1.223539e+003
0.408000 1.225496e+003
0.410000 1.227426e+003
0.412000 1.229330e+003
0.414000 1.231208e+003
0.416000 1.233059e+003
0.418000 1.234884e+003
0.420000 1.236684e+003
0.422000 1.238457e+003
0.424000 1.240204e+003
0.426000 1.241924e+003
0.428000 1.243619e+003
0.430000 1.245288e+003
0.432000 1.246930e+003
0.434000 1.248547e+003
0.436000 1.250138e+003
0.438000 1.251703e+003
0.440000 1.253241e+003
0.442000 1.254754e+003
0.444000 1.256241e+003
0.446000 1.257703e+003
0.448000 1.259138e+003
0.450000 1.260548e+003
0.452000 1.261932e+003
0.454000 1.263290e+003
0.456000 1.264623e+003
0.458000 1.265930e+003
0.460000 1.267211e+003
0.462000 1.268467e+003
0.464000 1.269697e+003
0.466000 1.270902e+003
0.468000 1.272081e+003
0.470000 1.273235e+003
0.472000 1.274363e+003
0.474000 1.275466e+003
0.476000 1.276544e+003
0.478000 1.277597e+003
0.480000 1.278624e+003
0.482000 1.279626e+003
0.484000 1.280603e+003
0.486000 1.281555e+003
0.488000 1.282482e+003
0.490000 1.283384e+003
0.492000 1.284261e+003
0.494000 1.285113e+003
0.496000 1.285940e+003
0.498000 1.286743e+003
0.500000 1.287520e+003
0.502000 1.288273e+003
0.504000 1.289001e+003
0.506000 1.289705e+003
0.508000 1.290384e+003
0.510000 1.291038e+003
0.512000 1.291668e+003
0.514000 1.292274e+003
0.516000 1.292855e+003
0.518000 1.293412e+003
0.520000 1.293945e+003
0.522000 1.294453e+003
0.524000 1.294937e+003
0.526000 1.295397e+003
0.528000 1.295833e+003
0.530000 1.296245e+003
0.532000 1.296633e+003
0.534000 1.296997e+003
0.536000 1.297338e+003
0.538000 1.297654e+003
0.540000 1.297947e+003
0.542000 1.298216e+003
0.544000 1.298462e+003
0.546000 1.298683e+003
0.548000 1.298882e+003
0.550000 1.299057e+003
0.552000 1.299208e+003
0.554000 1.299337e+003
0.556000 1.299442e+003
0.558000 1.299524e+003
0.560000 1.299582e+003
0.562000 1.299618e+003
0.564000 1.299630e+003
0.566000 1.299620e+003
0.568000 1.299587e+003
0.570000 1.299531e+003
0.572000 1.299452e+003
0.574000 1.299350e+003
0.576000 1.299226e+003
0.578000 1.299079e+003
0.580000 1.298909e+003
0.582000 1.298718e+003
0.584000 1.298503e+003
0.586000 1.298267e+003
0.588000 1.298008e+003
0.590000 1.297727e+003
0.592000 1.297424e+003
0.594000 1.297099e+003
0.596000 1.296752e+003
0.598000 1.296383e+003
0.600000 1.295992e+003
0.602000 1.295579e+003
0.604000 1.295144e+003
0.606000 1.294688e+003
0.608000 1.294211e+003
0.610000 1.293711e+003
0.612000 1.293191e+003
0.614000 1.292649e+003
0.616000 1.292085e+003
0.618000 1.291501e+003
0.620000 1.290895e+003
0.622000 1.290268e+003
0.624000 1.289620e+003
0.626000 1.288952e+003
0.628000 1.288262e+003
0.630000 1.287552e+003
0.632000 1.286820e+003
0.634000 1.286069e+003
0.636000 1.285296e+003
0.638000 1.284503e+003
0.640000 1.283690e+003
0.642000 1.282856e+003
0.644000 1.282002e+003
0.646000 1.281128e+003
0.648000 1.280234e+003
0.650000 1.279320e+003
0.652000 1.278385e+003
0.654000 1.277431e+003
0.656000 1.276457e+003
0.658000 1.275464e+003
0.660000 1.274450e+003
0.662000 1.273417e+003
0.664000 1.272365e+003
0.666000 1.271293e+003
0.668000 1.270202e+003
0.670000 1.269091e+003
0.672000 1.267962e+003
0.674000 1.266813e+003
0.676000 1.265645e+003
0.678000 1.264458e+003
0.680000 1.263253e+003
0.682000 1.262029e+003
0.684000 1.260786e+003
0.686000 1.259524e+003
0.688000 1.258244e+003
0.690000 1.256945e+003
0.692000 1.255628e+003
0.694000 1.254293e+003
0.696000 1.252940e+003
0.698000 1.251568e+003
0.700000 1.250179e+003
0.702000 1.248772e+003
0.704000 1.247346e+003
0.706000 1.245903e+003
0.708000 1.244443e+003
0.710000 1.242965e+003
0.712000 1.241469e+003
0.714000 1.239956e+003
0.716000 1.238426e+003
0.718000 1.236878e+003
0.720000 1.235313e+003
0.722000 1.233732e+003
0.724000 1.232133e+003
0.726000 1.230517e+003
0.728000 1.228885e+003
0.730000 1.227236e+003
0.732000 1.225571e+003
0.734000 1.223889e+003
0.736000 1.222190e+003
0.738000 1.220476e+003
0.740000 1.218745e+003
0.742000 1.216998e+003
0.744000 1.215235e+003
0.746000 1.213456e+003
0.748000 1.211661e+003
0.750000 1.209851e+003
0.752000 1.208025e+003
0.754000 1.206183e+003
0.756000 1.204326e+003
0.758000 1.202454e+003
0.760000 1.200566e+003
0.762000 1.198664e+003
0.764000 1.196746e+003
0.766000 1.194813e+003
0.768000 1.192866e+003
0.770000 1.190904e+003
0.772000 1.188927e+003
0.774000 1.186935e+003
0.776000 1.184930e+003
0.778000 1.182910e+003
0.780000 1.180875e+003
0.782000 1.178827e+003
0.784000 1.176764e+003
0.786000 1.174688e+003
0.788000 1.172598e+003
0.790000 1.170494e+003
0.792000 1.168377e+003
0.794000 1.166246e+003
0.796000 1.164102e+003
0.798000 1.161944e+003
0.800000 1.159773e+003
0.802000 1.157590e+003
0.804000 1.155393e+003
0.806000 1.153183e+003
0.808000 1.150961e+003
0.810000 1.148726e+003
0.812000 1.146479e+003
0.814000 1.144219e+003
0.816000 1.141947e+003
0.818000 1.139663e+003
0.820000 1.137366e+003
0.822000 1.135058e+003
0.824000 1.132738e+003
0.826000 1.130406e+003
0.828000 1.128063e+003
0.830000 1.125708e+003
0.832000 1.123342e+003
0.834000 1.120964e+003
0.836000 1.118575e+003
0.838000 1.116175e+003
0.840000 1.113765e+003
0.842000 1.111343e+003
0.844000 1.108911e+003
0.846000 1.106468e+003
0.848000 1.104015e+003
0.850000 1.101551e+003
0.852000 1.099078e+003
0.854000 1.096594e+003
0.856000 1.094100e+003
0.858000 1.091596e+003
0.860000 1.089082e+003
0.862000 1.086559e+003
0.864000 1.084026e+003
0.866000 1.081484e+003
0.868000 1.078933e+003
0.870000 1.076372e+003
0.872000 1.073803e+003
0.874000 1.071225e+003
0.876000 1.068637e+003
0.878000 1.066041e+003
0.880000 1.063437e+003
0.882000 1.060824e+003
0.884000 1.058203e+003
0.886000 1.055574e+003
0.888000 1.052936e+003
0.890000 1.050291e+003
0.892000 1.047638e+003
0.894000 1.044977e+003
0.896000 1.042309e+003
0.898000 1.039633e+003
0.900000 1.036950e+003
0.902000 1.034259e+003
0.904000 1.031562e+003
0.906000 1.028858e+003
0.908000 1.026147e+003
0.910000 1.023429e+003
0.912000 1.020705e+003
0.914000 1.017974e+003
0.916000 1.015237e+003
0.918000 1.012494e+003
0.920000 1.009745e+003
0.922000 1.006989e+003
0.924000 1.004228e+003
0.926000 1.001462e+003
0.928000 9.986896e+002
0.930000 9.959120e+002
0.932000 9.931291e+002
0.934000 9.903411e+002
0.936000 9.875480e+002
0.938000 9.847500e+002
0.940000 9.819473e+002
0.942000 9.791399e+002
0.944000 9.763279e+002
0.946000 9.735116e+002
0.948000 9.706910e+002
0.950000 9.678663e+002
0.952000 9.650376e+002
0.954000 9.622050e+002
0.956000 9.593686e+002
0.958000 9.565286e+002
0.960000 9.536852e+002
0.962000 9.508383e+002
0.964000 9.479882e+002
0.966000 9.451350e+002
0.968000 9.422788e+002
0.970000 9.394197e+002
0.972000 9.365580e+002
0.974000 9.336936e+002
0.976000 9.308267e+002
0.978000 9.279575e+002
0.980000 9.250860e+002
0.982000 9.222125e+002
0.984000 9.193370e+002
0.986000 9.164597e+002
0.988000 9.135806e+002
0.990000 9.107000e+002
0.992000 9.078179e+002
0.994000 9.049344e+002
0.996000 9.020498e+002
0.998000 8.991641e+002
1.000000 8.962774e+002
1.002000 8.933899e+002
1.004000 8.905016e+002
1.006000 8.876128e+002
1.008000 8.847236e+002
1.010000 8.818340e+002
1.012000 8.789442e+002
1.014000 8.760543e+002
1.016000 8.731644e+002
1.018000 8.702748e+002
1.020000 8.673854e+002
1.022000 8.644964e+002
1.024000 8.616079e+002
1.026000 8.587201e+002
1.028000 8.558331e+002
1.030000 8.529469e+002
1.032000 8.500618e+002
1.034000 8.471778e+002
1.036000 8.442951e+002
1.038000 8.414137e+002
1.040000 8.385339e+002
1.042000 8.356556e+002
1.044000 8.327791e+002
1.046000 8.299045e+002
1.048000 8.270318e+002
1.050000 8.241612e+002
1.052000 8.212928e+002
1.054000 8.184267e+002
1.056000 8.155631e+002
1.058000 8.127020e+002
1.060000 8.098435e+002
1.062000 8.069879e+002
1.064000 8.041352e+002
1.066000 8.012854e+002
1.068000 7.984388e+002
1.070000 7.955954e+002
1.072000 7.927553e+002
1.074000 7.899188e+002
1.076000 7.870857e+002
1.078000 7.842564e+002
1.080000 7.814308e+002
1.082000 7.786091e+002
1.084000 7.757914e+002
1.086000 7.729779e+002
1.088000 7.701685e+002
1.090000 7.673635e+002
1.092000 7.645629e+002
1.094000 7.617668e+002
1.096000 7.589754e+002
1.098000 7.561887e+002
1.100000 7.534068e+002
1.102000 7.506299e+002
1.104000 7.478580e+002
1.106000 7.450913e+002
1.108000 7.423299e+002
1.110000 7.395737e+002
1.112000 7.368230e+002
1.114000 7.340779e+002
1.116000 7.313384e+002
1.118000 7.286046e+002
1.120000 7.258767e+002
1.122000 7.231547e+002
1.124000 7.204387e+002
1.126000 7.177288e+002
1.128000 7.150252e+002
1.130000 7.123278e+002
1.132000 7.096368e+002
1.134000 7.069523e+002
1.136000 7.042744e+002
1.138000 7.016031e+002
1.140000 6.989386e+002
1.142000 6.962809e+002
1.144000 6.936302e+002
1.146000 6.909864e+002
1.148000 6.883497e+002
1.150000 6.857202e+002
1.152000 6.830979e+002
1.154000 6.804830e+002
1.156000 6.778755e+002
1.158000 6.752755e+002
1.160000 6.726831e+002
1.162000 6.700983e+002
1.164000 6.675212e+002
1.166000 6.649520e+002
1.168000 6.623906e+002
1.170000 6.598372e+002
1.172000 6.572919e+002
1.174000 6.547546e+002
1.176000 6.522255e+002
1.178000 6.497047e+002
1.180000 6.471922e+002
1.182000 6.446880e+002
1.184000 6.421924e+002
1.186000 6.397052e+002
1.188000 6.372267e+002
1.190000 6.347568e+002
1.192000 6.322956e+002
1.194000 6.298432e+002
1.196000 6.273996e+002
1.198000 6.249650e+002
1.200000 6.225393e+002
1.202000 6.201226e+002
1.204000 6.177151e+002
1.206000 6.153166e+002
1.208000 6.129274e+002
1.210000 6.105475e+002
1.212000 6.081768e+002
1.214000 6.058155e+002
1.216000 6.034637e+002
1.218000 6.011213e+002
1.220000 5.987884e+002
1.222000 5.964652e+002
1.224000 5.941515e+002
1.226000 5.918475e+002
1.228000 5.895532e+002
1.230000 5.872687e+002
1.232000 5.849940e+002
1.234000 5.827292e+002
1.236000 5.804742e+002
1.238000 5.782292e+002
1.240000 5.759942e+002
1.242000 5.737692e+002
1.244000 5.715543e+002
1.246000 5.693494e+002
1.248000 5.671547e+002
1.250000 5.649702e+002
1.252000 5.627959e+002
1.254000 5.606318e+002
1.256000 5.584780e+002
1.258000 5.563346e+002
1.260000 5.542014e+002
1.262000 5.520787e+002
1.264000 5.499663e+002
1.266000 5.478644e+002
1.268000 5.457729e+002
1.270000 5.436920e+002
1.272000 5.416215e+002
1.274000 5.395616e+002
1.276000 5.375122e+002
1.278000 5.354735e+002
1.280000 5.334453e+002
1.282000 5.314278e+002
1.284000 5.294209e+002
1.286000 5.274247e+002
1.288000 5.254392e+002
1.290000 5.234644e+002
1.292000 5.215003e+002
1.294000 5.195470e+002
1.296000 5.176044e+002
1.298000 5.156726e+002
1.300000 5.137515e+002
1.302000 5.118413e+002
1.304000 5.099418e+002
1.306000 5.080532e+002
1.308000 5.061754e+002
1.310000 5.043084e+002
1.312000 5.024523e+002
1.314000 5.006070e+002
1.316000 4.987726e+002
1.318000 4.969491e+002
1.320000 4.951364e+002
1.322000 4.933345e+002
1.324000 4.915436e+002
1.326000 4.897635e+002
1.328000 4.879943e+002
1.330000 4.862359e+002
1.332000 4.844885e+002
1.334000 4.827518e+002
1.336000 4.810261e+002
1.338000 4.793112e+002
1.340000 4.776072e+002
1.342000 4.759141e+002
1.344000 4.742318e+002
1.346000 4.725603e+002
1.348000 4.708997e+002
1.350000 4.692499e+002
1.352000 4.676110e+002
1.354000 4.659828e+002
1.356000 4.643654e+002
1.358000 4.627589e+002
1.360000 4.611631e+002
1.362000 4.595780e+002
1.364000 4.580038e+002
1.366000 4.564402e+002
1.368000 4.548874e+002
1.370000 4.533453e+002
1.372000 4.518139e+002
1.374000 4.502932e+002
1.376000 4.487831e+002
1.378000 4.472836e+002
1.380000 4.457948e+002
1.382000 4.443166e+002
1.384000 4.428490e+002
1.386000 4.413919e+002
1.388000 4.399454e+002
1.390000 4.385093e+002
1.392000 4.370838e+002
1.394000 4.356688e+002
1.396000 4.342642e+002
1.398000 4.328700e+002
1.400000 4.314862e+002
1.402000 4.301128e+002
1.404000 4.287497e+002
1.406000 4.273969e+002
1.408000 4.260545e+002
1.410000 4.247223e+002
1.412000 4.234003e+002
1.414000 4.220885e+002
1.416000 4.207870e+002
1.418000 4.194955e+002
1.420000 4.182142e+002
1.422000 4.169429e+002
1.424000 4.156818e+002
1.426000 4.144306e+002
1.428000 4.131894e+002
1.430000 4.119581e+002
1.432000 4.107368e+002
1.434000 4.095254e+002
1.436000 4.083238e+002
1.438000 4.071320e+002
1.440000 4.059500e+002
1.442000 4.047778e+002
1.444000 4.036152e+002
1.446000 4.024624e+002
1.448000 4.013191e+002
1.450000 4.001855e+002
1.452000 3.990614e+002
1.454000 3.979468e+002
1.456000 3.968417e+002
1.458000 3.957460e+002
1.460000 3.946598e+002
1.462000 3.935829e+002
1.464000 3.925153e+002
1.466000 3.914570e+002
1.468000 3.904079e+002
1.470000 3.893680e+002
1.472000 3.883373e+002
1.474000 3.873157e+002
1.476000 3.863031e+002
1.478000 3.852996e+002
1.480000 3.843051e+002
1.482000 3.833195e+002
1.484000 3.823428e+002
1.486000 3.813749e+002
1.488000 3.804159e+002
1.490000 3.794656e+002
1.492000 3.785240e+002
1.494000 3.775911e+002
1.496000 3.766669e+002
1.498000 3.757512e+002
1.500000 3.748441e+002
1.502000 3.739454e+002
1.504000 3.730552e+002
1.506000 3.721734e+002
1.508000 3.713000e+002
1.510000 3.704348e+002
1.512000 3.695779e+002
1.514000 3.687293e+002
1.516000 3.678888e+002
1.518000 3.670564e+002
1.520000 3.662321e+002
1.522000 3.654158e+002
1.524000 3.646075e+002
1.526000 3.638071e+002
1.528000 3.630146e+002
1.530000 3.622299e+002
1.532000 3.614530e+002
1.534000 3.606839e+002
1.536000 3.599224e+002
1.538000 3.591686e+002
1.540000 3.584223e+002
1.542000 3.576836e+002
1.544000 3.569524e+002
1.546000 3.562287e+002
1.548000 3.555123e+002
1.550000 3.548033e+002
1.552000 3.541016e+002
1.554000 3.534071e+002
1.556000 3.527198e+002
1.558000 3.520397e+002
1.560000 3.513667e+002
1.562000 3.507007e+002
1.564000 3.500417e+002
1.566000 3.493897e+002
1.568000 3.487446e+002
1.570000 3.481063e+002
1.572000 3.474749e+002
1.574000 3.468502e+002
1.576000 3.462322e+002
1.578000 3.456209e+002
1.580000 3.450162e+002
1.582000 3.444180e+002
1.584000 3.438264e+002
1.586000 3.432412e+002
1.588000 3.426624e+002
1.590000 3.420900e+002
1.592000 3.415239e+002
1.594000 3.409641e+002
1.596000 3.404105e+002
1.598000 3.398631e+002
1.600000 3.393218e+002
1.602000 3.387866e+002
1.604000 3.382574e+002
1.606000 3.377341e+002
1.608000 3.372168e+002
1.610000 3.367054e+002
1.612000 3.361999e+002
1.614000 3.357001e+002
1.616000 3.352060e+002
1.618000 3.347176e+002
1.620000 3.342349e+002
1.622000 3.337578e+002
1.624000 3.332862e+002
1.626000 3.328201e+002
1.628000 3.323595e+002
1.630000 3.319043e+002
1.632000 3.314545e+002
1.634000 3.310099e+002
1.636000 3.305707e+002
1.638000 3.301366e+002
1.640000 3.297078e+002
1.642000 3.292840e+002
1.644000 3.288654e+002
1.646000 3.284518e+002
1.648000 3.280431e+002
1.650000 3.276395e+002
1.652000 3.272407e+002
1.654000 3.268468e+002
1.656000 3.264577e+002
1.658000 3.260734e+002
1.660000 3.256938e+002
1.662000 3.253189e+002
1.664000 3.249487e+002
1.666000 3.245830e+002
1.668000 3.242219e+002
1.670000 3.238652e+002
1.672000 3.235131e+002
1.674000 3.231654e+002
1.676000 3.228220e+002
1.678000 3.224830e+002
1.680000 3.221483e+002
1.682000 3.218178e+002
1.684000 3.214916e+002
1.686000 3.211695e+002
1.688000 3.208516e+002
1.690000 3.205377e+002
1.692000 3.202279e+002
1.694000 3.199221e+002
1.696000 3.196202e+002
1.698000 3.193223e+002
1.700000 3.190282e+002
1.702000 3.187381e+002
1.704000 3.184517e+002
1.706000 3.181690e+002
1.708000 3.178902e+002
1.710000 3.176149e+002
1.712000 3.173434e+002
1.714000 3.170754e+002
1.716000 3.168111e+002
1.718000 3.165502e+002
1.720000 3.162929e+002
1.722000 3.160390e+002
1.724000 3.157886e+002
1.726000 3.155415e+002
1.728000 3.152978e+002
1.730000 3.150574e+002
1.732000 3.148203e+002
1.734000 3.145864e+002
1.736000 3.143557e+002
1.738000 3.141282e+002
1.740000 3.139038e+002
1.742000 3.136826e+002
1.744000 3.134643e+002
1.746000 3.132492e+002
1.748000 3.130370e+002
1.750000 3.128278e+002
1.752000 3.126215e+002
1.754000 3.124181e+002
1.756000 3.122176e+002
1.758000 3.120199e+002
1.760000 3.118250e+002
1.762000 3.116329e+002
1.764000 3.114435e+002
1.766000 3.112568e+002
1.768000 3.110727e+002
1.770000 3.108914e+002
1.772000 3.107126e+002
1.774000 3.105364e+002
1.776000 3.103627e+002
1.778000 3.101916e+002
1.780000 3.100229e+002
1.782000 3.098567e+002
1.784000 3.096929e+002
1.786000 3.095316e+002
1.788000 3.093725e+002
1.790000 3.092159e+002
1.792000 3.090615e+002
1.794000 3.089094e+002
1.796000 3.087596e+002
1.798000 3.086120e+002
1.800000 3.084666e+002
1.802000 3.083234e+002
1.804000 3.081823e+002
1.806000 3.080433e+002
1.808000 3.079064e+002
1.810000 3.077716e+002
1.812000 3.076388e+002
1.814000 3.075080e+002
1.816000 3.073793e+002
1.818000 3.072524e+002
1.820000 3.071275e+002
1.822000 3.070046e+002
1.824000 3.068835e+002
1.826000 3.067642e+002
1.828000 3.066469e+002
1.830000 3.065313e+002
1.832000 3.064175e+002
1.834000 3.063055e+002
1.836000 3.061952e+002
1.838000 3.060866e+002
1.840000 3.059798e+002
1.842000 3.058746e+002
1.844000 3.057710e+002
1.846000 3.056691e+002
1.848000 3.055688e+002
1.850000 3.054701e+002
1.852000 3.053730e+002
1.854000 3.052774e+002
1.856000 3.051833e+002
1.858000 3.050907e+002
1.860000 3.049996e+002
1.862000 3.049100e+002
1.864000 3.048218e+002
1.866000 3.047350e+002
1.868000 3.046496e+002
1.870000 3.045656e+002
1.872000 3.044830e+002
1.874000 3.044017e+002
1.876000 3.043218e+002
1.878000 3.042431e+002
1.880000 3.041657e+002
1.882000 3.040897e+002
1.884000 3.040148e+002
1.886000 3.039412e+002
1.888000 3.038688e+002
1.890000 3.037976e+002
1.892000 3.037276e+002
1.894000 3.036587e+002
1.896000 3.035910e+002
1.898000 3.035245e+002
1.900000 3.034590e+002
1.902000 3.033946e+002
1.904000 3.033314e+002
1.906000 3.032691e+002
1.908000 3.032080e+002
1.910000 3.031479e+002
1.912000 3.030888e+002
1.914000 3.030307e+002
1.916000 3.029735e+002
1.918000 3.029174e+002
1.920000 3.028622e+002
1.922000 3.028080e+002
1.924000 3.027547e+002
1.926000 3.027023e+002
1.928000 3.026508e+002
1.930000 3.026003e+002
1.932000 3.025506e+002
1.934000 3.025017e+002
1.936000 3.024537e+002
1.938000 3.024066e+002
1.940000 3.023602e+002
1.942000 3.023147e+002
1.944000 3.022700e+002
1.946000 3.022260e+002
1.948000 3.021829e+002
1.950000 3.021405e+002
1.952000 3.020988e+002
1.954000 3.020579e+002
1.956000 3.020177e+002
1.958000 3.019783e+002
1.960000 3.019395e+002
1.962000 3.019014e+002
1.964000 3.018640e+002
1.966000 3.018273e+002
1.968000 3.017913e+002
1.970000 3.017559e+002
1.972000 3.017211e+002
1.974000 3.016870e+002
1.976000 3.016534e+002
1.978000 3.016205e+002
1.980000 3.015882e+002
1.982000 3.015565e+002
1.984000 3.015254e+002
1.986000 3.014948e+002
1.988000 3.014648e+002
1.990000 3.014353e+002
1.992000 3.014064e+002
1.994000 3.013781e+002
1.996000 3.013502e+002
1.998000 3.013229e+002
2.000000 3.012960e+002
2.002000 3.012697e+002
2.004000 3.012439e+002
2.006000 3.012185e+002
2.008000 3.011937e+002
2.010000 3.011692e+002
2.012000 3.011453e+002
2.014000 3.011218e+002
2.016000 3.010987e+002
2.018000 3.010761e+002
2.020000 3.010539e+002
2.022000 3.010321e+002
2.024000 3.010108e+002
2.026000 3.009898e+002
2.028000 3.009693e+002
2.030000 3.009491e+002
2.032000 3.009294e+002
2.034000 3.009100e+002
2.036000 3.008910e+002
2.038000 3.008723e+002
2.040000 3.008540e+002
2.042000 3.008361e+002
2.044000 3.008185e+002
2.046000 3.008013e+002
2.048000 3.007844e+002
2.050000 3.007678e+002
2.052000 3.007515e+002
2.054000 3.007356e+002
2.056000 3.007200e+002
2.058000 3.007046e+002
2.060000 3.006896e+002
2.062000 3.006749e+002
2.064000 3.006605e+002
2.066000 3.006463e+002
2.068000 3.006325e+002
2.070000 3.006189e+002
2.072000 3.006056e+002
2.074000 3.005925e+002
2.076000 3.005797e+002
2.078000 3.005672e+002
2.080000 3.005549e+002
2.082000 3.005429e+002
2.084000 3.005311e+002
2.086000 3.005195e+002
2.088000 3.005082e+002
2.090000 3.004971e+002
2.092000 3.004862e+002
2.094000 3.004756e+002
2.096000 3.004652e+002
2.098000 3.004549e+002
2.100000 3.004449e+002
2.102000 3.004351e+002
2.104000 3.004255e+002
2.106000 3.004161e+002
2.108000 3.004069e+002
2.110000 3.003979e+002
2.112000 3.003891e+002
2.114000 3.003804e+002
2.116000 3.003719e+002
2.118000 3.003636e+002
2.120000 3.003555e+002
2.122000 3.003475e+002
2.124000 3.003398e+002
2.126000 3.003321e+002
2.128000 3.003247e+002
2.130000 3.003174e+002
2.132000 3.003102e+002
2.134000 3.003032e+002
2.136000 3.002963e+002
2.138000 3.002896e+002
2.140000 3.002830e+002
2.142000 3.002766e+002
2.144000 3.002703e+002
2.146000 3.002642e+002
2.148000 3.002581e+002
2.150000 3.002522e+002
2.152000 3.002464e+002
2.154000 3.002408e+002
2.156000 3.002353e+002
2.158000 3.002299e+002
2.160000 3.002246e+002
2.162000 3.002194e+002
2.164000 3.002143e+002
2.166000 3.002093e+002
2.168000 3.002045e+002
2.170000 3.001997e+002
2.172000 3.001951e+002
2.174000 3.001906e+002
2.176000 3.001861e+002
2.178000 3.001818e+002
2.180000 3.001775e+002
2.182000 3.001734e+002
2.184000 3.001693e+002
2.186000 3.001653e+002
2.188000 3.001614e+002
2.190000 3.001576e+002
2.192000 3.001539e+002
2.194000 3.001503e+002
2.196000 3.001467e+002
2.198000 3.001432e+002
2.200000 3.001398e+002
2.202000 3.001365e+002
2.204000 3.001333e+002
2.206000 3.001301e+002
2.208000 3.001270e+002
2.210000 3.001240e+002
2.212000 3.001210e+002
2.214000 3.001181e+002
2.216000 3.001152e+002
2.218000 3.001125e+002
2.220000 3.001098e+002
2.222000 3.001071e+002
2.224000 3.001045e+002
2.226000 3.001020e+002
2.228000 3.000995e+002
2.230000 3.000971e+002
2.232000 3.000948e+002
2.234000 3.000925e+002
2.236000 3.000902e+002
2.238000 3.000880e+002
2.240000 3.000859e+002
2.242000 3.000838e+002
2.244000 3.000817e+002
2.246000 3.000797e+002
2.248000 3.000777e+002
2.250000 3.000758e+002
2.252000 3.000740e+002
2.254000 3.000721e+002
2.256000 3.000704e+002
2.258000 3.000686e+002
2.260000 3.000669e+002
2.262000 3.000653e+002
2.264000 3.000636e+002
2.266000 3.000620e+002
2.268000 3.000605e+002
2.270000 3.000590e+002
2.272000 3.000575e+002
2.274000 3.000561e+002
2.276000 3.000547e+002
2.278000 3.000533e+002
2.280000 3.000520e+002
2.282000 3.000507e+002
2.284000 3.000494e+002
2.286000 3.000481e+002
2.288000 3.000469e+002
2.290000 3.000457e+002
2.292000 3.000446e+002
2.294000 3.000434e+002
2.296000 3.000423e+002
2.298000 3.000413e+002
2.300000 3.000402e+002
2.302000 3.000392e+002
2.304000 3.000382e+002
2.306000 3.000372e+002
2.308000 3.000363e+002
2.310000 3.000353e+002
2.312000 3.000344e+002
2.314000 3.000335e+002
2.316000 3.000327e+002
2.318000 3.000318e+002
2.320000 3.000310e+002
2.322000 3.000302e+002
2.324000 3.000294e+002
2.326000 3.000287e+002
2.328000 3.000279e+002
2.330000 3.000272e+002
2.332000 3.000265e+002
2.334000 3.000258e+002
2.336000 3.000251e+002
2.338000 3.000245e+002
2.340000 3.000238e+002
2.342000 3.000232e+002
2.344000 3.000226e+002
2.346000 3.000220e+002
2.348000 3.000214e+002
2.350000 3.000209e+002
2.352000 3.000203e+002
2.354000 3.000198e+002
2.356000 3.000192e+002
2.358000 3.000187e+002
2.360000 3.000182e+002
2.362000 3.000178e+002
2.364000 3.000173e+002
2.366000 3.000168e+002
2.368000 3.000164e+002
2.370000 3.000159e+002
2.372000 3.000155e+002
2.374000 3.000151e+002
2.376000 3.000147e+002
2.378000 3.000143e+002
2.380000 3.000139e+002
2.382000 3.000135e+002
2.384000 3.000132e+002
2.386000 3.000128e+002
2.388000 3.000125e+002
2.390000 3.000121e+002
2.392000 3.000118e+002
2.394000 3.000115e+002
2.396000 3.000112e+002
2.398000 3.000109e+002
2.400000 3.000106e+002
2.402000 3.000103e+002
2.404000 3.000100e+002
2.406000 3.000097e+002
2.408000 3.000095e+002
2.410000 3.000092e+002
2.412000 3.000090e+002
2.414000 3.000087e+002
2.416000 3.000085e+002
2.418000 3.000082e+002
2.420000 3.000080e+002
2.422000 3.000078e+002
2.424000 3.000076e+002
2.426000 3.000074e+002
2.428000 3.000072e+002
2.430000 3.000070e+002
2.432000 3.000068e+002
2.434000 3.000066e+002
2.436000 3.000064e+002
2.438000 3.000062e+002
2.440000 3.000060e+002
2.442000 3.000059e+002
2.444000 3.000057e+002
2.446000 3.000055e+002
2.448000 3.000054e+002
2.450000 3.000052e+002
2.452000 3.000051e+002
2.454000 3.000050e+002
2.456000 3.000048e+002
2.458000 3.000047e+002
2.460000 3.000045e+002
2.462000 3.000044e+002
2.464000 3.000043e+002
2.466000 3.000042e+002
2.468000 3.000040e+002
2.470000 3.000039e+002
2.472000 3.000038e+002
2.474000 3.000037e+002
2.476000 3.000036e+002
2.478000 3.000035e+002
2.480000 3.000034e+002
2.482000 3.000033e+002
2.484000 3.000032e+002
2.486000 3.000031e+002
2.488000 3.000030e+002
2.490000 3.000029e+002
2.492000 3.000029e+002
2.494000 3.000028e+002
2.496000 3.000027e+002
2.498000 3.000026e+002
2.500000 3.000025e+002
2.502000 3.000025e+002
2.504000 3.000024e+002
2.506000 3.000023e+002
2.508000 3.000023e+002
2.510000 3.000022e+002
2.512000 3.000021e+002
2.514000 3.000021e+002
2.516000 3.000020e+002
2.518000 3.000019e+002
2.520000 3.000019e+002
2.522000 3.000018e+002
2.524000 3.000018e+002
2.526000 3.000017e+002
2.528000 3.000017e+002
2.530000 3.000016e+002
2.532000 3.000016e+002
2.534000 3.000015e+002
2.536000 3.000015e+002
2.538000 3.000014e+002
2.540000 3.000014e+002
2.542000 3.000014e+002
2.544000 3.000013e+002
2.546000 3.000013e+002
2.548000 3.000012e+002
2.550000 3.000012e+002
2.552000 3.000012e+002
2.554000 3.000011e+002
2.556000 3.000011e+002
2.558000 3.000011e+002
2.560000 3.000010e+002
2.562000 3.000010e+002
2.564000 3.000010e+002
2.566000 3.000009e+002
2.568000 3.000009e+002
2.570000 3.000009e+002
2.572000 3.000009e+002
2.574000 3.000008e+002
2.576000 3.000008e+002
2.578000 3.000008e+002
2.580000 3.000008e+002
2.582000 3.000007e+002
2.584000 3.000007e+002
2.586000 3.000007e+002
2.588000 3.000007e+002
2.590000 3.000007e+002
2.592000 3.000006e+002
2.594000 3.000006e+002
2.596000 3.000006e+002
2.598000 3.000006e+002
2.600000 3.000006e+002
2.602000 3.000005e+002
2.604000 3.000005e+002
2.606000 3.000005e+002
2.608000 3.000005e+002
2.610000 3.000005e+002
2.612000 3.000005e+002
2.614000 3.000004e+002
2.616000 3.000004e+002
2.618000 3.000004e+002
2.620000 3.000004e+002
2.622000 3.000004e+002
2.624000 3.000004e+002
2.626000 3.000004e+002
2.628000 3.000004e+002
2.630000 3.000003e+002
2.632000 3.000003e+002
2.634000 3.000003e+002
2.636000 3.000003e+002
2.638000 3.000003e+002
2.640000 3.000003e+002
2.642000 3.000003e+002
2.644000 3.000003e+002
2.646000 3.000003e+002
2.648000 3.000003e+002
2.650000 3.000003e+002
2.652000 3.000002e+002
2.654000 3.000002e+002
2.656000 3.000002e+002
2.658000 3.000002e+002
2.660000 3.000002e+002
2.662000 3.000002e+002
2.664000 3.000002e+002
2.666000 3.000002e+002
2.668000 3.000002e+002
2.670000 3.000002e+002
2.672000 3.000002e+002
2.674000 3.000002e+002
2.676000 3.000002e+002
2.678000 3.000002e+002
2.680000 3.000002e+002
2.682000 3.000002e+002
2.684000 3.000001e+002
2.686000 3.000001e+002
2.688000 3.000001e+002
2.690000 3.000001e+002
2.692000 3.000001e+002
2.694000 3.000001e+002
2.696000 3.000001e+002
2.698000 3.000001e+002
2.700000 3.000001e+002
2.702000 3.000001e+002
2.704000 3.000001e+002
2.706000 3.000001e+002
2.708000 3.000001e+002
2.710000 3.000001e+002
2.712000 3.000001e+002
2.714000 3.000001e+002
2.716000 3.000001e+002
2.718000 3.000001e+002
2.720000 3.000001e+002
2.722000 3.000001e+002
2.724000 3.000001e+002
2.726000 3.000001e+002
2.728000 3.000001e+002
2.730000 3.000001e+002
2.732000 3.000001e+002
2.734000 3.000001e+002
2.736000 3.000001e+002
2.738000 3.000001e+002
2.740000 3.000001e+002
2.742000 3.000001e+002
2.744000 3.000001e+002
2.746000 3.000001e+002
2.748000 3.000001e+002
2.750000 3.000000e+002
2.752000 3.000000e+002
2.754000 3.000000e+002
2.756000 3.000000e+002
2.758000 3.000000e+002
2.760000 3.000000e+002
2.762000 3.000000e+002
2.764000 3.000000e+002
2.766000 3.000000e+002
2.768000 3.000000e+002
2.770000 3.000000e+002
2.772000 3.000000e+002
2.774000 3.000000e+002
2.776000 3.000000e+002
2.778000 3.000000e+002
2.780000 3.000000e+002
2.782000 3.000000e+002
2.784000 3.000000e+002
2.786000 3.000000e+002
2.788000 3.000000e+002
2.790000 3.000000e+002
2.792000 3.000000e+002
2.794000 3.000000e+002
2.796000 3.000000e+002
2.798000 3.000000e+002
2.800000 3.000000e+002
2.802000 3.000000e+002
2.804000 3.000000e+002
2.806000 3.000000e+002
2.808000 3.000000e+002
2.810000 3.000000e+002
2.812000 3.000000e+002
2.814000 3.000000e+002
2.816000 3.000000e+002
2.818000 3.000000e+002
2.820000 3.000000e+002
2.822000 3.000000e+002
2.824000 3.000000e+002
2.826000 3.000000e+002
2.828000 3.000000e+002
2.830000 3.000000e+002
2.832000 3.000000e+002
2.834000 3.000000e+002
2.836000 3.000000e+002
2.838000 3.000000e+002
2.840000 3.000000e+002
2.842000 3.000000e+002
2.844000 3.000000e+002
2.846000 3.000000e+002
2.848000 3.000000e+002
2.850000 3.000000e+002
2.852000 3.000000e+002
2.854000 3.000000e+002
2.856000 3.000000e+002
2.858000 3.000000e+002
2.860000 3.000000e+002
2.862000 3.000000e+002
2.864000 3.000000e+002
2.866000 3.000000e+002
2.868000 3.000000e+002
2.870000 3.000000e+002
2.872000 3.000000e+002
2.874000 3.000000e+002
2.876000 3.000000e+002
2.878000 3.000000e+002
2.880000 3.000000e+002
2.882000 3.000000e+002
2.884000 3.000000e+002
2.886000 3.000000e+002
2.888000 3.000000e+002
2.890000 3.000000e+002
2.892000 3.000000e+002
2.894000 3.000000e+002
2.896000 3.000000e+002
2.898000 3.000000e+002
2.900000 3.000000e+002
2.902000 3.000000e+002
2.904000 3.000000e+002
2.906000 3.000000e+002
2.908000 3.000000e+002
2.910000 3.000000e+002
2.912000 3.000000e+002
2.914000 3.000000e+002
2.916000 3.000000e+002
2.918000 3.000000e+002
2.920000 3.000000e+002
2.922000 3.000000e+002
2.924000 3.000000e+002
2.926000 3.000000e+002
2.928000 3.000000e+002
2.930000 3.000000e+002
2.932000 3.000000e+002
2.934000 3.000000e+002
2.936000 3.000000e+002
2.938000 3.000000e+002
2.940000 3.000000e+002
2.942000 3.000000e+002
2.944000 3.000000e+002
2.946000 3.000000e+002
2.948000 3.000000e+002
2.950000 3.000000e+002
2.952000 3.000000e+002
2.954000 3.000000e+002
2.956000 3.000000e+002
2.958000 3.000000e+002
2.960000 3.000000e+002
2.962000 3.000000e+002
2.964000 3.000000e+002
2.966000 3.000000e+002
2.968000 3.000000e+002
2.970000 3.000000e+002
2.972000 3.000000e+002
2.974000 3.000000e+002
2.976000 3.000000e+002
2.978000 3.000000e+002
2.980000 3.000000e+002
2.982000 3.000000e+002
2.984000 3.000000e+002
2.986000 3.000000e+002
2.988000 3.000000e+002
2.990000 3.000000e+002
2.992000 3.000000e+002
2.994000 3.000000e+002
2.996000 3.000000e+002
2.998000 3.000000e+002
3.000000 3.000000e+002
3.002000 3.000000e+002
3.004000 3.000000e+002
3.006000 3.000000e+002
3.008000 3.000000e+002
3.010000 3.000000e+002
3.012000 3.000000e+002
3.014000 3.000000e+002
3.016000 3.000000e+002
3.018000 3.000000e+002
3.020000 3.000000e+002
3.022000 3.000000e+002
3.024000 3.000000e+002
3.026000 3.000000e+002
3.028000 3.000000e+002
3.030000 3.000000e+002
3.032000 3.000000e+002
3.034000 3.000000e+002
3.036000 3.000000e+002
3.038000 3.000000e+002
3.040000 3.000000e+002
3.042000 3.000000e+002
3.044000 3.000000e+002
3.046000 3.000000e+002
3.048000 3.000000e+002
3.050000 3.000000e+002
3.052000 3.000000e+002
3.054000 3.000000e+002
3.056000 3.000000e+002
3.058000 3.000000e+002
3.060000 3.000000e+002
3.062000 3.000000e+002
3.064000 3.000000e+002
3.066000 3.000000e+002
3.068000 3.000000e+002
3.070000 3.000000e+002
3.072000 3.000000e+002
3.074000 3.000000e+002
3.076000 3.000000e+002
3.078000 3.000000e+002
3.080000 3.000000e+002
3.082000 3.000000e+002
3.084000 3.000000e+002
3.086000 3.000000e+002
3.088000 3.000000e+002
3.090000 3.000000e+002
3.092000 3.000000e+002
3.094000 3.000000e+002
3.096000 3.000000e+002
3.098000 3.000000e+002
3.100000 3.000000e+002
3.102000 3.000000e+002
3.104000 3.000000e+002
3.106000 3.000000e+002
3.108000 3.000000e+002
3.110000 3.000000e+002
3.112000 3.000000e+002
3.114000 3.000000e+002
3.116000 3.000000e+002
3.118000 3.000000e+002
3.120000 3.000000e+002
3.122000 3.000000e+002
3.124000 3.000000e+002
3.126000 3.000000e+002
3.128000 3.000000e+002
3.130000 3.000000e+002
3.132000 3.000000e+002
3.134000 3.000000e+002
3.136000 3.000000e+002
3.138000 3.000000e+002
3.140000 3.000000e+002
3.142000 3.000000e+002
3.144000 3.000000e+002
3.146000 3.000000e+002
3.148000 3.000000e+002
3.150000 3.000000e+002
3.152000 3.000000e+002
3.154000 3.000000e+002
3.156000 3.000000e+002
3.158000 3.000000e+002
3.160000 3.000000e+002
3.162000 3.000000e+002
3.164000 3.000000e+002
3.166000 3.000000e+002
3.168000 3.000000e+002
3.170000 3.000000e+002
3.172000 3.000000e+002
3.174000 3.000000e+002
3.176000 3.000000e+002
3.178000 3.000000e+002
3.180000 3.000000e+002
3.182000 3.000000e+002
3.184000 3.000000e+002
3.186000 3.000000e+002
3.188000 3.000000e+002
3.190000 3.000000e+002
3.192000 3.000000e+002
3.194000 3.000000e+002
3.196000 3.000000e+002
3.198000 3.000000e+002
3.200000 3.000000e+002
3.202000 3.000000e+002
3.204000 3.000000e+002
3.206000 3.000000e+002
3.208000 3.000000e+002
3.210000 3.000000e+002
3.212000 3.000000e+002
3.214000 3.000000e+002
3.216000 3.000000e+002
3.218000 3.000000e+002
3.220000 3.000000e+002
3.222000 3.000000e+002
3.224000 3.000000e+002
3.226000 3.000000e+002
3.228000 3.000000e+002
3.230000 3.000000e+002
3.232000 3.000000e+002
3.234000 3.000000e+002
3.236000 3.000000e+002
3.238000 3.000000e+002
3.240000 3.000000e+002
3.242000 3.000000e+002
3.244000 3.000000e+002
3.246000 3.000000e+002
3.248000 3.000000e+002
3.250000 3.000000e+002
3.252000 3.000000e+002
3.254000 3.000000e+002
3.256000 3.000000e+002
3.258000 3.000000e+002
3.260000 3.000000e+002
3.262000 3.000000e+002
3.264000 3.000000e+002
3.266000 3.000000e+002
3.268000 3.000000e+002
3.270000 3.000000e+002
3.272000 3.000000e+002
3.274000 3.000000e+002
3.276000 3.000000e+002
3.278000 3.000000e+002
3.280000 3.000000e+002
3.282000 3.000000e+002
3.284000 3.000000e+002
3.286000 3.000000e+002
3.288000 3.000000e+002
3.290000 3.000000e+002
3.292000 3.000000e+002
3.294000 3.000000e+002
3.296000 3.000000e+002
3.298000 3.000000e+002
3.300000 3.000000e+002
3.302000 3.000000e+002
3.304000 3.000000e+002
3.306000 3.000000e+002
3.308000 3.000000e+002
3.310000 3.000000e+002
3.312000 3.000000e+002
3.314000 3.000000e+002
3.316000 3.000000e+002
3.318000 3.000000e+002
3.320000 3.000000e+002
3.322000 3.000000e+002
3.324000 3.000000e+002
3.326000 3.000000e+002
3.328000 3.000000e+002
3.330000 3.000000e+002
3.332000 3.000000e+002
3.334000 3.000000e+002
3.336000 3.000000e+002
3.338000 3.000000e+002
3.340000 3.000000e+002
3.342000 3.000000e+002
3.344000 3.000000e+002
3.346000 3.000000e+002
3.348000 3.000000e+002
3.350000 3.000000e+002
3.352000 3.000000e+002
3.354000 3.000000e+002
3.356000 3.000000e+002
3.358000 3.000000e+002
3.360000 3.000000e+002
3.362000 3.000000e+002
3.364000 3.000000e+002
3.366000 3.000000e+002
3.368000 3.000000e+002
3.370000 3.000000e+002
3.372000 3.000000e+002
3.374000 3.000000e+002
3.376000 3.000000e+002
3.378000 3.000000e+002
3.380000 3.000000e+002
3.382000 3.000000e+002
3.384000 3.000000e+002
3.386000 3.000000e+002
3.388000 3.000000e+002
3.390000 3.000000e+002
3.392000 3.000000e+002
3.394000 3.000000e+002
3.396000 3.000000e+002
3.398000 3.000000e+002
3.400000 3.000000e+002
3.402000 3.000000e+002
3.404000 3.000000e+002
3.406000 3.000000e+002
3.408000 3.000000e+002
3.410000 3.000000e+002
3.412000 3.000000e+002
3.414000 3.000000e+002
3.416000 3.000000e+002
3.418000 3.000000e+002
3.420000 3.000000e+002
3.422000 3.000000e+002
3.424000 3.000000e+002
3.426000 3.000000e+002
3.428000 3.000000e+002
3.430000 3.000000e+002
3.432000 3.000000e+002
3.434000 3.000000e+002
3.436000 3.000000e+002
3.438000 3.000000e+002
3.440000 3.000000e+002
3.442000 3.000000e+002
3.444000 3.000000e+002
3.446000 3.000000e+002
3.448000 3.000000e+002
3.450000 3.000000e+002
3.452000 3.000000e+002
3.454000 3.000000e+002
3.456000 3.000000e+002
3.458000 3.000000e+002
3.460000 3.000000e+002
3.462000 3.000000e+002
3.464000 3.000000e+002
3.466000 3.000000e+002
3.468000 3.000000e+002
3.470000 3.000000e+002
3.472000 3.000000e+002
3.474000 3.000000e+002
3.476000 3.000000e+002
3.478000 3.000000e+002
3.480000 3.000000e+002
3.482000 3.000000e+002
3.484000 3.000000e+002
3.486000 3.000000e+002
3.488000 3.000000e+002
3.490000 3.000000e+002
3.492000 3.000000e+002
3.494000 3.000000e+002
3.496000 3.000000e+002
3.498000 3.000000e+002
3.500000 3.000000e+002
3.502000 3.000000e+002
3.504000 3.000000e+002
3.506000 3.000000e+002
3.508000 3.000000e+002
3.510000 3.000000e+002
3.512000 3.000000e+002
3.514000 3.000000e+002
3.516000 3.000000e+002
3.518000 3.000000e+002
3.520000 3.000000e+002
3.522000 3.000000e+002
3.524000 3.000000e+002
3.526000 3.000000e+002
3.528000 3.000000e+002
3.530000 3.000000e+002
3.532000 3.000000e+002
3.534000 3.000000e+002
3.536000 3.000000e+002
3.538000 3.000000e+002
3.540000 3.000000e+002
3.542000 3.000000e+002
3.544000 3.000000e+002
3.546000 3.000000e+002
3.548000 3.000000e+002
3.550000 3.000000e+002
3.552000 3.000000e+002
3.554000 3.000000e+002
3.556000 3.000000e+002
3.558000 3.000000e+002
3.560000 3.000000e+002
3.562000 3.000000e+002
3.564000 3.000000e+002
3.566000 3.000000e+002
3.568000 3.000000e+002
3.570000 3.000000e+002
3.572000 3.000000e+002
3.574000 3.000000e+002
3.576000 3.000000e+002
3.578000 3.000000e+002
3.580000 3.000000e+002
3.582000 3.000000e+002
3.584000 3.000000e+002
3.586000 3.000000e+002
3.588000 3.000000e+002
3.590000 3.000000e+002
3.592000 3.000000e+002
3.594000 3.000000e+002
3.596000 3.000000e+002
3.598000 3.000000e+002
3.600000 3.000000e+002
3.602000 3.000000e+002
3.604000 3.000000e+002
3.606000 3.000000e+002
3.608000 3.000000e+002
3.610000 3.000000e+002
3.612000 3.000000e+002
3.614000 3.000000e+002
3.616000 3.000000e+002
3.618000 3.000000e+002
3.620000 3.000000e+002
3.622000 3.000000e+002
3.624000 3.000000e+002
3.626000 3.000000e+002
3.628000 3.000000e+002
3.630000 3.000000e+002
3.632000 3.000000e+002
3.634000 3.000000e+002
3.636000 3.000000e+002
3.638000 3.000000e+002
3.640000 3.000000e+002
3.642000 3.000000e+002
3.644000 3.000000e+002
3.646000 3.000000e+002
3.648000 3.000000e+002
3.650000 3.000000e+002
3.652000 3.000000e+002
3.654000 3.000000e+002
3.656000 3.000000e+002
3.658000 3.000000e+002
3.660000 3.000000e+002
3.662000 3.000000e+002
3.664000 3.000000e+002
3.666000 3.000000e+002
3.668000 3.000000e+002
3.670000 3.000000e+002
3.672000 3.000000e+002
3.674000 3.000000e+002
3.676000 3.000000e+002
3.678000 3.000000e+002
3.680000 3.000000e+002
3.682000 3.000000e+002
3.684000 3.000000e+002
3.686000 3.000000e+002
3.688000 3.000000e+002
3.690000 3.000000e+002
3.692000 3.000000e+002
3.694000 3.000000e+002
3.696000 3.000000e+002
3.698000 3.000000e+002
3.700000 3.000000e+002
3.702000 3.000000e+002
3.704000 3.000000e+002
3.706000 3.000000e+002
3.708000 3.000000e+002
3.710000 3.000000e+002
3.712000 3.000000e+002
3.714000 3.000000e+002
3.716000 3.000000e+002
3.718000 3.000000e+002
3.720000 3.000000e+002
3.722000 3.000000e+002
3.724000 3.000000e+002
3.726000 3.000000e+002
3.728000 3.000000e+002
3.730000 3.000000e+002
3.732000 3.000000e+002
3.734000 3.000000e+002
3.736000 3.000000e+002
3.738000 3.000000e+002
3.740000 3.000000e+002
3.742000 3.000000e+002
3.744000 3.000000e+002
3.746000 3.000000e+002
3.748000 3.000000e+002
3.750000 3.000000e+002
3.752000 3.000000e+002
3.754000 3.000000e+002
3.756000 3.000000e+002
3.758000 3.000000e+002
3.760000 3.000000e+002
3.762000 3.000000e+002
3.764000 3.000000e+002
3.766000 3.000000e+002
3.768000 3.000000e+002
3.770000 3.000000e+002
3.772000 3.000000e+002
3.774000 3.000000e+002
3.776000 3.000000e+002
3.778000 3.000000e+002
3.780000 3.000000e+002
3.782000 3.000000e+002
3.784000 3.000000e+002
3.786000 3.000000e+002
3.788000 3.000000e+002
3.790000 3.000000e+002
3.792000 3.000000e+002
3.794000 3.000000e+002
3.796000 3.000000e+002
3.798000 3.000000e+002
3.800000 3.000000e+002
3.802000 3.000000e+002
3.804000 3.000000e+002
3.806000 3.000000e+002
3.808000 3.000000e+002
3.810000 3.000000e+002
3.812000 3.000000e+002
3.814000 3.000000e+002
3.816000 3.000000e+002
3.818000 3.000000e+002
3.820000 3.000000e+002
3.822000 3.000000e+002
3.824000 3.000000e+002
3.826000 3.000000e+002
3.828000 3.000000e+002
3.830000 3.000000e+002
3.832000 3.000000e+002
3.834000 3.000000e+002
3.836000 3.000000e+002
3.838000 3.000000e+002
3.840000 3.000000e+002
3.842000 3.000000e+002
3.844000 3.000000e+002
3.846000 3.000000e+002
3.848000 3.000000e+002
3.850000 3.000000e+002
3.852000 3.000000e+002
3.854000 3.000000e+002
3.856000 3.000000e+002
3.858000 3.000000e+002
3.860000 3.000000e+002
3.862000 3.000000e+002
3.864000 3.000000e+002
3.866000 3.000000e+002
3.868000 3.000000e+002
3.870000 3.000000e+002
3.872000 3.000000e+002
3.874000 3.000000e+002
3.876000 3.000000e+002
3.878000 3.000000e+002
3.880000 3.000000e+002
3.882000 3.000000e+002
3.884000 3.000000e+002
3.886000 3.000000e+002
3.888000 3.000000e+002
3.890000 3.000000e+002
3.892000 3.000000e+002
3.894000 3.000000e+002
3.896000 3.000000e+002
3.898000 3.000000e+002
3.900000 3.000000e+002
3.902000 3.000000e+002
3.904000 3.000000e+002
3.906000 3.000000e+002
3.908000 3.000000e+002
3.910000 3.000000e+002
3.912000 3.000000e+002
3.914000 3.000000e+002
3.916000 3.000000e+002
3.918000 3.000000e+002
3.920000 3.000000e+002
3.922000 3.000000e+002
3.924000 3.000000e+002
3.926000 3.000000e+002
3.928000 3.000000e+002
3.930000 3.000000e+002
3.932000 3.000000e+002
3.934000 3.000000e+002
3.936000 3.000000e+002
3.938000 3.000000e+002
3.940000 3.000000e+002
3.942000 3.000000e+002
3.944000 3.000000e+002
3.946000 3.000000e+002
3.948000 3.000000e+002
3.950000 3.000000e+002
3.952000 3.000000e+002
3.954000 3.000000e+002
3.956000 3.000000e+002
3.958000 3.000000e+002
3.960000 3.000000e+002
3.962000 3.000000e+002
3.964000 3.000000e+002
3.966000 3.000000e+002
3.968000 3.000000e+002
3.970000 3.000000e+002
3.972000 3.000000e+002
3.974000 3.000000e+002
3.976000 3.000000e+002
3.978000 3.000000e+002
3.980000 3.000000e+002
3.982000 3.000000e+002
3.984000 3.000000e+002
3.986000 3.000000e+002
3.988000 3.000000e+002
3.990000 3.000000e+002
3.992000 3.000000e+002
3.994000 3.000000e+002
3.996000 3.000000e+002
3.998000 3.000000e+002
