0.000000 3.254074e+002
0.002000 3.282094e+002
0.004000 3.310107e+002
0.006000 3.338113e+002
0.008000 3.366112e+002
0.010000 3.394102e+002
0.012000 3.422083e+002
0.014000 3.450055e+002
0.016000 3.478016e+002
0.018000 3.505967e+002
0.020000 3.533906e+002
0.022000 3.561832e+002
0.024000 3.589746e+002
0.026000 3.617647e+002
0.028000 3.645533e+002
0.030000 3.673405e+002
0.032000 3.701261e+002
0.034000 3.729101e+002
0.036000 3.756925e+002
0.038000 3.784731e+002
0.040000 3.812519e+002
0.042000 3.840289e+002
0.044000 3.868039e+002
0.046000 3.895770e+002
0.048000 3.923480e+002
0.050000 3.951170e+002
0.052000 3.978837e+002
0.054000 4.006482e+002
0.056000 4.034104e+002
0.058000 4.061703e+002
0.060000 4.089277e+002
0.062000 4.116826e+002
0.064000 4.144350e+002
0.066000 4.171848e+002
0.068000 4.199319e+002
0.070000 4.226762e+002
0.072000 4.254178e+002
0.074000 4.281565e+002
0.076000 4.308923e+002
0.078000 4.336251e+002
0.080000 4.363548e+002
0.082000 4.390815e+002
0.084000 4.418049e+002
0.086000 4.445252e+002
0.088000 4.472421e+002
0.090000 4.499557e+002
0.092000 4.526659e+002
0.094000 4.553726e+002
0.096000 4.580757e+002
0.098000 4.607753e+002
0.100000 4.634712e+002
0.102000 4.661634e+002
0.104000 4.688518e+002
0.106000 4.715363e+002
0.108000 4.742170e+002
0.110000 4.768937e+002
0.112000 4.795664e+002
0.114000 4.822350e+002
0.116000 4.848995e+002
0.118000 4.875597e+002
0.120000 4.902158e+002
0.122000 4.928675e+002
0.124000 4.955148e+002
0.126000 4.981577e+002
0.128000 5.007961e+002
0.130000 5.034299e+002
0.132000 5.060592e+002
0.134000 5.086837e+002
0.136000 5.113036e+002
0.138000 5.139187e+002
0.140000 5.165289e+002
0.142000 5.191342e+002
0.144000 5.217346e+002
0.146000 5.243300e+002
0.148000 5.269203e+002
0.150000 5.295054e+002
0.152000 5.320854e+002
0.154000 5.346602e+002
0.156000 5.372297e+002
0.158000 5.397938e+002
0.160000 5.423525e+002
0.162000 5.449057e+002
0.164000 5.474535e+002
0.166000 5.499956e+002
0.168000 5.525322e+002
0.170000 5.550630e+002
0.172000 5.575882e+002
0.174000 5.601075e+002
0.176000 5.626210e+002
0.178000 5.651286e+002
0.180000 5.676302e+002
0.182000 5.701259e+002
0.184000 5.726155e+002
0.186000 5.750990e+002
0.188000 5.775763e+002
0.190000 5.800474e+002
0.192000 5.825122e+002
0.194000 5.849707e+002
0.196000 5.874229e+002
0.198000 5.898686e+002
0.200000 5.923078e+002
0.202000 5.947406e+002
0.204000 5.971667e+002
0.206000 5.995862e+002
0.208000 6.019991e+002
0.210000 6.044052e+002
0.212000 6.068045e+002
0.214000 6.091970e+002
0.216000 6.115827e+002
0.218000 6.139614e+002
0.220000 6.163331e+002
0.222000 6.186978e+002
0.224000 6.210554e+002
0.226000 6.234059e+002
0.228000 6.257493e+002
0.230000 6.280854e+002
0.232000 6.304143e+002
0.234000 6.327358e+002
0.236000 6.350500e+002
0.238000 6.373568e+002
0.240000 6.396562e+002
0.242000 6.419480e+002
0.244000 6.442323e+002
0.246000 6.465090e+002
0.248000 6.487781e+002
0.250000 6.510395e+002
0.252000 6.532932e+002
0.254000 6.555391e+002
0.256000 6.577772e+002
0.258000 6.600074e+002
0.260000 6.622298e+002
0.262000 6.644442e+002
0.264000 6.666506e+002
0.266000 6.688489e+002
0.268000 6.710392e+002
0.270000 6.732214e+002
0.272000 6.753955e+002
0.274000 6.775613e+002
0.276000 6.797189e+002
0.278000 6.818682e+002
0.280000 6.840092e+002
0.282000 6.861418e+002
0.284000 6.882660e+002
0.286000 6.903818e+002
0.288000 6.924891e+002
0.290000 6.945879e+002
0.292000 6.966781e+002
0.294000 6.987597e+002
0.296000 7.008327e+002
0.298000 7.028970e+002
0.300000 7.049526e+002
0.302000 7.069994e+002
0.304000 7.090374e+002
0.306000 7.110667e+002
0.308000 7.130870e+002
0.310000 7.150985e+002
0.312000 7.171010e+002
0.314000 7.190945e+002
0.316000 7.210790e+002
0.318000 7.230545e+002
0.320000 7.250210e+002
0.322000 7.269783e+002
0.324000 7.289264e+002
0.326000 7.308654e+002
0.328000 7.327952e+002
0.330000 7.347157e+002
0.332000 7.366269e+002
0.334000 7.385289e+002
0.336000 7.404215e+002
0.338000 7.423047e+002
0.340000 7.441785e+002
0.342000 7.460428e+002
0.344000 7.478977e+002
0.346000 7.497431e+002
0.348000 7.515790e+002
0.350000 7.534053e+002
0.352000 7.552220e+002
0.354000 7.570291e+002
0.356000 7.588265e+002
0.358000 7.606143e+002
0.360000 7.623923e+002
0.362000 7.641606e+002
0.364000 7.659192e+002
0.366000 7.676680e+002
0.368000 7.694069e+002
0.370000 7.711360e+002
0.372000 7.728552e+002
0.374000 7.745646e+002
0.376000 7.762640e+002
0.378000 7.779535e+002
0.380000 7.796330e+002
0.382000 7.813025e+002
0.384000 7.829619e+002
0.386000 7.846114e+002
0.388000 7.862507e+002
0.390000 7.878800e+002
0.392000 7.894991e+002
0.394000 7.911082e+002
0.396000 7.927070e+002
0.398000 7.942957e+002
0.400000 7.958741e+002
0.402000 7.974424e+002
0.404000 7.990004e+002
0.406000 8.005481e+002
0.408000 8.020855e+002
0.410000 8.036127e+002
0.412000 8.051295e+002
0.414000 8.066359e+002
0.416000 8.081320e+002
0.418000 8.096177e+002
0.420000 8.110930e+002
0.422000 8.125578e+002
0.424000 8.140123e+002
0.426000 8.154563e+002
0.428000 8.168898e+002
0.430000 8.183128e+002
0.432000 8.197253e+002
0.434000 8.211273e+002
0.436000 8.225187e+002
0.438000 8.238996e+002
0.440000 8.252699e+002
0.442000 8.266297e+002
0.444000 8.279788e+002
0.446000 8.293173e+002
0.448000 8.306453e+002
0.450000 8.319625e+002
0.452000 8.332692e+002
0.454000 8.345651e+002
0.456000 8.358504e+002
0.458000 8.371250e+002
0.460000 8.383889e+002
0.462000 8.396421e+002
0.464000 8.408845e+002
0.466000 8.421163e+002
0.468000 8.433373e+002
0.470000 8.445475e+002
0.472000 8.457470e+002
0.474000 8.469357e+002
0.476000 8.481137e+002
0.478000 8.492808e+002
0.480000 8.504372e+002
0.482000 8.515827e+002
0.484000 8.527175e+002
0.486000 8.538414e+002
0.488000 8.549545e+002
0.490000 8.560568e+002
0.492000 8.571482e+002
0.494000 8.582288e+002
0.496000 8.592986e+002
0.498000 8.603575e+002
0.500000 8.614055e+002
0.502000 8.624427e+002
0.504000 8.634690e+002
0.506000 8.644845e+002
0.508000 8.654891e+002
0.510000 8.664828e+002
0.512000 8.674656e+002
0.514000 8.684375e+002
0.516000 8.693986e+002
0.518000 8.703488e+002
0.520000 8.712881e+002
0.522000 8.722165e+002
0.524000 8.731340e+002
0.526000 8.740406e+002
0.528000 8.749364e+002
0.530000 8.758213e+002
0.532000 8.766952e+002
0.534000 8.775583e+002
0.536000 8.784105e+002
0.538000 8.792519e+002
0.540000 8.800823e+002
0.542000 8.809019e+002
0.544000 8.817106e+002
0.546000 8.825084e+002
0.548000 8.832953e+002
0.550000 8.840714e+002
0.552000 8.848366e+002
0.554000 8.855910e+002
0.556000 8.863345e+002
0.558000 8.870672e+002
0.560000 8.877890e+002
0.562000 8.885000e+002
0.564000 8.892001e+002
0.566000 8.898895e+002
0.568000 8.905680e+002
0.570000 8.912357e+002
0.572000 8.918925e+002
0.574000 8.925386e+002
0.576000 8.931739e+002
0.578000 8.937985e+002
0.580000 8.944122e+002
0.582000 8.950152e+002
0.584000 8.956074e+002
0.586000 8.961889e+002
0.588000 8.967596e+002
0.590000 8.973197e+002
0.592000 8.978690e+002
0.594000 8.984075e+002
0.596000 8.989354e+002
0.598000 8.994527e+002
0.600000 8.999592e+002
0.602000 9.004551e+002
0.604000 9.009403e+002
0.606000 9.014149e+002
0.608000 9.018788e+002
0.610000 9.023322e+002
0.612000 9.027750e+002
0.614000 9.032071e+002
0.616000 9.036287e+002
0.618000 9.040398e+002
0.620000 9.044403e+002
0.622000 9.048302e+002
0.624000 9.052097e+002
0.626000 9.055786e+002
0.628000 9.059371e+002
0.630000 9.062851e+002
0.632000 9.066227e+002
0.634000 9.069498e+002
0.636000 9.072665e+002
0.638000 9.075728e+002
0.640000 9.078687e+002
0.642000 9.081543e+002
0.644000 9.084295e+002
0.646000 9.086943e+002
0.648000 9.089489e+002
0.650000 9.091932e+002
0.652000 9.094272e+002
0.654000 9.096509e+002
0.656000 9.098644e+002
0.658000 9.100677e+002
0.660000 9.102608e+002
0.662000 9.104437e+002
0.664000 9.106164e+002
0.666000 9.107791e+002
0.668000 9.109316e+002
0.670000 9.110740e+002
0.672000 9.112063e+002
0.674000 9.113286e+002
0.676000 9.114409e+002
0.678000 9.115431e+002
0.680000 9.116354e+002
0.682000 9.117177e+002
0.684000 9.117901e+002
0.686000 9.118525e+002
0.688000 9.119051e+002
0.690000 9.119478e+002
0.692000 9.119807e+002
0.694000 9.120037e+002
0.696000 9.120170e+002
0.698000 9.120204e+002
0.700000 9.120142e+002
0.702000 9.119982e+002
0.704000 9.119725e+002
0.706000 9.119372e+002
0.708000 9.118922e+002
0.710000 9.118376e+002
0.712000 9.117734e+002
0.714000 9.116996e+002
0.716000 9.116163e+002
0.718000 9.115235e+002
0.720000 9.114212e+002
0.722000 9.113095e+002
0.724000 9.111883e+002
0.726000 9.110577e+002
0.728000 9.109178e+002
0.730000 9.107685e+002
0.732000 9.106099e+002
0.734000 9.104420e+002
0.736000 9.102649e+002
0.738000 9.100785e+002
0.740000 9.098829e+002
0.742000 9.096782e+002
0.744000 9.094643e+002
0.746000 9.092414e+002
0.748000 9.090093e+002
0.750000 9.087682e+002
0.752000 9.085181e+002
0.754000 9.082590e+002
0.756000 9.079909e+002
0.758000 9.077139e+002
0.760000 9.074280e+002
0.762000 9.071333e+002
0.764000 9.068297e+002
0.766000 9.065173e+002
0.768000 9.061962e+002
0.770000 9.058663e+002
0.772000 9.055278e+002
0.774000 9.051805e+002
0.776000 9.048247e+002
0.778000 9.044602e+002
0.780000 9.040872e+002
0.782000 9.037056e+002
0.784000 9.033155e+002
0.786000 9.029170e+002
0.788000 9.025100e+002
0.790000 9.020946e+002
0.792000 9.016708e+002
0.794000 9.012388e+002
0.796000 9.007984e+002
0.798000 9.003498e+002
0.800000 8.998929e+002
0.802000 8.994278e+002
0.804000 8.989546e+002
0.806000 8.984733e+002
0.808000 8.979839e+002
0.810000 8.974864e+002
0.812000 8.969809e+002
0.814000 8.964674e+002
0.816000 8.959460e+002
0.818000 8.954167e+002
0.820000 8.948795e+002
0.822000 8.943345e+002
0.824000 8.937817e+002
0.826000 8.932211e+002
0.828000 8.926528e+002
0.830000 8.920768e+002
0.832000 8.914931e+002
0.834000 8.909019e+002
0.836000 8.903031e+002
0.838000 8.896967e+002
0.840000 8.890828e+002
0.842000 8.884615e+002
0.844000 8.878327e+002
0.846000 8.871966e+002
0.848000 8.865531e+002
0.850000 8.859023e+002
0.852000 8.852443e+002
0.854000 8.845789e+002
0.856000 8.839065e+002
0.858000 8.832268e+002
0.860000 8.825400e+002
0.862000 8.818462e+002
0.864000 8.811453e+002
0.866000 8.804374e+002
0.868000 8.797226e+002
0.870000 8.790008e+002
0.872000 8.782721e+002
0.874000 8.775366e+002
0.876000 8.767943e+002
0.878000 8.760453e+002
0.880000 8.752895e+002
0.882000 8.745270e+002
0.884000 8.737579e+002
0.886000 8.729822e+002
0.888000 8.721999e+002
0.890000 8.714111e+002
0.892000 8.706158e+002
0.894000 8.698141e+002
0.896000 8.690059e+002
0.898000 8.681914e+002
0.900000 8.673706e+002
0.902000 8.665435e+002
0.904000 8.657101e+002
0.906000 8.648706e+002
0.908000 8.640249e+002
0.910000 8.631731e+002
0.912000 8.623152e+002
0.914000 8.614512e+002
0.916000 8.605813e+002
0.918000 8.597054e+002
0.920000 8.588236e+002
0.922000 8.579359e+002
0.924000 8.570424e+002
0.926000 8.561431e+002
0.928000 8.552380e+002
0.930000 8.543273e+002
0.932000 8.534108e+002
0.934000 8.524888e+002
0.936000 8.515612e+002
0.938000 8.506280e+002
0.940000 8.496893e+002
0.942000 8.487452e+002
0.944000 8.477956e+002
0.946000 8.468407e+002
0.948000 8.458804e+002
0.950000 8.449149e+002
0.952000 8.439441e+002
0.954000 8.429681e+002
0.956000 8.419869e+002
0.958000 8.410006e+002
0.960000 8.400092e+002
0.962000 8.390128e+002
0.964000 8.380113e+002
0.966000 8.370049e+002
0.968000 8.359936e+002
0.970000 8.349775e+002
0.972000 8.339564e+002
0.974000 8.329306e+002
0.976000 8.319001e+002
0.978000 8.308648e+002
0.980000 8.298249e+002
0.982000 8.287804e+002
0.984000 8.277312e+002
0.986000 8.266776e+002
0.988000 8.256194e+002
0.990000 8.245568e+002
0.992000 8.234898e+002
0.994000 8.224184e+002
0.996000 8.213426e+002
0.998000 8.202626e+002
1.000000 8.191783e+002
1.002000 8.180899e+002
1.004000 8.169972e+002
1.006000 8.159005e+002
1.008000 8.147996e+002
1.010000 8.136948e+002
1.012000 8.125859e+002
1.014000 8.114731e+002
1.016000 8.103564e+002
1.018000 8.092358e+002
1.020000 8.081113e+002
1.022000 8.069831e+002
1.024000 8.058511e+002
1.026000 8.047155e+002
1.028000 8.035761e+002
1.030000 8.024332e+002
1.032000 8.012867e+002
1.034000 8.001366e+002
1.036000 7.989830e+002
1.038000 7.978260e+002
1.040000 7.966656e+002
1.042000 7.955018e+002
1.044000 7.943346e+002
1.046000 7.931642e+002
1.048000 7.919905e+002
1.050000 7.908136e+002
1.052000 7.896335e+002
1.054000 7.884503e+002
1.056000 7.872641e+002
1.058000 7.860748e+002
1.060000 7.848824e+002
1.062000 7.836871e+002
1.064000 7.824889e+002
1.066000 7.812878e+002
1.068000 7.800839e+002
1.070000 7.788771e+002
1.072000 7.776676e+002
1.074000 7.764554e+002
1.076000 7.752405e+002
1.078000 7.740230e+002
1.080000 7.728028e+002
1.082000 7.715801e+002
1.084000 7.703549e+002
1.086000 7.691272e+002
1.088000 7.678970e+002
1.090000 7.666645e+002
1.092000 7.654295e+002
1.094000 7.641923e+002
1.096000 7.629528e+002
1.098000 7.617110e+002
1.100000 7.604670e+002
1.102000 7.592209e+002
1.104000 7.579726e+002
1.106000 7.567223e+002
1.108000 7.554699e+002
1.110000 7.542155e+002
1.112000 7.529591e+002
1.114000 7.517008e+002
1.116000 7.504406e+002
1.118000 7.491786e+002
1.120000 7.479147e+002
1.122000 7.466490e+002
1.124000 7.453817e+002
1.126000 7.441126e+002
1.128000 7.428418e+002
1.130000 7.415694e+002
1.132000 7.402955e+002
1.134000 7.390199e+002
1.136000 7.377429e+002
1.138000 7.364644e+002
1.140000 7.351845e+002
1.142000 7.339031e+002
1.144000 7.326204e+002
1.146000 7.313364e+002
1.148000 7.300511e+002
1.150000 7.287645e+002
1.152000 7.274767e+002
1.154000 7.261877e+002
1.156000 7.248976e+002
1.158000 7.236064e+002
1.160000 7.223141e+002
1.162000 7.210208e+002
1.164000 7.197265e+002
1.166000 7.184312e+002
1.168000 7.171350e+002
1.170000 7.158379e+002
1.172000 7.145400e+002
1.174000 7.132412e+002
1.176000 7.119417e+002
1.178000 7.106414e+002
1.180000 7.093404e+002
1.182000 7.080387e+002
1.184000 7.067363e+002
1.186000 7.054334e+002
1.188000 7.041299e+002
1.190000 7.028258e+002
1.192000 7.015212e+002
1.194000 7.002162e+002
1.196000 6.989107e+002
1.198000 6.976049e+002
1.200000 6.962986e+002
1.202000 6.949920e+002
1.204000 6.936851e+002
1.206000 6.923780e+002
1.208000 6.910706e+002
1.210000 6.897630e+002
1.212000 6.884552e+002
1.214000 6.871473e+002
1.216000 6.858393e+002
1.218000 6.845312e+002
1.220000 6.832231e+002
1.222000 6.819150e+002
1.224000 6.806069e+002
1.226000 6.792988e+002
1.228000 6.779909e+002
1.230000 6.766830e+002
1.232000 6.753753e+002
1.234000 6.740678e+002
1.236000 6.727605e+002
1.238000 6.714535e+002
1.240000 6.701467e+002
1.242000 6.688403e+002
1.244000 6.675341e+002
1.246000 6.662284e+002
1.248000 6.649230e+002
1.250000 6.636181e+002
1.252000 6.623136e+002
1.254000 6.610096e+002
1.256000 6.597061e+002
1.258000 6.584032e+002
1.260000 6.571009e+002
1.262000 6.557991e+002
1.264000 6.544980e+002
1.266000 6.531976e+002
1.268000 6.518979e+002
1.270000 6.505988e+002
1.272000 6.493006e+002
1.274000 6.480031e+002
1.276000 6.467064e+002
1.278000 6.454105e+002
1.280000 6.441155e+002
1.282000 6.428214e+002
1.284000 6.415283e+002
1.286000 6.402360e+002
1.288000 6.389448e+002
1.290000 6.376545e+002
1.292000 6.363652e+002
1.294000 6.350771e+002
1.296000 6.337900e+002
1.298000 6.325040e+002
1.300000 6.312191e+002
1.302000 6.299354e+002
1.304000 6.286529e+002
1.306000 6.273716e+002
1.308000 6.260915e+002
1.310000 6.248127e+002
1.312000 6.235351e+002
1.314000 6.222589e+002
1.316000 6.209840e+002
1.318000 6.197105e+002
1.320000 6.184384e+002
1.322000 6.171677e+002
1.324000 6.158984e+002
1.326000 6.146306e+002
1.328000 6.133642e+002
1.330000 6.120994e+002
1.332000 6.108361e+002
1.334000 6.095743e+002
1.336000 6.083141e+002
1.338000 6.070556e+002
1.340000 6.057986e+002
1.342000 6.045433e+002
1.344000 6.032897e+002
1.346000 6.020377e+002
1.348000 6.007875e+002
1.350000 5.995390e+002
1.352000 5.982923e+002
1.354000 5.970473e+002
1.356000 5.958042e+002
1.358000 5.945628e+002
1.360000 5.933233e+002
1.362000 5.920857e+002
1.364000 5.908500e+002
1.366000 5.896161e+002
1.368000 5.883842e+002
1.370000 5.871543e+002
1.372000 5.859263e+002
1.374000 5.847003e+002
1.376000 5.834763e+002
1.378000 5.822543e+002
1.380000 5.810344e+002
1.382000 5.798166e+002
1.384000 5.786008e+002
1.386000 5.773872e+002
1.388000 5.761756e+002
1.390000 5.749663e+002
1.392000 5.737590e+002
1.394000 5.725540e+002
1.396000 5.713511e+002
1.398000 5.701505e+002
1.400000 5.689521e+002
1.402000 5.677560e+002
1.404000 5.665621e+002
1.406000 5.653705e+002
1.408000 5.641813e+002
1.410000 5.629943e+002
1.412000 5.618097e+002
1.414000 5.606274e+002
1.416000 5.594475e+002
1.418000 5.582700e+002
1.420000 5.570949e+002
1.422000 5.559223e+002
1.424000 5.547520e+002
1.426000 5.535843e+002
1.428000 5.524190e+002
1.430000 5.512561e+002
1.432000 5.500958e+002
1.434000 5.489380e+002
1.436000 5.477827e+002
1.438000 5.466300e+002
1.440000 5.454798e+002
1.442000 5.443322e+002
1.444000 5.431872e+002
1.446000 5.420447e+002
1.448000 5.409049e+002
1.450000 5.397678e+002
1.452000 5.386332e+002
1.454000 5.375014e+002
1.456000 5.363722e+002
1.458000 5.352457e+002
1.460000 5.341218e+002
1.462000 5.330007e+002
1.464000 5.318823e+002
1.466000 5.307667e+002
1.468000 5.296538e+002
1.470000 5.285436e+002
1.472000 5.274363e+002
1.474000 5.263317e+002
1.476000 5.252299e+002
1.478000 5.241309e+002
1.480000 5.230347e+002
1.482000 5.219414e+002
1.484000 5.208509e+002
1.486000 5.197632e+002
1.488000 5.186784e+002
1.490000 5.175965e+002
1.492000 5.165175e+002
1.494000 5.154413e+002
1.496000 5.143681e+002
1.498000 5.132978e+002
1.500000 5.122304e+002
1.502000 5.111659e+002
1.504000 5.101044e+002
1.506000 5.090458e+002
1.508000 5.079902e+002
1.510000 5.069376e+002
1.512000 5.058879e+002
1.514000 5.048412e+002
1.516000 5.037976e+002
1.518000 5.027569e+002
1.520000 5.017192e+002
1.522000 5.006846e+002
1.524000 4.996530e+002
1.526000 4.986244e+002
1.528000 4.975989e+002
1.530000 4.965764e+002
1.532000 4.955570e+002
1.534000 4.945407e+002
1.536000 4.935274e+002
1.538000 4.925173e+002
1.540000 4.915102e+002
1.542000 4.905062e+002
1.544000 4.895053e+002
1.546000 4.885075e+002
1.548000 4.875128e+002
1.550000 4.865213e+002
1.552000 4.855329e+002
1.554000 4.845476e+002
1.556000 4.835654e+002
1.558000 4.825864e+002
1.560000 4.816106e+002
1.562000 4.806379e+002
1.564000 4.796683e+002
1.566000 4.787020e+002
1.568000 4.777388e+002
1.570000 4.767787e+002
1.572000 4.758219e+002
1.574000 4.748682e+002
1.576000 4.739178e+002
1.578000 4.729705e+002
1.580000 4.720264e+002
1.582000 4.710855e+002
1.584000 4.701478e+002
1.586000 4.692134e+002
1.588000 4.682821e+002
1.590000 4.673541e+002
1.592000 4.664293e+002
1.594000 4.655077e+002
1.596000 4.645893e+002
1.598000 4.636742e+002
1.600000 4.627622e+002
1.602000 4.618536e+002
1.604000 4.609481e+002
1.606000 4.600459e+002
1.608000 4.591470e+002
1.610000 4.582512e+002
1.612000 4.573588e+002
1.614000 4.564695e+002
1.616000 4.555836e+002
1.618000 4.547008e+002
1.620000 4.538214e+002
1.622000 4.529451e+002
1.624000 4.520722e+002
1.626000 4.512025e+002
1.628000 4.503360e+002
1.630000 4.494728e+002
1.632000 4.486129e+002
1.634000 4.477562e+002
1.636000 4.469028e+002
1.638000 4.460526e+002
1.640000 4.452058e+002
1.642000 4.443621e+002
1.644000 4.435218e+002
1.646000 4.426847e+002
1.648000 4.418508e+002
1.650000 4.410202e+002
1.652000 4.401929e+002
1.654000 4.393688e+002
1.656000 4.385480e+002
1.658000 4.377305e+002
1.660000 4.369162e+002
1.662000 4.361052e+002
1.664000 4.352974e+002
1.666000 4.344929e+002
1.668000 4.336917e+002
1.670000 4.328937e+002
1.672000 4.320989e+002
1.674000 4.313074e+002
1.676000 4.305192e+002
1.678000 4.297342e+002
1.680000 4.289525e+002
1.682000 4.281740e+002
1.684000 4.273987e+002
1.686000 4.266267e+002
1.688000 4.258579e+002
1.690000 4.250923e+002
1.692000 4.243300e+002
1.694000 4.235709e+002
1.696000 4.228151e+002
1.698000 4.220625e+002
1.700000 4.213131e+002
1.702000 4.205669e+002
1.704000 4.198239e+002
1.706000 4.190842e+002
1.708000 4.183476e+002
1.710000 4.176143e+002
1.712000 4.168842e+002
1.714000 4.161573e+002
1.716000 4.154335e+002
1.718000 4.147130e+002
1.720000 4.139957e+002
1.722000 4.132815e+002
1.724000 4.125706e+002
1.726000 4.118628e+002
1.728000 4.111582e+002
1.730000 4.104567e+002
1.732000 4.097585e+002
1.734000 4.090634e+002
1.736000 4.083714e+002
1.738000 4.076826e+002
1.740000 4.069970e+002
1.742000 4.063145e+002
1.744000 4.056352e+002
1.746000 4.049589e+002
1.748000 4.042859e+002
1.750000 4.036159e+002
1.752000 4.029491e+002
1.754000 4.022854e+002
1.756000 4.016248e+002
1.758000 4.009673e+002
1.760000 4.003129e+002
1.762000 3.996616e+002
1.764000 3.990134e+002
1.766000 3.983683e+002
1.768000 3.977263e+002
1.770000 3.970873e+002
1.772000 3.964514e+002
1.774000 3.958186e+002
1.776000 3.951888e+002
1.778000 3.945621e+002
1.780000 3.939385e+002
1.782000 3.933179e+002
1.784000 3.927003e+002
1.786000 3.920857e+002
1.788000 3.914742e+002
1.790000 3.908657e+002
1.792000 3.902601e+002
1.794000 3.896576e+002
1.796000 3.890581e+002
1.798000 3.884616e+002
1.800000 3.878681e+002
1.802000 3.872775e+002
1.804000 3.866900e+002
1.806000 3.861053e+002
1.808000 3.855237e+002
1.810000 3.849450e+002
1.812000 3.843692e+002
1.814000 3.837964e+002
1.816000 3.832265e+002
1.818000 3.826595e+002
1.820000 3.820955e+002
1.822000 3.815343e+002
1.824000 3.809761e+002
1.826000 3.804208e+002
1.828000 3.798683e+002
1.830000 3.793187e+002
1.832000 3.787721e+002
1.834000 3.782282e+002
1.836000 3.776872e+002
1.838000 3.771491e+002
1.840000 3.766139e+002
1.842000 3.760814e+002
1.844000 3.755518e+002
1.846000 3.750250e+002
1.848000 3.745010e+002
1.850000 3.739799e+002
1.852000 3.734615e+002
1.854000 3.729459e+002
1.856000 3.724331e+002
1.858000 3.719231e+002
1.860000 3.714159e+002
1.862000 3.709114e+002
1.864000 3.704096e+002
1.866000 3.699106e+002
1.868000 3.694143e+002
1.870000 3.689208e+002
1.872000 3.684300e+002
1.874000 3.679419e+002
1.876000 3.674565e+002
1.878000 3.669737e+002
1.880000 3.664937e+002
1.882000 3.660164e+002
1.884000 3.655417e+002
1.886000 3.650697e+002
1.888000 3.646003e+002
1.890000 3.641336e+002
1.892000 3.636695e+002
1.894000 3.632080e+002
1.896000 3.627492e+002
1.898000 3.622930e+002
1.900000 3.618393e+002
1.902000 3.613883e+002
1.904000 3.609398e+002
1.906000 3.604940e+002
1.908000 3.600507e+002
1.910000 3.596099e+002
1.912000 3.591717e+002
1.914000 3.587360e+002
1.916000 3.583029e+002
1.918000 3.578723e+002
1.920000 3.574442e+002
1.922000 3.570186e+002
1.924000 3.565956e+002
1.926000 3.561750e+002
1.928000 3.557568e+002
1.930000 3.553412e+002
1.932000 3.549280e+002
1.934000 3.545173e+002
1.936000 3.541090e+002
1.938000 3.537031e+002
1.940000 3.532997e+002
1.942000 3.528987e+002
1.944000 3.525001e+002
1.946000 3.521039e+002
1.948000 3.517101e+002
1.950000 3.513186e+002
1.952000 3.509296e+002
1.954000 3.505429e+002
1.956000 3.501585e+002
1.958000 3.497765e+002
1.960000 3.493969e+002
1.962000 3.490195e+002
1.964000 3.486445e+002
1.966000 3.482718e+002
1.968000 3.479014e+002
1.970000 3.475333e+002
1.972000 3.471674e+002
1.974000 3.468039e+002
1.976000 3.464426e+002
1.978000 3.460835e+002
1.980000 3.457267e+002
1.982000 3.453721e+002
1.984000 3.450198e+002
1.986000 3.446696e+002
1.988000 3.443217e+002
1.990000 3.439760e+002
1.992000 3.436324e+002
1.994000 3.432911e+002
1.996000 3.429519e+002
1.998000 3.426149e+002
2.000000 3.422800e+002
2.002000 3.419473e+002
2.004000 3.416167e+002
2.006000 3.412882e+002
2.008000 3.409618e+002
2.010000 3.406376e+002
2.012000 3.403154e+002
2.014000 3.399954e+002
2.016000 3.396774e+002
2.018000 3.393614e+002
2.020000 3.390476e+002
2.022000 3.387358e+002
2.024000 3.384260e+002
2.026000 3.381183e+002
2.028000 3.378126e+002
2.030000 3.375089e+002
2.032000 3.372072e+002
2.034000 3.369075e+002
2.036000 3.366098e+002
2.038000 3.363140e+002
2.040000 3.360203e+002
2.042000 3.357285e+002
2.044000 3.354386e+002
2.046000 3.351507e+002
2.048000 3.348647e+002
2.050000 3.345807e+002
2.052000 3.342985e+002
2.054000 3.340183e+002
2.056000 3.337399e+002
2.058000 3.334635e+002
2.060000 3.331889e+002
2.062000 3.329162e+002
2.064000 3.326453e+002
2.066000 3.323763e+002
2.068000 3.321092e+002
2.070000 3.318438e+002
2.072000 3.315803e+002
2.074000 3.313186e+002
2.076000 3.310587e+002
2.078000 3.308006e+002
2.080000 3.305443e+002
2.082000 3.302898e+002
2.084000 3.300370e+002
2.086000 3.297860e+002
2.088000 3.295368e+002
2.090000 3.292893e+002
2.092000 3.290435e+002
2.094000 3.287995e+002
2.096000 3.285571e+002
2.098000 3.283165e+002
2.100000 3.280776e+002
2.102000 3.278404e+002
2.104000 3.276048e+002
2.106000 3.273709e+002
2.108000 3.271387e+002
2.110000 3.269081e+002
2.112000 3.266792e+002
2.114000 3.264519e+002
2.116000 3.262263e+002
2.118000 3.260023e+002
2.120000 3.257798e+002
2.122000 3.255590e+002
2.124000 3.253398e+002
2.126000 3.251221e+002
2.128000 3.249061e+002
2.130000 3.246916e+002
2.132000 3.244787e+002
2.134000 3.242673e+002
2.136000 3.240574e+002
2.138000 3.238491e+002
2.140000 3.236423e+002
2.142000 3.234371e+002
2.144000 3.232333e+002
2.146000 3.230311e+002
2.148000 3.228303e+002
2.150000 3.226310e+002
2.152000 3.224332e+002
2.154000 3.222369e+002
2.156000 3.220420e+002
2.158000 3.218486e+002
2.160000 3.216566e+002
2.162000 3.214660e+002
2.164000 3.212769e+002
2.166000 3.210892e+002
2.168000 3.209029e+002
2.170000 3.207180e+002
2.172000 3.205345e+002
2.174000 3.203524e+002
2.176000 3.201717e+002
2.178000 3.199923e+002
2.180000 3.198143e+002
2.182000 3.196376e+002
2.184000 3.194623e+002
2.186000 3.192884e+002
2.188000 3.191157e+002
2.190000 3.189444e+002
2.192000 3.187744e+002
2.194000 3.186057e+002
2.196000 3.184383e+002
2.198000 3.182722e+002
2.200000 3.181074e+002
2.202000 3.179438e+002
2.204000 3.177815e+002
2.206000 3.176205e+002
2.208000 3.174607e+002
2.210000 3.173022e+002
2.212000 3.171449e+002
2.214000 3.169888e+002
2.216000 3.168340e+002
2.218000 3.166804e+002
2.220000 3.165279e+002
2.222000 3.163767e+002
2.224000 3.162267e+002
2.226000 3.160778e+002
2.228000 3.159302e+002
2.230000 3.157837e+002
2.232000 3.156383e+002
2.234000 3.154942e+002
2.236000 3.153511e+002
2.238000 3.152092e+002
2.240000 3.150685e+002
2.242000 3.149288e+002
2.244000 3.147903e+002
2.246000 3.146529e+002
2.248000 3.145166e+002
2.250000 3.143814e+002
2.252000 3.142473e+002
2.254000 3.141143e+002
2.256000 3.139823e+002
2.258000 3.138515e+002
2.260000 3.137216e+002
2.262000 3.135929e+002
2.264000 3.134652e+002
2.266000 3.133385e+002
2.268000 3.132128e+002
2.270000 3.130882e+002
2.272000 3.129646e+002
2.274000 3.128421e+002
2.276000 3.127205e+002
2.278000 3.125999e+002
2.280000 3.124804e+002
2.282000 3.123618e+002
2.284000 3.122442e+002
2.286000 3.121276e+002
2.288000 3.120119e+002
2.290000 3.118972e+002
2.292000 3.117835e+002
2.294000 3.116707e+002
2.296000 3.115588e+002
2.298000 3.114479e+002
2.300000 3.113379e+002
2.302000 3.112289e+002
2.304000 3.111207e+002
2.306000 3.110135e+002
2.308000 3.109072e+002
2.310000 3.108017e+002
2.312000 3.106972e+002
2.314000 3.105936e+002
2.316000 3.104908e+002
2.318000 3.103889e+002
2.320000 3.102879e+002
2.322000 3.101877e+002
2.324000 3.100884e+002
2.326000 3.099899e+002
2.328000 3.098923e+002
2.330000 3.097955e+002
2.332000 3.096995e+002
2.334000 3.096044e+002
2.336000 3.095101e+002
2.338000 3.094166e+002
2.340000 3.093239e+002
2.342000 3.092320e+002
2.344000 3.091410e+002
2.346000 3.090507e+002
2.348000 3.089611e+002
2.350000 3.088724e+002
2.352000 3.087845e+002
2.354000 3.086973e+002
2.356000 3.086108e+002
2.358000 3.085252e+002
2.360000 3.084402e+002
2.362000 3.083561e+002
2.364000 3.082726e+002
2.366000 3.081899e+002
2.368000 3.081080e+002
2.370000 3.080267e+002
2.372000 3.079462e+002
2.374000 3.078664e+002
2.376000 3.077873e+002
2.378000 3.077089e+002
2.380000 3.076312e+002
2.382000 3.075542e+002
2.384000 3.074779e+002
2.386000 3.074023e+002
2.388000 3.073273e+002
2.390000 3.072530e+002
2.392000 3.071794e+002
2.394000 3.071064e+002
2.396000 3.070341e+002
2.398000 3.069625e+002
2.400000 3.068915e+002
2.402000 3.068211e+002
2.404000 3.067514e+002
2.406000 3.066823e+002
2.408000 3.066139e+002
2.410000 3.065460e+002
2.412000 3.064788e+002
2.414000 3.064122e+002
2.416000 3.063462e+002
2.418000 3.062808e+002
2.420000 3.062160e+002
2.422000 3.061519e+002
2.424000 3.060882e+002
2.426000 3.060252e+002
2.428000 3.059628e+002
2.430000 3.059009e+002
2.432000 3.058396e+002
2.434000 3.057789e+002
2.436000 3.057187e+002
2.438000 3.056591e+002
2.440000 3.056001e+002
2.442000 3.055416e+002
2.444000 3.054836e+002
2.446000 3.054262e+002
2.448000 3.053694e+002
2.450000 3.053130e+002
2.452000 3.052572e+002
2.454000 3.052019e+002
2.456000 3.051471e+002
2.458000 3.050929e+002
2.460000 3.050391e+002
2.462000 3.049859e+002
2.464000 3.049332e+002
2.466000 3.048809e+002
2.468000 3.048292e+002
2.470000 3.047779e+002
2.472000 3.047272e+002
2.474000 3.046769e+002
2.476000 3.046271e+002
2.478000 3.045778e+002
2.480000 3.045289e+002
2.482000 3.044805e+002
2.484000 3.044326e+002
2.486000 3.043852e+002
2.488000 3.043382e+002
2.490000 3.042916e+002
2.492000 3.042455e+002
2.494000 3.041998e+002
2.496000 3.041546e+002
2.498000 3.041098e+002
2.500000 3.040655e+002
2.502000 3.040216e+002
2.504000 3.039781e+002
2.506000 3.039350e+002
2.508000 3.038924e+002
2.510000 3.038501e+002
2.512000 3.038083e+002
2.514000 3.037669e+002
2.516000 3.037259e+002
2.518000 3.036853e+002
2.520000 3.036451e+002
2.522000 3.036053e+002
2.524000 3.035659e+002
2.526000 3.035268e+002
2.528000 3.034882e+002
2.530000 3.034499e+002
2.532000 3.034120e+002
2.534000 3.033745e+002
2.536000 3.033374e+002
2.538000 3.033006e+002
2.540000 3.032642e+002
2.542000 3.032282e+002
2.544000 3.031925e+002
2.546000 3.031572e+002
2.548000 3.031222e+002
2.550000 3.030876e+002
2.552000 3.030533e+002
2.554000 3.030194e+002
2.556000 3.029858e+002
2.558000 3.029526e+002
2.560000 3.029196e+002
2.562000 3.028871e+002
2.564000 3.028548e+002
2.566000 3.028229e+002
2.568000 3.027913e+002
2.570000 3.027600e+002
2.572000 3.027290e+002
2.574000 3.026984e+002
2.576000 3.026680e+002
2.578000 3.026380e+002
2.580000 3.026083e+002
2.582000 3.025789e+002
2.584000 3.025497e+002
2.586000 3.025209e+002
2.588000 3.024924e+002
2.590000 3.024642e+002
2.592000 3.024362e+002
2.594000 3.024086e+002
2.596000 3.023812e+002
2.598000 3.023541e+002
2.600000 3.023273e+002
2.602000 3.023008e+002
2.604000 3.022745e+002
2.606000 3.022485e+002
2.608000 3.022228e+002
2.610000 3.021974e+002
2.612000 3.021722e+002
2.614000 3.021473e+002
2.616000 3.021226e+002
2.618000 3.020982e+002
2.620000 3.020741e+002
2.622000 3.020502e+002
2.624000 3.020266e+002
2.626000 3.020032e+002
2.628000 3.019800e+002
2.630000 3.019571e+002
2.632000 3.019345e+002
2.634000 3.019120e+002
2.636000 3.018899e+002
2.638000 3.018679e+002
2.640000 3.018462e+002
2.642000 3.018247e+002
2.644000 3.018034e+002
2.646000 3.017824e+002
2.648000 3.017616e+002
2.650000 3.017410e+002
2.652000 3.017207e+002
2.654000 3.017005e+002
2.656000 3.016806e+002
2.658000 3.016609e+002
2.660000 3.016413e+002
2.662000 3.016220e+002
2.664000 3.016030e+002
2.666000 3.015841e+002
2.668000 3.015654e+002
2.670000 3.015469e+002
2.672000 3.015286e+002
2.674000 3.015105e+002
2.676000 3.014927e+002
2.678000 3.014750e+002
2.680000 3.014575e+002
2.682000 3.014401e+002
2.684000 3.014230e+002
2.686000 3.014061e+002
2.688000 3.013893e+002
2.690000 3.013728e+002
2.692000 3.013564e+002
2.694000 3.013402e+002
2.696000 3.013241e+002
2.698000 3.013083e+002
2.700000 3.012926e+002
2.702000 3.012771e+002
2.704000 3.012618e+002
2.706000 3.012466e+002
2.708000 3.012316e+002
2.710000 3.012167e+002
2.712000 3.012021e+002
2.714000 3.011876e+002
2.716000 3.011732e+002
2.718000 3.011590e+002
2.720000 3.011450e+002
2.722000 3.011311e+002
2.724000 3.011174e+002
2.726000 3.011038e+002
2.728000 3.010904e+002
2.730000 3.010771e+002
2.732000 3.010640e+002
2.734000 3.010511e+002
2.736000 3.010382e+002
2.738000 3.010256e+002
2.740000 3.010130e+002
2.742000 3.010006e+002
2.744000 3.009884e+002
2.746000 3.009762e+002
2.748000 3.009643e+002
2.750000 3.009524e+002
2.752000 3.009407e+002
2.754000 3.009291e+002
2.756000 3.009177e+002
2.758000 3.009063e+002
2.760000 3.008952e+002
2.762000 3.008841e+002
2.764000 3.008732e+002
2.766000 3.008623e+002
2.768000 3.008517e+002
2.770000 3.008411e+002
2.772000 3.008306e+002
2.774000 3.008203e+002
2.776000 3.008101e+002
2.778000 3.008000e+002
2.780000 3.007900e+002
2.782000 3.007802e+002
2.784000 3.007704e+002
2.786000 3.007608e+002
2.788000 3.007513e+002
2.790000 3.007419e+002
2.792000 3.007326e+002
2.794000 3.007234e+002
2.796000 3.007143e+002
2.798000 3.007053e+002
2.800000 3.006964e+002
2.802000 3.006877e+002
2.804000 3.006790e+002
2.806000 3.006704e+002
2.808000 3.006619e+002
2.810000 3.006536e+002
2.812000 3.006453e+002
2.814000 3.006371e+002
2.816000 3.006290e+002
2.818000 3.006210e+002
2.820000 3.006132e+002
2.822000 3.006054e+002
2.824000 3.005976e+002
2.826000 3.005900e+002
2.828000 3.005825e+002
2.830000 3.005751e+002
2.832000 3.005677e+002
2.834000 3.005605e+002
2.836000 3.005533e+002
2.838000 3.005462e+002
2.840000 3.005392e+002
2.842000 3.005323e+002
2.844000 3.005254e+002
2.846000 3.005187e+002
2.848000 3.005120e+002
2.850000 3.005054e+002
2.852000 3.004989e+002
2.854000 3.004924e+002
2.856000 3.004860e+002
2.858000 3.004798e+002
2.860000 3.004735e+002
2.862000 3.004674e+002
2.864000 3.004613e+002
2.866000 3.004554e+002
2.868000 3.004494e+002
2.870000 3.004436e+002
2.872000 3.004378e+002
2.874000 3.004321e+002
2.876000 3.004265e+002
2.878000 3.004209e+002
2.880000 3.004154e+002
2.882000 3.004100e+002
2.884000 3.004046e+002
2.886000 3.003993e+002
2.888000 3.003940e+002
2.890000 3.003889e+002
2.892000 3.003838e+002
2.894000 3.003787e+002
2.896000 3.003737e+002
2.898000 3.003688e+002
2.900000 3.003639e+002
2.902000 3.003591e+002
2.904000 3.003544e+002
2.906000 3.003497e+002
2.908000 3.003451e+002
2.910000 3.003405e+002
2.912000 3.003360e+002
2.914000 3.003315e+002
2.916000 3.003271e+002
2.918000 3.003228e+002
2.920000 3.003185e+002
2.922000 3.003142e+002
2.924000 3.003100e+002
2.926000 3.003059e+002
2.928000 3.003018e+002
2.930000 3.002978e+002
2.932000 3.002938e+002
2.934000 3.002898e+002
2.936000 3.002860e+002
2.938000 3.002821e+002
2.940000 3.002783e+002
2.942000 3.002746e+002
2.944000 3.002709e+002
2.946000 3.002672e+002
2.948000 3.002636e+002
2.950000 3.002601e+002
2.952000 3.002566e+002
2.954000 3.002531e+002
2.956000 3.002497e+002
2.958000 3.002463e+002
2.960000 3.002430e+002
2.962000 3.002397e+002
2.964000 3.002364e+002
2.966000 3.002332e+002
2.968000 3.002300e+002
2.970000 3.002269e+002
2.972000 3.002238e+002
2.974000 3.002207e+002
2.976000 3.002177e+002
2.978000 3.002148e+002
2.980000 3.002118e+002
2.982000 3.002089e+002
2.984000 3.002061e+002
2.986000 3.002032e+002
2.988000 3.002004e+002
2.990000 3.001977e+002
2.992000 3.001950e+002
2.994000 3.001923e+002
2.996000 3.001896e+002
2.998000 3.001870e+002
3.000000 3.001844e+002
3.002000 3.001819e+002
3.004000 3.001794e+002
3.006000 3.001769e+002
3.008000 3.001744e+002
3.010000 3.001720e+002
3.012000 3.001696e+002
3.014000 3.001673e+002
3.016000 3.001650e+002
3.018000 3.001627e+002
3.020000 3.001604e+002
3.022000 3.001582e+002
3.024000 3.001560e+002
3.026000 3.001538e+002
3.028000 3.001516e+002
3.030000 3.001495e+002
3.032000 3.001474e+002
3.034000 3.001454e+002
3.036000 3.001433e+002
3.038000 3.001413e+002
3.040000 3.001393e+002
3.042000 3.001374e+002
3.044000 3.001354e+002
3.046000 3.001335e+002
3.048000 3.001317e+002
3.050000 3.001298e+002
3.052000 3.001280e+002
3.054000 3.001262e+002
3.056000 3.001244e+002
3.058000 3.001226e+002
3.060000 3.001209e+002
3.062000 3.001192e+002
3.064000 3.001175e+002
3.066000 3.001158e+002
3.068000 3.001142e+002
3.070000 3.001125e+002
3.072000 3.001109e+002
3.074000 3.001094e+002
3.076000 3.001078e+002
3.078000 3.001063e+002
3.080000 3.001047e+002
3.082000 3.001032e+002
3.084000 3.001018e+002
3.086000 3.001003e+002
3.088000 3.000989e+002
3.090000 3.000974e+002
3.092000 3.000960e+002
3.094000 3.000947e+002
3.096000 3.000933e+002
3.098000 3.000920e+002
3.100000 3.000906e+002
3.102000 3.000893e+002
3.104000 3.000880e+002
3.106000 3.000868e+002
3.108000 3.000855e+002
3.110000 3.000843e+002
3.112000 3.000831e+002
3.114000 3.000819e+002
3.116000 3.000807e+002
3.118000 3.000795e+002
3.120000 3.000783e+002
3.122000 3.000772e+002
3.124000 3.000761e+002
3.126000 3.000750e+002
3.128000 3.000739e+002
3.130000 3.000728e+002
3.132000 3.000717e+002
3.134000 3.000707e+002
3.136000 3.000697e+002
3.138000 3.000686e+002
3.140000 3.000676e+002
3.142000 3.000666e+002
3.144000 3.000657e+002
3.146000 3.000647e+002
3.148000 3.000637e+002
3.150000 3.000628e+002
3.152000 3.000619e+002
3.154000 3.000610e+002
3.156000 3.000601e+002
3.158000 3.000592e+002
3.160000 3.000583e+002
3.162000 3.000574e+002
3.164000 3.000566e+002
3.166000 3.000558e+002
3.168000 3.000549e+002
3.170000 3.000541e+002
3.172000 3.000533e+002
3.174000 3.000525e+002
3.176000 3.000517e+002
3.178000 3.000510e+002
3.180000 3.000502e+002
3.182000 3.000495e+002
3.184000 3.000487e+002
3.186000 3.000480e+002
3.188000 3.000473e+002
3.190000 3.000466e+002
3.192000 3.000459e+002
3.194000 3.000452e+002
3.196000 3.000445e+002
3.198000 3.000438e+002
3.200000 3.000432e+002
3.202000 3.000425e+002
3.204000 3.000419e+002
3.206000 3.000413e+002
3.208000 3.000406e+002
3.210000 3.000400e+002
3.212000 3.000394e+002
3.214000 3.000388e+002
3.216000 3.000382e+002
3.218000 3.000377e+002
3.220000 3.000371e+002
3.222000 3.000365e+002
3.224000 3.000360e+002
3.226000 3.000354e+002
3.228000 3.000349e+002
3.230000 3.000344e+002
3.232000 3.000338e+002
3.234000 3.000333e+002
3.236000 3.000328e+002
3.238000 3.000323e+002
3.240000 3.000318e+002
3.242000 3.000313e+002
3.244000 3.000309e+002
3.246000 3.000304e+002
3.248000 3.000299e+002
3.250000 3.000295e+002
3.252000 3.000290e+002
3.254000 3.000286e+002
3.256000 3.000281e+002
3.258000 3.000277e+002
3.260000 3.000273e+002
3.262000 3.000269e+002
3.264000 3.000264e+002
3.266000 3.000260e+002
3.268000 3.000256e+002
3.270000 3.000252e+002
3.272000 3.000248e+002
3.274000 3.000245e+002
3.276000 3.000241e+002
3.278000 3.000237e+002
3.280000 3.000233e+002
3.282000 3.000230e+002
3.284000 3.000226e+002
3.286000 3.000223e+002
3.288000 3.000219e+002
3.290000 3.000216e+002
3.292000 3.000212e+002
3.294000 3.000209e+002
3.296000 3.000206e+002
3.298000 3.000203e+002
3.300000 3.000199e+002
3.302000 3.000196e+002
3.304000 3.000193e+002
3.306000 3.000190e+002
3.308000 3.000187e+002
3.310000 3.000184e+002
3.312000 3.000181e+002
3.314000 3.000179e+002
3.316000 3.000176e+002
3.318000 3.000173e+002
3.320000 3.000170e+002
3.322000 3.000168e+002
3.324000 3.000165e+002
3.326000 3.000162e+002
3.328000 3.000160e+002
3.330000 3.000157e+002
3.332000 3.000155e+002
3.334000 3.000152e+002
3.336000 3.000150e+002
3.338000 3.000148e+002
3.340000 3.000145e+002
3.342000 3.000143e+002
3.344000 3.000141e+002
3.346000 3.000138e+002
3.348000 3.000136e+002
3.350000 3.000134e+002
3.352000 3.000132e+002
3.354000 3.000130e+002
3.356000 3.000128e+002
3.358000 3.000126e+002
3.360000 3.000124e+002
3.362000 3.000122e+002
3.364000 3.000120e+002
3.366000 3.000118e+002
3.368000 3.000116e+002
3.370000 3.000114e+002
3.372000 3.000112e+002
3.374000 3.000110e+002
3.376000 3.000109e+002
3.378000 3.000107e+002
3.380000 3.000105e+002
3.382000 3.000103e+002
3.384000 3.000102e+002
3.386000 3.000100e+002
3.388000 3.000099e+002
3.390000 3.000097e+002
3.392000 3.000095e+002
3.394000 3.000094e+002
3.396000 3.000092e+002
3.398000 3.000091e+002
3.400000 3.000089e+002
3.402000 3.000088e+002
3.404000 3.000086e+002
3.406000 3.000085e+002
3.408000 3.000084e+002
3.410000 3.000082e+002
3.412000 3.000081e+002
3.414000 3.000080e+002
3.416000 3.000078e+002
3.418000 3.000077e+002
3.420000 3.000076e+002
3.422000 3.000075e+002
3.424000 3.000073e+002
3.426000 3.000072e+002
3.428000 3.000071e+002
3.430000 3.000070e+002
3.432000 3.000069e+002
3.434000 3.000067e+002
3.436000 3.000066e+002
3.438000 3.000065e+002
3.440000 3.000064e+002
3.442000 3.000063e+002
3.444000 3.000062e+002
3.446000 3.000061e+002
3.448000 3.000060e+002
3.450000 3.000059e+002
3.452000 3.000058e+002
3.454000 3.000057e+002
3.456000 3.000056e+002
3.458000 3.000055e+002
3.460000 3.000054e+002
3.462000 3.000053e+002
3.464000 3.000053e+002
3.466000 3.000052e+002
3.468000 3.000051e+002
3.470000 3.000050e+002
3.472000 3.000049e+002
3.474000 3.000048e+002
3.476000 3.000048e+002
3.478000 3.000047e+002
3.480000 3.000046e+002
3.482000 3.000045e+002
3.484000 3.000044e+002
3.486000 3.000044e+002
3.488000 3.000043e+002
3.490000 3.000042e+002
3.492000 3.000041e+002
3.494000 3.000041e+002
3.496000 3.000040e+002
3.498000 3.000039e+002
3.500000 3.000039e+002
3.502000 3.000038e+002
3.504000 3.000037e+002
3.506000 3.000037e+002
3.508000 3.000036e+002
3.510000 3.000036e+002
3.512000 3.000035e+002
3.514000 3.000034e+002
3.516000 3.000034e+002
3.518000 3.000033e+002
3.520000 3.000033e+002
3.522000 3.000032e+002
3.524000 3.000032e+002
3.526000 3.000031e+002
3.528000 3.000031e+002
3.530000 3.000030e+002
3.532000 3.000029e+002
3.534000 3.000029e+002
3.536000 3.000028e+002
3.538000 3.000028e+002
3.540000 3.000028e+002
3.542000 3.000027e+002
3.544000 3.000027e+002
3.546000 3.000026e+002
3.548000 3.000026e+002
3.550000 3.000025e+002
3.552000 3.000025e+002
3.554000 3.000024e+002
3.556000 3.000024e+002
3.558000 3.000024e+002
3.560000 3.000023e+002
3.562000 3.000023e+002
3.564000 3.000022e+002
3.566000 3.000022e+002
3.568000 3.000022e+002
3.570000 3.000021e+002
3.572000 3.000021e+002
3.574000 3.000020e+002
3.576000 3.000020e+002
3.578000 3.000020e+002
3.580000 3.000019e+002
3.582000 3.000019e+002
3.584000 3.000019e+002
3.586000 3.000018e+002
3.588000 3.000018e+002
3.590000 3.000018e+002
3.592000 3.000018e+002
3.594000 3.000017e+002
3.596000 3.000017e+002
3.598000 3.000017e+002
3.600000 3.000016e+002
3.602000 3.000016e+002
3.604000 3.000016e+002
3.606000 3.000015e+002
3.608000 3.000015e+002
3.610000 3.000015e+002
3.612000 3.000015e+002
3.614000 3.000014e+002
3.616000 3.000014e+002
3.618000 3.000014e+002
3.620000 3.000014e+002
3.622000 3.000013e+002
3.624000 3.000013e+002
3.626000 3.000013e+002
3.628000 3.000013e+002
3.630000 3.000013e+002
3.632000 3.000012e+002
3.634000 3.000012e+002
3.636000 3.000012e+002
3.638000 3.000012e+002
3.640000 3.000011e+002
3.642000 3.000011e+002
3.644000 3.000011e+002
3.646000 3.000011e+002
3.648000 3.000011e+002
3.650000 3.000010e+002
3.652000 3.000010e+002
3.654000 3.000010e+002
3.656000 3.000010e+002
3.658000 3.000010e+002
3.660000 3.000010e+002
3.662000 3.000009e+002
3.664000 3.000009e+002
3.666000 3.000009e+002
3.668000 3.000009e+002
3.670000 3.000009e+002
3.672000 3.000009e+002
3.674000 3.000008e+002
3.676000 3.000008e+002
3.678000 3.000008e+002
3.680000 3.000008e+002
3.682000 3.000008e+002
3.684000 3.000008e+002
3.686000 3.000008e+002
3.688000 3.000007e+002
3.690000 3.000007e+002
3.692000 3.000007e+002
3.694000 3.000007e+002
3.696000 3.000007e+002
3.698000 3.000007e+002
3.700000 3.000007e+002
3.702000 3.000007e+002
3.704000 3.000006e+002
3.706000 3.000006e+002
3.708000 3.000006e+002
3.710000 3.000006e+002
3.712000 3.000006e+002
3.714000 3.000006e+002
3.716000 3.000006e+002
3.718000 3.000006e+002
3.720000 3.000006e+002
3.722000 3.000005e+002
3.724000 3.000005e+002
3.726000 3.000005e+002
3.728000 3.000005e+002
3.730000 3.000005e+002
3.732000 3.000005e+002
3.734000 3.000005e+002
3.736000 3.000005e+002
3.738000 3.000005e+002
3.740000 3.000005e+002
3.742000 3.000005e+002
3.744000 3.000004e+002
3.746000 3.000004e+002
3.748000 3.000004e+002
3.750000 3.000004e+002
3.752000 3.000004e+002
3.754000 3.000004e+002
3.756000 3.000004e+002
3.758000 3.000004e+002
3.760000 3.000004e+002
3.762000 3.000004e+002
3.764000 3.000004e+002
3.766000 3.000004e+002
3.768000 3.000004e+002
3.770000 3.000004e+002
3.772000 3.000003e+002
3.774000 3.000003e+002
3.776000 3.000003e+002
3.778000 3.000003e+002
3.780000 3.000003e+002
3.782000 3.000003e+002
3.784000 3.000003e+002
3.786000 3.000003e+002
3.788000 3.000003e+002
3.790000 3.000003e+002
3.792000 3.000003e+002
3.794000 3.000003e+002
3.796000 3.000003e+002
3.798000 3.000003e+002
3.800000 3.000003e+002
3.802000 3.000003e+002
3.804000 3.000003e+002
3.806000 3.000003e+002
3.808000 3.000002e+002
3.810000 3.000002e+002
3.812000 3.000002e+002
3.814000 3.000002e+002
3.816000 3.000002e+002
3.818000 3.000002e+002
3.820000 3.000002e+002
3.822000 3.000002e+002
3.824000 3.000002e+002
3.826000 3.000002e+002
3.828000 3.000002e+002
3.830000 3.000002e+002
3.832000 3.000002e+002
3.834000 3.000002e+002
3.836000 3.000002e+002
3.838000 3.000002e+002
3.840000 3.000002e+002
3.842000 3.000002e+002
3.844000 3.000002e+002
3.846000 3.000002e+002
3.848000 3.000002e+002
3.850000 3.000002e+002
3.852000 3.000002e+002
3.854000 3.000002e+002
3.856000 3.000002e+002
3.858000 3.000002e+002
3.860000 3.000002e+002
3.862000 3.000002e+002
3.864000 3.000002e+002
3.866000 3.000002e+002
3.868000 3.000001e+002
3.870000 3.000001e+002
3.872000 3.000001e+002
3.874000 3.000001e+002
3.876000 3.000001e+002
3.878000 3.000001e+002
3.880000 3.000001e+002
3.882000 3.000001e+002
3.884000 3.000001e+002
3.886000 3.000001e+002
3.888000 3.000001e+002
3.890000 3.000001e+002
3.892000 3.000001e+002
3.894000 3.000001e+002
3.896000 3.000001e+002
3.898000 3.000001e+002
3.900000 3.000001e+002
3.902000 3.000001e+002
3.904000 3.000001e+002
3.906000 3.000001e+002
3.908000 3.000001e+002
3.910000 3.000001e+002
3.912000 3.000001e+002
3.914000 3.000001e+002
3.916000 3.000001e+002
3.918000 3.000001e+002
3.920000 3.000001e+002
3.922000 3.000001e+002
3.924000 3.000001e+002
3.926000 3.000001e+002
3.928000 3.000001e+002
3.930000 3.000001e+002
3.932000 3.000001e+002
3.934000 3.000001e+002
3.936000 3.000001e+002
3.938000 3.000001e+002
3.940000 3.000001e+002
3.942000 3.000001e+002
3.944000 3.000001e+002
3.946000 3.000001e+002
3.948000 3.000001e+002
3.950000 3.000001e+002
3.952000 3.000001e+002
3.954000 3.000001e+002
3.956000 3.000001e+002
3.958000 3.000001e+002
3.960000 3.000001e+002
3.962000 3.000001e+002
3.964000 3.000001e+002
3.966000 3.000001e+002
3.968000 3.000001e+002
3.970000 3.000001e+002
3.972000 3.000001e+002
3.974000 3.000001e+002
3.976000 3.000001e+002
3.978000 3.000001e+002
3.980000 3.000001e+002
3.982000 3.000001e+002
3.984000 3.000001e+002
3.986000 3.000001e+002
3.988000 3.000001e+002
3.990000 3.000001e+002
3.992000 3.000001e+002
3.994000 3.000001e+002
3.996000 3.000001e+002
3.998000 3.000000e+002
