0.000000 3.726322e+002
0.002000 3.808339e+002
0.004000 3.890299e+002
0.006000 3.972195e+002
0.008000 4.054021e+002
0.010000 4.135772e+002
0.012000 4.217442e+002
0.014000 4.299023e+002
0.016000 4.380512e+002
0.018000 4.461901e+002
0.020000 4.543184e+002
0.022000 4.624357e+002
0.024000 4.705412e+002
0.026000 4.786345e+002
0.028000 4.867148e+002
0.030000 4.947818e+002
0.032000 5.028347e+002
0.034000 5.108730e+002
0.036000 5.188961e+002
0.038000 5.269035e+002
0.040000 5.348946e+002
0.042000 5.428689e+002
0.044000 5.508257e+002
0.046000 5.587646e+002
0.048000 5.666850e+002
0.050000 5.745863e+002
0.052000 5.824680e+002
0.054000 5.903296e+002
0.056000 5.981706e+002
0.058000 6.059903e+002
0.060000 6.137884e+002
0.062000 6.215642e+002
0.064000 6.293173e+002
0.066000 6.370471e+002
0.068000 6.447532e+002
0.070000 6.524350e+002
0.072000 6.600921e+002
0.074000 6.677240e+002
0.076000 6.753301e+002
0.078000 6.829100e+002
0.080000 6.904633e+002
0.082000 6.979895e+002
0.084000 7.054880e+002
0.086000 7.129586e+002
0.088000 7.204006e+002
0.090000 7.278137e+002
0.092000 7.351974e+002
0.094000 7.425512e+002
0.096000 7.498749e+002
0.098000 7.571679e+002
0.100000 7.644298e+002
0.102000 7.716603e+002
0.104000 7.788588e+002
0.106000 7.860251e+002
0.108000 7.931588e+002
0.110000 8.002594e+002
0.112000 8.073265e+002
0.114000 8.143599e+002
0.116000 8.213592e+002
0.118000 8.283239e+002
0.120000 8.352538e+002
0.122000 8.421485e+002
0.124000 8.490077e+002
0.126000 8.558310e+002
0.128000 8.626181e+002
0.130000 8.693688e+002
0.132000 8.760826e+002
0.134000 8.827594e+002
0.136000 8.893987e+002
0.138000 8.960004e+002
0.140000 9.025641e+002
0.142000 9.090896e+002
0.144000 9.155766e+002
0.146000 9.220249e+002
0.148000 9.284341e+002
0.150000 9.348041e+002
0.152000 9.411346e+002
0.154000 9.474254e+002
0.156000 9.536763e+002
0.158000 9.598870e+002
0.160000 9.660574e+002
0.162000 9.721871e+002
0.164000 9.782762e+002
0.166000 9.843243e+002
0.168000 9.903312e+002
0.170000 9.962969e+002
0.172000 1.002221e+003
0.174000 1.008104e+003
0.176000 1.013945e+003
0.178000 1.019743e+003
0.180000 1.025500e+003
0.182000 1.031215e+003
0.184000 1.036887e+003
0.186000 1.042517e+003
0.188000 1.048105e+003
0.190000 1.053650e+003
0.192000 1.059152e+003
0.194000 1.064611e+003
0.196000 1.070027e+003
0.198000 1.075400e+003
0.200000 1.080731e+003
0.202000 1.086018e+003
0.204000 1.091262e+003
0.206000 1.096463e+003
0.208000 1.101620e+003
0.210000 1.106734e+003
0.212000 1.111805e+003
0.214000 1.116833e+003
0.216000 1.121817e+003
0.218000 1.126758e+003
0.220000 1.131655e+003
0.222000 1.136509e+003
0.224000 1.141320e+003
0.226000 1.146087e+003
0.228000 1.150811e+003
0.230000 1.155492e+003
0.232000 1.160129e+003
0.234000 1.164723e+003
0.236000 1.169274e+003
0.238000 1.173781e+003
0.240000 1.178246e+003
0.242000 1.182667e+003
0.244000 1.187046e+003
0.246000 1.191381e+003
0.248000 1.195674e+003
0.250000 1.199924e+003
0.252000 1.204131e+003
0.254000 1.208295e+003
0.256000 1.212417e+003
0.258000 1.216497e+003
0.260000 1.220534e+003
0.262000 1.224529e+003
0.264000 1.228482e+003
0.266000 1.232393e+003
0.268000 1.236262e+003
0.270000 1.240089e+003
0.272000 1.243875e+003
0.274000 1.247619e+003
0.276000 1.251322e+003
0.278000 1.254984e+003
0.280000 1.258604e+003
0.282000 1.262184e+003
0.284000 1.265723e+003
0.286000 1.269221e+003
0.288000 1.272679e+003
0.290000 1.276097e+003
0.292000 1.279474e+003
0.294000 1.282812e+003
0.296000 1.286109e+003
0.298000 1.289368e+003
0.300000 1.292586e+003
0.302000 1.295766e+003
0.304000 1.298906e+003
0.306000 1.302008e+003
0.308000 1.305070e+003
0.310000 1.308095e+003
0.312000 1.311081e+003
0.314000 1.314029e+003
0.316000 1.316939e+003
0.318000 1.319811e+003
0.320000 1.322646e+003
0.322000 1.325443e+003
0.324000 1.328203e+003
0.326000 1.330927e+003
0.328000 1.333614e+003
0.330000 1.336264e+003
0.332000 1.338878e+003
0.334000 1.341456e+003
0.336000 1.343998e+003
0.338000 1.346504e+003
0.340000 1.348975e+003
0.342000 1.351411e+003
0.344000 1.353812e+003
0.346000 1.356178e+003
0.348000 1.358510e+003
0.350000 1.360807e+003
0.352000 1.363070e+003
0.354000 1.365299e+003
0.356000 1.367495e+003
0.358000 1.369657e+003
0.360000 1.371786e+003
0.362000 1.373882e+003
0.364000 1.375945e+003
0.366000 1.377976e+003
0.368000 1.379974e+003
0.370000 1.381940e+003
0.372000 1.383875e+003
0.374000 1.385778e+003
0.376000 1.387649e+003
0.378000 1.389489e+003
0.380000 1.391298e+003
0.382000 1.393076e+003
0.384000 1.394824e+003
0.386000 1.396542e+003
0.388000 1.398229e+003
0.390000 1.399886e+003
0.392000 1.401514e+003
0.394000 1.403113e+003
0.396000 1.404682e+003
0.398000 1.406222e+003
0.400000 1.407733e+003
0.402000 1.409215e+003
0.404000 1.410670e+003
0.406000 1.412096e+003
0.408000 1.413494e+003
0.410000 1.414864e+003
0.412000 1.416206e+003
0.414000 1.417522e+003
0.416000 1.418810e+003
0.418000 1.420071e+003
0.420000 1.421305e+003
0.422000 1.422513e+003
0.424000 1.423694e+003
0.426000 1.424849e+003
0.428000 1.425978e+003
0.430000 1.427081e+003
0.432000 1.428159e+003
0.434000 1.429211e+003
0.436000 1.430238e+003
0.438000 1.431239e+003
0.440000 1.432216e+003
0.442000 1.433168e+003
0.444000 1.434096e+003
0.446000 1.434999e+003
0.448000 1.435877e+003
0.450000 1.436732e+003
0.452000 1.437563e+003
0.454000 1.438370e+003
0.456000 1.439153e+003
0.458000 1.439913e+003
0.460000 1.440650e+003
0.462000 1.441363e+003
0.464000 1.442054e+003
0.466000 1.442721e+003
0.468000 1.443366e+003
0.470000 1.443989e+003
0.472000 1.444588e+003
0.474000 1.445166e+003
0.476000 1.445721e+003
0.478000 1.446255e+003
0.480000 1.446766e+003
0.482000 1.447256e+003
0.484000 1.447724e+003
0.486000 1.448170e+003
0.488000 1.448595e+003
0.490000 1.448998e+003
0.492000 1.449381e+003
0.494000 1.449742e+003
0.496000 1.450082e+003
0.498000 1.450401e+003
0.500000 1.450700e+003
0.502000 1.450977e+003
0.504000 1.451234e+003
0.506000 1.451471e+003
0.508000 1.451687e+003
0.510000 1.451882e+003
0.512000 1.452058e+003
0.514000 1.452213e+003
0.516000 1.452348e+003
0.518000 1.452462e+003
0.520000 1.452557e+003
0.522000 1.452632e+003
0.524000 1.452687e+003
0.526000 1.452722e+003
0.528000 1.452737e+003
0.530000 1.452733e+003
0.532000 1.452709e+003
0.534000 1.452665e+003
0.536000 1.452602e+003
0.538000 1.452519e+003
0.540000 1.452417e+003
0.542000 1.452295e+003
0.544000 1.452154e+003
0.546000 1.451993e+003
0.548000 1.451813e+003
0.550000 1.451614e+003
0.552000 1.451395e+003
0.554000 1.451157e+003
0.556000 1.450900e+003
0.558000 1.450624e+003
0.560000 1.450328e+003
0.562000 1.450013e+003
0.564000 1.449679e+003
0.566000 1.449326e+003
0.568000 1.448953e+003
0.570000 1.448561e+003
0.572000 1.448150e+003
0.574000 1.447720e+003
0.576000 1.447271e+003
0.578000 1.446802e+003
0.580000 1.446315e+003
0.582000 1.445808e+003
0.584000 1.445281e+003
0.586000 1.444736e+003
0.588000 1.444171e+003
0.590000 1.443587e+003
0.592000 1.442983e+003
0.594000 1.442361e+003
0.596000 1.441718e+003
0.598000 1.441057e+003
0.600000 1.440376e+003
0.602000 1.439676e+003
0.604000 1.438956e+003
0.606000 1.438216e+003
0.608000 1.437457e+003
0.610000 1.436679e+003
0.612000 1.435881e+003
0.614000 1.435063e+003
0.616000 1.434225e+003
0.618000 1.433368e+003
0.620000 1.432491e+003
0.622000 1.431594e+003
0.624000 1.430677e+003
0.626000 1.429740e+003
0.628000 1.428784e+003
0.630000 1.427807e+003
0.632000 1.426810e+003
0.634000 1.425793e+003
0.636000 1.424756e+003
0.638000 1.423699e+003
0.640000 1.422621e+003
0.642000 1.421524e+003
0.644000 1.420405e+003
0.646000 1.419267e+003
0.648000 1.418107e+003
0.650000 1.416928e+003
0.652000 1.415727e+003
0.654000 1.414506e+003
0.656000 1.413264e+003
0.658000 1.412002e+003
0.660000 1.410718e+003
0.662000 1.409414e+003
0.664000 1.408089e+003
0.666000 1.406743e+003
0.668000 1.405375e+003
0.670000 1.403987e+003
0.672000 1.402577e+003
0.674000 1.401146e+003
0.676000 1.399694e+003
0.678000 1.398221e+003
0.680000 1.396726e+003
0.682000 1.395210e+003
0.684000 1.393672e+003
0.686000 1.392112e+003
0.688000 1.390531e+003
0.690000 1.388928e+003
0.692000 1.387304e+003
0.694000 1.385658e+003
0.696000 1.383990e+003
0.698000 1.382300e+003
0.700000 1.380588e+003
0.702000 1.378854e+003
0.704000 1.377098e+003
0.706000 1.375320e+003
0.708000 1.373520e+003
0.710000 1.371698e+003
0.712000 1.369853e+003
0.714000 1.367987e+003
0.716000 1.366098e+003
0.718000 1.364186e+003
0.720000 1.362253e+003
0.722000 1.360297e+003
0.724000 1.358318e+003
0.726000 1.356317e+003
0.728000 1.354294e+003
0.730000 1.352248e+003
0.732000 1.350180e+003
0.734000 1.348089e+003
0.736000 1.345975e+003
0.738000 1.343839e+003
0.740000 1.341680e+003
0.742000 1.339499e+003
0.744000 1.337295e+003
0.746000 1.335068e+003
0.748000 1.332819e+003
0.750000 1.330547e+003
0.752000 1.328252e+003
0.754000 1.325935e+003
0.756000 1.323595e+003
0.758000 1.321232e+003
0.760000 1.318847e+003
0.762000 1.316439e+003
0.764000 1.314008e+003
0.766000 1.311555e+003
0.768000 1.309079e+003
0.770000 1.306580e+003
0.772000 1.304059e+003
0.774000 1.301516e+003
0.776000 1.298949e+003
0.778000 1.296361e+003
0.780000 1.293750e+003
0.782000 1.291116e+003
0.784000 1.288460e+003
0.786000 1.285782e+003
0.788000 1.283082e+003
0.790000 1.280359e+003
0.792000 1.277614e+003
0.794000 1.274847e+003
0.796000 1.272057e+003
0.798000 1.269246e+003
0.800000 1.266413e+003
0.802000 1.263558e+003
0.804000 1.260681e+003
0.806000 1.257782e+003
0.808000 1.254862e+003
0.810000 1.251920e+003
0.812000 1.248957e+003
0.814000 1.245972e+003
0.816000 1.242966e+003
0.818000 1.239939e+003
0.820000 1.236890e+003
0.822000 1.233821e+003
0.824000 1.230730e+003
0.826000 1.227619e+003
0.828000 1.224487e+003
0.830000 1.221334e+003
0.832000 1.218161e+003
0.834000 1.214968e+003
0.836000 1.211754e+003
0.838000 1.208521e+003
0.840000 1.205267e+003
0.842000 1.201993e+003
0.844000 1.198700e+003
0.846000 1.195387e+003
0.848000 1.192055e+003
0.850000 1.188704e+003
0.852000 1.185334e+003
0.854000 1.181944e+003
0.856000 1.178536e+003
0.858000 1.175109e+003
0.860000 1.171664e+003
0.862000 1.168200e+003
0.864000 1.164719e+003
0.866000 1.161219e+003
0.868000 1.157702e+003
0.870000 1.154167e+003
0.872000 1.150615e+003
0.874000 1.147045e+003
0.876000 1.143459e+003
0.878000 1.139855e+003
0.880000 1.136236e+003
0.882000 1.132599e+003
0.884000 1.128947e+003
0.886000 1.125279e+003
0.888000 1.121594e+003
0.890000 1.117895e+003
0.892000 1.114180e+003
0.894000 1.110450e+003
0.896000 1.106704e+003
0.898000 1.102945e+003
0.900000 1.099171e+003
0.902000 1.095382e+003
0.904000 1.091580e+003
0.906000 1.087764e+003
0.908000 1.083935e+003
0.910000 1.080092e+003
0.912000 1.076237e+003
0.914000 1.072368e+003
0.916000 1.068488e+003
0.918000 1.064595e+003
0.920000 1.060690e+003
0.922000 1.056773e+003
0.924000 1.052845e+003
0.926000 1.048906e+003
0.928000 1.044956e+003
0.930000 1.040995e+003
0.932000 1.037024e+003
0.934000 1.033043e+003
0.936000 1.029052e+003
0.938000 1.025051e+003
0.940000 1.021041e+003
0.942000 1.017023e+003
0.944000 1.012995e+003
0.946000 1.008960e+003
0.948000 1.004916e+003
0.950000 1.000864e+003
0.952000 9.968049e+002
0.954000 9.927385e+002
0.956000 9.886651e+002
0.958000 9.845852e+002
0.960000 9.804989e+002
0.962000 9.764065e+002
0.964000 9.723085e+002
0.966000 9.682050e+002
0.968000 9.640964e+002
0.970000 9.599829e+002
0.972000 9.558649e+002
0.974000 9.517428e+002
0.976000 9.476167e+002
0.978000 9.434870e+002
0.980000 9.393540e+002
0.982000 9.352181e+002
0.984000 9.310794e+002
0.986000 9.269384e+002
0.988000 9.227954e+002
0.990000 9.186506e+002
0.992000 9.145044e+002
0.994000 9.103571e+002
0.996000 9.062090e+002
0.998000 9.020604e+002
1.000000 8.979116e+002
1.002000 8.937630e+002
1.004000 8.896148e+002
1.006000 8.854673e+002
1.008000 8.813209e+002
1.010000 8.771760e+002
1.012000 8.730327e+002
1.014000 8.688914e+002
1.016000 8.647524e+002
1.018000 8.606161e+002
1.020000 8.564827e+002
1.022000 8.523525e+002
1.024000 8.482259e+002
1.026000 8.441032e+002
1.028000 8.399846e+002
1.030000 8.358705e+002
1.032000 8.317611e+002
1.034000 8.276569e+002
1.036000 8.235580e+002
1.038000 8.194648e+002
1.040000 8.153776e+002
1.042000 8.112967e+002
1.044000 8.072223e+002
1.046000 8.031548e+002
1.048000 7.990945e+002
1.050000 7.950417e+002
1.052000 7.909966e+002
1.054000 7.869595e+002
1.056000 7.829307e+002
1.058000 7.789106e+002
1.060000 7.748994e+002
1.062000 7.708973e+002
1.064000 7.669047e+002
1.066000 7.629218e+002
1.068000 7.589489e+002
1.070000 7.549863e+002
1.072000 7.510342e+002
1.074000 7.470930e+002
1.076000 7.431628e+002
1.078000 7.392440e+002
1.080000 7.353368e+002
1.082000 7.314415e+002
1.084000 7.275582e+002
1.086000 7.236874e+002
1.088000 7.198292e+002
1.090000 7.159838e+002
1.092000 7.121516e+002
1.094000 7.083327e+002
1.096000 7.045274e+002
1.098000 7.007360e+002
1.100000 6.969586e+002
1.102000 6.931956e+002
1.104000 6.894470e+002
1.106000 6.857132e+002
1.108000 6.819944e+002
1.110000 6.782908e+002
1.112000 6.746026e+002
1.114000 6.709300e+002
1.116000 6.672732e+002
1.118000 6.636325e+002
1.120000 6.600080e+002
1.122000 6.563999e+002
1.124000 6.528085e+002
1.126000 6.492338e+002
1.128000 6.456762e+002
1.130000 6.421358e+002
1.132000 6.386128e+002
1.134000 6.351073e+002
1.136000 6.316195e+002
1.138000 6.281497e+002
1.140000 6.246979e+002
1.142000 6.212643e+002
1.144000 6.178492e+002
1.146000 6.144525e+002
1.148000 6.110746e+002
1.150000 6.077156e+002
1.152000 6.043755e+002
1.154000 6.010546e+002
1.156000 5.977529e+002
1.158000 5.944707e+002
1.160000 5.912080e+002
1.162000 5.879649e+002
1.164000 5.847417e+002
1.166000 5.815384e+002
1.168000 5.783551e+002
1.170000 5.751920e+002
1.172000 5.720491e+002
1.174000 5.689265e+002
1.176000 5.658244e+002
1.178000 5.627429e+002
1.180000 5.596820e+002
1.182000 5.566419e+002
1.184000 5.536226e+002
1.186000 5.506242e+002
1.188000 5.476467e+002
1.190000 5.446904e+002
1.192000 5.417551e+002
1.194000 5.388411e+002
1.196000 5.359483e+002
1.198000 5.330769e+002
1.200000 5.302269e+002
1.202000 5.273982e+002
1.204000 5.245911e+002
1.206000 5.218055e+002
1.208000 5.190415e+002
1.210000 5.162991e+002
1.212000 5.135783e+002
1.214000 5.108792e+002
1.216000 5.082018e+002
1.218000 5.055462e+002
1.220000 5.029123e+002
1.222000 5.003002e+002
1.224000 4.977099e+002
1.226000 4.951413e+002
1.228000 4.925946e+002
1.230000 4.900697e+002
1.232000 4.875666e+002
1.234000 4.850853e+002
1.236000 4.826259e+002
1.238000 4.801882e+002
1.240000 4.777723e+002
1.242000 4.753782e+002
1.244000 4.730058e+002
1.246000 4.706551e+002
1.248000 4.683262e+002
1.250000 4.660190e+002
1.252000 4.637334e+002
1.254000 4.614694e+002
1.256000 4.592270e+002
1.258000 4.570061e+002
1.260000 4.548067e+002
1.262000 4.526288e+002
1.264000 4.504723e+002
1.266000 4.483372e+002
1.268000 4.462234e+002
1.270000 4.441308e+002
1.272000 4.420594e+002
1.274000 4.400091e+002
1.276000 4.379800e+002
1.278000 4.359718e+002
1.280000 4.339845e+002
1.282000 4.320181e+002
1.284000 4.300726e+002
1.286000 4.281477e+002
1.288000 4.262434e+002
1.290000 4.243598e+002
1.292000 4.224966e+002
1.294000 4.206538e+002
1.296000 4.188313e+002
1.298000 4.170290e+002
1.300000 4.152468e+002
1.302000 4.134847e+002
1.304000 4.117425e+002
1.306000 4.100202e+002
1.308000 4.083176e+002
1.310000 4.066347e+002
1.312000 4.049713e+002
1.314000 4.033273e+002
1.316000 4.017027e+002
1.318000 4.000973e+002
1.320000 3.985111e+002
1.322000 3.969438e+002
1.324000 3.953955e+002
1.326000 3.938659e+002
1.328000 3.923550e+002
1.330000 3.908627e+002
1.332000 3.893888e+002
1.334000 3.879332e+002
1.336000 3.864959e+002
1.338000 3.850766e+002
1.340000 3.836752e+002
1.342000 3.822917e+002
1.344000 3.809259e+002
1.346000 3.795777e+002
1.348000 3.782470e+002
1.350000 3.769336e+002
1.352000 3.756374e+002
1.354000 3.743582e+002
1.356000 3.730960e+002
1.358000 3.718506e+002
1.360000 3.706219e+002
1.362000 3.694098e+002
1.364000 3.682141e+002
1.366000 3.670346e+002
1.368000 3.658713e+002
1.370000 3.647240e+002
1.372000 3.635926e+002
1.374000 3.624769e+002
1.376000 3.613769e+002
1.378000 3.602923e+002
1.380000 3.592230e+002
1.382000 3.581689e+002
1.384000 3.571299e+002
1.386000 3.561058e+002
1.388000 3.550965e+002
1.390000 3.541018e+002
1.392000 3.531216e+002
1.394000 3.521558e+002
1.396000 3.512042e+002
1.398000 3.502667e+002
1.400000 3.493431e+002
1.402000 3.484334e+002
1.404000 3.475373e+002
1.406000 3.466547e+002
1.408000 3.457856e+002
1.410000 3.449297e+002
1.412000 3.440869e+002
1.414000 3.432570e+002
1.416000 3.424400e+002
1.418000 3.416357e+002
1.420000 3.408440e+002
1.422000 3.400647e+002
1.424000 3.392977e+002
1.426000 3.385428e+002
1.428000 3.377999e+002
1.430000 3.370689e+002
1.432000 3.363497e+002
1.434000 3.356420e+002
1.436000 3.349458e+002
1.438000 3.342610e+002
1.440000 3.335873e+002
1.442000 3.329248e+002
1.444000 3.322731e+002
1.446000 3.316323e+002
1.448000 3.310021e+002
1.450000 3.303825e+002
1.452000 3.297732e+002
1.454000 3.291743e+002
1.456000 3.285855e+002
1.458000 3.280067e+002
1.460000 3.274379e+002
1.462000 3.268787e+002
1.464000 3.263293e+002
1.466000 3.257893e+002
1.468000 3.252587e+002
1.470000 3.247374e+002
1.472000 3.242253e+002
1.474000 3.237221e+002
1.476000 3.232279e+002
1.478000 3.227424e+002
1.480000 3.222656e+002
1.482000 3.217973e+002
1.484000 3.213375e+002
1.486000 3.208859e+002
1.488000 3.204426e+002
1.490000 3.200073e+002
1.492000 3.195799e+002
1.494000 3.191604e+002
1.496000 3.187487e+002
1.498000 3.183445e+002
1.500000 3.179478e+002
1.502000 3.175586e+002
1.504000 3.171766e+002
1.506000 3.168018e+002
1.508000 3.164341e+002
1.510000 3.160734e+002
1.512000 3.157195e+002
1.514000 3.153723e+002
1.516000 3.150318e+002
1.518000 3.146979e+002
1.520000 3.143704e+002
1.522000 3.140492e+002
1.524000 3.137343e+002
1.526000 3.134256e+002
1.528000 3.131229e+002
1.530000 3.128261e+002
1.532000 3.125353e+002
1.534000 3.122501e+002
1.536000 3.119707e+002
1.538000 3.116968e+002
1.540000 3.114285e+002
1.542000 3.111655e+002
1.544000 3.109078e+002
1.546000 3.106554e+002
1.548000 3.104081e+002
1.550000 3.101658e+002
1.552000 3.099285e+002
1.554000 3.096961e+002
1.556000 3.094685e+002
1.558000 3.092455e+002
1.560000 3.090273e+002
1.562000 3.088135e+002
1.564000 3.086043e+002
1.566000 3.083994e+002
1.568000 3.081989e+002
1.570000 3.080026e+002
1.572000 3.078104e+002
1.574000 3.076224e+002
1.576000 3.074384e+002
1.578000 3.072583e+002
1.580000 3.070821e+002
1.582000 3.069097e+002
1.584000 3.067410e+002
1.586000 3.065760e+002
1.588000 3.064146e+002
1.590000 3.062567e+002
1.592000 3.061023e+002
1.594000 3.059513e+002
1.596000 3.058037e+002
1.598000 3.056593e+002
1.600000 3.055181e+002
1.602000 3.053801e+002
1.604000 3.052451e+002
1.606000 3.051132e+002
1.608000 3.049843e+002
1.610000 3.048583e+002
1.612000 3.047351e+002
1.614000 3.046148e+002
1.616000 3.044972e+002
1.618000 3.043823e+002
1.620000 3.042700e+002
1.622000 3.041604e+002
1.624000 3.040532e+002
1.626000 3.039486e+002
1.628000 3.038463e+002
1.630000 3.037465e+002
1.632000 3.036490e+002
1.634000 3.035538e+002
1.636000 3.034609e+002
1.638000 3.033701e+002
1.640000 3.032815e+002
1.642000 3.031950e+002
1.644000 3.031106e+002
1.646000 3.030282e+002
1.648000 3.029477e+002
1.650000 3.028692e+002
1.652000 3.027926e+002
1.654000 3.027179e+002
1.656000 3.026450e+002
1.658000 3.025738e+002
1.660000 3.025044e+002
1.662000 3.024367e+002
1.664000 3.023707e+002
1.666000 3.023062e+002
1.668000 3.022434e+002
1.670000 3.021822e+002
1.672000 3.021224e+002
1.674000 3.020642e+002
1.676000 3.020074e+002
1.678000 3.019521e+002
1.680000 3.018981e+002
1.682000 3.018455e+002
1.684000 3.017942e+002
1.686000 3.017443e+002
1.688000 3.016956e+002
1.690000 3.016481e+002
1.692000 3.016019e+002
1.694000 3.015568e+002
1.696000 3.015130e+002
1.698000 3.014702e+002
1.700000 3.014286e+002
1.702000 3.013880e+002
1.704000 3.013485e+002
1.706000 3.013100e+002
1.708000 3.012726e+002
1.710000 3.012361e+002
1.712000 3.012006e+002
1.714000 3.011660e+002
1.716000 3.011324e+002
1.718000 3.010996e+002
1.720000 3.010677e+002
1.722000 3.010367e+002
1.724000 3.010064e+002
1.726000 3.009771e+002
1.728000 3.009484e+002
1.730000 3.009206e+002
1.732000 3.008935e+002
1.734000 3.008672e+002
1.736000 3.008416e+002
1.738000 3.008166e+002
1.740000 3.007924e+002
1.742000 3.007688e+002
1.744000 3.007459e+002
1.746000 3.007236e+002
1.748000 3.007019e+002
1.750000 3.006808e+002
1.752000 3.006604e+002
1.754000 3.006404e+002
1.756000 3.006211e+002
1.758000 3.006023e+002
1.760000 3.005840e+002
1.762000 3.005662e+002
1.764000 3.005489e+002
1.766000 3.005321e+002
1.768000 3.005158e+002
1.770000 3.005000e+002
1.772000 3.004846e+002
1.774000 3.004697e+002
1.776000 3.004551e+002
1.778000 3.004410e+002
1.780000 3.004273e+002
1.782000 3.004140e+002
1.784000 3.004011e+002
1.786000 3.003886e+002
1.788000 3.003764e+002
1.790000 3.003646e+002
1.792000 3.003531e+002
1.794000 3.003420e+002
1.796000 3.003312e+002
1.798000 3.003207e+002
1.800000 3.003105e+002
1.802000 3.003006e+002
1.804000 3.002911e+002
1.806000 3.002818e+002
1.808000 3.002727e+002
1.810000 3.002640e+002
1.812000 3.002555e+002
1.814000 3.002473e+002
1.816000 3.002393e+002
1.818000 3.002315e+002
1.820000 3.002240e+002
1.822000 3.002168e+002
1.824000 3.002097e+002
1.826000 3.002029e+002
1.828000 3.001962e+002
1.830000 3.001898e+002
1.832000 3.001836e+002
1.834000 3.001775e+002
1.836000 3.001717e+002
1.838000 3.001660e+002
1.840000 3.001605e+002
1.842000 3.001552e+002
1.844000 3.001500e+002
1.846000 3.001450e+002
1.848000 3.001402e+002
1.850000 3.001355e+002
1.852000 3.001309e+002
1.854000 3.001265e+002
1.856000 3.001223e+002
1.858000 3.001182e+002
1.860000 3.001142e+002
1.862000 3.001103e+002
1.864000 3.001066e+002
1.866000 3.001029e+002
1.868000 3.000994e+002
1.870000 3.000960e+002
1.872000 3.000927e+002
1.874000 3.000896e+002
1.876000 3.000865e+002
1.878000 3.000835e+002
1.880000 3.000806e+002
1.882000 3.000778e+002
1.884000 3.000751e+002
1.886000 3.000725e+002
1.888000 3.000700e+002
1.890000 3.000676e+002
1.892000 3.000652e+002
1.894000 3.000629e+002
1.896000 3.000607e+002
1.898000 3.000586e+002
1.900000 3.000565e+002
1.902000 3.000545e+002
1.904000 3.000526e+002
1.906000 3.000508e+002
1.908000 3.000490e+002
1.910000 3.000472e+002
1.912000 3.000455e+002
1.914000 3.000439e+002
1.916000 3.000423e+002
1.918000 3.000408e+002
1.920000 3.000394e+002
1.922000 3.000379e+002
1.924000 3.000366e+002
1.926000 3.000353e+002
1.928000 3.000340e+002
1.930000 3.000328e+002
1.932000 3.000316e+002
1.934000 3.000304e+002
1.936000 3.000293e+002
1.938000 3.000282e+002
1.940000 3.000272e+002
1.942000 3.000262e+002
1.944000 3.000253e+002
1.946000 3.000243e+002
1.948000 3.000234e+002
1.950000 3.000226e+002
1.952000 3.000217e+002
1.954000 3.000209e+002
1.956000 3.000201e+002
1.958000 3.000194e+002
1.960000 3.000187e+002
1.962000 3.000180e+002
1.964000 3.000173e+002
1.966000 3.000167e+002
1.968000 3.000160e+002
1.970000 3.000154e+002
1.972000 3.000148e+002
1.974000 3.000143e+002
1.976000 3.000137e+002
1.978000 3.000132e+002
1.980000 3.000127e+002
1.982000 3.000122e+002
1.984000 3.000118e+002
1.986000 3.000113e+002
1.988000 3.000109e+002
1.990000 3.000105e+002
1.992000 3.000101e+002
1.994000 3.000097e+002
1.996000 3.000093e+002
1.998000 3.000090e+002
2.000000 3.000086e+002
2.002000 3.000083e+002
2.004000 3.000080e+002
2.006000 3.000076e+002
2.008000 3.000073e+002
2.010000 3.000071e+002
2.012000 3.000068e+002
2.014000 3.000065e+002
2.016000 3.000063e+002
2.018000 3.000060e+002
2.020000 3.000058e+002
2.022000 3.000056e+002
2.024000 3.000053e+002
2.026000 3.000051e+002
2.028000 3.000049e+002
2.030000 3.000047e+002
2.032000 3.000045e+002
2.034000 3.000044e+002
2.036000 3.000042e+002
2.038000 3.000040e+002
2.040000 3.000039e+002
2.042000 3.000037e+002
2.044000 3.000036e+002
2.046000 3.000034e+002
2.048000 3.000033e+002
2.050000 3.000031e+002
2.052000 3.000030e+002
2.054000 3.000029e+002
2.056000 3.000028e+002
2.058000 3.000027e+002
2.060000 3.000026e+002
2.062000 3.000024e+002
2.064000 3.000023e+002
2.066000 3.000023e+002
2.068000 3.000022e+002
2.070000 3.000021e+002
2.072000 3.000020e+002
2.074000 3.000019e+002
2.076000 3.000018e+002
2.078000 3.000017e+002
2.080000 3.000017e+002
2.082000 3.000016e+002
2.084000 3.000015e+002
2.086000 3.000015e+002
2.088000 3.000014e+002
2.090000 3.000014e+002
2.092000 3.000013e+002
2.094000 3.000012e+002
2.096000 3.000012e+002
2.098000 3.000011e+002
2.100000 3.000011e+002
2.102000 3.000010e+002
2.104000 3.000010e+002
2.106000 3.000010e+002
2.108000 3.000009e+002
2.110000 3.000009e+002
2.112000 3.000008e+002
2.114000 3.000008e+002
2.116000 3.000008e+002
2.118000 3.000007e+002
2.120000 3.000007e+002
2.122000 3.000007e+002
2.124000 3.000006e+002
2.126000 3.000006e+002
2.128000 3.000006e+002
2.130000 3.000006e+002
2.132000 3.000005e+002
2.134000 3.000005e+002
2.136000 3.000005e+002
2.138000 3.000005e+002
2.140000 3.000005e+002
2.142000 3.000004e+002
2.144000 3.000004e+002
2.146000 3.000004e+002
2.148000 3.000004e+002
2.150000 3.000004e+002
2.152000 3.000003e+002
2.154000 3.000003e+002
2.156000 3.000003e+002
2.158000 3.000003e+002
2.160000 3.000003e+002
2.162000 3.000003e+002
2.164000 3.000003e+002
2.166000 3.000003e+002
2.168000 3.000002e+002
2.170000 3.000002e+002
2.172000 3.000002e+002
2.174000 3.000002e+002
2.176000 3.000002e+002
2.178000 3.000002e+002
2.180000 3.000002e+002
2.182000 3.000002e+002
2.184000 3.000002e+002
2.186000 3.000002e+002
2.188000 3.000002e+002
2.190000 3.000001e+002
2.192000 3.000001e+002
2.194000 3.000001e+002
2.196000 3.000001e+002
2.198000 3.000001e+002
2.200000 3.000001e+002
2.202000 3.000001e+002
2.204000 3.000001e+002
2.206000 3.000001e+002
2.208000 3.000001e+002
2.210000 3.000001e+002
2.212000 3.000001e+002
2.214000 3.000001e+002
2.216000 3.000001e+002
2.218000 3.000001e+002
2.220000 3.000001e+002
2.222000 3.000001e+002
2.224000 3.000001e+002
2.226000 3.000001e+002
2.228000 3.000001e+002
2.230000 3.000001e+002
2.232000 3.000001e+002
2.234000 3.000001e+002
2.236000 3.000000e+002
2.238000 3.000000e+002
2.240000 3.000000e+002
2.242000 3.000000e+002
2.244000 3.000000e+002
2.246000 3.000000e+002
2.248000 3.000000e+002
2.250000 3.000000e+002
2.252000 3.000000e+002
2.254000 3.000000e+002
2.256000 3.000000e+002
2.258000 3.000000e+002
2.260000 3.000000e+002
2.262000 3.000000e+002
2.264000 3.000000e+002
2.266000 3.000000e+002
2.268000 3.000000e+002
2.270000 3.000000e+002
2.272000 3.000000e+002
2.274000 3.000000e+002
2.276000 3.000000e+002
2.278000 3.000000e+002
2.280000 3.000000e+002
2.282000 3.000000e+002
2.284000 3.000000e+002
2.286000 3.000000e+002
2.288000 3.000000e+002
2.290000 3.000000e+002
2.292000 3.000000e+002
2.294000 3.000000e+002
2.296000 3.000000e+002
2.298000 3.000000e+002
2.300000 3.000000e+002
2.302000 3.000000e+002
2.304000 3.000000e+002
2.306000 3.000000e+002
2.308000 3.000000e+002
2.310000 3.000000e+002
2.312000 3.000000e+002
2.314000 3.000000e+002
2.316000 3.000000e+002
2.318000 3.000000e+002
2.320000 3.000000e+002
2.322000 3.000000e+002
2.324000 3.000000e+002
2.326000 3.000000e+002
2.328000 3.000000e+002
2.330000 3.000000e+002
2.332000 3.000000e+002
2.334000 3.000000e+002
2.336000 3.000000e+002
2.338000 3.000000e+002
2.340000 3.000000e+002
2.342000 3.000000e+002
2.344000 3.000000e+002
2.346000 3.000000e+002
2.348000 3.000000e+002
2.350000 3.000000e+002
2.352000 3.000000e+002
2.354000 3.000000e+002
2.356000 3.000000e+002
2.358000 3.000000e+002
2.360000 3.000000e+002
2.362000 3.000000e+002
2.364000 3.000000e+002
2.366000 3.000000e+002
2.368000 3.000000e+002
2.370000 3.000000e+002
2.372000 3.000000e+002
2.374000 3.000000e+002
2.376000 3.000000e+002
2.378000 3.000000e+002
2.380000 3.000000e+002
2.382000 3.000000e+002
2.384000 3.000000e+002
2.386000 3.000000e+002
2.388000 3.000000e+002
2.390000 3.000000e+002
2.392000 3.000000e+002
2.394000 3.000000e+002
2.396000 3.000000e+002
2.398000 3.000000e+002
2.400000 3.000000e+002
2.402000 3.000000e+002
2.404000 3.000000e+002
2.406000 3.000000e+002
2.408000 3.000000e+002
2.410000 3.000000e+002
2.412000 3.000000e+002
2.414000 3.000000e+002
2.416000 3.000000e+002
2.418000 3.000000e+002
2.420000 3.000000e+002
2.422000 3.000000e+002
2.424000 3.000000e+002
2.426000 3.000000e+002
2.428000 3.000000e+002
2.430000 3.000000e+002
2.432000 3.000000e+002
2.434000 3.000000e+002
2.436000 3.000000e+002
2.438000 3.000000e+002
2.440000 3.000000e+002
2.442000 3.000000e+002
2.444000 3.000000e+002
2.446000 3.000000e+002
2.448000 3.000000e+002
2.450000 3.000000e+002
2.452000 3.000000e+002
2.454000 3.000000e+002
2.456000 3.000000e+002
2.458000 3.000000e+002
2.460000 3.000000e+002
2.462000 3.000000e+002
2.464000 3.000000e+002
2.466000 3.000000e+002
2.468000 3.000000e+002
2.470000 3.000000e+002
2.472000 3.000000e+002
2.474000 3.000000e+002
2.476000 3.000000e+002
2.478000 3.000000e+002
2.480000 3.000000e+002
2.482000 3.000000e+002
2.484000 3.000000e+002
2.486000 3.000000e+002
2.488000 3.000000e+002
2.490000 3.000000e+002
2.492000 3.000000e+002
2.494000 3.000000e+002
2.496000 3.000000e+002
2.498000 3.000000e+002
2.500000 3.000000e+002
2.502000 3.000000e+002
2.504000 3.000000e+002
2.506000 3.000000e+002
2.508000 3.000000e+002
2.510000 3.000000e+002
2.512000 3.000000e+002
2.514000 3.000000e+002
2.516000 3.000000e+002
2.518000 3.000000e+002
2.520000 3.000000e+002
2.522000 3.000000e+002
2.524000 3.000000e+002
2.526000 3.000000e+002
2.528000 3.000000e+002
2.530000 3.000000e+002
2.532000 3.000000e+002
2.534000 3.000000e+002
2.536000 3.000000e+002
2.538000 3.000000e+002
2.540000 3.000000e+002
2.542000 3.000000e+002
2.544000 3.000000e+002
2.546000 3.000000e+002
2.548000 3.000000e+002
2.550000 3.000000e+002
2.552000 3.000000e+002
2.554000 3.000000e+002
2.556000 3.000000e+002
2.558000 3.000000e+002
2.560000 3.000000e+002
2.562000 3.000000e+002
2.564000 3.000000e+002
2.566000 3.000000e+002
2.568000 3.000000e+002
2.570000 3.000000e+002
2.572000 3.000000e+002
2.574000 3.000000e+002
2.576000 3.000000e+002
2.578000 3.000000e+002
2.580000 3.000000e+002
2.582000 3.000000e+002
2.584000 3.000000e+002
2.586000 3.000000e+002
2.588000 3.000000e+002
2.590000 3.000000e+002
2.592000 3.000000e+002
2.594000 3.000000e+002
2.596000 3.000000e+002
2.598000 3.000000e+002
2.600000 3.000000e+002
2.602000 3.000000e+002
2.604000 3.000000e+002
2.606000 3.000000e+002
2.608000 3.000000e+002
2.610000 3.000000e+002
2.612000 3.000000e+002
2.614000 3.000000e+002
2.616000 3.000000e+002
2.618000 3.000000e+002
2.620000 3.000000e+002
2.622000 3.000000e+002
2.624000 3.000000e+002
2.626000 3.000000e+002
2.628000 3.000000e+002
2.630000 3.000000e+002
2.632000 3.000000e+002
2.634000 3.000000e+002
2.636000 3.000000e+002
2.638000 3.000000e+002
2.640000 3.000000e+002
2.642000 3.000000e+002
2.644000 3.000000e+002
2.646000 3.000000e+002
2.648000 3.000000e+002
2.650000 3.000000e+002
2.652000 3.000000e+002
2.654000 3.000000e+002
2.656000 3.000000e+002
2.658000 3.000000e+002
2.660000 3.000000e+002
2.662000 3.000000e+002
2.664000 3.000000e+002
2.666000 3.000000e+002
2.668000 3.000000e+002
2.670000 3.000000e+002
2.672000 3.000000e+002
2.674000 3.000000e+002
2.676000 3.000000e+002
2.678000 3.000000e+002
2.680000 3.000000e+002
2.682000 3.000000e+002
2.684000 3.000000e+002
2.686000 3.000000e+002
2.688000 3.000000e+002
2.690000 3.000000e+002
2.692000 3.000000e+002
2.694000 3.000000e+002
2.696000 3.000000e+002
2.698000 3.000000e+002
2.700000 3.000000e+002
2.702000 3.000000e+002
2.704000 3.000000e+002
2.706000 3.000000e+002
2.708000 3.000000e+002
2.710000 3.000000e+002
2.712000 3.000000e+002
2.714000 3.000000e+002
2.716000 3.000000e+002
2.718000 3.000000e+002
2.720000 3.000000e+002
2.722000 3.000000e+002
2.724000 3.000000e+002
2.726000 3.000000e+002
2.728000 3.000000e+002
2.730000 3.000000e+002
2.732000 3.000000e+002
2.734000 3.000000e+002
2.736000 3.000000e+002
2.738000 3.000000e+002
2.740000 3.000000e+002
2.742000 3.000000e+002
2.744000 3.000000e+002
2.746000 3.000000e+002
2.748000 3.000000e+002
2.750000 3.000000e+002
2.752000 3.000000e+002
2.754000 3.000000e+002
2.756000 3.000000e+002
2.758000 3.000000e+002
2.760000 3.000000e+002
2.762000 3.000000e+002
2.764000 3.000000e+002
2.766000 3.000000e+002
2.768000 3.000000e+002
2.770000 3.000000e+002
2.772000 3.000000e+002
2.774000 3.000000e+002
2.776000 3.000000e+002
2.778000 3.000000e+002
2.780000 3.000000e+002
2.782000 3.000000e+002
2.784000 3.000000e+002
2.786000 3.000000e+002
2.788000 3.000000e+002
2.790000 3.000000e+002
2.792000 3.000000e+002
2.794000 3.000000e+002
2.796000 3.000000e+002
2.798000 3.000000e+002
2.800000 3.000000e+002
2.802000 3.000000e+002
2.804000 3.000000e+002
2.806000 3.000000e+002
2.808000 3.000000e+002
2.810000 3.000000e+002
2.812000 3.000000e+002
2.814000 3.000000e+002
2.816000 3.000000e+002
2.818000 3.000000e+002
2.820000 3.000000e+002
2.822000 3.000000e+002
2.824000 3.000000e+002
2.826000 3.000000e+002
2.828000 3.000000e+002
2.830000 3.000000e+002
2.832000 3.000000e+002
2.834000 3.000000e+002
2.836000 3.000000e+002
2.838000 3.000000e+002
2.840000 3.000000e+002
2.842000 3.000000e+002
2.844000 3.000000e+002
2.846000 3.000000e+002
2.848000 3.000000e+002
2.850000 3.000000e+002
2.852000 3.000000e+002
2.854000 3.000000e+002
2.856000 3.000000e+002
2.858000 3.000000e+002
2.860000 3.000000e+002
2.862000 3.000000e+002
2.864000 3.000000e+002
2.866000 3.000000e+002
2.868000 3.000000e+002
2.870000 3.000000e+002
2.872000 3.000000e+002
2.874000 3.000000e+002
2.876000 3.000000e+002
2.878000 3.000000e+002
2.880000 3.000000e+002
2.882000 3.000000e+002
2.884000 3.000000e+002
2.886000 3.000000e+002
2.888000 3.000000e+002
2.890000 3.000000e+002
2.892000 3.000000e+002
2.894000 3.000000e+002
2.896000 3.000000e+002
2.898000 3.000000e+002
2.900000 3.000000e+002
2.902000 3.000000e+002
2.904000 3.000000e+002
2.906000 3.000000e+002
2.908000 3.000000e+002
2.910000 3.000000e+002
2.912000 3.000000e+002
2.914000 3.000000e+002
2.916000 3.000000e+002
2.918000 3.000000e+002
2.920000 3.000000e+002
2.922000 3.000000e+002
2.924000 3.000000e+002
2.926000 3.000000e+002
2.928000 3.000000e+002
2.930000 3.000000e+002
2.932000 3.000000e+002
2.934000 3.000000e+002
2.936000 3.000000e+002
2.938000 3.000000e+002
2.940000 3.000000e+002
2.942000 3.000000e+002
2.944000 3.000000e+002
2.946000 3.000000e+002
2.948000 3.000000e+002
2.950000 3.000000e+002
2.952000 3.000000e+002
2.954000 3.000000e+002
2.956000 3.000000e+002
2.958000 3.000000e+002
2.960000 3.000000e+002
2.962000 3.000000e+002
2.964000 3.000000e+002
2.966000 3.000000e+002
2.968000 3.000000e+002
2.970000 3.000000e+002
2.972000 3.000000e+002
2.974000 3.000000e+002
2.976000 3.000000e+002
2.978000 3.000000e+002
2.980000 3.000000e+002
2.982000 3.000000e+002
2.984000 3.000000e+002
2.986000 3.000000e+002
2.988000 3.000000e+002
2.990000 3.000000e+002
2.992000 3.000000e+002
2.994000 3.000000e+002
2.996000 3.000000e+002
2.998000 3.000000e+002
3.000000 3.000000e+002
3.002000 3.000000e+002
3.004000 3.000000e+002
3.006000 3.000000e+002
3.008000 3.000000e+002
3.010000 3.000000e+002
3.012000 3.000000e+002
3.014000 3.000000e+002
3.016000 3.000000e+002
3.018000 3.000000e+002
3.020000 3.000000e+002
3.022000 3.000000e+002
3.024000 3.000000e+002
3.026000 3.000000e+002
3.028000 3.000000e+002
3.030000 3.000000e+002
3.032000 3.000000e+002
3.034000 3.000000e+002
3.036000 3.000000e+002
3.038000 3.000000e+002
3.040000 3.000000e+002
3.042000 3.000000e+002
3.044000 3.000000e+002
3.046000 3.000000e+002
3.048000 3.000000e+002
3.050000 3.000000e+002
3.052000 3.000000e+002
3.054000 3.000000e+002
3.056000 3.000000e+002
3.058000 3.000000e+002
3.060000 3.000000e+002
3.062000 3.000000e+002
3.064000 3.000000e+002
3.066000 3.000000e+002
3.068000 3.000000e+002
3.070000 3.000000e+002
3.072000 3.000000e+002
3.074000 3.000000e+002
3.076000 3.000000e+002
3.078000 3.000000e+002
3.080000 3.000000e+002
3.082000 3.000000e+002
3.084000 3.000000e+002
3.086000 3.000000e+002
3.088000 3.000000e+002
3.090000 3.000000e+002
3.092000 3.000000e+002
3.094000 3.000000e+002
3.096000 3.000000e+002
3.098000 3.000000e+002
3.100000 3.000000e+002
3.102000 3.000000e+002
3.104000 3.000000e+002
3.106000 3.000000e+002
3.108000 3.000000e+002
3.110000 3.000000e+002
3.112000 3.000000e+002
3.114000 3.000000e+002
3.116000 3.000000e+002
3.118000 3.000000e+002
3.120000 3.000000e+002
3.122000 3.000000e+002
3.124000 3.000000e+002
3.126000 3.000000e+002
3.128000 3.000000e+002
3.130000 3.000000e+002
3.132000 3.000000e+002
3.134000 3.000000e+002
3.136000 3.000000e+002
3.138000 3.000000e+002
3.140000 3.000000e+002
3.142000 3.000000e+002
3.144000 3.000000e+002
3.146000 3.000000e+002
3.148000 3.000000e+002
3.150000 3.000000e+002
3.152000 3.000000e+002
3.154000 3.000000e+002
3.156000 3.000000e+002
3.158000 3.000000e+002
3.160000 3.000000e+002
3.162000 3.000000e+002
3.164000 3.000000e+002
3.166000 3.000000e+002
3.168000 3.000000e+002
3.170000 3.000000e+002
3.172000 3.000000e+002
3.174000 3.000000e+002
3.176000 3.000000e+002
3.178000 3.000000e+002
3.180000 3.000000e+002
3.182000 3.000000e+002
3.184000 3.000000e+002
3.186000 3.000000e+002
3.188000 3.000000e+002
3.190000 3.000000e+002
3.192000 3.000000e+002
3.194000 3.000000e+002
3.196000 3.000000e+002
3.198000 3.000000e+002
3.200000 3.000000e+002
3.202000 3.000000e+002
3.204000 3.000000e+002
3.206000 3.000000e+002
3.208000 3.000000e+002
3.210000 3.000000e+002
3.212000 3.000000e+002
3.214000 3.000000e+002
3.216000 3.000000e+002
3.218000 3.000000e+002
3.220000 3.000000e+002
3.222000 3.000000e+002
3.224000 3.000000e+002
3.226000 3.000000e+002
3.228000 3.000000e+002
3.230000 3.000000e+002
3.232000 3.000000e+002
3.234000 3.000000e+002
3.236000 3.000000e+002
3.238000 3.000000e+002
3.240000 3.000000e+002
3.242000 3.000000e+002
3.244000 3.000000e+002
3.246000 3.000000e+002
3.248000 3.000000e+002
3.250000 3.000000e+002
3.252000 3.000000e+002
3.254000 3.000000e+002
3.256000 3.000000e+002
3.258000 3.000000e+002
3.260000 3.000000e+002
3.262000 3.000000e+002
3.264000 3.000000e+002
3.266000 3.000000e+002
3.268000 3.000000e+002
3.270000 3.000000e+002
3.272000 3.000000e+002
3.274000 3.000000e+002
3.276000 3.000000e+002
3.278000 3.000000e+002
3.280000 3.000000e+002
3.282000 3.000000e+002
3.284000 3.000000e+002
3.286000 3.000000e+002
3.288000 3.000000e+002
3.290000 3.000000e+002
3.292000 3.000000e+002
3.294000 3.000000e+002
3.296000 3.000000e+002
3.298000 3.000000e+002
3.300000 3.000000e+002
3.302000 3.000000e+002
3.304000 3.000000e+002
3.306000 3.000000e+002
3.308000 3.000000e+002
3.310000 3.000000e+002
3.312000 3.000000e+002
3.314000 3.000000e+002
3.316000 3.000000e+002
3.318000 3.000000e+002
3.320000 3.000000e+002
3.322000 3.000000e+002
3.324000 3.000000e+002
3.326000 3.000000e+002
3.328000 3.000000e+002
3.330000 3.000000e+002
3.332000 3.000000e+002
3.334000 3.000000e+002
3.336000 3.000000e+002
3.338000 3.000000e+002
3.340000 3.000000e+002
3.342000 3.000000e+002
3.344000 3.000000e+002
3.346000 3.000000e+002
3.348000 3.000000e+002
3.350000 3.000000e+002
3.352000 3.000000e+002
3.354000 3.000000e+002
3.356000 3.000000e+002
3.358000 3.000000e+002
3.360000 3.000000e+002
3.362000 3.000000e+002
3.364000 3.000000e+002
3.366000 3.000000e+002
3.368000 3.000000e+002
3.370000 3.000000e+002
3.372000 3.000000e+002
3.374000 3.000000e+002
3.376000 3.000000e+002
3.378000 3.000000e+002
3.380000 3.000000e+002
3.382000 3.000000e+002
3.384000 3.000000e+002
3.386000 3.000000e+002
3.388000 3.000000e+002
3.390000 3.000000e+002
3.392000 3.000000e+002
3.394000 3.000000e+002
3.396000 3.000000e+002
3.398000 3.000000e+002
3.400000 3.000000e+002
3.402000 3.000000e+002
3.404000 3.000000e+002
3.406000 3.000000e+002
3.408000 3.000000e+002
3.410000 3.000000e+002
3.412000 3.000000e+002
3.414000 3.000000e+002
3.416000 3.000000e+002
3.418000 3.000000e+002
3.420000 3.000000e+002
3.422000 3.000000e+002
3.424000 3.000000e+002
3.426000 3.000000e+002
3.428000 3.000000e+002
3.430000 3.000000e+002
3.432000 3.000000e+002
3.434000 3.000000e+002
3.436000 3.000000e+002
3.438000 3.000000e+002
3.440000 3.000000e+002
3.442000 3.000000e+002
3.444000 3.000000e+002
3.446000 3.000000e+002
3.448000 3.000000e+002
3.450000 3.000000e+002
3.452000 3.000000e+002
3.454000 3.000000e+002
3.456000 3.000000e+002
3.458000 3.000000e+002
3.460000 3.000000e+002
3.462000 3.000000e+002
3.464000 3.000000e+002
3.466000 3.000000e+002
3.468000 3.000000e+002
3.470000 3.000000e+002
3.472000 3.000000e+002
3.474000 3.000000e+002
3.476000 3.000000e+002
3.478000 3.000000e+002
3.480000 3.000000e+002
3.482000 3.000000e+002
3.484000 3.000000e+002
3.486000 3.000000e+002
3.488000 3.000000e+002
3.490000 3.000000e+002
3.492000 3.000000e+002
3.494000 3.000000e+002
3.496000 3.000000e+002
3.498000 3.000000e+002
3.500000 3.000000e+002
3.502000 3.000000e+002
3.504000 3.000000e+002
3.506000 3.000000e+002
3.508000 3.000000e+002
3.510000 3.000000e+002
3.512000 3.000000e+002
3.514000 3.000000e+002
3.516000 3.000000e+002
3.518000 3.000000e+002
3.520000 3.000000e+002
3.522000 3.000000e+002
3.524000 3.000000e+002
3.526000 3.000000e+002
3.528000 3.000000e+002
3.530000 3.000000e+002
3.532000 3.000000e+002
3.534000 3.000000e+002
3.536000 3.000000e+002
3.538000 3.000000e+002
3.540000 3.000000e+002
3.542000 3.000000e+002
3.544000 3.000000e+002
3.546000 3.000000e+002
3.548000 3.000000e+002
3.550000 3.000000e+002
3.552000 3.000000e+002
3.554000 3.000000e+002
3.556000 3.000000e+002
3.558000 3.000000e+002
3.560000 3.000000e+002
3.562000 3.000000e+002
3.564000 3.000000e+002
3.566000 3.000000e+002
3.568000 3.000000e+002
3.570000 3.000000e+002
3.572000 3.000000e+002
3.574000 3.000000e+002
3.576000 3.000000e+002
3.578000 3.000000e+002
3.580000 3.000000e+002
3.582000 3.000000e+002
3.584000 3.000000e+002
3.586000 3.000000e+002
3.588000 3.000000e+002
3.590000 3.000000e+002
3.592000 3.000000e+002
3.594000 3.000000e+002
3.596000 3.000000e+002
3.598000 3.000000e+002
3.600000 3.000000e+002
3.602000 3.000000e+002
3.604000 3.000000e+002
3.606000 3.000000e+002
3.608000 3.000000e+002
3.610000 3.000000e+002
3.612000 3.000000e+002
3.614000 3.000000e+002
3.616000 3.000000e+002
3.618000 3.000000e+002
3.620000 3.000000e+002
3.622000 3.000000e+002
3.624000 3.000000e+002
3.626000 3.000000e+002
3.628000 3.000000e+002
3.630000 3.000000e+002
3.632000 3.000000e+002
3.634000 3.000000e+002
3.636000 3.000000e+002
3.638000 3.000000e+002
3.640000 3.000000e+002
3.642000 3.000000e+002
3.644000 3.000000e+002
3.646000 3.000000e+002
3.648000 3.000000e+002
3.650000 3.000000e+002
3.652000 3.000000e+002
3.654000 3.000000e+002
3.656000 3.000000e+002
3.658000 3.000000e+002
3.660000 3.000000e+002
3.662000 3.000000e+002
3.664000 3.000000e+002
3.666000 3.000000e+002
3.668000 3.000000e+002
3.670000 3.000000e+002
3.672000 3.000000e+002
3.674000 3.000000e+002
3.676000 3.000000e+002
3.678000 3.000000e+002
3.680000 3.000000e+002
3.682000 3.000000e+002
3.684000 3.000000e+002
3.686000 3.000000e+002
3.688000 3.000000e+002
3.690000 3.000000e+002
3.692000 3.000000e+002
3.694000 3.000000e+002
3.696000 3.000000e+002
3.698000 3.000000e+002
3.700000 3.000000e+002
3.702000 3.000000e+002
3.704000 3.000000e+002
3.706000 3.000000e+002
3.708000 3.000000e+002
3.710000 3.000000e+002
3.712000 3.000000e+002
3.714000 3.000000e+002
3.716000 3.000000e+002
3.718000 3.000000e+002
3.720000 3.000000e+002
3.722000 3.000000e+002
3.724000 3.000000e+002
3.726000 3.000000e+002
3.728000 3.000000e+002
3.730000 3.000000e+002
3.732000 3.000000e+002
3.734000 3.000000e+002
3.736000 3.000000e+002
3.738000 3.000000e+002
3.740000 3.000000e+002
3.742000 3.000000e+002
3.744000 3.000000e+002
3.746000 3.000000e+002
3.748000 3.000000e+002
3.750000 3.000000e+002
3.752000 3.000000e+002
3.754000 3.000000e+002
3.756000 3.000000e+002
3.758000 3.000000e+002
3.760000 3.000000e+002
3.762000 3.000000e+002
3.764000 3.000000e+002
3.766000 3.000000e+002
3.768000 3.000000e+002
3.770000 3.000000e+002
3.772000 3.000000e+002
3.774000 3.000000e+002
3.776000 3.000000e+002
3.778000 3.000000e+002
3.780000 3.000000e+002
3.782000 3.000000e+002
3.784000 3.000000e+002
3.786000 3.000000e+002
3.788000 3.000000e+002
3.790000 3.000000e+002
3.792000 3.000000e+002
3.794000 3.000000e+002
3.796000 3.000000e+002
3.798000 3.000000e+002
3.800000 3.000000e+002
3.802000 3.000000e+002
3.804000 3.000000e+002
3.806000 3.000000e+002
3.808000 3.000000e+002
3.810000 3.000000e+002
3.812000 3.000000e+002
3.814000 3.000000e+002
3.816000 3.000000e+002
3.818000 3.000000e+002
3.820000 3.000000e+002
3.822000 3.000000e+002
3.824000 3.000000e+002
3.826000 3.000000e+002
3.828000 3.000000e+002
3.830000 3.000000e+002
3.832000 3.000000e+002
3.834000 3.000000e+002
3.836000 3.000000e+002
3.838000 3.000000e+002
3.840000 3.000000e+002
3.842000 3.000000e+002
3.844000 3.000000e+002
3.846000 3.000000e+002
3.848000 3.000000e+002
3.850000 3.000000e+002
3.852000 3.000000e+002
3.854000 3.000000e+002
3.856000 3.000000e+002
3.858000 3.000000e+002
3.860000 3.000000e+002
3.862000 3.000000e+002
3.864000 3.000000e+002
3.866000 3.000000e+002
3.868000 3.000000e+002
3.870000 3.000000e+002
3.872000 3.000000e+002
3.874000 3.000000e+002
3.876000 3.000000e+002
3.878000 3.000000e+002
3.880000 3.000000e+002
3.882000 3.000000e+002
3.884000 3.000000e+002
3.886000 3.000000e+002
3.888000 3.000000e+002
3.890000 3.000000e+002
3.892000 3.000000e+002
3.894000 3.000000e+002
3.896000 3.000000e+002
3.898000 3.000000e+002
3.900000 3.000000e+002
3.902000 3.000000e+002
3.904000 3.000000e+002
3.906000 3.000000e+002
3.908000 3.000000e+002
3.910000 3.000000e+002
3.912000 3.000000e+002
3.914000 3.000000e+002
3.916000 3.000000e+002
3.918000 3.000000e+002
3.920000 3.000000e+002
3.922000 3.000000e+002
3.924000 3.000000e+002
3.926000 3.000000e+002
3.928000 3.000000e+002
3.930000 3.000000e+002
3.932000 3.000000e+002
3.934000 3.000000e+002
3.936000 3.000000e+002
3.938000 3.000000e+002
3.940000 3.000000e+002
3.942000 3.000000e+002
3.944000 3.000000e+002
3.946000 3.000000e+002
3.948000 3.000000e+002
3.950000 3.000000e+002
3.952000 3.000000e+002
3.954000 3.000000e+002
3.956000 3.000000e+002
3.958000 3.000000e+002
3.960000 3.000000e+002
3.962000 3.000000e+002
3.964000 3.000000e+002
3.966000 3.000000e+002
3.968000 3.000000e+002
3.970000 3.000000e+002
3.972000 3.000000e+002
3.974000 3.000000e+002
3.976000 3.000000e+002
3.978000 3.000000e+002
3.980000 3.000000e+002
3.982000 3.000000e+002
3.984000 3.000000e+002
3.986000 3.000000e+002
3.988000 3.000000e+002
3.990000 3.000000e+002
3.992000 3.000000e+002
3.994000 3.000000e+002
3.996000 3.000000e+002
3.998000 3.000000e+002
