0.000000 3.148529e+002
0.002000 3.164831e+002
0.004000 3.181131e+002
0.006000 3.197428e+002
0.008000 3.213721e+002
0.010000 3.230012e+002
0.012000 3.246298e+002
0.014000 3.262580e+002
0.016000 3.278858e+002
0.018000 3.295132e+002
0.020000 3.311400e+002
0.022000 3.327664e+002
0.024000 3.343922e+002
0.026000 3.360174e+002
0.028000 3.376421e+002
0.030000 3.392662e+002
0.032000 3.408896e+002
0.034000 3.425123e+002
0.036000 3.441344e+002
0.038000 3.457557e+002
0.040000 3.473763e+002
0.042000 3.489960e+002
0.044000 3.506150e+002
0.046000 3.522332e+002
0.048000 3.538505e+002
0.050000 3.554670e+002
0.052000 3.570825e+002
0.054000 3.586971e+002
0.056000 3.603107e+002
0.058000 3.619234e+002
0.060000 3.635350e+002
0.062000 3.651456e+002
0.064000 3.667552e+002
0.066000 3.683636e+002
0.068000 3.699709e+002
0.070000 3.715771e+002
0.072000 3.731821e+002
0.074000 3.747860e+002
0.076000 3.763886e+002
0.078000 3.779899e+002
0.080000 3.795900e+002
0.082000 3.811888e+002
0.084000 3.827862e+002
0.086000 3.843823e+002
0.088000 3.859771e+002
0.090000 3.875704e+002
0.092000 3.891623e+002
0.094000 3.907527e+002
0.096000 3.923417e+002
0.098000 3.939291e+002
0.100000 3.955151e+002
0.102000 3.970994e+002
0.104000 3.986822e+002
0.106000 4.002634e+002
0.108000 4.018430e+002
0.110000 4.034209e+002
0.112000 4.049971e+002
0.114000 4.065716e+002
0.116000 4.081443e+002
0.118000 4.097153e+002
0.120000 4.112846e+002
0.122000 4.128520e+002
0.124000 4.144175e+002
0.126000 4.159813e+002
0.128000 4.175431e+002
0.130000 4.191030e+002
0.132000 4.206610e+002
0.134000 4.222170e+002
0.136000 4.237711e+002
0.138000 4.253231e+002
0.140000 4.268731e+002
0.142000 4.284210e+002
0.144000 4.299669e+002
0.146000 4.315107e+002
0.148000 4.330523e+002
0.150000 4.345917e+002
0.152000 4.361290e+002
0.154000 4.376641e+002
0.156000 4.391970e+002
0.158000 4.407276e+002
0.160000 4.422559e+002
0.162000 4.437819e+002
0.164000 4.453056e+002
0.166000 4.468270e+002
0.168000 4.483459e+002
0.170000 4.498625e+002
0.172000 4.513767e+002
0.174000 4.528884e+002
0.176000 4.543976e+002
0.178000 4.559044e+002
0.180000 4.574086e+002
0.182000 4.589103e+002
0.184000 4.604095e+002
0.186000 4.619060e+002
0.188000 4.634000e+002
0.190000 4.648913e+002
0.192000 4.663800e+002
0.194000 4.678660e+002
0.196000 4.693493e+002
0.198000 4.708298e+002
0.200000 4.723077e+002
0.202000 4.737827e+002
0.204000 4.752550e+002
0.206000 4.767244e+002
0.208000 4.781911e+002
0.210000 4.796548e+002
0.212000 4.811157e+002
0.214000 4.825737e+002
0.216000 4.840287e+002
0.218000 4.854808e+002
0.220000 4.869300e+002
0.222000 4.883761e+002
0.224000 4.898192e+002
0.226000 4.912593e+002
0.228000 4.926964e+002
0.230000 4.941303e+002
0.232000 4.955612e+002
0.234000 4.969890e+002
0.236000 4.984136e+002
0.238000 4.998350e+002
0.240000 5.012533e+002
0.242000 5.026683e+002
0.244000 5.040801e+002
0.246000 5.054887e+002
0.248000 5.068940e+002
0.250000 5.082960e+002
0.252000 5.096947e+002
0.254000 5.110901e+002
0.256000 5.124821e+002
0.258000 5.138708e+002
0.260000 5.152560e+002
0.262000 5.166379e+002
0.264000 5.180163e+002
0.266000 5.193913e+002
0.268000 5.207628e+002
0.270000 5.221307e+002
0.272000 5.234952e+002
0.274000 5.248562e+002
0.276000 5.262136e+002
0.278000 5.275674e+002
0.280000 5.289177e+002
0.282000 5.302643e+002
0.284000 5.316073e+002
0.286000 5.329466e+002
0.288000 5.342823e+002
0.290000 5.356143e+002
0.292000 5.369426e+002
0.294000 5.382672e+002
0.296000 5.395880e+002
0.298000 5.409050e+002
0.300000 5.422183e+002
0.302000 5.435278e+002
0.304000 5.448335e+002
0.306000 5.461353e+002
0.308000 5.474333e+002
0.310000 5.487274e+002
0.312000 5.500176e+002
0.314000 5.513039e+002
0.316000 5.525863e+002
0.318000 5.538647e+002
0.320000 5.551392e+002
0.322000 5.564097e+002
0.324000 5.576762e+002
0.326000 5.589387e+002
0.328000 5.601972e+002
0.330000 5.614516e+002
0.332000 5.627019e+002
0.334000 5.639482e+002
0.336000 5.651904e+002
0.338000 5.664285e+002
0.340000 5.676624e+002
0.342000 5.688922e+002
0.344000 5.701178e+002
0.346000 5.713393e+002
0.348000 5.725565e+002
0.350000 5.737696e+002
0.352000 5.749784e+002
0.354000 5.761830e+002
0.356000 5.773833e+002
0.358000 5.785794e+002
0.360000 5.797711e+002
0.362000 5.809586e+002
0.364000 5.821417e+002
0.366000 5.833205e+002
0.368000 5.844950e+002
0.370000 5.856651e+002
0.372000 5.868308e+002
0.374000 5.879921e+002
0.376000 5.891490e+002
0.378000 5.903015e+002
0.380000 5.914495e+002
0.382000 5.925931e+002
0.384000 5.937322e+002
0.386000 5.948669e+002
0.388000 5.959970e+002
0.390000 5.971227e+002
0.392000 5.982438e+002
0.394000 5.993604e+002
0.396000 6.004725e+002
0.398000 6.015800e+002
0.400000 6.026829e+002
0.402000 6.037812e+002
0.404000 6.048749e+002
0.406000 6.059640e+002
0.408000 6.070485e+002
0.410000 6.081284e+002
0.412000 6.092036e+002
0.414000 6.102741e+002
0.416000 6.113400e+002
0.418000 6.124011e+002
0.420000 6.134576e+002
0.422000 6.145093e+002
0.424000 6.155564e+002
0.426000 6.165987e+002
0.428000 6.176362e+002
0.430000 6.186690e+002
0.432000 6.196970e+002
0.434000 6.207203e+002
0.436000 6.217387e+002
0.438000 6.227524e+002
0.440000 6.237612e+002
0.442000 6.247652e+002
0.444000 6.257644e+002
0.446000 6.267587e+002
0.448000 6.277482e+002
0.450000 6.287328e+002
0.452000 6.297125e+002
0.454000 6.306873e+002
0.456000 6.316573e+002
0.458000 6.326223e+002
0.460000 6.335824e+002
0.462000 6.345376e+002
0.464000 6.354878e+002
0.466000 6.364331e+002
0.468000 6.373735e+002
0.470000 6.383089e+002
0.472000 6.392393e+002
0.474000 6.401647e+002
0.476000 6.410852e+002
0.478000 6.420006e+002
0.480000 6.429110e+002
0.482000 6.438165e+002
0.484000 6.447169e+002
0.486000 6.456122e+002
0.488000 6.465025e+002
0.490000 6.473878e+002
0.492000 6.482680e+002
0.494000 6.491432e+002
0.496000 6.500133e+002
0.498000 6.508783e+002
0.500000 6.517382e+002
0.502000 6.525930e+002
0.504000 6.534427e+002
0.506000 6.542874e+002
0.508000 6.551269e+002
0.510000 6.559612e+002
0.512000 6.567905e+002
0.514000 6.576146e+002
0.516000 6.584336e+002
0.518000 6.592474e+002
0.520000 6.600561e+002
0.522000 6.608596e+002
0.524000 6.616580e+002
0.526000 6.624512e+002
0.528000 6.632392e+002
0.530000 6.640220e+002
0.532000 6.647997e+002
0.534000 6.655721e+002
0.536000 6.663394e+002
0.538000 6.671014e+002
0.540000 6.678583e+002
0.542000 6.686099e+002
0.544000 6.693563e+002
0.546000 6.700975e+002
0.548000 6.708335e+002
0.550000 6.715642e+002
0.552000 6.722897e+002
0.554000 6.730100e+002
0.556000 6.737250e+002
0.558000 6.744348e+002
0.560000 6.751393e+002
0.562000 6.758386e+002
0.564000 6.765326e+002
0.566000 6.772213e+002
0.568000 6.779048e+002
0.570000 6.785831e+002
0.572000 6.792560e+002
0.574000 6.799237e+002
0.576000 6.805861e+002
0.578000 6.812432e+002
0.580000 6.818951e+002
0.582000 6.825417e+002
0.584000 6.831829e+002
0.586000 6.838189e+002
0.588000 6.844496e+002
0.590000 6.850751e+002
0.592000 6.856952e+002
0.594000 6.863100e+002
0.596000 6.869195e+002
0.598000 6.875238e+002
0.600000 6.881227e+002
0.602000 6.887163e+002
0.604000 6.893047e+002
0.606000 6.898877e+002
0.608000 6.904654e+002
0.610000 6.910379e+002
0.612000 6.916050e+002
0.614000 6.921668e+002
0.616000 6.927233e+002
0.618000 6.932745e+002
0.620000 6.938204e+002
0.622000 6.943610e+002
0.624000 6.948963e+002
0.626000 6.954263e+002
0.628000 6.959509e+002
0.630000 6.964703e+002
0.632000 6.969844e+002
0.634000 6.974931e+002
0.636000 6.979966e+002
0.638000 6.984948e+002
0.640000 6.989876e+002
0.642000 6.994752e+002
0.644000 6.999574e+002
0.646000 7.004344e+002
0.648000 7.009061e+002
0.650000 7.013724e+002
0.652000 7.018335e+002
0.654000 7.022893e+002
0.656000 7.027398e+002
0.658000 7.031850e+002
0.660000 7.036249e+002
0.662000 7.040596e+002
0.664000 7.044889e+002
0.666000 7.049130e+002
0.668000 7.053318e+002
0.670000 7.057454e+002
0.672000 7.061536e+002
0.674000 7.065566e+002
0.676000 7.069544e+002
0.678000 7.073468e+002
0.680000 7.077340e+002
0.682000 7.081160e+002
0.684000 7.084927e+002
0.686000 7.088642e+002
0.688000 7.092304e+002
0.690000 7.095914e+002
0.692000 7.099471e+002
0.694000 7.102976e+002
0.696000 7.106429e+002
0.698000 7.109830e+002
0.700000 7.113178e+002
0.702000 7.116475e+002
0.704000 7.119719e+002
0.706000 7.122911e+002
0.708000 7.126051e+002
0.710000 7.129139e+002
0.712000 7.132175e+002
0.714000 7.135159e+002
0.716000 7.138092e+002
0.718000 7.140973e+002
0.720000 7.143802e+002
0.722000 7.146579e+002
0.724000 7.149305e+002
0.726000 7.151979e+002
0.728000 7.154602e+002
0.730000 7.157173e+002
0.732000 7.159693e+002
0.734000 7.162162e+002
0.736000 7.164579e+002
0.738000 7.166946e+002
0.740000 7.169261e+002
0.742000 7.171525e+002
0.744000 7.173738e+002
0.746000 7.175900e+002
0.748000 7.178012e+002
0.750000 7.180072e+002
0.752000 7.182082e+002
0.754000 7.184041e+002
0.756000 7.185950e+002
0.758000 7.187808e+002
0.760000 7.189615e+002
0.762000 7.191373e+002
0.764000 7.193080e+002
0.766000 7.194737e+002
0.768000 7.196343e+002
0.770000 7.197900e+002
0.772000 7.199407e+002
0.774000 7.200864e+002
0.776000 7.202271e+002
0.778000 7.203628e+002
0.780000 7.204935e+002
0.782000 7.206193e+002
0.784000 7.207402e+002
0.786000 7.208561e+002
0.788000 7.209671e+002
0.790000 7.210732e+002
0.792000 7.211743e+002
0.794000 7.212706e+002
0.796000 7.213620e+002
0.798000 7.214484e+002
0.800000 7.215300e+002
0.802000 7.216067e+002
0.804000 7.216786e+002
0.806000 7.217456e+002
0.808000 7.218078e+002
0.810000 7.218652e+002
0.812000 7.219177e+002
0.814000 7.219654e+002
0.816000 7.220083e+002
0.818000 7.220465e+002
0.820000 7.220798e+002
0.822000 7.221084e+002
0.824000 7.221322e+002
0.826000 7.221513e+002
0.828000 7.221656e+002
0.830000 7.221752e+002
0.832000 7.221801e+002
0.834000 7.221803e+002
0.836000 7.221758e+002
0.838000 7.221666e+002
0.840000 7.221527e+002
0.842000 7.221341e+002
0.844000 7.221109e+002
0.846000 7.220831e+002
0.848000 7.220506e+002
0.850000 7.220135e+002
0.852000 7.219718e+002
0.854000 7.219255e+002
0.856000 7.218746e+002
0.858000 7.218192e+002
0.860000 7.217591e+002
0.862000 7.216945e+002
0.864000 7.216254e+002
0.866000 7.215518e+002
0.868000 7.214736e+002
0.870000 7.213909e+002
0.872000 7.213038e+002
0.874000 7.212121e+002
0.876000 7.211160e+002
0.878000 7.210155e+002
0.880000 7.209105e+002
0.882000 7.208010e+002
0.884000 7.206872e+002
0.886000 7.205689e+002
0.888000 7.204463e+002
0.890000 7.203192e+002
0.892000 7.201878e+002
0.894000 7.200521e+002
0.896000 7.199119e+002
0.898000 7.197675e+002
0.900000 7.196188e+002
0.902000 7.194657e+002
0.904000 7.193084e+002
0.906000 7.191467e+002
0.908000 7.189809e+002
0.910000 7.188107e+002
0.912000 7.186363e+002
0.914000 7.184577e+002
0.916000 7.182749e+002
0.918000 7.180879e+002
0.920000 7.178967e+002
0.922000 7.177014e+002
0.924000 7.175019e+002
0.926000 7.172982e+002
0.928000 7.170904e+002
0.930000 7.168785e+002
0.932000 7.166625e+002
0.934000 7.164424e+002
0.936000 7.162182e+002
0.938000 7.159900e+002
0.940000 7.157577e+002
0.942000 7.155214e+002
0.944000 7.152811e+002
0.946000 7.150368e+002
0.948000 7.147885e+002
0.950000 7.145362e+002
0.952000 7.142800e+002
0.954000 7.140198e+002
0.956000 7.137557e+002
0.958000 7.134877e+002
0.960000 7.132157e+002
0.962000 7.129399e+002
0.964000 7.126602e+002
0.966000 7.123767e+002
0.968000 7.120893e+002
0.970000 7.117981e+002
0.972000 7.115031e+002
0.974000 7.112043e+002
0.976000 7.109017e+002
0.978000 7.105953e+002
0.980000 7.102852e+002
0.982000 7.099713e+002
0.984000 7.096538e+002
0.986000 7.093325e+002
0.988000 7.090075e+002
0.990000 7.086788e+002
0.992000 7.083465e+002
0.994000 7.080106e+002
0.996000 7.076710e+002
0.998000 7.073278e+002
1.000000 7.069810e+002
1.002000 7.066306e+002
1.004000 7.062767e+002
1.006000 7.059192e+002
1.008000 7.055582e+002
1.010000 7.051936e+002
1.012000 7.048256e+002
1.014000 7.044540e+002
1.016000 7.040790e+002
1.018000 7.037005e+002
1.020000 7.033186e+002
1.022000 7.029333e+002
1.024000 7.025445e+002
1.026000 7.021524e+002
1.028000 7.017569e+002
1.030000 7.013580e+002
1.032000 7.009558e+002
1.034000 7.005502e+002
1.036000 7.001414e+002
1.038000 6.997292e+002
1.040000 6.993137e+002
1.042000 6.988950e+002
1.044000 6.984731e+002
1.046000 6.980479e+002
1.048000 6.976195e+002
1.050000 6.971879e+002
1.052000 6.967531e+002
1.054000 6.963151e+002
1.056000 6.958740e+002
1.058000 6.954298e+002
1.060000 6.949824e+002
1.062000 6.945320e+002
1.064000 6.940785e+002
1.066000 6.936218e+002
1.068000 6.931622e+002
1.070000 6.926995e+002
1.072000 6.922338e+002
1.074000 6.917651e+002
1.076000 6.912934e+002
1.078000 6.908187e+002
1.080000 6.903411e+002
1.082000 6.898605e+002
1.084000 6.893770e+002
1.086000 6.888907e+002
1.088000 6.884014e+002
1.090000 6.879093e+002
1.092000 6.874143e+002
1.094000 6.869165e+002
1.096000 6.864158e+002
1.098000 6.859124e+002
1.100000 6.854061e+002
1.102000 6.848972e+002
1.104000 6.843854e+002
1.106000 6.838709e+002
1.108000 6.833537e+002
1.110000 6.828338e+002
1.112000 6.823113e+002
1.114000 6.817860e+002
1.116000 6.812581e+002
1.118000 6.807276e+002
1.120000 6.801944e+002
1.122000 6.796587e+002
1.124000 6.791203e+002
1.126000 6.785794e+002
1.128000 6.780360e+002
1.130000 6.774900e+002
1.132000 6.769415e+002
1.134000 6.763905e+002
1.136000 6.758370e+002
1.138000 6.752811e+002
1.140000 6.747227e+002
1.142000 6.741619e+002
1.144000 6.735987e+002
1.146000 6.730330e+002
1.148000 6.724650e+002
1.150000 6.718947e+002
1.152000 6.713219e+002
1.154000 6.707469e+002
1.156000 6.701695e+002
1.158000 6.695899e+002
1.160000 6.690079e+002
1.162000 6.684237e+002
1.164000 6.678373e+002
1.166000 6.672486e+002
1.168000 6.666578e+002
1.170000 6.660647e+002
1.172000 6.654694e+002
1.174000 6.648720e+002
1.176000 6.642725e+002
1.178000 6.636708e+002
1.180000 6.630670e+002
1.182000 6.624611e+002
1.184000 6.618532e+002
1.186000 6.612432e+002
1.188000 6.606311e+002
1.190000 6.600170e+002
1.192000 6.594009e+002
1.194000 6.587829e+002
1.196000 6.581628e+002
1.198000 6.575408e+002
1.200000 6.569168e+002
1.202000 6.562910e+002
1.204000 6.556632e+002
1.206000 6.550335e+002
1.208000 6.544020e+002
1.210000 6.537686e+002
1.212000 6.531333e+002
1.214000 6.524962e+002
1.216000 6.518574e+002
1.218000 6.512167e+002
1.220000 6.505743e+002
1.222000 6.499301e+002
1.224000 6.492841e+002
1.226000 6.486365e+002
1.228000 6.479871e+002
1.230000 6.473360e+002
1.232000 6.466833e+002
1.234000 6.460289e+002
1.236000 6.453729e+002
1.238000 6.447152e+002
1.240000 6.440560e+002
1.242000 6.433951e+002
1.244000 6.427327e+002
1.246000 6.420687e+002
1.248000 6.414032e+002
1.250000 6.407361e+002
1.252000 6.400676e+002
1.254000 6.393975e+002
1.256000 6.387260e+002
1.258000 6.380530e+002
1.260000 6.373786e+002
1.262000 6.367027e+002
1.264000 6.360254e+002
1.266000 6.353467e+002
1.268000 6.346667e+002
1.270000 6.339853e+002
1.272000 6.333025e+002
1.274000 6.326184e+002
1.276000 6.319330e+002
1.278000 6.312463e+002
1.280000 6.305584e+002
1.282000 6.298691e+002
1.284000 6.291786e+002
1.286000 6.284869e+002
1.288000 6.277939e+002
1.290000 6.270998e+002
1.292000 6.264044e+002
1.294000 6.257079e+002
1.296000 6.250102e+002
1.298000 6.243114e+002
1.300000 6.236115e+002
1.302000 6.229105e+002
1.304000 6.222083e+002
1.306000 6.215051e+002
1.308000 6.208009e+002
1.310000 6.200956e+002
1.312000 6.193892e+002
1.314000 6.186819e+002
1.316000 6.179735e+002
1.318000 6.172642e+002
1.320000 6.165539e+002
1.322000 6.158426e+002
1.324000 6.151304e+002
1.326000 6.144173e+002
1.328000 6.137033e+002
1.330000 6.129884e+002
1.332000 6.122726e+002
1.334000 6.115560e+002
1.336000 6.108385e+002
1.338000 6.101202e+002
1.340000 6.094010e+002
1.342000 6.086811e+002
1.344000 6.079604e+002
1.346000 6.072389e+002
1.348000 6.065166e+002
1.350000 6.057937e+002
1.352000 6.050700e+002
1.354000 6.043455e+002
1.356000 6.036204e+002
1.358000 6.028946e+002
1.360000 6.021682e+002
1.362000 6.014411e+002
1.364000 6.007133e+002
1.366000 5.999849e+002
1.368000 5.992560e+002
1.370000 5.985264e+002
1.372000 5.977963e+002
1.374000 5.970655e+002
1.376000 5.963343e+002
1.378000 5.956025e+002
1.380000 5.948702e+002
1.382000 5.941373e+002
1.384000 5.934040e+002
1.386000 5.926702e+002
1.388000 5.919360e+002
1.390000 5.912013e+002
1.392000 5.904661e+002
1.394000 5.897306e+002
1.396000 5.889946e+002
1.398000 5.882582e+002
1.400000 5.875215e+002
1.402000 5.867844e+002
1.404000 5.860469e+002
1.406000 5.853091e+002
1.408000 5.845710e+002
1.410000 5.838326e+002
1.412000 5.830938e+002
1.414000 5.823548e+002
1.416000 5.816155e+002
1.418000 5.808760e+002
1.420000 5.801362e+002
1.422000 5.793962e+002
1.424000 5.786559e+002
1.426000 5.779155e+002
1.428000 5.771749e+002
1.430000 5.764341e+002
1.432000 5.756931e+002
1.434000 5.749520e+002
1.436000 5.742107e+002
1.438000 5.734693e+002
1.440000 5.727278e+002
1.442000 5.719863e+002
1.444000 5.712446e+002
1.446000 5.705028e+002
1.448000 5.697610e+002
1.450000 5.690192e+002
1.452000 5.682773e+002
1.454000 5.675354e+002
1.456000 5.667934e+002
1.458000 5.660515e+002
1.460000 5.653096e+002
1.462000 5.645678e+002
1.464000 5.638259e+002
1.466000 5.630841e+002
1.468000 5.623424e+002
1.470000 5.616008e+002
1.472000 5.608592e+002
1.474000 5.601178e+002
1.476000 5.593765e+002
1.478000 5.586353e+002
1.480000 5.578942e+002
1.482000 5.571533e+002
1.484000 5.564125e+002
1.486000 5.556719e+002
1.488000 5.549315e+002
1.490000 5.541913e+002
1.492000 5.534514e+002
1.494000 5.527116e+002
1.496000 5.519720e+002
1.498000 5.512327e+002
1.500000 5.504937e+002
1.502000 5.497549e+002
1.504000 5.490164e+002
1.506000 5.482782e+002
1.508000 5.475403e+002
1.510000 5.468027e+002
1.512000 5.460655e+002
1.514000 5.453285e+002
1.516000 5.445919e+002
1.518000 5.438557e+002
1.520000 5.431198e+002
1.522000 5.423843e+002
1.524000 5.416492e+002
1.526000 5.409145e+002
1.528000 5.401802e+002
1.530000 5.394464e+002
1.532000 5.387129e+002
1.534000 5.379799e+002
1.536000 5.372474e+002
1.538000 5.365153e+002
1.540000 5.357837e+002
1.542000 5.350526e+002
1.544000 5.343219e+002
1.546000 5.335918e+002
1.548000 5.328622e+002
1.550000 5.321331e+002
1.552000 5.314046e+002
1.554000 5.306765e+002
1.556000 5.299491e+002
1.558000 5.292222e+002
1.560000 5.284959e+002
1.562000 5.277702e+002
1.564000 5.270450e+002
1.566000 5.263205e+002
1.568000 5.255966e+002
1.570000 5.248733e+002
1.572000 5.241506e+002
1.574000 5.234286e+002
1.576000 5.227072e+002
1.578000 5.219865e+002
1.580000 5.212665e+002
1.582000 5.205471e+002
1.584000 5.198285e+002
1.586000 5.191105e+002
1.588000 5.183932e+002
1.590000 5.176767e+002
1.592000 5.169609e+002
1.594000 5.162458e+002
1.596000 5.155314e+002
1.598000 5.148178e+002
1.600000 5.141050e+002
1.602000 5.133929e+002
1.604000 5.126816e+002
1.606000 5.119711e+002
1.608000 5.112614e+002
1.610000 5.105525e+002
1.612000 5.098445e+002
1.614000 5.091372e+002
1.616000 5.084307e+002
1.618000 5.077251e+002
1.620000 5.070204e+002
1.622000 5.063165e+002
1.624000 5.056134e+002
1.626000 5.049113e+002
1.628000 5.042100e+002
1.630000 5.035096e+002
1.632000 5.028100e+002
1.634000 5.021114e+002
1.636000 5.014137e+002
1.638000 5.007169e+002
1.640000 5.000211e+002
1.642000 4.993261e+002
1.644000 4.986321e+002
1.646000 4.979391e+002
1.648000 4.972470e+002
1.650000 4.965559e+002
1.652000 4.958657e+002
1.654000 4.951765e+002
1.656000 4.944883e+002
1.658000 4.938011e+002
1.660000 4.931149e+002
1.662000 4.924297e+002
1.664000 4.917455e+002
1.666000 4.910623e+002
1.668000 4.903802e+002
1.670000 4.896990e+002
1.672000 4.890190e+002
1.674000 4.883399e+002
1.676000 4.876620e+002
1.678000 4.869850e+002
1.680000 4.863092e+002
1.682000 4.856344e+002
1.684000 4.849607e+002
1.686000 4.842881e+002
1.688000 4.836166e+002
1.690000 4.829462e+002
1.692000 4.822768e+002
1.694000 4.816086e+002
1.696000 4.809415e+002
1.698000 4.802756e+002
1.700000 4.796107e+002
1.702000 4.789470e+002
1.704000 4.782845e+002
1.706000 4.776230e+002
1.708000 4.769628e+002
1.710000 4.763037e+002
1.712000 4.756457e+002
1.714000 4.749890e+002
1.716000 4.743334e+002
1.718000 4.736789e+002
1.720000 4.730257e+002
1.722000 4.723737e+002
1.724000 4.717228e+002
1.726000 4.710732e+002
1.728000 4.704248e+002
1.730000 4.697776e+002
1.732000 4.691316e+002
1.734000 4.684868e+002
1.736000 4.678432e+002
1.738000 4.672009e+002
1.740000 4.665599e+002
1.742000 4.659200e+002
1.744000 4.652814e+002
1.746000 4.646441e+002
1.748000 4.640081e+002
1.750000 4.633732e+002
1.752000 4.627397e+002
1.754000 4.621074e+002
1.756000 4.614765e+002
1.758000 4.608467e+002
1.760000 4.602183e+002
1.762000 4.595912e+002
1.764000 4.589654e+002
1.766000 4.583408e+002
1.768000 4.577176e+002
1.770000 4.570957e+002
1.772000 4.564750e+002
1.774000 4.558557e+002
1.776000 4.552378e+002
1.778000 4.546211e+002
1.780000 4.540058e+002
1.782000 4.533918e+002
1.784000 4.527791e+002
1.786000 4.521678e+002
1.788000 4.515578e+002
1.790000 4.509492e+002
1.792000 4.503419e+002
1.794000 4.497360e+002
1.796000 4.491314e+002
1.798000 4.485282e+002
1.800000 4.479263e+002
1.802000 4.473259e+002
1.804000 4.467268e+002
1.806000 4.461290e+002
1.808000 4.455327e+002
1.810000 4.449377e+002
1.812000 4.443441e+002
1.814000 4.437519e+002
1.816000 4.431611e+002
1.818000 4.425717e+002
1.820000 4.419837e+002
1.822000 4.413971e+002
1.824000 4.408119e+002
1.826000 4.402281e+002
1.828000 4.396457e+002
1.830000 4.390647e+002
1.832000 4.384851e+002
1.834000 4.379070e+002
1.836000 4.373302e+002
1.838000 4.367549e+002
1.840000 4.361810e+002
1.842000 4.356086e+002
1.844000 4.350375e+002
1.846000 4.344679e+002
1.848000 4.338998e+002
1.850000 4.333330e+002
1.852000 4.327678e+002
1.854000 4.322039e+002
1.856000 4.316415e+002
1.858000 4.310805e+002
1.860000 4.305210e+002
1.862000 4.299630e+002
1.864000 4.294064e+002
1.866000 4.288512e+002
1.868000 4.282975e+002
1.870000 4.277453e+002
1.872000 4.271945e+002
1.874000 4.266452e+002
1.876000 4.260973e+002
1.878000 4.255509e+002
1.880000 4.250060e+002
1.882000 4.244625e+002
1.884000 4.239205e+002
1.886000 4.233800e+002
1.888000 4.228409e+002
1.890000 4.223034e+002
1.892000 4.217673e+002
1.894000 4.212327e+002
1.896000 4.206995e+002
1.898000 4.201679e+002
1.900000 4.196377e+002
1.902000 4.191090e+002
1.904000 4.185818e+002
1.906000 4.180560e+002
1.908000 4.175318e+002
1.910000 4.170090e+002
1.912000 4.164877e+002
1.914000 4.159680e+002
1.916000 4.154497e+002
1.918000 4.149329e+002
1.920000 4.144176e+002
1.922000 4.139037e+002
1.924000 4.133914e+002
1.926000 4.128806e+002
1.928000 4.123712e+002
1.930000 4.118634e+002
1.932000 4.113570e+002
1.934000 4.108522e+002
1.936000 4.103488e+002
1.938000 4.098470e+002
1.940000 4.093466e+002
1.942000 4.088478e+002
1.944000 4.083504e+002
1.946000 4.078545e+002
1.948000 4.073602e+002
1.950000 4.068673e+002
1.952000 4.063759e+002
1.954000 4.058861e+002
1.956000 4.053977e+002
1.958000 4.049109e+002
1.960000 4.044255e+002
1.962000 4.039416e+002
1.964000 4.034593e+002
1.966000 4.029784e+002
1.968000 4.024991e+002
1.970000 4.020212e+002
1.972000 4.015449e+002
1.974000 4.010700e+002
1.976000 4.005967e+002
1.978000 4.001248e+002
1.980000 3.996545e+002
1.982000 3.991856e+002
1.984000 3.987183e+002
1.986000 3.982524e+002
1.988000 3.977881e+002
1.990000 3.973252e+002
1.992000 3.968638e+002
1.994000 3.964040e+002
1.996000 3.959456e+002
1.998000 3.954888e+002
2.000000 3.950334e+002
2.002000 3.945795e+002
2.004000 3.941272e+002
2.006000 3.936763e+002
2.008000 3.932269e+002
2.010000 3.927790e+002
2.012000 3.923326e+002
2.014000 3.918877e+002
2.016000 3.914443e+002
2.018000 3.910023e+002
2.020000 3.905619e+002
2.022000 3.901230e+002
2.024000 3.896855e+002
2.026000 3.892495e+002
2.028000 3.888150e+002
2.030000 3.883820e+002
2.032000 3.879505e+002
2.034000 3.875205e+002
2.036000 3.870919e+002
2.038000 3.866649e+002
2.040000 3.862393e+002
2.042000 3.858151e+002
2.044000 3.853925e+002
2.046000 3.849713e+002
2.048000 3.845517e+002
2.050000 3.841334e+002
2.052000 3.837167e+002
2.054000 3.833014e+002
2.056000 3.828876e+002
2.058000 3.824753e+002
2.060000 3.820644e+002
2.062000 3.816550e+002
2.064000 3.812471e+002
2.066000 3.808406e+002
2.068000 3.804356e+002
2.070000 3.800321e+002
2.072000 3.796300e+002
2.074000 3.792293e+002
2.076000 3.788301e+002
2.078000 3.784324e+002
2.080000 3.780361e+002
2.082000 3.776413e+002
2.084000 3.772479e+002
2.086000 3.768560e+002
2.088000 3.764655e+002
2.090000 3.760765e+002
2.092000 3.756889e+002
2.094000 3.753027e+002
2.096000 3.749180e+002
2.098000 3.745347e+002
2.100000 3.741528e+002
2.102000 3.737724e+002
2.104000 3.733934e+002
2.106000 3.730158e+002
2.108000 3.726397e+002
2.110000 3.722650e+002
2.112000 3.718917e+002
2.114000 3.715198e+002
2.116000 3.711494e+002
2.118000 3.707803e+002
2.120000 3.704127e+002
2.122000 3.700465e+002
2.124000 3.696817e+002
2.126000 3.693183e+002
2.128000 3.689563e+002
2.130000 3.685957e+002
2.132000 3.682365e+002
2.134000 3.678788e+002
2.136000 3.675224e+002
2.138000 3.671674e+002
2.140000 3.668138e+002
2.142000 3.664616e+002
2.144000 3.661108e+002
2.146000 3.657613e+002
2.148000 3.654133e+002
2.150000 3.650666e+002
2.152000 3.647213e+002
2.154000 3.643774e+002
2.156000 3.640348e+002
2.158000 3.636937e+002
2.160000 3.633539e+002
2.162000 3.630154e+002
2.164000 3.626783e+002
2.166000 3.623426e+002
2.168000 3.620083e+002
2.170000 3.616753e+002
2.172000 3.613436e+002
2.174000 3.610133e+002
2.176000 3.606844e+002
2.178000 3.603568e+002
2.180000 3.600305e+002
2.182000 3.597056e+002
2.184000 3.593820e+002
2.186000 3.590598e+002
2.188000 3.587389e+002
2.190000 3.584193e+002
2.192000 3.581011e+002
2.194000 3.577841e+002
2.196000 3.574685e+002
2.198000 3.571542e+002
2.200000 3.568413e+002
2.202000 3.565296e+002
2.204000 3.562193e+002
2.206000 3.559102e+002
2.208000 3.556025e+002
2.210000 3.552961e+002
2.212000 3.549909e+002
2.214000 3.546871e+002
2.216000 3.543846e+002
2.218000 3.540833e+002
2.220000 3.537834e+002
2.222000 3.534847e+002
2.224000 3.531873e+002
2.226000 3.528912e+002
2.228000 3.525963e+002
2.230000 3.523028e+002
2.232000 3.520105e+002
2.234000 3.517195e+002
2.236000 3.514297e+002
2.238000 3.511412e+002
2.240000 3.508540e+002
2.242000 3.505680e+002
2.244000 3.502833e+002
2.246000 3.499998e+002
2.248000 3.497175e+002
2.250000 3.494366e+002
2.252000 3.491568e+002
2.254000 3.488783e+002
2.256000 3.486010e+002
2.258000 3.483250e+002
2.260000 3.480501e+002
2.262000 3.477766e+002
2.264000 3.475042e+002
2.266000 3.472330e+002
2.268000 3.469631e+002
2.270000 3.466944e+002
2.272000 3.464269e+002
2.274000 3.461605e+002
2.276000 3.458954e+002
2.278000 3.456315e+002
2.280000 3.453688e+002
2.282000 3.451073e+002
2.284000 3.448470e+002
2.286000 3.445879e+002
2.288000 3.443299e+002
2.290000 3.440731e+002
2.292000 3.438176e+002
2.294000 3.435631e+002
2.296000 3.433099e+002
2.298000 3.430578e+002
2.300000 3.428069e+002
2.302000 3.425571e+002
2.304000 3.423086e+002
2.306000 3.420611e+002
2.308000 3.418148e+002
2.310000 3.415697e+002
2.312000 3.413257e+002
2.314000 3.410828e+002
2.316000 3.408411e+002
2.318000 3.406006e+002
2.320000 3.403611e+002
2.322000 3.401228e+002
2.324000 3.398856e+002
2.326000 3.396495e+002
2.328000 3.394146e+002
2.330000 3.391808e+002
2.332000 3.389480e+002
2.334000 3.387164e+002
2.336000 3.384859e+002
2.338000 3.382565e+002
2.340000 3.380282e+002
2.342000 3.378010e+002
2.344000 3.375749e+002
2.346000 3.373499e+002
2.348000 3.371259e+002
2.350000 3.369031e+002
2.352000 3.366813e+002
2.354000 3.364606e+002
2.356000 3.362410e+002
2.358000 3.360224e+002
2.360000 3.358049e+002
2.362000 3.355885e+002
2.364000 3.353731e+002
2.366000 3.351588e+002
2.368000 3.349455e+002
2.370000 3.347333e+002
2.372000 3.345221e+002
2.374000 3.343120e+002
2.376000 3.341029e+002
2.378000 3.338948e+002
2.380000 3.336878e+002
2.382000 3.334818e+002
2.384000 3.332768e+002
2.386000 3.330729e+002
2.388000 3.328699e+002
2.390000 3.326680e+002
2.392000 3.324671e+002
2.394000 3.322672e+002
2.396000 3.320683e+002
2.398000 3.318704e+002
2.400000 3.316735e+002
2.402000 3.314776e+002
2.404000 3.312827e+002
2.406000 3.310888e+002
2.408000 3.308958e+002
2.410000 3.307039e+002
2.412000 3.305129e+002
2.414000 3.303229e+002
2.416000 3.301339e+002
2.418000 3.299458e+002
2.420000 3.297587e+002
2.422000 3.295726e+002
2.424000 3.293874e+002
2.426000 3.292031e+002
2.428000 3.290199e+002
2.430000 3.288375e+002
2.432000 3.286561e+002
2.434000 3.284757e+002
2.436000 3.282962e+002
2.438000 3.281176e+002
2.440000 3.279399e+002
2.442000 3.277632e+002
2.444000 3.275874e+002
2.446000 3.274125e+002
2.448000 3.272386e+002
2.450000 3.270655e+002
2.452000 3.268934e+002
2.454000 3.267221e+002
2.456000 3.265518e+002
2.458000 3.263824e+002
2.460000 3.262138e+002
2.462000 3.260462e+002
2.464000 3.258794e+002
2.466000 3.257136e+002
2.468000 3.255486e+002
2.470000 3.253845e+002
2.472000 3.252213e+002
2.474000 3.250589e+002
2.476000 3.248974e+002
2.478000 3.247368e+002
2.480000 3.245770e+002
2.482000 3.244181e+002
2.484000 3.242601e+002
2.486000 3.241029e+002
2.488000 3.239466e+002
2.490000 3.237911e+002
2.492000 3.236364e+002
2.494000 3.234826e+002
2.496000 3.233297e+002
2.498000 3.231775e+002
2.500000 3.230262e+002
2.502000 3.228757e+002
2.504000 3.227261e+002
2.506000 3.225772e+002
2.508000 3.224292e+002
2.510000 3.222820e+002
2.512000 3.221356e+002
2.514000 3.219900e+002
2.516000 3.218452e+002
2.518000 3.217012e+002
2.520000 3.215581e+002
2.522000 3.214157e+002
2.524000 3.212741e+002
2.526000 3.211332e+002
2.528000 3.209932e+002
2.530000 3.208540e+002
2.532000 3.207155e+002
2.534000 3.205778e+002
2.536000 3.204408e+002
2.538000 3.203047e+002
2.540000 3.201693e+002
2.542000 3.200347e+002
2.544000 3.199008e+002
2.546000 3.197677e+002
2.548000 3.196353e+002
2.550000 3.195037e+002
2.552000 3.193728e+002
2.554000 3.192427e+002
2.556000 3.191133e+002
2.558000 3.189846e+002
2.560000 3.188567e+002
2.562000 3.187295e+002
2.564000 3.186030e+002
2.566000 3.184773e+002
2.568000 3.183523e+002
2.570000 3.182280e+002
2.572000 3.181044e+002
2.574000 3.179815e+002
2.576000 3.178593e+002
2.578000 3.177379e+002
2.580000 3.176171e+002
2.582000 3.174970e+002
2.584000 3.173777e+002
2.586000 3.172590e+002
2.588000 3.171410e+002
2.590000 3.170237e+002
2.592000 3.169071e+002
2.594000 3.167911e+002
2.596000 3.166759e+002
2.598000 3.165613e+002
2.600000 3.164474e+002
2.602000 3.163341e+002
2.604000 3.162216e+002
2.606000 3.161097e+002
2.608000 3.159984e+002
2.610000 3.158878e+002
2.612000 3.157778e+002
2.614000 3.156686e+002
2.616000 3.155599e+002
2.618000 3.154519e+002
2.620000 3.153445e+002
2.622000 3.152378e+002
2.624000 3.151317e+002
2.626000 3.150263e+002
2.628000 3.149214e+002
2.630000 3.148172e+002
2.632000 3.147137e+002
2.634000 3.146107e+002
2.636000 3.145084e+002
2.638000 3.144066e+002
2.640000 3.143055e+002
2.642000 3.142050e+002
2.644000 3.141051e+002
2.646000 3.140059e+002
2.648000 3.139072e+002
2.650000 3.138091e+002
2.652000 3.137116e+002
2.654000 3.136147e+002
2.656000 3.135184e+002
2.658000 3.134226e+002
2.660000 3.133275e+002
2.662000 3.132329e+002
2.664000 3.131390e+002
2.666000 3.130455e+002
2.668000 3.129527e+002
2.670000 3.128604e+002
2.672000 3.127687e+002
2.674000 3.126776e+002
2.676000 3.125870e+002
2.678000 3.124970e+002
2.680000 3.124076e+002
2.682000 3.123187e+002
2.684000 3.122303e+002
2.686000 3.121425e+002
2.688000 3.120553e+002
2.690000 3.119685e+002
2.692000 3.118824e+002
2.694000 3.117967e+002
2.696000 3.117116e+002
2.698000 3.116270e+002
2.700000 3.115430e+002
2.702000 3.114595e+002
2.704000 3.113765e+002
2.706000 3.112940e+002
2.708000 3.112121e+002
2.710000 3.111306e+002
2.712000 3.110497e+002
2.714000 3.109693e+002
2.716000 3.108894e+002
2.718000 3.108100e+002
2.720000 3.107311e+002
2.722000 3.106527e+002
2.724000 3.105748e+002
2.726000 3.104974e+002
2.728000 3.104205e+002
2.730000 3.103441e+002
2.732000 3.102682e+002
2.734000 3.101927e+002
2.736000 3.101178e+002
2.738000 3.100433e+002
2.740000 3.099693e+002
2.742000 3.098958e+002
2.744000 3.098227e+002
2.746000 3.097501e+002
2.748000 3.096780e+002
2.750000 3.096064e+002
2.752000 3.095352e+002
2.754000 3.094644e+002
2.756000 3.093942e+002
2.758000 3.093244e+002
2.760000 3.092550e+002
2.762000 3.091861e+002
2.764000 3.091176e+002
2.766000 3.090496e+002
2.768000 3.089821e+002
2.770000 3.089149e+002
2.772000 3.088483e+002
2.774000 3.087820e+002
2.776000 3.087162e+002
2.778000 3.086508e+002
2.780000 3.085859e+002
2.782000 3.085213e+002
2.784000 3.084572e+002
2.786000 3.083935e+002
2.788000 3.083303e+002
2.790000 3.082675e+002
2.792000 3.082050e+002
2.794000 3.081430e+002
2.796000 3.080814e+002
2.798000 3.080202e+002
2.800000 3.079595e+002
2.802000 3.078991e+002
2.804000 3.078391e+002
2.806000 3.077795e+002
2.808000 3.077204e+002
2.810000 3.076616e+002
2.812000 3.076032e+002
2.814000 3.075452e+002
2.816000 3.074876e+002
2.818000 3.074304e+002
2.820000 3.073736e+002
2.822000 3.073171e+002
2.824000 3.072610e+002
2.826000 3.072053e+002
2.828000 3.071500e+002
2.830000 3.070951e+002
2.832000 3.070405e+002
2.834000 3.069863e+002
2.836000 3.069325e+002
2.838000 3.068791e+002
2.840000 3.068260e+002
2.842000 3.067732e+002
2.844000 3.067208e+002
2.846000 3.066688e+002
2.848000 3.066172e+002
2.850000 3.065659e+002
2.852000 3.065149e+002
2.854000 3.064643e+002
2.856000 3.064140e+002
2.858000 3.063641e+002
2.860000 3.063146e+002
2.862000 3.062653e+002
2.864000 3.062165e+002
2.866000 3.061679e+002
2.868000 3.061197e+002
2.870000 3.060718e+002
2.872000 3.060243e+002
2.874000 3.059771e+002
2.876000 3.059302e+002
2.878000 3.058836e+002
2.880000 3.058374e+002
2.882000 3.057914e+002
2.884000 3.057459e+002
2.886000 3.057006e+002
2.888000 3.056556e+002
2.890000 3.056110e+002
2.892000 3.055666e+002
2.894000 3.055226e+002
2.896000 3.054789e+002
2.898000 3.054355e+002
2.900000 3.053924e+002
2.902000 3.053496e+002
2.904000 3.053071e+002
2.906000 3.052649e+002
2.908000 3.052230e+002
2.910000 3.051814e+002
2.912000 3.051401e+002
2.914000 3.050991e+002
2.916000 3.050584e+002
2.918000 3.050180e+002
2.920000 3.049779e+002
2.922000 3.049380e+002
2.924000 3.048984e+002
2.926000 3.048591e+002
2.928000 3.048201e+002
2.930000 3.047814e+002
2.932000 3.047430e+002
2.934000 3.047048e+002
2.936000 3.046669e+002
2.938000 3.046293e+002
2.940000 3.045919e+002
2.942000 3.045548e+002
2.944000 3.045180e+002
2.946000 3.044815e+002
2.948000 3.044452e+002
2.950000 3.044092e+002
2.952000 3.043734e+002
2.954000 3.043379e+002
2.956000 3.043026e+002
2.958000 3.042677e+002
2.960000 3.042329e+002
2.962000 3.041984e+002
2.964000 3.041642e+002
2.966000 3.041302e+002
2.968000 3.040965e+002
2.970000 3.040630e+002
2.972000 3.040298e+002
2.974000 3.039968e+002
2.976000 3.039640e+002
2.978000 3.039315e+002
2.980000 3.038992e+002
2.982000 3.038672e+002
2.984000 3.038354e+002
2.986000 3.038038e+002
2.988000 3.037725e+002
2.990000 3.037414e+002
2.992000 3.037105e+002
2.994000 3.036799e+002
2.996000 3.036494e+002
2.998000 3.036193e+002
3.000000 3.035893e+002
3.002000 3.035595e+002
3.004000 3.035300e+002
3.006000 3.035007e+002
3.008000 3.034716e+002
3.010000 3.034428e+002
3.012000 3.034141e+002
3.014000 3.033857e+002
3.016000 3.033575e+002
3.018000 3.033295e+002
3.020000 3.033017e+002
3.022000 3.032741e+002
3.024000 3.032467e+002
3.026000 3.032195e+002
3.028000 3.031925e+002
3.030000 3.031658e+002
3.032000 3.031392e+002
3.034000 3.031128e+002
3.036000 3.030867e+002
3.038000 3.030607e+002
3.040000 3.030349e+002
3.042000 3.030093e+002
3.044000 3.029840e+002
3.046000 3.029588e+002
3.048000 3.029338e+002
3.050000 3.029090e+002
3.052000 3.028844e+002
3.054000 3.028599e+002
3.056000 3.028357e+002
3.058000 3.028116e+002
3.060000 3.027878e+002
3.062000 3.027641e+002
3.064000 3.027406e+002
3.066000 3.027172e+002
3.068000 3.026941e+002
3.070000 3.026711e+002
3.072000 3.026483e+002
3.074000 3.026257e+002
3.076000 3.026033e+002
3.078000 3.025810e+002
3.080000 3.025589e+002
3.082000 3.025370e+002
3.084000 3.025152e+002
3.086000 3.024937e+002
3.088000 3.024722e+002
3.090000 3.024510e+002
3.092000 3.024299e+002
3.094000 3.024090e+002
3.096000 3.023882e+002
3.098000 3.023676e+002
3.100000 3.023472e+002
3.102000 3.023269e+002
3.104000 3.023068e+002
3.106000 3.022869e+002
3.108000 3.022671e+002
3.110000 3.022474e+002
3.112000 3.022279e+002
3.114000 3.022086e+002
3.116000 3.021894e+002
3.118000 3.021704e+002
3.120000 3.021515e+002
3.122000 3.021327e+002
3.124000 3.021142e+002
3.126000 3.020957e+002
3.128000 3.020774e+002
3.130000 3.020593e+002
3.132000 3.020413e+002
3.134000 3.020234e+002
3.136000 3.020057e+002
3.138000 3.019881e+002
3.140000 3.019707e+002
3.142000 3.019534e+002
3.144000 3.019362e+002
3.146000 3.019192e+002
3.148000 3.019023e+002
3.150000 3.018856e+002
3.152000 3.018689e+002
3.154000 3.018525e+002
3.156000 3.018361e+002
3.158000 3.018199e+002
3.160000 3.018038e+002
3.162000 3.017878e+002
3.164000 3.017720e+002
3.166000 3.017563e+002
3.168000 3.017407e+002
3.170000 3.017253e+002
3.172000 3.017099e+002
3.174000 3.016947e+002
3.176000 3.016797e+002
3.178000 3.016647e+002
3.180000 3.016499e+002
3.182000 3.016352e+002
3.184000 3.016206e+002
3.186000 3.016061e+002
3.188000 3.015917e+002
3.190000 3.015775e+002
3.192000 3.015634e+002
3.194000 3.015494e+002
3.196000 3.015355e+002
3.198000 3.015217e+002
3.200000 3.015080e+002
3.202000 3.014945e+002
3.204000 3.014810e+002
3.206000 3.014677e+002
3.208000 3.014545e+002
3.210000 3.014414e+002
3.212000 3.014284e+002
3.214000 3.014155e+002
3.216000 3.014027e+002
3.218000 3.013900e+002
3.220000 3.013774e+002
3.222000 3.013649e+002
3.224000 3.013525e+002
3.226000 3.013403e+002
3.228000 3.013281e+002
3.230000 3.013160e+002
3.232000 3.013041e+002
3.234000 3.012922e+002
3.236000 3.012804e+002
3.238000 3.012688e+002
3.240000 3.012572e+002
3.242000 3.012457e+002
3.244000 3.012343e+002
3.246000 3.012231e+002
3.248000 3.012119e+002
3.250000 3.012008e+002
3.252000 3.011898e+002
3.254000 3.011789e+002
3.256000 3.011680e+002
3.258000 3.011573e+002
3.260000 3.011467e+002
3.262000 3.011361e+002
3.264000 3.011257e+002
3.266000 3.011153e+002
3.268000 3.011050e+002
3.270000 3.010948e+002
3.272000 3.010847e+002
3.274000 3.010747e+002
3.276000 3.010648e+002
3.278000 3.010549e+002
3.280000 3.010451e+002
3.282000 3.010355e+002
3.284000 3.010259e+002
3.286000 3.010163e+002
3.288000 3.010069e+002
3.290000 3.009975e+002
3.292000 3.009883e+002
3.294000 3.009791e+002
3.296000 3.009699e+002
3.298000 3.009609e+002
3.300000 3.009519e+002
3.302000 3.009430e+002
3.304000 3.009342e+002
3.306000 3.009255e+002
3.308000 3.009168e+002
3.310000 3.009083e+002
3.312000 3.008997e+002
3.314000 3.008913e+002
3.316000 3.008829e+002
3.318000 3.008746e+002
3.320000 3.008664e+002
3.322000 3.008583e+002
3.324000 3.008502e+002
3.326000 3.008422e+002
3.328000 3.008343e+002
3.330000 3.008264e+002
3.332000 3.008186e+002
3.334000 3.008109e+002
3.336000 3.008032e+002
3.338000 3.007956e+002
3.340000 3.007881e+002
3.342000 3.007806e+002
3.344000 3.007732e+002
3.346000 3.007659e+002
3.348000 3.007586e+002
3.350000 3.007514e+002
3.352000 3.007442e+002
3.354000 3.007372e+002
3.356000 3.007301e+002
3.358000 3.007232e+002
3.360000 3.007163e+002
3.362000 3.007094e+002
3.364000 3.007027e+002
3.366000 3.006960e+002
3.368000 3.006893e+002
3.370000 3.006827e+002
3.372000 3.006762e+002
3.374000 3.006697e+002
3.376000 3.006633e+002
3.378000 3.006569e+002
3.380000 3.006506e+002
3.382000 3.006443e+002
3.384000 3.006382e+002
3.386000 3.006320e+002
3.388000 3.006259e+002
3.390000 3.006199e+002
3.392000 3.006139e+002
3.394000 3.006080e+002
3.396000 3.006021e+002
3.398000 3.005963e+002
3.400000 3.005905e+002
3.402000 3.005848e+002
3.404000 3.005792e+002
3.406000 3.005736e+002
3.408000 3.005680e+002
3.410000 3.005625e+002
3.412000 3.005570e+002
3.414000 3.005516e+002
3.416000 3.005463e+002
3.418000 3.005409e+002
3.420000 3.005357e+002
3.422000 3.005305e+002
3.424000 3.005253e+002
3.426000 3.005202e+002
3.428000 3.005151e+002
3.430000 3.005101e+002
3.432000 3.005051e+002
3.434000 3.005001e+002
3.436000 3.004952e+002
3.438000 3.004904e+002
3.440000 3.004856e+002
3.442000 3.004808e+002
3.444000 3.004761e+002
3.446000 3.004714e+002
3.448000 3.004668e+002
3.450000 3.004622e+002
3.452000 3.004577e+002
3.454000 3.004532e+002
3.456000 3.004487e+002
3.458000 3.004443e+002
3.460000 3.004399e+002
3.462000 3.004356e+002
3.464000 3.004313e+002
3.466000 3.004270e+002
3.468000 3.004228e+002
3.470000 3.004186e+002
3.472000 3.004145e+002
3.474000 3.004103e+002
3.476000 3.004063e+002
3.478000 3.004023e+002
3.480000 3.003983e+002
3.482000 3.003943e+002
3.484000 3.003904e+002
3.486000 3.003865e+002
3.488000 3.003827e+002
3.490000 3.003789e+002
3.492000 3.003751e+002
3.494000 3.003714e+002
3.496000 3.003677e+002
3.498000 3.003640e+002
3.500000 3.003604e+002
3.502000 3.003568e+002
3.504000 3.003532e+002
3.506000 3.003497e+002
3.508000 3.003462e+002
3.510000 3.003427e+002
3.512000 3.003393e+002
3.514000 3.003359e+002
3.516000 3.003325e+002
3.518000 3.003292e+002
3.520000 3.003259e+002
3.522000 3.003226e+002
3.524000 3.003194e+002
3.526000 3.003162e+002
3.528000 3.003130e+002
3.530000 3.003098e+002
3.532000 3.003067e+002
3.534000 3.003036e+002
3.536000 3.003006e+002
3.538000 3.002975e+002
3.540000 3.002945e+002
3.542000 3.002916e+002
3.544000 3.002886e+002
3.546000 3.002857e+002
3.548000 3.002828e+002
3.550000 3.002800e+002
3.552000 3.002772e+002
3.554000 3.002743e+002
3.556000 3.002716e+002
3.558000 3.002688e+002
3.560000 3.002661e+002
3.562000 3.002634e+002
3.564000 3.002607e+002
3.566000 3.002581e+002
3.568000 3.002555e+002
3.570000 3.002529e+002
3.572000 3.002503e+002
3.574000 3.002478e+002
3.576000 3.002453e+002
3.578000 3.002428e+002
3.580000 3.002403e+002
3.582000 3.002379e+002
3.584000 3.002355e+002
3.586000 3.002331e+002
3.588000 3.002307e+002
3.590000 3.002283e+002
3.592000 3.002260e+002
3.594000 3.002237e+002
3.596000 3.002214e+002
3.598000 3.002192e+002
3.600000 3.002170e+002
3.602000 3.002147e+002
3.604000 3.002126e+002
3.606000 3.002104e+002
3.608000 3.002082e+002
3.610000 3.002061e+002
3.612000 3.002040e+002
3.614000 3.002019e+002
3.616000 3.001999e+002
3.618000 3.001978e+002
3.620000 3.001958e+002
3.622000 3.001938e+002
3.624000 3.001919e+002
3.626000 3.001899e+002
3.628000 3.001880e+002
3.630000 3.001860e+002
3.632000 3.001841e+002
3.634000 3.001823e+002
3.636000 3.001804e+002
3.638000 3.001786e+002
3.640000 3.001767e+002
3.642000 3.001749e+002
3.644000 3.001732e+002
3.646000 3.001714e+002
3.648000 3.001696e+002
3.650000 3.001679e+002
3.652000 3.001662e+002
3.654000 3.001645e+002
3.656000 3.001628e+002
3.658000 3.001612e+002
3.660000 3.001595e+002
3.662000 3.001579e+002
3.664000 3.001563e+002
3.666000 3.001547e+002
3.668000 3.001531e+002
3.670000 3.001516e+002
3.672000 3.001500e+002
3.674000 3.001485e+002
3.676000 3.001470e+002
3.678000 3.001455e+002
3.680000 3.001440e+002
3.682000 3.001426e+002
3.684000 3.001411e+002
3.686000 3.001397e+002
3.688000 3.001383e+002
3.690000 3.001369e+002
3.692000 3.001355e+002
3.694000 3.001341e+002
3.696000 3.001328e+002
3.698000 3.001315e+002
3.700000 3.001301e+002
3.702000 3.001288e+002
3.704000 3.001275e+002
3.706000 3.001262e+002
3.708000 3.001250e+002
3.710000 3.001237e+002
3.712000 3.001225e+002
3.714000 3.001213e+002
3.716000 3.001201e+002
3.718000 3.001189e+002
3.720000 3.001177e+002
3.722000 3.001165e+002
3.724000 3.001153e+002
3.726000 3.001142e+002
3.728000 3.001131e+002
3.730000 3.001119e+002
3.732000 3.001108e+002
3.734000 3.001097e+002
3.736000 3.001087e+002
3.738000 3.001076e+002
3.740000 3.001065e+002
3.742000 3.001055e+002
3.744000 3.001045e+002
3.746000 3.001034e+002
3.748000 3.001024e+002
3.750000 3.001014e+002
3.752000 3.001005e+002
3.754000 3.000995e+002
3.756000 3.000985e+002
3.758000 3.000976e+002
3.760000 3.000966e+002
3.762000 3.000957e+002
3.764000 3.000948e+002
3.766000 3.000939e+002
3.768000 3.000930e+002
3.770000 3.000921e+002
3.772000 3.000912e+002
3.774000 3.000904e+002
3.776000 3.000895e+002
3.778000 3.000887e+002
3.780000 3.000878e+002
3.782000 3.000870e+002
3.784000 3.000862e+002
3.786000 3.000854e+002
3.788000 3.000846e+002
3.790000 3.000839e+002
3.792000 3.000831e+002
3.794000 3.000823e+002
3.796000 3.000816e+002
3.798000 3.000808e+002
3.800000 3.000801e+002
3.802000 3.000794e+002
3.804000 3.000787e+002
3.806000 3.000780e+002
3.808000 3.000773e+002
3.810000 3.000766e+002
3.812000 3.000759e+002
3.814000 3.000753e+002
3.816000 3.000746e+002
3.818000 3.000740e+002
3.820000 3.000733e+002
3.822000 3.000727e+002
3.824000 3.000721e+002
3.826000 3.000715e+002
3.828000 3.000709e+002
3.830000 3.000703e+002
3.832000 3.000697e+002
3.834000 3.000691e+002
3.836000 3.000686e+002
3.838000 3.000680e+002
3.840000 3.000675e+002
3.842000 3.000669e+002
3.844000 3.000664e+002
3.846000 3.000659e+002
3.848000 3.000654e+002
3.850000 3.000649e+002
3.852000 3.000644e+002
3.854000 3.000639e+002
3.856000 3.000634e+002
3.858000 3.000629e+002
3.860000 3.000624e+002
3.862000 3.000620e+002
3.864000 3.000615e+002
3.866000 3.000611e+002
3.868000 3.000607e+002
3.870000 3.000602e+002
3.872000 3.000598e+002
3.874000 3.000594e+002
3.876000 3.000590e+002
3.878000 3.000586e+002
3.880000 3.000582e+002
3.882000 3.000578e+002
3.884000 3.000574e+002
3.886000 3.000571e+002
3.888000 3.000567e+002
3.890000 3.000564e+002
3.892000 3.000560e+002
3.894000 3.000557e+002
3.896000 3.000554e+002
3.898000 3.000550e+002
3.900000 3.000547e+002
3.902000 3.000544e+002
3.904000 3.000541e+002
3.906000 3.000538e+002
3.908000 3.000535e+002
3.910000 3.000532e+002
3.912000 3.000530e+002
3.914000 3.000527e+002
3.916000 3.000524e+002
3.918000 3.000522e+002
3.920000 3.000519e+002
3.922000 3.000517e+002
3.924000 3.000515e+002
3.926000 3.000512e+002
3.928000 3.000510e+002
3.930000 3.000508e+002
3.932000 3.000506e+002
3.934000 3.000504e+002
3.936000 3.000502e+002
3.938000 3.000500e+002
3.940000 3.000498e+002
3.942000 3.000497e+002
3.944000 3.000495e+002
3.946000 3.000493e+002
3.948000 3.000492e+002
3.950000 3.000490e+002
3.952000 3.000489e+002
3.954000 3.000488e+002
3.956000 3.000486e+002
3.958000 3.000485e+002
3.960000 3.000484e+002
3.962000 3.000483e+002
3.964000 3.000482e+002
3.966000 3.000481e+002
3.968000 3.000480e+002
3.970000 3.000479e+002
3.972000 3.000478e+002
3.974000 3.000478e+002
3.976000 3.000477e+002
3.978000 3.000476e+002
3.980000 3.000476e+002
3.982000 3.000476e+002
3.984000 3.000475e+002
3.986000 3.000475e+002
3.988000 3.000475e+002
3.990000 3.000474e+002
3.992000 3.000474e+002
3.994000 3.000474e+002
3.996000 3.000474e+002
3.998000 3.000000e+002
