0.000000 3.702105e+002
0.002000 3.781284e+002
0.004000 3.860410e+002
0.006000 3.939480e+002
0.008000 4.018486e+002
0.010000 4.097425e+002
0.012000 4.176290e+002
0.014000 4.255076e+002
0.016000 4.333777e+002
0.018000 4.412389e+002
0.020000 4.490906e+002
0.022000 4.569322e+002
0.024000 4.647633e+002
0.026000 4.725833e+002
0.028000 4.803917e+002
0.030000 4.881879e+002
0.032000 4.959715e+002
0.034000 5.037419e+002
0.036000 5.114987e+002
0.038000 5.192412e+002
0.040000 5.269690e+002
0.042000 5.346816e+002
0.044000 5.423785e+002
0.046000 5.500592e+002
0.048000 5.577231e+002
0.050000 5.653699e+002
0.052000 5.729989e+002
0.054000 5.806098e+002
0.056000 5.882020e+002
0.058000 5.957750e+002
0.060000 6.033284e+002
0.062000 6.108617e+002
0.064000 6.183745e+002
0.066000 6.258662e+002
0.068000 6.333365e+002
0.070000 6.407847e+002
0.072000 6.482107e+002
0.074000 6.556137e+002
0.076000 6.629935e+002
0.078000 6.703496e+002
0.080000 6.776815e+002
0.082000 6.849888e+002
0.084000 6.922711e+002
0.086000 6.995280e+002
0.088000 7.067590e+002
0.090000 7.139638e+002
0.092000 7.211420e+002
0.094000 7.282931e+002
0.096000 7.354167e+002
0.098000 7.425125e+002
0.100000 7.495801e+002
0.102000 7.566191e+002
0.104000 7.636291e+002
0.106000 7.706097e+002
0.108000 7.775607e+002
0.110000 7.844816e+002
0.112000 7.913721e+002
0.114000 7.982318e+002
0.116000 8.050605e+002
0.118000 8.118577e+002
0.120000 8.186231e+002
0.122000 8.253565e+002
0.124000 8.320575e+002
0.126000 8.387257e+002
0.128000 8.453610e+002
0.130000 8.519629e+002
0.132000 8.585312e+002
0.134000 8.650656e+002
0.136000 8.715658e+002
0.138000 8.780316e+002
0.140000 8.844627e+002
0.142000 8.908587e+002
0.144000 8.972195e+002
0.146000 9.035449e+002
0.148000 9.098344e+002
0.150000 9.160880e+002
0.152000 9.223054e+002
0.154000 9.284863e+002
0.156000 9.346306e+002
0.158000 9.407380e+002
0.160000 9.468083e+002
0.162000 9.528413e+002
0.164000 9.588368e+002
0.166000 9.647946e+002
0.168000 9.707146e+002
0.170000 9.765966e+002
0.172000 9.824403e+002
0.174000 9.882456e+002
0.176000 9.940124e+002
0.178000 9.997405e+002
0.180000 1.005430e+003
0.182000 1.011080e+003
0.184000 1.016691e+003
0.186000 1.022263e+003
0.188000 1.027796e+003
0.190000 1.033289e+003
0.192000 1.038742e+003
0.194000 1.044156e+003
0.196000 1.049530e+003
0.198000 1.054864e+003
0.200000 1.060158e+003
0.202000 1.065412e+003
0.204000 1.070626e+003
0.206000 1.075800e+003
0.208000 1.080933e+003
0.210000 1.086026e+003
0.212000 1.091078e+003
0.214000 1.096091e+003
0.216000 1.101062e+003
0.218000 1.105993e+003
0.220000 1.110884e+003
0.222000 1.115734e+003
0.224000 1.120543e+003
0.226000 1.125312e+003
0.228000 1.130040e+003
0.230000 1.134728e+003
0.232000 1.139374e+003
0.234000 1.143981e+003
0.236000 1.148546e+003
0.238000 1.153071e+003
0.240000 1.157556e+003
0.242000 1.161999e+003
0.244000 1.166403e+003
0.246000 1.170765e+003
0.248000 1.175088e+003
0.250000 1.179369e+003
0.252000 1.183611e+003
0.254000 1.187812e+003
0.256000 1.191973e+003
0.258000 1.196094e+003
0.260000 1.200174e+003
0.262000 1.204215e+003
0.264000 1.208215e+003
0.266000 1.212176e+003
0.268000 1.216096e+003
0.270000 1.219977e+003
0.272000 1.223818e+003
0.274000 1.227620e+003
0.276000 1.231382e+003
0.278000 1.235105e+003
0.280000 1.238789e+003
0.282000 1.242433e+003
0.284000 1.246038e+003
0.286000 1.249605e+003
0.288000 1.253132e+003
0.290000 1.256621e+003
0.292000 1.260072e+003
0.294000 1.263483e+003
0.296000 1.266857e+003
0.298000 1.270192e+003
0.300000 1.273490e+003
0.302000 1.276749e+003
0.304000 1.279971e+003
0.306000 1.283155e+003
0.308000 1.286301e+003
0.310000 1.289410e+003
0.312000 1.292482e+003
0.314000 1.295517e+003
0.316000 1.298515e+003
0.318000 1.301477e+003
0.320000 1.304401e+003
0.322000 1.307290e+003
0.324000 1.310142e+003
0.326000 1.312958e+003
0.328000 1.315739e+003
0.330000 1.318483e+003
0.332000 1.321192e+003
0.334000 1.323866e+003
0.336000 1.326504e+003
0.338000 1.329107e+003
0.340000 1.331676e+003
0.342000 1.334210e+003
0.344000 1.336709e+003
0.346000 1.339174e+003
0.348000 1.341605e+003
0.350000 1.344002e+003
0.352000 1.346365e+003
0.354000 1.348694e+003
0.356000 1.350990e+003
0.358000 1.353253e+003
0.360000 1.355483e+003
0.362000 1.357680e+003
0.364000 1.359844e+003
0.366000 1.361976e+003
0.368000 1.364075e+003
0.370000 1.366143e+003
0.372000 1.368178e+003
0.374000 1.370182e+003
0.376000 1.372154e+003
0.378000 1.374095e+003
0.380000 1.376005e+003
0.382000 1.377883e+003
0.384000 1.379731e+003
0.386000 1.381548e+003
0.388000 1.383335e+003
0.390000 1.385092e+003
0.392000 1.386818e+003
0.394000 1.388515e+003
0.396000 1.390182e+003
0.398000 1.391819e+003
0.400000 1.393427e+003
0.402000 1.395006e+003
0.404000 1.396556e+003
0.406000 1.398078e+003
0.408000 1.399570e+003
0.410000 1.401034e+003
0.412000 1.402470e+003
0.414000 1.403878e+003
0.416000 1.405258e+003
0.418000 1.406610e+003
0.420000 1.407935e+003
0.422000 1.409232e+003
0.424000 1.410502e+003
0.426000 1.411745e+003
0.428000 1.412961e+003
0.430000 1.414151e+003
0.432000 1.415314e+003
0.434000 1.416450e+003
0.436000 1.417561e+003
0.438000 1.418645e+003
0.440000 1.419703e+003
0.442000 1.420736e+003
0.444000 1.421742e+003
0.446000 1.422724e+003
0.448000 1.423680e+003
0.450000 1.424611e+003
0.452000 1.425517e+003
0.454000 1.426398e+003
0.456000 1.427255e+003
0.458000 1.428087e+003
0.460000 1.428894e+003
0.462000 1.429677e+003
0.464000 1.430436e+003
0.466000 1.431171e+003
0.468000 1.431882e+003
0.470000 1.432569e+003
0.472000 1.433233e+003
0.474000 1.433873e+003
0.476000 1.434490e+003
0.478000 1.435083e+003
0.480000 1.435653e+003
0.482000 1.436200e+003
0.484000 1.436725e+003
0.486000 1.437226e+003
0.488000 1.437705e+003
0.490000 1.438161e+003
0.492000 1.438594e+003
0.494000 1.439006e+003
0.496000 1.439394e+003
0.498000 1.439761e+003
0.500000 1.440106e+003
0.502000 1.440428e+003
0.504000 1.440729e+003
0.506000 1.441007e+003
0.508000 1.441264e+003
0.510000 1.441500e+003
0.512000 1.441713e+003
0.514000 1.441905e+003
0.516000 1.442076e+003
0.518000 1.442226e+003
0.520000 1.442354e+003
0.522000 1.442460e+003
0.524000 1.442546e+003
0.526000 1.442611e+003
0.528000 1.442654e+003
0.530000 1.442677e+003
0.532000 1.442678e+003
0.534000 1.442659e+003
0.536000 1.442619e+003
0.538000 1.442558e+003
0.540000 1.442477e+003
0.542000 1.442375e+003
0.544000 1.442252e+003
0.546000 1.442109e+003
0.548000 1.441945e+003
0.550000 1.441760e+003
0.552000 1.441556e+003
0.554000 1.441330e+003
0.556000 1.441085e+003
0.558000 1.440819e+003
0.560000 1.440532e+003
0.562000 1.440226e+003
0.564000 1.439898e+003
0.566000 1.439551e+003
0.568000 1.439184e+003
0.570000 1.438796e+003
0.572000 1.438388e+003
0.574000 1.437960e+003
0.576000 1.437511e+003
0.578000 1.437043e+003
0.580000 1.436554e+003
0.582000 1.436045e+003
0.584000 1.435516e+003
0.586000 1.434967e+003
0.588000 1.434397e+003
0.590000 1.433808e+003
0.592000 1.433198e+003
0.594000 1.432568e+003
0.596000 1.431918e+003
0.598000 1.431248e+003
0.600000 1.430557e+003
0.602000 1.429847e+003
0.604000 1.429116e+003
0.606000 1.428365e+003
0.608000 1.427593e+003
0.610000 1.426802e+003
0.612000 1.425990e+003
0.614000 1.425158e+003
0.616000 1.424305e+003
0.618000 1.423433e+003
0.620000 1.422540e+003
0.622000 1.421626e+003
0.624000 1.420692e+003
0.626000 1.419738e+003
0.628000 1.418764e+003
0.630000 1.417769e+003
0.632000 1.416753e+003
0.634000 1.415717e+003
0.636000 1.414661e+003
0.638000 1.413583e+003
0.640000 1.412486e+003
0.642000 1.411368e+003
0.644000 1.410229e+003
0.646000 1.409069e+003
0.648000 1.407889e+003
0.650000 1.406688e+003
0.652000 1.405466e+003
0.654000 1.404223e+003
0.656000 1.402960e+003
0.658000 1.401676e+003
0.660000 1.400371e+003
0.662000 1.399045e+003
0.664000 1.397698e+003
0.666000 1.396330e+003
0.668000 1.394941e+003
0.670000 1.393531e+003
0.672000 1.392100e+003
0.674000 1.390648e+003
0.676000 1.389175e+003
0.678000 1.387680e+003
0.680000 1.386165e+003
0.682000 1.384628e+003
0.684000 1.383070e+003
0.686000 1.381491e+003
0.688000 1.379890e+003
0.690000 1.378268e+003
0.692000 1.376625e+003
0.694000 1.374960e+003
0.696000 1.373274e+003
0.698000 1.371567e+003
0.700000 1.369838e+003
0.702000 1.368087e+003
0.704000 1.366316e+003
0.706000 1.364522e+003
0.708000 1.362707e+003
0.710000 1.360871e+003
0.712000 1.359013e+003
0.714000 1.357133e+003
0.716000 1.355232e+003
0.718000 1.353309e+003
0.720000 1.351365e+003
0.722000 1.349399e+003
0.724000 1.347412e+003
0.726000 1.345402e+003
0.728000 1.343371e+003
0.730000 1.341319e+003
0.732000 1.339245e+003
0.734000 1.337149e+003
0.736000 1.335032e+003
0.738000 1.332892e+003
0.740000 1.330732e+003
0.742000 1.328549e+003
0.744000 1.326345e+003
0.746000 1.324120e+003
0.748000 1.321873e+003
0.750000 1.319604e+003
0.752000 1.317313e+003
0.754000 1.315002e+003
0.756000 1.312668e+003
0.758000 1.310313e+003
0.760000 1.307937e+003
0.762000 1.305539e+003
0.764000 1.303120e+003
0.766000 1.300679e+003
0.768000 1.298217e+003
0.770000 1.295734e+003
0.772000 1.293229e+003
0.774000 1.290703e+003
0.776000 1.288156e+003
0.778000 1.285588e+003
0.780000 1.282998e+003
0.782000 1.280388e+003
0.784000 1.277757e+003
0.786000 1.275104e+003
0.788000 1.272431e+003
0.790000 1.269737e+003
0.792000 1.267022e+003
0.794000 1.264287e+003
0.796000 1.261531e+003
0.798000 1.258754e+003
0.800000 1.255957e+003
0.802000 1.253139e+003
0.804000 1.250301e+003
0.806000 1.247443e+003
0.808000 1.244565e+003
0.810000 1.241667e+003
0.812000 1.238748e+003
0.814000 1.235810e+003
0.816000 1.232852e+003
0.818000 1.229875e+003
0.820000 1.226877e+003
0.822000 1.223861e+003
0.824000 1.220825e+003
0.826000 1.217770e+003
0.828000 1.214695e+003
0.830000 1.211602e+003
0.832000 1.208489e+003
0.834000 1.205358e+003
0.836000 1.202209e+003
0.838000 1.199040e+003
0.840000 1.195854e+003
0.842000 1.192649e+003
0.844000 1.189426e+003
0.846000 1.186185e+003
0.848000 1.182926e+003
0.850000 1.179650e+003
0.852000 1.176356e+003
0.854000 1.173044e+003
0.856000 1.169716e+003
0.858000 1.166370e+003
0.860000 1.163008e+003
0.862000 1.159628e+003
0.864000 1.156232e+003
0.866000 1.152820e+003
0.868000 1.149392e+003
0.870000 1.145947e+003
0.872000 1.142487e+003
0.874000 1.139010e+003
0.876000 1.135519e+003
0.878000 1.132012e+003
0.880000 1.128490e+003
0.882000 1.124952e+003
0.884000 1.121401e+003
0.886000 1.117834e+003
0.888000 1.114253e+003
0.890000 1.110659e+003
0.892000 1.107050e+003
0.894000 1.103427e+003
0.896000 1.099791e+003
0.898000 1.096142e+003
0.900000 1.092479e+003
0.902000 1.088803e+003
0.904000 1.085115e+003
0.906000 1.081415e+003
0.908000 1.077702e+003
0.910000 1.073977e+003
0.912000 1.070241e+003
0.914000 1.066492e+003
0.916000 1.062733e+003
0.918000 1.058962e+003
0.920000 1.055181e+003
0.922000 1.051389e+003
0.924000 1.047587e+003
0.926000 1.043774e+003
0.928000 1.039952e+003
0.930000 1.036120e+003
0.932000 1.032279e+003
0.934000 1.028429e+003
0.936000 1.024569e+003
0.938000 1.020701e+003
0.940000 1.016825e+003
0.942000 1.012941e+003
0.944000 1.009049e+003
0.946000 1.005149e+003
0.948000 1.001242e+003
0.950000 9.973276e+002
0.952000 9.934066e+002
0.954000 9.894791e+002
0.956000 9.855453e+002
0.958000 9.816056e+002
0.960000 9.776601e+002
0.962000 9.737091e+002
0.964000 9.697530e+002
0.966000 9.657920e+002
0.968000 9.618263e+002
0.970000 9.578563e+002
0.972000 9.538822e+002
0.974000 9.499042e+002
0.976000 9.459228e+002
0.978000 9.419380e+002
0.980000 9.379503e+002
0.982000 9.339599e+002
0.984000 9.299671e+002
0.986000 9.259721e+002
0.988000 9.219753e+002
0.990000 9.179769e+002
0.992000 9.139772e+002
0.994000 9.099764e+002
0.996000 9.059750e+002
0.998000 9.019730e+002
1.000000 8.979709e+002
1.002000 8.939689e+002
1.004000 8.899673e+002
1.006000 8.859663e+002
1.008000 8.819663e+002
1.010000 8.779676e+002
1.012000 8.739703e+002
1.014000 8.699748e+002
1.016000 8.659814e+002
1.018000 8.619903e+002
1.020000 8.580019e+002
1.022000 8.540163e+002
1.024000 8.500339e+002
1.026000 8.460550e+002
1.028000 8.420798e+002
1.030000 8.381087e+002
1.032000 8.341418e+002
1.034000 8.301794e+002
1.036000 8.262219e+002
1.038000 8.222695e+002
1.040000 8.183224e+002
1.042000 8.143810e+002
1.044000 8.104455e+002
1.046000 8.065162e+002
1.048000 8.025933e+002
1.050000 7.986771e+002
1.052000 7.947678e+002
1.054000 7.908658e+002
1.056000 7.869713e+002
1.058000 7.830845e+002
1.060000 7.792057e+002
1.062000 7.753351e+002
1.064000 7.714731e+002
1.066000 7.676198e+002
1.068000 7.637755e+002
1.070000 7.599404e+002
1.072000 7.561149e+002
1.074000 7.522991e+002
1.076000 7.484933e+002
1.078000 7.446977e+002
1.080000 7.409126e+002
1.082000 7.371381e+002
1.084000 7.333746e+002
1.086000 7.296223e+002
1.088000 7.258813e+002
1.090000 7.221520e+002
1.092000 7.184345e+002
1.094000 7.147290e+002
1.096000 7.110358e+002
1.098000 7.073552e+002
1.100000 7.036872e+002
1.102000 7.000322e+002
1.104000 6.963903e+002
1.106000 6.927617e+002
1.108000 6.891467e+002
1.110000 6.855454e+002
1.112000 6.819581e+002
1.114000 6.783849e+002
1.116000 6.748260e+002
1.118000 6.712817e+002
1.120000 6.677521e+002
1.122000 6.642373e+002
1.124000 6.607377e+002
1.126000 6.572533e+002
1.128000 6.537843e+002
1.130000 6.503310e+002
1.132000 6.468934e+002
1.134000 6.434718e+002
1.136000 6.400662e+002
1.138000 6.366770e+002
1.140000 6.333042e+002
1.142000 6.299479e+002
1.144000 6.266084e+002
1.146000 6.232858e+002
1.148000 6.199802e+002
1.150000 6.166918e+002
1.152000 6.134206e+002
1.154000 6.101670e+002
1.156000 6.069309e+002
1.158000 6.037125e+002
1.160000 6.005120e+002
1.162000 5.973294e+002
1.164000 5.941649e+002
1.166000 5.910186e+002
1.168000 5.878907e+002
1.170000 5.847811e+002
1.172000 5.816901e+002
1.174000 5.786177e+002
1.176000 5.755641e+002
1.178000 5.725293e+002
1.180000 5.695134e+002
1.182000 5.665166e+002
1.184000 5.635388e+002
1.186000 5.605803e+002
1.188000 5.576410e+002
1.190000 5.547211e+002
1.192000 5.518206e+002
1.194000 5.489397e+002
1.196000 5.460783e+002
1.198000 5.432365e+002
1.200000 5.404145e+002
1.202000 5.376122e+002
1.204000 5.348297e+002
1.206000 5.320671e+002
1.208000 5.293244e+002
1.210000 5.266017e+002
1.212000 5.238990e+002
1.214000 5.212163e+002
1.216000 5.185537e+002
1.218000 5.159113e+002
1.220000 5.132890e+002
1.222000 5.106869e+002
1.224000 5.081050e+002
1.226000 5.055433e+002
1.228000 5.030019e+002
1.230000 5.004807e+002
1.232000 4.979798e+002
1.234000 4.954992e+002
1.236000 4.930389e+002
1.238000 4.905989e+002
1.240000 4.881792e+002
1.242000 4.857798e+002
1.244000 4.834008e+002
1.246000 4.810420e+002
1.248000 4.787034e+002
1.250000 4.763852e+002
1.252000 4.740872e+002
1.254000 4.718094e+002
1.256000 4.695519e+002
1.258000 4.673145e+002
1.260000 4.650973e+002
1.262000 4.629003e+002
1.264000 4.607233e+002
1.266000 4.585665e+002
1.268000 4.564297e+002
1.270000 4.543128e+002
1.272000 4.522160e+002
1.274000 4.501390e+002
1.276000 4.480820e+002
1.278000 4.460447e+002
1.280000 4.440273e+002
1.282000 4.420295e+002
1.284000 4.400514e+002
1.286000 4.380930e+002
1.288000 4.361540e+002
1.290000 4.342346e+002
1.292000 4.323346e+002
1.294000 4.304540e+002
1.296000 4.285927e+002
1.298000 4.267506e+002
1.300000 4.249276e+002
1.302000 4.231237e+002
1.304000 4.213389e+002
1.306000 4.195730e+002
1.308000 4.178259e+002
1.310000 4.160976e+002
1.312000 4.143880e+002
1.314000 4.126970e+002
1.316000 4.110245e+002
1.318000 4.093704e+002
1.320000 4.077347e+002
1.322000 4.061173e+002
1.324000 4.045180e+002
1.326000 4.029368e+002
1.328000 4.013735e+002
1.330000 3.998281e+002
1.332000 3.983006e+002
1.334000 3.967906e+002
1.336000 3.952983e+002
1.338000 3.938235e+002
1.340000 3.923660e+002
1.342000 3.909258e+002
1.344000 3.895028e+002
1.346000 3.880968e+002
1.348000 3.867078e+002
1.350000 3.853356e+002
1.352000 3.839802e+002
1.354000 3.826414e+002
1.356000 3.813191e+002
1.358000 3.800132e+002
1.360000 3.787236e+002
1.362000 3.774502e+002
1.364000 3.761928e+002
1.366000 3.749514e+002
1.368000 3.737258e+002
1.370000 3.725159e+002
1.372000 3.713216e+002
1.374000 3.701428e+002
1.376000 3.689793e+002
1.378000 3.678311e+002
1.380000 3.666979e+002
1.382000 3.655798e+002
1.384000 3.644766e+002
1.386000 3.633881e+002
1.388000 3.623142e+002
1.390000 3.612548e+002
1.392000 3.602098e+002
1.394000 3.591791e+002
1.396000 3.581625e+002
1.398000 3.571600e+002
1.400000 3.561713e+002
1.402000 3.551963e+002
1.404000 3.542351e+002
1.406000 3.532873e+002
1.408000 3.523529e+002
1.410000 3.514318e+002
1.412000 3.505238e+002
1.414000 3.496289e+002
1.416000 3.487468e+002
1.418000 3.478775e+002
1.420000 3.470209e+002
1.422000 3.461768e+002
1.424000 3.453450e+002
1.426000 3.445255e+002
1.428000 3.437182e+002
1.430000 3.429229e+002
1.432000 3.421395e+002
1.434000 3.413678e+002
1.436000 3.406078e+002
1.438000 3.398594e+002
1.440000 3.391223e+002
1.442000 3.383965e+002
1.444000 3.376818e+002
1.446000 3.369782e+002
1.448000 3.362855e+002
1.450000 3.356036e+002
1.452000 3.349324e+002
1.454000 3.342717e+002
1.456000 3.336214e+002
1.458000 3.329815e+002
1.460000 3.323517e+002
1.462000 3.317320e+002
1.464000 3.311222e+002
1.466000 3.305223e+002
1.468000 3.299321e+002
1.470000 3.293515e+002
1.472000 3.287804e+002
1.474000 3.282186e+002
1.476000 3.276661e+002
1.478000 3.271228e+002
1.480000 3.265884e+002
1.482000 3.260630e+002
1.484000 3.255464e+002
1.486000 3.250384e+002
1.488000 3.245391e+002
1.490000 3.240482e+002
1.492000 3.235656e+002
1.494000 3.230913e+002
1.496000 3.226252e+002
1.498000 3.221670e+002
1.500000 3.217168e+002
1.502000 3.212744e+002
1.504000 3.208397e+002
1.506000 3.204127e+002
1.508000 3.199931e+002
1.510000 3.195809e+002
1.512000 3.191761e+002
1.514000 3.187784e+002
1.516000 3.183878e+002
1.518000 3.180043e+002
1.520000 3.176276e+002
1.522000 3.172577e+002
1.524000 3.168945e+002
1.526000 3.165379e+002
1.528000 3.161879e+002
1.530000 3.158442e+002
1.532000 3.155069e+002
1.534000 3.151758e+002
1.536000 3.148508e+002
1.538000 3.145319e+002
1.540000 3.142190e+002
1.542000 3.139119e+002
1.544000 3.136105e+002
1.546000 3.133149e+002
1.548000 3.130249e+002
1.550000 3.127403e+002
1.552000 3.124613e+002
1.554000 3.121875e+002
1.556000 3.119190e+002
1.558000 3.116557e+002
1.560000 3.113975e+002
1.562000 3.111443e+002
1.564000 3.108960e+002
1.566000 3.106526e+002
1.568000 3.104140e+002
1.570000 3.101801e+002
1.572000 3.099508e+002
1.574000 3.097260e+002
1.576000 3.095057e+002
1.578000 3.092899e+002
1.580000 3.090783e+002
1.582000 3.088710e+002
1.584000 3.086679e+002
1.586000 3.084689e+002
1.588000 3.082739e+002
1.590000 3.080829e+002
1.592000 3.078958e+002
1.594000 3.077126e+002
1.596000 3.075331e+002
1.598000 3.073574e+002
1.600000 3.071852e+002
1.602000 3.070167e+002
1.604000 3.068517e+002
1.606000 3.066901e+002
1.608000 3.065319e+002
1.610000 3.063771e+002
1.612000 3.062255e+002
1.614000 3.060772e+002
1.616000 3.059320e+002
1.618000 3.057899e+002
1.620000 3.056508e+002
1.622000 3.055147e+002
1.624000 3.053816e+002
1.626000 3.052513e+002
1.628000 3.051239e+002
1.630000 3.049992e+002
1.632000 3.048773e+002
1.634000 3.047580e+002
1.636000 3.046413e+002
1.638000 3.045272e+002
1.640000 3.044157e+002
1.642000 3.043066e+002
1.644000 3.041999e+002
1.646000 3.040956e+002
1.648000 3.039937e+002
1.650000 3.038940e+002
1.652000 3.037966e+002
1.654000 3.037013e+002
1.656000 3.036083e+002
1.658000 3.035173e+002
1.660000 3.034284e+002
1.662000 3.033416e+002
1.664000 3.032567e+002
1.666000 3.031738e+002
1.668000 3.030928e+002
1.670000 3.030137e+002
1.672000 3.029364e+002
1.674000 3.028609e+002
1.676000 3.027871e+002
1.678000 3.027151e+002
1.680000 3.026448e+002
1.682000 3.025761e+002
1.684000 3.025091e+002
1.686000 3.024436e+002
1.688000 3.023797e+002
1.690000 3.023173e+002
1.692000 3.022564e+002
1.694000 3.021970e+002
1.696000 3.021390e+002
1.698000 3.020824e+002
1.700000 3.020271e+002
1.702000 3.019732e+002
1.704000 3.019206e+002
1.706000 3.018693e+002
1.708000 3.018192e+002
1.710000 3.017704e+002
1.712000 3.017228e+002
1.714000 3.016763e+002
1.716000 3.016310e+002
1.718000 3.015868e+002
1.720000 3.015437e+002
1.722000 3.015016e+002
1.724000 3.014607e+002
1.726000 3.014207e+002
1.728000 3.013818e+002
1.730000 3.013438e+002
1.732000 3.013068e+002
1.734000 3.012707e+002
1.736000 3.012355e+002
1.738000 3.012013e+002
1.740000 3.011679e+002
1.742000 3.011354e+002
1.744000 3.011037e+002
1.746000 3.010728e+002
1.748000 3.010427e+002
1.750000 3.010134e+002
1.752000 3.009848e+002
1.754000 3.009570e+002
1.756000 3.009299e+002
1.758000 3.009035e+002
1.760000 3.008778e+002
1.762000 3.008528e+002
1.764000 3.008285e+002
1.766000 3.008048e+002
1.768000 3.007817e+002
1.770000 3.007592e+002
1.772000 3.007373e+002
1.774000 3.007160e+002
1.776000 3.006953e+002
1.778000 3.006751e+002
1.780000 3.006555e+002
1.782000 3.006364e+002
1.784000 3.006178e+002
1.786000 3.005998e+002
1.788000 3.005822e+002
1.790000 3.005651e+002
1.792000 3.005484e+002
1.794000 3.005322e+002
1.796000 3.005165e+002
1.798000 3.005012e+002
1.800000 3.004863e+002
1.802000 3.004718e+002
1.804000 3.004578e+002
1.806000 3.004441e+002
1.808000 3.004308e+002
1.810000 3.004178e+002
1.812000 3.004053e+002
1.814000 3.003930e+002
1.816000 3.003812e+002
1.818000 3.003696e+002
1.820000 3.003584e+002
1.822000 3.003475e+002
1.824000 3.003369e+002
1.826000 3.003266e+002
1.828000 3.003166e+002
1.830000 3.003069e+002
1.832000 3.002975e+002
1.834000 3.002883e+002
1.836000 3.002794e+002
1.838000 3.002708e+002
1.840000 3.002624e+002
1.842000 3.002543e+002
1.844000 3.002464e+002
1.846000 3.002387e+002
1.848000 3.002312e+002
1.850000 3.002240e+002
1.852000 3.002170e+002
1.854000 3.002101e+002
1.856000 3.002035e+002
1.858000 3.001971e+002
1.860000 3.001909e+002
1.862000 3.001848e+002
1.864000 3.001790e+002
1.866000 3.001733e+002
1.868000 3.001677e+002
1.870000 3.001624e+002
1.872000 3.001572e+002
1.874000 3.001521e+002
1.876000 3.001473e+002
1.878000 3.001425e+002
1.880000 3.001379e+002
1.882000 3.001335e+002
1.884000 3.001291e+002
1.886000 3.001249e+002
1.888000 3.001209e+002
1.890000 3.001169e+002
1.892000 3.001131e+002
1.894000 3.001094e+002
1.896000 3.001058e+002
1.898000 3.001024e+002
1.900000 3.000990e+002
1.902000 3.000957e+002
1.904000 3.000926e+002
1.906000 3.000895e+002
1.908000 3.000865e+002
1.910000 3.000837e+002
1.912000 3.000809e+002
1.914000 3.000782e+002
1.916000 3.000756e+002
1.918000 3.000730e+002
1.920000 3.000706e+002
1.922000 3.000682e+002
1.924000 3.000659e+002
1.926000 3.000637e+002
1.928000 3.000615e+002
1.930000 3.000595e+002
1.932000 3.000574e+002
1.934000 3.000555e+002
1.936000 3.000536e+002
1.938000 3.000518e+002
1.940000 3.000500e+002
1.942000 3.000483e+002
1.944000 3.000466e+002
1.946000 3.000450e+002
1.948000 3.000435e+002
1.950000 3.000420e+002
1.952000 3.000405e+002
1.954000 3.000391e+002
1.956000 3.000378e+002
1.958000 3.000364e+002
1.960000 3.000352e+002
1.962000 3.000339e+002
1.964000 3.000328e+002
1.966000 3.000316e+002
1.968000 3.000305e+002
1.970000 3.000294e+002
1.972000 3.000284e+002
1.974000 3.000274e+002
1.976000 3.000264e+002
1.978000 3.000255e+002
1.980000 3.000246e+002
1.982000 3.000237e+002
1.984000 3.000229e+002
1.986000 3.000221e+002
1.988000 3.000213e+002
1.990000 3.000205e+002
1.992000 3.000198e+002
1.994000 3.000191e+002
1.996000 3.000184e+002
1.998000 3.000177e+002
2.000000 3.000171e+002
2.002000 3.000165e+002
2.004000 3.000159e+002
2.006000 3.000153e+002
2.008000 3.000147e+002
2.010000 3.000142e+002
2.012000 3.000137e+002
2.014000 3.000132e+002
2.016000 3.000127e+002
2.018000 3.000122e+002
2.020000 3.000118e+002
2.022000 3.000113e+002
2.024000 3.000109e+002
2.026000 3.000105e+002
2.028000 3.000101e+002
2.030000 3.000098e+002
2.032000 3.000094e+002
2.034000 3.000090e+002
2.036000 3.000087e+002
2.038000 3.000084e+002
2.040000 3.000081e+002
2.042000 3.000078e+002
2.044000 3.000075e+002
2.046000 3.000072e+002
2.048000 3.000069e+002
2.050000 3.000067e+002
2.052000 3.000064e+002
2.054000 3.000062e+002
2.056000 3.000059e+002
2.058000 3.000057e+002
2.060000 3.000055e+002
2.062000 3.000053e+002
2.064000 3.000051e+002
2.066000 3.000049e+002
2.068000 3.000047e+002
2.070000 3.000045e+002
2.072000 3.000043e+002
2.074000 3.000042e+002
2.076000 3.000040e+002
2.078000 3.000039e+002
2.080000 3.000037e+002
2.082000 3.000036e+002
2.084000 3.000034e+002
2.086000 3.000033e+002
2.088000 3.000032e+002
2.090000 3.000030e+002
2.092000 3.000029e+002
2.094000 3.000028e+002
2.096000 3.000027e+002
2.098000 3.000026e+002
2.100000 3.000025e+002
2.102000 3.000024e+002
2.104000 3.000023e+002
2.106000 3.000022e+002
2.108000 3.000021e+002
2.110000 3.000020e+002
2.112000 3.000020e+002
2.114000 3.000019e+002
2.116000 3.000018e+002
2.118000 3.000017e+002
2.120000 3.000017e+002
2.122000 3.000016e+002
2.124000 3.000015e+002
2.126000 3.000015e+002
2.128000 3.000014e+002
2.130000 3.000014e+002
2.132000 3.000013e+002
2.134000 3.000012e+002
2.136000 3.000012e+002
2.138000 3.000011e+002
2.140000 3.000011e+002
2.142000 3.000011e+002
2.144000 3.000010e+002
2.146000 3.000010e+002
2.148000 3.000009e+002
2.150000 3.000009e+002
2.152000 3.000009e+002
2.154000 3.000008e+002
2.156000 3.000008e+002
2.158000 3.000008e+002
2.160000 3.000007e+002
2.162000 3.000007e+002
2.164000 3.000007e+002
2.166000 3.000006e+002
2.168000 3.000006e+002
2.170000 3.000006e+002
2.172000 3.000006e+002
2.174000 3.000005e+002
2.176000 3.000005e+002
2.178000 3.000005e+002
2.180000 3.000005e+002
2.182000 3.000005e+002
2.184000 3.000004e+002
2.186000 3.000004e+002
2.188000 3.000004e+002
2.190000 3.000004e+002
2.192000 3.000004e+002
2.194000 3.000003e+002
2.196000 3.000003e+002
2.198000 3.000003e+002
2.200000 3.000003e+002
2.202000 3.000003e+002
2.204000 3.000003e+002
2.206000 3.000003e+002
2.208000 3.000003e+002
2.210000 3.000002e+002
2.212000 3.000002e+002
2.214000 3.000002e+002
2.216000 3.000002e+002
2.218000 3.000002e+002
2.220000 3.000002e+002
2.222000 3.000002e+002
2.224000 3.000002e+002
2.226000 3.000002e+002
2.228000 3.000002e+002
2.230000 3.000002e+002
2.232000 3.000002e+002
2.234000 3.000001e+002
2.236000 3.000001e+002
2.238000 3.000001e+002
2.240000 3.000001e+002
2.242000 3.000001e+002
2.244000 3.000001e+002
2.246000 3.000001e+002
2.248000 3.000001e+002
2.250000 3.000001e+002
2.252000 3.000001e+002
2.254000 3.000001e+002
2.256000 3.000001e+002
2.258000 3.000001e+002
2.260000 3.000001e+002
2.262000 3.000001e+002
2.264000 3.000001e+002
2.266000 3.000001e+002
2.268000 3.000001e+002
2.270000 3.000001e+002
2.272000 3.000001e+002
2.274000 3.000001e+002
2.276000 3.000001e+002
2.278000 3.000001e+002
2.280000 3.000001e+002
2.282000 3.000000e+002
2.284000 3.000000e+002
2.286000 3.000000e+002
2.288000 3.000000e+002
2.290000 3.000000e+002
2.292000 3.000000e+002
2.294000 3.000000e+002
2.296000 3.000000e+002
2.298000 3.000000e+002
2.300000 3.000000e+002
2.302000 3.000000e+002
2.304000 3.000000e+002
2.306000 3.000000e+002
2.308000 3.000000e+002
2.310000 3.000000e+002
2.312000 3.000000e+002
2.314000 3.000000e+002
2.316000 3.000000e+002
2.318000 3.000000e+002
2.320000 3.000000e+002
2.322000 3.000000e+002
2.324000 3.000000e+002
2.326000 3.000000e+002
2.328000 3.000000e+002
2.330000 3.000000e+002
2.332000 3.000000e+002
2.334000 3.000000e+002
2.336000 3.000000e+002
2.338000 3.000000e+002
2.340000 3.000000e+002
2.342000 3.000000e+002
2.344000 3.000000e+002
2.346000 3.000000e+002
2.348000 3.000000e+002
2.350000 3.000000e+002
2.352000 3.000000e+002
2.354000 3.000000e+002
2.356000 3.000000e+002
2.358000 3.000000e+002
2.360000 3.000000e+002
2.362000 3.000000e+002
2.364000 3.000000e+002
2.366000 3.000000e+002
2.368000 3.000000e+002
2.370000 3.000000e+002
2.372000 3.000000e+002
2.374000 3.000000e+002
2.376000 3.000000e+002
2.378000 3.000000e+002
2.380000 3.000000e+002
2.382000 3.000000e+002
2.384000 3.000000e+002
2.386000 3.000000e+002
2.388000 3.000000e+002
2.390000 3.000000e+002
2.392000 3.000000e+002
2.394000 3.000000e+002
2.396000 3.000000e+002
2.398000 3.000000e+002
2.400000 3.000000e+002
2.402000 3.000000e+002
2.404000 3.000000e+002
2.406000 3.000000e+002
2.408000 3.000000e+002
2.410000 3.000000e+002
2.412000 3.000000e+002
2.414000 3.000000e+002
2.416000 3.000000e+002
2.418000 3.000000e+002
2.420000 3.000000e+002
2.422000 3.000000e+002
2.424000 3.000000e+002
2.426000 3.000000e+002
2.428000 3.000000e+002
2.430000 3.000000e+002
2.432000 3.000000e+002
2.434000 3.000000e+002
2.436000 3.000000e+002
2.438000 3.000000e+002
2.440000 3.000000e+002
2.442000 3.000000e+002
2.444000 3.000000e+002
2.446000 3.000000e+002
2.448000 3.000000e+002
2.450000 3.000000e+002
2.452000 3.000000e+002
2.454000 3.000000e+002
2.456000 3.000000e+002
2.458000 3.000000e+002
2.460000 3.000000e+002
2.462000 3.000000e+002
2.464000 3.000000e+002
2.466000 3.000000e+002
2.468000 3.000000e+002
2.470000 3.000000e+002
2.472000 3.000000e+002
2.474000 3.000000e+002
2.476000 3.000000e+002
2.478000 3.000000e+002
2.480000 3.000000e+002
2.482000 3.000000e+002
2.484000 3.000000e+002
2.486000 3.000000e+002
2.488000 3.000000e+002
2.490000 3.000000e+002
2.492000 3.000000e+002
2.494000 3.000000e+002
2.496000 3.000000e+002
2.498000 3.000000e+002
2.500000 3.000000e+002
2.502000 3.000000e+002
2.504000 3.000000e+002
2.506000 3.000000e+002
2.508000 3.000000e+002
2.510000 3.000000e+002
2.512000 3.000000e+002
2.514000 3.000000e+002
2.516000 3.000000e+002
2.518000 3.000000e+002
2.520000 3.000000e+002
2.522000 3.000000e+002
2.524000 3.000000e+002
2.526000 3.000000e+002
2.528000 3.000000e+002
2.530000 3.000000e+002
2.532000 3.000000e+002
2.534000 3.000000e+002
2.536000 3.000000e+002
2.538000 3.000000e+002
2.540000 3.000000e+002
2.542000 3.000000e+002
2.544000 3.000000e+002
2.546000 3.000000e+002
2.548000 3.000000e+002
2.550000 3.000000e+002
2.552000 3.000000e+002
2.554000 3.000000e+002
2.556000 3.000000e+002
2.558000 3.000000e+002
2.560000 3.000000e+002
2.562000 3.000000e+002
2.564000 3.000000e+002
2.566000 3.000000e+002
2.568000 3.000000e+002
2.570000 3.000000e+002
2.572000 3.000000e+002
2.574000 3.000000e+002
2.576000 3.000000e+002
2.578000 3.000000e+002
2.580000 3.000000e+002
2.582000 3.000000e+002
2.584000 3.000000e+002
2.586000 3.000000e+002
2.588000 3.000000e+002
2.590000 3.000000e+002
2.592000 3.000000e+002
2.594000 3.000000e+002
2.596000 3.000000e+002
2.598000 3.000000e+002
2.600000 3.000000e+002
2.602000 3.000000e+002
2.604000 3.000000e+002
2.606000 3.000000e+002
2.608000 3.000000e+002
2.610000 3.000000e+002
2.612000 3.000000e+002
2.614000 3.000000e+002
2.616000 3.000000e+002
2.618000 3.000000e+002
2.620000 3.000000e+002
2.622000 3.000000e+002
2.624000 3.000000e+002
2.626000 3.000000e+002
2.628000 3.000000e+002
2.630000 3.000000e+002
2.632000 3.000000e+002
2.634000 3.000000e+002
2.636000 3.000000e+002
2.638000 3.000000e+002
2.640000 3.000000e+002
2.642000 3.000000e+002
2.644000 3.000000e+002
2.646000 3.000000e+002
2.648000 3.000000e+002
2.650000 3.000000e+002
2.652000 3.000000e+002
2.654000 3.000000e+002
2.656000 3.000000e+002
2.658000 3.000000e+002
2.660000 3.000000e+002
2.662000 3.000000e+002
2.664000 3.000000e+002
2.666000 3.000000e+002
2.668000 3.000000e+002
2.670000 3.000000e+002
2.672000 3.000000e+002
2.674000 3.000000e+002
2.676000 3.000000e+002
2.678000 3.000000e+002
2.680000 3.000000e+002
2.682000 3.000000e+002
2.684000 3.000000e+002
2.686000 3.000000e+002
2.688000 3.000000e+002
2.690000 3.000000e+002
2.692000 3.000000e+002
2.694000 3.000000e+002
2.696000 3.000000e+002
2.698000 3.000000e+002
2.700000 3.000000e+002
2.702000 3.000000e+002
2.704000 3.000000e+002
2.706000 3.000000e+002
2.708000 3.000000e+002
2.710000 3.000000e+002
2.712000 3.000000e+002
2.714000 3.000000e+002
2.716000 3.000000e+002
2.718000 3.000000e+002
2.720000 3.000000e+002
2.722000 3.000000e+002
2.724000 3.000000e+002
2.726000 3.000000e+002
2.728000 3.000000e+002
2.730000 3.000000e+002
2.732000 3.000000e+002
2.734000 3.000000e+002
2.736000 3.000000e+002
2.738000 3.000000e+002
2.740000 3.000000e+002
2.742000 3.000000e+002
2.744000 3.000000e+002
2.746000 3.000000e+002
2.748000 3.000000e+002
2.750000 3.000000e+002
2.752000 3.000000e+002
2.754000 3.000000e+002
2.756000 3.000000e+002
2.758000 3.000000e+002
2.760000 3.000000e+002
2.762000 3.000000e+002
2.764000 3.000000e+002
2.766000 3.000000e+002
2.768000 3.000000e+002
2.770000 3.000000e+002
2.772000 3.000000e+002
2.774000 3.000000e+002
2.776000 3.000000e+002
2.778000 3.000000e+002
2.780000 3.000000e+002
2.782000 3.000000e+002
2.784000 3.000000e+002
2.786000 3.000000e+002
2.788000 3.000000e+002
2.790000 3.000000e+002
2.792000 3.000000e+002
2.794000 3.000000e+002
2.796000 3.000000e+002
2.798000 3.000000e+002
2.800000 3.000000e+002
2.802000 3.000000e+002
2.804000 3.000000e+002
2.806000 3.000000e+002
2.808000 3.000000e+002
2.810000 3.000000e+002
2.812000 3.000000e+002
2.814000 3.000000e+002
2.816000 3.000000e+002
2.818000 3.000000e+002
2.820000 3.000000e+002
2.822000 3.000000e+002
2.824000 3.000000e+002
2.826000 3.000000e+002
2.828000 3.000000e+002
2.830000 3.000000e+002
2.832000 3.000000e+002
2.834000 3.000000e+002
2.836000 3.000000e+002
2.838000 3.000000e+002
2.840000 3.000000e+002
2.842000 3.000000e+002
2.844000 3.000000e+002
2.846000 3.000000e+002
2.848000 3.000000e+002
2.850000 3.000000e+002
2.852000 3.000000e+002
2.854000 3.000000e+002
2.856000 3.000000e+002
2.858000 3.000000e+002
2.860000 3.000000e+002
2.862000 3.000000e+002
2.864000 3.000000e+002
2.866000 3.000000e+002
2.868000 3.000000e+002
2.870000 3.000000e+002
2.872000 3.000000e+002
2.874000 3.000000e+002
2.876000 3.000000e+002
2.878000 3.000000e+002
2.880000 3.000000e+002
2.882000 3.000000e+002
2.884000 3.000000e+002
2.886000 3.000000e+002
2.888000 3.000000e+002
2.890000 3.000000e+002
2.892000 3.000000e+002
2.894000 3.000000e+002
2.896000 3.000000e+002
2.898000 3.000000e+002
2.900000 3.000000e+002
2.902000 3.000000e+002
2.904000 3.000000e+002
2.906000 3.000000e+002
2.908000 3.000000e+002
2.910000 3.000000e+002
2.912000 3.000000e+002
2.914000 3.000000e+002
2.916000 3.000000e+002
2.918000 3.000000e+002
2.920000 3.000000e+002
2.922000 3.000000e+002
2.924000 3.000000e+002
2.926000 3.000000e+002
2.928000 3.000000e+002
2.930000 3.000000e+002
2.932000 3.000000e+002
2.934000 3.000000e+002
2.936000 3.000000e+002
2.938000 3.000000e+002
2.940000 3.000000e+002
2.942000 3.000000e+002
2.944000 3.000000e+002
2.946000 3.000000e+002
2.948000 3.000000e+002
2.950000 3.000000e+002
2.952000 3.000000e+002
2.954000 3.000000e+002
2.956000 3.000000e+002
2.958000 3.000000e+002
2.960000 3.000000e+002
2.962000 3.000000e+002
2.964000 3.000000e+002
2.966000 3.000000e+002
2.968000 3.000000e+002
2.970000 3.000000e+002
2.972000 3.000000e+002
2.974000 3.000000e+002
2.976000 3.000000e+002
2.978000 3.000000e+002
2.980000 3.000000e+002
2.982000 3.000000e+002
2.984000 3.000000e+002
2.986000 3.000000e+002
2.988000 3.000000e+002
2.990000 3.000000e+002
2.992000 3.000000e+002
2.994000 3.000000e+002
2.996000 3.000000e+002
2.998000 3.000000e+002
3.000000 3.000000e+002
3.002000 3.000000e+002
3.004000 3.000000e+002
3.006000 3.000000e+002
3.008000 3.000000e+002
3.010000 3.000000e+002
3.012000 3.000000e+002
3.014000 3.000000e+002
3.016000 3.000000e+002
3.018000 3.000000e+002
3.020000 3.000000e+002
3.022000 3.000000e+002
3.024000 3.000000e+002
3.026000 3.000000e+002
3.028000 3.000000e+002
3.030000 3.000000e+002
3.032000 3.000000e+002
3.034000 3.000000e+002
3.036000 3.000000e+002
3.038000 3.000000e+002
3.040000 3.000000e+002
3.042000 3.000000e+002
3.044000 3.000000e+002
3.046000 3.000000e+002
3.048000 3.000000e+002
3.050000 3.000000e+002
3.052000 3.000000e+002
3.054000 3.000000e+002
3.056000 3.000000e+002
3.058000 3.000000e+002
3.060000 3.000000e+002
3.062000 3.000000e+002
3.064000 3.000000e+002
3.066000 3.000000e+002
3.068000 3.000000e+002
3.070000 3.000000e+002
3.072000 3.000000e+002
3.074000 3.000000e+002
3.076000 3.000000e+002
3.078000 3.000000e+002
3.080000 3.000000e+002
3.082000 3.000000e+002
3.084000 3.000000e+002
3.086000 3.000000e+002
3.088000 3.000000e+002
3.090000 3.000000e+002
3.092000 3.000000e+002
3.094000 3.000000e+002
3.096000 3.000000e+002
3.098000 3.000000e+002
3.100000 3.000000e+002
3.102000 3.000000e+002
3.104000 3.000000e+002
3.106000 3.000000e+002
3.108000 3.000000e+002
3.110000 3.000000e+002
3.112000 3.000000e+002
3.114000 3.000000e+002
3.116000 3.000000e+002
3.118000 3.000000e+002
3.120000 3.000000e+002
3.122000 3.000000e+002
3.124000 3.000000e+002
3.126000 3.000000e+002
3.128000 3.000000e+002
3.130000 3.000000e+002
3.132000 3.000000e+002
3.134000 3.000000e+002
3.136000 3.000000e+002
3.138000 3.000000e+002
3.140000 3.000000e+002
3.142000 3.000000e+002
3.144000 3.000000e+002
3.146000 3.000000e+002
3.148000 3.000000e+002
3.150000 3.000000e+002
3.152000 3.000000e+002
3.154000 3.000000e+002
3.156000 3.000000e+002
3.158000 3.000000e+002
3.160000 3.000000e+002
3.162000 3.000000e+002
3.164000 3.000000e+002
3.166000 3.000000e+002
3.168000 3.000000e+002
3.170000 3.000000e+002
3.172000 3.000000e+002
3.174000 3.000000e+002
3.176000 3.000000e+002
3.178000 3.000000e+002
3.180000 3.000000e+002
3.182000 3.000000e+002
3.184000 3.000000e+002
3.186000 3.000000e+002
3.188000 3.000000e+002
3.190000 3.000000e+002
3.192000 3.000000e+002
3.194000 3.000000e+002
3.196000 3.000000e+002
3.198000 3.000000e+002
3.200000 3.000000e+002
3.202000 3.000000e+002
3.204000 3.000000e+002
3.206000 3.000000e+002
3.208000 3.000000e+002
3.210000 3.000000e+002
3.212000 3.000000e+002
3.214000 3.000000e+002
3.216000 3.000000e+002
3.218000 3.000000e+002
3.220000 3.000000e+002
3.222000 3.000000e+002
3.224000 3.000000e+002
3.226000 3.000000e+002
3.228000 3.000000e+002
3.230000 3.000000e+002
3.232000 3.000000e+002
3.234000 3.000000e+002
3.236000 3.000000e+002
3.238000 3.000000e+002
3.240000 3.000000e+002
3.242000 3.000000e+002
3.244000 3.000000e+002
3.246000 3.000000e+002
3.248000 3.000000e+002
3.250000 3.000000e+002
3.252000 3.000000e+002
3.254000 3.000000e+002
3.256000 3.000000e+002
3.258000 3.000000e+002
3.260000 3.000000e+002
3.262000 3.000000e+002
3.264000 3.000000e+002
3.266000 3.000000e+002
3.268000 3.000000e+002
3.270000 3.000000e+002
3.272000 3.000000e+002
3.274000 3.000000e+002
3.276000 3.000000e+002
3.278000 3.000000e+002
3.280000 3.000000e+002
3.282000 3.000000e+002
3.284000 3.000000e+002
3.286000 3.000000e+002
3.288000 3.000000e+002
3.290000 3.000000e+002
3.292000 3.000000e+002
3.294000 3.000000e+002
3.296000 3.000000e+002
3.298000 3.000000e+002
3.300000 3.000000e+002
3.302000 3.000000e+002
3.304000 3.000000e+002
3.306000 3.000000e+002
3.308000 3.000000e+002
3.310000 3.000000e+002
3.312000 3.000000e+002
3.314000 3.000000e+002
3.316000 3.000000e+002
3.318000 3.000000e+002
3.320000 3.000000e+002
3.322000 3.000000e+002
3.324000 3.000000e+002
3.326000 3.000000e+002
3.328000 3.000000e+002
3.330000 3.000000e+002
3.332000 3.000000e+002
3.334000 3.000000e+002
3.336000 3.000000e+002
3.338000 3.000000e+002
3.340000 3.000000e+002
3.342000 3.000000e+002
3.344000 3.000000e+002
3.346000 3.000000e+002
3.348000 3.000000e+002
3.350000 3.000000e+002
3.352000 3.000000e+002
3.354000 3.000000e+002
3.356000 3.000000e+002
3.358000 3.000000e+002
3.360000 3.000000e+002
3.362000 3.000000e+002
3.364000 3.000000e+002
3.366000 3.000000e+002
3.368000 3.000000e+002
3.370000 3.000000e+002
3.372000 3.000000e+002
3.374000 3.000000e+002
3.376000 3.000000e+002
3.378000 3.000000e+002
3.380000 3.000000e+002
3.382000 3.000000e+002
3.384000 3.000000e+002
3.386000 3.000000e+002
3.388000 3.000000e+002
3.390000 3.000000e+002
3.392000 3.000000e+002
3.394000 3.000000e+002
3.396000 3.000000e+002
3.398000 3.000000e+002
3.400000 3.000000e+002
3.402000 3.000000e+002
3.404000 3.000000e+002
3.406000 3.000000e+002
3.408000 3.000000e+002
3.410000 3.000000e+002
3.412000 3.000000e+002
3.414000 3.000000e+002
3.416000 3.000000e+002
3.418000 3.000000e+002
3.420000 3.000000e+002
3.422000 3.000000e+002
3.424000 3.000000e+002
3.426000 3.000000e+002
3.428000 3.000000e+002
3.430000 3.000000e+002
3.432000 3.000000e+002
3.434000 3.000000e+002
3.436000 3.000000e+002
3.438000 3.000000e+002
3.440000 3.000000e+002
3.442000 3.000000e+002
3.444000 3.000000e+002
3.446000 3.000000e+002
3.448000 3.000000e+002
3.450000 3.000000e+002
3.452000 3.000000e+002
3.454000 3.000000e+002
3.456000 3.000000e+002
3.458000 3.000000e+002
3.460000 3.000000e+002
3.462000 3.000000e+002
3.464000 3.000000e+002
3.466000 3.000000e+002
3.468000 3.000000e+002
3.470000 3.000000e+002
3.472000 3.000000e+002
3.474000 3.000000e+002
3.476000 3.000000e+002
3.478000 3.000000e+002
3.480000 3.000000e+002
3.482000 3.000000e+002
3.484000 3.000000e+002
3.486000 3.000000e+002
3.488000 3.000000e+002
3.490000 3.000000e+002
3.492000 3.000000e+002
3.494000 3.000000e+002
3.496000 3.000000e+002
3.498000 3.000000e+002
3.500000 3.000000e+002
3.502000 3.000000e+002
3.504000 3.000000e+002
3.506000 3.000000e+002
3.508000 3.000000e+002
3.510000 3.000000e+002
3.512000 3.000000e+002
3.514000 3.000000e+002
3.516000 3.000000e+002
3.518000 3.000000e+002
3.520000 3.000000e+002
3.522000 3.000000e+002
3.524000 3.000000e+002
3.526000 3.000000e+002
3.528000 3.000000e+002
3.530000 3.000000e+002
3.532000 3.000000e+002
3.534000 3.000000e+002
3.536000 3.000000e+002
3.538000 3.000000e+002
3.540000 3.000000e+002
3.542000 3.000000e+002
3.544000 3.000000e+002
3.546000 3.000000e+002
3.548000 3.000000e+002
3.550000 3.000000e+002
3.552000 3.000000e+002
3.554000 3.000000e+002
3.556000 3.000000e+002
3.558000 3.000000e+002
3.560000 3.000000e+002
3.562000 3.000000e+002
3.564000 3.000000e+002
3.566000 3.000000e+002
3.568000 3.000000e+002
3.570000 3.000000e+002
3.572000 3.000000e+002
3.574000 3.000000e+002
3.576000 3.000000e+002
3.578000 3.000000e+002
3.580000 3.000000e+002
3.582000 3.000000e+002
3.584000 3.000000e+002
3.586000 3.000000e+002
3.588000 3.000000e+002
3.590000 3.000000e+002
3.592000 3.000000e+002
3.594000 3.000000e+002
3.596000 3.000000e+002
3.598000 3.000000e+002
3.600000 3.000000e+002
3.602000 3.000000e+002
3.604000 3.000000e+002
3.606000 3.000000e+002
3.608000 3.000000e+002
3.610000 3.000000e+002
3.612000 3.000000e+002
3.614000 3.000000e+002
3.616000 3.000000e+002
3.618000 3.000000e+002
3.620000 3.000000e+002
3.622000 3.000000e+002
3.624000 3.000000e+002
3.626000 3.000000e+002
3.628000 3.000000e+002
3.630000 3.000000e+002
3.632000 3.000000e+002
3.634000 3.000000e+002
3.636000 3.000000e+002
3.638000 3.000000e+002
3.640000 3.000000e+002
3.642000 3.000000e+002
3.644000 3.000000e+002
3.646000 3.000000e+002
3.648000 3.000000e+002
3.650000 3.000000e+002
3.652000 3.000000e+002
3.654000 3.000000e+002
3.656000 3.000000e+002
3.658000 3.000000e+002
3.660000 3.000000e+002
3.662000 3.000000e+002
3.664000 3.000000e+002
3.666000 3.000000e+002
3.668000 3.000000e+002
3.670000 3.000000e+002
3.672000 3.000000e+002
3.674000 3.000000e+002
3.676000 3.000000e+002
3.678000 3.000000e+002
3.680000 3.000000e+002
3.682000 3.000000e+002
3.684000 3.000000e+002
3.686000 3.000000e+002
3.688000 3.000000e+002
3.690000 3.000000e+002
3.692000 3.000000e+002
3.694000 3.000000e+002
3.696000 3.000000e+002
3.698000 3.000000e+002
3.700000 3.000000e+002
3.702000 3.000000e+002
3.704000 3.000000e+002
3.706000 3.000000e+002
3.708000 3.000000e+002
3.710000 3.000000e+002
3.712000 3.000000e+002
3.714000 3.000000e+002
3.716000 3.000000e+002
3.718000 3.000000e+002
3.720000 3.000000e+002
3.722000 3.000000e+002
3.724000 3.000000e+002
3.726000 3.000000e+002
3.728000 3.000000e+002
3.730000 3.000000e+002
3.732000 3.000000e+002
3.734000 3.000000e+002
3.736000 3.000000e+002
3.738000 3.000000e+002
3.740000 3.000000e+002
3.742000 3.000000e+002
3.744000 3.000000e+002
3.746000 3.000000e+002
3.748000 3.000000e+002
3.750000 3.000000e+002
3.752000 3.000000e+002
3.754000 3.000000e+002
3.756000 3.000000e+002
3.758000 3.000000e+002
3.760000 3.000000e+002
3.762000 3.000000e+002
3.764000 3.000000e+002
3.766000 3.000000e+002
3.768000 3.000000e+002
3.770000 3.000000e+002
3.772000 3.000000e+002
3.774000 3.000000e+002
3.776000 3.000000e+002
3.778000 3.000000e+002
3.780000 3.000000e+002
3.782000 3.000000e+002
3.784000 3.000000e+002
3.786000 3.000000e+002
3.788000 3.000000e+002
3.790000 3.000000e+002
3.792000 3.000000e+002
3.794000 3.000000e+002
3.796000 3.000000e+002
3.798000 3.000000e+002
3.800000 3.000000e+002
3.802000 3.000000e+002
3.804000 3.000000e+002
3.806000 3.000000e+002
3.808000 3.000000e+002
3.810000 3.000000e+002
3.812000 3.000000e+002
3.814000 3.000000e+002
3.816000 3.000000e+002
3.818000 3.000000e+002
3.820000 3.000000e+002
3.822000 3.000000e+002
3.824000 3.000000e+002
3.826000 3.000000e+002
3.828000 3.000000e+002
3.830000 3.000000e+002
3.832000 3.000000e+002
3.834000 3.000000e+002
3.836000 3.000000e+002
3.838000 3.000000e+002
3.840000 3.000000e+002
3.842000 3.000000e+002
3.844000 3.000000e+002
3.846000 3.000000e+002
3.848000 3.000000e+002
3.850000 3.000000e+002
3.852000 3.000000e+002
3.854000 3.000000e+002
3.856000 3.000000e+002
3.858000 3.000000e+002
3.860000 3.000000e+002
3.862000 3.000000e+002
3.864000 3.000000e+002
3.866000 3.000000e+002
3.868000 3.000000e+002
3.870000 3.000000e+002
3.872000 3.000000e+002
3.874000 3.000000e+002
3.876000 3.000000e+002
3.878000 3.000000e+002
3.880000 3.000000e+002
3.882000 3.000000e+002
3.884000 3.000000e+002
3.886000 3.000000e+002
3.888000 3.000000e+002
3.890000 3.000000e+002
3.892000 3.000000e+002
3.894000 3.000000e+002
3.896000 3.000000e+002
3.898000 3.000000e+002
3.900000 3.000000e+002
3.902000 3.000000e+002
3.904000 3.000000e+002
3.906000 3.000000e+002
3.908000 3.000000e+002
3.910000 3.000000e+002
3.912000 3.000000e+002
3.914000 3.000000e+002
3.916000 3.000000e+002
3.918000 3.000000e+002
3.920000 3.000000e+002
3.922000 3.000000e+002
3.924000 3.000000e+002
3.926000 3.000000e+002
3.928000 3.000000e+002
3.930000 3.000000e+002
3.932000 3.000000e+002
3.934000 3.000000e+002
3.936000 3.000000e+002
3.938000 3.000000e+002
3.940000 3.000000e+002
3.942000 3.000000e+002
3.944000 3.000000e+002
3.946000 3.000000e+002
3.948000 3.000000e+002
3.950000 3.000000e+002
3.952000 3.000000e+002
3.954000 3.000000e+002
3.956000 3.000000e+002
3.958000 3.000000e+002
3.960000 3.000000e+002
3.962000 3.000000e+002
3.964000 3.000000e+002
3.966000 3.000000e+002
3.968000 3.000000e+002
3.970000 3.000000e+002
3.972000 3.000000e+002
3.974000 3.000000e+002
3.976000 3.000000e+002
3.978000 3.000000e+002
3.980000 3.000000e+002
3.982000 3.000000e+002
3.984000 3.000000e+002
3.986000 3.000000e+002
3.988000 3.000000e+002
3.990000 3.000000e+002
3.992000 3.000000e+002
3.994000 3.000000e+002
3.996000 3.000000e+002
3.998000 3.000000e+002
