0.000000 3.138836e+002
0.002000 3.154068e+002
0.004000 3.169298e+002
0.006000 3.184525e+002
0.008000 3.199749e+002
0.010000 3.214970e+002
0.012000 3.230187e+002
0.014000 3.245402e+002
0.016000 3.260612e+002
0.018000 3.275818e+002
0.020000 3.291020e+002
0.022000 3.306217e+002
0.024000 3.321409e+002
0.026000 3.336597e+002
0.028000 3.351779e+002
0.030000 3.366955e+002
0.032000 3.382126e+002
0.034000 3.397291e+002
0.036000 3.412450e+002
0.038000 3.427602e+002
0.040000 3.442747e+002
0.042000 3.457886e+002
0.044000 3.473017e+002
0.046000 3.488141e+002
0.048000 3.503258e+002
0.050000 3.518366e+002
0.052000 3.533467e+002
0.054000 3.548559e+002
0.056000 3.563642e+002
0.058000 3.578717e+002
0.060000 3.593782e+002
0.062000 3.608838e+002
0.064000 3.623885e+002
0.066000 3.638922e+002
0.068000 3.653949e+002
0.070000 3.668966e+002
0.072000 3.683972e+002
0.074000 3.698967e+002
0.076000 3.713952e+002
0.078000 3.728925e+002
0.080000 3.743887e+002
0.082000 3.758838e+002
0.084000 3.773776e+002
0.086000 3.788703e+002
0.088000 3.803617e+002
0.090000 3.818519e+002
0.092000 3.833407e+002
0.094000 3.848283e+002
0.096000 3.863146e+002
0.098000 3.877995e+002
0.100000 3.892830e+002
0.102000 3.907651e+002
0.104000 3.922459e+002
0.106000 3.937251e+002
0.108000 3.952030e+002
0.110000 3.966793e+002
0.112000 3.981541e+002
0.114000 3.996274e+002
0.116000 4.010992e+002
0.118000 4.025694e+002
0.120000 4.040379e+002
0.122000 4.055049e+002
0.124000 4.069702e+002
0.126000 4.084338e+002
0.128000 4.098958e+002
0.130000 4.113560e+002
0.132000 4.128145e+002
0.134000 4.142713e+002
0.136000 4.157263e+002
0.138000 4.171795e+002
0.140000 4.186308e+002
0.142000 4.200803e+002
0.144000 4.215280e+002
0.146000 4.229737e+002
0.148000 4.244176e+002
0.150000 4.258595e+002
0.152000 4.272995e+002
0.154000 4.287375e+002
0.156000 4.301735e+002
0.158000 4.316075e+002
0.160000 4.330394e+002
0.162000 4.344693e+002
0.164000 4.358971e+002
0.166000 4.373227e+002
0.168000 4.387463e+002
0.170000 4.401677e+002
0.172000 4.415870e+002
0.174000 4.430040e+002
0.176000 4.444189e+002
0.178000 4.458315e+002
0.180000 4.472418e+002
0.182000 4.486499e+002
0.184000 4.500557e+002
0.186000 4.514592e+002
0.188000 4.528603e+002
0.190000 4.542591e+002
0.192000 4.556555e+002
0.194000 4.570495e+002
0.196000 4.584410e+002
0.198000 4.598302e+002
0.200000 4.612168e+002
0.202000 4.626010e+002
0.204000 4.639827e+002
0.206000 4.653619e+002
0.208000 4.667385e+002
0.210000 4.681126e+002
0.212000 4.694840e+002
0.214000 4.708529e+002
0.216000 4.722191e+002
0.218000 4.735828e+002
0.220000 4.749437e+002
0.222000 4.763020e+002
0.224000 4.776575e+002
0.226000 4.790103e+002
0.228000 4.803604e+002
0.230000 4.817078e+002
0.232000 4.830523e+002
0.234000 4.843941e+002
0.236000 4.857330e+002
0.238000 4.870691e+002
0.240000 4.884023e+002
0.242000 4.897327e+002
0.244000 4.910601e+002
0.246000 4.923847e+002
0.248000 4.937063e+002
0.250000 4.950249e+002
0.252000 4.963406e+002
0.254000 4.976533e+002
0.256000 4.989630e+002
0.258000 5.002697e+002
0.260000 5.015733e+002
0.262000 5.028738e+002
0.264000 5.041713e+002
0.266000 5.054657e+002
0.268000 5.067569e+002
0.270000 5.080450e+002
0.272000 5.093300e+002
0.274000 5.106118e+002
0.276000 5.118904e+002
0.278000 5.131657e+002
0.280000 5.144379e+002
0.282000 5.157068e+002
0.284000 5.169725e+002
0.286000 5.182348e+002
0.288000 5.194939e+002
0.290000 5.207497e+002
0.292000 5.220021e+002
0.294000 5.232512e+002
0.296000 5.244969e+002
0.298000 5.257393e+002
0.300000 5.269782e+002
0.302000 5.282138e+002
0.304000 5.294459e+002
0.306000 5.306745e+002
0.308000 5.318997e+002
0.310000 5.331214e+002
0.312000 5.343396e+002
0.314000 5.355543e+002
0.316000 5.367655e+002
0.318000 5.379731e+002
0.320000 5.391772e+002
0.322000 5.403776e+002
0.324000 5.415745e+002
0.326000 5.427678e+002
0.328000 5.439574e+002
0.330000 5.451435e+002
0.332000 5.463258e+002
0.334000 5.475045e+002
0.336000 5.486795e+002
0.338000 5.498508e+002
0.340000 5.510184e+002
0.342000 5.521822e+002
0.344000 5.533423e+002
0.346000 5.544987e+002
0.348000 5.556512e+002
0.350000 5.568000e+002
0.352000 5.579450e+002
0.354000 5.590861e+002
0.356000 5.602234e+002
0.358000 5.613569e+002
0.360000 5.624865e+002
0.362000 5.636122e+002
0.364000 5.647341e+002
0.366000 5.658520e+002
0.368000 5.669660e+002
0.370000 5.680761e+002
0.372000 5.691822e+002
0.374000 5.702844e+002
0.376000 5.713826e+002
0.378000 5.724768e+002
0.380000 5.735670e+002
0.382000 5.746532e+002
0.384000 5.757354e+002
0.386000 5.768135e+002
0.388000 5.778876e+002
0.390000 5.789576e+002
0.392000 5.800236e+002
0.394000 5.810854e+002
0.396000 5.821432e+002
0.398000 5.831968e+002
0.400000 5.842464e+002
0.402000 5.852917e+002
0.404000 5.863330e+002
0.406000 5.873700e+002
0.408000 5.884029e+002
0.410000 5.894316e+002
0.412000 5.904561e+002
0.414000 5.914764e+002
0.416000 5.924925e+002
0.418000 5.935044e+002
0.420000 5.945120e+002
0.422000 5.955153e+002
0.424000 5.965144e+002
0.426000 5.975092e+002
0.428000 5.984997e+002
0.430000 5.994859e+002
0.432000 6.004678e+002
0.434000 6.014454e+002
0.436000 6.024187e+002
0.438000 6.033876e+002
0.440000 6.043522e+002
0.442000 6.053124e+002
0.444000 6.062683e+002
0.446000 6.072197e+002
0.448000 6.081668e+002
0.450000 6.091095e+002
0.452000 6.100477e+002
0.454000 6.109816e+002
0.456000 6.119110e+002
0.458000 6.128359e+002
0.460000 6.137565e+002
0.462000 6.146725e+002
0.464000 6.155841e+002
0.466000 6.164913e+002
0.468000 6.173939e+002
0.470000 6.182921e+002
0.472000 6.191857e+002
0.474000 6.200749e+002
0.476000 6.209595e+002
0.478000 6.218396e+002
0.480000 6.227152e+002
0.482000 6.235862e+002
0.484000 6.244527e+002
0.486000 6.253146e+002
0.488000 6.261720e+002
0.490000 6.270248e+002
0.492000 6.278730e+002
0.494000 6.287166e+002
0.496000 6.295556e+002
0.498000 6.303901e+002
0.500000 6.312199e+002
0.502000 6.320451e+002
0.504000 6.328656e+002
0.506000 6.336816e+002
0.508000 6.344929e+002
0.510000 6.352995e+002
0.512000 6.361015e+002
0.514000 6.368989e+002
0.516000 6.376916e+002
0.518000 6.384796e+002
0.520000 6.392629e+002
0.522000 6.400416e+002
0.524000 6.408156e+002
0.526000 6.415849e+002
0.528000 6.423495e+002
0.530000 6.431093e+002
0.532000 6.438645e+002
0.534000 6.446150e+002
0.536000 6.453607e+002
0.538000 6.461017e+002
0.540000 6.468380e+002
0.542000 6.475696e+002
0.544000 6.482964e+002
0.546000 6.490184e+002
0.548000 6.497358e+002
0.550000 6.504483e+002
0.552000 6.511561e+002
0.554000 6.518592e+002
0.556000 6.525575e+002
0.558000 6.532510e+002
0.560000 6.539397e+002
0.562000 6.546236e+002
0.564000 6.553028e+002
0.566000 6.559772e+002
0.568000 6.566468e+002
0.570000 6.573116e+002
0.572000 6.579716e+002
0.574000 6.586268e+002
0.576000 6.592772e+002
0.578000 6.599228e+002
0.580000 6.605636e+002
0.582000 6.611996e+002
0.584000 6.618308e+002
0.586000 6.624572e+002
0.588000 6.630787e+002
0.590000 6.636954e+002
0.592000 6.643073e+002
0.594000 6.649144e+002
0.596000 6.655166e+002
0.598000 6.661140e+002
0.600000 6.667066e+002
0.602000 6.672943e+002
0.604000 6.678772e+002
0.606000 6.684553e+002
0.608000 6.690285e+002
0.610000 6.695969e+002
0.612000 6.701605e+002
0.614000 6.707192e+002
0.616000 6.712731e+002
0.618000 6.718221e+002
0.620000 6.723663e+002
0.622000 6.729056e+002
0.624000 6.734401e+002
0.626000 6.739698e+002
0.628000 6.744946e+002
0.630000 6.750145e+002
0.632000 6.755296e+002
0.634000 6.760399e+002
0.636000 6.765453e+002
0.638000 6.770459e+002
0.640000 6.775416e+002
0.642000 6.780324e+002
0.644000 6.785185e+002
0.646000 6.789996e+002
0.648000 6.794760e+002
0.650000 6.799474e+002
0.652000 6.804141e+002
0.654000 6.808759e+002
0.656000 6.813328e+002
0.658000 6.817850e+002
0.660000 6.822322e+002
0.662000 6.826747e+002
0.664000 6.831123e+002
0.666000 6.835450e+002
0.668000 6.839730e+002
0.670000 6.843961e+002
0.672000 6.848143e+002
0.674000 6.852278e+002
0.676000 6.856364e+002
0.678000 6.860402e+002
0.680000 6.864391e+002
0.682000 6.868333e+002
0.684000 6.872226e+002
0.686000 6.876071e+002
0.688000 6.879868e+002
0.690000 6.883617e+002
0.692000 6.887318e+002
0.694000 6.890970e+002
0.696000 6.894575e+002
0.698000 6.898132e+002
0.700000 6.901641e+002
0.702000 6.905101e+002
0.704000 6.908514e+002
0.706000 6.911879e+002
0.708000 6.915197e+002
0.710000 6.918466e+002
0.712000 6.921688e+002
0.714000 6.924862e+002
0.716000 6.927988e+002
0.718000 6.931067e+002
0.720000 6.934098e+002
0.722000 6.937082e+002
0.724000 6.940018e+002
0.726000 6.942907e+002
0.728000 6.945748e+002
0.730000 6.948542e+002
0.732000 6.951288e+002
0.734000 6.953987e+002
0.736000 6.956639e+002
0.738000 6.959244e+002
0.740000 6.961802e+002
0.742000 6.964312e+002
0.744000 6.966776e+002
0.746000 6.969192e+002
0.748000 6.971562e+002
0.750000 6.973885e+002
0.752000 6.976161e+002
0.754000 6.978390e+002
0.756000 6.980572e+002
0.758000 6.982708e+002
0.760000 6.984797e+002
0.762000 6.986840e+002
0.764000 6.988836e+002
0.766000 6.990786e+002
0.768000 6.992690e+002
0.770000 6.994547e+002
0.772000 6.996358e+002
0.774000 6.998122e+002
0.776000 6.999841e+002
0.778000 7.001514e+002
0.780000 7.003141e+002
0.782000 7.004721e+002
0.784000 7.006256e+002
0.786000 7.007746e+002
0.788000 7.009189e+002
0.790000 7.010587e+002
0.792000 7.011940e+002
0.794000 7.013247e+002
0.796000 7.014508e+002
0.798000 7.015724e+002
0.800000 7.016895e+002
0.802000 7.018021e+002
0.804000 7.019102e+002
0.806000 7.020138e+002
0.808000 7.021129e+002
0.810000 7.022074e+002
0.812000 7.022976e+002
0.814000 7.023832e+002
0.816000 7.024644e+002
0.818000 7.025411e+002
0.820000 7.026134e+002
0.822000 7.026813e+002
0.824000 7.027447e+002
0.826000 7.028037e+002
0.828000 7.028583e+002
0.830000 7.029085e+002
0.832000 7.029542e+002
0.834000 7.029957e+002
0.836000 7.030327e+002
0.838000 7.030654e+002
0.840000 7.030937e+002
0.842000 7.031176e+002
0.844000 7.031372e+002
0.846000 7.031525e+002
0.848000 7.031635e+002
0.850000 7.031701e+002
0.852000 7.031725e+002
0.854000 7.031706e+002
0.856000 7.031643e+002
0.858000 7.031538e+002
0.860000 7.031391e+002
0.862000 7.031201e+002
0.864000 7.030968e+002
0.866000 7.030693e+002
0.868000 7.030376e+002
0.870000 7.030017e+002
0.872000 7.029615e+002
0.874000 7.029172e+002
0.876000 7.028687e+002
0.878000 7.028160e+002
0.880000 7.027591e+002
0.882000 7.026981e+002
0.884000 7.026330e+002
0.886000 7.025637e+002
0.888000 7.024903e+002
0.890000 7.024128e+002
0.892000 7.023312e+002
0.894000 7.022455e+002
0.896000 7.021557e+002
0.898000 7.020619e+002
0.900000 7.019640e+002
0.902000 7.018621e+002
0.904000 7.017561e+002
0.906000 7.016461e+002
0.908000 7.015321e+002
0.910000 7.014141e+002
0.912000 7.012921e+002
0.914000 7.011661e+002
0.916000 7.010362e+002
0.918000 7.009023e+002
0.920000 7.007644e+002
0.922000 7.006227e+002
0.924000 7.004770e+002
0.926000 7.003274e+002
0.928000 7.001739e+002
0.930000 7.000166e+002
0.932000 6.998553e+002
0.934000 6.996902e+002
0.936000 6.995213e+002
0.938000 6.993485e+002
0.940000 6.991719e+002
0.942000 6.989915e+002
0.944000 6.988072e+002
0.946000 6.986192e+002
0.948000 6.984275e+002
0.950000 6.982319e+002
0.952000 6.980326e+002
0.954000 6.978296e+002
0.956000 6.976229e+002
0.958000 6.974124e+002
0.960000 6.971982e+002
0.962000 6.969804e+002
0.964000 6.967589e+002
0.966000 6.965337e+002
0.968000 6.963048e+002
0.970000 6.960724e+002
0.972000 6.958363e+002
0.974000 6.955966e+002
0.976000 6.953533e+002
0.978000 6.951064e+002
0.980000 6.948559e+002
0.982000 6.946019e+002
0.984000 6.943444e+002
0.986000 6.940833e+002
0.988000 6.938187e+002
0.990000 6.935506e+002
0.992000 6.932790e+002
0.994000 6.930039e+002
0.996000 6.927253e+002
0.998000 6.924433e+002
1.000000 6.921579e+002
1.002000 6.918691e+002
1.004000 6.915768e+002
1.006000 6.912811e+002
1.008000 6.909821e+002
1.010000 6.906797e+002
1.012000 6.903739e+002
1.014000 6.900648e+002
1.016000 6.897523e+002
1.018000 6.894365e+002
1.020000 6.891175e+002
1.022000 6.887951e+002
1.024000 6.884695e+002
1.026000 6.881406e+002
1.028000 6.878085e+002
1.030000 6.874731e+002
1.032000 6.871346e+002
1.034000 6.867928e+002
1.036000 6.864478e+002
1.038000 6.860997e+002
1.040000 6.857484e+002
1.042000 6.853939e+002
1.044000 6.850363e+002
1.046000 6.846756e+002
1.048000 6.843118e+002
1.050000 6.839449e+002
1.052000 6.835749e+002
1.054000 6.832019e+002
1.056000 6.828258e+002
1.058000 6.824467e+002
1.060000 6.820645e+002
1.062000 6.816794e+002
1.064000 6.812913e+002
1.066000 6.809002e+002
1.068000 6.805061e+002
1.070000 6.801091e+002
1.072000 6.797092e+002
1.074000 6.793063e+002
1.076000 6.789005e+002
1.078000 6.784919e+002
1.080000 6.780804e+002
1.082000 6.776660e+002
1.084000 6.772488e+002
1.086000 6.768287e+002
1.088000 6.764059e+002
1.090000 6.759802e+002
1.092000 6.755517e+002
1.094000 6.751205e+002
1.096000 6.746865e+002
1.098000 6.742498e+002
1.100000 6.738104e+002
1.102000 6.733682e+002
1.104000 6.729234e+002
1.106000 6.724759e+002
1.108000 6.720257e+002
1.110000 6.715728e+002
1.112000 6.711173e+002
1.114000 6.706592e+002
1.116000 6.701985e+002
1.118000 6.697352e+002
1.120000 6.692693e+002
1.122000 6.688009e+002
1.124000 6.683299e+002
1.126000 6.678564e+002
1.128000 6.673804e+002
1.130000 6.669018e+002
1.132000 6.664208e+002
1.134000 6.659373e+002
1.136000 6.654514e+002
1.138000 6.649630e+002
1.140000 6.644722e+002
1.142000 6.639789e+002
1.144000 6.634833e+002
1.146000 6.629853e+002
1.148000 6.624849e+002
1.150000 6.619822e+002
1.152000 6.614771e+002
1.154000 6.609697e+002
1.156000 6.604600e+002
1.158000 6.599481e+002
1.160000 6.594338e+002
1.162000 6.589173e+002
1.164000 6.583985e+002
1.166000 6.578775e+002
1.168000 6.573543e+002
1.170000 6.568289e+002
1.172000 6.563013e+002
1.174000 6.557716e+002
1.176000 6.552396e+002
1.178000 6.547056e+002
1.180000 6.541694e+002
1.182000 6.536311e+002
1.184000 6.530907e+002
1.186000 6.525483e+002
1.188000 6.520037e+002
1.190000 6.514572e+002
1.192000 6.509085e+002
1.194000 6.503579e+002
1.196000 6.498053e+002
1.198000 6.492506e+002
1.200000 6.486940e+002
1.202000 6.481355e+002
1.204000 6.475750e+002
1.206000 6.470126e+002
1.208000 6.464482e+002
1.210000 6.458820e+002
1.212000 6.453139e+002
1.214000 6.447439e+002
1.216000 6.441720e+002
1.218000 6.435983e+002
1.220000 6.430228e+002
1.222000 6.424455e+002
1.224000 6.418664e+002
1.226000 6.412855e+002
1.228000 6.407029e+002
1.230000 6.401185e+002
1.232000 6.395323e+002
1.234000 6.389445e+002
1.236000 6.383550e+002
1.238000 6.377637e+002
1.240000 6.371708e+002
1.242000 6.365762e+002
1.244000 6.359800e+002
1.246000 6.353822e+002
1.248000 6.347827e+002
1.250000 6.341817e+002
1.252000 6.335790e+002
1.254000 6.329748e+002
1.256000 6.323690e+002
1.258000 6.317617e+002
1.260000 6.311529e+002
1.262000 6.305426e+002
1.264000 6.299307e+002
1.266000 6.293174e+002
1.268000 6.287026e+002
1.270000 6.280864e+002
1.272000 6.274687e+002
1.274000 6.268496e+002
1.276000 6.262291e+002
1.278000 6.256073e+002
1.280000 6.249840e+002
1.282000 6.243594e+002
1.284000 6.237334e+002
1.286000 6.231061e+002
1.288000 6.224774e+002
1.290000 6.218475e+002
1.292000 6.212163e+002
1.294000 6.205837e+002
1.296000 6.199500e+002
1.298000 6.193150e+002
1.300000 6.186787e+002
1.302000 6.180412e+002
1.304000 6.174026e+002
1.306000 6.167627e+002
1.308000 6.161217e+002
1.310000 6.154795e+002
1.312000 6.148361e+002
1.314000 6.141916e+002
1.316000 6.135460e+002
1.318000 6.128993e+002
1.320000 6.122516e+002
1.322000 6.116027e+002
1.324000 6.109528e+002
1.326000 6.103018e+002
1.328000 6.096498e+002
1.330000 6.089967e+002
1.332000 6.083427e+002
1.334000 6.076877e+002
1.336000 6.070317e+002
1.338000 6.063747e+002
1.340000 6.057168e+002
1.342000 6.050579e+002
1.344000 6.043981e+002
1.346000 6.037375e+002
1.348000 6.030759e+002
1.350000 6.024134e+002
1.352000 6.017501e+002
1.354000 6.010859e+002
1.356000 6.004209e+002
1.358000 5.997550e+002
1.360000 5.990884e+002
1.362000 5.984209e+002
1.364000 5.977527e+002
1.366000 5.970837e+002
1.368000 5.964139e+002
1.370000 5.957434e+002
1.372000 5.950721e+002
1.374000 5.944001e+002
1.376000 5.937275e+002
1.378000 5.930541e+002
1.380000 5.923801e+002
1.382000 5.917054e+002
1.384000 5.910300e+002
1.386000 5.903540e+002
1.388000 5.896774e+002
1.390000 5.890002e+002
1.392000 5.883223e+002
1.394000 5.876439e+002
1.396000 5.869649e+002
1.398000 5.862854e+002
1.400000 5.856053e+002
1.402000 5.849247e+002
1.404000 5.842435e+002
1.406000 5.835618e+002
1.408000 5.828797e+002
1.410000 5.821971e+002
1.412000 5.815140e+002
1.414000 5.808304e+002
1.416000 5.801464e+002
1.418000 5.794619e+002
1.420000 5.787771e+002
1.422000 5.780918e+002
1.424000 5.774062e+002
1.426000 5.767201e+002
1.428000 5.760337e+002
1.430000 5.753470e+002
1.432000 5.746599e+002
1.434000 5.739724e+002
1.436000 5.732847e+002
1.438000 5.725966e+002
1.440000 5.719082e+002
1.442000 5.712196e+002
1.444000 5.705307e+002
1.446000 5.698415e+002
1.448000 5.691521e+002
1.450000 5.684624e+002
1.452000 5.677725e+002
1.454000 5.670824e+002
1.456000 5.663922e+002
1.458000 5.657017e+002
1.460000 5.650110e+002
1.462000 5.643202e+002
1.464000 5.636293e+002
1.466000 5.629381e+002
1.468000 5.622469e+002
1.470000 5.615556e+002
1.472000 5.608641e+002
1.474000 5.601726e+002
1.476000 5.594809e+002
1.478000 5.587892e+002
1.480000 5.580975e+002
1.482000 5.574057e+002
1.484000 5.567138e+002
1.486000 5.560220e+002
1.488000 5.553301e+002
1.490000 5.546382e+002
1.492000 5.539463e+002
1.494000 5.532544e+002
1.496000 5.525626e+002
1.498000 5.518708e+002
1.500000 5.511791e+002
1.502000 5.504874e+002
1.504000 5.497958e+002
1.506000 5.491043e+002
1.508000 5.484129e+002
1.510000 5.477216e+002
1.512000 5.470304e+002
1.514000 5.463394e+002
1.516000 5.456484e+002
1.518000 5.449577e+002
1.520000 5.442670e+002
1.522000 5.435766e+002
1.524000 5.428863e+002
1.526000 5.421963e+002
1.528000 5.415064e+002
1.530000 5.408167e+002
1.532000 5.401273e+002
1.534000 5.394381e+002
1.536000 5.387491e+002
1.538000 5.380604e+002
1.540000 5.373720e+002
1.542000 5.366838e+002
1.544000 5.359959e+002
1.546000 5.353083e+002
1.548000 5.346210e+002
1.550000 5.339340e+002
1.552000 5.332474e+002
1.554000 5.325610e+002
1.556000 5.318750e+002
1.558000 5.311894e+002
1.560000 5.305041e+002
1.562000 5.298192e+002
1.564000 5.291347e+002
1.566000 5.284506e+002
1.568000 5.277668e+002
1.570000 5.270835e+002
1.572000 5.264006e+002
1.574000 5.257181e+002
1.576000 5.250360e+002
1.578000 5.243544e+002
1.580000 5.236733e+002
1.582000 5.229926e+002
1.584000 5.223124e+002
1.586000 5.216327e+002
1.588000 5.209534e+002
1.590000 5.202747e+002
1.592000 5.195964e+002
1.594000 5.189187e+002
1.596000 5.182415e+002
1.598000 5.175649e+002
1.600000 5.168888e+002
1.602000 5.162132e+002
1.604000 5.155382e+002
1.606000 5.148638e+002
1.608000 5.141899e+002
1.610000 5.135167e+002
1.612000 5.128440e+002
1.614000 5.121719e+002
1.616000 5.115005e+002
1.618000 5.108296e+002
1.620000 5.101594e+002
1.622000 5.094898e+002
1.624000 5.088209e+002
1.626000 5.081526e+002
1.628000 5.074850e+002
1.630000 5.068180e+002
1.632000 5.061518e+002
1.634000 5.054862e+002
1.636000 5.048213e+002
1.638000 5.041571e+002
1.640000 5.034936e+002
1.642000 5.028308e+002
1.644000 5.021687e+002
1.646000 5.015074e+002
1.648000 5.008468e+002
1.650000 5.001869e+002
1.652000 4.995278e+002
1.654000 4.988695e+002
1.656000 4.982119e+002
1.658000 4.975551e+002
1.660000 4.968991e+002
1.662000 4.962439e+002
1.664000 4.955894e+002
1.666000 4.949358e+002
1.668000 4.942830e+002
1.670000 4.936310e+002
1.672000 4.929798e+002
1.674000 4.923294e+002
1.676000 4.916799e+002
1.678000 4.910312e+002
1.680000 4.903834e+002
1.682000 4.897365e+002
1.684000 4.890904e+002
1.686000 4.884451e+002
1.688000 4.878008e+002
1.690000 4.871573e+002
1.692000 4.865147e+002
1.694000 4.858731e+002
1.696000 4.852323e+002
1.698000 4.845924e+002
1.700000 4.839535e+002
1.702000 4.833154e+002
1.704000 4.826783e+002
1.706000 4.820422e+002
1.708000 4.814070e+002
1.710000 4.807727e+002
1.712000 4.801393e+002
1.714000 4.795070e+002
1.716000 4.788756e+002
1.718000 4.782451e+002
1.720000 4.776157e+002
1.722000 4.769872e+002
1.724000 4.763597e+002
1.726000 4.757332e+002
1.728000 4.751077e+002
1.730000 4.744832e+002
1.732000 4.738597e+002
1.734000 4.732373e+002
1.736000 4.726158e+002
1.738000 4.719954e+002
1.740000 4.713760e+002
1.742000 4.707577e+002
1.744000 4.701403e+002
1.746000 4.695241e+002
1.748000 4.689089e+002
1.750000 4.682947e+002
1.752000 4.676816e+002
1.754000 4.670696e+002
1.756000 4.664586e+002
1.758000 4.658488e+002
1.760000 4.652400e+002
1.762000 4.646323e+002
1.764000 4.640256e+002
1.766000 4.634201e+002
1.768000 4.628157e+002
1.770000 4.622124e+002
1.772000 4.616102e+002
1.774000 4.610091e+002
1.776000 4.604091e+002
1.778000 4.598103e+002
1.780000 4.592126e+002
1.782000 4.586160e+002
1.784000 4.580206e+002
1.786000 4.574262e+002
1.788000 4.568331e+002
1.790000 4.562411e+002
1.792000 4.556502e+002
1.794000 4.550605e+002
1.796000 4.544720e+002
1.798000 4.538846e+002
1.800000 4.532984e+002
1.802000 4.527134e+002
1.804000 4.521296e+002
1.806000 4.515469e+002
1.808000 4.509654e+002
1.810000 4.503851e+002
1.812000 4.498060e+002
1.814000 4.492281e+002
1.816000 4.486514e+002
1.818000 4.480759e+002
1.820000 4.475017e+002
1.822000 4.469286e+002
1.824000 4.463567e+002
1.826000 4.457861e+002
1.828000 4.452167e+002
1.830000 4.446485e+002
1.832000 4.440815e+002
1.834000 4.435157e+002
1.836000 4.429512e+002
1.838000 4.423880e+002
1.840000 4.418259e+002
1.842000 4.412652e+002
1.844000 4.407056e+002
1.846000 4.401473e+002
1.848000 4.395903e+002
1.850000 4.390345e+002
1.852000 4.384800e+002
1.854000 4.379267e+002
1.856000 4.373747e+002
1.858000 4.368240e+002
1.860000 4.362746e+002
1.862000 4.357264e+002
1.864000 4.351795e+002
1.866000 4.346338e+002
1.868000 4.340895e+002
1.870000 4.335464e+002
1.872000 4.330046e+002
1.874000 4.324641e+002
1.876000 4.319249e+002
1.878000 4.313870e+002
1.880000 4.308503e+002
1.882000 4.303150e+002
1.884000 4.297810e+002
1.886000 4.292483e+002
1.888000 4.287168e+002
1.890000 4.281867e+002
1.892000 4.276579e+002
1.894000 4.271304e+002
1.896000 4.266042e+002
1.898000 4.260793e+002
1.900000 4.255557e+002
1.902000 4.250335e+002
1.904000 4.245126e+002
1.906000 4.239930e+002
1.908000 4.234747e+002
1.910000 4.229577e+002
1.912000 4.224421e+002
1.914000 4.219278e+002
1.916000 4.214148e+002
1.918000 4.209031e+002
1.920000 4.203928e+002
1.922000 4.198838e+002
1.924000 4.193762e+002
1.926000 4.188699e+002
1.928000 4.183649e+002
1.930000 4.178613e+002
1.932000 4.173590e+002
1.934000 4.168580e+002
1.936000 4.163584e+002
1.938000 4.158602e+002
1.940000 4.153632e+002
1.942000 4.148677e+002
1.944000 4.143734e+002
1.946000 4.138806e+002
1.948000 4.133890e+002
1.950000 4.128989e+002
1.952000 4.124100e+002
1.954000 4.119226e+002
1.956000 4.114365e+002
1.958000 4.109517e+002
1.960000 4.104683e+002
1.962000 4.099862e+002
1.964000 4.095056e+002
1.966000 4.090262e+002
1.968000 4.085482e+002
1.970000 4.080716e+002
1.972000 4.075964e+002
1.974000 4.071225e+002
1.976000 4.066499e+002
1.978000 4.061788e+002
1.980000 4.057090e+002
1.982000 4.052405e+002
1.984000 4.047734e+002
1.986000 4.043077e+002
1.988000 4.038433e+002
1.990000 4.033803e+002
1.992000 4.029187e+002
1.994000 4.024584e+002
1.996000 4.019995e+002
1.998000 4.015420e+002
2.000000 4.010858e+002
2.002000 4.006310e+002
2.004000 4.001776e+002
2.006000 3.997255e+002
2.008000 3.992748e+002
2.010000 3.988255e+002
2.012000 3.983775e+002
2.014000 3.979309e+002
2.016000 3.974856e+002
2.018000 3.970418e+002
2.020000 3.965993e+002
2.022000 3.961581e+002
2.024000 3.957183e+002
2.026000 3.952799e+002
2.028000 3.948429e+002
2.030000 3.944072e+002
2.032000 3.939728e+002
2.034000 3.935399e+002
2.036000 3.931083e+002
2.038000 3.926781e+002
2.040000 3.922492e+002
2.042000 3.918217e+002
2.044000 3.913955e+002
2.046000 3.909708e+002
2.048000 3.905473e+002
2.050000 3.901253e+002
2.052000 3.897046e+002
2.054000 3.892852e+002
2.056000 3.888672e+002
2.058000 3.884506e+002
2.060000 3.880353e+002
2.062000 3.876214e+002
2.064000 3.872089e+002
2.066000 3.867977e+002
2.068000 3.863878e+002
2.070000 3.859793e+002
2.072000 3.855722e+002
2.074000 3.851664e+002
2.076000 3.847620e+002
2.078000 3.843589e+002
2.080000 3.839572e+002
2.082000 3.835568e+002
2.084000 3.831577e+002
2.086000 3.827600e+002
2.088000 3.823637e+002
2.090000 3.819687e+002
2.092000 3.815750e+002
2.094000 3.811827e+002
2.096000 3.807917e+002
2.098000 3.804021e+002
2.100000 3.800138e+002
2.102000 3.796268e+002
2.104000 3.792412e+002
2.106000 3.788569e+002
2.108000 3.784740e+002
2.110000 3.780924e+002
2.112000 3.777121e+002
2.114000 3.773331e+002
2.116000 3.769555e+002
2.118000 3.765792e+002
2.120000 3.762042e+002
2.122000 3.758306e+002
2.124000 3.754582e+002
2.126000 3.750872e+002
2.128000 3.747176e+002
2.130000 3.743492e+002
2.132000 3.739821e+002
2.134000 3.736164e+002
2.136000 3.732520e+002
2.138000 3.728889e+002
2.140000 3.725271e+002
2.142000 3.721666e+002
2.144000 3.718074e+002
2.146000 3.714496e+002
2.148000 3.710930e+002
2.150000 3.707377e+002
2.152000 3.703838e+002
2.154000 3.700311e+002
2.156000 3.696798e+002
2.158000 3.693297e+002
2.160000 3.689809e+002
2.162000 3.686335e+002
2.164000 3.682873e+002
2.166000 3.679424e+002
2.168000 3.675988e+002
2.170000 3.672564e+002
2.172000 3.669154e+002
2.174000 3.665756e+002
2.176000 3.662372e+002
2.178000 3.659000e+002
2.180000 3.655640e+002
2.182000 3.652294e+002
2.184000 3.648960e+002
2.186000 3.645639e+002
2.188000 3.642331e+002
2.190000 3.639035e+002
2.192000 3.635752e+002
2.194000 3.632481e+002
2.196000 3.629223e+002
2.198000 3.625978e+002
2.200000 3.622745e+002
2.202000 3.619525e+002
2.204000 3.616317e+002
2.206000 3.613122e+002
2.208000 3.609939e+002
2.210000 3.606769e+002
2.212000 3.603611e+002
2.214000 3.600466e+002
2.216000 3.597333e+002
2.218000 3.594212e+002
2.220000 3.591104e+002
2.222000 3.588007e+002
2.224000 3.584924e+002
2.226000 3.581852e+002
2.228000 3.578793e+002
2.230000 3.575746e+002
2.232000 3.572711e+002
2.234000 3.569688e+002
2.236000 3.566678e+002
2.238000 3.563679e+002
2.240000 3.560693e+002
2.242000 3.557719e+002
2.244000 3.554757e+002
2.246000 3.551807e+002
2.248000 3.548869e+002
2.250000 3.545943e+002
2.252000 3.543028e+002
2.254000 3.540126e+002
2.256000 3.537236e+002
2.258000 3.534357e+002
2.260000 3.531491e+002
2.262000 3.528636e+002
2.264000 3.525793e+002
2.266000 3.522962e+002
2.268000 3.520143e+002
2.270000 3.517335e+002
2.272000 3.514539e+002
2.274000 3.511755e+002
2.276000 3.508982e+002
2.278000 3.506221e+002
2.280000 3.503472e+002
2.282000 3.500734e+002
2.284000 3.498008e+002
2.286000 3.495293e+002
2.288000 3.492590e+002
2.290000 3.489899e+002
2.292000 3.487218e+002
2.294000 3.484549e+002
2.296000 3.481892e+002
2.298000 3.479246e+002
2.300000 3.476611e+002
2.302000 3.473988e+002
2.304000 3.471376e+002
2.306000 3.468775e+002
2.308000 3.466185e+002
2.310000 3.463607e+002
2.312000 3.461039e+002
2.314000 3.458483e+002
2.316000 3.455938e+002
2.318000 3.453404e+002
2.320000 3.450882e+002
2.322000 3.448370e+002
2.324000 3.445869e+002
2.326000 3.443379e+002
2.328000 3.440900e+002
2.330000 3.438432e+002
2.332000 3.435975e+002
2.334000 3.433529e+002
2.336000 3.431094e+002
2.338000 3.428670e+002
2.340000 3.426256e+002
2.342000 3.423853e+002
2.344000 3.421461e+002
2.346000 3.419079e+002
2.348000 3.416708e+002
2.350000 3.414348e+002
2.352000 3.411999e+002
2.354000 3.409660e+002
2.356000 3.407331e+002
2.358000 3.405013e+002
2.360000 3.402706e+002
2.362000 3.400409e+002
2.364000 3.398122e+002
2.366000 3.395846e+002
2.368000 3.393581e+002
2.370000 3.391325e+002
2.372000 3.389080e+002
2.374000 3.386846e+002
2.376000 3.384621e+002
2.378000 3.382407e+002
2.380000 3.380203e+002
2.382000 3.378009e+002
2.384000 3.375825e+002
2.386000 3.373652e+002
2.388000 3.371488e+002
2.390000 3.369335e+002
2.392000 3.367192e+002
2.394000 3.365058e+002
2.396000 3.362935e+002
2.398000 3.360821e+002
2.400000 3.358718e+002
2.402000 3.356624e+002
2.404000 3.354540e+002
2.406000 3.352466e+002
2.408000 3.350402e+002
2.410000 3.348348e+002
2.412000 3.346303e+002
2.414000 3.344268e+002
2.416000 3.342243e+002
2.418000 3.340227e+002
2.420000 3.338221e+002
2.422000 3.336225e+002
2.424000 3.334238e+002
2.426000 3.332260e+002
2.428000 3.330292e+002
2.430000 3.328334e+002
2.432000 3.326385e+002
2.434000 3.324445e+002
2.436000 3.322515e+002
2.438000 3.320594e+002
2.440000 3.318683e+002
2.442000 3.316781e+002
2.444000 3.314888e+002
2.446000 3.313004e+002
2.448000 3.311129e+002
2.450000 3.309264e+002
2.452000 3.307408e+002
2.454000 3.305560e+002
2.456000 3.303722e+002
2.458000 3.301893e+002
2.460000 3.300073e+002
2.462000 3.298262e+002
2.464000 3.296460e+002
2.466000 3.294667e+002
2.468000 3.292882e+002
2.470000 3.291107e+002
2.472000 3.289340e+002
2.474000 3.287583e+002
2.476000 3.285834e+002
2.478000 3.284093e+002
2.480000 3.282362e+002
2.482000 3.280639e+002
2.484000 3.278925e+002
2.486000 3.277219e+002
2.488000 3.275522e+002
2.490000 3.273834e+002
2.492000 3.272154e+002
2.494000 3.270482e+002
2.496000 3.268819e+002
2.498000 3.267165e+002
2.500000 3.265519e+002
2.502000 3.263881e+002
2.504000 3.262252e+002
2.506000 3.260631e+002
2.508000 3.259018e+002
2.510000 3.257414e+002
2.512000 3.255817e+002
2.514000 3.254229e+002
2.516000 3.252649e+002
2.518000 3.251078e+002
2.520000 3.249514e+002
2.522000 3.247959e+002
2.524000 3.246411e+002
2.526000 3.244872e+002
2.528000 3.243340e+002
2.530000 3.241817e+002
2.532000 3.240301e+002
2.534000 3.238794e+002
2.536000 3.237294e+002
2.538000 3.235802e+002
2.540000 3.234318e+002
2.542000 3.232842e+002
2.544000 3.231373e+002
2.546000 3.229913e+002
2.548000 3.228459e+002
2.550000 3.227014e+002
2.552000 3.225576e+002
2.554000 3.224146e+002
2.556000 3.222724e+002
2.558000 3.221309e+002
2.560000 3.219901e+002
2.562000 3.218501e+002
2.564000 3.217108e+002
2.566000 3.215723e+002
2.568000 3.214346e+002
2.570000 3.212975e+002
2.572000 3.211612e+002
2.574000 3.210257e+002
2.576000 3.208909e+002
2.578000 3.207567e+002
2.580000 3.206234e+002
2.582000 3.204907e+002
2.584000 3.203588e+002
2.586000 3.202275e+002
2.588000 3.200970e+002
2.590000 3.199672e+002
2.592000 3.198381e+002
2.594000 3.197097e+002
2.596000 3.195820e+002
2.598000 3.194550e+002
2.600000 3.193287e+002
2.602000 3.192031e+002
2.604000 3.190782e+002
2.606000 3.189539e+002
2.608000 3.188304e+002
2.610000 3.187075e+002
2.612000 3.185853e+002
2.614000 3.184638e+002
2.616000 3.183429e+002
2.618000 3.182227e+002
2.620000 3.181032e+002
2.622000 3.179844e+002
2.624000 3.178662e+002
2.626000 3.177487e+002
2.628000 3.176318e+002
2.630000 3.175156e+002
2.632000 3.174000e+002
2.634000 3.172851e+002
2.636000 3.171708e+002
2.638000 3.170572e+002
2.640000 3.169442e+002
2.642000 3.168318e+002
2.644000 3.167201e+002
2.646000 3.166090e+002
2.648000 3.164986e+002
2.650000 3.163887e+002
2.652000 3.162795e+002
2.654000 3.161709e+002
2.656000 3.160629e+002
2.658000 3.159556e+002
2.660000 3.158488e+002
2.662000 3.157427e+002
2.664000 3.156371e+002
2.666000 3.155322e+002
2.668000 3.154279e+002
2.670000 3.153241e+002
2.672000 3.152210e+002
2.674000 3.151185e+002
2.676000 3.150165e+002
2.678000 3.149151e+002
2.680000 3.148144e+002
2.682000 3.147142e+002
2.684000 3.146146e+002
2.686000 3.145155e+002
2.688000 3.144171e+002
2.690000 3.143192e+002
2.692000 3.142219e+002
2.694000 3.141251e+002
2.696000 3.140289e+002
2.698000 3.139333e+002
2.700000 3.138382e+002
2.702000 3.137437e+002
2.704000 3.136498e+002
2.706000 3.135564e+002
2.708000 3.134635e+002
2.710000 3.133712e+002
2.712000 3.132795e+002
2.714000 3.131882e+002
2.716000 3.130976e+002
2.718000 3.130074e+002
2.720000 3.129178e+002
2.722000 3.128287e+002
2.724000 3.127402e+002
2.726000 3.126522e+002
2.728000 3.125647e+002
2.730000 3.124777e+002
2.732000 3.123912e+002
2.734000 3.123053e+002
2.736000 3.122199e+002
2.738000 3.121350e+002
2.740000 3.120506e+002
2.742000 3.119667e+002
2.744000 3.118833e+002
2.746000 3.118004e+002
2.748000 3.117180e+002
2.750000 3.116361e+002
2.752000 3.115548e+002
2.754000 3.114739e+002
2.756000 3.113935e+002
2.758000 3.113135e+002
2.760000 3.112341e+002
2.762000 3.111551e+002
2.764000 3.110767e+002
2.766000 3.109987e+002
2.768000 3.109212e+002
2.770000 3.108441e+002
2.772000 3.107676e+002
2.774000 3.106915e+002
2.776000 3.106158e+002
2.778000 3.105407e+002
2.780000 3.104660e+002
2.782000 3.103917e+002
2.784000 3.103179e+002
2.786000 3.102446e+002
2.788000 3.101717e+002
2.790000 3.100993e+002
2.792000 3.100273e+002
2.794000 3.099558e+002
2.796000 3.098847e+002
2.798000 3.098141e+002
2.800000 3.097439e+002
2.802000 3.096741e+002
2.804000 3.096048e+002
2.806000 3.095359e+002
2.808000 3.094674e+002
2.810000 3.093994e+002
2.812000 3.093318e+002
2.814000 3.092646e+002
2.816000 3.091978e+002
2.818000 3.091315e+002
2.820000 3.090655e+002
2.822000 3.090000e+002
2.824000 3.089349e+002
2.826000 3.088703e+002
2.828000 3.088060e+002
2.830000 3.087421e+002
2.832000 3.086787e+002
2.834000 3.086156e+002
2.836000 3.085529e+002
2.838000 3.084907e+002
2.840000 3.084288e+002
2.842000 3.083674e+002
2.844000 3.083063e+002
2.846000 3.082456e+002
2.848000 3.081853e+002
2.850000 3.081254e+002
2.852000 3.080659e+002
2.854000 3.080068e+002
2.856000 3.079480e+002
2.858000 3.078896e+002
2.860000 3.078316e+002
2.862000 3.077740e+002
2.864000 3.077167e+002
2.866000 3.076599e+002
2.868000 3.076033e+002
2.870000 3.075472e+002
2.872000 3.074914e+002
2.874000 3.074360e+002
2.876000 3.073809e+002
2.878000 3.073262e+002
2.880000 3.072719e+002
2.882000 3.072179e+002
2.884000 3.071643e+002
2.886000 3.071110e+002
2.888000 3.070580e+002
2.890000 3.070055e+002
2.892000 3.069532e+002
2.894000 3.069013e+002
2.896000 3.068498e+002
2.898000 3.067985e+002
2.900000 3.067477e+002
2.902000 3.066971e+002
2.904000 3.066469e+002
2.906000 3.065970e+002
2.908000 3.065475e+002
2.910000 3.064983e+002
2.912000 3.064494e+002
2.914000 3.064008e+002
2.916000 3.063526e+002
2.918000 3.063046e+002
2.920000 3.062570e+002
2.922000 3.062098e+002
2.924000 3.061628e+002
2.926000 3.061161e+002
2.928000 3.060698e+002
2.930000 3.060238e+002
2.932000 3.059781e+002
2.934000 3.059327e+002
2.936000 3.058875e+002
2.938000 3.058427e+002
2.940000 3.057982e+002
2.942000 3.057540e+002
2.944000 3.057101e+002
2.946000 3.056665e+002
2.948000 3.056232e+002
2.950000 3.055802e+002
2.952000 3.055375e+002
2.954000 3.054951e+002
2.956000 3.054529e+002
2.958000 3.054111e+002
2.960000 3.053695e+002
2.962000 3.053282e+002
2.964000 3.052872e+002
2.966000 3.052465e+002
2.968000 3.052061e+002
2.970000 3.051659e+002
2.972000 3.051260e+002
2.974000 3.050864e+002
2.976000 3.050470e+002
2.978000 3.050080e+002
2.980000 3.049692e+002
2.982000 3.049306e+002
2.984000 3.048924e+002
2.986000 3.048544e+002
2.988000 3.048166e+002
2.990000 3.047791e+002
2.992000 3.047419e+002
2.994000 3.047050e+002
2.996000 3.046682e+002
2.998000 3.046318e+002
3.000000 3.045956e+002
3.002000 3.045597e+002
3.004000 3.045240e+002
3.006000 3.044885e+002
3.008000 3.044533e+002
3.010000 3.044184e+002
3.012000 3.043837e+002
3.014000 3.043492e+002
3.016000 3.043150e+002
3.018000 3.042810e+002
3.020000 3.042473e+002
3.022000 3.042138e+002
3.024000 3.041805e+002
3.026000 3.041475e+002
3.028000 3.041147e+002
3.030000 3.040821e+002
3.032000 3.040498e+002
3.034000 3.040177e+002
3.036000 3.039858e+002
3.038000 3.039542e+002
3.040000 3.039228e+002
3.042000 3.038916e+002
3.044000 3.038606e+002
3.046000 3.038298e+002
3.048000 3.037993e+002
3.050000 3.037690e+002
3.052000 3.037389e+002
3.054000 3.037090e+002
3.056000 3.036793e+002
3.058000 3.036499e+002
3.060000 3.036206e+002
3.062000 3.035916e+002
3.064000 3.035628e+002
3.066000 3.035342e+002
3.068000 3.035057e+002
3.070000 3.034775e+002
3.072000 3.034495e+002
3.074000 3.034217e+002
3.076000 3.033941e+002
3.078000 3.033667e+002
3.080000 3.033395e+002
3.082000 3.033125e+002
3.084000 3.032857e+002
3.086000 3.032591e+002
3.088000 3.032327e+002
3.090000 3.032065e+002
3.092000 3.031804e+002
3.094000 3.031546e+002
3.096000 3.031290e+002
3.098000 3.031035e+002
3.100000 3.030782e+002
3.102000 3.030531e+002
3.104000 3.030282e+002
3.106000 3.030035e+002
3.108000 3.029789e+002
3.110000 3.029546e+002
3.112000 3.029304e+002
3.114000 3.029064e+002
3.116000 3.028826e+002
3.118000 3.028589e+002
3.120000 3.028355e+002
3.122000 3.028122e+002
3.124000 3.027890e+002
3.126000 3.027661e+002
3.128000 3.027433e+002
3.130000 3.027207e+002
3.132000 3.026982e+002
3.134000 3.026759e+002
3.136000 3.026538e+002
3.138000 3.026319e+002
3.140000 3.026101e+002
3.142000 3.025885e+002
3.144000 3.025670e+002
3.146000 3.025457e+002
3.148000 3.025246e+002
3.150000 3.025036e+002
3.152000 3.024828e+002
3.154000 3.024621e+002
3.156000 3.024416e+002
3.158000 3.024213e+002
3.160000 3.024011e+002
3.162000 3.023810e+002
3.164000 3.023611e+002
3.166000 3.023414e+002
3.168000 3.023218e+002
3.170000 3.023023e+002
3.172000 3.022830e+002
3.174000 3.022639e+002
3.176000 3.022449e+002
3.178000 3.022260e+002
3.180000 3.022073e+002
3.182000 3.021887e+002
3.184000 3.021703e+002
3.186000 3.021520e+002
3.188000 3.021338e+002
3.190000 3.021158e+002
3.192000 3.020980e+002
3.194000 3.020802e+002
3.196000 3.020626e+002
3.198000 3.020452e+002
3.200000 3.020278e+002
3.202000 3.020106e+002
3.204000 3.019936e+002
3.206000 3.019766e+002
3.208000 3.019598e+002
3.210000 3.019432e+002
3.212000 3.019266e+002
3.214000 3.019102e+002
3.216000 3.018939e+002
3.218000 3.018777e+002
3.220000 3.018617e+002
3.222000 3.018458e+002
3.224000 3.018300e+002
3.226000 3.018144e+002
3.228000 3.017988e+002
3.230000 3.017834e+002
3.232000 3.017681e+002
3.234000 3.017529e+002
3.236000 3.017378e+002
3.238000 3.017229e+002
3.240000 3.017081e+002
3.242000 3.016934e+002
3.244000 3.016788e+002
3.246000 3.016643e+002
3.248000 3.016499e+002
3.250000 3.016357e+002
3.252000 3.016215e+002
3.254000 3.016075e+002
3.256000 3.015936e+002
3.258000 3.015798e+002
3.260000 3.015661e+002
3.262000 3.015525e+002
3.264000 3.015390e+002
3.266000 3.015257e+002
3.268000 3.015124e+002
3.270000 3.014992e+002
3.272000 3.014862e+002
3.274000 3.014732e+002
3.276000 3.014604e+002
3.278000 3.014476e+002
3.280000 3.014350e+002
3.282000 3.014224e+002
3.284000 3.014100e+002
3.286000 3.013976e+002
3.288000 3.013854e+002
3.290000 3.013732e+002
3.292000 3.013612e+002
3.294000 3.013492e+002
3.296000 3.013374e+002
3.298000 3.013256e+002
3.300000 3.013140e+002
3.302000 3.013024e+002
3.304000 3.012909e+002
3.306000 3.012795e+002
3.308000 3.012682e+002
3.310000 3.012570e+002
3.312000 3.012459e+002
3.314000 3.012349e+002
3.316000 3.012240e+002
3.318000 3.012131e+002
3.320000 3.012024e+002
3.322000 3.011917e+002
3.324000 3.011811e+002
3.326000 3.011706e+002
3.328000 3.011602e+002
3.330000 3.011499e+002
3.332000 3.011397e+002
3.334000 3.011295e+002
3.336000 3.011195e+002
3.338000 3.011095e+002
3.340000 3.010996e+002
3.342000 3.010897e+002
3.344000 3.010800e+002
3.346000 3.010703e+002
3.348000 3.010608e+002
3.350000 3.010513e+002
3.352000 3.010418e+002
3.354000 3.010325e+002
3.356000 3.010232e+002
3.358000 3.010140e+002
3.360000 3.010049e+002
3.362000 3.009959e+002
3.364000 3.009869e+002
3.366000 3.009780e+002
3.368000 3.009692e+002
3.370000 3.009604e+002
3.372000 3.009518e+002
3.374000 3.009432e+002
3.376000 3.009347e+002
3.378000 3.009262e+002
3.380000 3.009178e+002
3.382000 3.009095e+002
3.384000 3.009013e+002
3.386000 3.008931e+002
3.388000 3.008850e+002
3.390000 3.008769e+002
3.392000 3.008690e+002
3.394000 3.008611e+002
3.396000 3.008532e+002
3.398000 3.008455e+002
3.400000 3.008378e+002
3.402000 3.008301e+002
3.404000 3.008225e+002
3.406000 3.008150e+002
3.408000 3.008076e+002
3.410000 3.008002e+002
3.412000 3.007929e+002
3.414000 3.007856e+002
3.416000 3.007784e+002
3.418000 3.007713e+002
3.420000 3.007642e+002
3.422000 3.007572e+002
3.424000 3.007502e+002
3.426000 3.007433e+002
3.428000 3.007365e+002
3.430000 3.007297e+002
3.432000 3.007230e+002
3.434000 3.007164e+002
3.436000 3.007097e+002
3.438000 3.007032e+002
3.440000 3.006967e+002
3.442000 3.006903e+002
3.444000 3.006839e+002
3.446000 3.006776e+002
3.448000 3.006713e+002
3.450000 3.006651e+002
3.452000 3.006589e+002
3.454000 3.006528e+002
3.456000 3.006468e+002
3.458000 3.006408e+002
3.460000 3.006348e+002
3.462000 3.006289e+002
3.464000 3.006231e+002
3.466000 3.006173e+002
3.468000 3.006115e+002
3.470000 3.006058e+002
3.472000 3.006002e+002
3.474000 3.005946e+002
3.476000 3.005890e+002
3.478000 3.005835e+002
3.480000 3.005781e+002
3.482000 3.005727e+002
3.484000 3.005673e+002
3.486000 3.005620e+002
3.488000 3.005568e+002
3.490000 3.005516e+002
3.492000 3.005464e+002
3.494000 3.005413e+002
3.496000 3.005362e+002
3.498000 3.005312e+002
3.500000 3.005262e+002
3.502000 3.005212e+002
3.504000 3.005163e+002
3.506000 3.005115e+002
3.508000 3.005067e+002
3.510000 3.005019e+002
3.512000 3.004972e+002
3.514000 3.004925e+002
3.516000 3.004879e+002
3.518000 3.004833e+002
3.520000 3.004787e+002
3.522000 3.004742e+002
3.524000 3.004697e+002
3.526000 3.004653e+002
3.528000 3.004609e+002
3.530000 3.004565e+002
3.532000 3.004522e+002
3.534000 3.004479e+002
3.536000 3.004437e+002
3.538000 3.004395e+002
3.540000 3.004353e+002
3.542000 3.004312e+002
3.544000 3.004271e+002
3.546000 3.004230e+002
3.548000 3.004190e+002
3.550000 3.004151e+002
3.552000 3.004111e+002
3.554000 3.004072e+002
3.556000 3.004033e+002
3.558000 3.003995e+002
3.560000 3.003957e+002
3.562000 3.003919e+002
3.564000 3.003882e+002
3.566000 3.003845e+002
3.568000 3.003809e+002
3.570000 3.003772e+002
3.572000 3.003736e+002
3.574000 3.003701e+002
3.576000 3.003666e+002
3.578000 3.003631e+002
3.580000 3.003596e+002
3.582000 3.003562e+002
3.584000 3.003528e+002
3.586000 3.003494e+002
3.588000 3.003461e+002
3.590000 3.003428e+002
3.592000 3.003395e+002
3.594000 3.003363e+002
3.596000 3.003331e+002
3.598000 3.003299e+002
3.600000 3.003267e+002
3.602000 3.003236e+002
3.604000 3.003205e+002
3.606000 3.003175e+002
3.608000 3.003144e+002
3.610000 3.003114e+002
3.612000 3.003085e+002
3.614000 3.003055e+002
3.616000 3.003026e+002
3.618000 3.002997e+002
3.620000 3.002968e+002
3.622000 3.002940e+002
3.624000 3.002912e+002
3.626000 3.002884e+002
3.628000 3.002857e+002
3.630000 3.002829e+002
3.632000 3.002802e+002
3.634000 3.002776e+002
3.636000 3.002749e+002
3.638000 3.002723e+002
3.640000 3.002697e+002
3.642000 3.002671e+002
3.644000 3.002646e+002
3.646000 3.002621e+002
3.648000 3.002596e+002
3.650000 3.002571e+002
3.652000 3.002546e+002
3.654000 3.002522e+002
3.656000 3.002498e+002
3.658000 3.002475e+002
3.660000 3.002451e+002
3.662000 3.002428e+002
3.664000 3.002405e+002
3.666000 3.002382e+002
3.668000 3.002359e+002
3.670000 3.002337e+002
3.672000 3.002315e+002
3.674000 3.002293e+002
3.676000 3.002271e+002
3.678000 3.002250e+002
3.680000 3.002228e+002
3.682000 3.002207e+002
3.684000 3.002187e+002
3.686000 3.002166e+002
3.688000 3.002146e+002
3.690000 3.002125e+002
3.692000 3.002105e+002
3.694000 3.002086e+002
3.696000 3.002066e+002
3.698000 3.002047e+002
3.700000 3.002028e+002
3.702000 3.002009e+002
3.704000 3.001990e+002
3.706000 3.001971e+002
3.708000 3.001953e+002
3.710000 3.001935e+002
3.712000 3.001917e+002
3.714000 3.001899e+002
3.716000 3.001881e+002
3.718000 3.001864e+002
3.720000 3.001847e+002
3.722000 3.001830e+002
3.724000 3.001813e+002
3.726000 3.001796e+002
3.728000 3.001780e+002
3.730000 3.001763e+002
3.732000 3.001747e+002
3.734000 3.001731e+002
3.736000 3.001715e+002
3.738000 3.001700e+002
3.740000 3.001684e+002
3.742000 3.001669e+002
3.744000 3.001654e+002
3.746000 3.001639e+002
3.748000 3.001624e+002
3.750000 3.001610e+002
3.752000 3.001595e+002
3.754000 3.001581e+002
3.756000 3.001567e+002
3.758000 3.001553e+002
3.760000 3.001539e+002
3.762000 3.001526e+002
3.764000 3.001512e+002
3.766000 3.001499e+002
3.768000 3.001486e+002
3.770000 3.001473e+002
3.772000 3.001460e+002
3.774000 3.001447e+002
3.776000 3.001435e+002
3.778000 3.001422e+002
3.780000 3.001410e+002
3.782000 3.001398e+002
3.784000 3.001386e+002
3.786000 3.001374e+002
3.788000 3.001363e+002
3.790000 3.001351e+002
3.792000 3.001340e+002
3.794000 3.001329e+002
3.796000 3.001318e+002
3.798000 3.001307e+002
3.800000 3.001296e+002
3.802000 3.001285e+002
3.804000 3.001275e+002
3.806000 3.001265e+002
3.808000 3.001254e+002
3.810000 3.001244e+002
3.812000 3.001234e+002
3.814000 3.001224e+002
3.816000 3.001215e+002
3.818000 3.001205e+002
3.820000 3.001196e+002
3.822000 3.001186e+002
3.824000 3.001177e+002
3.826000 3.001168e+002
3.828000 3.001159e+002
3.830000 3.001150e+002
3.832000 3.001142e+002
3.834000 3.001133e+002
3.836000 3.001125e+002
3.838000 3.001117e+002
3.840000 3.001108e+002
3.842000 3.001100e+002
3.844000 3.001092e+002
3.846000 3.001085e+002
3.848000 3.001077e+002
3.850000 3.001069e+002
3.852000 3.001062e+002
3.854000 3.001055e+002
3.856000 3.001047e+002
3.858000 3.001040e+002
3.860000 3.001033e+002
3.862000 3.001027e+002
3.864000 3.001020e+002
3.866000 3.001013e+002
3.868000 3.001007e+002
3.870000 3.001000e+002
3.872000 3.000994e+002
3.874000 3.000988e+002
3.876000 3.000982e+002
3.878000 3.000976e+002
3.880000 3.000970e+002
3.882000 3.000964e+002
3.884000 3.000959e+002
3.886000 3.000953e+002
3.888000 3.000948e+002
3.890000 3.000942e+002
3.892000 3.000937e+002
3.894000 3.000932e+002
3.896000 3.000927e+002
3.898000 3.000922e+002
3.900000 3.000918e+002
3.902000 3.000913e+002
3.904000 3.000908e+002
3.906000 3.000904e+002
3.908000 3.000900e+002
3.910000 3.000895e+002
3.912000 3.000891e+002
3.914000 3.000887e+002
3.916000 3.000883e+002
3.918000 3.000879e+002
3.920000 3.000876e+002
3.922000 3.000872e+002
3.924000 3.000869e+002
3.926000 3.000865e+002
3.928000 3.000862e+002
3.930000 3.000859e+002
3.932000 3.000856e+002
3.934000 3.000853e+002
3.936000 3.000850e+002
3.938000 3.000847e+002
3.940000 3.000844e+002
3.942000 3.000842e+002
3.944000 3.000839e+002
3.946000 3.000837e+002
3.948000 3.000834e+002
3.950000 3.000832e+002
3.952000 3.000830e+002
3.954000 3.000828e+002
3.956000 3.000826e+002
3.958000 3.000824e+002
3.960000 3.000822e+002
3.962000 3.000821e+002
3.964000 3.000819e+002
3.966000 3.000818e+002
3.968000 3.000816e+002
3.970000 3.000815e+002
3.972000 3.000814e+002
3.974000 3.000813e+002
3.976000 3.000812e+002
3.978000 3.000811e+002
3.980000 3.000810e+002
3.982000 3.000810e+002
3.984000 3.000809e+002
3.986000 3.000809e+002
3.988000 3.000808e+002
3.990000 3.000808e+002
3.992000 3.000808e+002
3.994000 3.000808e+002
3.996000 3.000808e+002
3.998000 3.000000e+002
