0.000000 3.216636e+002
0.002000 3.240487e+002
0.004000 3.264332e+002
0.006000 3.288172e+002
0.008000 3.312006e+002
0.010000 3.335833e+002
0.012000 3.359654e+002
0.014000 3.383467e+002
0.016000 3.407272e+002
0.018000 3.431069e+002
0.020000 3.454856e+002
0.022000 3.478635e+002
0.024000 3.502403e+002
0.026000 3.526161e+002
0.028000 3.549908e+002
0.030000 3.573644e+002
0.032000 3.597368e+002
0.034000 3.621080e+002
0.036000 3.644778e+002
0.038000 3.668463e+002
0.040000 3.692135e+002
0.042000 3.715792e+002
0.044000 3.739434e+002
0.046000 3.763061e+002
0.048000 3.786672e+002
0.050000 3.810267e+002
0.052000 3.833845e+002
0.054000 3.857406e+002
0.056000 3.880949e+002
0.058000 3.904473e+002
0.060000 3.927979e+002
0.062000 3.951466e+002
0.064000 3.974933e+002
0.066000 3.998380e+002
0.068000 4.021806e+002
0.070000 4.045211e+002
0.072000 4.068595e+002
0.074000 4.091956e+002
0.076000 4.115295e+002
0.078000 4.138611e+002
0.080000 4.161903e+002
0.082000 4.185171e+002
0.084000 4.208414e+002
0.086000 4.231633e+002
0.088000 4.254826e+002
0.090000 4.277993e+002
0.092000 4.301134e+002
0.094000 4.324248e+002
0.096000 4.347334e+002
0.098000 4.370393e+002
0.100000 4.393424e+002
0.102000 4.416425e+002
0.104000 4.439398e+002
0.106000 4.462341e+002
0.108000 4.485253e+002
0.110000 4.508135e+002
0.112000 4.530986e+002
0.114000 4.553805e+002
0.116000 4.576593e+002
0.118000 4.599347e+002
0.120000 4.622069e+002
0.122000 4.644758e+002
0.124000 4.667412e+002
0.126000 4.690033e+002
0.128000 4.712618e+002
0.130000 4.735169e+002
0.132000 4.757683e+002
0.134000 4.780162e+002
0.136000 4.802604e+002
0.138000 4.825009e+002
0.140000 4.847376e+002
0.142000 4.869706e+002
0.144000 4.891997e+002
0.146000 4.914250e+002
0.148000 4.936463e+002
0.150000 4.958636e+002
0.152000 4.980770e+002
0.154000 5.002862e+002
0.156000 5.024914e+002
0.158000 5.046924e+002
0.160000 5.068893e+002
0.162000 5.090819e+002
0.164000 5.112702e+002
0.166000 5.134542e+002
0.168000 5.156339e+002
0.170000 5.178091e+002
0.172000 5.199799e+002
0.174000 5.221462e+002
0.176000 5.243080e+002
0.178000 5.264652e+002
0.180000 5.286178e+002
0.182000 5.307658e+002
0.184000 5.329090e+002
0.186000 5.350475e+002
0.188000 5.371812e+002
0.190000 5.393101e+002
0.192000 5.414341e+002
0.194000 5.435532e+002
0.196000 5.456674e+002
0.198000 5.477766e+002
0.200000 5.498807e+002
0.202000 5.519798e+002
0.204000 5.540738e+002
0.206000 5.561626e+002
0.208000 5.582463e+002
0.210000 5.603247e+002
0.212000 5.623978e+002
0.214000 5.644657e+002
0.216000 5.665282e+002
0.218000 5.685853e+002
0.220000 5.706370e+002
0.222000 5.726832e+002
0.224000 5.747239e+002
0.226000 5.767591e+002
0.228000 5.787887e+002
0.230000 5.808127e+002
0.232000 5.828310e+002
0.234000 5.848437e+002
0.236000 5.868506e+002
0.238000 5.888518e+002
0.240000 5.908471e+002
0.242000 5.928367e+002
0.244000 5.948203e+002
0.246000 5.967980e+002
0.248000 5.987698e+002
0.250000 6.007356e+002
0.252000 6.026954e+002
0.254000 6.046491e+002
0.256000 6.065968e+002
0.258000 6.085383e+002
0.260000 6.104736e+002
0.262000 6.124028e+002
0.264000 6.143257e+002
0.266000 6.162424e+002
0.268000 6.181527e+002
0.270000 6.200568e+002
0.272000 6.219544e+002
0.274000 6.238457e+002
0.276000 6.257305e+002
0.278000 6.276089e+002
0.280000 6.294807e+002
0.282000 6.313461e+002
0.284000 6.332048e+002
0.286000 6.350570e+002
0.288000 6.369025e+002
0.290000 6.387414e+002
0.292000 6.405736e+002
0.294000 6.423991e+002
0.296000 6.442178e+002
0.298000 6.460297e+002
0.300000 6.478348e+002
0.302000 6.496330e+002
0.304000 6.514244e+002
0.306000 6.532088e+002
0.308000 6.549864e+002
0.310000 6.567569e+002
0.312000 6.585205e+002
0.314000 6.602770e+002
0.316000 6.620265e+002
0.318000 6.637688e+002
0.320000 6.655041e+002
0.322000 6.672322e+002
0.324000 6.689532e+002
0.326000 6.706669e+002
0.328000 6.723734e+002
0.330000 6.740727e+002
0.332000 6.757647e+002
0.334000 6.774494e+002
0.336000 6.791267e+002
0.338000 6.807967e+002
0.340000 6.824593e+002
0.342000 6.841145e+002
0.344000 6.857622e+002
0.346000 6.874025e+002
0.348000 6.890352e+002
0.350000 6.906605e+002
0.352000 6.922782e+002
0.354000 6.938883e+002
0.356000 6.954909e+002
0.358000 6.970858e+002
0.360000 6.986731e+002
0.362000 7.002528e+002
0.364000 7.018247e+002
0.366000 7.033890e+002
0.368000 7.049455e+002
0.370000 7.064942e+002
0.372000 7.080352e+002
0.374000 7.095683e+002
0.376000 7.110937e+002
0.378000 7.126112e+002
0.380000 7.141208e+002
0.382000 7.156226e+002
0.384000 7.171164e+002
0.386000 7.186023e+002
0.388000 7.200803e+002
0.390000 7.215502e+002
0.392000 7.230122e+002
0.394000 7.244662e+002
0.396000 7.259121e+002
0.398000 7.273500e+002
0.400000 7.287799e+002
0.402000 7.302016e+002
0.404000 7.316152e+002
0.406000 7.330207e+002
0.408000 7.344181e+002
0.410000 7.358073e+002
0.412000 7.371883e+002
0.414000 7.385611e+002
0.416000 7.399257e+002
0.418000 7.412821e+002
0.420000 7.426302e+002
0.422000 7.439701e+002
0.424000 7.453017e+002
0.426000 7.466249e+002
0.428000 7.479399e+002
0.430000 7.492465e+002
0.432000 7.505448e+002
0.434000 7.518348e+002
0.436000 7.531164e+002
0.438000 7.543895e+002
0.440000 7.556543e+002
0.442000 7.569107e+002
0.444000 7.581586e+002
0.446000 7.593981e+002
0.448000 7.606291e+002
0.450000 7.618517e+002
0.452000 7.630658e+002
0.454000 7.642714e+002
0.456000 7.654685e+002
0.458000 7.666570e+002
0.460000 7.678371e+002
0.462000 7.690086e+002
0.464000 7.701715e+002
0.466000 7.713259e+002
0.468000 7.724717e+002
0.470000 7.736089e+002
0.472000 7.747376e+002
0.474000 7.758576e+002
0.476000 7.769690e+002
0.478000 7.780718e+002
0.480000 7.791659e+002
0.482000 7.802514e+002
0.484000 7.813283e+002
0.486000 7.823965e+002
0.488000 7.834560e+002
0.490000 7.845069e+002
0.492000 7.855491e+002
0.494000 7.865826e+002
0.496000 7.876074e+002
0.498000 7.886235e+002
0.500000 7.896308e+002
0.502000 7.906295e+002
0.504000 7.916194e+002
0.506000 7.926006e+002
0.508000 7.935731e+002
0.510000 7.945369e+002
0.512000 7.954918e+002
0.514000 7.964381e+002
0.516000 7.973756e+002
0.518000 7.983043e+002
0.520000 7.992243e+002
0.522000 8.001355e+002
0.524000 8.010379e+002
0.526000 8.019315e+002
0.528000 8.028164e+002
0.530000 8.036925e+002
0.532000 8.045598e+002
0.534000 8.054183e+002
0.536000 8.062681e+002
0.538000 8.071090e+002
0.540000 8.079412e+002
0.542000 8.087645e+002
0.544000 8.095791e+002
0.546000 8.103849e+002
0.548000 8.111819e+002
0.550000 8.119700e+002
0.552000 8.127494e+002
0.554000 8.135200e+002
0.556000 8.142818e+002
0.558000 8.150348e+002
0.560000 8.157790e+002
0.562000 8.165144e+002
0.564000 8.172411e+002
0.566000 8.179589e+002
0.568000 8.186679e+002
0.570000 8.193682e+002
0.572000 8.200596e+002
0.574000 8.207423e+002
0.576000 8.214162e+002
0.578000 8.220814e+002
0.580000 8.227377e+002
0.582000 8.233853e+002
0.584000 8.240241e+002
0.586000 8.246542e+002
0.588000 8.252755e+002
0.590000 8.258880e+002
0.592000 8.264918e+002
0.594000 8.270868e+002
0.596000 8.276731e+002
0.598000 8.282507e+002
0.600000 8.288195e+002
0.602000 8.293797e+002
0.604000 8.299311e+002
0.606000 8.304737e+002
0.608000 8.310077e+002
0.610000 8.315330e+002
0.612000 8.320496e+002
0.614000 8.325575e+002
0.616000 8.330567e+002
0.618000 8.335473e+002
0.620000 8.340292e+002
0.622000 8.345024e+002
0.624000 8.349670e+002
0.626000 8.354230e+002
0.628000 8.358703e+002
0.630000 8.363090e+002
0.632000 8.367391e+002
0.634000 8.371606e+002
0.636000 8.375735e+002
0.638000 8.379778e+002
0.640000 8.383736e+002
0.642000 8.387607e+002
0.644000 8.391394e+002
0.646000 8.395095e+002
0.648000 8.398710e+002
0.650000 8.402241e+002
0.652000 8.405686e+002
0.654000 8.409046e+002
0.656000 8.412322e+002
0.658000 8.415513e+002
0.660000 8.418619e+002
0.662000 8.421640e+002
0.664000 8.424578e+002
0.666000 8.427431e+002
0.668000 8.430200e+002
0.670000 8.432885e+002
0.672000 8.435486e+002
0.674000 8.438003e+002
0.676000 8.440437e+002
0.678000 8.442788e+002
0.680000 8.445055e+002
0.682000 8.447239e+002
0.684000 8.449340e+002
0.686000 8.451358e+002
0.688000 8.453294e+002
0.690000 8.455146e+002
0.692000 8.456917e+002
0.694000 8.458605e+002
0.696000 8.460211e+002
0.698000 8.461736e+002
0.700000 8.463178e+002
0.702000 8.464539e+002
0.704000 8.465818e+002
0.706000 8.467016e+002
0.708000 8.468133e+002
0.710000 8.469170e+002
0.712000 8.470125e+002
0.714000 8.471000e+002
0.716000 8.471794e+002
0.718000 8.472508e+002
0.720000 8.473142e+002
0.722000 8.473696e+002
0.724000 8.474171e+002
0.726000 8.474566e+002
0.728000 8.474881e+002
0.730000 8.475118e+002
0.732000 8.475275e+002
0.734000 8.475354e+002
0.736000 8.475355e+002
0.738000 8.475276e+002
0.740000 8.475120e+002
0.742000 8.474886e+002
0.744000 8.474574e+002
0.746000 8.474184e+002
0.748000 8.473717e+002
0.750000 8.473173e+002
0.752000 8.472552e+002
0.754000 8.471855e+002
0.756000 8.471080e+002
0.758000 8.470230e+002
0.760000 8.469303e+002
0.762000 8.468300e+002
0.764000 8.467222e+002
0.766000 8.466069e+002
0.768000 8.464840e+002
0.770000 8.463536e+002
0.772000 8.462157e+002
0.774000 8.460704e+002
0.776000 8.459176e+002
0.778000 8.457574e+002
0.780000 8.455899e+002
0.782000 8.454149e+002
0.784000 8.452327e+002
0.786000 8.450431e+002
0.788000 8.448462e+002
0.790000 8.446420e+002
0.792000 8.444306e+002
0.794000 8.442120e+002
0.796000 8.439862e+002
0.798000 8.437532e+002
0.800000 8.435130e+002
0.802000 8.432657e+002
0.804000 8.430113e+002
0.806000 8.427499e+002
0.808000 8.424814e+002
0.810000 8.422058e+002
0.812000 8.419233e+002
0.814000 8.416338e+002
0.816000 8.413373e+002
0.818000 8.410339e+002
0.820000 8.407236e+002
0.822000 8.404064e+002
0.824000 8.400824e+002
0.826000 8.397515e+002
0.828000 8.394139e+002
0.830000 8.390695e+002
0.832000 8.387183e+002
0.834000 8.383604e+002
0.836000 8.379959e+002
0.838000 8.376246e+002
0.840000 8.372467e+002
0.842000 8.368623e+002
0.844000 8.364712e+002
0.846000 8.360736e+002
0.848000 8.356694e+002
0.850000 8.352588e+002
0.852000 8.348416e+002
0.854000 8.344180e+002
0.856000 8.339880e+002
0.858000 8.335516e+002
0.860000 8.331089e+002
0.862000 8.326598e+002
0.864000 8.322044e+002
0.866000 8.317427e+002
0.868000 8.312748e+002
0.870000 8.308006e+002
0.872000 8.303203e+002
0.874000 8.298338e+002
0.876000 8.293411e+002
0.878000 8.288424e+002
0.880000 8.283375e+002
0.882000 8.278266e+002
0.884000 8.273097e+002
0.886000 8.267868e+002
0.888000 8.262579e+002
0.890000 8.257231e+002
0.892000 8.251824e+002
0.894000 8.246359e+002
0.896000 8.240834e+002
0.898000 8.235252e+002
0.900000 8.229611e+002
0.902000 8.223913e+002
0.904000 8.218158e+002
0.906000 8.212346e+002
0.908000 8.206477e+002
0.910000 8.200552e+002
0.912000 8.194571e+002
0.914000 8.188534e+002
0.916000 8.182441e+002
0.918000 8.176293e+002
0.920000 8.170091e+002
0.922000 8.163834e+002
0.924000 8.157522e+002
0.926000 8.151157e+002
0.928000 8.144738e+002
0.930000 8.138265e+002
0.932000 8.131740e+002
0.934000 8.125162e+002
0.936000 8.118531e+002
0.938000 8.111849e+002
0.940000 8.105114e+002
0.942000 8.098328e+002
0.944000 8.091491e+002
0.946000 8.084603e+002
0.948000 8.077665e+002
0.950000 8.070676e+002
0.952000 8.063637e+002
0.954000 8.056549e+002
0.956000 8.049411e+002
0.958000 8.042225e+002
0.960000 8.034989e+002
0.962000 8.027706e+002
0.964000 8.020374e+002
0.966000 8.012994e+002
0.968000 8.005567e+002
0.970000 7.998093e+002
0.972000 7.990572e+002
0.974000 7.983005e+002
0.976000 7.975392e+002
0.978000 7.967732e+002
0.980000 7.960027e+002
0.982000 7.952277e+002
0.984000 7.944482e+002
0.986000 7.936643e+002
0.988000 7.928759e+002
0.990000 7.920831e+002
0.992000 7.912860e+002
0.994000 7.904845e+002
0.996000 7.896788e+002
0.998000 7.888687e+002
1.000000 7.880545e+002
1.002000 7.872360e+002
1.004000 7.864134e+002
1.006000 7.855866e+002
1.008000 7.847557e+002
1.010000 7.839207e+002
1.012000 7.830817e+002
1.014000 7.822387e+002
1.016000 7.813917e+002
1.018000 7.805408e+002
1.020000 7.796859e+002
1.022000 7.788272e+002
1.024000 7.779646e+002
1.026000 7.770982e+002
1.028000 7.762280e+002
1.030000 7.753541e+002
1.032000 7.744764e+002
1.034000 7.735950e+002
1.036000 7.727100e+002
1.038000 7.718214e+002
1.040000 7.709291e+002
1.042000 7.700333e+002
1.044000 7.691340e+002
1.046000 7.682311e+002
1.048000 7.673248e+002
1.050000 7.664151e+002
1.052000 7.655019e+002
1.054000 7.645854e+002
1.056000 7.636656e+002
1.058000 7.627424e+002
1.060000 7.618160e+002
1.062000 7.608863e+002
1.064000 7.599534e+002
1.066000 7.590173e+002
1.068000 7.580781e+002
1.070000 7.571358e+002
1.072000 7.561904e+002
1.074000 7.552419e+002
1.076000 7.542904e+002
1.078000 7.533359e+002
1.080000 7.523785e+002
1.082000 7.514181e+002
1.084000 7.504548e+002
1.086000 7.494887e+002
1.088000 7.485197e+002
1.090000 7.475480e+002
1.092000 7.465734e+002
1.094000 7.455962e+002
1.096000 7.446162e+002
1.098000 7.436335e+002
1.100000 7.426482e+002
1.102000 7.416603e+002
1.104000 7.406698e+002
1.106000 7.396768e+002
1.108000 7.386812e+002
1.110000 7.376832e+002
1.112000 7.366827e+002
1.114000 7.356798e+002
1.116000 7.346744e+002
1.118000 7.336668e+002
1.120000 7.326567e+002
1.122000 7.316444e+002
1.124000 7.306298e+002
1.126000 7.296130e+002
1.128000 7.285939e+002
1.130000 7.275727e+002
1.132000 7.265493e+002
1.134000 7.255239e+002
1.136000 7.244963e+002
1.138000 7.234666e+002
1.140000 7.224350e+002
1.142000 7.214013e+002
1.144000 7.203657e+002
1.146000 7.193281e+002
1.148000 7.182887e+002
1.150000 7.172473e+002
1.152000 7.162041e+002
1.154000 7.151591e+002
1.156000 7.141123e+002
1.158000 7.130638e+002
1.160000 7.120135e+002
1.162000 7.109615e+002
1.164000 7.099079e+002
1.166000 7.088526e+002
1.168000 7.077957e+002
1.170000 7.067373e+002
1.172000 7.056773e+002
1.174000 7.046157e+002
1.176000 7.035527e+002
1.178000 7.024882e+002
1.180000 7.014223e+002
1.182000 7.003550e+002
1.184000 6.992863e+002
1.186000 6.982162e+002
1.188000 6.971449e+002
1.190000 6.960722e+002
1.192000 6.949983e+002
1.194000 6.939231e+002
1.196000 6.928468e+002
1.198000 6.917693e+002
1.200000 6.906906e+002
1.202000 6.896108e+002
1.204000 6.885299e+002
1.206000 6.874480e+002
1.208000 6.863650e+002
1.210000 6.852811e+002
1.212000 6.841961e+002
1.214000 6.831102e+002
1.216000 6.820234e+002
1.218000 6.809356e+002
1.220000 6.798470e+002
1.222000 6.787576e+002
1.224000 6.776673e+002
1.226000 6.765763e+002
1.228000 6.754845e+002
1.230000 6.743920e+002
1.232000 6.732988e+002
1.234000 6.722049e+002
1.236000 6.711103e+002
1.238000 6.700151e+002
1.240000 6.689193e+002
1.242000 6.678230e+002
1.244000 6.667261e+002
1.246000 6.656286e+002
1.248000 6.645307e+002
1.250000 6.634324e+002
1.252000 6.623335e+002
1.254000 6.612343e+002
1.256000 6.601347e+002
1.258000 6.590347e+002
1.260000 6.579344e+002
1.262000 6.568337e+002
1.264000 6.557328e+002
1.266000 6.546316e+002
1.268000 6.535302e+002
1.270000 6.524286e+002
1.272000 6.513267e+002
1.274000 6.502248e+002
1.276000 6.491227e+002
1.278000 6.480204e+002
1.280000 6.469181e+002
1.282000 6.458157e+002
1.284000 6.447133e+002
1.286000 6.436109e+002
1.288000 6.425085e+002
1.290000 6.414061e+002
1.292000 6.403038e+002
1.294000 6.392015e+002
1.296000 6.380994e+002
1.298000 6.369974e+002
1.300000 6.358955e+002
1.302000 6.347939e+002
1.304000 6.336924e+002
1.306000 6.325911e+002
1.308000 6.314901e+002
1.310000 6.303894e+002
1.312000 6.292890e+002
1.314000 6.281888e+002
1.316000 6.270890e+002
1.318000 6.259896e+002
1.320000 6.248906e+002
1.322000 6.237919e+002
1.324000 6.226937e+002
1.326000 6.215960e+002
1.328000 6.204987e+002
1.330000 6.194019e+002
1.332000 6.183056e+002
1.334000 6.172098e+002
1.336000 6.161147e+002
1.338000 6.150201e+002
1.340000 6.139261e+002
1.342000 6.128327e+002
1.344000 6.117400e+002
1.346000 6.106479e+002
1.348000 6.095565e+002
1.350000 6.084658e+002
1.352000 6.073759e+002
1.354000 6.062867e+002
1.356000 6.051983e+002
1.358000 6.041106e+002
1.360000 6.030238e+002
1.362000 6.019378e+002
1.364000 6.008526e+002
1.366000 5.997683e+002
1.368000 5.986849e+002
1.370000 5.976025e+002
1.372000 5.965209e+002
1.374000 5.954403e+002
1.376000 5.943606e+002
1.378000 5.932820e+002
1.380000 5.922043e+002
1.382000 5.911277e+002
1.384000 5.900521e+002
1.386000 5.889776e+002
1.388000 5.879041e+002
1.390000 5.868318e+002
1.392000 5.857605e+002
1.394000 5.846905e+002
1.396000 5.836215e+002
1.398000 5.825537e+002
1.400000 5.814871e+002
1.402000 5.804218e+002
1.404000 5.793576e+002
1.406000 5.782947e+002
1.408000 5.772330e+002
1.410000 5.761727e+002
1.412000 5.751136e+002
1.414000 5.740558e+002
1.416000 5.729994e+002
1.418000 5.719442e+002
1.420000 5.708905e+002
1.422000 5.698381e+002
1.424000 5.687872e+002
1.426000 5.677376e+002
1.428000 5.666895e+002
1.430000 5.656428e+002
1.432000 5.645975e+002
1.434000 5.635538e+002
1.436000 5.625115e+002
1.438000 5.614707e+002
1.440000 5.604315e+002
1.442000 5.593938e+002
1.444000 5.583576e+002
1.446000 5.573230e+002
1.448000 5.562900e+002
1.450000 5.552586e+002
1.452000 5.542288e+002
1.454000 5.532006e+002
1.456000 5.521740e+002
1.458000 5.511492e+002
1.460000 5.501259e+002
1.462000 5.491044e+002
1.464000 5.480846e+002
1.466000 5.470664e+002
1.468000 5.460500e+002
1.470000 5.450354e+002
1.472000 5.440224e+002
1.474000 5.430113e+002
1.476000 5.420019e+002
1.478000 5.409943e+002
1.480000 5.399886e+002
1.482000 5.389846e+002
1.484000 5.379825e+002
1.486000 5.369822e+002
1.488000 5.359837e+002
1.490000 5.349872e+002
1.492000 5.339925e+002
1.494000 5.329997e+002
1.496000 5.320088e+002
1.498000 5.310199e+002
1.500000 5.300328e+002
1.502000 5.290477e+002
1.504000 5.280646e+002
1.506000 5.270834e+002
1.508000 5.261042e+002
1.510000 5.251269e+002
1.512000 5.241517e+002
1.514000 5.231785e+002
1.516000 5.222073e+002
1.518000 5.212381e+002
1.520000 5.202710e+002
1.522000 5.193059e+002
1.524000 5.183429e+002
1.526000 5.173820e+002
1.528000 5.164231e+002
1.530000 5.154663e+002
1.532000 5.145117e+002
1.534000 5.135591e+002
1.536000 5.126087e+002
1.538000 5.116604e+002
1.540000 5.107142e+002
1.542000 5.097702e+002
1.544000 5.088284e+002
1.546000 5.078887e+002
1.548000 5.069512e+002
1.550000 5.060159e+002
1.552000 5.050828e+002
1.554000 5.041519e+002
1.556000 5.032232e+002
1.558000 5.022967e+002
1.560000 5.013724e+002
1.562000 5.004504e+002
1.564000 4.995307e+002
1.566000 4.986132e+002
1.568000 4.976980e+002
1.570000 4.967850e+002
1.572000 4.958743e+002
1.574000 4.949659e+002
1.576000 4.940598e+002
1.578000 4.931560e+002
1.580000 4.922545e+002
1.582000 4.913553e+002
1.584000 4.904585e+002
1.586000 4.895639e+002
1.588000 4.886718e+002
1.590000 4.877819e+002
1.592000 4.868944e+002
1.594000 4.860093e+002
1.596000 4.851265e+002
1.598000 4.842461e+002
1.600000 4.833681e+002
1.602000 4.824924e+002
1.604000 4.816192e+002
1.606000 4.807483e+002
1.608000 4.798799e+002
1.610000 4.790138e+002
1.612000 4.781502e+002
1.614000 4.772890e+002
1.616000 4.764302e+002
1.618000 4.755738e+002
1.620000 4.747199e+002
1.622000 4.738684e+002
1.624000 4.730193e+002
1.626000 4.721727e+002
1.628000 4.713285e+002
1.630000 4.704868e+002
1.632000 4.696476e+002
1.634000 4.688108e+002
1.636000 4.679765e+002
1.638000 4.671447e+002
1.640000 4.663154e+002
1.642000 4.654885e+002
1.644000 4.646641e+002
1.646000 4.638423e+002
1.648000 4.630229e+002
1.650000 4.622060e+002
1.652000 4.613916e+002
1.654000 4.605798e+002
1.656000 4.597704e+002
1.658000 4.589636e+002
1.660000 4.581592e+002
1.662000 4.573574e+002
1.664000 4.565581e+002
1.666000 4.557614e+002
1.668000 4.549671e+002
1.670000 4.541754e+002
1.672000 4.533863e+002
1.674000 4.525996e+002
1.676000 4.518156e+002
1.678000 4.510340e+002
1.680000 4.502550e+002
1.682000 4.494786e+002
1.684000 4.487046e+002
1.686000 4.479333e+002
1.688000 4.471645e+002
1.690000 4.463982e+002
1.692000 4.456345e+002
1.694000 4.448734e+002
1.696000 4.441148e+002
1.698000 4.433588e+002
1.700000 4.426054e+002
1.702000 4.418545e+002
1.704000 4.411062e+002
1.706000 4.403604e+002
1.708000 4.396172e+002
1.710000 4.388766e+002
1.712000 4.381386e+002
1.714000 4.374031e+002
1.716000 4.366702e+002
1.718000 4.359399e+002
1.720000 4.352121e+002
1.722000 4.344869e+002
1.724000 4.337643e+002
1.726000 4.330443e+002
1.728000 4.323268e+002
1.730000 4.316119e+002
1.732000 4.308996e+002
1.734000 4.301899e+002
1.736000 4.294827e+002
1.738000 4.287781e+002
1.740000 4.280761e+002
1.742000 4.273767e+002
1.744000 4.266798e+002
1.746000 4.259855e+002
1.748000 4.252938e+002
1.750000 4.246047e+002
1.752000 4.239181e+002
1.754000 4.232341e+002
1.756000 4.225527e+002
1.758000 4.218738e+002
1.760000 4.211975e+002
1.762000 4.205238e+002
1.764000 4.198526e+002
1.766000 4.191841e+002
1.768000 4.185180e+002
1.770000 4.178546e+002
1.772000 4.171937e+002
1.774000 4.165353e+002
1.776000 4.158796e+002
1.778000 4.152263e+002
1.780000 4.145757e+002
1.782000 4.139276e+002
1.784000 4.132820e+002
1.786000 4.126390e+002
1.788000 4.119985e+002
1.790000 4.113606e+002
1.792000 4.107253e+002
1.794000 4.100924e+002
1.796000 4.094621e+002
1.798000 4.088344e+002
1.800000 4.082092e+002
1.802000 4.075865e+002
1.804000 4.069664e+002
1.806000 4.063488e+002
1.808000 4.057337e+002
1.810000 4.051211e+002
1.812000 4.045111e+002
1.814000 4.039036e+002
1.816000 4.032985e+002
1.818000 4.026961e+002
1.820000 4.020961e+002
1.822000 4.014986e+002
1.824000 4.009036e+002
1.826000 4.003112e+002
1.828000 3.997212e+002
1.830000 3.991337e+002
1.832000 3.985487e+002
1.834000 3.979662e+002
1.836000 3.973862e+002
1.838000 3.968087e+002
1.840000 3.962337e+002
1.842000 3.956611e+002
1.844000 3.950910e+002
1.846000 3.945234e+002
1.848000 3.939582e+002
1.850000 3.933955e+002
1.852000 3.928352e+002
1.854000 3.922774e+002
1.856000 3.917221e+002
1.858000 3.911692e+002
1.860000 3.906187e+002
1.862000 3.900707e+002
1.864000 3.895251e+002
1.866000 3.889820e+002
1.868000 3.884412e+002
1.870000 3.879029e+002
1.872000 3.873670e+002
1.874000 3.868336e+002
1.876000 3.863025e+002
1.878000 3.857738e+002
1.880000 3.852475e+002
1.882000 3.847237e+002
1.884000 3.842022e+002
1.886000 3.836831e+002
1.888000 3.831664e+002
1.890000 3.826521e+002
1.892000 3.821401e+002
1.894000 3.816305e+002
1.896000 3.811233e+002
1.898000 3.806184e+002
1.900000 3.801159e+002
1.902000 3.796157e+002
1.904000 3.791179e+002
1.906000 3.786224e+002
1.908000 3.781293e+002
1.910000 3.776384e+002
1.912000 3.771499e+002
1.914000 3.766638e+002
1.916000 3.761799e+002
1.918000 3.756983e+002
1.920000 3.752191e+002
1.922000 3.747421e+002
1.924000 3.742675e+002
1.926000 3.737951e+002
1.928000 3.733250e+002
1.930000 3.728572e+002
1.932000 3.723917e+002
1.934000 3.719284e+002
1.936000 3.714674e+002
1.938000 3.710086e+002
1.940000 3.705521e+002
1.942000 3.700979e+002
1.944000 3.696458e+002
1.946000 3.691960e+002
1.948000 3.687485e+002
1.950000 3.683031e+002
1.952000 3.678600e+002
1.954000 3.674191e+002
1.956000 3.669804e+002
1.958000 3.665439e+002
1.960000 3.661096e+002
1.962000 3.656774e+002
1.964000 3.652475e+002
1.966000 3.648197e+002
1.968000 3.643941e+002
1.970000 3.639707e+002
1.972000 3.635494e+002
1.974000 3.631303e+002
1.976000 3.627133e+002
1.978000 3.622985e+002
1.980000 3.618858e+002
1.982000 3.614752e+002
1.984000 3.610667e+002
1.986000 3.606604e+002
1.988000 3.602562e+002
1.990000 3.598540e+002
1.992000 3.594540e+002
1.994000 3.590561e+002
1.996000 3.586602e+002
1.998000 3.582664e+002
2.000000 3.578747e+002
2.002000 3.574851e+002
2.004000 3.570975e+002
2.006000 3.567120e+002
2.008000 3.563285e+002
2.010000 3.559471e+002
2.012000 3.555677e+002
2.014000 3.551903e+002
2.016000 3.548150e+002
2.018000 3.544417e+002
2.020000 3.540703e+002
2.022000 3.537010e+002
2.024000 3.533337e+002
2.026000 3.529684e+002
2.028000 3.526050e+002
2.030000 3.522436e+002
2.032000 3.518842e+002
2.034000 3.515268e+002
2.036000 3.511713e+002
2.038000 3.508178e+002
2.040000 3.504662e+002
2.042000 3.501165e+002
2.044000 3.497688e+002
2.046000 3.494230e+002
2.048000 3.490792e+002
2.050000 3.487372e+002
2.052000 3.483971e+002
2.054000 3.480590e+002
2.056000 3.477227e+002
2.058000 3.473883e+002
2.060000 3.470558e+002
2.062000 3.467252e+002
2.064000 3.463964e+002
2.066000 3.460695e+002
2.068000 3.457444e+002
2.070000 3.454212e+002
2.072000 3.450998e+002
2.074000 3.447803e+002
2.076000 3.444625e+002
2.078000 3.441466e+002
2.080000 3.438325e+002
2.082000 3.435202e+002
2.084000 3.432098e+002
2.086000 3.429011e+002
2.088000 3.425941e+002
2.090000 3.422890e+002
2.092000 3.419856e+002
2.094000 3.416840e+002
2.096000 3.413842e+002
2.098000 3.410861e+002
2.100000 3.407897e+002
2.102000 3.404951e+002
2.104000 3.402022e+002
2.106000 3.399110e+002
2.108000 3.396216e+002
2.110000 3.393339e+002
2.112000 3.390478e+002
2.114000 3.387635e+002
2.116000 3.384808e+002
2.118000 3.381999e+002
2.120000 3.379206e+002
2.122000 3.376430e+002
2.124000 3.373670e+002
2.126000 3.370927e+002
2.128000 3.368200e+002
2.130000 3.365490e+002
2.132000 3.362797e+002
2.134000 3.360119e+002
2.136000 3.357458e+002
2.138000 3.354813e+002
2.140000 3.352184e+002
2.142000 3.349571e+002
2.144000 3.346974e+002
2.146000 3.344392e+002
2.148000 3.341827e+002
2.150000 3.339277e+002
2.152000 3.336743e+002
2.154000 3.334225e+002
2.156000 3.331722e+002
2.158000 3.329235e+002
2.160000 3.326763e+002
2.162000 3.324307e+002
2.164000 3.321865e+002
2.166000 3.319439e+002
2.168000 3.317028e+002
2.170000 3.314632e+002
2.172000 3.312252e+002
2.174000 3.309886e+002
2.176000 3.307535e+002
2.178000 3.305198e+002
2.180000 3.302877e+002
2.182000 3.300570e+002
2.184000 3.298278e+002
2.186000 3.296000e+002
2.188000 3.293737e+002
2.190000 3.291488e+002
2.192000 3.289254e+002
2.194000 3.287034e+002
2.196000 3.284828e+002
2.198000 3.282636e+002
2.200000 3.280458e+002
2.202000 3.278294e+002
2.204000 3.276145e+002
2.206000 3.274009e+002
2.208000 3.271887e+002
2.210000 3.269779e+002
2.212000 3.267684e+002
2.214000 3.265603e+002
2.216000 3.263535e+002
2.218000 3.261482e+002
2.220000 3.259441e+002
2.222000 3.257414e+002
2.224000 3.255400e+002
2.226000 3.253399e+002
2.228000 3.251412e+002
2.230000 3.249438e+002
2.232000 3.247476e+002
2.234000 3.245528e+002
2.236000 3.243593e+002
2.238000 3.241670e+002
2.240000 3.239760e+002
2.242000 3.237863e+002
2.244000 3.235979e+002
2.246000 3.234107e+002
2.248000 3.232248e+002
2.250000 3.230401e+002
2.252000 3.228567e+002
2.254000 3.226745e+002
2.256000 3.224935e+002
2.258000 3.223138e+002
2.260000 3.221352e+002
2.262000 3.219579e+002
2.264000 3.217818e+002
2.266000 3.216069e+002
2.268000 3.214331e+002
2.270000 3.212606e+002
2.272000 3.210892e+002
2.274000 3.209190e+002
2.276000 3.207500e+002
2.278000 3.205821e+002
2.280000 3.204154e+002
2.282000 3.202499e+002
2.284000 3.200854e+002
2.286000 3.199221e+002
2.288000 3.197600e+002
2.290000 3.195990e+002
2.292000 3.194390e+002
2.294000 3.192802e+002
2.296000 3.191226e+002
2.298000 3.189660e+002
2.300000 3.188105e+002
2.302000 3.186561e+002
2.304000 3.185027e+002
2.306000 3.183505e+002
2.308000 3.181993e+002
2.310000 3.180492e+002
2.312000 3.179001e+002
2.314000 3.177521e+002
2.316000 3.176052e+002
2.318000 3.174593e+002
2.320000 3.173144e+002
2.322000 3.171706e+002
2.324000 3.170277e+002
2.326000 3.168859e+002
2.328000 3.167452e+002
2.330000 3.166054e+002
2.332000 3.164666e+002
2.334000 3.163288e+002
2.336000 3.161920e+002
2.338000 3.160562e+002
2.340000 3.159214e+002
2.342000 3.157876e+002
2.344000 3.156547e+002
2.346000 3.155228e+002
2.348000 3.153918e+002
2.350000 3.152618e+002
2.352000 3.151327e+002
2.354000 3.150046e+002
2.356000 3.148774e+002
2.358000 3.147512e+002
2.360000 3.146259e+002
2.362000 3.145015e+002
2.364000 3.143780e+002
2.366000 3.142554e+002
2.368000 3.141337e+002
2.370000 3.140129e+002
2.372000 3.138930e+002
2.374000 3.137740e+002
2.376000 3.136559e+002
2.378000 3.135387e+002
2.380000 3.134223e+002
2.382000 3.133068e+002
2.384000 3.131922e+002
2.386000 3.130784e+002
2.388000 3.129655e+002
2.390000 3.128534e+002
2.392000 3.127421e+002
2.394000 3.126317e+002
2.396000 3.125221e+002
2.398000 3.124134e+002
2.400000 3.123055e+002
2.402000 3.121984e+002
2.404000 3.120921e+002
2.406000 3.119866e+002
2.408000 3.118819e+002
2.410000 3.117780e+002
2.412000 3.116749e+002
2.414000 3.115725e+002
2.416000 3.114710e+002
2.418000 3.113702e+002
2.420000 3.112703e+002
2.422000 3.111710e+002
2.424000 3.110726e+002
2.426000 3.109749e+002
2.428000 3.108779e+002
2.430000 3.107817e+002
2.432000 3.106863e+002
2.434000 3.105916e+002
2.436000 3.104976e+002
2.438000 3.104043e+002
2.440000 3.103118e+002
2.442000 3.102200e+002
2.444000 3.101289e+002
2.446000 3.100385e+002
2.448000 3.099488e+002
2.450000 3.098598e+002
2.452000 3.097716e+002
2.454000 3.096840e+002
2.456000 3.095971e+002
2.458000 3.095109e+002
2.460000 3.094254e+002
2.462000 3.093405e+002
2.464000 3.092563e+002
2.466000 3.091728e+002
2.468000 3.090899e+002
2.470000 3.090077e+002
2.472000 3.089262e+002
2.474000 3.088453e+002
2.476000 3.087651e+002
2.478000 3.086854e+002
2.480000 3.086065e+002
2.482000 3.085281e+002
2.484000 3.084504e+002
2.486000 3.083733e+002
2.488000 3.082969e+002
2.490000 3.082210e+002
2.492000 3.081458e+002
2.494000 3.080711e+002
2.496000 3.079971e+002
2.498000 3.079237e+002
2.500000 3.078508e+002
2.502000 3.077786e+002
2.504000 3.077069e+002
2.506000 3.076359e+002
2.508000 3.075654e+002
2.510000 3.074954e+002
2.512000 3.074261e+002
2.514000 3.073573e+002
2.516000 3.072891e+002
2.518000 3.072214e+002
2.520000 3.071543e+002
2.522000 3.070878e+002
2.524000 3.070218e+002
2.526000 3.069563e+002
2.528000 3.068914e+002
2.530000 3.068270e+002
2.532000 3.067632e+002
2.534000 3.066999e+002
2.536000 3.066371e+002
2.538000 3.065748e+002
2.540000 3.065131e+002
2.542000 3.064518e+002
2.544000 3.063911e+002
2.546000 3.063309e+002
2.548000 3.062712e+002
2.550000 3.062120e+002
2.552000 3.061532e+002
2.554000 3.060950e+002
2.556000 3.060373e+002
2.558000 3.059800e+002
2.560000 3.059233e+002
2.562000 3.058670e+002
2.564000 3.058112e+002
2.566000 3.057559e+002
2.568000 3.057010e+002
2.570000 3.056466e+002
2.572000 3.055927e+002
2.574000 3.055392e+002
2.576000 3.054862e+002
2.578000 3.054336e+002
2.580000 3.053815e+002
2.582000 3.053298e+002
2.584000 3.052786e+002
2.586000 3.052278e+002
2.588000 3.051774e+002
2.590000 3.051275e+002
2.592000 3.050780e+002
2.594000 3.050290e+002
2.596000 3.049803e+002
2.598000 3.049321e+002
2.600000 3.048843e+002
2.602000 3.048369e+002
2.604000 3.047899e+002
2.606000 3.047434e+002
2.608000 3.046972e+002
2.610000 3.046515e+002
2.612000 3.046061e+002
2.614000 3.045611e+002
2.616000 3.045166e+002
2.618000 3.044724e+002
2.620000 3.044286e+002
2.622000 3.043852e+002
2.624000 3.043421e+002
2.626000 3.042995e+002
2.628000 3.042572e+002
2.630000 3.042153e+002
2.632000 3.041738e+002
2.634000 3.041326e+002
2.636000 3.040918e+002
2.638000 3.040514e+002
2.640000 3.040113e+002
2.642000 3.039716e+002
2.644000 3.039322e+002
2.646000 3.038932e+002
2.648000 3.038545e+002
2.650000 3.038162e+002
2.652000 3.037782e+002
2.654000 3.037406e+002
2.656000 3.037033e+002
2.658000 3.036663e+002
2.660000 3.036297e+002
2.662000 3.035934e+002
2.664000 3.035574e+002
2.666000 3.035217e+002
2.668000 3.034864e+002
2.670000 3.034514e+002
2.672000 3.034167e+002
2.674000 3.033823e+002
2.676000 3.033482e+002
2.678000 3.033145e+002
2.680000 3.032810e+002
2.682000 3.032479e+002
2.684000 3.032150e+002
2.686000 3.031825e+002
2.688000 3.031502e+002
2.690000 3.031183e+002
2.692000 3.030866e+002
2.694000 3.030552e+002
2.696000 3.030242e+002
2.698000 3.029934e+002
2.700000 3.029629e+002
2.702000 3.029326e+002
2.704000 3.029027e+002
2.706000 3.028730e+002
2.708000 3.028436e+002
2.710000 3.028145e+002
2.712000 3.027856e+002
2.714000 3.027570e+002
2.716000 3.027287e+002
2.718000 3.027006e+002
2.720000 3.026728e+002
2.722000 3.026453e+002
2.724000 3.026180e+002
2.726000 3.025910e+002
2.728000 3.025642e+002
2.730000 3.025377e+002
2.732000 3.025114e+002
2.734000 3.024854e+002
2.736000 3.024596e+002
2.738000 3.024340e+002
2.740000 3.024087e+002
2.742000 3.023837e+002
2.744000 3.023588e+002
2.746000 3.023342e+002
2.748000 3.023099e+002
2.750000 3.022858e+002
2.752000 3.022619e+002
2.754000 3.022382e+002
2.756000 3.022147e+002
2.758000 3.021915e+002
2.760000 3.021685e+002
2.762000 3.021457e+002
2.764000 3.021232e+002
2.766000 3.021008e+002
2.768000 3.020787e+002
2.770000 3.020568e+002
2.772000 3.020351e+002
2.774000 3.020136e+002
2.776000 3.019923e+002
2.778000 3.019712e+002
2.780000 3.019503e+002
2.782000 3.019296e+002
2.784000 3.019091e+002
2.786000 3.018888e+002
2.788000 3.018687e+002
2.790000 3.018488e+002
2.792000 3.018291e+002
2.794000 3.018096e+002
2.796000 3.017903e+002
2.798000 3.017712e+002
2.800000 3.017522e+002
2.802000 3.017335e+002
2.804000 3.017149e+002
2.806000 3.016965e+002
2.808000 3.016783e+002
2.810000 3.016602e+002
2.812000 3.016424e+002
2.814000 3.016247e+002
2.816000 3.016072e+002
2.818000 3.015898e+002
2.820000 3.015727e+002
2.822000 3.015557e+002
2.824000 3.015388e+002
2.826000 3.015222e+002
2.828000 3.015057e+002
2.830000 3.014893e+002
2.832000 3.014732e+002
2.834000 3.014572e+002
2.836000 3.014413e+002
2.838000 3.014256e+002
2.840000 3.014101e+002
2.842000 3.013947e+002
2.844000 3.013795e+002
2.846000 3.013644e+002
2.848000 3.013495e+002
2.850000 3.013347e+002
2.852000 3.013201e+002
2.854000 3.013056e+002
2.856000 3.012912e+002
2.858000 3.012770e+002
2.860000 3.012630e+002
2.862000 3.012491e+002
2.864000 3.012353e+002
2.866000 3.012217e+002
2.868000 3.012082e+002
2.870000 3.011949e+002
2.872000 3.011816e+002
2.874000 3.011686e+002
2.876000 3.011556e+002
2.878000 3.011428e+002
2.880000 3.011301e+002
2.882000 3.011176e+002
2.884000 3.011051e+002
2.886000 3.010928e+002
2.888000 3.010806e+002
2.890000 3.010686e+002
2.892000 3.010567e+002
2.894000 3.010449e+002
2.896000 3.010332e+002
2.898000 3.010216e+002
2.900000 3.010102e+002
2.902000 3.009988e+002
2.904000 3.009876e+002
2.906000 3.009765e+002
2.908000 3.009656e+002
2.910000 3.009547e+002
2.912000 3.009439e+002
2.914000 3.009333e+002
2.916000 3.009228e+002
2.918000 3.009123e+002
2.920000 3.009020e+002
2.922000 3.008918e+002
2.924000 3.008817e+002
2.926000 3.008717e+002
2.928000 3.008618e+002
2.930000 3.008521e+002
2.932000 3.008424e+002
2.934000 3.008328e+002
2.936000 3.008233e+002
2.938000 3.008139e+002
2.940000 3.008046e+002
2.942000 3.007955e+002
2.944000 3.007864e+002
2.946000 3.007774e+002
2.948000 3.007685e+002
2.950000 3.007597e+002
2.952000 3.007510e+002
2.954000 3.007423e+002
2.956000 3.007338e+002
2.958000 3.007254e+002
2.960000 3.007170e+002
2.962000 3.007088e+002
2.964000 3.007006e+002
2.966000 3.006925e+002
2.968000 3.006845e+002
2.970000 3.006766e+002
2.972000 3.006688e+002
2.974000 3.006610e+002
2.976000 3.006534e+002
2.978000 3.006458e+002
2.980000 3.006383e+002
2.982000 3.006309e+002
2.984000 3.006236e+002
2.986000 3.006163e+002
2.988000 3.006091e+002
2.990000 3.006020e+002
2.992000 3.005950e+002
2.994000 3.005880e+002
2.996000 3.005812e+002
2.998000 3.005744e+002
3.000000 3.005676e+002
3.002000 3.005610e+002
3.004000 3.005544e+002
3.006000 3.005479e+002
3.008000 3.005415e+002
3.010000 3.005351e+002
3.012000 3.005288e+002
3.014000 3.005226e+002
3.016000 3.005164e+002
3.018000 3.005103e+002
3.020000 3.005043e+002
3.022000 3.004983e+002
3.024000 3.004924e+002
3.026000 3.004866e+002
3.028000 3.004808e+002
3.030000 3.004751e+002
3.032000 3.004695e+002
3.034000 3.004639e+002
3.036000 3.004584e+002
3.038000 3.004529e+002
3.040000 3.004475e+002
3.042000 3.004422e+002
3.044000 3.004369e+002
3.046000 3.004317e+002
3.048000 3.004265e+002
3.050000 3.004214e+002
3.052000 3.004164e+002
3.054000 3.004114e+002
3.056000 3.004065e+002
3.058000 3.004016e+002
3.060000 3.003968e+002
3.062000 3.003920e+002
3.064000 3.003873e+002
3.066000 3.003826e+002
3.068000 3.003780e+002
3.070000 3.003734e+002
3.072000 3.003689e+002
3.074000 3.003645e+002
3.076000 3.003601e+002
3.078000 3.003557e+002
3.080000 3.003514e+002
3.082000 3.003471e+002
3.084000 3.003429e+002
3.086000 3.003388e+002
3.088000 3.003346e+002
3.090000 3.003306e+002
3.092000 3.003265e+002
3.094000 3.003226e+002
3.096000 3.003186e+002
3.098000 3.003147e+002
3.100000 3.003109e+002
3.102000 3.003071e+002
3.104000 3.003033e+002
3.106000 3.002996e+002
3.108000 3.002959e+002
3.110000 3.002923e+002
3.112000 3.002887e+002
3.114000 3.002852e+002
3.116000 3.002817e+002
3.118000 3.002782e+002
3.120000 3.002748e+002
3.122000 3.002714e+002
3.124000 3.002680e+002
3.126000 3.002647e+002
3.128000 3.002614e+002
3.130000 3.002582e+002
3.132000 3.002550e+002
3.134000 3.002519e+002
3.136000 3.002487e+002
3.138000 3.002456e+002
3.140000 3.002426e+002
3.142000 3.002396e+002
3.144000 3.002366e+002
3.146000 3.002336e+002
3.148000 3.002307e+002
3.150000 3.002279e+002
3.152000 3.002250e+002
3.154000 3.002222e+002
3.156000 3.002194e+002
3.158000 3.002167e+002
3.160000 3.002140e+002
3.162000 3.002113e+002
3.164000 3.002086e+002
3.166000 3.002060e+002
3.168000 3.002034e+002
3.170000 3.002009e+002
3.172000 3.001983e+002
3.174000 3.001958e+002
3.176000 3.001934e+002
3.178000 3.001909e+002
3.180000 3.001885e+002
3.182000 3.001861e+002
3.184000 3.001838e+002
3.186000 3.001815e+002
3.188000 3.001792e+002
3.190000 3.001769e+002
3.192000 3.001746e+002
3.194000 3.001724e+002
3.196000 3.001702e+002
3.198000 3.001681e+002
3.200000 3.001659e+002
3.202000 3.001638e+002
3.204000 3.001617e+002
3.206000 3.001597e+002
3.208000 3.001576e+002
3.210000 3.001556e+002
3.212000 3.001536e+002
3.214000 3.001517e+002
3.216000 3.001497e+002
3.218000 3.001478e+002
3.220000 3.001459e+002
3.222000 3.001440e+002
3.224000 3.001422e+002
3.226000 3.001403e+002
3.228000 3.001385e+002
3.230000 3.001368e+002
3.232000 3.001350e+002
3.234000 3.001332e+002
3.236000 3.001315e+002
3.238000 3.001298e+002
3.240000 3.001281e+002
3.242000 3.001265e+002
3.244000 3.001249e+002
3.246000 3.001232e+002
3.248000 3.001216e+002
3.250000 3.001201e+002
3.252000 3.001185e+002
3.254000 3.001170e+002
3.256000 3.001154e+002
3.258000 3.001139e+002
3.260000 3.001124e+002
3.262000 3.001110e+002
3.264000 3.001095e+002
3.266000 3.001081e+002
3.268000 3.001067e+002
3.270000 3.001053e+002
3.272000 3.001039e+002
3.274000 3.001025e+002
3.276000 3.001012e+002
3.278000 3.000999e+002
3.280000 3.000986e+002
3.282000 3.000973e+002
3.284000 3.000960e+002
3.286000 3.000947e+002
3.288000 3.000935e+002
3.290000 3.000922e+002
3.292000 3.000910e+002
3.294000 3.000898e+002
3.296000 3.000886e+002
3.298000 3.000875e+002
3.300000 3.000863e+002
3.302000 3.000852e+002
3.304000 3.000840e+002
3.306000 3.000829e+002
3.308000 3.000818e+002
3.310000 3.000807e+002
3.312000 3.000796e+002
3.314000 3.000786e+002
3.316000 3.000775e+002
3.318000 3.000765e+002
3.320000 3.000755e+002
3.322000 3.000745e+002
3.324000 3.000735e+002
3.326000 3.000725e+002
3.328000 3.000715e+002
3.330000 3.000706e+002
3.332000 3.000696e+002
3.334000 3.000687e+002
3.336000 3.000678e+002
3.338000 3.000669e+002
3.340000 3.000660e+002
3.342000 3.000651e+002
3.344000 3.000642e+002
3.346000 3.000633e+002
3.348000 3.000625e+002
3.350000 3.000616e+002
3.352000 3.000608e+002
3.354000 3.000600e+002
3.356000 3.000592e+002
3.358000 3.000584e+002
3.360000 3.000576e+002
3.362000 3.000568e+002
3.364000 3.000560e+002
3.366000 3.000553e+002
3.368000 3.000545e+002
3.370000 3.000538e+002
3.372000 3.000530e+002
3.374000 3.000523e+002
3.376000 3.000516e+002
3.378000 3.000509e+002
3.380000 3.000502e+002
3.382000 3.000495e+002
3.384000 3.000488e+002
3.386000 3.000482e+002
3.388000 3.000475e+002
3.390000 3.000469e+002
3.392000 3.000462e+002
3.394000 3.000456e+002
3.396000 3.000450e+002
3.398000 3.000443e+002
3.400000 3.000437e+002
3.402000 3.000431e+002
3.404000 3.000425e+002
3.406000 3.000420e+002
3.408000 3.000414e+002
3.410000 3.000408e+002
3.412000 3.000402e+002
3.414000 3.000397e+002
3.416000 3.000391e+002
3.418000 3.000386e+002
3.420000 3.000381e+002
3.422000 3.000375e+002
3.424000 3.000370e+002
3.426000 3.000365e+002
3.428000 3.000360e+002
3.430000 3.000355e+002
3.432000 3.000350e+002
3.434000 3.000345e+002
3.436000 3.000340e+002
3.438000 3.000336e+002
3.440000 3.000331e+002
3.442000 3.000326e+002
3.444000 3.000322e+002
3.446000 3.000317e+002
3.448000 3.000313e+002
3.450000 3.000308e+002
3.452000 3.000304e+002
3.454000 3.000300e+002
3.456000 3.000296e+002
3.458000 3.000291e+002
3.460000 3.000287e+002
3.462000 3.000283e+002
3.464000 3.000279e+002
3.466000 3.000275e+002
3.468000 3.000271e+002
3.470000 3.000268e+002
3.472000 3.000264e+002
3.474000 3.000260e+002
3.476000 3.000256e+002
3.478000 3.000253e+002
3.480000 3.000249e+002
3.482000 3.000246e+002
3.484000 3.000242e+002
3.486000 3.000239e+002
3.488000 3.000235e+002
3.490000 3.000232e+002
3.492000 3.000229e+002
3.494000 3.000225e+002
3.496000 3.000222e+002
3.498000 3.000219e+002
3.500000 3.000216e+002
3.502000 3.000213e+002
3.504000 3.000210e+002
3.506000 3.000207e+002
3.508000 3.000204e+002
3.510000 3.000201e+002
3.512000 3.000198e+002
3.514000 3.000195e+002
3.516000 3.000192e+002
3.518000 3.000190e+002
3.520000 3.000187e+002
3.522000 3.000184e+002
3.524000 3.000182e+002
3.526000 3.000179e+002
3.528000 3.000176e+002
3.530000 3.000174e+002
3.532000 3.000171e+002
3.534000 3.000169e+002
3.536000 3.000166e+002
3.538000 3.000164e+002
3.540000 3.000162e+002
3.542000 3.000159e+002
3.544000 3.000157e+002
3.546000 3.000155e+002
3.548000 3.000153e+002
3.550000 3.000150e+002
3.552000 3.000148e+002
3.554000 3.000146e+002
3.556000 3.000144e+002
3.558000 3.000142e+002
3.560000 3.000140e+002
3.562000 3.000138e+002
3.564000 3.000136e+002
3.566000 3.000134e+002
3.568000 3.000132e+002
3.570000 3.000130e+002
3.572000 3.000128e+002
3.574000 3.000126e+002
3.576000 3.000124e+002
3.578000 3.000122e+002
3.580000 3.000121e+002
3.582000 3.000119e+002
3.584000 3.000117e+002
3.586000 3.000115e+002
3.588000 3.000114e+002
3.590000 3.000112e+002
3.592000 3.000110e+002
3.594000 3.000109e+002
3.596000 3.000107e+002
3.598000 3.000106e+002
3.600000 3.000104e+002
3.602000 3.000102e+002
3.604000 3.000101e+002
3.606000 3.000099e+002
3.608000 3.000098e+002
3.610000 3.000097e+002
3.612000 3.000095e+002
3.614000 3.000094e+002
3.616000 3.000092e+002
3.618000 3.000091e+002
3.620000 3.000090e+002
3.622000 3.000088e+002
3.624000 3.000087e+002
3.626000 3.000086e+002
3.628000 3.000084e+002
3.630000 3.000083e+002
3.632000 3.000082e+002
3.634000 3.000081e+002
3.636000 3.000079e+002
3.638000 3.000078e+002
3.640000 3.000077e+002
3.642000 3.000076e+002
3.644000 3.000075e+002
3.646000 3.000074e+002
3.648000 3.000073e+002
3.650000 3.000072e+002
3.652000 3.000070e+002
3.654000 3.000069e+002
3.656000 3.000068e+002
3.658000 3.000067e+002
3.660000 3.000066e+002
3.662000 3.000065e+002
3.664000 3.000064e+002
3.666000 3.000063e+002
3.668000 3.000062e+002
3.670000 3.000062e+002
3.672000 3.000061e+002
3.674000 3.000060e+002
3.676000 3.000059e+002
3.678000 3.000058e+002
3.680000 3.000057e+002
3.682000 3.000056e+002
3.684000 3.000055e+002
3.686000 3.000054e+002
3.688000 3.000054e+002
3.690000 3.000053e+002
3.692000 3.000052e+002
3.694000 3.000051e+002
3.696000 3.000051e+002
3.698000 3.000050e+002
3.700000 3.000049e+002
3.702000 3.000048e+002
3.704000 3.000048e+002
3.706000 3.000047e+002
3.708000 3.000046e+002
3.710000 3.000045e+002
3.712000 3.000045e+002
3.714000 3.000044e+002
3.716000 3.000043e+002
3.718000 3.000043e+002
3.720000 3.000042e+002
3.722000 3.000041e+002
3.724000 3.000041e+002
3.726000 3.000040e+002
3.728000 3.000040e+002
3.730000 3.000039e+002
3.732000 3.000038e+002
3.734000 3.000038e+002
3.736000 3.000037e+002
3.738000 3.000037e+002
3.740000 3.000036e+002
3.742000 3.000036e+002
3.744000 3.000035e+002
3.746000 3.000035e+002
3.748000 3.000034e+002
3.750000 3.000034e+002
3.752000 3.000033e+002
3.754000 3.000033e+002
3.756000 3.000032e+002
3.758000 3.000032e+002
3.760000 3.000031e+002
3.762000 3.000031e+002
3.764000 3.000030e+002
3.766000 3.000030e+002
3.768000 3.000029e+002
3.770000 3.000029e+002
3.772000 3.000028e+002
3.774000 3.000028e+002
3.776000 3.000028e+002
3.778000 3.000027e+002
3.780000 3.000027e+002
3.782000 3.000026e+002
3.784000 3.000026e+002
3.786000 3.000026e+002
3.788000 3.000025e+002
3.790000 3.000025e+002
3.792000 3.000024e+002
3.794000 3.000024e+002
3.796000 3.000024e+002
3.798000 3.000023e+002
3.800000 3.000023e+002
3.802000 3.000023e+002
3.804000 3.000022e+002
3.806000 3.000022e+002
3.808000 3.000022e+002
3.810000 3.000021e+002
3.812000 3.000021e+002
3.814000 3.000021e+002
3.816000 3.000020e+002
3.818000 3.000020e+002
3.820000 3.000020e+002
3.822000 3.000020e+002
3.824000 3.000019e+002
3.826000 3.000019e+002
3.828000 3.000019e+002
3.830000 3.000019e+002
3.832000 3.000018e+002
3.834000 3.000018e+002
3.836000 3.000018e+002
3.838000 3.000018e+002
3.840000 3.000017e+002
3.842000 3.000017e+002
3.844000 3.000017e+002
3.846000 3.000017e+002
3.848000 3.000016e+002
3.850000 3.000016e+002
3.852000 3.000016e+002
3.854000 3.000016e+002
3.856000 3.000015e+002
3.858000 3.000015e+002
3.860000 3.000015e+002
3.862000 3.000015e+002
3.864000 3.000015e+002
3.866000 3.000015e+002
3.868000 3.000014e+002
3.870000 3.000014e+002
3.872000 3.000014e+002
3.874000 3.000014e+002
3.876000 3.000014e+002
3.878000 3.000013e+002
3.880000 3.000013e+002
3.882000 3.000013e+002
3.884000 3.000013e+002
3.886000 3.000013e+002
3.888000 3.000013e+002
3.890000 3.000013e+002
3.892000 3.000012e+002
3.894000 3.000012e+002
3.896000 3.000012e+002
3.898000 3.000012e+002
3.900000 3.000012e+002
3.902000 3.000012e+002
3.904000 3.000012e+002
3.906000 3.000011e+002
3.908000 3.000011e+002
3.910000 3.000011e+002
3.912000 3.000011e+002
3.914000 3.000011e+002
3.916000 3.000011e+002
3.918000 3.000011e+002
3.920000 3.000011e+002
3.922000 3.000011e+002
3.924000 3.000011e+002
3.926000 3.000010e+002
3.928000 3.000010e+002
3.930000 3.000010e+002
3.932000 3.000010e+002
3.934000 3.000010e+002
3.936000 3.000010e+002
3.938000 3.000010e+002
3.940000 3.000010e+002
3.942000 3.000010e+002
3.944000 3.000010e+002
3.946000 3.000010e+002
3.948000 3.000010e+002
3.950000 3.000010e+002
3.952000 3.000010e+002
3.954000 3.000009e+002
3.956000 3.000009e+002
3.958000 3.000009e+002
3.960000 3.000009e+002
3.962000 3.000009e+002
3.964000 3.000009e+002
3.966000 3.000009e+002
3.968000 3.000009e+002
3.970000 3.000009e+002
3.972000 3.000009e+002
3.974000 3.000009e+002
3.976000 3.000009e+002
3.978000 3.000009e+002
3.980000 3.000009e+002
3.982000 3.000009e+002
3.984000 3.000009e+002
3.986000 3.000009e+002
3.988000 3.000009e+002
3.990000 3.000009e+002
3.992000 3.000009e+002
3.994000 3.000009e+002
3.996000 3.000009e+002
3.998000 3.000000e+002
