0.000000 3.469420e+002
0.002000 3.521723e+002
0.004000 3.574009e+002
0.006000 3.626275e+002
0.008000 3.678519e+002
0.010000 3.730739e+002
0.012000 3.782933e+002
0.014000 3.835100e+002
0.016000 3.887238e+002
0.018000 3.939345e+002
0.020000 3.991419e+002
0.022000 4.043458e+002
0.024000 4.095460e+002
0.026000 4.147424e+002
0.028000 4.199347e+002
0.030000 4.251228e+002
0.032000 4.303066e+002
0.034000 4.354857e+002
0.036000 4.406601e+002
0.038000 4.458296e+002
0.040000 4.509939e+002
0.042000 4.561529e+002
0.044000 4.613064e+002
0.046000 4.664543e+002
0.048000 4.715963e+002
0.050000 4.767323e+002
0.052000 4.818620e+002
0.054000 4.869854e+002
0.056000 4.921023e+002
0.058000 4.972123e+002
0.060000 5.023155e+002
0.062000 5.074116e+002
0.064000 5.125004e+002
0.066000 5.175817e+002
0.068000 5.226555e+002
0.070000 5.277214e+002
0.072000 5.327794e+002
0.074000 5.378292e+002
0.076000 5.428707e+002
0.078000 5.479037e+002
0.080000 5.529281e+002
0.082000 5.579436e+002
0.084000 5.629501e+002
0.086000 5.679474e+002
0.088000 5.729354e+002
0.090000 5.779139e+002
0.092000 5.828827e+002
0.094000 5.878417e+002
0.096000 5.927906e+002
0.098000 5.977294e+002
0.100000 6.026578e+002
0.102000 6.075758e+002
0.104000 6.124830e+002
0.106000 6.173794e+002
0.108000 6.222648e+002
0.110000 6.271391e+002
0.112000 6.320020e+002
0.114000 6.368535e+002
0.116000 6.416933e+002
0.118000 6.465213e+002
0.120000 6.513374e+002
0.122000 6.561414e+002
0.124000 6.609331e+002
0.126000 6.657123e+002
0.128000 6.704790e+002
0.130000 6.752330e+002
0.132000 6.799741e+002
0.134000 6.847021e+002
0.136000 6.894170e+002
0.138000 6.941185e+002
0.140000 6.988065e+002
0.142000 7.034810e+002
0.144000 7.081416e+002
0.146000 7.127883e+002
0.148000 7.174210e+002
0.150000 7.220394e+002
0.152000 7.266435e+002
0.154000 7.312330e+002
0.156000 7.358080e+002
0.158000 7.403681e+002
0.160000 7.449133e+002
0.162000 7.494435e+002
0.164000 7.539585e+002
0.166000 7.584581e+002
0.168000 7.629423e+002
0.170000 7.674108e+002
0.172000 7.718636e+002
0.174000 7.763006e+002
0.176000 7.807216e+002
0.178000 7.851264e+002
0.180000 7.895149e+002
0.182000 7.938871e+002
0.184000 7.982427e+002
0.186000 8.025817e+002
0.188000 8.069040e+002
0.190000 8.112093e+002
0.192000 8.154976e+002
0.194000 8.197688e+002
0.196000 8.240227e+002
0.198000 8.282593e+002
0.200000 8.324783e+002
0.202000 8.366797e+002
0.204000 8.408634e+002
0.206000 8.450293e+002
0.208000 8.491771e+002
0.210000 8.533069e+002
0.212000 8.574186e+002
0.214000 8.615119e+002
0.216000 8.655868e+002
0.218000 8.696432e+002
0.220000 8.736809e+002
0.222000 8.776999e+002
0.224000 8.817001e+002
0.226000 8.856814e+002
0.228000 8.896435e+002
0.230000 8.935866e+002
0.232000 8.975104e+002
0.234000 9.014148e+002
0.236000 9.052998e+002
0.238000 9.091652e+002
0.240000 9.130110e+002
0.242000 9.168371e+002
0.244000 9.206433e+002
0.246000 9.244296e+002
0.248000 9.281959e+002
0.250000 9.319421e+002
0.252000 9.356681e+002
0.254000 9.393738e+002
0.256000 9.430591e+002
0.258000 9.467239e+002
0.260000 9.503682e+002
0.262000 9.539919e+002
0.264000 9.575949e+002
0.266000 9.611771e+002
0.268000 9.647384e+002
0.270000 9.682787e+002
0.272000 9.717980e+002
0.274000 9.752962e+002
0.276000 9.787733e+002
0.278000 9.822290e+002
0.280000 9.856635e+002
0.282000 9.890765e+002
0.284000 9.924680e+002
0.286000 9.958380e+002
0.288000 9.991864e+002
0.290000 1.002513e+003
0.292000 1.005818e+003
0.294000 1.009101e+003
0.296000 1.012363e+003
0.298000 1.015602e+003
0.300000 1.018819e+003
0.302000 1.022014e+003
0.304000 1.025188e+003
0.306000 1.028338e+003
0.308000 1.031467e+003
0.310000 1.034574e+003
0.312000 1.037658e+003
0.314000 1.040719e+003
0.316000 1.043758e+003
0.318000 1.046775e+003
0.320000 1.049769e+003
0.322000 1.052741e+003
0.324000 1.055690e+003
0.326000 1.058616e+003
0.328000 1.061519e+003
0.330000 1.064400e+003
0.332000 1.067257e+003
0.334000 1.070092e+003
0.336000 1.072904e+003
0.338000 1.075693e+003
0.340000 1.078459e+003
0.342000 1.081202e+003
0.344000 1.083922e+003
0.346000 1.086618e+003
0.348000 1.089292e+003
0.350000 1.091942e+003
0.352000 1.094569e+003
0.354000 1.097173e+003
0.356000 1.099753e+003
0.358000 1.102311e+003
0.360000 1.104844e+003
0.362000 1.107355e+003
0.364000 1.109842e+003
0.366000 1.112306e+003
0.368000 1.114746e+003
0.370000 1.117162e+003
0.372000 1.119556e+003
0.374000 1.121925e+003
0.376000 1.124271e+003
0.378000 1.126594e+003
0.380000 1.128893e+003
0.382000 1.131168e+003
0.384000 1.133420e+003
0.386000 1.135648e+003
0.388000 1.137853e+003
0.390000 1.140033e+003
0.392000 1.142190e+003
0.394000 1.144324e+003
0.396000 1.146434e+003
0.398000 1.148520e+003
0.400000 1.150582e+003
0.402000 1.152620e+003
0.404000 1.154635e+003
0.406000 1.156626e+003
0.408000 1.158594e+003
0.410000 1.160537e+003
0.412000 1.162457e+003
0.414000 1.164353e+003
0.416000 1.166225e+003
0.418000 1.168074e+003
0.420000 1.169898e+003
0.422000 1.171699e+003
0.424000 1.173477e+003
0.426000 1.175230e+003
0.428000 1.176960e+003
0.430000 1.178666e+003
0.432000 1.180348e+003
0.434000 1.182006e+003
0.436000 1.183641e+003
0.438000 1.185252e+003
0.440000 1.186839e+003
0.442000 1.188403e+003
0.444000 1.189943e+003
0.446000 1.191459e+003
0.448000 1.192952e+003
0.450000 1.194421e+003
0.452000 1.195866e+003
0.454000 1.197288e+003
0.456000 1.198686e+003
0.458000 1.200060e+003
0.460000 1.201411e+003
0.462000 1.202738e+003
0.464000 1.204042e+003
0.466000 1.205322e+003
0.468000 1.206579e+003
0.470000 1.207812e+003
0.472000 1.209022e+003
0.474000 1.210208e+003
0.476000 1.211371e+003
0.478000 1.212510e+003
0.480000 1.213627e+003
0.482000 1.214719e+003
0.484000 1.215789e+003
0.486000 1.216835e+003
0.488000 1.217858e+003
0.490000 1.218858e+003
0.492000 1.219834e+003
0.494000 1.220788e+003
0.496000 1.221718e+003
0.498000 1.222625e+003
0.500000 1.223509e+003
0.502000 1.224370e+003
0.504000 1.225208e+003
0.506000 1.226023e+003
0.508000 1.226815e+003
0.510000 1.227584e+003
0.512000 1.228331e+003
0.514000 1.229054e+003
0.516000 1.229755e+003
0.518000 1.230433e+003
0.520000 1.231088e+003
0.522000 1.231720e+003
0.524000 1.232330e+003
0.526000 1.232917e+003
0.528000 1.233482e+003
0.530000 1.234024e+003
0.532000 1.234544e+003
0.534000 1.235041e+003
0.536000 1.235516e+003
0.538000 1.235969e+003
0.540000 1.236399e+003
0.542000 1.236807e+003
0.544000 1.237193e+003
0.546000 1.237557e+003
0.548000 1.237898e+003
0.550000 1.238218e+003
0.552000 1.238515e+003
0.554000 1.238791e+003
0.556000 1.239045e+003
0.558000 1.239276e+003
0.560000 1.239486e+003
0.562000 1.239675e+003
0.564000 1.239841e+003
0.566000 1.239986e+003
0.568000 1.240110e+003
0.570000 1.240211e+003
0.572000 1.240292e+003
0.574000 1.240350e+003
0.576000 1.240388e+003
0.578000 1.240404e+003
0.580000 1.240399e+003
0.582000 1.240373e+003
0.584000 1.240325e+003
0.586000 1.240257e+003
0.588000 1.240167e+003
0.590000 1.240057e+003
0.592000 1.239925e+003
0.594000 1.239773e+003
0.596000 1.239600e+003
0.598000 1.239406e+003
0.600000 1.239192e+003
0.602000 1.238956e+003
0.604000 1.238701e+003
0.606000 1.238425e+003
0.608000 1.238128e+003
0.610000 1.237811e+003
0.612000 1.237474e+003
0.614000 1.237117e+003
0.616000 1.236740e+003
0.618000 1.236342e+003
0.620000 1.235924e+003
0.622000 1.235487e+003
0.624000 1.235030e+003
0.626000 1.234552e+003
0.628000 1.234055e+003
0.630000 1.233539e+003
0.632000 1.233003e+003
0.634000 1.232447e+003
0.636000 1.231872e+003
0.638000 1.231277e+003
0.640000 1.230663e+003
0.642000 1.230030e+003
0.644000 1.229378e+003
0.646000 1.228706e+003
0.648000 1.228016e+003
0.650000 1.227307e+003
0.652000 1.226578e+003
0.654000 1.225831e+003
0.656000 1.225066e+003
0.658000 1.224281e+003
0.660000 1.223478e+003
0.662000 1.222657e+003
0.664000 1.221817e+003
0.666000 1.220959e+003
0.668000 1.220082e+003
0.670000 1.219187e+003
0.672000 1.218275e+003
0.674000 1.217344e+003
0.676000 1.216395e+003
0.678000 1.215428e+003
0.680000 1.214444e+003
0.682000 1.213442e+003
0.684000 1.212422e+003
0.686000 1.211385e+003
0.688000 1.210330e+003
0.690000 1.209258e+003
0.692000 1.208169e+003
0.694000 1.207062e+003
0.696000 1.205938e+003
0.698000 1.204797e+003
0.700000 1.203640e+003
0.702000 1.202465e+003
0.704000 1.201274e+003
0.706000 1.200065e+003
0.708000 1.198841e+003
0.710000 1.197599e+003
0.712000 1.196342e+003
0.714000 1.195068e+003
0.716000 1.193777e+003
0.718000 1.192471e+003
0.720000 1.191148e+003
0.722000 1.189810e+003
0.724000 1.188455e+003
0.726000 1.187085e+003
0.728000 1.185699e+003
0.730000 1.184297e+003
0.732000 1.182880e+003
0.734000 1.181447e+003
0.736000 1.179999e+003
0.738000 1.178535e+003
0.740000 1.177057e+003
0.742000 1.175563e+003
0.744000 1.174055e+003
0.746000 1.172531e+003
0.748000 1.170993e+003
0.750000 1.169439e+003
0.752000 1.167872e+003
0.754000 1.166289e+003
0.756000 1.164693e+003
0.758000 1.163081e+003
0.760000 1.161456e+003
0.762000 1.159817e+003
0.764000 1.158163e+003
0.766000 1.156496e+003
0.768000 1.154814e+003
0.770000 1.153119e+003
0.772000 1.151410e+003
0.774000 1.149688e+003
0.776000 1.147952e+003
0.778000 1.146203e+003
0.780000 1.144440e+003
0.782000 1.142664e+003
0.784000 1.140875e+003
0.786000 1.139074e+003
0.788000 1.137259e+003
0.790000 1.135431e+003
0.792000 1.133591e+003
0.794000 1.131738e+003
0.796000 1.129873e+003
0.798000 1.127995e+003
0.800000 1.126105e+003
0.802000 1.124203e+003
0.804000 1.122289e+003
0.806000 1.120363e+003
0.808000 1.118425e+003
0.810000 1.116475e+003
0.812000 1.114514e+003
0.814000 1.112540e+003
0.816000 1.110556e+003
0.818000 1.108560e+003
0.820000 1.106553e+003
0.822000 1.104534e+003
0.824000 1.102505e+003
0.826000 1.100465e+003
0.828000 1.098413e+003
0.830000 1.096351e+003
0.832000 1.094279e+003
0.834000 1.092196e+003
0.836000 1.090102e+003
0.838000 1.087998e+003
0.840000 1.085884e+003
0.842000 1.083760e+003
0.844000 1.081626e+003
0.846000 1.079482e+003
0.848000 1.077328e+003
0.850000 1.075164e+003
0.852000 1.072991e+003
0.854000 1.070808e+003
0.856000 1.068616e+003
0.858000 1.066415e+003
0.860000 1.064205e+003
0.862000 1.061985e+003
0.864000 1.059757e+003
0.866000 1.057520e+003
0.868000 1.055274e+003
0.870000 1.053019e+003
0.872000 1.050756e+003
0.874000 1.048485e+003
0.876000 1.046205e+003
0.878000 1.043917e+003
0.880000 1.041621e+003
0.882000 1.039317e+003
0.884000 1.037005e+003
0.886000 1.034686e+003
0.888000 1.032358e+003
0.890000 1.030024e+003
0.892000 1.027681e+003
0.894000 1.025332e+003
0.896000 1.022975e+003
0.898000 1.020611e+003
0.900000 1.018241e+003
0.902000 1.015863e+003
0.904000 1.013479e+003
0.906000 1.011088e+003
0.908000 1.008690e+003
0.910000 1.006286e+003
0.912000 1.003875e+003
0.914000 1.001459e+003
0.916000 9.990362e+002
0.918000 9.966075e+002
0.920000 9.941729e+002
0.922000 9.917325e+002
0.924000 9.892865e+002
0.926000 9.868349e+002
0.928000 9.843778e+002
0.930000 9.819154e+002
0.932000 9.794477e+002
0.934000 9.769750e+002
0.936000 9.744972e+002
0.938000 9.720145e+002
0.940000 9.695271e+002
0.942000 9.670349e+002
0.944000 9.645381e+002
0.946000 9.620369e+002
0.948000 9.595314e+002
0.950000 9.570215e+002
0.952000 9.545076e+002
0.954000 9.519896e+002
0.956000 9.494677e+002
0.958000 9.469419e+002
0.960000 9.444125e+002
0.962000 9.418794e+002
0.964000 9.393429e+002
0.966000 9.368030e+002
0.968000 9.342598e+002
0.970000 9.317134e+002
0.972000 9.291640e+002
0.974000 9.266116e+002
0.976000 9.240564e+002
0.978000 9.214985e+002
0.980000 9.189379e+002
0.982000 9.163748e+002
0.984000 9.138092e+002
0.986000 9.112414e+002
0.988000 9.086713e+002
0.990000 9.060992e+002
0.992000 9.035251e+002
0.994000 9.009490e+002
0.996000 8.983712e+002
0.998000 8.957918e+002
1.000000 8.932107e+002
1.002000 8.906282e+002
1.004000 8.880443e+002
1.006000 8.854592e+002
1.008000 8.828729e+002
1.010000 8.802855e+002
1.012000 8.776972e+002
1.014000 8.751081e+002
1.016000 8.725182e+002
1.018000 8.699277e+002
1.020000 8.673367e+002
1.022000 8.647452e+002
1.024000 8.621534e+002
1.026000 8.595613e+002
1.028000 8.569692e+002
1.030000 8.543770e+002
1.032000 8.517848e+002
1.034000 8.491929e+002
1.036000 8.466012e+002
1.038000 8.440099e+002
1.040000 8.414190e+002
1.042000 8.388288e+002
1.044000 8.362392e+002
1.046000 8.336503e+002
1.048000 8.310623e+002
1.050000 8.284753e+002
1.052000 8.258894e+002
1.054000 8.233046e+002
1.056000 8.207210e+002
1.058000 8.181388e+002
1.060000 8.155581e+002
1.062000 8.129788e+002
1.064000 8.104012e+002
1.066000 8.078254e+002
1.068000 8.052513e+002
1.070000 8.026792e+002
1.072000 8.001090e+002
1.074000 7.975410e+002
1.076000 7.949752e+002
1.078000 7.924116e+002
1.080000 7.898504e+002
1.082000 7.872917e+002
1.084000 7.847355e+002
1.086000 7.821819e+002
1.088000 7.796311e+002
1.090000 7.770831e+002
1.092000 7.745381e+002
1.094000 7.719960e+002
1.096000 7.694570e+002
1.098000 7.669211e+002
1.100000 7.643886e+002
1.102000 7.618593e+002
1.104000 7.593335e+002
1.106000 7.568112e+002
1.108000 7.542925e+002
1.110000 7.517774e+002
1.112000 7.492662e+002
1.114000 7.467587e+002
1.116000 7.442552e+002
1.118000 7.417557e+002
1.120000 7.392603e+002
1.122000 7.367690e+002
1.124000 7.342820e+002
1.126000 7.317994e+002
1.128000 7.293211e+002
1.130000 7.268473e+002
1.132000 7.243780e+002
1.134000 7.219134e+002
1.136000 7.194535e+002
1.138000 7.169984e+002
1.140000 7.145482e+002
1.142000 7.121029e+002
1.144000 7.096626e+002
1.146000 7.072274e+002
1.148000 7.047973e+002
1.150000 7.023725e+002
1.152000 6.999529e+002
1.154000 6.975387e+002
1.156000 6.951300e+002
1.158000 6.927268e+002
1.160000 6.903291e+002
1.162000 6.879371e+002
1.164000 6.855508e+002
1.166000 6.831703e+002
1.168000 6.807957e+002
1.170000 6.784269e+002
1.172000 6.760641e+002
1.174000 6.737074e+002
1.176000 6.713567e+002
1.178000 6.690122e+002
1.180000 6.666740e+002
1.182000 6.643420e+002
1.184000 6.620164e+002
1.186000 6.596972e+002
1.188000 6.573845e+002
1.190000 6.550783e+002
1.192000 6.527787e+002
1.194000 6.504857e+002
1.196000 6.481994e+002
1.198000 6.459199e+002
1.200000 6.436472e+002
1.202000 6.413814e+002
1.204000 6.391225e+002
1.206000 6.368705e+002
1.208000 6.346256e+002
1.210000 6.323878e+002
1.212000 6.301571e+002
1.214000 6.279335e+002
1.216000 6.257173e+002
1.218000 6.235082e+002
1.220000 6.213066e+002
1.222000 6.191123e+002
1.224000 6.169254e+002
1.226000 6.147460e+002
1.228000 6.125741e+002
1.230000 6.104097e+002
1.232000 6.082530e+002
1.234000 6.061039e+002
1.236000 6.039625e+002
1.238000 6.018289e+002
1.240000 5.997030e+002
1.242000 5.975849e+002
1.244000 5.954747e+002
1.246000 5.933724e+002
1.248000 5.912780e+002
1.250000 5.891916e+002
1.252000 5.871132e+002
1.254000 5.850428e+002
1.256000 5.829806e+002
1.258000 5.809264e+002
1.260000 5.788804e+002
1.262000 5.768426e+002
1.264000 5.748130e+002
1.266000 5.727916e+002
1.268000 5.707786e+002
1.270000 5.687738e+002
1.272000 5.667774e+002
1.274000 5.647894e+002
1.276000 5.628097e+002
1.278000 5.608385e+002
1.280000 5.588758e+002
1.282000 5.569215e+002
1.284000 5.549757e+002
1.286000 5.530385e+002
1.288000 5.511098e+002
1.290000 5.491898e+002
1.292000 5.472783e+002
1.294000 5.453755e+002
1.296000 5.434813e+002
1.298000 5.415957e+002
1.300000 5.397189e+002
1.302000 5.378508e+002
1.304000 5.359914e+002
1.306000 5.341408e+002
1.308000 5.322990e+002
1.310000 5.304659e+002
1.312000 5.286416e+002
1.314000 5.268262e+002
1.316000 5.250196e+002
1.318000 5.232218e+002
1.320000 5.214329e+002
1.322000 5.196529e+002
1.324000 5.178817e+002
1.326000 5.161195e+002
1.328000 5.143662e+002
1.330000 5.126218e+002
1.332000 5.108863e+002
1.334000 5.091598e+002
1.336000 5.074422e+002
1.338000 5.057336e+002
1.340000 5.040339e+002
1.342000 5.023433e+002
1.344000 5.006616e+002
1.346000 4.989889e+002
1.348000 4.973251e+002
1.350000 4.956704e+002
1.352000 4.940247e+002
1.354000 4.923879e+002
1.356000 4.907602e+002
1.358000 4.891415e+002
1.360000 4.875318e+002
1.362000 4.859311e+002
1.364000 4.843394e+002
1.366000 4.827567e+002
1.368000 4.811830e+002
1.370000 4.796183e+002
1.372000 4.780626e+002
1.374000 4.765160e+002
1.376000 4.749783e+002
1.378000 4.734496e+002
1.380000 4.719299e+002
1.382000 4.704192e+002
1.384000 4.689175e+002
1.386000 4.674247e+002
1.388000 4.659409e+002
1.390000 4.644661e+002
1.392000 4.630002e+002
1.394000 4.615433e+002
1.396000 4.600952e+002
1.398000 4.586562e+002
1.400000 4.572260e+002
1.402000 4.558047e+002
1.404000 4.543924e+002
1.406000 4.529889e+002
1.408000 4.515943e+002
1.410000 4.502085e+002
1.412000 4.488316e+002
1.414000 4.474635e+002
1.416000 4.461043e+002
1.418000 4.447538e+002
1.420000 4.434121e+002
1.422000 4.420793e+002
1.424000 4.407551e+002
1.426000 4.394398e+002
1.428000 4.381331e+002
1.430000 4.368352e+002
1.432000 4.355459e+002
1.434000 4.342653e+002
1.436000 4.329934e+002
1.438000 4.317301e+002
1.440000 4.304755e+002
1.442000 4.292294e+002
1.444000 4.279919e+002
1.446000 4.267630e+002
1.448000 4.255426e+002
1.450000 4.243308e+002
1.452000 4.231274e+002
1.454000 4.219325e+002
1.456000 4.207461e+002
1.458000 4.195680e+002
1.460000 4.183984e+002
1.462000 4.172372e+002
1.464000 4.160843e+002
1.466000 4.149398e+002
1.468000 4.138036e+002
1.470000 4.126757e+002
1.472000 4.115560e+002
1.474000 4.104446e+002
1.476000 4.093413e+002
1.478000 4.082463e+002
1.480000 4.071594e+002
1.482000 4.060806e+002
1.484000 4.050100e+002
1.486000 4.039474e+002
1.488000 4.028929e+002
1.490000 4.018464e+002
1.492000 4.008078e+002
1.494000 3.997773e+002
1.496000 3.987547e+002
1.498000 3.977399e+002
1.500000 3.967331e+002
1.502000 3.957341e+002
1.504000 3.947429e+002
1.506000 3.937595e+002
1.508000 3.927839e+002
1.510000 3.918159e+002
1.512000 3.908557e+002
1.514000 3.899032e+002
1.516000 3.889582e+002
1.518000 3.880209e+002
1.520000 3.870911e+002
1.522000 3.861689e+002
1.524000 3.852542e+002
1.526000 3.843469e+002
1.528000 3.834471e+002
1.530000 3.825546e+002
1.532000 3.816696e+002
1.534000 3.807919e+002
1.536000 3.799215e+002
1.538000 3.790583e+002
1.540000 3.782024e+002
1.542000 3.773537e+002
1.544000 3.765122e+002
1.546000 3.756778e+002
1.548000 3.748505e+002
1.550000 3.740303e+002
1.552000 3.732171e+002
1.554000 3.724109e+002
1.556000 3.716117e+002
1.558000 3.708193e+002
1.560000 3.700339e+002
1.562000 3.692553e+002
1.564000 3.684836e+002
1.566000 3.677186e+002
1.568000 3.669604e+002
1.570000 3.662089e+002
1.572000 3.654640e+002
1.574000 3.647258e+002
1.576000 3.639942e+002
1.578000 3.632692e+002
1.580000 3.625507e+002
1.582000 3.618387e+002
1.584000 3.611331e+002
1.586000 3.604340e+002
1.588000 3.597412e+002
1.590000 3.590548e+002
1.592000 3.583748e+002
1.594000 3.577009e+002
1.596000 3.570334e+002
1.598000 3.563720e+002
1.600000 3.557167e+002
1.602000 3.550677e+002
1.604000 3.544246e+002
1.606000 3.537877e+002
1.608000 3.531567e+002
1.610000 3.525318e+002
1.612000 3.519128e+002
1.614000 3.512996e+002
1.616000 3.506924e+002
1.618000 3.500909e+002
1.620000 3.494953e+002
1.622000 3.489054e+002
1.624000 3.483212e+002
1.626000 3.477427e+002
1.628000 3.471699e+002
1.630000 3.466026e+002
1.632000 3.460410e+002
1.634000 3.454848e+002
1.636000 3.449341e+002
1.638000 3.443889e+002
1.640000 3.438492e+002
1.642000 3.433148e+002
1.644000 3.427857e+002
1.646000 3.422619e+002
1.648000 3.417435e+002
1.650000 3.412302e+002
1.652000 3.407222e+002
1.654000 3.402193e+002
1.656000 3.397215e+002
1.658000 3.392288e+002
1.660000 3.387412e+002
1.662000 3.382585e+002
1.664000 3.377809e+002
1.666000 3.373082e+002
1.668000 3.368404e+002
1.670000 3.363774e+002
1.672000 3.359193e+002
1.674000 3.354660e+002
1.676000 3.350174e+002
1.678000 3.345736e+002
1.680000 3.341345e+002
1.682000 3.337000e+002
1.684000 3.332701e+002
1.686000 3.328448e+002
1.688000 3.324240e+002
1.690000 3.320077e+002
1.692000 3.315960e+002
1.694000 3.311886e+002
1.696000 3.307857e+002
1.698000 3.303871e+002
1.700000 3.299928e+002
1.702000 3.296029e+002
1.704000 3.292172e+002
1.706000 3.288357e+002
1.708000 3.284585e+002
1.710000 3.280854e+002
1.712000 3.277164e+002
1.714000 3.273515e+002
1.716000 3.269906e+002
1.718000 3.266338e+002
1.720000 3.262810e+002
1.722000 3.259321e+002
1.724000 3.255872e+002
1.726000 3.252461e+002
1.728000 3.249089e+002
1.730000 3.245755e+002
1.732000 3.242459e+002
1.734000 3.239201e+002
1.736000 3.235979e+002
1.738000 3.232795e+002
1.740000 3.229647e+002
1.742000 3.226536e+002
1.744000 3.223460e+002
1.746000 3.220420e+002
1.748000 3.217416e+002
1.750000 3.214446e+002
1.752000 3.211511e+002
1.754000 3.208610e+002
1.756000 3.205744e+002
1.758000 3.202911e+002
1.760000 3.200111e+002
1.762000 3.197345e+002
1.764000 3.194611e+002
1.766000 3.191910e+002
1.768000 3.189241e+002
1.770000 3.186604e+002
1.772000 3.183999e+002
1.774000 3.181425e+002
1.776000 3.178882e+002
1.778000 3.176369e+002
1.780000 3.173888e+002
1.782000 3.171436e+002
1.784000 3.169014e+002
1.786000 3.166621e+002
1.788000 3.164258e+002
1.790000 3.161924e+002
1.792000 3.159618e+002
1.794000 3.157341e+002
1.796000 3.155092e+002
1.798000 3.152871e+002
1.800000 3.150677e+002
1.802000 3.148511e+002
1.804000 3.146372e+002
1.806000 3.144259e+002
1.808000 3.142173e+002
1.810000 3.140114e+002
1.812000 3.138080e+002
1.814000 3.136072e+002
1.816000 3.134089e+002
1.818000 3.132131e+002
1.820000 3.130199e+002
1.822000 3.128291e+002
1.824000 3.126407e+002
1.826000 3.124548e+002
1.828000 3.122712e+002
1.830000 3.120900e+002
1.832000 3.119111e+002
1.834000 3.117346e+002
1.836000 3.115604e+002
1.838000 3.113884e+002
1.840000 3.112186e+002
1.842000 3.110511e+002
1.844000 3.108858e+002
1.846000 3.107226e+002
1.848000 3.105616e+002
1.850000 3.104027e+002
1.852000 3.102459e+002
1.854000 3.100912e+002
1.856000 3.099385e+002
1.858000 3.097879e+002
1.860000 3.096393e+002
1.862000 3.094926e+002
1.864000 3.093480e+002
1.866000 3.092053e+002
1.868000 3.090645e+002
1.870000 3.089255e+002
1.872000 3.087885e+002
1.874000 3.086534e+002
1.876000 3.085200e+002
1.878000 3.083885e+002
1.880000 3.082588e+002
1.882000 3.081309e+002
1.884000 3.080047e+002
1.886000 3.078802e+002
1.888000 3.077575e+002
1.890000 3.076364e+002
1.892000 3.075171e+002
1.894000 3.073993e+002
1.896000 3.072833e+002
1.898000 3.071688e+002
1.900000 3.070559e+002
1.902000 3.069446e+002
1.904000 3.068349e+002
1.906000 3.067267e+002
1.908000 3.066201e+002
1.910000 3.065149e+002
1.912000 3.064112e+002
1.914000 3.063090e+002
1.916000 3.062083e+002
1.918000 3.061090e+002
1.920000 3.060111e+002
1.922000 3.059146e+002
1.924000 3.058195e+002
1.926000 3.057257e+002
1.928000 3.056333e+002
1.930000 3.055423e+002
1.932000 3.054525e+002
1.934000 3.053640e+002
1.936000 3.052769e+002
1.938000 3.051910e+002
1.940000 3.051063e+002
1.942000 3.050229e+002
1.944000 3.049407e+002
1.946000 3.048597e+002
1.948000 3.047799e+002
1.950000 3.047013e+002
1.952000 3.046239e+002
1.954000 3.045476e+002
1.956000 3.044724e+002
1.958000 3.043983e+002
1.960000 3.043253e+002
1.962000 3.042535e+002
1.964000 3.041827e+002
1.966000 3.041129e+002
1.968000 3.040442e+002
1.970000 3.039766e+002
1.972000 3.039099e+002
1.974000 3.038443e+002
1.976000 3.037797e+002
1.978000 3.037160e+002
1.980000 3.036533e+002
1.982000 3.035916e+002
1.984000 3.035308e+002
1.986000 3.034709e+002
1.988000 3.034119e+002
1.990000 3.033539e+002
1.992000 3.032967e+002
1.994000 3.032404e+002
1.996000 3.031850e+002
1.998000 3.031305e+002
2.000000 3.030768e+002
2.002000 3.030239e+002
2.004000 3.029719e+002
2.006000 3.029206e+002
2.008000 3.028702e+002
2.010000 3.028206e+002
2.012000 3.027717e+002
2.014000 3.027236e+002
2.016000 3.026762e+002
2.018000 3.026296e+002
2.020000 3.025838e+002
2.022000 3.025387e+002
2.024000 3.024942e+002
2.026000 3.024505e+002
2.028000 3.024075e+002
2.030000 3.023652e+002
2.032000 3.023235e+002
2.034000 3.022826e+002
2.036000 3.022422e+002
2.038000 3.022026e+002
2.040000 3.021635e+002
2.042000 3.021251e+002
2.044000 3.020873e+002
2.046000 3.020502e+002
2.048000 3.020136e+002
2.050000 3.019776e+002
2.052000 3.019422e+002
2.054000 3.019074e+002
2.056000 3.018732e+002
2.058000 3.018395e+002
2.060000 3.018064e+002
2.062000 3.017738e+002
2.064000 3.017417e+002
2.066000 3.017102e+002
2.068000 3.016792e+002
2.070000 3.016487e+002
2.072000 3.016188e+002
2.074000 3.015893e+002
2.076000 3.015603e+002
2.078000 3.015318e+002
2.080000 3.015038e+002
2.082000 3.014762e+002
2.084000 3.014492e+002
2.086000 3.014225e+002
2.088000 3.013963e+002
2.090000 3.013706e+002
2.092000 3.013453e+002
2.094000 3.013204e+002
2.096000 3.012959e+002
2.098000 3.012719e+002
2.100000 3.012483e+002
2.102000 3.012250e+002
2.104000 3.012022e+002
2.106000 3.011798e+002
2.108000 3.011577e+002
2.110000 3.011360e+002
2.112000 3.011147e+002
2.114000 3.010938e+002
2.116000 3.010732e+002
2.118000 3.010530e+002
2.120000 3.010331e+002
2.122000 3.010136e+002
2.124000 3.009944e+002
2.126000 3.009756e+002
2.128000 3.009571e+002
2.130000 3.009389e+002
2.132000 3.009210e+002
2.134000 3.009035e+002
2.136000 3.008862e+002
2.138000 3.008693e+002
2.140000 3.008526e+002
2.142000 3.008363e+002
2.144000 3.008202e+002
2.146000 3.008044e+002
2.148000 3.007889e+002
2.150000 3.007737e+002
2.152000 3.007587e+002
2.154000 3.007441e+002
2.156000 3.007296e+002
2.158000 3.007155e+002
2.160000 3.007016e+002
2.162000 3.006879e+002
2.164000 3.006745e+002
2.166000 3.006613e+002
2.168000 3.006484e+002
2.170000 3.006357e+002
2.172000 3.006232e+002
2.174000 3.006110e+002
2.176000 3.005990e+002
2.178000 3.005872e+002
2.180000 3.005756e+002
2.182000 3.005642e+002
2.184000 3.005530e+002
2.186000 3.005421e+002
2.188000 3.005313e+002
2.190000 3.005208e+002
2.192000 3.005104e+002
2.194000 3.005002e+002
2.196000 3.004903e+002
2.198000 3.004805e+002
2.200000 3.004708e+002
2.202000 3.004614e+002
2.204000 3.004521e+002
2.206000 3.004431e+002
2.208000 3.004341e+002
2.210000 3.004254e+002
2.212000 3.004168e+002
2.214000 3.004084e+002
2.216000 3.004001e+002
2.218000 3.003920e+002
2.220000 3.003840e+002
2.222000 3.003762e+002
2.224000 3.003686e+002
2.226000 3.003610e+002
2.228000 3.003537e+002
2.230000 3.003464e+002
2.232000 3.003394e+002
2.234000 3.003324e+002
2.236000 3.003256e+002
2.238000 3.003189e+002
2.240000 3.003123e+002
2.242000 3.003059e+002
2.244000 3.002996e+002
2.246000 3.002934e+002
2.248000 3.002873e+002
2.250000 3.002813e+002
2.252000 3.002755e+002
2.254000 3.002698e+002
2.256000 3.002641e+002
2.258000 3.002586e+002
2.260000 3.002532e+002
2.262000 3.002479e+002
2.264000 3.002427e+002
2.266000 3.002377e+002
2.268000 3.002327e+002
2.270000 3.002278e+002
2.272000 3.002230e+002
2.274000 3.002183e+002
2.276000 3.002137e+002
2.278000 3.002092e+002
2.280000 3.002047e+002
2.282000 3.002004e+002
2.284000 3.001961e+002
2.286000 3.001920e+002
2.288000 3.001879e+002
2.290000 3.001839e+002
2.292000 3.001799e+002
2.294000 3.001761e+002
2.296000 3.001723e+002
2.298000 3.001686e+002
2.300000 3.001650e+002
2.302000 3.001615e+002
2.304000 3.001580e+002
2.306000 3.001546e+002
2.308000 3.001513e+002
2.310000 3.001480e+002
2.312000 3.001448e+002
2.314000 3.001417e+002
2.316000 3.001386e+002
2.318000 3.001356e+002
2.320000 3.001326e+002
2.322000 3.001297e+002
2.324000 3.001269e+002
2.326000 3.001241e+002
2.328000 3.001214e+002
2.330000 3.001188e+002
2.332000 3.001162e+002
2.334000 3.001136e+002
2.336000 3.001111e+002
2.338000 3.001087e+002
2.340000 3.001063e+002
2.342000 3.001039e+002
2.344000 3.001016e+002
2.346000 3.000994e+002
2.348000 3.000972e+002
2.350000 3.000950e+002
2.352000 3.000929e+002
2.354000 3.000908e+002
2.356000 3.000888e+002
2.358000 3.000868e+002
2.360000 3.000849e+002
2.362000 3.000830e+002
2.364000 3.000811e+002
2.366000 3.000793e+002
2.368000 3.000775e+002
2.370000 3.000758e+002
2.372000 3.000741e+002
2.374000 3.000724e+002
2.376000 3.000708e+002
2.378000 3.000692e+002
2.380000 3.000676e+002
2.382000 3.000661e+002
2.384000 3.000646e+002
2.386000 3.000631e+002
2.388000 3.000617e+002
2.390000 3.000603e+002
2.392000 3.000589e+002
2.394000 3.000576e+002
2.396000 3.000563e+002
2.398000 3.000550e+002
2.400000 3.000537e+002
2.402000 3.000525e+002
2.404000 3.000513e+002
2.406000 3.000501e+002
2.408000 3.000489e+002
2.410000 3.000478e+002
2.412000 3.000467e+002
2.414000 3.000456e+002
2.416000 3.000446e+002
2.418000 3.000435e+002
2.420000 3.000425e+002
2.422000 3.000415e+002
2.424000 3.000406e+002
2.426000 3.000396e+002
2.428000 3.000387e+002
2.430000 3.000378e+002
2.432000 3.000369e+002
2.434000 3.000361e+002
2.436000 3.000352e+002
2.438000 3.000344e+002
2.440000 3.000336e+002
2.442000 3.000328e+002
2.444000 3.000320e+002
2.446000 3.000313e+002
2.448000 3.000305e+002
2.450000 3.000298e+002
2.452000 3.000291e+002
2.454000 3.000284e+002
2.456000 3.000277e+002
2.458000 3.000271e+002
2.460000 3.000264e+002
2.462000 3.000258e+002
2.464000 3.000252e+002
2.466000 3.000246e+002
2.468000 3.000240e+002
2.470000 3.000234e+002
2.472000 3.000229e+002
2.474000 3.000223e+002
2.476000 3.000218e+002
2.478000 3.000213e+002
2.480000 3.000207e+002
2.482000 3.000202e+002
2.484000 3.000198e+002
2.486000 3.000193e+002
2.488000 3.000188e+002
2.490000 3.000184e+002
2.492000 3.000179e+002
2.494000 3.000175e+002
2.496000 3.000170e+002
2.498000 3.000166e+002
2.500000 3.000162e+002
2.502000 3.000158e+002
2.504000 3.000154e+002
2.506000 3.000151e+002
2.508000 3.000147e+002
2.510000 3.000143e+002
2.512000 3.000140e+002
2.514000 3.000136e+002
2.516000 3.000133e+002
2.518000 3.000130e+002
2.520000 3.000127e+002
2.522000 3.000123e+002
2.524000 3.000120e+002
2.526000 3.000117e+002
2.528000 3.000115e+002
2.530000 3.000112e+002
2.532000 3.000109e+002
2.534000 3.000106e+002
2.536000 3.000104e+002
2.538000 3.000101e+002
2.540000 3.000098e+002
2.542000 3.000096e+002
2.544000 3.000094e+002
2.546000 3.000091e+002
2.548000 3.000089e+002
2.550000 3.000087e+002
2.552000 3.000085e+002
2.554000 3.000082e+002
2.556000 3.000080e+002
2.558000 3.000078e+002
2.560000 3.000076e+002
2.562000 3.000074e+002
2.564000 3.000073e+002
2.566000 3.000071e+002
2.568000 3.000069e+002
2.570000 3.000067e+002
2.572000 3.000065e+002
2.574000 3.000064e+002
2.576000 3.000062e+002
2.578000 3.000061e+002
2.580000 3.000059e+002
2.582000 3.000058e+002
2.584000 3.000056e+002
2.586000 3.000055e+002
2.588000 3.000053e+002
2.590000 3.000052e+002
2.592000 3.000051e+002
2.594000 3.000049e+002
2.596000 3.000048e+002
2.598000 3.000047e+002
2.600000 3.000045e+002
2.602000 3.000044e+002
2.604000 3.000043e+002
2.606000 3.000042e+002
2.608000 3.000041e+002
2.610000 3.000040e+002
2.612000 3.000039e+002
2.614000 3.000038e+002
2.616000 3.000037e+002
2.618000 3.000036e+002
2.620000 3.000035e+002
2.622000 3.000034e+002
2.624000 3.000033e+002
2.626000 3.000032e+002
2.628000 3.000031e+002
2.630000 3.000031e+002
2.632000 3.000030e+002
2.634000 3.000029e+002
2.636000 3.000028e+002
2.638000 3.000028e+002
2.640000 3.000027e+002
2.642000 3.000026e+002
2.644000 3.000025e+002
2.646000 3.000025e+002
2.648000 3.000024e+002
2.650000 3.000023e+002
2.652000 3.000023e+002
2.654000 3.000022e+002
2.656000 3.000022e+002
2.658000 3.000021e+002
2.660000 3.000020e+002
2.662000 3.000020e+002
2.664000 3.000019e+002
2.666000 3.000019e+002
2.668000 3.000018e+002
2.670000 3.000018e+002
2.672000 3.000017e+002
2.674000 3.000017e+002
2.676000 3.000016e+002
2.678000 3.000016e+002
2.680000 3.000016e+002
2.682000 3.000015e+002
2.684000 3.000015e+002
2.686000 3.000014e+002
2.688000 3.000014e+002
2.690000 3.000014e+002
2.692000 3.000013e+002
2.694000 3.000013e+002
2.696000 3.000013e+002
2.698000 3.000012e+002
2.700000 3.000012e+002
2.702000 3.000012e+002
2.704000 3.000011e+002
2.706000 3.000011e+002
2.708000 3.000011e+002
2.710000 3.000010e+002
2.712000 3.000010e+002
2.714000 3.000010e+002
2.716000 3.000009e+002
2.718000 3.000009e+002
2.720000 3.000009e+002
2.722000 3.000009e+002
2.724000 3.000008e+002
2.726000 3.000008e+002
2.728000 3.000008e+002
2.730000 3.000008e+002
2.732000 3.000008e+002
2.734000 3.000007e+002
2.736000 3.000007e+002
2.738000 3.000007e+002
2.740000 3.000007e+002
2.742000 3.000007e+002
2.744000 3.000006e+002
2.746000 3.000006e+002
2.748000 3.000006e+002
2.750000 3.000006e+002
2.752000 3.000006e+002
2.754000 3.000006e+002
2.756000 3.000005e+002
2.758000 3.000005e+002
2.760000 3.000005e+002
2.762000 3.000005e+002
2.764000 3.000005e+002
2.766000 3.000005e+002
2.768000 3.000005e+002
2.770000 3.000004e+002
2.772000 3.000004e+002
2.774000 3.000004e+002
2.776000 3.000004e+002
2.778000 3.000004e+002
2.780000 3.000004e+002
2.782000 3.000004e+002
2.784000 3.000004e+002
2.786000 3.000003e+002
2.788000 3.000003e+002
2.790000 3.000003e+002
2.792000 3.000003e+002
2.794000 3.000003e+002
2.796000 3.000003e+002
2.798000 3.000003e+002
2.800000 3.000003e+002
2.802000 3.000003e+002
2.804000 3.000003e+002
2.806000 3.000003e+002
2.808000 3.000003e+002
2.810000 3.000002e+002
2.812000 3.000002e+002
2.814000 3.000002e+002
2.816000 3.000002e+002
2.818000 3.000002e+002
2.820000 3.000002e+002
2.822000 3.000002e+002
2.824000 3.000002e+002
2.826000 3.000002e+002
2.828000 3.000002e+002
2.830000 3.000002e+002
2.832000 3.000002e+002
2.834000 3.000002e+002
2.836000 3.000002e+002
2.838000 3.000002e+002
2.840000 3.000002e+002
2.842000 3.000002e+002
2.844000 3.000001e+002
2.846000 3.000001e+002
2.848000 3.000001e+002
2.850000 3.000001e+002
2.852000 3.000001e+002
2.854000 3.000001e+002
2.856000 3.000001e+002
2.858000 3.000001e+002
2.860000 3.000001e+002
2.862000 3.000001e+002
2.864000 3.000001e+002
2.866000 3.000001e+002
2.868000 3.000001e+002
2.870000 3.000001e+002
2.872000 3.000001e+002
2.874000 3.000001e+002
2.876000 3.000001e+002
2.878000 3.000001e+002
2.880000 3.000001e+002
2.882000 3.000001e+002
2.884000 3.000001e+002
2.886000 3.000001e+002
2.888000 3.000001e+002
2.890000 3.000001e+002
2.892000 3.000001e+002
2.894000 3.000001e+002
2.896000 3.000001e+002
2.898000 3.000001e+002
2.900000 3.000001e+002
2.902000 3.000001e+002
2.904000 3.000001e+002
2.906000 3.000001e+002
2.908000 3.000001e+002
2.910000 3.000001e+002
2.912000 3.000001e+002
2.914000 3.000001e+002
2.916000 3.000000e+002
2.918000 3.000000e+002
2.920000 3.000000e+002
2.922000 3.000000e+002
2.924000 3.000000e+002
2.926000 3.000000e+002
2.928000 3.000000e+002
2.930000 3.000000e+002
2.932000 3.000000e+002
2.934000 3.000000e+002
2.936000 3.000000e+002
2.938000 3.000000e+002
2.940000 3.000000e+002
2.942000 3.000000e+002
2.944000 3.000000e+002
2.946000 3.000000e+002
2.948000 3.000000e+002
2.950000 3.000000e+002
2.952000 3.000000e+002
2.954000 3.000000e+002
2.956000 3.000000e+002
2.958000 3.000000e+002
2.960000 3.000000e+002
2.962000 3.000000e+002
2.964000 3.000000e+002
2.966000 3.000000e+002
2.968000 3.000000e+002
2.970000 3.000000e+002
2.972000 3.000000e+002
2.974000 3.000000e+002
2.976000 3.000000e+002
2.978000 3.000000e+002
2.980000 3.000000e+002
2.982000 3.000000e+002
2.984000 3.000000e+002
2.986000 3.000000e+002
2.988000 3.000000e+002
2.990000 3.000000e+002
2.992000 3.000000e+002
2.994000 3.000000e+002
2.996000 3.000000e+002
2.998000 3.000000e+002
3.000000 3.000000e+002
3.002000 3.000000e+002
3.004000 3.000000e+002
3.006000 3.000000e+002
3.008000 3.000000e+002
3.010000 3.000000e+002
3.012000 3.000000e+002
3.014000 3.000000e+002
3.016000 3.000000e+002
3.018000 3.000000e+002
3.020000 3.000000e+002
3.022000 3.000000e+002
3.024000 3.000000e+002
3.026000 3.000000e+002
3.028000 3.000000e+002
3.030000 3.000000e+002
3.032000 3.000000e+002
3.034000 3.000000e+002
3.036000 3.000000e+002
3.038000 3.000000e+002
3.040000 3.000000e+002
3.042000 3.000000e+002
3.044000 3.000000e+002
3.046000 3.000000e+002
3.048000 3.000000e+002
3.050000 3.000000e+002
3.052000 3.000000e+002
3.054000 3.000000e+002
3.056000 3.000000e+002
3.058000 3.000000e+002
3.060000 3.000000e+002
3.062000 3.000000e+002
3.064000 3.000000e+002
3.066000 3.000000e+002
3.068000 3.000000e+002
3.070000 3.000000e+002
3.072000 3.000000e+002
3.074000 3.000000e+002
3.076000 3.000000e+002
3.078000 3.000000e+002
3.080000 3.000000e+002
3.082000 3.000000e+002
3.084000 3.000000e+002
3.086000 3.000000e+002
3.088000 3.000000e+002
3.090000 3.000000e+002
3.092000 3.000000e+002
3.094000 3.000000e+002
3.096000 3.000000e+002
3.098000 3.000000e+002
3.100000 3.000000e+002
3.102000 3.000000e+002
3.104000 3.000000e+002
3.106000 3.000000e+002
3.108000 3.000000e+002
3.110000 3.000000e+002
3.112000 3.000000e+002
3.114000 3.000000e+002
3.116000 3.000000e+002
3.118000 3.000000e+002
3.120000 3.000000e+002
3.122000 3.000000e+002
3.124000 3.000000e+002
3.126000 3.000000e+002
3.128000 3.000000e+002
3.130000 3.000000e+002
3.132000 3.000000e+002
3.134000 3.000000e+002
3.136000 3.000000e+002
3.138000 3.000000e+002
3.140000 3.000000e+002
3.142000 3.000000e+002
3.144000 3.000000e+002
3.146000 3.000000e+002
3.148000 3.000000e+002
3.150000 3.000000e+002
3.152000 3.000000e+002
3.154000 3.000000e+002
3.156000 3.000000e+002
3.158000 3.000000e+002
3.160000 3.000000e+002
3.162000 3.000000e+002
3.164000 3.000000e+002
3.166000 3.000000e+002
3.168000 3.000000e+002
3.170000 3.000000e+002
3.172000 3.000000e+002
3.174000 3.000000e+002
3.176000 3.000000e+002
3.178000 3.000000e+002
3.180000 3.000000e+002
3.182000 3.000000e+002
3.184000 3.000000e+002
3.186000 3.000000e+002
3.188000 3.000000e+002
3.190000 3.000000e+002
3.192000 3.000000e+002
3.194000 3.000000e+002
3.196000 3.000000e+002
3.198000 3.000000e+002
3.200000 3.000000e+002
3.202000 3.000000e+002
3.204000 3.000000e+002
3.206000 3.000000e+002
3.208000 3.000000e+002
3.210000 3.000000e+002
3.212000 3.000000e+002
3.214000 3.000000e+002
3.216000 3.000000e+002
3.218000 3.000000e+002
3.220000 3.000000e+002
3.222000 3.000000e+002
3.224000 3.000000e+002
3.226000 3.000000e+002
3.228000 3.000000e+002
3.230000 3.000000e+002
3.232000 3.000000e+002
3.234000 3.000000e+002
3.236000 3.000000e+002
3.238000 3.000000e+002
3.240000 3.000000e+002
3.242000 3.000000e+002
3.244000 3.000000e+002
3.246000 3.000000e+002
3.248000 3.000000e+002
3.250000 3.000000e+002
3.252000 3.000000e+002
3.254000 3.000000e+002
3.256000 3.000000e+002
3.258000 3.000000e+002
3.260000 3.000000e+002
3.262000 3.000000e+002
3.264000 3.000000e+002
3.266000 3.000000e+002
3.268000 3.000000e+002
3.270000 3.000000e+002
3.272000 3.000000e+002
3.274000 3.000000e+002
3.276000 3.000000e+002
3.278000 3.000000e+002
3.280000 3.000000e+002
3.282000 3.000000e+002
3.284000 3.000000e+002
3.286000 3.000000e+002
3.288000 3.000000e+002
3.290000 3.000000e+002
3.292000 3.000000e+002
3.294000 3.000000e+002
3.296000 3.000000e+002
3.298000 3.000000e+002
3.300000 3.000000e+002
3.302000 3.000000e+002
3.304000 3.000000e+002
3.306000 3.000000e+002
3.308000 3.000000e+002
3.310000 3.000000e+002
3.312000 3.000000e+002
3.314000 3.000000e+002
3.316000 3.000000e+002
3.318000 3.000000e+002
3.320000 3.000000e+002
3.322000 3.000000e+002
3.324000 3.000000e+002
3.326000 3.000000e+002
3.328000 3.000000e+002
3.330000 3.000000e+002
3.332000 3.000000e+002
3.334000 3.000000e+002
3.336000 3.000000e+002
3.338000 3.000000e+002
3.340000 3.000000e+002
3.342000 3.000000e+002
3.344000 3.000000e+002
3.346000 3.000000e+002
3.348000 3.000000e+002
3.350000 3.000000e+002
3.352000 3.000000e+002
3.354000 3.000000e+002
3.356000 3.000000e+002
3.358000 3.000000e+002
3.360000 3.000000e+002
3.362000 3.000000e+002
3.364000 3.000000e+002
3.366000 3.000000e+002
3.368000 3.000000e+002
3.370000 3.000000e+002
3.372000 3.000000e+002
3.374000 3.000000e+002
3.376000 3.000000e+002
3.378000 3.000000e+002
3.380000 3.000000e+002
3.382000 3.000000e+002
3.384000 3.000000e+002
3.386000 3.000000e+002
3.388000 3.000000e+002
3.390000 3.000000e+002
3.392000 3.000000e+002
3.394000 3.000000e+002
3.396000 3.000000e+002
3.398000 3.000000e+002
3.400000 3.000000e+002
3.402000 3.000000e+002
3.404000 3.000000e+002
3.406000 3.000000e+002
3.408000 3.000000e+002
3.410000 3.000000e+002
3.412000 3.000000e+002
3.414000 3.000000e+002
3.416000 3.000000e+002
3.418000 3.000000e+002
3.420000 3.000000e+002
3.422000 3.000000e+002
3.424000 3.000000e+002
3.426000 3.000000e+002
3.428000 3.000000e+002
3.430000 3.000000e+002
3.432000 3.000000e+002
3.434000 3.000000e+002
3.436000 3.000000e+002
3.438000 3.000000e+002
3.440000 3.000000e+002
3.442000 3.000000e+002
3.444000 3.000000e+002
3.446000 3.000000e+002
3.448000 3.000000e+002
3.450000 3.000000e+002
3.452000 3.000000e+002
3.454000 3.000000e+002
3.456000 3.000000e+002
3.458000 3.000000e+002
3.460000 3.000000e+002
3.462000 3.000000e+002
3.464000 3.000000e+002
3.466000 3.000000e+002
3.468000 3.000000e+002
3.470000 3.000000e+002
3.472000 3.000000e+002
3.474000 3.000000e+002
3.476000 3.000000e+002
3.478000 3.000000e+002
3.480000 3.000000e+002
3.482000 3.000000e+002
3.484000 3.000000e+002
3.486000 3.000000e+002
3.488000 3.000000e+002
3.490000 3.000000e+002
3.492000 3.000000e+002
3.494000 3.000000e+002
3.496000 3.000000e+002
3.498000 3.000000e+002
3.500000 3.000000e+002
3.502000 3.000000e+002
3.504000 3.000000e+002
3.506000 3.000000e+002
3.508000 3.000000e+002
3.510000 3.000000e+002
3.512000 3.000000e+002
3.514000 3.000000e+002
3.516000 3.000000e+002
3.518000 3.000000e+002
3.520000 3.000000e+002
3.522000 3.000000e+002
3.524000 3.000000e+002
3.526000 3.000000e+002
3.528000 3.000000e+002
3.530000 3.000000e+002
3.532000 3.000000e+002
3.534000 3.000000e+002
3.536000 3.000000e+002
3.538000 3.000000e+002
3.540000 3.000000e+002
3.542000 3.000000e+002
3.544000 3.000000e+002
3.546000 3.000000e+002
3.548000 3.000000e+002
3.550000 3.000000e+002
3.552000 3.000000e+002
3.554000 3.000000e+002
3.556000 3.000000e+002
3.558000 3.000000e+002
3.560000 3.000000e+002
3.562000 3.000000e+002
3.564000 3.000000e+002
3.566000 3.000000e+002
3.568000 3.000000e+002
3.570000 3.000000e+002
3.572000 3.000000e+002
3.574000 3.000000e+002
3.576000 3.000000e+002
3.578000 3.000000e+002
3.580000 3.000000e+002
3.582000 3.000000e+002
3.584000 3.000000e+002
3.586000 3.000000e+002
3.588000 3.000000e+002
3.590000 3.000000e+002
3.592000 3.000000e+002
3.594000 3.000000e+002
3.596000 3.000000e+002
3.598000 3.000000e+002
3.600000 3.000000e+002
3.602000 3.000000e+002
3.604000 3.000000e+002
3.606000 3.000000e+002
3.608000 3.000000e+002
3.610000 3.000000e+002
3.612000 3.000000e+002
3.614000 3.000000e+002
3.616000 3.000000e+002
3.618000 3.000000e+002
3.620000 3.000000e+002
3.622000 3.000000e+002
3.624000 3.000000e+002
3.626000 3.000000e+002
3.628000 3.000000e+002
3.630000 3.000000e+002
3.632000 3.000000e+002
3.634000 3.000000e+002
3.636000 3.000000e+002
3.638000 3.000000e+002
3.640000 3.000000e+002
3.642000 3.000000e+002
3.644000 3.000000e+002
3.646000 3.000000e+002
3.648000 3.000000e+002
3.650000 3.000000e+002
3.652000 3.000000e+002
3.654000 3.000000e+002
3.656000 3.000000e+002
3.658000 3.000000e+002
3.660000 3.000000e+002
3.662000 3.000000e+002
3.664000 3.000000e+002
3.666000 3.000000e+002
3.668000 3.000000e+002
3.670000 3.000000e+002
3.672000 3.000000e+002
3.674000 3.000000e+002
3.676000 3.000000e+002
3.678000 3.000000e+002
3.680000 3.000000e+002
3.682000 3.000000e+002
3.684000 3.000000e+002
3.686000 3.000000e+002
3.688000 3.000000e+002
3.690000 3.000000e+002
3.692000 3.000000e+002
3.694000 3.000000e+002
3.696000 3.000000e+002
3.698000 3.000000e+002
3.700000 3.000000e+002
3.702000 3.000000e+002
3.704000 3.000000e+002
3.706000 3.000000e+002
3.708000 3.000000e+002
3.710000 3.000000e+002
3.712000 3.000000e+002
3.714000 3.000000e+002
3.716000 3.000000e+002
3.718000 3.000000e+002
3.720000 3.000000e+002
3.722000 3.000000e+002
3.724000 3.000000e+002
3.726000 3.000000e+002
3.728000 3.000000e+002
3.730000 3.000000e+002
3.732000 3.000000e+002
3.734000 3.000000e+002
3.736000 3.000000e+002
3.738000 3.000000e+002
3.740000 3.000000e+002
3.742000 3.000000e+002
3.744000 3.000000e+002
3.746000 3.000000e+002
3.748000 3.000000e+002
3.750000 3.000000e+002
3.752000 3.000000e+002
3.754000 3.000000e+002
3.756000 3.000000e+002
3.758000 3.000000e+002
3.760000 3.000000e+002
3.762000 3.000000e+002
3.764000 3.000000e+002
3.766000 3.000000e+002
3.768000 3.000000e+002
3.770000 3.000000e+002
3.772000 3.000000e+002
3.774000 3.000000e+002
3.776000 3.000000e+002
3.778000 3.000000e+002
3.780000 3.000000e+002
3.782000 3.000000e+002
3.784000 3.000000e+002
3.786000 3.000000e+002
3.788000 3.000000e+002
3.790000 3.000000e+002
3.792000 3.000000e+002
3.794000 3.000000e+002
3.796000 3.000000e+002
3.798000 3.000000e+002
3.800000 3.000000e+002
3.802000 3.000000e+002
3.804000 3.000000e+002
3.806000 3.000000e+002
3.808000 3.000000e+002
3.810000 3.000000e+002
3.812000 3.000000e+002
3.814000 3.000000e+002
3.816000 3.000000e+002
3.818000 3.000000e+002
3.820000 3.000000e+002
3.822000 3.000000e+002
3.824000 3.000000e+002
3.826000 3.000000e+002
3.828000 3.000000e+002
3.830000 3.000000e+002
3.832000 3.000000e+002
3.834000 3.000000e+002
3.836000 3.000000e+002
3.838000 3.000000e+002
3.840000 3.000000e+002
3.842000 3.000000e+002
3.844000 3.000000e+002
3.846000 3.000000e+002
3.848000 3.000000e+002
3.850000 3.000000e+002
3.852000 3.000000e+002
3.854000 3.000000e+002
3.856000 3.000000e+002
3.858000 3.000000e+002
3.860000 3.000000e+002
3.862000 3.000000e+002
3.864000 3.000000e+002
3.866000 3.000000e+002
3.868000 3.000000e+002
3.870000 3.000000e+002
3.872000 3.000000e+002
3.874000 3.000000e+002
3.876000 3.000000e+002
3.878000 3.000000e+002
3.880000 3.000000e+002
3.882000 3.000000e+002
3.884000 3.000000e+002
3.886000 3.000000e+002
3.888000 3.000000e+002
3.890000 3.000000e+002
3.892000 3.000000e+002
3.894000 3.000000e+002
3.896000 3.000000e+002
3.898000 3.000000e+002
3.900000 3.000000e+002
3.902000 3.000000e+002
3.904000 3.000000e+002
3.906000 3.000000e+002
3.908000 3.000000e+002
3.910000 3.000000e+002
3.912000 3.000000e+002
3.914000 3.000000e+002
3.916000 3.000000e+002
3.918000 3.000000e+002
3.920000 3.000000e+002
3.922000 3.000000e+002
3.924000 3.000000e+002
3.926000 3.000000e+002
3.928000 3.000000e+002
3.930000 3.000000e+002
3.932000 3.000000e+002
3.934000 3.000000e+002
3.936000 3.000000e+002
3.938000 3.000000e+002
3.940000 3.000000e+002
3.942000 3.000000e+002
3.944000 3.000000e+002
3.946000 3.000000e+002
3.948000 3.000000e+002
3.950000 3.000000e+002
3.952000 3.000000e+002
3.954000 3.000000e+002
3.956000 3.000000e+002
3.958000 3.000000e+002
3.960000 3.000000e+002
3.962000 3.000000e+002
3.964000 3.000000e+002
3.966000 3.000000e+002
3.968000 3.000000e+002
3.970000 3.000000e+002
3.972000 3.000000e+002
3.974000 3.000000e+002
3.976000 3.000000e+002
3.978000 3.000000e+002
3.980000 3.000000e+002
3.982000 3.000000e+002
3.984000 3.000000e+002
3.986000 3.000000e+002
3.988000 3.000000e+002
3.990000 3.000000e+002
3.992000 3.000000e+002
3.994000 3.000000e+002
3.996000 3.000000e+002
3.998000 3.000000e+002
