0.000000 3.359903e+002
0.002000 3.399791e+002
0.004000 3.439668e+002
0.006000 3.479532e+002
0.008000 3.519383e+002
0.010000 3.559219e+002
0.012000 3.599039e+002
0.014000 3.638843e+002
0.016000 3.678628e+002
0.018000 3.718394e+002
0.020000 3.758140e+002
0.022000 3.797865e+002
0.024000 3.837567e+002
0.026000 3.877245e+002
0.028000 3.916898e+002
0.030000 3.956525e+002
0.032000 3.996125e+002
0.034000 4.035697e+002
0.036000 4.075240e+002
0.038000 4.114752e+002
0.040000 4.154233e+002
0.042000 4.193681e+002
0.044000 4.233095e+002
0.046000 4.272474e+002
0.048000 4.311817e+002
0.050000 4.351123e+002
0.052000 4.390390e+002
0.054000 4.429618e+002
0.056000 4.468806e+002
0.058000 4.507952e+002
0.060000 4.547056e+002
0.062000 4.586115e+002
0.064000 4.625130e+002
0.066000 4.664098e+002
0.068000 4.703020e+002
0.070000 4.741893e+002
0.072000 4.780717e+002
0.074000 4.819491e+002
0.076000 4.858213e+002
0.078000 4.896883e+002
0.080000 4.935499e+002
0.082000 4.974060e+002
0.084000 5.012566e+002
0.086000 5.051014e+002
0.088000 5.089405e+002
0.090000 5.127737e+002
0.092000 5.166008e+002
0.094000 5.204219e+002
0.096000 5.242367e+002
0.098000 5.280452e+002
0.100000 5.318473e+002
0.102000 5.356429e+002
0.104000 5.394318e+002
0.106000 5.432139e+002
0.108000 5.469893e+002
0.110000 5.507576e+002
0.112000 5.545189e+002
0.114000 5.582731e+002
0.116000 5.620200e+002
0.118000 5.657595e+002
0.120000 5.694915e+002
0.122000 5.732160e+002
0.124000 5.769328e+002
0.126000 5.806419e+002
0.128000 5.843430e+002
0.130000 5.880362e+002
0.132000 5.917214e+002
0.134000 5.953983e+002
0.136000 5.990670e+002
0.138000 6.027273e+002
0.140000 6.063792e+002
0.142000 6.100224e+002
0.144000 6.136570e+002
0.146000 6.172829e+002
0.148000 6.208999e+002
0.150000 6.245079e+002
0.152000 6.281069e+002
0.154000 6.316967e+002
0.156000 6.352773e+002
0.158000 6.388485e+002
0.160000 6.424104e+002
0.162000 6.459626e+002
0.164000 6.495053e+002
0.166000 6.530383e+002
0.168000 6.565614e+002
0.170000 6.600747e+002
0.172000 6.635779e+002
0.174000 6.670711e+002
0.176000 6.705541e+002
0.178000 6.740268e+002
0.180000 6.774892e+002
0.182000 6.809412e+002
0.184000 6.843826e+002
0.186000 6.878134e+002
0.188000 6.912334e+002
0.190000 6.946427e+002
0.192000 6.980411e+002
0.194000 7.014286e+002
0.196000 7.048049e+002
0.198000 7.081702e+002
0.200000 7.115242e+002
0.202000 7.148669e+002
0.204000 7.181982e+002
0.206000 7.215180e+002
0.208000 7.248263e+002
0.210000 7.281229e+002
0.212000 7.314078e+002
0.214000 7.346808e+002
0.216000 7.379420e+002
0.218000 7.411912e+002
0.220000 7.444284e+002
0.222000 7.476534e+002
0.224000 7.508663e+002
0.226000 7.540668e+002
0.228000 7.572550e+002
0.230000 7.604307e+002
0.232000 7.635939e+002
0.234000 7.667445e+002
0.236000 7.698825e+002
0.238000 7.730077e+002
0.240000 7.761201e+002
0.242000 7.792196e+002
0.244000 7.823061e+002
0.246000 7.853796e+002
0.248000 7.884399e+002
0.250000 7.914871e+002
0.252000 7.945210e+002
0.254000 7.975416e+002
0.256000 8.005488e+002
0.258000 8.035426e+002
0.260000 8.065228e+002
0.262000 8.094894e+002
0.264000 8.124423e+002
0.266000 8.153815e+002
0.268000 8.183069e+002
0.270000 8.212185e+002
0.272000 8.241160e+002
0.274000 8.269996e+002
0.276000 8.298692e+002
0.278000 8.327246e+002
0.280000 8.355658e+002
0.282000 8.383928e+002
0.284000 8.412054e+002
0.286000 8.440037e+002
0.288000 8.467875e+002
0.290000 8.495569e+002
0.292000 8.523117e+002
0.294000 8.550519e+002
0.296000 8.577774e+002
0.298000 8.604882e+002
0.300000 8.631842e+002
0.302000 8.658653e+002
0.304000 8.685316e+002
0.306000 8.711829e+002
0.308000 8.738193e+002
0.310000 8.764405e+002
0.312000 8.790467e+002
0.314000 8.816377e+002
0.316000 8.842134e+002
0.318000 8.867740e+002
0.320000 8.893192e+002
0.322000 8.918490e+002
0.324000 8.943634e+002
0.326000 8.968624e+002
0.328000 8.993458e+002
0.330000 9.018137e+002
0.332000 9.042660e+002
0.334000 9.067026e+002
0.336000 9.091236e+002
0.338000 9.115288e+002
0.340000 9.139182e+002
0.342000 9.162918e+002
0.344000 9.186495e+002
0.346000 9.209913e+002
0.348000 9.233172e+002
0.350000 9.256271e+002
0.352000 9.279209e+002
0.354000 9.301987e+002
0.356000 9.324603e+002
0.358000 9.347058e+002
0.360000 9.369351e+002
0.362000 9.391482e+002
0.364000 9.413451e+002
0.366000 9.435256e+002
0.368000 9.456898e+002
0.370000 9.478377e+002
0.372000 9.499691e+002
0.374000 9.520841e+002
0.376000 9.541827e+002
0.378000 9.562647e+002
0.380000 9.583303e+002
0.382000 9.603793e+002
0.384000 9.624117e+002
0.386000 9.644274e+002
0.388000 9.664266e+002
0.390000 9.684090e+002
0.392000 9.703748e+002
0.394000 9.723239e+002
0.396000 9.742562e+002
0.398000 9.761717e+002
0.400000 9.780705e+002
0.402000 9.799524e+002
0.404000 9.818174e+002
0.406000 9.836656e+002
0.408000 9.854970e+002
0.410000 9.873114e+002
0.412000 9.891088e+002
0.414000 9.908894e+002
0.416000 9.926529e+002
0.418000 9.943995e+002
0.420000 9.961291e+002
0.422000 9.978416e+002
0.424000 9.995371e+002
0.426000 1.001216e+003
0.428000 1.002877e+003
0.430000 1.004521e+003
0.432000 1.006148e+003
0.434000 1.007759e+003
0.436000 1.009351e+003
0.438000 1.010927e+003
0.440000 1.012486e+003
0.442000 1.014028e+003
0.444000 1.015552e+003
0.446000 1.017059e+003
0.448000 1.018549e+003
0.450000 1.020022e+003
0.452000 1.021477e+003
0.454000 1.022916e+003
0.456000 1.024337e+003
0.458000 1.025741e+003
0.460000 1.027128e+003
0.462000 1.028497e+003
0.464000 1.029849e+003
0.466000 1.031184e+003
0.468000 1.032502e+003
0.470000 1.033803e+003
0.472000 1.035086e+003
0.474000 1.036352e+003
0.476000 1.037601e+003
0.478000 1.038833e+003
0.480000 1.040047e+003
0.482000 1.041244e+003
0.484000 1.042424e+003
0.486000 1.043586e+003
0.488000 1.044732e+003
0.490000 1.045860e+003
0.492000 1.046971e+003
0.494000 1.048065e+003
0.496000 1.049141e+003
0.498000 1.050201e+003
0.500000 1.051243e+003
0.502000 1.052268e+003
0.504000 1.053276e+003
0.506000 1.054266e+003
0.508000 1.055240e+003
0.510000 1.056196e+003
0.512000 1.057135e+003
0.514000 1.058057e+003
0.516000 1.058962e+003
0.518000 1.059850e+003
0.520000 1.060721e+003
0.522000 1.061574e+003
0.524000 1.062411e+003
0.526000 1.063231e+003
0.528000 1.064033e+003
0.530000 1.064819e+003
0.532000 1.065587e+003
0.534000 1.066339e+003
0.536000 1.067073e+003
0.538000 1.067791e+003
0.540000 1.068492e+003
0.542000 1.069176e+003
0.544000 1.069843e+003
0.546000 1.070493e+003
0.548000 1.071126e+003
0.550000 1.071742e+003
0.552000 1.072342e+003
0.554000 1.072925e+003
0.556000 1.073491e+003
0.558000 1.074041e+003
0.560000 1.074573e+003
0.562000 1.075089e+003
0.564000 1.075589e+003
0.566000 1.076072e+003
0.568000 1.076538e+003
0.570000 1.076987e+003
0.572000 1.077420e+003
0.574000 1.077837e+003
0.576000 1.078237e+003
0.578000 1.078621e+003
0.580000 1.078988e+003
0.582000 1.079339e+003
0.584000 1.079673e+003
0.586000 1.079992e+003
0.588000 1.080293e+003
0.590000 1.080579e+003
0.592000 1.080848e+003
0.594000 1.081101e+003
0.596000 1.081338e+003
0.598000 1.081559e+003
0.600000 1.081764e+003
0.602000 1.081953e+003
0.604000 1.082126e+003
0.606000 1.082282e+003
0.608000 1.082423e+003
0.610000 1.082548e+003
0.612000 1.082657e+003
0.614000 1.082750e+003
0.616000 1.082827e+003
0.618000 1.082889e+003
0.620000 1.082935e+003
0.622000 1.082965e+003
0.624000 1.082980e+003
0.626000 1.082979e+003
0.628000 1.082962e+003
0.630000 1.082930e+003
0.632000 1.082883e+003
0.634000 1.082820e+003
0.636000 1.082741e+003
0.638000 1.082648e+003
0.640000 1.082539e+003
0.642000 1.082415e+003
0.644000 1.082275e+003
0.646000 1.082121e+003
0.648000 1.081951e+003
0.650000 1.081766e+003
0.652000 1.081567e+003
0.654000 1.081352e+003
0.656000 1.081122e+003
0.658000 1.080878e+003
0.660000 1.080618e+003
0.662000 1.080344e+003
0.664000 1.080056e+003
0.666000 1.079752e+003
0.668000 1.079434e+003
0.670000 1.079101e+003
0.672000 1.078754e+003
0.674000 1.078393e+003
0.676000 1.078016e+003
0.678000 1.077626e+003
0.680000 1.077221e+003
0.682000 1.076802e+003
0.684000 1.076369e+003
0.686000 1.075922e+003
0.688000 1.075460e+003
0.690000 1.074985e+003
0.692000 1.074495e+003
0.694000 1.073992e+003
0.696000 1.073475e+003
0.698000 1.072943e+003
0.700000 1.072399e+003
0.702000 1.071840e+003
0.704000 1.071268e+003
0.706000 1.070682e+003
0.708000 1.070082e+003
0.710000 1.069470e+003
0.712000 1.068843e+003
0.714000 1.068204e+003
0.716000 1.067551e+003
0.718000 1.066885e+003
0.720000 1.066205e+003
0.722000 1.065513e+003
0.724000 1.064807e+003
0.726000 1.064089e+003
0.728000 1.063357e+003
0.730000 1.062613e+003
0.732000 1.061856e+003
0.734000 1.061086e+003
0.736000 1.060303e+003
0.738000 1.059508e+003
0.740000 1.058700e+003
0.742000 1.057880e+003
0.744000 1.057047e+003
0.746000 1.056202e+003
0.748000 1.055344e+003
0.750000 1.054474e+003
0.752000 1.053592e+003
0.754000 1.052698e+003
0.756000 1.051792e+003
0.758000 1.050874e+003
0.760000 1.049944e+003
0.762000 1.049002e+003
0.764000 1.048048e+003
0.766000 1.047083e+003
0.768000 1.046106e+003
0.770000 1.045117e+003
0.772000 1.044117e+003
0.774000 1.043105e+003
0.776000 1.042082e+003
0.778000 1.041048e+003
0.780000 1.040002e+003
0.782000 1.038945e+003
0.784000 1.037877e+003
0.786000 1.036798e+003
0.788000 1.035708e+003
0.790000 1.034607e+003
0.792000 1.033495e+003
0.794000 1.032373e+003
0.796000 1.031239e+003
0.798000 1.030095e+003
0.800000 1.028941e+003
0.802000 1.027776e+003
0.804000 1.026600e+003
0.806000 1.025414e+003
0.808000 1.024218e+003
0.810000 1.023012e+003
0.812000 1.021795e+003
0.814000 1.020569e+003
0.816000 1.019332e+003
0.818000 1.018085e+003
0.820000 1.016829e+003
0.822000 1.015563e+003
0.824000 1.014287e+003
0.826000 1.013001e+003
0.828000 1.011706e+003
0.830000 1.010401e+003
0.832000 1.009087e+003
0.834000 1.007764e+003
0.836000 1.006431e+003
0.838000 1.005089e+003
0.840000 1.003737e+003
0.842000 1.002377e+003
0.844000 1.001008e+003
0.846000 9.996297e+002
0.848000 9.982426e+002
0.850000 9.968467e+002
0.852000 9.954422e+002
0.854000 9.940290e+002
0.856000 9.926072e+002
0.858000 9.911769e+002
0.860000 9.897382e+002
0.862000 9.882912e+002
0.864000 9.868358e+002
0.866000 9.853723e+002
0.868000 9.839007e+002
0.870000 9.824210e+002
0.872000 9.809333e+002
0.874000 9.794377e+002
0.876000 9.779343e+002
0.878000 9.764232e+002
0.880000 9.749044e+002
0.882000 9.733779e+002
0.884000 9.718439e+002
0.886000 9.703025e+002
0.888000 9.687537e+002
0.890000 9.671975e+002
0.892000 9.656342e+002
0.894000 9.640636e+002
0.896000 9.624860e+002
0.898000 9.609014e+002
0.900000 9.593098e+002
0.902000 9.577114e+002
0.904000 9.561062e+002
0.906000 9.544942e+002
0.908000 9.528756e+002
0.910000 9.512505e+002
0.912000 9.496188e+002
0.914000 9.479808e+002
0.916000 9.463364e+002
0.918000 9.446857e+002
0.920000 9.430289e+002
0.922000 9.413659e+002
0.924000 9.396968e+002
0.926000 9.380218e+002
0.928000 9.363409e+002
0.930000 9.346542e+002
0.932000 9.329617e+002
0.934000 9.312636e+002
0.936000 9.295599e+002
0.938000 9.278506e+002
0.940000 9.261358e+002
0.942000 9.244157e+002
0.944000 9.226903e+002
0.946000 9.209597e+002
0.948000 9.192239e+002
0.950000 9.174830e+002
0.952000 9.157371e+002
0.954000 9.139863e+002
0.956000 9.122306e+002
0.958000 9.104701e+002
0.960000 9.087049e+002
0.962000 9.069350e+002
0.964000 9.051606e+002
0.966000 9.033817e+002
0.968000 9.015983e+002
0.970000 8.998106e+002
0.972000 8.980187e+002
0.974000 8.962225e+002
0.976000 8.944222e+002
0.978000 8.926178e+002
0.980000 8.908094e+002
0.982000 8.889972e+002
0.984000 8.871810e+002
0.986000 8.853611e+002
0.988000 8.835375e+002
0.990000 8.817103e+002
0.992000 8.798795e+002
0.994000 8.780452e+002
0.996000 8.762075e+002
0.998000 8.743665e+002
1.000000 8.725222e+002
1.002000 8.706747e+002
1.004000 8.688240e+002
1.006000 8.669703e+002
1.008000 8.651136e+002
1.010000 8.632540e+002
1.012000 8.613916e+002
1.014000 8.595263e+002
1.016000 8.576584e+002
1.018000 8.557878e+002
1.020000 8.539146e+002
1.022000 8.520389e+002
1.024000 8.501608e+002
1.026000 8.482803e+002
1.028000 8.463976e+002
1.030000 8.445126e+002
1.032000 8.426254e+002
1.034000 8.407362e+002
1.036000 8.388449e+002
1.038000 8.369517e+002
1.040000 8.350566e+002
1.042000 8.331596e+002
1.044000 8.312610e+002
1.046000 8.293606e+002
1.048000 8.274586e+002
1.050000 8.255551e+002
1.052000 8.236500e+002
1.054000 8.217436e+002
1.056000 8.198358e+002
1.058000 8.179267e+002
1.060000 8.160164e+002
1.062000 8.141049e+002
1.064000 8.121924e+002
1.066000 8.102788e+002
1.068000 8.083642e+002
1.070000 8.064488e+002
1.072000 8.045325e+002
1.074000 8.026154e+002
1.076000 8.006977e+002
1.078000 7.987792e+002
1.080000 7.968603e+002
1.082000 7.949408e+002
1.084000 7.930208e+002
1.086000 7.911004e+002
1.088000 7.891798e+002
1.090000 7.872588e+002
1.092000 7.853376e+002
1.094000 7.834163e+002
1.096000 7.814949e+002
1.098000 7.795735e+002
1.100000 7.776522e+002
1.102000 7.757309e+002
1.104000 7.738098e+002
1.106000 7.718888e+002
1.108000 7.699682e+002
1.110000 7.680479e+002
1.112000 7.661280e+002
1.114000 7.642086e+002
1.116000 7.622897e+002
1.118000 7.603713e+002
1.120000 7.584536e+002
1.122000 7.565365e+002
1.124000 7.546202e+002
1.126000 7.527047e+002
1.128000 7.507901e+002
1.130000 7.488763e+002
1.132000 7.469636e+002
1.134000 7.450518e+002
1.136000 7.431412e+002
1.138000 7.412317e+002
1.140000 7.393233e+002
1.142000 7.374163e+002
1.144000 7.355105e+002
1.146000 7.336060e+002
1.148000 7.317030e+002
1.150000 7.298015e+002
1.152000 7.279014e+002
1.154000 7.260029e+002
1.156000 7.241061e+002
1.158000 7.222109e+002
1.160000 7.203174e+002
1.162000 7.184257e+002
1.164000 7.165358e+002
1.166000 7.146479e+002
1.168000 7.127618e+002
1.170000 7.108777e+002
1.172000 7.089957e+002
1.174000 7.071157e+002
1.176000 7.052378e+002
1.178000 7.033622e+002
1.180000 7.014887e+002
1.182000 6.996175e+002
1.184000 6.977487e+002
1.186000 6.958822e+002
1.188000 6.940181e+002
1.190000 6.921565e+002
1.192000 6.902974e+002
1.194000 6.884408e+002
1.196000 6.865869e+002
1.198000 6.847356e+002
1.200000 6.828870e+002
1.202000 6.810411e+002
1.204000 6.791980e+002
1.206000 6.773577e+002
1.208000 6.755203e+002
1.210000 6.736859e+002
1.212000 6.718543e+002
1.214000 6.700258e+002
1.216000 6.682003e+002
1.218000 6.663779e+002
1.220000 6.645587e+002
1.222000 6.627426e+002
1.224000 6.609297e+002
1.226000 6.591200e+002
1.228000 6.573137e+002
1.230000 6.555106e+002
1.232000 6.537110e+002
1.234000 6.519147e+002
1.236000 6.501219e+002
1.238000 6.483326e+002
1.240000 6.465468e+002
1.242000 6.447646e+002
1.244000 6.429860e+002
1.246000 6.412110e+002
1.248000 6.394397e+002
1.250000 6.376721e+002
1.252000 6.359083e+002
1.254000 6.341482e+002
1.256000 6.323920e+002
1.258000 6.306396e+002
1.260000 6.288911e+002
1.262000 6.271465e+002
1.264000 6.254059e+002
1.266000 6.236693e+002
1.268000 6.219367e+002
1.270000 6.202081e+002
1.272000 6.184837e+002
1.274000 6.167634e+002
1.276000 6.150472e+002
1.278000 6.133352e+002
1.280000 6.116275e+002
1.282000 6.099240e+002
1.284000 6.082247e+002
1.286000 6.065298e+002
1.288000 6.048392e+002
1.290000 6.031530e+002
1.292000 6.014712e+002
1.294000 5.997938e+002
1.296000 5.981209e+002
1.298000 5.964525e+002
1.300000 5.947885e+002
1.302000 5.931291e+002
1.304000 5.914743e+002
1.306000 5.898241e+002
1.308000 5.881785e+002
1.310000 5.865375e+002
1.312000 5.849012e+002
1.314000 5.832696e+002
1.316000 5.816427e+002
1.318000 5.800206e+002
1.320000 5.784032e+002
1.322000 5.767906e+002
1.324000 5.751829e+002
1.326000 5.735800e+002
1.328000 5.719819e+002
1.330000 5.703887e+002
1.332000 5.688005e+002
1.334000 5.672171e+002
1.336000 5.656388e+002
1.338000 5.640654e+002
1.340000 5.624969e+002
1.342000 5.609335e+002
1.344000 5.593752e+002
1.346000 5.578218e+002
1.348000 5.562736e+002
1.350000 5.547304e+002
1.352000 5.531924e+002
1.354000 5.516595e+002
1.356000 5.501317e+002
1.358000 5.486091e+002
1.360000 5.470916e+002
1.362000 5.455794e+002
1.364000 5.440724e+002
1.366000 5.425706e+002
1.368000 5.410741e+002
1.370000 5.395828e+002
1.372000 5.380968e+002
1.374000 5.366161e+002
1.376000 5.351407e+002
1.378000 5.336706e+002
1.380000 5.322058e+002
1.382000 5.307464e+002
1.384000 5.292924e+002
1.386000 5.278437e+002
1.388000 5.264005e+002
1.390000 5.249626e+002
1.392000 5.235301e+002
1.394000 5.221031e+002
1.396000 5.206815e+002
1.398000 5.192653e+002
1.400000 5.178546e+002
1.402000 5.164494e+002
1.404000 5.150496e+002
1.406000 5.136554e+002
1.408000 5.122666e+002
1.410000 5.108833e+002
1.412000 5.095056e+002
1.414000 5.081333e+002
1.416000 5.067666e+002
1.418000 5.054055e+002
1.420000 5.040499e+002
1.422000 5.026998e+002
1.424000 5.013553e+002
1.426000 5.000164e+002
1.428000 4.986830e+002
1.430000 4.973553e+002
1.432000 4.960331e+002
1.434000 4.947165e+002
1.436000 4.934055e+002
1.438000 4.921001e+002
1.440000 4.908003e+002
1.442000 4.895061e+002
1.444000 4.882176e+002
1.446000 4.869346e+002
1.448000 4.856573e+002
1.450000 4.843856e+002
1.452000 4.831195e+002
1.454000 4.818591e+002
1.456000 4.806043e+002
1.458000 4.793552e+002
1.460000 4.781116e+002
1.462000 4.768737e+002
1.464000 4.756415e+002
1.466000 4.744149e+002
1.468000 4.731939e+002
1.470000 4.719786e+002
1.472000 4.707689e+002
1.474000 4.695649e+002
1.476000 4.683665e+002
1.478000 4.671738e+002
1.480000 4.659867e+002
1.482000 4.648052e+002
1.484000 4.636294e+002
1.486000 4.624592e+002
1.488000 4.612946e+002
1.490000 4.601357e+002
1.492000 4.589824e+002
1.494000 4.578348e+002
1.496000 4.566928e+002
1.498000 4.555563e+002
1.500000 4.544256e+002
1.502000 4.533004e+002
1.504000 4.521808e+002
1.506000 4.510669e+002
1.508000 4.499585e+002
1.510000 4.488558e+002
1.512000 4.477586e+002
1.514000 4.466670e+002
1.516000 4.455811e+002
1.518000 4.445006e+002
1.520000 4.434258e+002
1.522000 4.423566e+002
1.524000 4.412929e+002
1.526000 4.402347e+002
1.528000 4.391821e+002
1.530000 4.381351e+002
1.532000 4.370935e+002
1.534000 4.360575e+002
1.536000 4.350271e+002
1.538000 4.340021e+002
1.540000 4.329827e+002
1.542000 4.319687e+002
1.544000 4.309602e+002
1.546000 4.299572e+002
1.548000 4.289597e+002
1.550000 4.279677e+002
1.552000 4.269811e+002
1.554000 4.259999e+002
1.556000 4.250242e+002
1.558000 4.240539e+002
1.560000 4.230891e+002
1.562000 4.221296e+002
1.564000 4.211755e+002
1.566000 4.202268e+002
1.568000 4.192835e+002
1.570000 4.183456e+002
1.572000 4.174130e+002
1.574000 4.164858e+002
1.576000 4.155639e+002
1.578000 4.146473e+002
1.580000 4.137360e+002
1.582000 4.128300e+002
1.584000 4.119293e+002
1.586000 4.110339e+002
1.588000 4.101438e+002
1.590000 4.092588e+002
1.592000 4.083792e+002
1.594000 4.075047e+002
1.596000 4.066355e+002
1.598000 4.057715e+002
1.600000 4.049126e+002
1.602000 4.040590e+002
1.604000 4.032105e+002
1.606000 4.023671e+002
1.608000 4.015289e+002
1.610000 4.006958e+002
1.612000 3.998678e+002
1.614000 3.990448e+002
1.616000 3.982270e+002
1.618000 3.974142e+002
1.620000 3.966065e+002
1.622000 3.958038e+002
1.624000 3.950061e+002
1.626000 3.942135e+002
1.628000 3.934258e+002
1.630000 3.926431e+002
1.632000 3.918654e+002
1.634000 3.910926e+002
1.636000 3.903247e+002
1.638000 3.895617e+002
1.640000 3.888037e+002
1.642000 3.880505e+002
1.644000 3.873022e+002
1.646000 3.865588e+002
1.648000 3.858201e+002
1.650000 3.850863e+002
1.652000 3.843573e+002
1.654000 3.836331e+002
1.656000 3.829137e+002
1.658000 3.821990e+002
1.660000 3.814890e+002
1.662000 3.807838e+002
1.664000 3.800833e+002
1.666000 3.793874e+002
1.668000 3.786962e+002
1.670000 3.780097e+002
1.672000 3.773278e+002
1.674000 3.766506e+002
1.676000 3.759779e+002
1.678000 3.753098e+002
1.680000 3.746463e+002
1.682000 3.739873e+002
1.684000 3.733329e+002
1.686000 3.726829e+002
1.688000 3.720375e+002
1.690000 3.713965e+002
1.692000 3.707600e+002
1.694000 3.701280e+002
1.696000 3.695004e+002
1.698000 3.688771e+002
1.700000 3.682583e+002
1.702000 3.676438e+002
1.704000 3.670337e+002
1.706000 3.664279e+002
1.708000 3.658265e+002
1.710000 3.652293e+002
1.712000 3.646364e+002
1.714000 3.640478e+002
1.716000 3.634634e+002
1.718000 3.628832e+002
1.720000 3.623073e+002
1.722000 3.617355e+002
1.724000 3.611679e+002
1.726000 3.606044e+002
1.728000 3.600451e+002
1.730000 3.594899e+002
1.732000 3.589387e+002
1.734000 3.583917e+002
1.736000 3.578487e+002
1.738000 3.573097e+002
1.740000 3.567747e+002
1.742000 3.562438e+002
1.744000 3.557168e+002
1.746000 3.551938e+002
1.748000 3.546747e+002
1.750000 3.541596e+002
1.752000 3.536483e+002
1.754000 3.531410e+002
1.756000 3.526375e+002
1.758000 3.521378e+002
1.760000 3.516420e+002
1.762000 3.511499e+002
1.764000 3.506617e+002
1.766000 3.501772e+002
1.768000 3.496965e+002
1.770000 3.492195e+002
1.772000 3.487462e+002
1.774000 3.482767e+002
1.776000 3.478107e+002
1.778000 3.473485e+002
1.780000 3.468899e+002
1.782000 3.464348e+002
1.784000 3.459834e+002
1.786000 3.455356e+002
1.788000 3.450913e+002
1.790000 3.446506e+002
1.792000 3.442133e+002
1.794000 3.437796e+002
1.796000 3.433494e+002
1.798000 3.429226e+002
1.800000 3.424993e+002
1.802000 3.420793e+002
1.804000 3.416628e+002
1.806000 3.412497e+002
1.808000 3.408399e+002
1.810000 3.404335e+002
1.812000 3.400304e+002
1.814000 3.396307e+002
1.816000 3.392342e+002
1.818000 3.388410e+002
1.820000 3.384510e+002
1.822000 3.380643e+002
1.824000 3.376808e+002
1.826000 3.373004e+002
1.828000 3.369233e+002
1.830000 3.365493e+002
1.832000 3.361785e+002
1.834000 3.358107e+002
1.836000 3.354461e+002
1.838000 3.350846e+002
1.840000 3.347261e+002
1.842000 3.343706e+002
1.844000 3.340182e+002
1.846000 3.336688e+002
1.848000 3.333224e+002
1.850000 3.329790e+002
1.852000 3.326385e+002
1.854000 3.323009e+002
1.856000 3.319663e+002
1.858000 3.316346e+002
1.860000 3.313057e+002
1.862000 3.309797e+002
1.864000 3.306565e+002
1.866000 3.303362e+002
1.868000 3.300187e+002
1.870000 3.297039e+002
1.872000 3.293920e+002
1.874000 3.290827e+002
1.876000 3.287762e+002
1.878000 3.284725e+002
1.880000 3.281714e+002
1.882000 3.278730e+002
1.884000 3.275773e+002
1.886000 3.272842e+002
1.888000 3.269937e+002
1.890000 3.267059e+002
1.892000 3.264206e+002
1.894000 3.261379e+002
1.896000 3.258578e+002
1.898000 3.255802e+002
1.900000 3.253051e+002
1.902000 3.250326e+002
1.904000 3.247625e+002
1.906000 3.244949e+002
1.908000 3.242297e+002
1.910000 3.239670e+002
1.912000 3.237067e+002
1.914000 3.234488e+002
1.916000 3.231933e+002
1.918000 3.229401e+002
1.920000 3.226893e+002
1.922000 3.224409e+002
1.924000 3.221947e+002
1.926000 3.219509e+002
1.928000 3.217093e+002
1.930000 3.214700e+002
1.932000 3.212330e+002
1.934000 3.209982e+002
1.936000 3.207656e+002
1.938000 3.205352e+002
1.940000 3.203070e+002
1.942000 3.200810e+002
1.944000 3.198571e+002
1.946000 3.196354e+002
1.948000 3.194158e+002
1.950000 3.191983e+002
1.952000 3.189829e+002
1.954000 3.187695e+002
1.956000 3.185582e+002
1.958000 3.183490e+002
1.960000 3.181418e+002
1.962000 3.179366e+002
1.964000 3.177334e+002
1.966000 3.175322e+002
1.968000 3.173329e+002
1.970000 3.171356e+002
1.972000 3.169403e+002
1.974000 3.167468e+002
1.976000 3.165553e+002
1.978000 3.163656e+002
1.980000 3.161779e+002
1.982000 3.159920e+002
1.984000 3.158079e+002
1.986000 3.156257e+002
1.988000 3.154453e+002
1.990000 3.152667e+002
1.992000 3.150898e+002
1.994000 3.149148e+002
1.996000 3.147415e+002
1.998000 3.145700e+002
2.000000 3.144002e+002
2.002000 3.142321e+002
2.004000 3.140657e+002
2.006000 3.139010e+002
2.008000 3.137380e+002
2.010000 3.135766e+002
2.012000 3.134169e+002
2.014000 3.132589e+002
2.016000 3.131024e+002
2.018000 3.129476e+002
2.020000 3.127943e+002
2.022000 3.126427e+002
2.024000 3.124926e+002
2.026000 3.123440e+002
2.028000 3.121970e+002
2.030000 3.120516e+002
2.032000 3.119076e+002
2.034000 3.117651e+002
2.036000 3.116242e+002
2.038000 3.114847e+002
2.040000 3.113467e+002
2.042000 3.112101e+002
2.044000 3.110750e+002
2.046000 3.109413e+002
2.048000 3.108090e+002
2.050000 3.106781e+002
2.052000 3.105486e+002
2.054000 3.104205e+002
2.056000 3.102938e+002
2.058000 3.101684e+002
2.060000 3.100443e+002
2.062000 3.099216e+002
2.064000 3.098002e+002
2.066000 3.096801e+002
2.068000 3.095613e+002
2.070000 3.094438e+002
2.072000 3.093275e+002
2.074000 3.092125e+002
2.076000 3.090988e+002
2.078000 3.089863e+002
2.080000 3.088750e+002
2.082000 3.087650e+002
2.084000 3.086561e+002
2.086000 3.085485e+002
2.088000 3.084420e+002
2.090000 3.083367e+002
2.092000 3.082325e+002
2.094000 3.081296e+002
2.096000 3.080277e+002
2.098000 3.079270e+002
2.100000 3.078274e+002
2.102000 3.077289e+002
2.104000 3.076315e+002
2.106000 3.075352e+002
2.108000 3.074399e+002
2.110000 3.073458e+002
2.112000 3.072527e+002
2.114000 3.071606e+002
2.116000 3.070696e+002
2.118000 3.069796e+002
2.120000 3.068906e+002
2.122000 3.068026e+002
2.124000 3.067157e+002
2.126000 3.066297e+002
2.128000 3.065447e+002
2.130000 3.064606e+002
2.132000 3.063776e+002
2.134000 3.062954e+002
2.136000 3.062143e+002
2.138000 3.061340e+002
2.140000 3.060547e+002
2.142000 3.059763e+002
2.144000 3.058988e+002
2.146000 3.058222e+002
2.148000 3.057464e+002
2.150000 3.056716e+002
2.152000 3.055976e+002
2.154000 3.055245e+002
2.156000 3.054523e+002
2.158000 3.053809e+002
2.160000 3.053103e+002
2.162000 3.052405e+002
2.164000 3.051716e+002
2.166000 3.051035e+002
2.168000 3.050362e+002
2.170000 3.049697e+002
2.172000 3.049039e+002
2.174000 3.048390e+002
2.176000 3.047748e+002
2.178000 3.047114e+002
2.180000 3.046487e+002
2.182000 3.045868e+002
2.184000 3.045256e+002
2.186000 3.044652e+002
2.188000 3.044055e+002
2.190000 3.043465e+002
2.192000 3.042882e+002
2.194000 3.042306e+002
2.196000 3.041737e+002
2.198000 3.041175e+002
2.200000 3.040620e+002
2.202000 3.040071e+002
2.204000 3.039530e+002
2.206000 3.038994e+002
2.208000 3.038466e+002
2.210000 3.037943e+002
2.212000 3.037428e+002
2.214000 3.036918e+002
2.216000 3.036415e+002
2.218000 3.035918e+002
2.220000 3.035427e+002
2.222000 3.034942e+002
2.224000 3.034463e+002
2.226000 3.033990e+002
2.228000 3.033523e+002
2.230000 3.033061e+002
2.232000 3.032606e+002
2.234000 3.032156e+002
2.236000 3.031712e+002
2.238000 3.031273e+002
2.240000 3.030840e+002
2.242000 3.030412e+002
2.244000 3.029989e+002
2.246000 3.029572e+002
2.248000 3.029160e+002
2.250000 3.028754e+002
2.252000 3.028352e+002
2.254000 3.027956e+002
2.256000 3.027564e+002
2.258000 3.027178e+002
2.260000 3.026796e+002
2.262000 3.026419e+002
2.264000 3.026048e+002
2.266000 3.025680e+002
2.268000 3.025318e+002
2.270000 3.024960e+002
2.272000 3.024607e+002
2.274000 3.024258e+002
2.276000 3.023914e+002
2.278000 3.023574e+002
2.280000 3.023239e+002
2.282000 3.022908e+002
2.284000 3.022581e+002
2.286000 3.022259e+002
2.288000 3.021941e+002
2.290000 3.021626e+002
2.292000 3.021316e+002
2.294000 3.021010e+002
2.296000 3.020708e+002
2.298000 3.020410e+002
2.300000 3.020116e+002
2.302000 3.019826e+002
2.304000 3.019539e+002
2.306000 3.019257e+002
2.308000 3.018978e+002
2.310000 3.018703e+002
2.312000 3.018431e+002
2.314000 3.018163e+002
2.316000 3.017899e+002
2.318000 3.017638e+002
2.320000 3.017380e+002
2.322000 3.017126e+002
2.324000 3.016875e+002
2.326000 3.016628e+002
2.328000 3.016384e+002
2.330000 3.016144e+002
2.332000 3.015906e+002
2.334000 3.015672e+002
2.336000 3.015441e+002
2.338000 3.015213e+002
2.340000 3.014988e+002
2.342000 3.014766e+002
2.344000 3.014547e+002
2.346000 3.014331e+002
2.348000 3.014118e+002
2.350000 3.013908e+002
2.352000 3.013701e+002
2.354000 3.013497e+002
2.356000 3.013295e+002
2.358000 3.013097e+002
2.360000 3.012900e+002
2.362000 3.012707e+002
2.364000 3.012516e+002
2.366000 3.012328e+002
2.368000 3.012143e+002
2.370000 3.011960e+002
2.372000 3.011780e+002
2.374000 3.011602e+002
2.376000 3.011426e+002
2.378000 3.011253e+002
2.380000 3.011083e+002
2.382000 3.010915e+002
2.384000 3.010749e+002
2.386000 3.010585e+002
2.388000 3.010424e+002
2.390000 3.010265e+002
2.392000 3.010108e+002
2.394000 3.009954e+002
2.396000 3.009801e+002
2.398000 3.009651e+002
2.400000 3.009503e+002
2.402000 3.009357e+002
2.404000 3.009213e+002
2.406000 3.009071e+002
2.408000 3.008931e+002
2.410000 3.008794e+002
2.412000 3.008658e+002
2.414000 3.008524e+002
2.416000 3.008392e+002
2.418000 3.008261e+002
2.420000 3.008133e+002
2.422000 3.008007e+002
2.424000 3.007882e+002
2.426000 3.007759e+002
2.428000 3.007638e+002
2.430000 3.007519e+002
2.432000 3.007401e+002
2.434000 3.007285e+002
2.436000 3.007171e+002
2.438000 3.007058e+002
2.440000 3.006947e+002
2.442000 3.006838e+002
2.444000 3.006730e+002
2.446000 3.006624e+002
2.448000 3.006520e+002
2.450000 3.006416e+002
2.452000 3.006315e+002
2.454000 3.006215e+002
2.456000 3.006116e+002
2.458000 3.006019e+002
2.460000 3.005923e+002
2.462000 3.005829e+002
2.464000 3.005736e+002
2.466000 3.005644e+002
2.468000 3.005554e+002
2.470000 3.005465e+002
2.472000 3.005378e+002
2.474000 3.005292e+002
2.476000 3.005207e+002
2.478000 3.005123e+002
2.480000 3.005040e+002
2.482000 3.004959e+002
2.484000 3.004879e+002
2.486000 3.004800e+002
2.488000 3.004723e+002
2.490000 3.004646e+002
2.492000 3.004571e+002
2.494000 3.004497e+002
2.496000 3.004424e+002
2.498000 3.004352e+002
2.500000 3.004281e+002
2.502000 3.004211e+002
2.504000 3.004143e+002
2.506000 3.004075e+002
2.508000 3.004008e+002
2.510000 3.003943e+002
2.512000 3.003878e+002
2.514000 3.003814e+002
2.516000 3.003752e+002
2.518000 3.003690e+002
2.520000 3.003629e+002
2.522000 3.003569e+002
2.524000 3.003510e+002
2.526000 3.003452e+002
2.528000 3.003395e+002
2.530000 3.003339e+002
2.532000 3.003284e+002
2.534000 3.003229e+002
2.536000 3.003175e+002
2.538000 3.003123e+002
2.540000 3.003071e+002
2.542000 3.003019e+002
2.544000 3.002969e+002
2.546000 3.002919e+002
2.548000 3.002870e+002
2.550000 3.002822e+002
2.552000 3.002775e+002
2.554000 3.002728e+002
2.556000 3.002683e+002
2.558000 3.002637e+002
2.560000 3.002593e+002
2.562000 3.002549e+002
2.564000 3.002506e+002
2.566000 3.002464e+002
2.568000 3.002422e+002
2.570000 3.002381e+002
2.572000 3.002341e+002
2.574000 3.002301e+002
2.576000 3.002262e+002
2.578000 3.002223e+002
2.580000 3.002186e+002
2.582000 3.002148e+002
2.584000 3.002112e+002
2.586000 3.002075e+002
2.588000 3.002040e+002
2.590000 3.002005e+002
2.592000 3.001971e+002
2.594000 3.001937e+002
2.596000 3.001904e+002
2.598000 3.001871e+002
2.600000 3.001839e+002
2.602000 3.001807e+002
2.604000 3.001776e+002
2.606000 3.001745e+002
2.608000 3.001715e+002
2.610000 3.001685e+002
2.612000 3.001656e+002
2.614000 3.001627e+002
2.616000 3.001599e+002
2.618000 3.001571e+002
2.620000 3.001544e+002
2.622000 3.001517e+002
2.624000 3.001490e+002
2.626000 3.001464e+002
2.628000 3.001439e+002
2.630000 3.001413e+002
2.632000 3.001389e+002
2.634000 3.001364e+002
2.636000 3.001340e+002
2.638000 3.001317e+002
2.640000 3.001294e+002
2.642000 3.001271e+002
2.644000 3.001248e+002
2.646000 3.001226e+002
2.648000 3.001205e+002
2.650000 3.001183e+002
2.652000 3.001162e+002
2.654000 3.001142e+002
2.656000 3.001121e+002
2.658000 3.001102e+002
2.660000 3.001082e+002
2.662000 3.001063e+002
2.664000 3.001044e+002
2.666000 3.001025e+002
2.668000 3.001007e+002
2.670000 3.000989e+002
2.672000 3.000971e+002
2.674000 3.000954e+002
2.676000 3.000937e+002
2.678000 3.000920e+002
2.680000 3.000903e+002
2.682000 3.000887e+002
2.684000 3.000871e+002
2.686000 3.000855e+002
2.688000 3.000840e+002
2.690000 3.000825e+002
2.692000 3.000810e+002
2.694000 3.000795e+002
2.696000 3.000781e+002
2.698000 3.000766e+002
2.700000 3.000753e+002
2.702000 3.000739e+002
2.704000 3.000725e+002
2.706000 3.000712e+002
2.708000 3.000699e+002
2.710000 3.000686e+002
2.712000 3.000674e+002
2.714000 3.000661e+002
2.716000 3.000649e+002
2.718000 3.000637e+002
2.720000 3.000626e+002
2.722000 3.000614e+002
2.724000 3.000603e+002
2.726000 3.000592e+002
2.728000 3.000581e+002
2.730000 3.000570e+002
2.732000 3.000560e+002
2.734000 3.000549e+002
2.736000 3.000539e+002
2.738000 3.000529e+002
2.740000 3.000519e+002
2.742000 3.000510e+002
2.744000 3.000500e+002
2.746000 3.000491e+002
2.748000 3.000482e+002
2.750000 3.000473e+002
2.752000 3.000464e+002
2.754000 3.000455e+002
2.756000 3.000447e+002
2.758000 3.000438e+002
2.760000 3.000430e+002
2.762000 3.000422e+002
2.764000 3.000414e+002
2.766000 3.000406e+002
2.768000 3.000399e+002
2.770000 3.000391e+002
2.772000 3.000384e+002
2.774000 3.000377e+002
2.776000 3.000370e+002
2.778000 3.000363e+002
2.780000 3.000356e+002
2.782000 3.000349e+002
2.784000 3.000342e+002
2.786000 3.000336e+002
2.788000 3.000329e+002
2.790000 3.000323e+002
2.792000 3.000317e+002
2.794000 3.000311e+002
2.796000 3.000305e+002
2.798000 3.000299e+002
2.800000 3.000293e+002
2.802000 3.000288e+002
2.804000 3.000282e+002
2.806000 3.000277e+002
2.808000 3.000272e+002
2.810000 3.000266e+002
2.812000 3.000261e+002
2.814000 3.000256e+002
2.816000 3.000251e+002
2.818000 3.000246e+002
2.820000 3.000242e+002
2.822000 3.000237e+002
2.824000 3.000232e+002
2.826000 3.000228e+002
2.828000 3.000224e+002
2.830000 3.000219e+002
2.832000 3.000215e+002
2.834000 3.000211e+002
2.836000 3.000207e+002
2.838000 3.000203e+002
2.840000 3.000199e+002
2.842000 3.000195e+002
2.844000 3.000191e+002
2.846000 3.000187e+002
2.848000 3.000184e+002
2.850000 3.000180e+002
2.852000 3.000176e+002
2.854000 3.000173e+002
2.856000 3.000170e+002
2.858000 3.000166e+002
2.860000 3.000163e+002
2.862000 3.000160e+002
2.864000 3.000157e+002
2.866000 3.000154e+002
2.868000 3.000150e+002
2.870000 3.000147e+002
2.872000 3.000145e+002
2.874000 3.000142e+002
2.876000 3.000139e+002
2.878000 3.000136e+002
2.880000 3.000133e+002
2.882000 3.000131e+002
2.884000 3.000128e+002
2.886000 3.000126e+002
2.888000 3.000123e+002
2.890000 3.000121e+002
2.892000 3.000118e+002
2.894000 3.000116e+002
2.896000 3.000114e+002
2.898000 3.000111e+002
2.900000 3.000109e+002
2.902000 3.000107e+002
2.904000 3.000105e+002
2.906000 3.000103e+002
2.908000 3.000101e+002
2.910000 3.000098e+002
2.912000 3.000096e+002
2.914000 3.000095e+002
2.916000 3.000093e+002
2.918000 3.000091e+002
2.920000 3.000089e+002
2.922000 3.000087e+002
2.924000 3.000085e+002
2.926000 3.000084e+002
2.928000 3.000082e+002
2.930000 3.000080e+002
2.932000 3.000079e+002
2.934000 3.000077e+002
2.936000 3.000075e+002
2.938000 3.000074e+002
2.940000 3.000072e+002
2.942000 3.000071e+002
2.944000 3.000069e+002
2.946000 3.000068e+002
2.948000 3.000067e+002
2.950000 3.000065e+002
2.952000 3.000064e+002
2.954000 3.000063e+002
2.956000 3.000061e+002
2.958000 3.000060e+002
2.960000 3.000059e+002
2.962000 3.000058e+002
2.964000 3.000056e+002
2.966000 3.000055e+002
2.968000 3.000054e+002
2.970000 3.000053e+002
2.972000 3.000052e+002
2.974000 3.000051e+002
2.976000 3.000050e+002
2.978000 3.000049e+002
2.980000 3.000048e+002
2.982000 3.000047e+002
2.984000 3.000046e+002
2.986000 3.000045e+002
2.988000 3.000044e+002
2.990000 3.000043e+002
2.992000 3.000042e+002
2.994000 3.000041e+002
2.996000 3.000040e+002
2.998000 3.000039e+002
3.000000 3.000039e+002
3.002000 3.000038e+002
3.004000 3.000037e+002
3.006000 3.000036e+002
3.008000 3.000035e+002
3.010000 3.000035e+002
3.012000 3.000034e+002
3.014000 3.000033e+002
3.016000 3.000033e+002
3.018000 3.000032e+002
3.020000 3.000031e+002
3.022000 3.000030e+002
3.024000 3.000030e+002
3.026000 3.000029e+002
3.028000 3.000029e+002
3.030000 3.000028e+002
3.032000 3.000027e+002
3.034000 3.000027e+002
3.036000 3.000026e+002
3.038000 3.000026e+002
3.040000 3.000025e+002
3.042000 3.000025e+002
3.044000 3.000024e+002
3.046000 3.000024e+002
3.048000 3.000023e+002
3.050000 3.000023e+002
3.052000 3.000022e+002
3.054000 3.000022e+002
3.056000 3.000021e+002
3.058000 3.000021e+002
3.060000 3.000020e+002
3.062000 3.000020e+002
3.064000 3.000019e+002
3.066000 3.000019e+002
3.068000 3.000019e+002
3.070000 3.000018e+002
3.072000 3.000018e+002
3.074000 3.000017e+002
3.076000 3.000017e+002
3.078000 3.000017e+002
3.080000 3.000016e+002
3.082000 3.000016e+002
3.084000 3.000016e+002
3.086000 3.000015e+002
3.088000 3.000015e+002
3.090000 3.000015e+002
3.092000 3.000014e+002
3.094000 3.000014e+002
3.096000 3.000014e+002
3.098000 3.000013e+002
3.100000 3.000013e+002
3.102000 3.000013e+002
3.104000 3.000012e+002
3.106000 3.000012e+002
3.108000 3.000012e+002
3.110000 3.000012e+002
3.112000 3.000011e+002
3.114000 3.000011e+002
3.116000 3.000011e+002
3.118000 3.000011e+002
3.120000 3.000010e+002
3.122000 3.000010e+002
3.124000 3.000010e+002
3.126000 3.000010e+002
3.128000 3.000010e+002
3.130000 3.000009e+002
3.132000 3.000009e+002
3.134000 3.000009e+002
3.136000 3.000009e+002
3.138000 3.000008e+002
3.140000 3.000008e+002
3.142000 3.000008e+002
3.144000 3.000008e+002
3.146000 3.000008e+002
3.148000 3.000008e+002
3.150000 3.000007e+002
3.152000 3.000007e+002
3.154000 3.000007e+002
3.156000 3.000007e+002
3.158000 3.000007e+002
3.160000 3.000007e+002
3.162000 3.000006e+002
3.164000 3.000006e+002
3.166000 3.000006e+002
3.168000 3.000006e+002
3.170000 3.000006e+002
3.172000 3.000006e+002
3.174000 3.000006e+002
3.176000 3.000006e+002
3.178000 3.000005e+002
3.180000 3.000005e+002
3.182000 3.000005e+002
3.184000 3.000005e+002
3.186000 3.000005e+002
3.188000 3.000005e+002
3.190000 3.000005e+002
3.192000 3.000005e+002
3.194000 3.000004e+002
3.196000 3.000004e+002
3.198000 3.000004e+002
3.200000 3.000004e+002
3.202000 3.000004e+002
3.204000 3.000004e+002
3.206000 3.000004e+002
3.208000 3.000004e+002
3.210000 3.000004e+002
3.212000 3.000004e+002
3.214000 3.000004e+002
3.216000 3.000003e+002
3.218000 3.000003e+002
3.220000 3.000003e+002
3.222000 3.000003e+002
3.224000 3.000003e+002
3.226000 3.000003e+002
3.228000 3.000003e+002
3.230000 3.000003e+002
3.232000 3.000003e+002
3.234000 3.000003e+002
3.236000 3.000003e+002
3.238000 3.000003e+002
3.240000 3.000003e+002
3.242000 3.000003e+002
3.244000 3.000002e+002
3.246000 3.000002e+002
3.248000 3.000002e+002
3.250000 3.000002e+002
3.252000 3.000002e+002
3.254000 3.000002e+002
3.256000 3.000002e+002
3.258000 3.000002e+002
3.260000 3.000002e+002
3.262000 3.000002e+002
3.264000 3.000002e+002
3.266000 3.000002e+002
3.268000 3.000002e+002
3.270000 3.000002e+002
3.272000 3.000002e+002
3.274000 3.000002e+002
3.276000 3.000002e+002
3.278000 3.000002e+002
3.280000 3.000002e+002
3.282000 3.000002e+002
3.284000 3.000002e+002
3.286000 3.000002e+002
3.288000 3.000001e+002
3.290000 3.000001e+002
3.292000 3.000001e+002
3.294000 3.000001e+002
3.296000 3.000001e+002
3.298000 3.000001e+002
3.300000 3.000001e+002
3.302000 3.000001e+002
3.304000 3.000001e+002
3.306000 3.000001e+002
3.308000 3.000001e+002
3.310000 3.000001e+002
3.312000 3.000001e+002
3.314000 3.000001e+002
3.316000 3.000001e+002
3.318000 3.000001e+002
3.320000 3.000001e+002
3.322000 3.000001e+002
3.324000 3.000001e+002
3.326000 3.000001e+002
3.328000 3.000001e+002
3.330000 3.000001e+002
3.332000 3.000001e+002
3.334000 3.000001e+002
3.336000 3.000001e+002
3.338000 3.000001e+002
3.340000 3.000001e+002
3.342000 3.000001e+002
3.344000 3.000001e+002
3.346000 3.000001e+002
3.348000 3.000001e+002
3.350000 3.000001e+002
3.352000 3.000001e+002
3.354000 3.000001e+002
3.356000 3.000001e+002
3.358000 3.000001e+002
3.360000 3.000001e+002
3.362000 3.000001e+002
3.364000 3.000001e+002
3.366000 3.000001e+002
3.368000 3.000001e+002
3.370000 3.000001e+002
3.372000 3.000001e+002
3.374000 3.000001e+002
3.376000 3.000001e+002
3.378000 3.000000e+002
3.380000 3.000000e+002
3.382000 3.000000e+002
3.384000 3.000000e+002
3.386000 3.000000e+002
3.388000 3.000000e+002
3.390000 3.000000e+002
3.392000 3.000000e+002
3.394000 3.000000e+002
3.396000 3.000000e+002
3.398000 3.000000e+002
3.400000 3.000000e+002
3.402000 3.000000e+002
3.404000 3.000000e+002
3.406000 3.000000e+002
3.408000 3.000000e+002
3.410000 3.000000e+002
3.412000 3.000000e+002
3.414000 3.000000e+002
3.416000 3.000000e+002
3.418000 3.000000e+002
3.420000 3.000000e+002
3.422000 3.000000e+002
3.424000 3.000000e+002
3.426000 3.000000e+002
3.428000 3.000000e+002
3.430000 3.000000e+002
3.432000 3.000000e+002
3.434000 3.000000e+002
3.436000 3.000000e+002
3.438000 3.000000e+002
3.440000 3.000000e+002
3.442000 3.000000e+002
3.444000 3.000000e+002
3.446000 3.000000e+002
3.448000 3.000000e+002
3.450000 3.000000e+002
3.452000 3.000000e+002
3.454000 3.000000e+002
3.456000 3.000000e+002
3.458000 3.000000e+002
3.460000 3.000000e+002
3.462000 3.000000e+002
3.464000 3.000000e+002
3.466000 3.000000e+002
3.468000 3.000000e+002
3.470000 3.000000e+002
3.472000 3.000000e+002
3.474000 3.000000e+002
3.476000 3.000000e+002
3.478000 3.000000e+002
3.480000 3.000000e+002
3.482000 3.000000e+002
3.484000 3.000000e+002
3.486000 3.000000e+002
3.488000 3.000000e+002
3.490000 3.000000e+002
3.492000 3.000000e+002
3.494000 3.000000e+002
3.496000 3.000000e+002
3.498000 3.000000e+002
3.500000 3.000000e+002
3.502000 3.000000e+002
3.504000 3.000000e+002
3.506000 3.000000e+002
3.508000 3.000000e+002
3.510000 3.000000e+002
3.512000 3.000000e+002
3.514000 3.000000e+002
3.516000 3.000000e+002
3.518000 3.000000e+002
3.520000 3.000000e+002
3.522000 3.000000e+002
3.524000 3.000000e+002
3.526000 3.000000e+002
3.528000 3.000000e+002
3.530000 3.000000e+002
3.532000 3.000000e+002
3.534000 3.000000e+002
3.536000 3.000000e+002
3.538000 3.000000e+002
3.540000 3.000000e+002
3.542000 3.000000e+002
3.544000 3.000000e+002
3.546000 3.000000e+002
3.548000 3.000000e+002
3.550000 3.000000e+002
3.552000 3.000000e+002
3.554000 3.000000e+002
3.556000 3.000000e+002
3.558000 3.000000e+002
3.560000 3.000000e+002
3.562000 3.000000e+002
3.564000 3.000000e+002
3.566000 3.000000e+002
3.568000 3.000000e+002
3.570000 3.000000e+002
3.572000 3.000000e+002
3.574000 3.000000e+002
3.576000 3.000000e+002
3.578000 3.000000e+002
3.580000 3.000000e+002
3.582000 3.000000e+002
3.584000 3.000000e+002
3.586000 3.000000e+002
3.588000 3.000000e+002
3.590000 3.000000e+002
3.592000 3.000000e+002
3.594000 3.000000e+002
3.596000 3.000000e+002
3.598000 3.000000e+002
3.600000 3.000000e+002
3.602000 3.000000e+002
3.604000 3.000000e+002
3.606000 3.000000e+002
3.608000 3.000000e+002
3.610000 3.000000e+002
3.612000 3.000000e+002
3.614000 3.000000e+002
3.616000 3.000000e+002
3.618000 3.000000e+002
3.620000 3.000000e+002
3.622000 3.000000e+002
3.624000 3.000000e+002
3.626000 3.000000e+002
3.628000 3.000000e+002
3.630000 3.000000e+002
3.632000 3.000000e+002
3.634000 3.000000e+002
3.636000 3.000000e+002
3.638000 3.000000e+002
3.640000 3.000000e+002
3.642000 3.000000e+002
3.644000 3.000000e+002
3.646000 3.000000e+002
3.648000 3.000000e+002
3.650000 3.000000e+002
3.652000 3.000000e+002
3.654000 3.000000e+002
3.656000 3.000000e+002
3.658000 3.000000e+002
3.660000 3.000000e+002
3.662000 3.000000e+002
3.664000 3.000000e+002
3.666000 3.000000e+002
3.668000 3.000000e+002
3.670000 3.000000e+002
3.672000 3.000000e+002
3.674000 3.000000e+002
3.676000 3.000000e+002
3.678000 3.000000e+002
3.680000 3.000000e+002
3.682000 3.000000e+002
3.684000 3.000000e+002
3.686000 3.000000e+002
3.688000 3.000000e+002
3.690000 3.000000e+002
3.692000 3.000000e+002
3.694000 3.000000e+002
3.696000 3.000000e+002
3.698000 3.000000e+002
3.700000 3.000000e+002
3.702000 3.000000e+002
3.704000 3.000000e+002
3.706000 3.000000e+002
3.708000 3.000000e+002
3.710000 3.000000e+002
3.712000 3.000000e+002
3.714000 3.000000e+002
3.716000 3.000000e+002
3.718000 3.000000e+002
3.720000 3.000000e+002
3.722000 3.000000e+002
3.724000 3.000000e+002
3.726000 3.000000e+002
3.728000 3.000000e+002
3.730000 3.000000e+002
3.732000 3.000000e+002
3.734000 3.000000e+002
3.736000 3.000000e+002
3.738000 3.000000e+002
3.740000 3.000000e+002
3.742000 3.000000e+002
3.744000 3.000000e+002
3.746000 3.000000e+002
3.748000 3.000000e+002
3.750000 3.000000e+002
3.752000 3.000000e+002
3.754000 3.000000e+002
3.756000 3.000000e+002
3.758000 3.000000e+002
3.760000 3.000000e+002
3.762000 3.000000e+002
3.764000 3.000000e+002
3.766000 3.000000e+002
3.768000 3.000000e+002
3.770000 3.000000e+002
3.772000 3.000000e+002
3.774000 3.000000e+002
3.776000 3.000000e+002
3.778000 3.000000e+002
3.780000 3.000000e+002
3.782000 3.000000e+002
3.784000 3.000000e+002
3.786000 3.000000e+002
3.788000 3.000000e+002
3.790000 3.000000e+002
3.792000 3.000000e+002
3.794000 3.000000e+002
3.796000 3.000000e+002
3.798000 3.000000e+002
3.800000 3.000000e+002
3.802000 3.000000e+002
3.804000 3.000000e+002
3.806000 3.000000e+002
3.808000 3.000000e+002
3.810000 3.000000e+002
3.812000 3.000000e+002
3.814000 3.000000e+002
3.816000 3.000000e+002
3.818000 3.000000e+002
3.820000 3.000000e+002
3.822000 3.000000e+002
3.824000 3.000000e+002
3.826000 3.000000e+002
3.828000 3.000000e+002
3.830000 3.000000e+002
3.832000 3.000000e+002
3.834000 3.000000e+002
3.836000 3.000000e+002
3.838000 3.000000e+002
3.840000 3.000000e+002
3.842000 3.000000e+002
3.844000 3.000000e+002
3.846000 3.000000e+002
3.848000 3.000000e+002
3.850000 3.000000e+002
3.852000 3.000000e+002
3.854000 3.000000e+002
3.856000 3.000000e+002
3.858000 3.000000e+002
3.860000 3.000000e+002
3.862000 3.000000e+002
3.864000 3.000000e+002
3.866000 3.000000e+002
3.868000 3.000000e+002
3.870000 3.000000e+002
3.872000 3.000000e+002
3.874000 3.000000e+002
3.876000 3.000000e+002
3.878000 3.000000e+002
3.880000 3.000000e+002
3.882000 3.000000e+002
3.884000 3.000000e+002
3.886000 3.000000e+002
3.888000 3.000000e+002
3.890000 3.000000e+002
3.892000 3.000000e+002
3.894000 3.000000e+002
3.896000 3.000000e+002
3.898000 3.000000e+002
3.900000 3.000000e+002
3.902000 3.000000e+002
3.904000 3.000000e+002
3.906000 3.000000e+002
3.908000 3.000000e+002
3.910000 3.000000e+002
3.912000 3.000000e+002
3.914000 3.000000e+002
3.916000 3.000000e+002
3.918000 3.000000e+002
3.920000 3.000000e+002
3.922000 3.000000e+002
3.924000 3.000000e+002
3.926000 3.000000e+002
3.928000 3.000000e+002
3.930000 3.000000e+002
3.932000 3.000000e+002
3.934000 3.000000e+002
3.936000 3.000000e+002
3.938000 3.000000e+002
3.940000 3.000000e+002
3.942000 3.000000e+002
3.944000 3.000000e+002
3.946000 3.000000e+002
3.948000 3.000000e+002
3.950000 3.000000e+002
3.952000 3.000000e+002
3.954000 3.000000e+002
3.956000 3.000000e+002
3.958000 3.000000e+002
3.960000 3.000000e+002
3.962000 3.000000e+002
3.964000 3.000000e+002
3.966000 3.000000e+002
3.968000 3.000000e+002
3.970000 3.000000e+002
3.972000 3.000000e+002
3.974000 3.000000e+002
3.976000 3.000000e+002
3.978000 3.000000e+002
3.980000 3.000000e+002
3.982000 3.000000e+002
3.984000 3.000000e+002
3.986000 3.000000e+002
3.988000 3.000000e+002
3.990000 3.000000e+002
3.992000 3.000000e+002
3.994000 3.000000e+002
3.996000 3.000000e+002
3.998000 3.000000e+002
