0.000000 3.313020e+002
0.002000 3.347634e+002
0.004000 3.382240e+002
0.006000 3.416837e+002
0.008000 3.451422e+002
0.010000 3.485996e+002
0.012000 3.520557e+002
0.014000 3.555104e+002
0.016000 3.589638e+002
0.018000 3.624156e+002
0.020000 3.658658e+002
0.022000 3.693142e+002
0.024000 3.727609e+002
0.026000 3.762057e+002
0.028000 3.796485e+002
0.030000 3.830893e+002
0.032000 3.865279e+002
0.034000 3.899643e+002
0.036000 3.933983e+002
0.038000 3.968299e+002
0.040000 4.002590e+002
0.042000 4.036855e+002
0.044000 4.071093e+002
0.046000 4.105303e+002
0.048000 4.139484e+002
0.050000 4.173636e+002
0.052000 4.207758e+002
0.054000 4.241848e+002
0.056000 4.275906e+002
0.058000 4.309931e+002
0.060000 4.343922e+002
0.062000 4.377878e+002
0.064000 4.411799e+002
0.066000 4.445682e+002
0.068000 4.479529e+002
0.070000 4.513337e+002
0.072000 4.547106e+002
0.074000 4.580835e+002
0.076000 4.614522e+002
0.078000 4.648168e+002
0.080000 4.681772e+002
0.082000 4.715332e+002
0.084000 4.748847e+002
0.086000 4.782317e+002
0.088000 4.815741e+002
0.090000 4.849118e+002
0.092000 4.882448e+002
0.094000 4.915728e+002
0.096000 4.948960e+002
0.098000 4.982140e+002
0.100000 5.015270e+002
0.102000 5.048348e+002
0.104000 5.081372e+002
0.106000 5.114343e+002
0.108000 5.147260e+002
0.110000 5.180121e+002
0.112000 5.212926e+002
0.114000 5.245674e+002
0.116000 5.278364e+002
0.118000 5.310995e+002
0.120000 5.343567e+002
0.122000 5.376078e+002
0.124000 5.408528e+002
0.126000 5.440917e+002
0.128000 5.473242e+002
0.130000 5.505504e+002
0.132000 5.537702e+002
0.134000 5.569835e+002
0.136000 5.601901e+002
0.138000 5.633901e+002
0.140000 5.665833e+002
0.142000 5.697697e+002
0.144000 5.729491e+002
0.146000 5.761216e+002
0.148000 5.792870e+002
0.150000 5.824452e+002
0.152000 5.855963e+002
0.154000 5.887400e+002
0.156000 5.918763e+002
0.158000 5.950052e+002
0.160000 5.981265e+002
0.162000 6.012402e+002
0.164000 6.043462e+002
0.166000 6.074445e+002
0.168000 6.105349e+002
0.170000 6.136175e+002
0.172000 6.166920e+002
0.174000 6.197584e+002
0.176000 6.228168e+002
0.178000 6.258669e+002
0.180000 6.289087e+002
0.182000 6.319422e+002
0.184000 6.349672e+002
0.186000 6.379838e+002
0.188000 6.409917e+002
0.190000 6.439910e+002
0.192000 6.469817e+002
0.194000 6.499635e+002
0.196000 6.529364e+002
0.198000 6.559005e+002
0.200000 6.588555e+002
0.202000 6.618015e+002
0.204000 6.647383e+002
0.206000 6.676659e+002
0.208000 6.705843e+002
0.210000 6.734933e+002
0.212000 6.763929e+002
0.214000 6.792830e+002
0.216000 6.821636e+002
0.218000 6.850345e+002
0.220000 6.878958e+002
0.222000 6.907474e+002
0.224000 6.935891e+002
0.226000 6.964210e+002
0.228000 6.992429e+002
0.230000 7.020549e+002
0.232000 7.048567e+002
0.234000 7.076485e+002
0.236000 7.104300e+002
0.238000 7.132013e+002
0.240000 7.159623e+002
0.242000 7.187129e+002
0.244000 7.214531e+002
0.246000 7.241828e+002
0.248000 7.269019e+002
0.250000 7.296104e+002
0.252000 7.323082e+002
0.254000 7.349953e+002
0.256000 7.376716e+002
0.258000 7.403370e+002
0.260000 7.429916e+002
0.262000 7.456351e+002
0.264000 7.482676e+002
0.266000 7.508891e+002
0.268000 7.534994e+002
0.270000 7.560985e+002
0.272000 7.586864e+002
0.274000 7.612629e+002
0.276000 7.638281e+002
0.278000 7.663819e+002
0.280000 7.689243e+002
0.282000 7.714551e+002
0.284000 7.739743e+002
0.286000 7.764819e+002
0.288000 7.789778e+002
0.290000 7.814620e+002
0.292000 7.839345e+002
0.294000 7.863951e+002
0.296000 7.888438e+002
0.298000 7.912806e+002
0.300000 7.937054e+002
0.302000 7.961182e+002
0.304000 7.985190e+002
0.306000 8.009076e+002
0.308000 8.032840e+002
0.310000 8.056483e+002
0.312000 8.080003e+002
0.314000 8.103399e+002
0.316000 8.126673e+002
0.318000 8.149822e+002
0.320000 8.172847e+002
0.322000 8.195747e+002
0.324000 8.218522e+002
0.326000 8.241171e+002
0.328000 8.263695e+002
0.330000 8.286091e+002
0.332000 8.308361e+002
0.334000 8.330504e+002
0.336000 8.352518e+002
0.338000 8.374405e+002
0.340000 8.396163e+002
0.342000 8.417792e+002
0.344000 8.439292e+002
0.346000 8.460662e+002
0.348000 8.481902e+002
0.350000 8.503012e+002
0.352000 8.523991e+002
0.354000 8.544839e+002
0.356000 8.565555e+002
0.358000 8.586140e+002
0.360000 8.606592e+002
0.362000 8.626912e+002
0.364000 8.647099e+002
0.366000 8.667153e+002
0.368000 8.687074e+002
0.370000 8.706860e+002
0.372000 8.726513e+002
0.374000 8.746031e+002
0.376000 8.765414e+002
0.378000 8.784662e+002
0.380000 8.803775e+002
0.382000 8.822753e+002
0.384000 8.841594e+002
0.386000 8.860299e+002
0.388000 8.878868e+002
0.390000 8.897300e+002
0.392000 8.915595e+002
0.394000 8.933753e+002
0.396000 8.951773e+002
0.398000 8.969656e+002
0.400000 8.987401e+002
0.402000 9.005007e+002
0.404000 9.022475e+002
0.406000 9.039804e+002
0.408000 9.056995e+002
0.410000 9.074046e+002
0.412000 9.090958e+002
0.414000 9.107730e+002
0.416000 9.124363e+002
0.418000 9.140856e+002
0.420000 9.157208e+002
0.422000 9.173421e+002
0.424000 9.189493e+002
0.426000 9.205424e+002
0.428000 9.221214e+002
0.430000 9.236863e+002
0.432000 9.252371e+002
0.434000 9.267738e+002
0.436000 9.282963e+002
0.438000 9.298047e+002
0.440000 9.312989e+002
0.442000 9.327789e+002
0.444000 9.342447e+002
0.446000 9.356963e+002
0.448000 9.371336e+002
0.450000 9.385567e+002
0.452000 9.399656e+002
0.454000 9.413602e+002
0.456000 9.427405e+002
0.458000 9.441066e+002
0.460000 9.454583e+002
0.462000 9.467958e+002
0.464000 9.481189e+002
0.466000 9.494278e+002
0.468000 9.507223e+002
0.470000 9.520025e+002
0.472000 9.532683e+002
0.474000 9.545198e+002
0.476000 9.557570e+002
0.478000 9.569798e+002
0.480000 9.581883e+002
0.482000 9.593824e+002
0.484000 9.605621e+002
0.486000 9.617275e+002
0.488000 9.628785e+002
0.490000 9.640152e+002
0.492000 9.651375e+002
0.494000 9.662454e+002
0.496000 9.673389e+002
0.498000 9.684181e+002
0.500000 9.694829e+002
0.502000 9.705333e+002
0.504000 9.715694e+002
0.506000 9.725911e+002
0.508000 9.735985e+002
0.510000 9.745915e+002
0.512000 9.755701e+002
0.514000 9.765344e+002
0.516000 9.774844e+002
0.518000 9.784200e+002
0.520000 9.793413e+002
0.522000 9.802482e+002
0.524000 9.811408e+002
0.526000 9.820192e+002
0.528000 9.828832e+002
0.530000 9.837329e+002
0.532000 9.845683e+002
0.534000 9.853895e+002
0.536000 9.861963e+002
0.538000 9.869889e+002
0.540000 9.877673e+002
0.542000 9.885314e+002
0.544000 9.892813e+002
0.546000 9.900170e+002
0.548000 9.907385e+002
0.550000 9.914457e+002
0.552000 9.921388e+002
0.554000 9.928178e+002
0.556000 9.934825e+002
0.558000 9.941332e+002
0.560000 9.947697e+002
0.562000 9.953921e+002
0.564000 9.960004e+002
0.566000 9.965947e+002
0.568000 9.971748e+002
0.570000 9.977410e+002
0.572000 9.982931e+002
0.574000 9.988312e+002
0.576000 9.993553e+002
0.578000 9.998655e+002
0.580000 1.000362e+003
0.582000 1.000844e+003
0.584000 1.001312e+003
0.586000 1.001767e+003
0.588000 1.002207e+003
0.590000 1.002634e+003
0.592000 1.003047e+003
0.594000 1.003446e+003
0.596000 1.003832e+003
0.598000 1.004203e+003
0.600000 1.004561e+003
0.602000 1.004905e+003
0.604000 1.005236e+003
0.606000 1.005552e+003
0.608000 1.005856e+003
0.610000 1.006145e+003
0.612000 1.006421e+003
0.614000 1.006684e+003
0.616000 1.006932e+003
0.618000 1.007168e+003
0.620000 1.007390e+003
0.622000 1.007598e+003
0.624000 1.007793e+003
0.626000 1.007975e+003
0.628000 1.008143e+003
0.630000 1.008298e+003
0.632000 1.008440e+003
0.634000 1.008568e+003
0.636000 1.008683e+003
0.638000 1.008785e+003
0.640000 1.008874e+003
0.642000 1.008950e+003
0.644000 1.009012e+003
0.646000 1.009061e+003
0.648000 1.009098e+003
0.650000 1.009121e+003
0.652000 1.009132e+003
0.654000 1.009129e+003
0.656000 1.009113e+003
0.658000 1.009085e+003
0.660000 1.009044e+003
0.662000 1.008990e+003
0.664000 1.008923e+003
0.666000 1.008843e+003
0.668000 1.008751e+003
0.670000 1.008646e+003
0.672000 1.008529e+003
0.674000 1.008399e+003
0.676000 1.008256e+003
0.678000 1.008101e+003
0.680000 1.007933e+003
0.682000 1.007753e+003
0.684000 1.007560e+003
0.686000 1.007356e+003
0.688000 1.007138e+003
0.690000 1.006909e+003
0.692000 1.006667e+003
0.694000 1.006413e+003
0.696000 1.006147e+003
0.698000 1.005869e+003
0.700000 1.005579e+003
0.702000 1.005277e+003
0.704000 1.004962e+003
0.706000 1.004636e+003
0.708000 1.004298e+003
0.710000 1.003948e+003
0.712000 1.003586e+003
0.714000 1.003213e+003
0.716000 1.002827e+003
0.718000 1.002430e+003
0.720000 1.002022e+003
0.722000 1.001602e+003
0.724000 1.001170e+003
0.726000 1.000726e+003
0.728000 1.000272e+003
0.730000 9.998056e+002
0.732000 9.993281e+002
0.734000 9.988393e+002
0.736000 9.983392e+002
0.738000 9.978278e+002
0.740000 9.973053e+002
0.742000 9.967717e+002
0.744000 9.962269e+002
0.746000 9.956712e+002
0.748000 9.951044e+002
0.750000 9.945267e+002
0.752000 9.939381e+002
0.754000 9.933387e+002
0.756000 9.927285e+002
0.758000 9.921075e+002
0.760000 9.914759e+002
0.762000 9.908336e+002
0.764000 9.901807e+002
0.766000 9.895172e+002
0.768000 9.888433e+002
0.770000 9.881589e+002
0.772000 9.874642e+002
0.774000 9.867590e+002
0.776000 9.860436e+002
0.778000 9.853180e+002
0.780000 9.845822e+002
0.782000 9.838362e+002
0.784000 9.830802e+002
0.786000 9.823141e+002
0.788000 9.815381e+002
0.790000 9.807521e+002
0.792000 9.799563e+002
0.794000 9.791506e+002
0.796000 9.783352e+002
0.798000 9.775101e+002
0.800000 9.766753e+002
0.802000 9.758309e+002
0.804000 9.749770e+002
0.806000 9.741136e+002
0.808000 9.732407e+002
0.810000 9.723584e+002
0.812000 9.714668e+002
0.814000 9.705660e+002
0.816000 9.696559e+002
0.818000 9.687366e+002
0.820000 9.678083e+002
0.822000 9.668709e+002
0.824000 9.659244e+002
0.826000 9.649691e+002
0.828000 9.640048e+002
0.830000 9.630317e+002
0.832000 9.620499e+002
0.834000 9.610593e+002
0.836000 9.600600e+002
0.838000 9.590522e+002
0.840000 9.580358e+002
0.842000 9.570109e+002
0.844000 9.559776e+002
0.846000 9.549359e+002
0.848000 9.538858e+002
0.850000 9.528275e+002
0.852000 9.517610e+002
0.854000 9.506864e+002
0.856000 9.496036e+002
0.858000 9.485128e+002
0.860000 9.474141e+002
0.862000 9.463074e+002
0.864000 9.451928e+002
0.866000 9.440705e+002
0.868000 9.429404e+002
0.870000 9.418026e+002
0.872000 9.406572e+002
0.874000 9.395042e+002
0.876000 9.383437e+002
0.878000 9.371757e+002
0.880000 9.360004e+002
0.882000 9.348177e+002
0.884000 9.336277e+002
0.886000 9.324305e+002
0.888000 9.312262e+002
0.890000 9.300147e+002
0.892000 9.287963e+002
0.894000 9.275708e+002
0.896000 9.263384e+002
0.898000 9.250991e+002
0.900000 9.238530e+002
0.902000 9.226002e+002
0.904000 9.213407e+002
0.906000 9.200745e+002
0.908000 9.188018e+002
0.910000 9.175226e+002
0.912000 9.162369e+002
0.914000 9.149448e+002
0.916000 9.136464e+002
0.918000 9.123417e+002
0.920000 9.110309e+002
0.922000 9.097138e+002
0.924000 9.083906e+002
0.926000 9.070615e+002
0.928000 9.057263e+002
0.930000 9.043852e+002
0.932000 9.030383e+002
0.934000 9.016855e+002
0.936000 9.003270e+002
0.938000 8.989629e+002
0.940000 8.975931e+002
0.942000 8.962178e+002
0.944000 8.948369e+002
0.946000 8.934506e+002
0.948000 8.920589e+002
0.950000 8.906619e+002
0.952000 8.892597e+002
0.954000 8.878522e+002
0.956000 8.864396e+002
0.958000 8.850219e+002
0.960000 8.835991e+002
0.962000 8.821714e+002
0.964000 8.807388e+002
0.966000 8.793013e+002
0.968000 8.778591e+002
0.970000 8.764121e+002
0.972000 8.749604e+002
0.974000 8.735041e+002
0.976000 8.720433e+002
0.978000 8.705779e+002
0.980000 8.691081e+002
0.982000 8.676340e+002
0.984000 8.661555e+002
0.986000 8.646727e+002
0.988000 8.631858e+002
0.990000 8.616947e+002
0.992000 8.601995e+002
0.994000 8.587003e+002
0.996000 8.571971e+002
0.998000 8.556900e+002
1.000000 8.541790e+002
1.002000 8.526642e+002
1.004000 8.511457e+002
1.006000 8.496235e+002
1.008000 8.480977e+002
1.010000 8.465683e+002
1.012000 8.450354e+002
1.014000 8.434991e+002
1.016000 8.419593e+002
1.018000 8.404162e+002
1.020000 8.388699e+002
1.022000 8.373203e+002
1.024000 8.357675e+002
1.026000 8.342116e+002
1.028000 8.326527e+002
1.030000 8.310908e+002
1.032000 8.295259e+002
1.034000 8.279582e+002
1.036000 8.263876e+002
1.038000 8.248142e+002
1.040000 8.232382e+002
1.042000 8.216594e+002
1.044000 8.200781e+002
1.046000 8.184942e+002
1.048000 8.169078e+002
1.050000 8.153190e+002
1.052000 8.137278e+002
1.054000 8.121342e+002
1.056000 8.105384e+002
1.058000 8.089404e+002
1.060000 8.073402e+002
1.062000 8.057378e+002
1.064000 8.041335e+002
1.066000 8.025271e+002
1.068000 8.009188e+002
1.070000 7.993086e+002
1.072000 7.976965e+002
1.074000 7.960827e+002
1.076000 7.944671e+002
1.078000 7.928498e+002
1.080000 7.912309e+002
1.082000 7.896105e+002
1.084000 7.879885e+002
1.086000 7.863650e+002
1.088000 7.847402e+002
1.090000 7.831139e+002
1.092000 7.814864e+002
1.094000 7.798576e+002
1.096000 7.782275e+002
1.098000 7.765964e+002
1.100000 7.749641e+002
1.102000 7.733307e+002
1.104000 7.716964e+002
1.106000 7.700611e+002
1.108000 7.684249e+002
1.110000 7.667879e+002
1.112000 7.651500e+002
1.114000 7.635114e+002
1.116000 7.618721e+002
1.118000 7.602321e+002
1.120000 7.585916e+002
1.122000 7.569504e+002
1.124000 7.553088e+002
1.126000 7.536667e+002
1.128000 7.520243e+002
1.130000 7.503814e+002
1.132000 7.487383e+002
1.134000 7.470949e+002
1.136000 7.454512e+002
1.138000 7.438074e+002
1.140000 7.421635e+002
1.142000 7.405195e+002
1.144000 7.388755e+002
1.146000 7.372316e+002
1.148000 7.355876e+002
1.150000 7.339438e+002
1.152000 7.323002e+002
1.154000 7.306568e+002
1.156000 7.290136e+002
1.158000 7.273707e+002
1.160000 7.257282e+002
1.162000 7.240861e+002
1.164000 7.224444e+002
1.166000 7.208031e+002
1.168000 7.191624e+002
1.170000 7.175223e+002
1.172000 7.158828e+002
1.174000 7.142439e+002
1.176000 7.126058e+002
1.178000 7.109683e+002
1.180000 7.093317e+002
1.182000 7.076959e+002
1.184000 7.060610e+002
1.186000 7.044270e+002
1.188000 7.027939e+002
1.190000 7.011618e+002
1.192000 6.995308e+002
1.194000 6.979009e+002
1.196000 6.962721e+002
1.198000 6.946444e+002
1.200000 6.930180e+002
1.202000 6.913928e+002
1.204000 6.897689e+002
1.206000 6.881463e+002
1.208000 6.865251e+002
1.210000 6.849053e+002
1.212000 6.832869e+002
1.214000 6.816700e+002
1.216000 6.800546e+002
1.218000 6.784408e+002
1.220000 6.768286e+002
1.222000 6.752181e+002
1.224000 6.736092e+002
1.226000 6.720020e+002
1.228000 6.703966e+002
1.230000 6.687930e+002
1.232000 6.671912e+002
1.234000 6.655912e+002
1.236000 6.639932e+002
1.238000 6.623970e+002
1.240000 6.608029e+002
1.242000 6.592108e+002
1.244000 6.576207e+002
1.246000 6.560326e+002
1.248000 6.544467e+002
1.250000 6.528630e+002
1.252000 6.512814e+002
1.254000 6.497020e+002
1.256000 6.481249e+002
1.258000 6.465500e+002
1.260000 6.449775e+002
1.262000 6.434073e+002
1.264000 6.418395e+002
1.266000 6.402741e+002
1.268000 6.387112e+002
1.270000 6.371507e+002
1.272000 6.355928e+002
1.274000 6.340373e+002
1.276000 6.324845e+002
1.278000 6.309343e+002
1.280000 6.293867e+002
1.282000 6.278417e+002
1.284000 6.262995e+002
1.286000 6.247599e+002
1.288000 6.232232e+002
1.290000 6.216892e+002
1.292000 6.201580e+002
1.294000 6.186297e+002
1.296000 6.171042e+002
1.298000 6.155816e+002
1.300000 6.140620e+002
1.302000 6.125453e+002
1.304000 6.110316e+002
1.306000 6.095209e+002
1.308000 6.080132e+002
1.310000 6.065087e+002
1.312000 6.050072e+002
1.314000 6.035088e+002
1.316000 6.020135e+002
1.318000 6.005214e+002
1.320000 5.990326e+002
1.322000 5.975469e+002
1.324000 5.960645e+002
1.326000 5.945853e+002
1.328000 5.931094e+002
1.330000 5.916369e+002
1.332000 5.901677e+002
1.334000 5.887019e+002
1.336000 5.872394e+002
1.338000 5.857804e+002
1.340000 5.843248e+002
1.342000 5.828726e+002
1.344000 5.814239e+002
1.346000 5.799788e+002
1.348000 5.785371e+002
1.350000 5.770990e+002
1.352000 5.756645e+002
1.354000 5.742335e+002
1.356000 5.728062e+002
1.358000 5.713825e+002
1.360000 5.699624e+002
1.362000 5.685460e+002
1.364000 5.671333e+002
1.366000 5.657243e+002
1.368000 5.643191e+002
1.370000 5.629175e+002
1.372000 5.615198e+002
1.374000 5.601258e+002
1.376000 5.587356e+002
1.378000 5.573493e+002
1.380000 5.559668e+002
1.382000 5.545881e+002
1.384000 5.532133e+002
1.386000 5.518424e+002
1.388000 5.504754e+002
1.390000 5.491124e+002
1.392000 5.477533e+002
1.394000 5.463981e+002
1.396000 5.450469e+002
1.398000 5.436997e+002
1.400000 5.423565e+002
1.402000 5.410173e+002
1.404000 5.396821e+002
1.406000 5.383510e+002
1.408000 5.370239e+002
1.410000 5.357009e+002
1.412000 5.343820e+002
1.414000 5.330673e+002
1.416000 5.317566e+002
1.418000 5.304500e+002
1.420000 5.291476e+002
1.422000 5.278494e+002
1.424000 5.265553e+002
1.426000 5.252654e+002
1.428000 5.239796e+002
1.430000 5.226981e+002
1.432000 5.214208e+002
1.434000 5.201477e+002
1.436000 5.188789e+002
1.438000 5.176143e+002
1.440000 5.163539e+002
1.442000 5.150978e+002
1.444000 5.138460e+002
1.446000 5.125985e+002
1.448000 5.113553e+002
1.450000 5.101164e+002
1.452000 5.088818e+002
1.454000 5.076515e+002
1.456000 5.064255e+002
1.458000 5.052039e+002
1.460000 5.039866e+002
1.462000 5.027737e+002
1.464000 5.015652e+002
1.466000 5.003610e+002
1.468000 4.991612e+002
1.470000 4.979658e+002
1.472000 4.967748e+002
1.474000 4.955882e+002
1.476000 4.944059e+002
1.478000 4.932281e+002
1.480000 4.920547e+002
1.482000 4.908858e+002
1.484000 4.897212e+002
1.486000 4.885611e+002
1.488000 4.874055e+002
1.490000 4.862542e+002
1.492000 4.851075e+002
1.494000 4.839652e+002
1.496000 4.828273e+002
1.498000 4.816939e+002
1.500000 4.805649e+002
1.502000 4.794405e+002
1.504000 4.783205e+002
1.506000 4.772050e+002
1.508000 4.760939e+002
1.510000 4.749874e+002
1.512000 4.738853e+002
1.514000 4.727877e+002
1.516000 4.716946e+002
1.518000 4.706060e+002
1.520000 4.695218e+002
1.522000 4.684422e+002
1.524000 4.673671e+002
1.526000 4.662964e+002
1.528000 4.652303e+002
1.530000 4.641687e+002
1.532000 4.631115e+002
1.534000 4.620589e+002
1.536000 4.610107e+002
1.538000 4.599671e+002
1.540000 4.589280e+002
1.542000 4.578933e+002
1.544000 4.568632e+002
1.546000 4.558375e+002
1.548000 4.548164e+002
1.550000 4.537997e+002
1.552000 4.527876e+002
1.554000 4.517799e+002
1.556000 4.507768e+002
1.558000 4.497781e+002
1.560000 4.487839e+002
1.562000 4.477942e+002
1.564000 4.468090e+002
1.566000 4.458283e+002
1.568000 4.448521e+002
1.570000 4.438803e+002
1.572000 4.429130e+002
1.574000 4.419502e+002
1.576000 4.409919e+002
1.578000 4.400380e+002
1.580000 4.390886e+002
1.582000 4.381436e+002
1.584000 4.372031e+002
1.586000 4.362670e+002
1.588000 4.353354e+002
1.590000 4.344083e+002
1.592000 4.334855e+002
1.594000 4.325673e+002
1.596000 4.316534e+002
1.598000 4.307440e+002
1.600000 4.298389e+002
1.602000 4.289383e+002
1.604000 4.280421e+002
1.606000 4.271504e+002
1.608000 4.262630e+002
1.610000 4.253800e+002
1.612000 4.245014e+002
1.614000 4.236271e+002
1.616000 4.227573e+002
1.618000 4.218918e+002
1.620000 4.210306e+002
1.622000 4.201739e+002
1.624000 4.193214e+002
1.626000 4.184733e+002
1.628000 4.176296e+002
1.630000 4.167902e+002
1.632000 4.159551e+002
1.634000 4.151243e+002
1.636000 4.142978e+002
1.638000 4.134756e+002
1.640000 4.126577e+002
1.642000 4.118441e+002
1.644000 4.110348e+002
1.646000 4.102297e+002
1.648000 4.094289e+002
1.650000 4.086323e+002
1.652000 4.078400e+002
1.654000 4.070519e+002
1.656000 4.062680e+002
1.658000 4.054884e+002
1.660000 4.047129e+002
1.662000 4.039417e+002
1.664000 4.031746e+002
1.666000 4.024117e+002
1.668000 4.016530e+002
1.670000 4.008985e+002
1.672000 4.001481e+002
1.674000 3.994018e+002
1.676000 3.986597e+002
1.678000 3.979217e+002
1.680000 3.971878e+002
1.682000 3.964580e+002
1.684000 3.957324e+002
1.686000 3.950107e+002
1.688000 3.942932e+002
1.690000 3.935797e+002
1.692000 3.928703e+002
1.694000 3.921649e+002
1.696000 3.914636e+002
1.698000 3.907662e+002
1.700000 3.900729e+002
1.702000 3.893836e+002
1.704000 3.886983e+002
1.706000 3.880169e+002
1.708000 3.873395e+002
1.710000 3.866660e+002
1.712000 3.859965e+002
1.714000 3.853310e+002
1.716000 3.846693e+002
1.718000 3.840116e+002
1.720000 3.833577e+002
1.722000 3.827078e+002
1.724000 3.820617e+002
1.726000 3.814194e+002
1.728000 3.807810e+002
1.730000 3.801465e+002
1.732000 3.795158e+002
1.734000 3.788889e+002
1.736000 3.782658e+002
1.738000 3.776465e+002
1.740000 3.770309e+002
1.742000 3.764191e+002
1.744000 3.758111e+002
1.746000 3.752068e+002
1.748000 3.746063e+002
1.750000 3.740094e+002
1.752000 3.734163e+002
1.754000 3.728269e+002
1.756000 3.722411e+002
1.758000 3.716590e+002
1.760000 3.710805e+002
1.762000 3.705057e+002
1.764000 3.699345e+002
1.766000 3.693669e+002
1.768000 3.688029e+002
1.770000 3.682425e+002
1.772000 3.676857e+002
1.774000 3.671324e+002
1.776000 3.665827e+002
1.778000 3.660365e+002
1.780000 3.654939e+002
1.782000 3.649547e+002
1.784000 3.644190e+002
1.786000 3.638869e+002
1.788000 3.633581e+002
1.790000 3.628329e+002
1.792000 3.623111e+002
1.794000 3.617927e+002
1.796000 3.612777e+002
1.798000 3.607661e+002
1.800000 3.602579e+002
1.802000 3.597531e+002
1.804000 3.592516e+002
1.806000 3.587535e+002
1.808000 3.582587e+002
1.810000 3.577672e+002
1.812000 3.572790e+002
1.814000 3.567941e+002
1.816000 3.563125e+002
1.818000 3.558342e+002
1.820000 3.553591e+002
1.822000 3.548872e+002
1.824000 3.544186e+002
1.826000 3.539531e+002
1.828000 3.534909e+002
1.830000 3.530318e+002
1.832000 3.525759e+002
1.834000 3.521231e+002
1.836000 3.516735e+002
1.838000 3.512270e+002
1.840000 3.507836e+002
1.842000 3.503433e+002
1.844000 3.499061e+002
1.846000 3.494720e+002
1.848000 3.490409e+002
1.850000 3.486128e+002
1.852000 3.481878e+002
1.854000 3.477658e+002
1.856000 3.473467e+002
1.858000 3.469307e+002
1.860000 3.465176e+002
1.862000 3.461075e+002
1.864000 3.457003e+002
1.866000 3.452960e+002
1.868000 3.448947e+002
1.870000 3.444962e+002
1.872000 3.441007e+002
1.874000 3.437080e+002
1.876000 3.433181e+002
1.878000 3.429311e+002
1.880000 3.425469e+002
1.882000 3.421656e+002
1.884000 3.417870e+002
1.886000 3.414112e+002
1.888000 3.410382e+002
1.890000 3.406679e+002
1.892000 3.403004e+002
1.894000 3.399356e+002
1.896000 3.395736e+002
1.898000 3.392142e+002
1.900000 3.388575e+002
1.902000 3.385035e+002
1.904000 3.381521e+002
1.906000 3.378034e+002
1.908000 3.374573e+002
1.910000 3.371139e+002
1.912000 3.367730e+002
1.914000 3.364347e+002
1.916000 3.360990e+002
1.918000 3.357659e+002
1.920000 3.354353e+002
1.922000 3.351072e+002
1.924000 3.347817e+002
1.926000 3.344586e+002
1.928000 3.341381e+002
1.930000 3.338200e+002
1.932000 3.335044e+002
1.934000 3.331912e+002
1.936000 3.328805e+002
1.938000 3.325722e+002
1.940000 3.322663e+002
1.942000 3.319628e+002
1.944000 3.316617e+002
1.946000 3.313630e+002
1.948000 3.310666e+002
1.950000 3.307725e+002
1.952000 3.304808e+002
1.954000 3.301914e+002
1.956000 3.299043e+002
1.958000 3.296195e+002
1.960000 3.293369e+002
1.962000 3.290566e+002
1.964000 3.287786e+002
1.966000 3.285028e+002
1.968000 3.282292e+002
1.970000 3.279578e+002
1.972000 3.276886e+002
1.974000 3.274216e+002
1.976000 3.271568e+002
1.978000 3.268941e+002
1.980000 3.266336e+002
1.982000 3.263752e+002
1.984000 3.261189e+002
1.986000 3.258647e+002
1.988000 3.256126e+002
1.990000 3.253626e+002
1.992000 3.251146e+002
1.994000 3.248687e+002
1.996000 3.246248e+002
1.998000 3.243830e+002
2.000000 3.241431e+002
2.002000 3.239053e+002
2.004000 3.236694e+002
2.006000 3.234356e+002
2.008000 3.232037e+002
2.010000 3.229737e+002
2.012000 3.227457e+002
2.014000 3.225196e+002
2.016000 3.222954e+002
2.018000 3.220731e+002
2.020000 3.218527e+002
2.022000 3.216341e+002
2.024000 3.214175e+002
2.026000 3.212027e+002
2.028000 3.209897e+002
2.030000 3.207785e+002
2.032000 3.205692e+002
2.034000 3.203617e+002
2.036000 3.201559e+002
2.038000 3.199520e+002
2.040000 3.197498e+002
2.042000 3.195493e+002
2.044000 3.193506e+002
2.046000 3.191536e+002
2.048000 3.189584e+002
2.050000 3.187648e+002
2.052000 3.185730e+002
2.054000 3.183828e+002
2.056000 3.181943e+002
2.058000 3.180075e+002
2.060000 3.178223e+002
2.062000 3.176387e+002
2.064000 3.174568e+002
2.066000 3.172765e+002
2.068000 3.170978e+002
2.070000 3.169207e+002
2.072000 3.167452e+002
2.074000 3.165712e+002
2.076000 3.163988e+002
2.078000 3.162279e+002
2.080000 3.160586e+002
2.082000 3.158908e+002
2.084000 3.157246e+002
2.086000 3.155598e+002
2.088000 3.153965e+002
2.090000 3.152347e+002
2.092000 3.150744e+002
2.094000 3.149155e+002
2.096000 3.147581e+002
2.098000 3.146021e+002
2.100000 3.144476e+002
2.102000 3.142945e+002
2.104000 3.141428e+002
2.106000 3.139924e+002
2.108000 3.138435e+002
2.110000 3.136959e+002
2.112000 3.135498e+002
2.114000 3.134049e+002
2.116000 3.132614e+002
2.118000 3.131193e+002
2.120000 3.129785e+002
2.122000 3.128390e+002
2.124000 3.127008e+002
2.126000 3.125639e+002
2.128000 3.124282e+002
2.130000 3.122939e+002
2.132000 3.121608e+002
2.134000 3.120290e+002
2.136000 3.118985e+002
2.138000 3.117691e+002
2.140000 3.116410e+002
2.142000 3.115141e+002
2.144000 3.113885e+002
2.146000 3.112640e+002
2.148000 3.111407e+002
2.150000 3.110186e+002
2.152000 3.108977e+002
2.154000 3.107779e+002
2.156000 3.106593e+002
2.158000 3.105418e+002
2.160000 3.104255e+002
2.162000 3.103103e+002
2.164000 3.101962e+002
2.166000 3.100832e+002
2.168000 3.099713e+002
2.170000 3.098606e+002
2.172000 3.097508e+002
2.174000 3.096422e+002
2.176000 3.095346e+002
2.178000 3.094281e+002
2.180000 3.093227e+002
2.182000 3.092182e+002
2.184000 3.091148e+002
2.186000 3.090125e+002
2.188000 3.089111e+002
2.190000 3.088107e+002
2.192000 3.087114e+002
2.194000 3.086130e+002
2.196000 3.085156e+002
2.198000 3.084192e+002
2.200000 3.083238e+002
2.202000 3.082293e+002
2.204000 3.081357e+002
2.206000 3.080431e+002
2.208000 3.079514e+002
2.210000 3.078607e+002
2.212000 3.077708e+002
2.214000 3.076819e+002
2.216000 3.075939e+002
2.218000 3.075067e+002
2.220000 3.074205e+002
2.222000 3.073351e+002
2.224000 3.072506e+002
2.226000 3.071670e+002
2.228000 3.070842e+002
2.230000 3.070023e+002
2.232000 3.069212e+002
2.234000 3.068409e+002
2.236000 3.067615e+002
2.238000 3.066829e+002
2.240000 3.066051e+002
2.242000 3.065281e+002
2.244000 3.064519e+002
2.246000 3.063765e+002
2.248000 3.063019e+002
2.250000 3.062281e+002
2.252000 3.061550e+002
2.254000 3.060827e+002
2.256000 3.060112e+002
2.258000 3.059404e+002
2.260000 3.058703e+002
2.262000 3.058010e+002
2.264000 3.057324e+002
2.266000 3.056645e+002
2.268000 3.055974e+002
2.270000 3.055310e+002
2.272000 3.054652e+002
2.274000 3.054002e+002
2.276000 3.053358e+002
2.278000 3.052722e+002
2.280000 3.052092e+002
2.282000 3.051469e+002
2.284000 3.050853e+002
2.286000 3.050243e+002
2.288000 3.049640e+002
2.290000 3.049043e+002
2.292000 3.048453e+002
2.294000 3.047869e+002
2.296000 3.047291e+002
2.298000 3.046720e+002
2.300000 3.046155e+002
2.302000 3.045595e+002
2.304000 3.045042e+002
2.306000 3.044496e+002
2.308000 3.043955e+002
2.310000 3.043419e+002
2.312000 3.042890e+002
2.314000 3.042367e+002
2.316000 3.041849e+002
2.318000 3.041337e+002
2.320000 3.040831e+002
2.322000 3.040330e+002
2.324000 3.039835e+002
2.326000 3.039345e+002
2.328000 3.038860e+002
2.330000 3.038381e+002
2.332000 3.037908e+002
2.334000 3.037439e+002
2.336000 3.036976e+002
2.338000 3.036518e+002
2.340000 3.036065e+002
2.342000 3.035617e+002
2.344000 3.035174e+002
2.346000 3.034736e+002
2.348000 3.034303e+002
2.350000 3.033875e+002
2.352000 3.033452e+002
2.354000 3.033034e+002
2.356000 3.032620e+002
2.358000 3.032211e+002
2.360000 3.031806e+002
2.362000 3.031406e+002
2.364000 3.031011e+002
2.366000 3.030620e+002
2.368000 3.030234e+002
2.370000 3.029852e+002
2.372000 3.029474e+002
2.374000 3.029101e+002
2.376000 3.028732e+002
2.378000 3.028368e+002
2.380000 3.028007e+002
2.382000 3.027651e+002
2.384000 3.027298e+002
2.386000 3.026950e+002
2.388000 3.026606e+002
2.390000 3.026266e+002
2.392000 3.025930e+002
2.394000 3.025597e+002
2.396000 3.025269e+002
2.398000 3.024944e+002
2.400000 3.024623e+002
2.402000 3.024306e+002
2.404000 3.023993e+002
2.406000 3.023683e+002
2.408000 3.023377e+002
2.410000 3.023074e+002
2.412000 3.022776e+002
2.414000 3.022480e+002
2.416000 3.022188e+002
2.418000 3.021900e+002
2.420000 3.021615e+002
2.422000 3.021333e+002
2.424000 3.021055e+002
2.426000 3.020780e+002
2.428000 3.020508e+002
2.430000 3.020239e+002
2.432000 3.019974e+002
2.434000 3.019712e+002
2.436000 3.019453e+002
2.438000 3.019197e+002
2.440000 3.018944e+002
2.442000 3.018694e+002
2.444000 3.018448e+002
2.446000 3.018204e+002
2.448000 3.017963e+002
2.450000 3.017725e+002
2.452000 3.017490e+002
2.454000 3.017258e+002
2.456000 3.017028e+002
2.458000 3.016802e+002
2.460000 3.016578e+002
2.462000 3.016357e+002
2.464000 3.016138e+002
2.466000 3.015922e+002
2.468000 3.015709e+002
2.470000 3.015499e+002
2.472000 3.015291e+002
2.474000 3.015085e+002
2.476000 3.014883e+002
2.478000 3.014682e+002
2.480000 3.014484e+002
2.482000 3.014289e+002
2.484000 3.014096e+002
2.486000 3.013905e+002
2.488000 3.013717e+002
2.490000 3.013531e+002
2.492000 3.013347e+002
2.494000 3.013166e+002
2.496000 3.012987e+002
2.498000 3.012810e+002
2.500000 3.012635e+002
2.502000 3.012463e+002
2.504000 3.012293e+002
2.506000 3.012125e+002
2.508000 3.011958e+002
2.510000 3.011795e+002
2.512000 3.011633e+002
2.514000 3.011473e+002
2.516000 3.011315e+002
2.518000 3.011159e+002
2.520000 3.011005e+002
2.522000 3.010853e+002
2.524000 3.010703e+002
2.526000 3.010555e+002
2.528000 3.010409e+002
2.530000 3.010265e+002
2.532000 3.010122e+002
2.534000 3.009982e+002
2.536000 3.009843e+002
2.538000 3.009706e+002
2.540000 3.009570e+002
2.542000 3.009437e+002
2.544000 3.009305e+002
2.546000 3.009175e+002
2.548000 3.009046e+002
2.550000 3.008920e+002
2.552000 3.008794e+002
2.554000 3.008671e+002
2.556000 3.008549e+002
2.558000 3.008428e+002
2.560000 3.008310e+002
2.562000 3.008192e+002
2.564000 3.008077e+002
2.566000 3.007962e+002
2.568000 3.007850e+002
2.570000 3.007738e+002
2.572000 3.007629e+002
2.574000 3.007520e+002
2.576000 3.007413e+002
2.578000 3.007308e+002
2.580000 3.007204e+002
2.582000 3.007101e+002
2.584000 3.006999e+002
2.586000 3.006899e+002
2.588000 3.006801e+002
2.590000 3.006703e+002
2.592000 3.006607e+002
2.594000 3.006512e+002
2.596000 3.006418e+002
2.598000 3.006326e+002
2.600000 3.006235e+002
2.602000 3.006145e+002
2.604000 3.006056e+002
2.606000 3.005969e+002
2.608000 3.005882e+002
2.610000 3.005797e+002
2.612000 3.005713e+002
2.614000 3.005630e+002
2.616000 3.005548e+002
2.618000 3.005468e+002
2.620000 3.005388e+002
2.622000 3.005310e+002
2.624000 3.005232e+002
2.626000 3.005156e+002
2.628000 3.005080e+002
2.630000 3.005006e+002
2.632000 3.004932e+002
2.634000 3.004860e+002
2.636000 3.004789e+002
2.638000 3.004718e+002
2.640000 3.004649e+002
2.642000 3.004580e+002
2.644000 3.004513e+002
2.646000 3.004446e+002
2.648000 3.004380e+002
2.650000 3.004316e+002
2.652000 3.004252e+002
2.654000 3.004189e+002
2.656000 3.004127e+002
2.658000 3.004065e+002
2.660000 3.004005e+002
2.662000 3.003945e+002
2.664000 3.003886e+002
2.666000 3.003828e+002
2.668000 3.003771e+002
2.670000 3.003715e+002
2.672000 3.003659e+002
2.674000 3.003604e+002
2.676000 3.003550e+002
2.678000 3.003497e+002
2.680000 3.003444e+002
2.682000 3.003393e+002
2.684000 3.003342e+002
2.686000 3.003291e+002
2.688000 3.003242e+002
2.690000 3.003193e+002
2.692000 3.003144e+002
2.694000 3.003097e+002
2.696000 3.003050e+002
2.698000 3.003003e+002
2.700000 3.002958e+002
2.702000 3.002913e+002
2.704000 3.002869e+002
2.706000 3.002825e+002
2.708000 3.002782e+002
2.710000 3.002739e+002
2.712000 3.002698e+002
2.714000 3.002656e+002
2.716000 3.002616e+002
2.718000 3.002575e+002
2.720000 3.002536e+002
2.722000 3.002497e+002
2.724000 3.002459e+002
2.726000 3.002421e+002
2.728000 3.002384e+002
2.730000 3.002347e+002
2.732000 3.002311e+002
2.734000 3.002275e+002
2.736000 3.002240e+002
2.738000 3.002205e+002
2.740000 3.002171e+002
2.742000 3.002137e+002
2.744000 3.002104e+002
2.746000 3.002071e+002
2.748000 3.002039e+002
2.750000 3.002007e+002
2.752000 3.001976e+002
2.754000 3.001945e+002
2.756000 3.001915e+002
2.758000 3.001885e+002
2.760000 3.001855e+002
2.762000 3.001826e+002
2.764000 3.001798e+002
2.766000 3.001769e+002
2.768000 3.001742e+002
2.770000 3.001714e+002
2.772000 3.001687e+002
2.774000 3.001661e+002
2.776000 3.001634e+002
2.778000 3.001609e+002
2.780000 3.001583e+002
2.782000 3.001558e+002
2.784000 3.001533e+002
2.786000 3.001509e+002
2.788000 3.001485e+002
2.790000 3.001462e+002
2.792000 3.001438e+002
2.794000 3.001415e+002
2.796000 3.001393e+002
2.798000 3.001371e+002
2.800000 3.001349e+002
2.802000 3.001327e+002
2.804000 3.001306e+002
2.806000 3.001285e+002
2.808000 3.001264e+002
2.810000 3.001244e+002
2.812000 3.001224e+002
2.814000 3.001205e+002
2.816000 3.001185e+002
2.818000 3.001166e+002
2.820000 3.001147e+002
2.822000 3.001129e+002
2.824000 3.001110e+002
2.826000 3.001093e+002
2.828000 3.001075e+002
2.830000 3.001057e+002
2.832000 3.001040e+002
2.834000 3.001023e+002
2.836000 3.001007e+002
2.838000 3.000990e+002
2.840000 3.000974e+002
2.842000 3.000958e+002
2.844000 3.000943e+002
2.846000 3.000927e+002
2.848000 3.000912e+002
2.850000 3.000897e+002
2.852000 3.000883e+002
2.854000 3.000868e+002
2.856000 3.000854e+002
2.858000 3.000840e+002
2.860000 3.000826e+002
2.862000 3.000812e+002
2.864000 3.000799e+002
2.866000 3.000786e+002
2.868000 3.000773e+002
2.870000 3.000760e+002
2.872000 3.000748e+002
2.874000 3.000735e+002
2.876000 3.000723e+002
2.878000 3.000711e+002
2.880000 3.000699e+002
2.882000 3.000688e+002
2.884000 3.000676e+002
2.886000 3.000665e+002
2.888000 3.000654e+002
2.890000 3.000643e+002
2.892000 3.000632e+002
2.894000 3.000622e+002
2.896000 3.000611e+002
2.898000 3.000601e+002
2.900000 3.000591e+002
2.902000 3.000581e+002
2.904000 3.000571e+002
2.906000 3.000562e+002
2.908000 3.000552e+002
2.910000 3.000543e+002
2.912000 3.000534e+002
2.914000 3.000525e+002
2.916000 3.000516e+002
2.918000 3.000507e+002
2.920000 3.000499e+002
2.922000 3.000490e+002
2.924000 3.000482e+002
2.926000 3.000474e+002
2.928000 3.000466e+002
2.930000 3.000458e+002
2.932000 3.000450e+002
2.934000 3.000442e+002
2.936000 3.000435e+002
2.938000 3.000427e+002
2.940000 3.000420e+002
2.942000 3.000413e+002
2.944000 3.000406e+002
2.946000 3.000399e+002
2.948000 3.000392e+002
2.950000 3.000385e+002
2.952000 3.000379e+002
2.954000 3.000372e+002
2.956000 3.000366e+002
2.958000 3.000360e+002
2.960000 3.000353e+002
2.962000 3.000347e+002
2.964000 3.000341e+002
2.966000 3.000335e+002
2.968000 3.000330e+002
2.970000 3.000324e+002
2.972000 3.000318e+002
2.974000 3.000313e+002
2.976000 3.000307e+002
2.978000 3.000302e+002
2.980000 3.000297e+002
2.982000 3.000292e+002
2.984000 3.000287e+002
2.986000 3.000282e+002
2.988000 3.000277e+002
2.990000 3.000272e+002
2.992000 3.000267e+002
2.994000 3.000262e+002
2.996000 3.000258e+002
2.998000 3.000253e+002
3.000000 3.000249e+002
3.002000 3.000244e+002
3.004000 3.000240e+002
3.006000 3.000236e+002
3.008000 3.000232e+002
3.010000 3.000228e+002
3.012000 3.000224e+002
3.014000 3.000220e+002
3.016000 3.000216e+002
3.018000 3.000212e+002
3.020000 3.000208e+002
3.022000 3.000205e+002
3.024000 3.000201e+002
3.026000 3.000197e+002
3.028000 3.000194e+002
3.030000 3.000190e+002
3.032000 3.000187e+002
3.034000 3.000184e+002
3.036000 3.000180e+002
3.038000 3.000177e+002
3.040000 3.000174e+002
3.042000 3.000171e+002
3.044000 3.000168e+002
3.046000 3.000165e+002
3.048000 3.000162e+002
3.050000 3.000159e+002
3.052000 3.000156e+002
3.054000 3.000153e+002
3.056000 3.000151e+002
3.058000 3.000148e+002
3.060000 3.000145e+002
3.062000 3.000143e+002
3.064000 3.000140e+002
3.066000 3.000138e+002
3.068000 3.000135e+002
3.070000 3.000133e+002
3.072000 3.000130e+002
3.074000 3.000128e+002
3.076000 3.000126e+002
3.078000 3.000123e+002
3.080000 3.000121e+002
3.082000 3.000119e+002
3.084000 3.000117e+002
3.086000 3.000115e+002
3.088000 3.000112e+002
3.090000 3.000110e+002
3.092000 3.000108e+002
3.094000 3.000106e+002
3.096000 3.000104e+002
3.098000 3.000103e+002
3.100000 3.000101e+002
3.102000 3.000099e+002
3.104000 3.000097e+002
3.106000 3.000095e+002
3.108000 3.000093e+002
3.110000 3.000092e+002
3.112000 3.000090e+002
3.114000 3.000088e+002
3.116000 3.000087e+002
3.118000 3.000085e+002
3.120000 3.000084e+002
3.122000 3.000082e+002
3.124000 3.000081e+002
3.126000 3.000079e+002
3.128000 3.000078e+002
3.130000 3.000076e+002
3.132000 3.000075e+002
3.134000 3.000073e+002
3.136000 3.000072e+002
3.138000 3.000071e+002
3.140000 3.000069e+002
3.142000 3.000068e+002
3.144000 3.000067e+002
3.146000 3.000065e+002
3.148000 3.000064e+002
3.150000 3.000063e+002
3.152000 3.000062e+002
3.154000 3.000061e+002
3.156000 3.000060e+002
3.158000 3.000058e+002
3.160000 3.000057e+002
3.162000 3.000056e+002
3.164000 3.000055e+002
3.166000 3.000054e+002
3.168000 3.000053e+002
3.170000 3.000052e+002
3.172000 3.000051e+002
3.174000 3.000050e+002
3.176000 3.000049e+002
3.178000 3.000048e+002
3.180000 3.000047e+002
3.182000 3.000047e+002
3.184000 3.000046e+002
3.186000 3.000045e+002
3.188000 3.000044e+002
3.190000 3.000043e+002
3.192000 3.000042e+002
3.194000 3.000041e+002
3.196000 3.000041e+002
3.198000 3.000040e+002
3.200000 3.000039e+002
3.202000 3.000038e+002
3.204000 3.000038e+002
3.206000 3.000037e+002
3.208000 3.000036e+002
3.210000 3.000036e+002
3.212000 3.000035e+002
3.214000 3.000034e+002
3.216000 3.000033e+002
3.218000 3.000033e+002
3.220000 3.000032e+002
3.222000 3.000032e+002
3.224000 3.000031e+002
3.226000 3.000030e+002
3.228000 3.000030e+002
3.230000 3.000029e+002
3.232000 3.000029e+002
3.234000 3.000028e+002
3.236000 3.000028e+002
3.238000 3.000027e+002
3.240000 3.000026e+002
3.242000 3.000026e+002
3.244000 3.000025e+002
3.246000 3.000025e+002
3.248000 3.000024e+002
3.250000 3.000024e+002
3.252000 3.000024e+002
3.254000 3.000023e+002
3.256000 3.000023e+002
3.258000 3.000022e+002
3.260000 3.000022e+002
3.262000 3.000021e+002
3.264000 3.000021e+002
3.266000 3.000021e+002
3.268000 3.000020e+002
3.270000 3.000020e+002
3.272000 3.000019e+002
3.274000 3.000019e+002
3.276000 3.000019e+002
3.278000 3.000018e+002
3.280000 3.000018e+002
3.282000 3.000017e+002
3.284000 3.000017e+002
3.286000 3.000017e+002
3.288000 3.000016e+002
3.290000 3.000016e+002
3.292000 3.000016e+002
3.294000 3.000016e+002
3.296000 3.000015e+002
3.298000 3.000015e+002
3.300000 3.000015e+002
3.302000 3.000014e+002
3.304000 3.000014e+002
3.306000 3.000014e+002
3.308000 3.000013e+002
3.310000 3.000013e+002
3.312000 3.000013e+002
3.314000 3.000013e+002
3.316000 3.000012e+002
3.318000 3.000012e+002
3.320000 3.000012e+002
3.322000 3.000012e+002
3.324000 3.000011e+002
3.326000 3.000011e+002
3.328000 3.000011e+002
3.330000 3.000011e+002
3.332000 3.000011e+002
3.334000 3.000010e+002
3.336000 3.000010e+002
3.338000 3.000010e+002
3.340000 3.000010e+002
3.342000 3.000010e+002
3.344000 3.000009e+002
3.346000 3.000009e+002
3.348000 3.000009e+002
3.350000 3.000009e+002
3.352000 3.000009e+002
3.354000 3.000008e+002
3.356000 3.000008e+002
3.358000 3.000008e+002
3.360000 3.000008e+002
3.362000 3.000008e+002
3.364000 3.000008e+002
3.366000 3.000007e+002
3.368000 3.000007e+002
3.370000 3.000007e+002
3.372000 3.000007e+002
3.374000 3.000007e+002
3.376000 3.000007e+002
3.378000 3.000007e+002
3.380000 3.000006e+002
3.382000 3.000006e+002
3.384000 3.000006e+002
3.386000 3.000006e+002
3.388000 3.000006e+002
3.390000 3.000006e+002
3.392000 3.000006e+002
3.394000 3.000006e+002
3.396000 3.000005e+002
3.398000 3.000005e+002
3.400000 3.000005e+002
3.402000 3.000005e+002
3.404000 3.000005e+002
3.406000 3.000005e+002
3.408000 3.000005e+002
3.410000 3.000005e+002
3.412000 3.000005e+002
3.414000 3.000005e+002
3.416000 3.000004e+002
3.418000 3.000004e+002
3.420000 3.000004e+002
3.422000 3.000004e+002
3.424000 3.000004e+002
3.426000 3.000004e+002
3.428000 3.000004e+002
3.430000 3.000004e+002
3.432000 3.000004e+002
3.434000 3.000004e+002
3.436000 3.000004e+002
3.438000 3.000004e+002
3.440000 3.000003e+002
3.442000 3.000003e+002
3.444000 3.000003e+002
3.446000 3.000003e+002
3.448000 3.000003e+002
3.450000 3.000003e+002
3.452000 3.000003e+002
3.454000 3.000003e+002
3.456000 3.000003e+002
3.458000 3.000003e+002
3.460000 3.000003e+002
3.462000 3.000003e+002
3.464000 3.000003e+002
3.466000 3.000003e+002
3.468000 3.000003e+002
3.470000 3.000002e+002
3.472000 3.000002e+002
3.474000 3.000002e+002
3.476000 3.000002e+002
3.478000 3.000002e+002
3.480000 3.000002e+002
3.482000 3.000002e+002
3.484000 3.000002e+002
3.486000 3.000002e+002
3.488000 3.000002e+002
3.490000 3.000002e+002
3.492000 3.000002e+002
3.494000 3.000002e+002
3.496000 3.000002e+002
3.498000 3.000002e+002
3.500000 3.000002e+002
3.502000 3.000002e+002
3.504000 3.000002e+002
3.506000 3.000002e+002
3.508000 3.000002e+002
3.510000 3.000002e+002
3.512000 3.000002e+002
3.514000 3.000002e+002
3.516000 3.000002e+002
3.518000 3.000001e+002
3.520000 3.000001e+002
3.522000 3.000001e+002
3.524000 3.000001e+002
3.526000 3.000001e+002
3.528000 3.000001e+002
3.530000 3.000001e+002
3.532000 3.000001e+002
3.534000 3.000001e+002
3.536000 3.000001e+002
3.538000 3.000001e+002
3.540000 3.000001e+002
3.542000 3.000001e+002
3.544000 3.000001e+002
3.546000 3.000001e+002
3.548000 3.000001e+002
3.550000 3.000001e+002
3.552000 3.000001e+002
3.554000 3.000001e+002
3.556000 3.000001e+002
3.558000 3.000001e+002
3.560000 3.000001e+002
3.562000 3.000001e+002
3.564000 3.000001e+002
3.566000 3.000001e+002
3.568000 3.000001e+002
3.570000 3.000001e+002
3.572000 3.000001e+002
3.574000 3.000001e+002
3.576000 3.000001e+002
3.578000 3.000001e+002
3.580000 3.000001e+002
3.582000 3.000001e+002
3.584000 3.000001e+002
3.586000 3.000001e+002
3.588000 3.000001e+002
3.590000 3.000001e+002
3.592000 3.000001e+002
3.594000 3.000001e+002
3.596000 3.000001e+002
3.598000 3.000001e+002
3.600000 3.000001e+002
3.602000 3.000001e+002
3.604000 3.000001e+002
3.606000 3.000001e+002
3.608000 3.000001e+002
3.610000 3.000001e+002
3.612000 3.000001e+002
3.614000 3.000001e+002
3.616000 3.000000e+002
3.618000 3.000000e+002
3.620000 3.000000e+002
3.622000 3.000000e+002
3.624000 3.000000e+002
3.626000 3.000000e+002
3.628000 3.000000e+002
3.630000 3.000000e+002
3.632000 3.000000e+002
3.634000 3.000000e+002
3.636000 3.000000e+002
3.638000 3.000000e+002
3.640000 3.000000e+002
3.642000 3.000000e+002
3.644000 3.000000e+002
3.646000 3.000000e+002
3.648000 3.000000e+002
3.650000 3.000000e+002
3.652000 3.000000e+002
3.654000 3.000000e+002
3.656000 3.000000e+002
3.658000 3.000000e+002
3.660000 3.000000e+002
3.662000 3.000000e+002
3.664000 3.000000e+002
3.666000 3.000000e+002
3.668000 3.000000e+002
3.670000 3.000000e+002
3.672000 3.000000e+002
3.674000 3.000000e+002
3.676000 3.000000e+002
3.678000 3.000000e+002
3.680000 3.000000e+002
3.682000 3.000000e+002
3.684000 3.000000e+002
3.686000 3.000000e+002
3.688000 3.000000e+002
3.690000 3.000000e+002
3.692000 3.000000e+002
3.694000 3.000000e+002
3.696000 3.000000e+002
3.698000 3.000000e+002
3.700000 3.000000e+002
3.702000 3.000000e+002
3.704000 3.000000e+002
3.706000 3.000000e+002
3.708000 3.000000e+002
3.710000 3.000000e+002
3.712000 3.000000e+002
3.714000 3.000000e+002
3.716000 3.000000e+002
3.718000 3.000000e+002
3.720000 3.000000e+002
3.722000 3.000000e+002
3.724000 3.000000e+002
3.726000 3.000000e+002
3.728000 3.000000e+002
3.730000 3.000000e+002
3.732000 3.000000e+002
3.734000 3.000000e+002
3.736000 3.000000e+002
3.738000 3.000000e+002
3.740000 3.000000e+002
3.742000 3.000000e+002
3.744000 3.000000e+002
3.746000 3.000000e+002
3.748000 3.000000e+002
3.750000 3.000000e+002
3.752000 3.000000e+002
3.754000 3.000000e+002
3.756000 3.000000e+002
3.758000 3.000000e+002
3.760000 3.000000e+002
3.762000 3.000000e+002
3.764000 3.000000e+002
3.766000 3.000000e+002
3.768000 3.000000e+002
3.770000 3.000000e+002
3.772000 3.000000e+002
3.774000 3.000000e+002
3.776000 3.000000e+002
3.778000 3.000000e+002
3.780000 3.000000e+002
3.782000 3.000000e+002
3.784000 3.000000e+002
3.786000 3.000000e+002
3.788000 3.000000e+002
3.790000 3.000000e+002
3.792000 3.000000e+002
3.794000 3.000000e+002
3.796000 3.000000e+002
3.798000 3.000000e+002
3.800000 3.000000e+002
3.802000 3.000000e+002
3.804000 3.000000e+002
3.806000 3.000000e+002
3.808000 3.000000e+002
3.810000 3.000000e+002
3.812000 3.000000e+002
3.814000 3.000000e+002
3.816000 3.000000e+002
3.818000 3.000000e+002
3.820000 3.000000e+002
3.822000 3.000000e+002
3.824000 3.000000e+002
3.826000 3.000000e+002
3.828000 3.000000e+002
3.830000 3.000000e+002
3.832000 3.000000e+002
3.834000 3.000000e+002
3.836000 3.000000e+002
3.838000 3.000000e+002
3.840000 3.000000e+002
3.842000 3.000000e+002
3.844000 3.000000e+002
3.846000 3.000000e+002
3.848000 3.000000e+002
3.850000 3.000000e+002
3.852000 3.000000e+002
3.854000 3.000000e+002
3.856000 3.000000e+002
3.858000 3.000000e+002
3.860000 3.000000e+002
3.862000 3.000000e+002
3.864000 3.000000e+002
3.866000 3.000000e+002
3.868000 3.000000e+002
3.870000 3.000000e+002
3.872000 3.000000e+002
3.874000 3.000000e+002
3.876000 3.000000e+002
3.878000 3.000000e+002
3.880000 3.000000e+002
3.882000 3.000000e+002
3.884000 3.000000e+002
3.886000 3.000000e+002
3.888000 3.000000e+002
3.890000 3.000000e+002
3.892000 3.000000e+002
3.894000 3.000000e+002
3.896000 3.000000e+002
3.898000 3.000000e+002
3.900000 3.000000e+002
3.902000 3.000000e+002
3.904000 3.000000e+002
3.906000 3.000000e+002
3.908000 3.000000e+002
3.910000 3.000000e+002
3.912000 3.000000e+002
3.914000 3.000000e+002
3.916000 3.000000e+002
3.918000 3.000000e+002
3.920000 3.000000e+002
3.922000 3.000000e+002
3.924000 3.000000e+002
3.926000 3.000000e+002
3.928000 3.000000e+002
3.930000 3.000000e+002
3.932000 3.000000e+002
3.934000 3.000000e+002
3.936000 3.000000e+002
3.938000 3.000000e+002
3.940000 3.000000e+002
3.942000 3.000000e+002
3.944000 3.000000e+002
3.946000 3.000000e+002
3.948000 3.000000e+002
3.950000 3.000000e+002
3.952000 3.000000e+002
3.954000 3.000000e+002
3.956000 3.000000e+002
3.958000 3.000000e+002
3.960000 3.000000e+002
3.962000 3.000000e+002
3.964000 3.000000e+002
3.966000 3.000000e+002
3.968000 3.000000e+002
3.970000 3.000000e+002
3.972000 3.000000e+002
3.974000 3.000000e+002
3.976000 3.000000e+002
3.978000 3.000000e+002
3.980000 3.000000e+002
3.982000 3.000000e+002
3.984000 3.000000e+002
3.986000 3.000000e+002
3.988000 3.000000e+002
3.990000 3.000000e+002
3.992000 3.000000e+002
3.994000 3.000000e+002
3.996000 3.000000e+002
3.998000 3.000000e+002
