0.000000 3.820454e+002
0.002000 3.913583e+002
0.004000 4.006630e+002
0.006000 4.099584e+002
0.008000 4.192437e+002
0.010000 4.285180e+002
0.012000 4.377805e+002
0.014000 4.470303e+002
0.016000 4.562665e+002
0.018000 4.654882e+002
0.020000 4.746947e+002
0.022000 4.838850e+002
0.024000 4.930582e+002
0.026000 5.022136e+002
0.028000 5.113503e+002
0.030000 5.204675e+002
0.032000 5.295643e+002
0.034000 5.386400e+002
0.036000 5.476936e+002
0.038000 5.567244e+002
0.040000 5.657316e+002
0.042000 5.747144e+002
0.044000 5.836719e+002
0.046000 5.926035e+002
0.048000 6.015083e+002
0.050000 6.103855e+002
0.052000 6.192344e+002
0.054000 6.280543e+002
0.056000 6.368443e+002
0.058000 6.456038e+002
0.060000 6.543320e+002
0.062000 6.630282e+002
0.064000 6.716917e+002
0.066000 6.803217e+002
0.068000 6.889176e+002
0.070000 6.974787e+002
0.072000 7.060044e+002
0.074000 7.144938e+002
0.076000 7.229465e+002
0.078000 7.313617e+002
0.080000 7.397388e+002
0.082000 7.480772e+002
0.084000 7.563762e+002
0.086000 7.646353e+002
0.088000 7.728538e+002
0.090000 7.810312e+002
0.092000 7.891669e+002
0.094000 7.972603e+002
0.096000 8.053109e+002
0.098000 8.133181e+002
0.100000 8.212814e+002
0.102000 8.292003e+002
0.104000 8.370743e+002
0.106000 8.449028e+002
0.108000 8.526854e+002
0.110000 8.604216e+002
0.112000 8.681110e+002
0.114000 8.757531e+002
0.116000 8.833474e+002
0.118000 8.908936e+002
0.120000 8.983911e+002
0.122000 9.058397e+002
0.124000 9.132389e+002
0.126000 9.205883e+002
0.128000 9.278877e+002
0.130000 9.351365e+002
0.132000 9.423345e+002
0.134000 9.494813e+002
0.136000 9.565767e+002
0.138000 9.636202e+002
0.140000 9.706117e+002
0.142000 9.775508e+002
0.144000 9.844373e+002
0.146000 9.912709e+002
0.148000 9.980513e+002
0.150000 1.004778e+003
0.152000 1.011452e+003
0.154000 1.018071e+003
0.156000 1.024637e+003
0.158000 1.031149e+003
0.160000 1.037606e+003
0.162000 1.044008e+003
0.164000 1.050356e+003
0.166000 1.056649e+003
0.168000 1.062887e+003
0.170000 1.069070e+003
0.172000 1.075198e+003
0.174000 1.081270e+003
0.176000 1.087287e+003
0.178000 1.093249e+003
0.180000 1.099155e+003
0.182000 1.105006e+003
0.184000 1.110801e+003
0.186000 1.116540e+003
0.188000 1.122224e+003
0.190000 1.127853e+003
0.192000 1.133425e+003
0.194000 1.138942e+003
0.196000 1.144403e+003
0.198000 1.149809e+003
0.200000 1.155160e+003
0.202000 1.160455e+003
0.204000 1.165694e+003
0.206000 1.170878e+003
0.208000 1.176007e+003
0.210000 1.181081e+003
0.212000 1.186100e+003
0.214000 1.191064e+003
0.216000 1.195973e+003
0.218000 1.200827e+003
0.220000 1.205627e+003
0.222000 1.210372e+003
0.224000 1.215064e+003
0.226000 1.219701e+003
0.228000 1.224284e+003
0.230000 1.228814e+003
0.232000 1.233290e+003
0.234000 1.237713e+003
0.236000 1.242083e+003
0.238000 1.246400e+003
0.240000 1.250664e+003
0.242000 1.254876e+003
0.244000 1.259035e+003
0.246000 1.263143e+003
0.248000 1.267198e+003
0.250000 1.271203e+003
0.252000 1.275156e+003
0.254000 1.279058e+003
0.256000 1.282910e+003
0.258000 1.286711e+003
0.260000 1.290462e+003
0.262000 1.294163e+003
0.264000 1.297815e+003
0.266000 1.301417e+003
0.268000 1.304971e+003
0.270000 1.308476e+003
0.272000 1.311932e+003
0.274000 1.315341e+003
0.276000 1.318702e+003
0.278000 1.322016e+003
0.280000 1.325282e+003
0.282000 1.328502e+003
0.284000 1.331676e+003
0.286000 1.334804e+003
0.288000 1.337886e+003
0.290000 1.340923e+003
0.292000 1.343915e+003
0.294000 1.346862e+003
0.296000 1.349765e+003
0.298000 1.352624e+003
0.300000 1.355440e+003
0.302000 1.358213e+003
0.304000 1.360942e+003
0.306000 1.363630e+003
0.308000 1.366275e+003
0.310000 1.368879e+003
0.312000 1.371442e+003
0.314000 1.373963e+003
0.316000 1.376444e+003
0.318000 1.378885e+003
0.320000 1.381287e+003
0.322000 1.383648e+003
0.324000 1.385971e+003
0.326000 1.388255e+003
0.328000 1.390501e+003
0.330000 1.392709e+003
0.332000 1.394880e+003
0.334000 1.397013e+003
0.336000 1.399110e+003
0.338000 1.401170e+003
0.340000 1.403195e+003
0.342000 1.405184e+003
0.344000 1.407137e+003
0.346000 1.409056e+003
0.348000 1.410940e+003
0.350000 1.412791e+003
0.352000 1.414607e+003
0.354000 1.416391e+003
0.356000 1.418141e+003
0.358000 1.419859e+003
0.360000 1.421544e+003
0.362000 1.423198e+003
0.364000 1.424820e+003
0.366000 1.426411e+003
0.368000 1.427971e+003
0.370000 1.429501e+003
0.372000 1.431001e+003
0.374000 1.432471e+003
0.376000 1.433912e+003
0.378000 1.435324e+003
0.380000 1.436707e+003
0.382000 1.438061e+003
0.384000 1.439388e+003
0.386000 1.440688e+003
0.388000 1.441959e+003
0.390000 1.443204e+003
0.392000 1.444423e+003
0.394000 1.445615e+003
0.396000 1.446781e+003
0.398000 1.447921e+003
0.400000 1.449036e+003
0.402000 1.450126e+003
0.404000 1.451191e+003
0.406000 1.452232e+003
0.408000 1.453249e+003
0.410000 1.454242e+003
0.412000 1.455211e+003
0.414000 1.456157e+003
0.416000 1.457080e+003
0.418000 1.457980e+003
0.420000 1.458858e+003
0.422000 1.459714e+003
0.424000 1.460548e+003
0.426000 1.461361e+003
0.428000 1.462152e+003
0.430000 1.462922e+003
0.432000 1.463671e+003
0.434000 1.464399e+003
0.436000 1.465107e+003
0.438000 1.465795e+003
0.440000 1.466464e+003
0.442000 1.467112e+003
0.444000 1.467741e+003
0.446000 1.468351e+003
0.448000 1.468942e+003
0.450000 1.469514e+003
0.452000 1.470068e+003
0.454000 1.470603e+003
0.456000 1.471120e+003
0.458000 1.471619e+003
0.460000 1.472101e+003
0.462000 1.472564e+003
0.464000 1.473011e+003
0.466000 1.473440e+003
0.468000 1.473852e+003
0.470000 1.474247e+003
0.472000 1.474625e+003
0.474000 1.474987e+003
0.476000 1.475332e+003
0.478000 1.475661e+003
0.480000 1.475974e+003
0.482000 1.476271e+003
0.484000 1.476551e+003
0.486000 1.476816e+003
0.488000 1.477066e+003
0.490000 1.477300e+003
0.492000 1.477518e+003
0.494000 1.477721e+003
0.496000 1.477909e+003
0.498000 1.478082e+003
0.500000 1.478240e+003
0.502000 1.478383e+003
0.504000 1.478511e+003
0.506000 1.478624e+003
0.508000 1.478722e+003
0.510000 1.478806e+003
0.512000 1.478875e+003
0.514000 1.478930e+003
0.516000 1.478970e+003
0.518000 1.478996e+003
0.520000 1.479008e+003
0.522000 1.479005e+003
0.524000 1.478988e+003
0.526000 1.478956e+003
0.528000 1.478911e+003
0.530000 1.478851e+003
0.532000 1.478777e+003
0.534000 1.478689e+003
0.536000 1.478586e+003
0.538000 1.478470e+003
0.540000 1.478339e+003
0.542000 1.478194e+003
0.544000 1.478035e+003
0.546000 1.477862e+003
0.548000 1.477674e+003
0.550000 1.477473e+003
0.552000 1.477257e+003
0.554000 1.477027e+003
0.556000 1.476782e+003
0.558000 1.476523e+003
0.560000 1.476250e+003
0.562000 1.475962e+003
0.564000 1.475660e+003
0.566000 1.475344e+003
0.568000 1.475012e+003
0.570000 1.474666e+003
0.572000 1.474306e+003
0.574000 1.473930e+003
0.576000 1.473540e+003
0.578000 1.473135e+003
0.580000 1.472714e+003
0.582000 1.472279e+003
0.584000 1.471829e+003
0.586000 1.471363e+003
0.588000 1.470882e+003
0.590000 1.470385e+003
0.592000 1.469873e+003
0.594000 1.469345e+003
0.596000 1.468802e+003
0.598000 1.468242e+003
0.600000 1.467667e+003
0.602000 1.467076e+003
0.604000 1.466468e+003
0.606000 1.465844e+003
0.608000 1.465204e+003
0.610000 1.464547e+003
0.612000 1.463873e+003
0.614000 1.463183e+003
0.616000 1.462475e+003
0.618000 1.461751e+003
0.620000 1.461009e+003
0.622000 1.460250e+003
0.624000 1.459473e+003
0.626000 1.458679e+003
0.628000 1.457867e+003
0.630000 1.457037e+003
0.632000 1.456189e+003
0.634000 1.455323e+003
0.636000 1.454438e+003
0.638000 1.453535e+003
0.640000 1.452613e+003
0.642000 1.451672e+003
0.644000 1.450712e+003
0.646000 1.449733e+003
0.648000 1.448735e+003
0.650000 1.447717e+003
0.652000 1.446680e+003
0.654000 1.445623e+003
0.656000 1.444545e+003
0.658000 1.443448e+003
0.660000 1.442330e+003
0.662000 1.441192e+003
0.664000 1.440033e+003
0.666000 1.438853e+003
0.668000 1.437653e+003
0.670000 1.436431e+003
0.672000 1.435188e+003
0.674000 1.433923e+003
0.676000 1.432636e+003
0.678000 1.431328e+003
0.680000 1.429998e+003
0.682000 1.428646e+003
0.684000 1.427271e+003
0.686000 1.425874e+003
0.688000 1.424454e+003
0.690000 1.423011e+003
0.692000 1.421545e+003
0.694000 1.420056e+003
0.696000 1.418544e+003
0.698000 1.417008e+003
0.700000 1.415448e+003
0.702000 1.413865e+003
0.704000 1.412258e+003
0.706000 1.410626e+003
0.708000 1.408970e+003
0.710000 1.407290e+003
0.712000 1.405585e+003
0.714000 1.403855e+003
0.716000 1.402100e+003
0.718000 1.400321e+003
0.720000 1.398516e+003
0.722000 1.396685e+003
0.724000 1.394830e+003
0.726000 1.392948e+003
0.728000 1.391041e+003
0.730000 1.389107e+003
0.732000 1.387148e+003
0.734000 1.385163e+003
0.736000 1.383151e+003
0.738000 1.381113e+003
0.740000 1.379048e+003
0.742000 1.376956e+003
0.744000 1.374838e+003
0.746000 1.372693e+003
0.748000 1.370521e+003
0.750000 1.368321e+003
0.752000 1.366095e+003
0.754000 1.363841e+003
0.756000 1.361559e+003
0.758000 1.359251e+003
0.760000 1.356914e+003
0.762000 1.354550e+003
0.764000 1.352158e+003
0.766000 1.349738e+003
0.768000 1.347291e+003
0.770000 1.344815e+003
0.772000 1.342311e+003
0.774000 1.339780e+003
0.776000 1.337220e+003
0.778000 1.334632e+003
0.780000 1.332015e+003
0.782000 1.329371e+003
0.784000 1.326698e+003
0.786000 1.323997e+003
0.788000 1.321267e+003
0.790000 1.318509e+003
0.792000 1.315722e+003
0.794000 1.312908e+003
0.796000 1.310064e+003
0.798000 1.307193e+003
0.800000 1.304293e+003
0.802000 1.301364e+003
0.804000 1.298407e+003
0.806000 1.295422e+003
0.808000 1.292408e+003
0.810000 1.289367e+003
0.812000 1.286297e+003
0.814000 1.283198e+003
0.816000 1.280072e+003
0.818000 1.276917e+003
0.820000 1.273735e+003
0.822000 1.270524e+003
0.824000 1.267285e+003
0.826000 1.264019e+003
0.828000 1.260725e+003
0.830000 1.257403e+003
0.832000 1.254054e+003
0.834000 1.250678e+003
0.836000 1.247274e+003
0.838000 1.243842e+003
0.840000 1.240384e+003
0.842000 1.236899e+003
0.844000 1.233387e+003
0.846000 1.229848e+003
0.848000 1.226283e+003
0.850000 1.222691e+003
0.852000 1.219074e+003
0.854000 1.215430e+003
0.856000 1.211760e+003
0.858000 1.208065e+003
0.860000 1.204344e+003
0.862000 1.200597e+003
0.864000 1.196826e+003
0.866000 1.193030e+003
0.868000 1.189209e+003
0.870000 1.185363e+003
0.872000 1.181493e+003
0.874000 1.177599e+003
0.876000 1.173682e+003
0.878000 1.169741e+003
0.880000 1.165776e+003
0.882000 1.161788e+003
0.884000 1.157778e+003
0.886000 1.153745e+003
0.888000 1.149690e+003
0.890000 1.145612e+003
0.892000 1.141513e+003
0.894000 1.137393e+003
0.896000 1.133251e+003
0.898000 1.129089e+003
0.900000 1.124906e+003
0.902000 1.120702e+003
0.904000 1.116479e+003
0.906000 1.112236e+003
0.908000 1.107974e+003
0.910000 1.103693e+003
0.912000 1.099394e+003
0.914000 1.095076e+003
0.916000 1.090740e+003
0.918000 1.086387e+003
0.920000 1.082016e+003
0.922000 1.077628e+003
0.924000 1.073224e+003
0.926000 1.068804e+003
0.928000 1.064368e+003
0.930000 1.059917e+003
0.932000 1.055451e+003
0.934000 1.050970e+003
0.936000 1.046475e+003
0.938000 1.041966e+003
0.940000 1.037444e+003
0.942000 1.032909e+003
0.944000 1.028361e+003
0.946000 1.023800e+003
0.948000 1.019229e+003
0.950000 1.014645e+003
0.952000 1.010051e+003
0.954000 1.005446e+003
0.956000 1.000831e+003
0.958000 9.962066e+002
0.960000 9.915727e+002
0.962000 9.869300e+002
0.964000 9.822790e+002
0.966000 9.776200e+002
0.968000 9.729535e+002
0.970000 9.682799e+002
0.972000 9.635998e+002
0.974000 9.589134e+002
0.976000 9.542214e+002
0.978000 9.495241e+002
0.980000 9.448220e+002
0.982000 9.401155e+002
0.984000 9.354052e+002
0.986000 9.306914e+002
0.988000 9.259746e+002
0.990000 9.212552e+002
0.992000 9.165338e+002
0.994000 9.118108e+002
0.996000 9.070867e+002
0.998000 9.023618e+002
1.000000 8.976367e+002
1.002000 8.929119e+002
1.004000 8.881877e+002
1.006000 8.834647e+002
1.008000 8.787433e+002
1.010000 8.740239e+002
1.012000 8.693071e+002
1.014000 8.645932e+002
1.016000 8.598829e+002
1.018000 8.551764e+002
1.020000 8.504742e+002
1.022000 8.457769e+002
1.024000 8.410848e+002
1.026000 8.363984e+002
1.028000 8.317182e+002
1.030000 8.270446e+002
1.032000 8.223780e+002
1.034000 8.177190e+002
1.036000 8.130679e+002
1.038000 8.084251e+002
1.040000 8.037912e+002
1.042000 7.991665e+002
1.044000 7.945514e+002
1.046000 7.899465e+002
1.048000 7.853521e+002
1.050000 7.807687e+002
1.052000 7.761966e+002
1.054000 7.716363e+002
1.056000 7.670882e+002
1.058000 7.625528e+002
1.060000 7.580303e+002
1.062000 7.535213e+002
1.064000 7.490261e+002
1.066000 7.445450e+002
1.068000 7.400786e+002
1.070000 7.356272e+002
1.072000 7.311911e+002
1.074000 7.267708e+002
1.076000 7.223666e+002
1.078000 7.179789e+002
1.080000 7.136080e+002
1.082000 7.092544e+002
1.084000 7.049183e+002
1.086000 7.006001e+002
1.088000 6.963002e+002
1.090000 6.920189e+002
1.092000 6.877565e+002
1.094000 6.835134e+002
1.096000 6.792898e+002
1.098000 6.750862e+002
1.100000 6.709028e+002
1.102000 6.667399e+002
1.104000 6.625979e+002
1.106000 6.584770e+002
1.108000 6.543775e+002
1.110000 6.502997e+002
1.112000 6.462439e+002
1.114000 6.422104e+002
1.116000 6.381994e+002
1.118000 6.342112e+002
1.120000 6.302460e+002
1.122000 6.263042e+002
1.124000 6.223859e+002
1.126000 6.184913e+002
1.128000 6.146208e+002
1.130000 6.107746e+002
1.132000 6.069527e+002
1.134000 6.031556e+002
1.136000 5.993834e+002
1.138000 5.956362e+002
1.140000 5.919144e+002
1.142000 5.882180e+002
1.144000 5.845472e+002
1.146000 5.809023e+002
1.148000 5.772834e+002
1.150000 5.736907e+002
1.152000 5.701243e+002
1.154000 5.665844e+002
1.156000 5.630711e+002
1.158000 5.595846e+002
1.160000 5.561249e+002
1.162000 5.526923e+002
1.164000 5.492868e+002
1.166000 5.459086e+002
1.168000 5.425578e+002
1.170000 5.392344e+002
1.172000 5.359386e+002
1.174000 5.326705e+002
1.176000 5.294301e+002
1.178000 5.262175e+002
1.180000 5.230328e+002
1.182000 5.198760e+002
1.184000 5.167473e+002
1.186000 5.136466e+002
1.188000 5.105741e+002
1.190000 5.075297e+002
1.192000 5.045135e+002
1.194000 5.015255e+002
1.196000 4.985657e+002
1.198000 4.956343e+002
1.200000 4.927311e+002
1.202000 4.898562e+002
1.204000 4.870095e+002
1.206000 4.841912e+002
1.208000 4.814011e+002
1.210000 4.786393e+002
1.212000 4.759058e+002
1.214000 4.732004e+002
1.216000 4.705232e+002
1.218000 4.678742e+002
1.220000 4.652533e+002
1.222000 4.626604e+002
1.224000 4.600956e+002
1.226000 4.575587e+002
1.228000 4.550497e+002
1.230000 4.525686e+002
1.232000 4.501152e+002
1.234000 4.476895e+002
1.236000 4.452914e+002
1.238000 4.429208e+002
1.240000 4.405776e+002
1.242000 4.382618e+002
1.244000 4.359733e+002
1.246000 4.337119e+002
1.248000 4.314775e+002
1.250000 4.292701e+002
1.252000 4.270895e+002
1.254000 4.249357e+002
1.256000 4.228084e+002
1.258000 4.207075e+002
1.260000 4.186330e+002
1.262000 4.165847e+002
1.264000 4.145625e+002
1.266000 4.125662e+002
1.268000 4.105958e+002
1.270000 4.086509e+002
1.272000 4.067316e+002
1.274000 4.048376e+002
1.276000 4.029688e+002
1.278000 4.011251e+002
1.280000 3.993063e+002
1.282000 3.975121e+002
1.284000 3.957426e+002
1.286000 3.939974e+002
1.288000 3.922765e+002
1.290000 3.905796e+002
1.292000 3.889066e+002
1.294000 3.872573e+002
1.296000 3.856316e+002
1.298000 3.840292e+002
1.300000 3.824499e+002
1.302000 3.808937e+002
1.304000 3.793602e+002
1.306000 3.778494e+002
1.308000 3.763610e+002
1.310000 3.748948e+002
1.312000 3.734507e+002
1.314000 3.720284e+002
1.316000 3.706278e+002
1.318000 3.692486e+002
1.320000 3.678907e+002
1.322000 3.665539e+002
1.324000 3.652379e+002
1.326000 3.639426e+002
1.328000 3.626678e+002
1.330000 3.614132e+002
1.332000 3.601787e+002
1.334000 3.589641e+002
1.336000 3.577692e+002
1.338000 3.565936e+002
1.340000 3.554374e+002
1.342000 3.543002e+002
1.344000 3.531818e+002
1.346000 3.520821e+002
1.348000 3.510008e+002
1.350000 3.499377e+002
1.352000 3.488926e+002
1.354000 3.478654e+002
1.356000 3.468558e+002
1.358000 3.458636e+002
1.360000 3.448885e+002
1.362000 3.439305e+002
1.364000 3.429893e+002
1.366000 3.420646e+002
1.368000 3.411564e+002
1.370000 3.402643e+002
1.372000 3.393882e+002
1.374000 3.385279e+002
1.376000 3.376831e+002
1.378000 3.368537e+002
1.380000 3.360395e+002
1.382000 3.352403e+002
1.384000 3.344558e+002
1.386000 3.336859e+002
1.388000 3.329304e+002
1.390000 3.321891e+002
1.392000 3.314617e+002
1.394000 3.307482e+002
1.396000 3.300482e+002
1.398000 3.293616e+002
1.400000 3.286883e+002
1.402000 3.280280e+002
1.404000 3.273805e+002
1.406000 3.267457e+002
1.408000 3.261233e+002
1.410000 3.255133e+002
1.412000 3.249153e+002
1.414000 3.243292e+002
1.416000 3.237548e+002
1.418000 3.231920e+002
1.420000 3.226406e+002
1.422000 3.221004e+002
1.424000 3.215711e+002
1.426000 3.210528e+002
1.428000 3.205451e+002
1.430000 3.200478e+002
1.432000 3.195610e+002
1.434000 3.190843e+002
1.436000 3.186175e+002
1.438000 3.181607e+002
1.440000 3.177134e+002
1.442000 3.172757e+002
1.444000 3.168473e+002
1.446000 3.164282e+002
1.448000 3.160180e+002
1.450000 3.156167e+002
1.452000 3.152242e+002
1.454000 3.148402e+002
1.456000 3.144646e+002
1.458000 3.140973e+002
1.460000 3.137381e+002
1.462000 3.133869e+002
1.464000 3.130435e+002
1.466000 3.127078e+002
1.468000 3.123797e+002
1.470000 3.120590e+002
1.472000 3.117455e+002
1.474000 3.114392e+002
1.476000 3.111399e+002
1.478000 3.108475e+002
1.480000 3.105618e+002
1.482000 3.102828e+002
1.484000 3.100102e+002
1.486000 3.097440e+002
1.488000 3.094840e+002
1.490000 3.092301e+002
1.492000 3.089823e+002
1.494000 3.087403e+002
1.496000 3.085041e+002
1.498000 3.082736e+002
1.500000 3.080486e+002
1.502000 3.078290e+002
1.504000 3.076147e+002
1.506000 3.074056e+002
1.508000 3.072017e+002
1.510000 3.070027e+002
1.512000 3.068086e+002
1.514000 3.066193e+002
1.516000 3.064347e+002
1.518000 3.062547e+002
1.520000 3.060792e+002
1.522000 3.059081e+002
1.524000 3.057413e+002
1.526000 3.055787e+002
1.528000 3.054202e+002
1.530000 3.052657e+002
1.532000 3.051152e+002
1.534000 3.049686e+002
1.536000 3.048257e+002
1.538000 3.046865e+002
1.540000 3.045510e+002
1.542000 3.044189e+002
1.544000 3.042903e+002
1.546000 3.041651e+002
1.548000 3.040432e+002
1.550000 3.039244e+002
1.552000 3.038089e+002
1.554000 3.036964e+002
1.556000 3.035869e+002
1.558000 3.034803e+002
1.560000 3.033766e+002
1.562000 3.032757e+002
1.564000 3.031775e+002
1.566000 3.030820e+002
1.568000 3.029891e+002
1.570000 3.028987e+002
1.572000 3.028108e+002
1.574000 3.027253e+002
1.576000 3.026422e+002
1.578000 3.025614e+002
1.580000 3.024828e+002
1.582000 3.024065e+002
1.584000 3.023322e+002
1.586000 3.022601e+002
1.588000 3.021900e+002
1.590000 3.021218e+002
1.592000 3.020557e+002
1.594000 3.019913e+002
1.596000 3.019289e+002
1.598000 3.018682e+002
1.600000 3.018093e+002
1.602000 3.017520e+002
1.604000 3.016964e+002
1.606000 3.016425e+002
1.608000 3.015901e+002
1.610000 3.015392e+002
1.612000 3.014899e+002
1.614000 3.014419e+002
1.616000 3.013954e+002
1.618000 3.013503e+002
1.620000 3.013065e+002
1.622000 3.012641e+002
1.624000 3.012229e+002
1.626000 3.011829e+002
1.628000 3.011441e+002
1.630000 3.011065e+002
1.632000 3.010700e+002
1.634000 3.010347e+002
1.636000 3.010004e+002
1.638000 3.009672e+002
1.640000 3.009350e+002
1.642000 3.009038e+002
1.644000 3.008735e+002
1.646000 3.008442e+002
1.648000 3.008158e+002
1.650000 3.007882e+002
1.652000 3.007616e+002
1.654000 3.007357e+002
1.656000 3.007107e+002
1.658000 3.006865e+002
1.660000 3.006630e+002
1.662000 3.006403e+002
1.664000 3.006183e+002
1.666000 3.005970e+002
1.668000 3.005764e+002
1.670000 3.005564e+002
1.672000 3.005371e+002
1.674000 3.005184e+002
1.676000 3.005003e+002
1.678000 3.004828e+002
1.680000 3.004659e+002
1.682000 3.004495e+002
1.684000 3.004337e+002
1.686000 3.004183e+002
1.688000 3.004035e+002
1.690000 3.003892e+002
1.692000 3.003753e+002
1.694000 3.003619e+002
1.696000 3.003490e+002
1.698000 3.003365e+002
1.700000 3.003244e+002
1.702000 3.003127e+002
1.704000 3.003014e+002
1.706000 3.002905e+002
1.708000 3.002799e+002
1.710000 3.002697e+002
1.712000 3.002599e+002
1.714000 3.002504e+002
1.716000 3.002412e+002
1.718000 3.002323e+002
1.720000 3.002238e+002
1.722000 3.002155e+002
1.724000 3.002075e+002
1.726000 3.001998e+002
1.728000 3.001924e+002
1.730000 3.001852e+002
1.732000 3.001783e+002
1.734000 3.001716e+002
1.736000 3.001652e+002
1.738000 3.001590e+002
1.740000 3.001530e+002
1.742000 3.001472e+002
1.744000 3.001416e+002
1.746000 3.001362e+002
1.748000 3.001310e+002
1.750000 3.001260e+002
1.752000 3.001212e+002
1.754000 3.001166e+002
1.756000 3.001121e+002
1.758000 3.001078e+002
1.760000 3.001036e+002
1.762000 3.000996e+002
1.764000 3.000957e+002
1.766000 3.000920e+002
1.768000 3.000884e+002
1.770000 3.000850e+002
1.772000 3.000816e+002
1.774000 3.000784e+002
1.776000 3.000754e+002
1.778000 3.000724e+002
1.780000 3.000695e+002
1.782000 3.000668e+002
1.784000 3.000641e+002
1.786000 3.000616e+002
1.788000 3.000591e+002
1.790000 3.000568e+002
1.792000 3.000545e+002
1.794000 3.000523e+002
1.796000 3.000502e+002
1.798000 3.000482e+002
1.800000 3.000462e+002
1.802000 3.000444e+002
1.804000 3.000426e+002
1.806000 3.000408e+002
1.808000 3.000392e+002
1.810000 3.000376e+002
1.812000 3.000360e+002
1.814000 3.000345e+002
1.816000 3.000331e+002
1.818000 3.000318e+002
1.820000 3.000304e+002
1.822000 3.000292e+002
1.824000 3.000280e+002
1.826000 3.000268e+002
1.828000 3.000257e+002
1.830000 3.000246e+002
1.832000 3.000236e+002
1.834000 3.000226e+002
1.836000 3.000217e+002
1.838000 3.000207e+002
1.840000 3.000199e+002
1.842000 3.000190e+002
1.844000 3.000182e+002
1.846000 3.000175e+002
1.848000 3.000167e+002
1.850000 3.000160e+002
1.852000 3.000153e+002
1.854000 3.000147e+002
1.856000 3.000140e+002
1.858000 3.000134e+002
1.860000 3.000128e+002
1.862000 3.000123e+002
1.864000 3.000118e+002
1.866000 3.000113e+002
1.868000 3.000108e+002
1.870000 3.000103e+002
1.872000 3.000098e+002
1.874000 3.000094e+002
1.876000 3.000090e+002
1.878000 3.000086e+002
1.880000 3.000082e+002
1.882000 3.000079e+002
1.884000 3.000075e+002
1.886000 3.000072e+002
1.888000 3.000069e+002
1.890000 3.000066e+002
1.892000 3.000063e+002
1.894000 3.000060e+002
1.896000 3.000057e+002
1.898000 3.000055e+002
1.900000 3.000052e+002
1.902000 3.000050e+002
1.904000 3.000048e+002
1.906000 3.000045e+002
1.908000 3.000043e+002
1.910000 3.000041e+002
1.912000 3.000040e+002
1.914000 3.000038e+002
1.916000 3.000036e+002
1.918000 3.000034e+002
1.920000 3.000033e+002
1.922000 3.000031e+002
1.924000 3.000030e+002
1.926000 3.000029e+002
1.928000 3.000027e+002
1.930000 3.000026e+002
1.932000 3.000025e+002
1.934000 3.000024e+002
1.936000 3.000022e+002
1.938000 3.000021e+002
1.940000 3.000020e+002
1.942000 3.000019e+002
1.944000 3.000019e+002
1.946000 3.000018e+002
1.948000 3.000017e+002
1.950000 3.000016e+002
1.952000 3.000015e+002
1.954000 3.000015e+002
1.956000 3.000014e+002
1.958000 3.000013e+002
1.960000 3.000013e+002
1.962000 3.000012e+002
1.964000 3.000011e+002
1.966000 3.000011e+002
1.968000 3.000010e+002
1.970000 3.000010e+002
1.972000 3.000009e+002
1.974000 3.000009e+002
1.976000 3.000009e+002
1.978000 3.000008e+002
1.980000 3.000008e+002
1.982000 3.000007e+002
1.984000 3.000007e+002
1.986000 3.000007e+002
1.988000 3.000006e+002
1.990000 3.000006e+002
1.992000 3.000006e+002
1.994000 3.000005e+002
1.996000 3.000005e+002
1.998000 3.000005e+002
2.000000 3.000005e+002
2.002000 3.000004e+002
2.004000 3.000004e+002
2.006000 3.000004e+002
2.008000 3.000004e+002
2.010000 3.000004e+002
2.012000 3.000003e+002
2.014000 3.000003e+002
2.016000 3.000003e+002
2.018000 3.000003e+002
2.020000 3.000003e+002
2.022000 3.000003e+002
2.024000 3.000003e+002
2.026000 3.000002e+002
2.028000 3.000002e+002
2.030000 3.000002e+002
2.032000 3.000002e+002
2.034000 3.000002e+002
2.036000 3.000002e+002
2.038000 3.000002e+002
2.040000 3.000002e+002
2.042000 3.000002e+002
2.044000 3.000001e+002
2.046000 3.000001e+002
2.048000 3.000001e+002
2.050000 3.000001e+002
2.052000 3.000001e+002
2.054000 3.000001e+002
2.056000 3.000001e+002
2.058000 3.000001e+002
2.060000 3.000001e+002
2.062000 3.000001e+002
2.064000 3.000001e+002
2.066000 3.000001e+002
2.068000 3.000001e+002
2.070000 3.000001e+002
2.072000 3.000001e+002
2.074000 3.000001e+002
2.076000 3.000001e+002
2.078000 3.000001e+002
2.080000 3.000001e+002
2.082000 3.000001e+002
2.084000 3.000001e+002
2.086000 3.000000e+002
2.088000 3.000000e+002
2.090000 3.000000e+002
2.092000 3.000000e+002
2.094000 3.000000e+002
2.096000 3.000000e+002
2.098000 3.000000e+002
2.100000 3.000000e+002
2.102000 3.000000e+002
2.104000 3.000000e+002
2.106000 3.000000e+002
2.108000 3.000000e+002
2.110000 3.000000e+002
2.112000 3.000000e+002
2.114000 3.000000e+002
2.116000 3.000000e+002
2.118000 3.000000e+002
2.120000 3.000000e+002
2.122000 3.000000e+002
2.124000 3.000000e+002
2.126000 3.000000e+002
2.128000 3.000000e+002
2.130000 3.000000e+002
2.132000 3.000000e+002
2.134000 3.000000e+002
2.136000 3.000000e+002
2.138000 3.000000e+002
2.140000 3.000000e+002
2.142000 3.000000e+002
2.144000 3.000000e+002
2.146000 3.000000e+002
2.148000 3.000000e+002
2.150000 3.000000e+002
2.152000 3.000000e+002
2.154000 3.000000e+002
2.156000 3.000000e+002
2.158000 3.000000e+002
2.160000 3.000000e+002
2.162000 3.000000e+002
2.164000 3.000000e+002
2.166000 3.000000e+002
2.168000 3.000000e+002
2.170000 3.000000e+002
2.172000 3.000000e+002
2.174000 3.000000e+002
2.176000 3.000000e+002
2.178000 3.000000e+002
2.180000 3.000000e+002
2.182000 3.000000e+002
2.184000 3.000000e+002
2.186000 3.000000e+002
2.188000 3.000000e+002
2.190000 3.000000e+002
2.192000 3.000000e+002
2.194000 3.000000e+002
2.196000 3.000000e+002
2.198000 3.000000e+002
2.200000 3.000000e+002
2.202000 3.000000e+002
2.204000 3.000000e+002
2.206000 3.000000e+002
2.208000 3.000000e+002
2.210000 3.000000e+002
2.212000 3.000000e+002
2.214000 3.000000e+002
2.216000 3.000000e+002
2.218000 3.000000e+002
2.220000 3.000000e+002
2.222000 3.000000e+002
2.224000 3.000000e+002
2.226000 3.000000e+002
2.228000 3.000000e+002
2.230000 3.000000e+002
2.232000 3.000000e+002
2.234000 3.000000e+002
2.236000 3.000000e+002
2.238000 3.000000e+002
2.240000 3.000000e+002
2.242000 3.000000e+002
2.244000 3.000000e+002
2.246000 3.000000e+002
2.248000 3.000000e+002
2.250000 3.000000e+002
2.252000 3.000000e+002
2.254000 3.000000e+002
2.256000 3.000000e+002
2.258000 3.000000e+002
2.260000 3.000000e+002
2.262000 3.000000e+002
2.264000 3.000000e+002
2.266000 3.000000e+002
2.268000 3.000000e+002
2.270000 3.000000e+002
2.272000 3.000000e+002
2.274000 3.000000e+002
2.276000 3.000000e+002
2.278000 3.000000e+002
2.280000 3.000000e+002
2.282000 3.000000e+002
2.284000 3.000000e+002
2.286000 3.000000e+002
2.288000 3.000000e+002
2.290000 3.000000e+002
2.292000 3.000000e+002
2.294000 3.000000e+002
2.296000 3.000000e+002
2.298000 3.000000e+002
2.300000 3.000000e+002
2.302000 3.000000e+002
2.304000 3.000000e+002
2.306000 3.000000e+002
2.308000 3.000000e+002
2.310000 3.000000e+002
2.312000 3.000000e+002
2.314000 3.000000e+002
2.316000 3.000000e+002
2.318000 3.000000e+002
2.320000 3.000000e+002
2.322000 3.000000e+002
2.324000 3.000000e+002
2.326000 3.000000e+002
2.328000 3.000000e+002
2.330000 3.000000e+002
2.332000 3.000000e+002
2.334000 3.000000e+002
2.336000 3.000000e+002
2.338000 3.000000e+002
2.340000 3.000000e+002
2.342000 3.000000e+002
2.344000 3.000000e+002
2.346000 3.000000e+002
2.348000 3.000000e+002
2.350000 3.000000e+002
2.352000 3.000000e+002
2.354000 3.000000e+002
2.356000 3.000000e+002
2.358000 3.000000e+002
2.360000 3.000000e+002
2.362000 3.000000e+002
2.364000 3.000000e+002
2.366000 3.000000e+002
2.368000 3.000000e+002
2.370000 3.000000e+002
2.372000 3.000000e+002
2.374000 3.000000e+002
2.376000 3.000000e+002
2.378000 3.000000e+002
2.380000 3.000000e+002
2.382000 3.000000e+002
2.384000 3.000000e+002
2.386000 3.000000e+002
2.388000 3.000000e+002
2.390000 3.000000e+002
2.392000 3.000000e+002
2.394000 3.000000e+002
2.396000 3.000000e+002
2.398000 3.000000e+002
2.400000 3.000000e+002
2.402000 3.000000e+002
2.404000 3.000000e+002
2.406000 3.000000e+002
2.408000 3.000000e+002
2.410000 3.000000e+002
2.412000 3.000000e+002
2.414000 3.000000e+002
2.416000 3.000000e+002
2.418000 3.000000e+002
2.420000 3.000000e+002
2.422000 3.000000e+002
2.424000 3.000000e+002
2.426000 3.000000e+002
2.428000 3.000000e+002
2.430000 3.000000e+002
2.432000 3.000000e+002
2.434000 3.000000e+002
2.436000 3.000000e+002
2.438000 3.000000e+002
2.440000 3.000000e+002
2.442000 3.000000e+002
2.444000 3.000000e+002
2.446000 3.000000e+002
2.448000 3.000000e+002
2.450000 3.000000e+002
2.452000 3.000000e+002
2.454000 3.000000e+002
2.456000 3.000000e+002
2.458000 3.000000e+002
2.460000 3.000000e+002
2.462000 3.000000e+002
2.464000 3.000000e+002
2.466000 3.000000e+002
2.468000 3.000000e+002
2.470000 3.000000e+002
2.472000 3.000000e+002
2.474000 3.000000e+002
2.476000 3.000000e+002
2.478000 3.000000e+002
2.480000 3.000000e+002
2.482000 3.000000e+002
2.484000 3.000000e+002
2.486000 3.000000e+002
2.488000 3.000000e+002
2.490000 3.000000e+002
2.492000 3.000000e+002
2.494000 3.000000e+002
2.496000 3.000000e+002
2.498000 3.000000e+002
2.500000 3.000000e+002
2.502000 3.000000e+002
2.504000 3.000000e+002
2.506000 3.000000e+002
2.508000 3.000000e+002
2.510000 3.000000e+002
2.512000 3.000000e+002
2.514000 3.000000e+002
2.516000 3.000000e+002
2.518000 3.000000e+002
2.520000 3.000000e+002
2.522000 3.000000e+002
2.524000 3.000000e+002
2.526000 3.000000e+002
2.528000 3.000000e+002
2.530000 3.000000e+002
2.532000 3.000000e+002
2.534000 3.000000e+002
2.536000 3.000000e+002
2.538000 3.000000e+002
2.540000 3.000000e+002
2.542000 3.000000e+002
2.544000 3.000000e+002
2.546000 3.000000e+002
2.548000 3.000000e+002
2.550000 3.000000e+002
2.552000 3.000000e+002
2.554000 3.000000e+002
2.556000 3.000000e+002
2.558000 3.000000e+002
2.560000 3.000000e+002
2.562000 3.000000e+002
2.564000 3.000000e+002
2.566000 3.000000e+002
2.568000 3.000000e+002
2.570000 3.000000e+002
2.572000 3.000000e+002
2.574000 3.000000e+002
2.576000 3.000000e+002
2.578000 3.000000e+002
2.580000 3.000000e+002
2.582000 3.000000e+002
2.584000 3.000000e+002
2.586000 3.000000e+002
2.588000 3.000000e+002
2.590000 3.000000e+002
2.592000 3.000000e+002
2.594000 3.000000e+002
2.596000 3.000000e+002
2.598000 3.000000e+002
2.600000 3.000000e+002
2.602000 3.000000e+002
2.604000 3.000000e+002
2.606000 3.000000e+002
2.608000 3.000000e+002
2.610000 3.000000e+002
2.612000 3.000000e+002
2.614000 3.000000e+002
2.616000 3.000000e+002
2.618000 3.000000e+002
2.620000 3.000000e+002
2.622000 3.000000e+002
2.624000 3.000000e+002
2.626000 3.000000e+002
2.628000 3.000000e+002
2.630000 3.000000e+002
2.632000 3.000000e+002
2.634000 3.000000e+002
2.636000 3.000000e+002
2.638000 3.000000e+002
2.640000 3.000000e+002
2.642000 3.000000e+002
2.644000 3.000000e+002
2.646000 3.000000e+002
2.648000 3.000000e+002
2.650000 3.000000e+002
2.652000 3.000000e+002
2.654000 3.000000e+002
2.656000 3.000000e+002
2.658000 3.000000e+002
2.660000 3.000000e+002
2.662000 3.000000e+002
2.664000 3.000000e+002
2.666000 3.000000e+002
2.668000 3.000000e+002
2.670000 3.000000e+002
2.672000 3.000000e+002
2.674000 3.000000e+002
2.676000 3.000000e+002
2.678000 3.000000e+002
2.680000 3.000000e+002
2.682000 3.000000e+002
2.684000 3.000000e+002
2.686000 3.000000e+002
2.688000 3.000000e+002
2.690000 3.000000e+002
2.692000 3.000000e+002
2.694000 3.000000e+002
2.696000 3.000000e+002
2.698000 3.000000e+002
2.700000 3.000000e+002
2.702000 3.000000e+002
2.704000 3.000000e+002
2.706000 3.000000e+002
2.708000 3.000000e+002
2.710000 3.000000e+002
2.712000 3.000000e+002
2.714000 3.000000e+002
2.716000 3.000000e+002
2.718000 3.000000e+002
2.720000 3.000000e+002
2.722000 3.000000e+002
2.724000 3.000000e+002
2.726000 3.000000e+002
2.728000 3.000000e+002
2.730000 3.000000e+002
2.732000 3.000000e+002
2.734000 3.000000e+002
2.736000 3.000000e+002
2.738000 3.000000e+002
2.740000 3.000000e+002
2.742000 3.000000e+002
2.744000 3.000000e+002
2.746000 3.000000e+002
2.748000 3.000000e+002
2.750000 3.000000e+002
2.752000 3.000000e+002
2.754000 3.000000e+002
2.756000 3.000000e+002
2.758000 3.000000e+002
2.760000 3.000000e+002
2.762000 3.000000e+002
2.764000 3.000000e+002
2.766000 3.000000e+002
2.768000 3.000000e+002
2.770000 3.000000e+002
2.772000 3.000000e+002
2.774000 3.000000e+002
2.776000 3.000000e+002
2.778000 3.000000e+002
2.780000 3.000000e+002
2.782000 3.000000e+002
2.784000 3.000000e+002
2.786000 3.000000e+002
2.788000 3.000000e+002
2.790000 3.000000e+002
2.792000 3.000000e+002
2.794000 3.000000e+002
2.796000 3.000000e+002
2.798000 3.000000e+002
2.800000 3.000000e+002
2.802000 3.000000e+002
2.804000 3.000000e+002
2.806000 3.000000e+002
2.808000 3.000000e+002
2.810000 3.000000e+002
2.812000 3.000000e+002
2.814000 3.000000e+002
2.816000 3.000000e+002
2.818000 3.000000e+002
2.820000 3.000000e+002
2.822000 3.000000e+002
2.824000 3.000000e+002
2.826000 3.000000e+002
2.828000 3.000000e+002
2.830000 3.000000e+002
2.832000 3.000000e+002
2.834000 3.000000e+002
2.836000 3.000000e+002
2.838000 3.000000e+002
2.840000 3.000000e+002
2.842000 3.000000e+002
2.844000 3.000000e+002
2.846000 3.000000e+002
2.848000 3.000000e+002
2.850000 3.000000e+002
2.852000 3.000000e+002
2.854000 3.000000e+002
2.856000 3.000000e+002
2.858000 3.000000e+002
2.860000 3.000000e+002
2.862000 3.000000e+002
2.864000 3.000000e+002
2.866000 3.000000e+002
2.868000 3.000000e+002
2.870000 3.000000e+002
2.872000 3.000000e+002
2.874000 3.000000e+002
2.876000 3.000000e+002
2.878000 3.000000e+002
2.880000 3.000000e+002
2.882000 3.000000e+002
2.884000 3.000000e+002
2.886000 3.000000e+002
2.888000 3.000000e+002
2.890000 3.000000e+002
2.892000 3.000000e+002
2.894000 3.000000e+002
2.896000 3.000000e+002
2.898000 3.000000e+002
2.900000 3.000000e+002
2.902000 3.000000e+002
2.904000 3.000000e+002
2.906000 3.000000e+002
2.908000 3.000000e+002
2.910000 3.000000e+002
2.912000 3.000000e+002
2.914000 3.000000e+002
2.916000 3.000000e+002
2.918000 3.000000e+002
2.920000 3.000000e+002
2.922000 3.000000e+002
2.924000 3.000000e+002
2.926000 3.000000e+002
2.928000 3.000000e+002
2.930000 3.000000e+002
2.932000 3.000000e+002
2.934000 3.000000e+002
2.936000 3.000000e+002
2.938000 3.000000e+002
2.940000 3.000000e+002
2.942000 3.000000e+002
2.944000 3.000000e+002
2.946000 3.000000e+002
2.948000 3.000000e+002
2.950000 3.000000e+002
2.952000 3.000000e+002
2.954000 3.000000e+002
2.956000 3.000000e+002
2.958000 3.000000e+002
2.960000 3.000000e+002
2.962000 3.000000e+002
2.964000 3.000000e+002
2.966000 3.000000e+002
2.968000 3.000000e+002
2.970000 3.000000e+002
2.972000 3.000000e+002
2.974000 3.000000e+002
2.976000 3.000000e+002
2.978000 3.000000e+002
2.980000 3.000000e+002
2.982000 3.000000e+002
2.984000 3.000000e+002
2.986000 3.000000e+002
2.988000 3.000000e+002
2.990000 3.000000e+002
2.992000 3.000000e+002
2.994000 3.000000e+002
2.996000 3.000000e+002
2.998000 3.000000e+002
3.000000 3.000000e+002
3.002000 3.000000e+002
3.004000 3.000000e+002
3.006000 3.000000e+002
3.008000 3.000000e+002
3.010000 3.000000e+002
3.012000 3.000000e+002
3.014000 3.000000e+002
3.016000 3.000000e+002
3.018000 3.000000e+002
3.020000 3.000000e+002
3.022000 3.000000e+002
3.024000 3.000000e+002
3.026000 3.000000e+002
3.028000 3.000000e+002
3.030000 3.000000e+002
3.032000 3.000000e+002
3.034000 3.000000e+002
3.036000 3.000000e+002
3.038000 3.000000e+002
3.040000 3.000000e+002
3.042000 3.000000e+002
3.044000 3.000000e+002
3.046000 3.000000e+002
3.048000 3.000000e+002
3.050000 3.000000e+002
3.052000 3.000000e+002
3.054000 3.000000e+002
3.056000 3.000000e+002
3.058000 3.000000e+002
3.060000 3.000000e+002
3.062000 3.000000e+002
3.064000 3.000000e+002
3.066000 3.000000e+002
3.068000 3.000000e+002
3.070000 3.000000e+002
3.072000 3.000000e+002
3.074000 3.000000e+002
3.076000 3.000000e+002
3.078000 3.000000e+002
3.080000 3.000000e+002
3.082000 3.000000e+002
3.084000 3.000000e+002
3.086000 3.000000e+002
3.088000 3.000000e+002
3.090000 3.000000e+002
3.092000 3.000000e+002
3.094000 3.000000e+002
3.096000 3.000000e+002
3.098000 3.000000e+002
3.100000 3.000000e+002
3.102000 3.000000e+002
3.104000 3.000000e+002
3.106000 3.000000e+002
3.108000 3.000000e+002
3.110000 3.000000e+002
3.112000 3.000000e+002
3.114000 3.000000e+002
3.116000 3.000000e+002
3.118000 3.000000e+002
3.120000 3.000000e+002
3.122000 3.000000e+002
3.124000 3.000000e+002
3.126000 3.000000e+002
3.128000 3.000000e+002
3.130000 3.000000e+002
3.132000 3.000000e+002
3.134000 3.000000e+002
3.136000 3.000000e+002
3.138000 3.000000e+002
3.140000 3.000000e+002
3.142000 3.000000e+002
3.144000 3.000000e+002
3.146000 3.000000e+002
3.148000 3.000000e+002
3.150000 3.000000e+002
3.152000 3.000000e+002
3.154000 3.000000e+002
3.156000 3.000000e+002
3.158000 3.000000e+002
3.160000 3.000000e+002
3.162000 3.000000e+002
3.164000 3.000000e+002
3.166000 3.000000e+002
3.168000 3.000000e+002
3.170000 3.000000e+002
3.172000 3.000000e+002
3.174000 3.000000e+002
3.176000 3.000000e+002
3.178000 3.000000e+002
3.180000 3.000000e+002
3.182000 3.000000e+002
3.184000 3.000000e+002
3.186000 3.000000e+002
3.188000 3.000000e+002
3.190000 3.000000e+002
3.192000 3.000000e+002
3.194000 3.000000e+002
3.196000 3.000000e+002
3.198000 3.000000e+002
3.200000 3.000000e+002
3.202000 3.000000e+002
3.204000 3.000000e+002
3.206000 3.000000e+002
3.208000 3.000000e+002
3.210000 3.000000e+002
3.212000 3.000000e+002
3.214000 3.000000e+002
3.216000 3.000000e+002
3.218000 3.000000e+002
3.220000 3.000000e+002
3.222000 3.000000e+002
3.224000 3.000000e+002
3.226000 3.000000e+002
3.228000 3.000000e+002
3.230000 3.000000e+002
3.232000 3.000000e+002
3.234000 3.000000e+002
3.236000 3.000000e+002
3.238000 3.000000e+002
3.240000 3.000000e+002
3.242000 3.000000e+002
3.244000 3.000000e+002
3.246000 3.000000e+002
3.248000 3.000000e+002
3.250000 3.000000e+002
3.252000 3.000000e+002
3.254000 3.000000e+002
3.256000 3.000000e+002
3.258000 3.000000e+002
3.260000 3.000000e+002
3.262000 3.000000e+002
3.264000 3.000000e+002
3.266000 3.000000e+002
3.268000 3.000000e+002
3.270000 3.000000e+002
3.272000 3.000000e+002
3.274000 3.000000e+002
3.276000 3.000000e+002
3.278000 3.000000e+002
3.280000 3.000000e+002
3.282000 3.000000e+002
3.284000 3.000000e+002
3.286000 3.000000e+002
3.288000 3.000000e+002
3.290000 3.000000e+002
3.292000 3.000000e+002
3.294000 3.000000e+002
3.296000 3.000000e+002
3.298000 3.000000e+002
3.300000 3.000000e+002
3.302000 3.000000e+002
3.304000 3.000000e+002
3.306000 3.000000e+002
3.308000 3.000000e+002
3.310000 3.000000e+002
3.312000 3.000000e+002
3.314000 3.000000e+002
3.316000 3.000000e+002
3.318000 3.000000e+002
3.320000 3.000000e+002
3.322000 3.000000e+002
3.324000 3.000000e+002
3.326000 3.000000e+002
3.328000 3.000000e+002
3.330000 3.000000e+002
3.332000 3.000000e+002
3.334000 3.000000e+002
3.336000 3.000000e+002
3.338000 3.000000e+002
3.340000 3.000000e+002
3.342000 3.000000e+002
3.344000 3.000000e+002
3.346000 3.000000e+002
3.348000 3.000000e+002
3.350000 3.000000e+002
3.352000 3.000000e+002
3.354000 3.000000e+002
3.356000 3.000000e+002
3.358000 3.000000e+002
3.360000 3.000000e+002
3.362000 3.000000e+002
3.364000 3.000000e+002
3.366000 3.000000e+002
3.368000 3.000000e+002
3.370000 3.000000e+002
3.372000 3.000000e+002
3.374000 3.000000e+002
3.376000 3.000000e+002
3.378000 3.000000e+002
3.380000 3.000000e+002
3.382000 3.000000e+002
3.384000 3.000000e+002
3.386000 3.000000e+002
3.388000 3.000000e+002
3.390000 3.000000e+002
3.392000 3.000000e+002
3.394000 3.000000e+002
3.396000 3.000000e+002
3.398000 3.000000e+002
3.400000 3.000000e+002
3.402000 3.000000e+002
3.404000 3.000000e+002
3.406000 3.000000e+002
3.408000 3.000000e+002
3.410000 3.000000e+002
3.412000 3.000000e+002
3.414000 3.000000e+002
3.416000 3.000000e+002
3.418000 3.000000e+002
3.420000 3.000000e+002
3.422000 3.000000e+002
3.424000 3.000000e+002
3.426000 3.000000e+002
3.428000 3.000000e+002
3.430000 3.000000e+002
3.432000 3.000000e+002
3.434000 3.000000e+002
3.436000 3.000000e+002
3.438000 3.000000e+002
3.440000 3.000000e+002
3.442000 3.000000e+002
3.444000 3.000000e+002
3.446000 3.000000e+002
3.448000 3.000000e+002
3.450000 3.000000e+002
3.452000 3.000000e+002
3.454000 3.000000e+002
3.456000 3.000000e+002
3.458000 3.000000e+002
3.460000 3.000000e+002
3.462000 3.000000e+002
3.464000 3.000000e+002
3.466000 3.000000e+002
3.468000 3.000000e+002
3.470000 3.000000e+002
3.472000 3.000000e+002
3.474000 3.000000e+002
3.476000 3.000000e+002
3.478000 3.000000e+002
3.480000 3.000000e+002
3.482000 3.000000e+002
3.484000 3.000000e+002
3.486000 3.000000e+002
3.488000 3.000000e+002
3.490000 3.000000e+002
3.492000 3.000000e+002
3.494000 3.000000e+002
3.496000 3.000000e+002
3.498000 3.000000e+002
3.500000 3.000000e+002
3.502000 3.000000e+002
3.504000 3.000000e+002
3.506000 3.000000e+002
3.508000 3.000000e+002
3.510000 3.000000e+002
3.512000 3.000000e+002
3.514000 3.000000e+002
3.516000 3.000000e+002
3.518000 3.000000e+002
3.520000 3.000000e+002
3.522000 3.000000e+002
3.524000 3.000000e+002
3.526000 3.000000e+002
3.528000 3.000000e+002
3.530000 3.000000e+002
3.532000 3.000000e+002
3.534000 3.000000e+002
3.536000 3.000000e+002
3.538000 3.000000e+002
3.540000 3.000000e+002
3.542000 3.000000e+002
3.544000 3.000000e+002
3.546000 3.000000e+002
3.548000 3.000000e+002
3.550000 3.000000e+002
3.552000 3.000000e+002
3.554000 3.000000e+002
3.556000 3.000000e+002
3.558000 3.000000e+002
3.560000 3.000000e+002
3.562000 3.000000e+002
3.564000 3.000000e+002
3.566000 3.000000e+002
3.568000 3.000000e+002
3.570000 3.000000e+002
3.572000 3.000000e+002
3.574000 3.000000e+002
3.576000 3.000000e+002
3.578000 3.000000e+002
3.580000 3.000000e+002
3.582000 3.000000e+002
3.584000 3.000000e+002
3.586000 3.000000e+002
3.588000 3.000000e+002
3.590000 3.000000e+002
3.592000 3.000000e+002
3.594000 3.000000e+002
3.596000 3.000000e+002
3.598000 3.000000e+002
3.600000 3.000000e+002
3.602000 3.000000e+002
3.604000 3.000000e+002
3.606000 3.000000e+002
3.608000 3.000000e+002
3.610000 3.000000e+002
3.612000 3.000000e+002
3.614000 3.000000e+002
3.616000 3.000000e+002
3.618000 3.000000e+002
3.620000 3.000000e+002
3.622000 3.000000e+002
3.624000 3.000000e+002
3.626000 3.000000e+002
3.628000 3.000000e+002
3.630000 3.000000e+002
3.632000 3.000000e+002
3.634000 3.000000e+002
3.636000 3.000000e+002
3.638000 3.000000e+002
3.640000 3.000000e+002
3.642000 3.000000e+002
3.644000 3.000000e+002
3.646000 3.000000e+002
3.648000 3.000000e+002
3.650000 3.000000e+002
3.652000 3.000000e+002
3.654000 3.000000e+002
3.656000 3.000000e+002
3.658000 3.000000e+002
3.660000 3.000000e+002
3.662000 3.000000e+002
3.664000 3.000000e+002
3.666000 3.000000e+002
3.668000 3.000000e+002
3.670000 3.000000e+002
3.672000 3.000000e+002
3.674000 3.000000e+002
3.676000 3.000000e+002
3.678000 3.000000e+002
3.680000 3.000000e+002
3.682000 3.000000e+002
3.684000 3.000000e+002
3.686000 3.000000e+002
3.688000 3.000000e+002
3.690000 3.000000e+002
3.692000 3.000000e+002
3.694000 3.000000e+002
3.696000 3.000000e+002
3.698000 3.000000e+002
3.700000 3.000000e+002
3.702000 3.000000e+002
3.704000 3.000000e+002
3.706000 3.000000e+002
3.708000 3.000000e+002
3.710000 3.000000e+002
3.712000 3.000000e+002
3.714000 3.000000e+002
3.716000 3.000000e+002
3.718000 3.000000e+002
3.720000 3.000000e+002
3.722000 3.000000e+002
3.724000 3.000000e+002
3.726000 3.000000e+002
3.728000 3.000000e+002
3.730000 3.000000e+002
3.732000 3.000000e+002
3.734000 3.000000e+002
3.736000 3.000000e+002
3.738000 3.000000e+002
3.740000 3.000000e+002
3.742000 3.000000e+002
3.744000 3.000000e+002
3.746000 3.000000e+002
3.748000 3.000000e+002
3.750000 3.000000e+002
3.752000 3.000000e+002
3.754000 3.000000e+002
3.756000 3.000000e+002
3.758000 3.000000e+002
3.760000 3.000000e+002
3.762000 3.000000e+002
3.764000 3.000000e+002
3.766000 3.000000e+002
3.768000 3.000000e+002
3.770000 3.000000e+002
3.772000 3.000000e+002
3.774000 3.000000e+002
3.776000 3.000000e+002
3.778000 3.000000e+002
3.780000 3.000000e+002
3.782000 3.000000e+002
3.784000 3.000000e+002
3.786000 3.000000e+002
3.788000 3.000000e+002
3.790000 3.000000e+002
3.792000 3.000000e+002
3.794000 3.000000e+002
3.796000 3.000000e+002
3.798000 3.000000e+002
3.800000 3.000000e+002
3.802000 3.000000e+002
3.804000 3.000000e+002
3.806000 3.000000e+002
3.808000 3.000000e+002
3.810000 3.000000e+002
3.812000 3.000000e+002
3.814000 3.000000e+002
3.816000 3.000000e+002
3.818000 3.000000e+002
3.820000 3.000000e+002
3.822000 3.000000e+002
3.824000 3.000000e+002
3.826000 3.000000e+002
3.828000 3.000000e+002
3.830000 3.000000e+002
3.832000 3.000000e+002
3.834000 3.000000e+002
3.836000 3.000000e+002
3.838000 3.000000e+002
3.840000 3.000000e+002
3.842000 3.000000e+002
3.844000 3.000000e+002
3.846000 3.000000e+002
3.848000 3.000000e+002
3.850000 3.000000e+002
3.852000 3.000000e+002
3.854000 3.000000e+002
3.856000 3.000000e+002
3.858000 3.000000e+002
3.860000 3.000000e+002
3.862000 3.000000e+002
3.864000 3.000000e+002
3.866000 3.000000e+002
3.868000 3.000000e+002
3.870000 3.000000e+002
3.872000 3.000000e+002
3.874000 3.000000e+002
3.876000 3.000000e+002
3.878000 3.000000e+002
3.880000 3.000000e+002
3.882000 3.000000e+002
3.884000 3.000000e+002
3.886000 3.000000e+002
3.888000 3.000000e+002
3.890000 3.000000e+002
3.892000 3.000000e+002
3.894000 3.000000e+002
3.896000 3.000000e+002
3.898000 3.000000e+002
3.900000 3.000000e+002
3.902000 3.000000e+002
3.904000 3.000000e+002
3.906000 3.000000e+002
3.908000 3.000000e+002
3.910000 3.000000e+002
3.912000 3.000000e+002
3.914000 3.000000e+002
3.916000 3.000000e+002
3.918000 3.000000e+002
3.920000 3.000000e+002
3.922000 3.000000e+002
3.924000 3.000000e+002
3.926000 3.000000e+002
3.928000 3.000000e+002
3.930000 3.000000e+002
3.932000 3.000000e+002
3.934000 3.000000e+002
3.936000 3.000000e+002
3.938000 3.000000e+002
3.940000 3.000000e+002
3.942000 3.000000e+002
3.944000 3.000000e+002
3.946000 3.000000e+002
3.948000 3.000000e+002
3.950000 3.000000e+002
3.952000 3.000000e+002
3.954000 3.000000e+002
3.956000 3.000000e+002
3.958000 3.000000e+002
3.960000 3.000000e+002
3.962000 3.000000e+002
3.964000 3.000000e+002
3.966000 3.000000e+002
3.968000 3.000000e+002
3.970000 3.000000e+002
3.972000 3.000000e+002
3.974000 3.000000e+002
3.976000 3.000000e+002
3.978000 3.000000e+002
3.980000 3.000000e+002
3.982000 3.000000e+002
3.984000 3.000000e+002
3.986000 3.000000e+002
3.988000 3.000000e+002
3.990000 3.000000e+002
3.992000 3.000000e+002
3.994000 3.000000e+002
3.996000 3.000000e+002
3.998000 3.000000e+002
