0.000000 3.104317e+002
0.002000 3.115744e+002
0.004000 3.127171e+002
0.006000 3.138595e+002
0.008000 3.150018e+002
0.010000 3.161438e+002
0.012000 3.172857e+002
0.014000 3.184273e+002
0.016000 3.195687e+002
0.018000 3.207099e+002
0.020000 3.218508e+002
0.022000 3.229913e+002
0.024000 3.241316e+002
0.026000 3.252716e+002
0.028000 3.264112e+002
0.030000 3.275505e+002
0.032000 3.286895e+002
0.034000 3.298281e+002
0.036000 3.309662e+002
0.038000 3.321040e+002
0.040000 3.332414e+002
0.042000 3.343783e+002
0.044000 3.355148e+002
0.046000 3.366508e+002
0.048000 3.377863e+002
0.050000 3.389214e+002
0.052000 3.400559e+002
0.054000 3.411899e+002
0.056000 3.423234e+002
0.058000 3.434563e+002
0.060000 3.445887e+002
0.062000 3.457205e+002
0.064000 3.468517e+002
0.066000 3.479823e+002
0.068000 3.491122e+002
0.070000 3.502415e+002
0.072000 3.513702e+002
0.074000 3.524982e+002
0.076000 3.536255e+002
0.078000 3.547521e+002
0.080000 3.558780e+002
0.082000 3.570032e+002
0.084000 3.581276e+002
0.086000 3.592513e+002
0.088000 3.603742e+002
0.090000 3.614964e+002
0.092000 3.626177e+002
0.094000 3.637382e+002
0.096000 3.648579e+002
0.098000 3.659767e+002
0.100000 3.670947e+002
0.102000 3.682118e+002
0.104000 3.693280e+002
0.106000 3.704434e+002
0.108000 3.715578e+002
0.110000 3.726713e+002
0.112000 3.737838e+002
0.114000 3.748954e+002
0.116000 3.760060e+002
0.118000 3.771157e+002
0.120000 3.782243e+002
0.122000 3.793319e+002
0.124000 3.804385e+002
0.126000 3.815440e+002
0.128000 3.826485e+002
0.130000 3.837519e+002
0.132000 3.848543e+002
0.134000 3.859555e+002
0.136000 3.870556e+002
0.138000 3.881546e+002
0.140000 3.892525e+002
0.142000 3.903492e+002
0.144000 3.914447e+002
0.146000 3.925391e+002
0.148000 3.936322e+002
0.150000 3.947242e+002
0.152000 3.958149e+002
0.154000 3.969044e+002
0.156000 3.979926e+002
0.158000 3.990796e+002
0.160000 4.001652e+002
0.162000 4.012496e+002
0.164000 4.023327e+002
0.166000 4.034145e+002
0.168000 4.044949e+002
0.170000 4.055740e+002
0.172000 4.066517e+002
0.174000 4.077281e+002
0.176000 4.088031e+002
0.178000 4.098766e+002
0.180000 4.109488e+002
0.182000 4.120195e+002
0.184000 4.130888e+002
0.186000 4.141566e+002
0.188000 4.152229e+002
0.190000 4.162878e+002
0.192000 4.173512e+002
0.194000 4.184131e+002
0.196000 4.194734e+002
0.198000 4.205322e+002
0.200000 4.215895e+002
0.202000 4.226452e+002
0.204000 4.236993e+002
0.206000 4.247519e+002
0.208000 4.258028e+002
0.210000 4.268522e+002
0.212000 4.278999e+002
0.214000 4.289460e+002
0.216000 4.299904e+002
0.218000 4.310331e+002
0.220000 4.320742e+002
0.222000 4.331136e+002
0.224000 4.341513e+002
0.226000 4.351873e+002
0.228000 4.362215e+002
0.230000 4.372540e+002
0.232000 4.382848e+002
0.234000 4.393138e+002
0.236000 4.403410e+002
0.238000 4.413664e+002
0.240000 4.423900e+002
0.242000 4.434118e+002
0.244000 4.444318e+002
0.246000 4.454499e+002
0.248000 4.464662e+002
0.250000 4.474806e+002
0.252000 4.484932e+002
0.254000 4.495038e+002
0.256000 4.505126e+002
0.258000 4.515194e+002
0.260000 4.525244e+002
0.262000 4.535273e+002
0.264000 4.545284e+002
0.266000 4.555274e+002
0.268000 4.565245e+002
0.270000 4.575197e+002
0.272000 4.585128e+002
0.274000 4.595039e+002
0.276000 4.604930e+002
0.278000 4.614800e+002
0.280000 4.624651e+002
0.282000 4.634480e+002
0.284000 4.644289e+002
0.286000 4.654077e+002
0.288000 4.663845e+002
0.290000 4.673591e+002
0.292000 4.683316e+002
0.294000 4.693020e+002
0.296000 4.702703e+002
0.298000 4.712364e+002
0.300000 4.722004e+002
0.302000 4.731622e+002
0.304000 4.741218e+002
0.306000 4.750792e+002
0.308000 4.760344e+002
0.310000 4.769874e+002
0.312000 4.779382e+002
0.314000 4.788868e+002
0.316000 4.798331e+002
0.318000 4.807772e+002
0.320000 4.817189e+002
0.322000 4.826585e+002
0.324000 4.835957e+002
0.326000 4.845306e+002
0.328000 4.854632e+002
0.330000 4.863935e+002
0.332000 4.873215e+002
0.334000 4.882472e+002
0.336000 4.891704e+002
0.338000 4.900914e+002
0.340000 4.910099e+002
0.342000 4.919261e+002
0.344000 4.928399e+002
0.346000 4.937513e+002
0.348000 4.946602e+002
0.350000 4.955668e+002
0.352000 4.964709e+002
0.354000 4.973726e+002
0.356000 4.982718e+002
0.358000 4.991686e+002
0.360000 5.000629e+002
0.362000 5.009547e+002
0.364000 5.018440e+002
0.366000 5.027308e+002
0.368000 5.036152e+002
0.370000 5.044970e+002
0.372000 5.053762e+002
0.374000 5.062530e+002
0.376000 5.071272e+002
0.378000 5.079988e+002
0.380000 5.088679e+002
0.382000 5.097344e+002
0.384000 5.105983e+002
0.386000 5.114596e+002
0.388000 5.123183e+002
0.390000 5.131744e+002
0.392000 5.140279e+002
0.394000 5.148788e+002
0.396000 5.157270e+002
0.398000 5.165726e+002
0.400000 5.174155e+002
0.402000 5.182558e+002
0.404000 5.190934e+002
0.406000 5.199283e+002
0.408000 5.207605e+002
0.410000 5.215901e+002
0.412000 5.224169e+002
0.414000 5.232410e+002
0.416000 5.240624e+002
0.418000 5.248810e+002
0.420000 5.256969e+002
0.422000 5.265101e+002
0.424000 5.273205e+002
0.426000 5.281282e+002
0.428000 5.289331e+002
0.430000 5.297352e+002
0.432000 5.305345e+002
0.434000 5.313310e+002
0.436000 5.321247e+002
0.438000 5.329156e+002
0.440000 5.337037e+002
0.442000 5.344890e+002
0.444000 5.352714e+002
0.446000 5.360510e+002
0.448000 5.368278e+002
0.450000 5.376017e+002
0.452000 5.383727e+002
0.454000 5.391409e+002
0.456000 5.399062e+002
0.458000 5.406686e+002
0.460000 5.414281e+002
0.462000 5.421847e+002
0.464000 5.429384e+002
0.466000 5.436893e+002
0.468000 5.444371e+002
0.470000 5.451821e+002
0.472000 5.459241e+002
0.474000 5.466632e+002
0.476000 5.473994e+002
0.478000 5.481326e+002
0.480000 5.488628e+002
0.482000 5.495901e+002
0.484000 5.503144e+002
0.486000 5.510358e+002
0.488000 5.517541e+002
0.490000 5.524695e+002
0.492000 5.531818e+002
0.494000 5.538912e+002
0.496000 5.545976e+002
0.498000 5.553009e+002
0.500000 5.560012e+002
0.502000 5.566985e+002
0.504000 5.573928e+002
0.506000 5.580841e+002
0.508000 5.587722e+002
0.510000 5.594574e+002
0.512000 5.601395e+002
0.514000 5.608185e+002
0.516000 5.614945e+002
0.518000 5.621674e+002
0.520000 5.628372e+002
0.522000 5.635040e+002
0.524000 5.641676e+002
0.526000 5.648282e+002
0.528000 5.654857e+002
0.530000 5.661401e+002
0.532000 5.667914e+002
0.534000 5.674395e+002
0.536000 5.680846e+002
0.538000 5.687265e+002
0.540000 5.693653e+002
0.542000 5.700010e+002
0.544000 5.706335e+002
0.546000 5.712629e+002
0.548000 5.718892e+002
0.550000 5.725123e+002
0.552000 5.731323e+002
0.554000 5.737491e+002
0.556000 5.743628e+002
0.558000 5.749732e+002
0.560000 5.755806e+002
0.562000 5.761847e+002
0.564000 5.767857e+002
0.566000 5.773835e+002
0.568000 5.779781e+002
0.570000 5.785695e+002
0.572000 5.791577e+002
0.574000 5.797428e+002
0.576000 5.803246e+002
0.578000 5.809033e+002
0.580000 5.814787e+002
0.582000 5.820509e+002
0.584000 5.826199e+002
0.586000 5.831857e+002
0.588000 5.837483e+002
0.590000 5.843076e+002
0.592000 5.848638e+002
0.594000 5.854167e+002
0.596000 5.859663e+002
0.598000 5.865128e+002
0.600000 5.870560e+002
0.602000 5.875959e+002
0.604000 5.881326e+002
0.606000 5.886661e+002
0.608000 5.891963e+002
0.610000 5.897233e+002
0.612000 5.902470e+002
0.614000 5.907675e+002
0.616000 5.912847e+002
0.618000 5.917986e+002
0.620000 5.923093e+002
0.622000 5.928167e+002
0.624000 5.933209e+002
0.626000 5.938217e+002
0.628000 5.943193e+002
0.630000 5.948137e+002
0.632000 5.953047e+002
0.634000 5.957925e+002
0.636000 5.962770e+002
0.638000 5.967582e+002
0.640000 5.972362e+002
0.642000 5.977108e+002
0.644000 5.981822e+002
0.646000 5.986503e+002
0.648000 5.991150e+002
0.650000 5.995765e+002
0.652000 6.000347e+002
0.654000 6.004897e+002
0.656000 6.009413e+002
0.658000 6.013896e+002
0.660000 6.018346e+002
0.662000 6.022764e+002
0.664000 6.027148e+002
0.666000 6.031499e+002
0.668000 6.035818e+002
0.670000 6.040103e+002
0.672000 6.044355e+002
0.674000 6.048575e+002
0.676000 6.052761e+002
0.678000 6.056914e+002
0.680000 6.061034e+002
0.682000 6.065121e+002
0.684000 6.069175e+002
0.686000 6.073196e+002
0.688000 6.077184e+002
0.690000 6.081139e+002
0.692000 6.085061e+002
0.694000 6.088950e+002
0.696000 6.092805e+002
0.698000 6.096628e+002
0.700000 6.100417e+002
0.702000 6.104174e+002
0.704000 6.107897e+002
0.706000 6.111588e+002
0.708000 6.115245e+002
0.710000 6.118869e+002
0.712000 6.122461e+002
0.714000 6.126019e+002
0.716000 6.129544e+002
0.718000 6.133036e+002
0.720000 6.136495e+002
0.722000 6.139921e+002
0.724000 6.143314e+002
0.726000 6.146674e+002
0.728000 6.150001e+002
0.730000 6.153295e+002
0.732000 6.156556e+002
0.734000 6.159784e+002
0.736000 6.162979e+002
0.738000 6.166141e+002
0.740000 6.169271e+002
0.742000 6.172367e+002
0.744000 6.175430e+002
0.746000 6.178461e+002
0.748000 6.181458e+002
0.750000 6.184423e+002
0.752000 6.187355e+002
0.754000 6.190254e+002
0.756000 6.193120e+002
0.758000 6.195954e+002
0.760000 6.198754e+002
0.762000 6.201522e+002
0.764000 6.204257e+002
0.766000 6.206960e+002
0.768000 6.209629e+002
0.770000 6.212266e+002
0.772000 6.214871e+002
0.774000 6.217442e+002
0.776000 6.219981e+002
0.778000 6.222488e+002
0.780000 6.224961e+002
0.782000 6.227403e+002
0.784000 6.229811e+002
0.786000 6.232188e+002
0.788000 6.234531e+002
0.790000 6.236843e+002
0.792000 6.239121e+002
0.794000 6.241368e+002
0.796000 6.243582e+002
0.798000 6.245763e+002
0.800000 6.247913e+002
0.802000 6.250030e+002
0.804000 6.252115e+002
0.806000 6.254167e+002
0.808000 6.256187e+002
0.810000 6.258175e+002
0.812000 6.260131e+002
0.814000 6.262055e+002
0.816000 6.263947e+002
0.818000 6.265807e+002
0.820000 6.267634e+002
0.822000 6.269430e+002
0.824000 6.271194e+002
0.826000 6.272925e+002
0.828000 6.274625e+002
0.830000 6.276293e+002
0.832000 6.277929e+002
0.834000 6.279534e+002
0.836000 6.281107e+002
0.838000 6.282648e+002
0.840000 6.284157e+002
0.842000 6.285635e+002
0.844000 6.287081e+002
0.846000 6.288495e+002
0.848000 6.289878e+002
0.850000 6.291230e+002
0.852000 6.292550e+002
0.854000 6.293839e+002
0.856000 6.295096e+002
0.858000 6.296322e+002
0.860000 6.297517e+002
0.862000 6.298680e+002
0.864000 6.299813e+002
0.866000 6.300914e+002
0.868000 6.301984e+002
0.870000 6.303023e+002
0.872000 6.304032e+002
0.874000 6.305009e+002
0.876000 6.305955e+002
0.878000 6.306871e+002
0.880000 6.307755e+002
0.882000 6.308609e+002
0.884000 6.309432e+002
0.886000 6.310225e+002
0.888000 6.310986e+002
0.890000 6.311718e+002
0.892000 6.312418e+002
0.894000 6.313089e+002
0.896000 6.313729e+002
0.898000 6.314338e+002
0.900000 6.314917e+002
0.902000 6.315466e+002
0.904000 6.315985e+002
0.906000 6.316473e+002
0.908000 6.316932e+002
0.910000 6.317360e+002
0.912000 6.317758e+002
0.914000 6.318127e+002
0.916000 6.318465e+002
0.918000 6.318774e+002
0.920000 6.319053e+002
0.922000 6.319302e+002
0.924000 6.319522e+002
0.926000 6.319712e+002
0.928000 6.319872e+002
0.930000 6.320003e+002
0.932000 6.320104e+002
0.934000 6.320176e+002
0.936000 6.320219e+002
0.938000 6.320233e+002
0.940000 6.320217e+002
0.942000 6.320172e+002
0.944000 6.320098e+002
0.946000 6.319995e+002
0.948000 6.319863e+002
0.950000 6.319702e+002
0.952000 6.319513e+002
0.954000 6.319294e+002
0.956000 6.319047e+002
0.958000 6.318771e+002
0.960000 6.318467e+002
0.962000 6.318134e+002
0.964000 6.317773e+002
0.966000 6.317383e+002
0.968000 6.316965e+002
0.970000 6.316519e+002
0.972000 6.316044e+002
0.974000 6.315541e+002
0.976000 6.315011e+002
0.978000 6.314452e+002
0.980000 6.313865e+002
0.982000 6.313251e+002
0.984000 6.312609e+002
0.986000 6.311939e+002
0.988000 6.311241e+002
0.990000 6.310516e+002
0.992000 6.309763e+002
0.994000 6.308983e+002
0.996000 6.308175e+002
0.998000 6.307340e+002
1.000000 6.306478e+002
1.002000 6.305589e+002
1.004000 6.304673e+002
1.006000 6.303729e+002
1.008000 6.302759e+002
1.010000 6.301762e+002
1.012000 6.300737e+002
1.014000 6.299687e+002
1.016000 6.298609e+002
1.018000 6.297505e+002
1.020000 6.296375e+002
1.022000 6.295217e+002
1.024000 6.294034e+002
1.026000 6.292824e+002
1.028000 6.291589e+002
1.030000 6.290326e+002
1.032000 6.289038e+002
1.034000 6.287724e+002
1.036000 6.286384e+002
1.038000 6.285018e+002
1.040000 6.283627e+002
1.042000 6.282209e+002
1.044000 6.280766e+002
1.046000 6.279298e+002
1.048000 6.277804e+002
1.050000 6.276285e+002
1.052000 6.274740e+002
1.054000 6.273170e+002
1.056000 6.271575e+002
1.058000 6.269955e+002
1.060000 6.268310e+002
1.062000 6.266640e+002
1.064000 6.264945e+002
1.066000 6.263226e+002
1.068000 6.261482e+002
1.070000 6.259713e+002
1.072000 6.257919e+002
1.074000 6.256102e+002
1.076000 6.254260e+002
1.078000 6.252393e+002
1.080000 6.250503e+002
1.082000 6.248588e+002
1.084000 6.246650e+002
1.086000 6.244687e+002
1.088000 6.242701e+002
1.090000 6.240690e+002
1.092000 6.238657e+002
1.094000 6.236599e+002
1.096000 6.234518e+002
1.098000 6.232414e+002
1.100000 6.230286e+002
1.102000 6.228135e+002
1.104000 6.225961e+002
1.106000 6.223763e+002
1.108000 6.221543e+002
1.110000 6.219300e+002
1.112000 6.217033e+002
1.114000 6.214744e+002
1.116000 6.212433e+002
1.118000 6.210099e+002
1.120000 6.207742e+002
1.122000 6.205363e+002
1.124000 6.202961e+002
1.126000 6.200538e+002
1.128000 6.198092e+002
1.130000 6.195624e+002
1.132000 6.193134e+002
1.134000 6.190622e+002
1.136000 6.188089e+002
1.138000 6.185533e+002
1.140000 6.182956e+002
1.142000 6.180358e+002
1.144000 6.177738e+002
1.146000 6.175096e+002
1.148000 6.172434e+002
1.150000 6.169750e+002
1.152000 6.167045e+002
1.154000 6.164319e+002
1.156000 6.161572e+002
1.158000 6.158804e+002
1.160000 6.156016e+002
1.162000 6.153207e+002
1.164000 6.150377e+002
1.166000 6.147527e+002
1.168000 6.144656e+002
1.170000 6.141765e+002
1.172000 6.138854e+002
1.174000 6.135922e+002
1.176000 6.132971e+002
1.178000 6.130000e+002
1.180000 6.127009e+002
1.182000 6.123998e+002
1.184000 6.120967e+002
1.186000 6.117917e+002
1.188000 6.114847e+002
1.190000 6.111758e+002
1.192000 6.108650e+002
1.194000 6.105522e+002
1.196000 6.102376e+002
1.198000 6.099210e+002
1.200000 6.096025e+002
1.202000 6.092822e+002
1.204000 6.089599e+002
1.206000 6.086358e+002
1.208000 6.083099e+002
1.210000 6.079821e+002
1.212000 6.076524e+002
1.214000 6.073209e+002
1.216000 6.069876e+002
1.218000 6.066525e+002
1.220000 6.063156e+002
1.222000 6.059769e+002
1.224000 6.056364e+002
1.226000 6.052941e+002
1.228000 6.049501e+002
1.230000 6.046043e+002
1.232000 6.042568e+002
1.234000 6.039075e+002
1.236000 6.035565e+002
1.238000 6.032038e+002
1.240000 6.028493e+002
1.242000 6.024932e+002
1.244000 6.021354e+002
1.246000 6.017759e+002
1.248000 6.014147e+002
1.250000 6.010518e+002
1.252000 6.006873e+002
1.254000 6.003212e+002
1.256000 5.999534e+002
1.258000 5.995840e+002
1.260000 5.992130e+002
1.262000 5.988403e+002
1.264000 5.984661e+002
1.266000 5.980903e+002
1.268000 5.977129e+002
1.270000 5.973339e+002
1.272000 5.969534e+002
1.274000 5.965713e+002
1.276000 5.961877e+002
1.278000 5.958025e+002
1.280000 5.954158e+002
1.282000 5.950276e+002
1.284000 5.946379e+002
1.286000 5.942467e+002
1.288000 5.938541e+002
1.290000 5.934599e+002
1.292000 5.930643e+002
1.294000 5.926672e+002
1.296000 5.922686e+002
1.298000 5.918687e+002
1.300000 5.914673e+002
1.302000 5.910644e+002
1.304000 5.906602e+002
1.306000 5.902546e+002
1.308000 5.898475e+002
1.310000 5.894391e+002
1.312000 5.890293e+002
1.314000 5.886182e+002
1.316000 5.882057e+002
1.318000 5.877918e+002
1.320000 5.873766e+002
1.322000 5.869601e+002
1.324000 5.865422e+002
1.326000 5.861231e+002
1.328000 5.857026e+002
1.330000 5.852809e+002
1.332000 5.848579e+002
1.334000 5.844336e+002
1.336000 5.840080e+002
1.338000 5.835812e+002
1.340000 5.831532e+002
1.342000 5.827239e+002
1.344000 5.822934e+002
1.346000 5.818617e+002
1.348000 5.814287e+002
1.350000 5.809946e+002
1.352000 5.805593e+002
1.354000 5.801228e+002
1.356000 5.796851e+002
1.358000 5.792463e+002
1.360000 5.788063e+002
1.362000 5.783652e+002
1.364000 5.779229e+002
1.366000 5.774796e+002
1.368000 5.770351e+002
1.370000 5.765895e+002
1.372000 5.761428e+002
1.374000 5.756950e+002
1.376000 5.752461e+002
1.378000 5.747962e+002
1.380000 5.743452e+002
1.382000 5.738932e+002
1.384000 5.734401e+002
1.386000 5.729860e+002
1.388000 5.725309e+002
1.390000 5.720747e+002
1.392000 5.716176e+002
1.394000 5.711594e+002
1.396000 5.707003e+002
1.398000 5.702402e+002
1.400000 5.697791e+002
1.402000 5.693171e+002
1.404000 5.688541e+002
1.406000 5.683902e+002
1.408000 5.679253e+002
1.410000 5.674595e+002
1.412000 5.669928e+002
1.414000 5.665252e+002
1.416000 5.660567e+002
1.418000 5.655873e+002
1.420000 5.651171e+002
1.422000 5.646459e+002
1.424000 5.641739e+002
1.426000 5.637011e+002
1.428000 5.632274e+002
1.430000 5.627529e+002
1.432000 5.622775e+002
1.434000 5.618014e+002
1.436000 5.613244e+002
1.438000 5.608466e+002
1.440000 5.603681e+002
1.442000 5.598887e+002
1.444000 5.594086e+002
1.446000 5.589277e+002
1.448000 5.584461e+002
1.450000 5.579637e+002
1.452000 5.574806e+002
1.454000 5.569968e+002
1.456000 5.565122e+002
1.458000 5.560269e+002
1.460000 5.555410e+002
1.462000 5.550543e+002
1.464000 5.545669e+002
1.466000 5.540789e+002
1.468000 5.535902e+002
1.470000 5.531009e+002
1.472000 5.526109e+002
1.474000 5.521202e+002
1.476000 5.516289e+002
1.478000 5.511370e+002
1.480000 5.506445e+002
1.482000 5.501514e+002
1.484000 5.496576e+002
1.486000 5.491633e+002
1.488000 5.486684e+002
1.490000 5.481729e+002
1.492000 5.476769e+002
1.494000 5.471803e+002
1.496000 5.466831e+002
1.498000 5.461854e+002
1.500000 5.456872e+002
1.502000 5.451885e+002
1.504000 5.446892e+002
1.506000 5.441894e+002
1.508000 5.436892e+002
1.510000 5.431884e+002
1.512000 5.426872e+002
1.514000 5.421855e+002
1.516000 5.416833e+002
1.518000 5.411806e+002
1.520000 5.406776e+002
1.522000 5.401740e+002
1.524000 5.396701e+002
1.526000 5.391657e+002
1.528000 5.386609e+002
1.530000 5.381557e+002
1.532000 5.376500e+002
1.534000 5.371440e+002
1.536000 5.366376e+002
1.538000 5.361309e+002
1.540000 5.356237e+002
1.542000 5.351162e+002
1.544000 5.346084e+002
1.546000 5.341002e+002
1.548000 5.335917e+002
1.550000 5.330828e+002
1.552000 5.325736e+002
1.554000 5.320641e+002
1.556000 5.315543e+002
1.558000 5.310442e+002
1.560000 5.305338e+002
1.562000 5.300231e+002
1.564000 5.295122e+002
1.566000 5.290009e+002
1.568000 5.284895e+002
1.570000 5.279777e+002
1.572000 5.274658e+002
1.574000 5.269535e+002
1.576000 5.264411e+002
1.578000 5.259284e+002
1.580000 5.254156e+002
1.582000 5.249025e+002
1.584000 5.243892e+002
1.586000 5.238757e+002
1.588000 5.233621e+002
1.590000 5.228482e+002
1.592000 5.223342e+002
1.594000 5.218201e+002
1.596000 5.213057e+002
1.598000 5.207913e+002
1.600000 5.202767e+002
1.602000 5.197619e+002
1.604000 5.192471e+002
1.606000 5.187321e+002
1.608000 5.182170e+002
1.610000 5.177018e+002
1.612000 5.171865e+002
1.614000 5.166711e+002
1.616000 5.161557e+002
1.618000 5.156401e+002
1.620000 5.151245e+002
1.622000 5.146089e+002
1.624000 5.140931e+002
1.626000 5.135774e+002
1.628000 5.130616e+002
1.630000 5.125457e+002
1.632000 5.120299e+002
1.634000 5.115140e+002
1.636000 5.109981e+002
1.638000 5.104822e+002
1.640000 5.099663e+002
1.642000 5.094504e+002
1.644000 5.089345e+002
1.646000 5.084187e+002
1.648000 5.079029e+002
1.650000 5.073871e+002
1.652000 5.068713e+002
1.654000 5.063557e+002
1.656000 5.058400e+002
1.658000 5.053244e+002
1.660000 5.048089e+002
1.662000 5.042935e+002
1.664000 5.037782e+002
1.666000 5.032629e+002
1.668000 5.027477e+002
1.670000 5.022327e+002
1.672000 5.017177e+002
1.674000 5.012029e+002
1.676000 5.006882e+002
1.678000 5.001736e+002
1.680000 4.996591e+002
1.682000 4.991448e+002
1.684000 4.986306e+002
1.686000 4.981166e+002
1.688000 4.976028e+002
1.690000 4.970891e+002
1.692000 4.965755e+002
1.694000 4.960622e+002
1.696000 4.955490e+002
1.698000 4.950361e+002
1.700000 4.945233e+002
1.702000 4.940107e+002
1.704000 4.934984e+002
1.706000 4.929862e+002
1.708000 4.924743e+002
1.710000 4.919626e+002
1.712000 4.914511e+002
1.714000 4.909399e+002
1.716000 4.904289e+002
1.718000 4.899181e+002
1.720000 4.894076e+002
1.722000 4.888974e+002
1.724000 4.883875e+002
1.726000 4.878778e+002
1.728000 4.873684e+002
1.730000 4.868592e+002
1.732000 4.863504e+002
1.734000 4.858419e+002
1.736000 4.853336e+002
1.738000 4.848257e+002
1.740000 4.843181e+002
1.742000 4.838108e+002
1.744000 4.833038e+002
1.746000 4.827972e+002
1.748000 4.822909e+002
1.750000 4.817849e+002
1.752000 4.812793e+002
1.754000 4.807740e+002
1.756000 4.802691e+002
1.758000 4.797645e+002
1.760000 4.792603e+002
1.762000 4.787565e+002
1.764000 4.782531e+002
1.766000 4.777500e+002
1.768000 4.772473e+002
1.770000 4.767451e+002
1.772000 4.762432e+002
1.774000 4.757417e+002
1.776000 4.752406e+002
1.778000 4.747400e+002
1.780000 4.742397e+002
1.782000 4.737399e+002
1.784000 4.732405e+002
1.786000 4.727416e+002
1.788000 4.722431e+002
1.790000 4.717450e+002
1.792000 4.712474e+002
1.794000 4.707502e+002
1.796000 4.702535e+002
1.798000 4.697572e+002
1.800000 4.692614e+002
1.802000 4.687661e+002
1.804000 4.682713e+002
1.806000 4.677769e+002
1.808000 4.672831e+002
1.810000 4.667897e+002
1.812000 4.662968e+002
1.814000 4.658044e+002
1.816000 4.653125e+002
1.818000 4.648212e+002
1.820000 4.643303e+002
1.822000 4.638400e+002
1.824000 4.633502e+002
1.826000 4.628609e+002
1.828000 4.623721e+002
1.830000 4.618839e+002
1.832000 4.613962e+002
1.834000 4.609091e+002
1.836000 4.604225e+002
1.838000 4.599364e+002
1.840000 4.594510e+002
1.842000 4.589660e+002
1.844000 4.584817e+002
1.846000 4.579979e+002
1.848000 4.575147e+002
1.850000 4.570320e+002
1.852000 4.565500e+002
1.854000 4.560685e+002
1.856000 4.555877e+002
1.858000 4.551074e+002
1.860000 4.546277e+002
1.862000 4.541486e+002
1.864000 4.536701e+002
1.866000 4.531923e+002
1.868000 4.527150e+002
1.870000 4.522384e+002
1.872000 4.517623e+002
1.874000 4.512870e+002
1.876000 4.508122e+002
1.878000 4.503381e+002
1.880000 4.498646e+002
1.882000 4.493917e+002
1.884000 4.489195e+002
1.886000 4.484479e+002
1.888000 4.479770e+002
1.890000 4.475068e+002
1.892000 4.470372e+002
1.894000 4.465682e+002
1.896000 4.460999e+002
1.898000 4.456323e+002
1.900000 4.451654e+002
1.902000 4.446991e+002
1.904000 4.442335e+002
1.906000 4.437686e+002
1.908000 4.433044e+002
1.910000 4.428409e+002
1.912000 4.423781e+002
1.914000 4.419159e+002
1.916000 4.414545e+002
1.918000 4.409937e+002
1.920000 4.405337e+002
1.922000 4.400744e+002
1.924000 4.396157e+002
1.926000 4.391578e+002
1.928000 4.387006e+002
1.930000 4.382442e+002
1.932000 4.377884e+002
1.934000 4.373334e+002
1.936000 4.368791e+002
1.938000 4.364256e+002
1.940000 4.359727e+002
1.942000 4.355206e+002
1.944000 4.350693e+002
1.946000 4.346187e+002
1.948000 4.341688e+002
1.950000 4.337197e+002
1.952000 4.332714e+002
1.954000 4.328238e+002
1.956000 4.323769e+002
1.958000 4.319308e+002
1.960000 4.314855e+002
1.962000 4.310410e+002
1.964000 4.305972e+002
1.966000 4.301542e+002
1.968000 4.297119e+002
1.970000 4.292705e+002
1.972000 4.288298e+002
1.974000 4.283899e+002
1.976000 4.279507e+002
1.978000 4.275124e+002
1.980000 4.270748e+002
1.982000 4.266381e+002
1.984000 4.262021e+002
1.986000 4.257669e+002
1.988000 4.253326e+002
1.990000 4.248990e+002
1.992000 4.244662e+002
1.994000 4.240343e+002
1.996000 4.236031e+002
1.998000 4.231727e+002
2.000000 4.227432e+002
2.002000 4.223145e+002
2.004000 4.218865e+002
2.006000 4.214595e+002
2.008000 4.210332e+002
2.010000 4.206077e+002
2.012000 4.201831e+002
2.014000 4.197593e+002
2.016000 4.193363e+002
2.018000 4.189142e+002
2.020000 4.184928e+002
2.022000 4.180724e+002
2.024000 4.176527e+002
2.026000 4.172339e+002
2.028000 4.168159e+002
2.030000 4.163988e+002
2.032000 4.159825e+002
2.034000 4.155671e+002
2.036000 4.151525e+002
2.038000 4.147387e+002
2.040000 4.143258e+002
2.042000 4.139138e+002
2.044000 4.135026e+002
2.046000 4.130922e+002
2.048000 4.126827e+002
2.050000 4.122741e+002
2.052000 4.118663e+002
2.054000 4.114594e+002
2.056000 4.110534e+002
2.058000 4.106482e+002
2.060000 4.102439e+002
2.062000 4.098404e+002
2.064000 4.094379e+002
2.066000 4.090362e+002
2.068000 4.086353e+002
2.070000 4.082354e+002
2.072000 4.078363e+002
2.074000 4.074381e+002
2.076000 4.070407e+002
2.078000 4.066443e+002
2.080000 4.062487e+002
2.082000 4.058540e+002
2.084000 4.054602e+002
2.086000 4.050672e+002
2.088000 4.046752e+002
2.090000 4.042840e+002
2.092000 4.038937e+002
2.094000 4.035043e+002
2.096000 4.031158e+002
2.098000 4.027282e+002
2.100000 4.023415e+002
2.102000 4.019557e+002
2.104000 4.015707e+002
2.106000 4.011867e+002
2.108000 4.008036e+002
2.110000 4.004213e+002
2.112000 4.000399e+002
2.114000 3.996595e+002
2.116000 3.992799e+002
2.118000 3.989013e+002
2.120000 3.985235e+002
2.122000 3.981467e+002
2.124000 3.977707e+002
2.126000 3.973957e+002
2.128000 3.970215e+002
2.130000 3.966483e+002
2.132000 3.962759e+002
2.134000 3.959045e+002
2.136000 3.955340e+002
2.138000 3.951644e+002
2.140000 3.947956e+002
2.142000 3.944278e+002
2.144000 3.940609e+002
2.146000 3.936950e+002
2.148000 3.933299e+002
2.150000 3.929657e+002
2.152000 3.926025e+002
2.154000 3.922401e+002
2.156000 3.918787e+002
2.158000 3.915182e+002
2.160000 3.911586e+002
2.162000 3.907999e+002
2.164000 3.904422e+002
2.166000 3.900853e+002
2.168000 3.897294e+002
2.170000 3.893743e+002
2.172000 3.890202e+002
2.174000 3.886670e+002
2.176000 3.883148e+002
2.178000 3.879634e+002
2.180000 3.876130e+002
2.182000 3.872634e+002
2.184000 3.869148e+002
2.186000 3.865671e+002
2.188000 3.862204e+002
2.190000 3.858745e+002
2.192000 3.855296e+002
2.194000 3.851856e+002
2.196000 3.848425e+002
2.198000 3.845003e+002
2.200000 3.841591e+002
2.202000 3.838187e+002
2.204000 3.834793e+002
2.206000 3.831408e+002
2.208000 3.828032e+002
2.210000 3.824666e+002
2.212000 3.821308e+002
2.214000 3.817960e+002
2.216000 3.814621e+002
2.218000 3.811291e+002
2.220000 3.807971e+002
2.222000 3.804659e+002
2.224000 3.801357e+002
2.226000 3.798064e+002
2.228000 3.794780e+002
2.230000 3.791506e+002
2.232000 3.788240e+002
2.234000 3.784984e+002
2.236000 3.781737e+002
2.238000 3.778499e+002
2.240000 3.775270e+002
2.242000 3.772051e+002
2.244000 3.768840e+002
2.246000 3.765639e+002
2.248000 3.762447e+002
2.250000 3.759264e+002
2.252000 3.756091e+002
2.254000 3.752926e+002
2.256000 3.749771e+002
2.258000 3.746625e+002
2.260000 3.743488e+002
2.262000 3.740360e+002
2.264000 3.737241e+002
2.266000 3.734131e+002
2.268000 3.731031e+002
2.270000 3.727940e+002
2.272000 3.724857e+002
2.274000 3.721784e+002
2.276000 3.718720e+002
2.278000 3.715665e+002
2.280000 3.712620e+002
2.282000 3.709583e+002
2.284000 3.706556e+002
2.286000 3.703537e+002
2.288000 3.700528e+002
2.290000 3.697527e+002
2.292000 3.694536e+002
2.294000 3.691554e+002
2.296000 3.688581e+002
2.298000 3.685617e+002
2.300000 3.682662e+002
2.302000 3.679716e+002
2.304000 3.676779e+002
2.306000 3.673852e+002
2.308000 3.670933e+002
2.310000 3.668023e+002
2.312000 3.665122e+002
2.314000 3.662230e+002
2.316000 3.659348e+002
2.318000 3.656474e+002
2.320000 3.653609e+002
2.322000 3.650753e+002
2.324000 3.647907e+002
2.326000 3.645069e+002
2.328000 3.642240e+002
2.330000 3.639420e+002
2.332000 3.636609e+002
2.334000 3.633806e+002
2.336000 3.631013e+002
2.338000 3.628229e+002
2.340000 3.625454e+002
2.342000 3.622687e+002
2.344000 3.619929e+002
2.346000 3.617181e+002
2.348000 3.614441e+002
2.350000 3.611710e+002
2.352000 3.608988e+002
2.354000 3.606274e+002
2.356000 3.603570e+002
2.358000 3.600874e+002
2.360000 3.598187e+002
2.362000 3.595509e+002
2.364000 3.592840e+002
2.366000 3.590179e+002
2.368000 3.587527e+002
2.370000 3.584884e+002
2.372000 3.582250e+002
2.374000 3.579624e+002
2.376000 3.577008e+002
2.378000 3.574399e+002
2.380000 3.571800e+002
2.382000 3.569209e+002
2.384000 3.566627e+002
2.386000 3.564054e+002
2.388000 3.561489e+002
2.390000 3.558933e+002
2.392000 3.556386e+002
2.394000 3.553847e+002
2.396000 3.551317e+002
2.398000 3.548795e+002
2.400000 3.546282e+002
2.402000 3.543778e+002
2.404000 3.541282e+002
2.406000 3.538795e+002
2.408000 3.536316e+002
2.410000 3.533846e+002
2.412000 3.531384e+002
2.414000 3.528931e+002
2.416000 3.526486e+002
2.418000 3.524050e+002
2.420000 3.521622e+002
2.422000 3.519203e+002
2.424000 3.516792e+002
2.426000 3.514389e+002
2.428000 3.511995e+002
2.430000 3.509609e+002
2.432000 3.507232e+002
2.434000 3.504863e+002
2.436000 3.502503e+002
2.438000 3.500151e+002
2.440000 3.497807e+002
2.442000 3.495471e+002
2.444000 3.493144e+002
2.446000 3.490825e+002
2.448000 3.488514e+002
2.450000 3.486212e+002
2.452000 3.483918e+002
2.454000 3.481632e+002
2.456000 3.479354e+002
2.458000 3.477085e+002
2.460000 3.474823e+002
2.462000 3.472570e+002
2.464000 3.470325e+002
2.466000 3.468089e+002
2.468000 3.465860e+002
2.470000 3.463640e+002
2.472000 3.461427e+002
2.474000 3.459223e+002
2.476000 3.457027e+002
2.478000 3.454838e+002
2.480000 3.452658e+002
2.482000 3.450486e+002
2.484000 3.448322e+002
2.486000 3.446166e+002
2.488000 3.444018e+002
2.490000 3.441878e+002
2.492000 3.439746e+002
2.494000 3.437621e+002
2.496000 3.435505e+002
2.498000 3.433397e+002
2.500000 3.431296e+002
2.502000 3.429204e+002
2.504000 3.427119e+002
2.506000 3.425042e+002
2.508000 3.422973e+002
2.510000 3.420912e+002
2.512000 3.418858e+002
2.514000 3.416813e+002
2.516000 3.414775e+002
2.518000 3.412745e+002
2.520000 3.410722e+002
2.522000 3.408707e+002
2.524000 3.406701e+002
2.526000 3.404701e+002
2.528000 3.402710e+002
2.530000 3.400726e+002
2.532000 3.398749e+002
2.534000 3.396781e+002
2.536000 3.394820e+002
2.538000 3.392866e+002
2.540000 3.390920e+002
2.542000 3.388982e+002
2.544000 3.387051e+002
2.546000 3.385128e+002
2.548000 3.383212e+002
2.550000 3.381304e+002
2.552000 3.379403e+002
2.554000 3.377510e+002
2.556000 3.375624e+002
2.558000 3.373745e+002
2.560000 3.371874e+002
2.562000 3.370010e+002
2.564000 3.368154e+002
2.566000 3.366305e+002
2.568000 3.364463e+002
2.570000 3.362629e+002
2.572000 3.360802e+002
2.574000 3.358982e+002
2.576000 3.357170e+002
2.578000 3.355365e+002
2.580000 3.353567e+002
2.582000 3.351776e+002
2.584000 3.349993e+002
2.586000 3.348216e+002
2.588000 3.346447e+002
2.590000 3.344685e+002
2.592000 3.342930e+002
2.594000 3.341182e+002
2.596000 3.339442e+002
2.598000 3.337708e+002
2.600000 3.335982e+002
2.602000 3.334262e+002
2.604000 3.332550e+002
2.606000 3.330844e+002
2.608000 3.329146e+002
2.610000 3.327454e+002
2.612000 3.325770e+002
2.614000 3.324092e+002
2.616000 3.322421e+002
2.618000 3.320758e+002
2.620000 3.319101e+002
2.622000 3.317451e+002
2.624000 3.315807e+002
2.626000 3.314171e+002
2.628000 3.312542e+002
2.630000 3.310919e+002
2.632000 3.309303e+002
2.634000 3.307694e+002
2.636000 3.306091e+002
2.638000 3.304495e+002
2.640000 3.302906e+002
2.642000 3.301324e+002
2.644000 3.299748e+002
2.646000 3.298179e+002
2.648000 3.296617e+002
2.650000 3.295061e+002
2.652000 3.293512e+002
2.654000 3.291970e+002
2.656000 3.290433e+002
2.658000 3.288904e+002
2.660000 3.287381e+002
2.662000 3.285865e+002
2.664000 3.284355e+002
2.666000 3.282851e+002
2.668000 3.281354e+002
2.670000 3.279863e+002
2.672000 3.278379e+002
2.674000 3.276902e+002
2.676000 3.275430e+002
2.678000 3.273965e+002
2.680000 3.272506e+002
2.682000 3.271054e+002
2.684000 3.269608e+002
2.686000 3.268168e+002
2.688000 3.266735e+002
2.690000 3.265307e+002
2.692000 3.263886e+002
2.694000 3.262472e+002
2.696000 3.261063e+002
2.698000 3.259661e+002
2.700000 3.258264e+002
2.702000 3.256874e+002
2.704000 3.255490e+002
2.706000 3.254112e+002
2.708000 3.252740e+002
2.710000 3.251375e+002
2.712000 3.250015e+002
2.714000 3.248661e+002
2.716000 3.247314e+002
2.718000 3.245972e+002
2.720000 3.244637e+002
2.722000 3.243307e+002
2.724000 3.241983e+002
2.726000 3.240665e+002
2.728000 3.239353e+002
2.730000 3.238047e+002
2.732000 3.236747e+002
2.734000 3.235453e+002
2.736000 3.234164e+002
2.738000 3.232882e+002
2.740000 3.231605e+002
2.742000 3.230334e+002
2.744000 3.229069e+002
2.746000 3.227809e+002
2.748000 3.226555e+002
2.750000 3.225307e+002
2.752000 3.224065e+002
2.754000 3.222828e+002
2.756000 3.221597e+002
2.758000 3.220371e+002
2.760000 3.219151e+002
2.762000 3.217937e+002
2.764000 3.216728e+002
2.766000 3.215525e+002
2.768000 3.214328e+002
2.770000 3.213136e+002
2.772000 3.211949e+002
2.774000 3.210768e+002
2.776000 3.209592e+002
2.778000 3.208422e+002
2.780000 3.207257e+002
2.782000 3.206098e+002
2.784000 3.204944e+002
2.786000 3.203796e+002
2.788000 3.202653e+002
2.790000 3.201515e+002
2.792000 3.200382e+002
2.794000 3.199255e+002
2.796000 3.198133e+002
2.798000 3.197017e+002
2.800000 3.195905e+002
2.802000 3.194799e+002
2.804000 3.193698e+002
2.806000 3.192603e+002
2.808000 3.191512e+002
2.810000 3.190427e+002
2.812000 3.189347e+002
2.814000 3.188272e+002
2.816000 3.187202e+002
2.818000 3.186137e+002
2.820000 3.185077e+002
2.822000 3.184022e+002
2.824000 3.182973e+002
2.826000 3.181928e+002
2.828000 3.180888e+002
2.830000 3.179854e+002
2.832000 3.178824e+002
2.834000 3.177799e+002
2.836000 3.176780e+002
2.838000 3.175765e+002
2.840000 3.174755e+002
2.842000 3.173750e+002
2.844000 3.172750e+002
2.846000 3.171754e+002
2.848000 3.170764e+002
2.850000 3.169778e+002
2.852000 3.168797e+002
2.854000 3.167821e+002
2.856000 3.166850e+002
2.858000 3.165883e+002
2.860000 3.164921e+002
2.862000 3.163964e+002
2.864000 3.163011e+002
2.866000 3.162064e+002
2.868000 3.161121e+002
2.870000 3.160182e+002
2.872000 3.159248e+002
2.874000 3.158319e+002
2.876000 3.157394e+002
2.878000 3.156474e+002
2.880000 3.155559e+002
2.882000 3.154648e+002
2.884000 3.153741e+002
2.886000 3.152839e+002
2.888000 3.151942e+002
2.890000 3.151049e+002
2.892000 3.150160e+002
2.894000 3.149276e+002
2.896000 3.148397e+002
2.898000 3.147521e+002
2.900000 3.146650e+002
2.902000 3.145784e+002
2.904000 3.144922e+002
2.906000 3.144064e+002
2.908000 3.143210e+002
2.910000 3.142361e+002
2.912000 3.141516e+002
2.914000 3.140676e+002
2.916000 3.139839e+002
2.918000 3.139007e+002
2.920000 3.138179e+002
2.922000 3.137356e+002
2.924000 3.136536e+002
2.926000 3.135721e+002
2.928000 3.134910e+002
2.930000 3.134103e+002
2.932000 3.133300e+002
2.934000 3.132501e+002
2.936000 3.131706e+002
2.938000 3.130916e+002
2.940000 3.130129e+002
2.942000 3.129347e+002
2.944000 3.128568e+002
2.946000 3.127794e+002
2.948000 3.127023e+002
2.950000 3.126257e+002
2.952000 3.125495e+002
2.954000 3.124736e+002
2.956000 3.123981e+002
2.958000 3.123231e+002
2.960000 3.122484e+002
2.962000 3.121741e+002
2.964000 3.121002e+002
2.966000 3.120267e+002
2.968000 3.119535e+002
2.970000 3.118808e+002
2.972000 3.118084e+002
2.974000 3.117364e+002
2.976000 3.116648e+002
2.978000 3.115936e+002
2.980000 3.115227e+002
2.982000 3.114522e+002
2.984000 3.113821e+002
2.986000 3.113123e+002
2.988000 3.112430e+002
2.990000 3.111740e+002
2.992000 3.111053e+002
2.994000 3.110370e+002
2.996000 3.109691e+002
2.998000 3.109015e+002
3.000000 3.108343e+002
3.002000 3.107675e+002
3.004000 3.107010e+002
3.006000 3.106349e+002
3.008000 3.105691e+002
3.010000 3.105037e+002
3.012000 3.104386e+002
3.014000 3.103739e+002
3.016000 3.103095e+002
3.018000 3.102455e+002
3.020000 3.101818e+002
3.022000 3.101184e+002
3.024000 3.100554e+002
3.026000 3.099928e+002
3.028000 3.099304e+002
3.030000 3.098684e+002
3.032000 3.098068e+002
3.034000 3.097455e+002
3.036000 3.096845e+002
3.038000 3.096238e+002
3.040000 3.095635e+002
3.042000 3.095035e+002
3.044000 3.094439e+002
3.046000 3.093845e+002
3.048000 3.093255e+002
3.050000 3.092668e+002
3.052000 3.092084e+002
3.054000 3.091504e+002
3.056000 3.090926e+002
3.058000 3.090352e+002
3.060000 3.089781e+002
3.062000 3.089213e+002
3.064000 3.088649e+002
3.066000 3.088087e+002
3.068000 3.087529e+002
3.070000 3.086973e+002
3.072000 3.086421e+002
3.074000 3.085871e+002
3.076000 3.085325e+002
3.078000 3.084782e+002
3.080000 3.084242e+002
3.082000 3.083705e+002
3.084000 3.083171e+002
3.086000 3.082639e+002
3.088000 3.082111e+002
3.090000 3.081586e+002
3.092000 3.081064e+002
3.094000 3.080544e+002
3.096000 3.080028e+002
3.098000 3.079514e+002
3.100000 3.079003e+002
3.102000 3.078496e+002
3.104000 3.077991e+002
3.106000 3.077489e+002
3.108000 3.076989e+002
3.110000 3.076493e+002
3.112000 3.075999e+002
3.114000 3.075508e+002
3.116000 3.075020e+002
3.118000 3.074535e+002
3.120000 3.074053e+002
3.122000 3.073573e+002
3.124000 3.073096e+002
3.126000 3.072621e+002
3.128000 3.072150e+002
3.130000 3.071681e+002
3.132000 3.071215e+002
3.134000 3.070751e+002
3.136000 3.070290e+002
3.138000 3.069832e+002
3.140000 3.069376e+002
3.142000 3.068923e+002
3.144000 3.068473e+002
3.146000 3.068025e+002
3.148000 3.067580e+002
3.150000 3.067137e+002
3.152000 3.066697e+002
3.154000 3.066260e+002
3.156000 3.065825e+002
3.158000 3.065392e+002
3.160000 3.064962e+002
3.162000 3.064535e+002
3.164000 3.064110e+002
3.166000 3.063687e+002
3.168000 3.063267e+002
3.170000 3.062850e+002
3.172000 3.062434e+002
3.174000 3.062022e+002
3.176000 3.061611e+002
3.178000 3.061203e+002
3.180000 3.060798e+002
3.182000 3.060395e+002
3.184000 3.059994e+002
3.186000 3.059596e+002
3.188000 3.059200e+002
3.190000 3.058806e+002
3.192000 3.058415e+002
3.194000 3.058026e+002
3.196000 3.057639e+002
3.198000 3.057254e+002
3.200000 3.056872e+002
3.202000 3.056492e+002
3.204000 3.056115e+002
3.206000 3.055739e+002
3.208000 3.055366e+002
3.210000 3.054995e+002
3.212000 3.054626e+002
3.214000 3.054260e+002
3.216000 3.053895e+002
3.218000 3.053533e+002
3.220000 3.053173e+002
3.222000 3.052816e+002
3.224000 3.052460e+002
3.226000 3.052106e+002
3.228000 3.051755e+002
3.230000 3.051406e+002
3.232000 3.051058e+002
3.234000 3.050713e+002
3.236000 3.050370e+002
3.238000 3.050029e+002
3.240000 3.049691e+002
3.242000 3.049354e+002
3.244000 3.049019e+002
3.246000 3.048686e+002
3.248000 3.048356e+002
3.250000 3.048027e+002
3.252000 3.047700e+002
3.254000 3.047375e+002
3.256000 3.047053e+002
3.258000 3.046732e+002
3.260000 3.046413e+002
3.262000 3.046096e+002
3.264000 3.045782e+002
3.266000 3.045469e+002
3.268000 3.045158e+002
3.270000 3.044849e+002
3.272000 3.044541e+002
3.274000 3.044236e+002
3.276000 3.043933e+002
3.278000 3.043631e+002
3.280000 3.043331e+002
3.282000 3.043034e+002
3.284000 3.042738e+002
3.286000 3.042443e+002
3.288000 3.042151e+002
3.290000 3.041861e+002
3.292000 3.041572e+002
3.294000 3.041285e+002
3.296000 3.041000e+002
3.298000 3.040717e+002
3.300000 3.040435e+002
3.302000 3.040155e+002
3.304000 3.039877e+002
3.306000 3.039601e+002
3.308000 3.039327e+002
3.310000 3.039054e+002
3.312000 3.038783e+002
3.314000 3.038513e+002
3.316000 3.038246e+002
3.318000 3.037980e+002
3.320000 3.037715e+002
3.322000 3.037453e+002
3.324000 3.037192e+002
3.326000 3.036932e+002
3.328000 3.036675e+002
3.330000 3.036419e+002
3.332000 3.036164e+002
3.334000 3.035911e+002
3.336000 3.035660e+002
3.338000 3.035411e+002
3.340000 3.035163e+002
3.342000 3.034916e+002
3.344000 3.034671e+002
3.346000 3.034428e+002
3.348000 3.034186e+002
3.350000 3.033946e+002
3.352000 3.033708e+002
3.354000 3.033471e+002
3.356000 3.033235e+002
3.358000 3.033001e+002
3.360000 3.032769e+002
3.362000 3.032538e+002
3.364000 3.032308e+002
3.366000 3.032080e+002
3.368000 3.031854e+002
3.370000 3.031628e+002
3.372000 3.031405e+002
3.374000 3.031183e+002
3.376000 3.030962e+002
3.378000 3.030743e+002
3.380000 3.030525e+002
3.382000 3.030309e+002
3.384000 3.030094e+002
3.386000 3.029880e+002
3.388000 3.029668e+002
3.390000 3.029457e+002
3.392000 3.029248e+002
3.394000 3.029040e+002
3.396000 3.028833e+002
3.398000 3.028628e+002
3.400000 3.028424e+002
3.402000 3.028221e+002
3.404000 3.028020e+002
3.406000 3.027820e+002
3.408000 3.027622e+002
3.410000 3.027425e+002
3.412000 3.027229e+002
3.414000 3.027034e+002
3.416000 3.026841e+002
3.418000 3.026649e+002
3.420000 3.026458e+002
3.422000 3.026268e+002
3.424000 3.026080e+002
3.426000 3.025893e+002
3.428000 3.025708e+002
3.430000 3.025523e+002
3.432000 3.025340e+002
3.434000 3.025158e+002
3.436000 3.024977e+002
3.438000 3.024798e+002
3.440000 3.024620e+002
3.442000 3.024443e+002
3.444000 3.024267e+002
3.446000 3.024092e+002
3.448000 3.023919e+002
3.450000 3.023746e+002
3.452000 3.023575e+002
3.454000 3.023405e+002
3.456000 3.023236e+002
3.458000 3.023069e+002
3.460000 3.022902e+002
3.462000 3.022737e+002
3.464000 3.022573e+002
3.466000 3.022410e+002
3.468000 3.022248e+002
3.470000 3.022087e+002
3.472000 3.021927e+002
3.474000 3.021769e+002
3.476000 3.021611e+002
3.478000 3.021455e+002
3.480000 3.021299e+002
3.482000 3.021145e+002
3.484000 3.020992e+002
3.486000 3.020840e+002
3.488000 3.020689e+002
3.490000 3.020539e+002
3.492000 3.020390e+002
3.494000 3.020242e+002
3.496000 3.020095e+002
3.498000 3.019950e+002
3.500000 3.019805e+002
3.502000 3.019661e+002
3.504000 3.019518e+002
3.506000 3.019377e+002
3.508000 3.019236e+002
3.510000 3.019096e+002
3.512000 3.018957e+002
3.514000 3.018820e+002
3.516000 3.018683e+002
3.518000 3.018547e+002
3.520000 3.018412e+002
3.522000 3.018279e+002
3.524000 3.018146e+002
3.526000 3.018014e+002
3.528000 3.017883e+002
3.530000 3.017753e+002
3.532000 3.017624e+002
3.534000 3.017496e+002
3.536000 3.017368e+002
3.538000 3.017242e+002
3.540000 3.017117e+002
3.542000 3.016992e+002
3.544000 3.016869e+002
3.546000 3.016746e+002
3.548000 3.016625e+002
3.550000 3.016504e+002
3.552000 3.016384e+002
3.554000 3.016265e+002
3.556000 3.016146e+002
3.558000 3.016029e+002
3.560000 3.015913e+002
3.562000 3.015797e+002
3.564000 3.015682e+002
3.566000 3.015569e+002
3.568000 3.015456e+002
3.570000 3.015343e+002
3.572000 3.015232e+002
3.574000 3.015122e+002
3.576000 3.015012e+002
3.578000 3.014903e+002
3.580000 3.014795e+002
3.582000 3.014688e+002
3.584000 3.014581e+002
3.586000 3.014476e+002
3.588000 3.014371e+002
3.590000 3.014267e+002
3.592000 3.014164e+002
3.594000 3.014062e+002
3.596000 3.013960e+002
3.598000 3.013859e+002
3.600000 3.013759e+002
3.602000 3.013660e+002
3.604000 3.013561e+002
3.606000 3.013464e+002
3.608000 3.013367e+002
3.610000 3.013270e+002
3.612000 3.013175e+002
3.614000 3.013080e+002
3.616000 3.012986e+002
3.618000 3.012893e+002
3.620000 3.012801e+002
3.622000 3.012709e+002
3.624000 3.012618e+002
3.626000 3.012527e+002
3.628000 3.012438e+002
3.630000 3.012349e+002
3.632000 3.012261e+002
3.634000 3.012173e+002
3.636000 3.012087e+002
3.638000 3.012000e+002
3.640000 3.011915e+002
3.642000 3.011830e+002
3.644000 3.011746e+002
3.646000 3.011663e+002
3.648000 3.011581e+002
3.650000 3.011499e+002
3.652000 3.011417e+002
3.654000 3.011337e+002
3.656000 3.011257e+002
3.658000 3.011178e+002
3.660000 3.011099e+002
3.662000 3.011021e+002
3.664000 3.010944e+002
3.666000 3.010867e+002
3.668000 3.010791e+002
3.670000 3.010716e+002
3.672000 3.010641e+002
3.674000 3.010567e+002
3.676000 3.010494e+002
3.678000 3.010421e+002
3.680000 3.010349e+002
3.682000 3.010277e+002
3.684000 3.010206e+002
3.686000 3.010136e+002
3.688000 3.010066e+002
3.690000 3.009997e+002
3.692000 3.009928e+002
3.694000 3.009860e+002
3.696000 3.009793e+002
3.698000 3.009726e+002
3.700000 3.009660e+002
3.702000 3.009595e+002
3.704000 3.009530e+002
3.706000 3.009465e+002
3.708000 3.009402e+002
3.710000 3.009339e+002
3.712000 3.009276e+002
3.714000 3.009214e+002
3.716000 3.009152e+002
3.718000 3.009091e+002
3.720000 3.009031e+002
3.722000 3.008971e+002
3.724000 3.008912e+002
3.726000 3.008853e+002
3.728000 3.008795e+002
3.730000 3.008738e+002
3.732000 3.008681e+002
3.734000 3.008624e+002
3.736000 3.008568e+002
3.738000 3.008513e+002
3.740000 3.008458e+002
3.742000 3.008404e+002
3.744000 3.008350e+002
3.746000 3.008297e+002
3.748000 3.008244e+002
3.750000 3.008192e+002
3.752000 3.008140e+002
3.754000 3.008089e+002
3.756000 3.008038e+002
3.758000 3.007988e+002
3.760000 3.007939e+002
3.762000 3.007890e+002
3.764000 3.007841e+002
3.766000 3.007793e+002
3.768000 3.007745e+002
3.770000 3.007698e+002
3.772000 3.007652e+002
3.774000 3.007606e+002
3.776000 3.007560e+002
3.778000 3.007515e+002
3.780000 3.007470e+002
3.782000 3.007426e+002
3.784000 3.007383e+002
3.786000 3.007339e+002
3.788000 3.007297e+002
3.790000 3.007255e+002
3.792000 3.007213e+002
3.794000 3.007172e+002
3.796000 3.007131e+002
3.798000 3.007090e+002
3.800000 3.007051e+002
3.802000 3.007011e+002
3.804000 3.006972e+002
3.806000 3.006934e+002
3.808000 3.006896e+002
3.810000 3.006858e+002
3.812000 3.006821e+002
3.814000 3.006785e+002
3.816000 3.006749e+002
3.818000 3.006713e+002
3.820000 3.006678e+002
3.822000 3.006643e+002
3.824000 3.006609e+002
3.826000 3.006575e+002
3.828000 3.006541e+002
3.830000 3.006508e+002
3.832000 3.006476e+002
3.834000 3.006444e+002
3.836000 3.006412e+002
3.838000 3.006381e+002
3.840000 3.006350e+002
3.842000 3.006319e+002
3.844000 3.006290e+002
3.846000 3.006260e+002
3.848000 3.006231e+002
3.850000 3.006202e+002
3.852000 3.006174e+002
3.854000 3.006146e+002
3.856000 3.006119e+002
3.858000 3.006092e+002
3.860000 3.006065e+002
3.862000 3.006039e+002
3.864000 3.006013e+002
3.866000 3.005988e+002
3.868000 3.005963e+002
3.870000 3.005939e+002
3.872000 3.005915e+002
3.874000 3.005891e+002
3.876000 3.005868e+002
3.878000 3.005845e+002
3.880000 3.005823e+002
3.882000 3.005801e+002
3.884000 3.005779e+002
3.886000 3.005758e+002
3.888000 3.005737e+002
3.890000 3.005717e+002
3.892000 3.005697e+002
3.894000 3.005677e+002
3.896000 3.005658e+002
3.898000 3.005639e+002
3.900000 3.005621e+002
3.902000 3.005603e+002
3.904000 3.005585e+002
3.906000 3.005568e+002
3.908000 3.005551e+002
3.910000 3.005535e+002
3.912000 3.005519e+002
3.914000 3.005503e+002
3.916000 3.005488e+002
3.918000 3.005473e+002
3.920000 3.005459e+002
3.922000 3.005445e+002
3.924000 3.005431e+002
3.926000 3.005418e+002
3.928000 3.005405e+002
3.930000 3.005392e+002
3.932000 3.005380e+002
3.934000 3.005368e+002
3.936000 3.005357e+002
3.938000 3.005346e+002
3.940000 3.005335e+002
3.942000 3.005325e+002
3.944000 3.005315e+002
3.946000 3.005306e+002
3.948000 3.005297e+002
3.950000 3.005288e+002
3.952000 3.005280e+002
3.954000 3.005272e+002
3.956000 3.005265e+002
3.958000 3.005257e+002
3.960000 3.005251e+002
3.962000 3.005244e+002
3.964000 3.005238e+002
3.966000 3.005233e+002
3.968000 3.005227e+002
3.970000 3.005222e+002
3.972000 3.005218e+002
3.974000 3.005214e+002
3.976000 3.005210e+002
3.978000 3.005207e+002
3.980000 3.005204e+002
3.982000 3.005201e+002
3.984000 3.005199e+002
3.986000 3.005197e+002
3.988000 3.005195e+002
3.990000 3.005194e+002
3.992000 3.005193e+002
3.994000 3.005193e+002
3.996000 3.005193e+002
3.998000 3.000000e+002
