0.000000 3.108754e+002
0.002000 3.120670e+002
0.004000 3.132585e+002
0.006000 3.144497e+002
0.008000 3.156408e+002
0.010000 3.168317e+002
0.012000 3.180223e+002
0.014000 3.192127e+002
0.016000 3.204028e+002
0.018000 3.215927e+002
0.020000 3.227823e+002
0.022000 3.239715e+002
0.024000 3.251605e+002
0.026000 3.263491e+002
0.028000 3.275374e+002
0.030000 3.287253e+002
0.032000 3.299128e+002
0.034000 3.310999e+002
0.036000 3.322866e+002
0.038000 3.334728e+002
0.040000 3.346586e+002
0.042000 3.358440e+002
0.044000 3.370289e+002
0.046000 3.382132e+002
0.048000 3.393971e+002
0.050000 3.405804e+002
0.052000 3.417632e+002
0.054000 3.429455e+002
0.056000 3.441271e+002
0.058000 3.453082e+002
0.060000 3.464887e+002
0.062000 3.476685e+002
0.064000 3.488477e+002
0.066000 3.500263e+002
0.068000 3.512041e+002
0.070000 3.523813e+002
0.072000 3.535578e+002
0.074000 3.547336e+002
0.076000 3.559087e+002
0.078000 3.570830e+002
0.080000 3.582565e+002
0.082000 3.594293e+002
0.084000 3.606013e+002
0.086000 3.617724e+002
0.088000 3.629427e+002
0.090000 3.641122e+002
0.092000 3.652809e+002
0.094000 3.664487e+002
0.096000 3.676155e+002
0.098000 3.687815e+002
0.100000 3.699466e+002
0.102000 3.711107e+002
0.104000 3.722739e+002
0.106000 3.734361e+002
0.108000 3.745973e+002
0.110000 3.757576e+002
0.112000 3.769168e+002
0.114000 3.780750e+002
0.116000 3.792322e+002
0.118000 3.803883e+002
0.120000 3.815433e+002
0.122000 3.826973e+002
0.124000 3.838501e+002
0.126000 3.850019e+002
0.128000 3.861525e+002
0.130000 3.873020e+002
0.132000 3.884503e+002
0.134000 3.895974e+002
0.136000 3.907433e+002
0.138000 3.918880e+002
0.140000 3.930315e+002
0.142000 3.941738e+002
0.144000 3.953148e+002
0.146000 3.964546e+002
0.148000 3.975930e+002
0.150000 3.987302e+002
0.152000 3.998661e+002
0.154000 4.010006e+002
0.156000 4.021338e+002
0.158000 4.032657e+002
0.160000 4.043961e+002
0.162000 4.055252e+002
0.164000 4.066529e+002
0.166000 4.077792e+002
0.168000 4.089041e+002
0.170000 4.100275e+002
0.172000 4.111494e+002
0.174000 4.122699e+002
0.176000 4.133889e+002
0.178000 4.145064e+002
0.180000 4.156224e+002
0.182000 4.167368e+002
0.184000 4.178497e+002
0.186000 4.189611e+002
0.188000 4.200709e+002
0.190000 4.211791e+002
0.192000 4.222857e+002
0.194000 4.233906e+002
0.196000 4.244940e+002
0.198000 4.255957e+002
0.200000 4.266958e+002
0.202000 4.277942e+002
0.204000 4.288909e+002
0.206000 4.299859e+002
0.208000 4.310792e+002
0.210000 4.321707e+002
0.212000 4.332606e+002
0.214000 4.343486e+002
0.216000 4.354349e+002
0.218000 4.365195e+002
0.220000 4.376022e+002
0.222000 4.386831e+002
0.224000 4.397622e+002
0.226000 4.408395e+002
0.228000 4.419149e+002
0.230000 4.429885e+002
0.232000 4.440602e+002
0.234000 4.451300e+002
0.236000 4.461979e+002
0.238000 4.472639e+002
0.240000 4.483279e+002
0.242000 4.493900e+002
0.244000 4.504502e+002
0.246000 4.515084e+002
0.248000 4.525646e+002
0.250000 4.536188e+002
0.252000 4.546710e+002
0.254000 4.557212e+002
0.256000 4.567693e+002
0.258000 4.578154e+002
0.260000 4.588595e+002
0.262000 4.599015e+002
0.264000 4.609414e+002
0.266000 4.619792e+002
0.268000 4.630148e+002
0.270000 4.640484e+002
0.272000 4.650799e+002
0.274000 4.661091e+002
0.276000 4.671363e+002
0.278000 4.681612e+002
0.280000 4.691840e+002
0.282000 4.702046e+002
0.284000 4.712229e+002
0.286000 4.722391e+002
0.288000 4.732530e+002
0.290000 4.742647e+002
0.292000 4.752741e+002
0.294000 4.762812e+002
0.296000 4.772861e+002
0.298000 4.782887e+002
0.300000 4.792889e+002
0.302000 4.802869e+002
0.304000 4.812825e+002
0.306000 4.822758e+002
0.308000 4.832667e+002
0.310000 4.842552e+002
0.312000 4.852414e+002
0.314000 4.862252e+002
0.316000 4.872066e+002
0.318000 4.881856e+002
0.320000 4.891622e+002
0.322000 4.901363e+002
0.324000 4.911080e+002
0.326000 4.920773e+002
0.328000 4.930441e+002
0.330000 4.940084e+002
0.332000 4.949702e+002
0.334000 4.959295e+002
0.336000 4.968863e+002
0.338000 4.978406e+002
0.340000 4.987923e+002
0.342000 4.997415e+002
0.344000 5.006882e+002
0.346000 5.016323e+002
0.348000 5.025738e+002
0.350000 5.035127e+002
0.352000 5.044490e+002
0.354000 5.053828e+002
0.356000 5.063139e+002
0.358000 5.072423e+002
0.360000 5.081682e+002
0.362000 5.090914e+002
0.364000 5.100119e+002
0.366000 5.109298e+002
0.368000 5.118450e+002
0.370000 5.127575e+002
0.372000 5.136673e+002
0.374000 5.145744e+002
0.376000 5.154788e+002
0.378000 5.163804e+002
0.380000 5.172793e+002
0.382000 5.181755e+002
0.384000 5.190689e+002
0.386000 5.199596e+002
0.388000 5.208474e+002
0.390000 5.217325e+002
0.392000 5.226148e+002
0.394000 5.234943e+002
0.396000 5.243710e+002
0.398000 5.252448e+002
0.400000 5.261158e+002
0.402000 5.269840e+002
0.404000 5.278493e+002
0.406000 5.287118e+002
0.408000 5.295714e+002
0.410000 5.304281e+002
0.412000 5.312820e+002
0.414000 5.321329e+002
0.416000 5.329810e+002
0.418000 5.338261e+002
0.420000 5.346683e+002
0.422000 5.355076e+002
0.424000 5.363439e+002
0.426000 5.371773e+002
0.428000 5.380078e+002
0.430000 5.388352e+002
0.432000 5.396598e+002
0.434000 5.404813e+002
0.436000 5.412998e+002
0.438000 5.421154e+002
0.440000 5.429279e+002
0.442000 5.437375e+002
0.444000 5.445440e+002
0.446000 5.453475e+002
0.448000 5.461479e+002
0.450000 5.469454e+002
0.452000 5.477397e+002
0.454000 5.485310e+002
0.456000 5.493193e+002
0.458000 5.501045e+002
0.460000 5.508865e+002
0.462000 5.516656e+002
0.464000 5.524415e+002
0.466000 5.532143e+002
0.468000 5.539840e+002
0.470000 5.547506e+002
0.472000 5.555141e+002
0.474000 5.562744e+002
0.476000 5.570316e+002
0.478000 5.577857e+002
0.480000 5.585366e+002
0.482000 5.592843e+002
0.484000 5.600289e+002
0.486000 5.607704e+002
0.488000 5.615086e+002
0.490000 5.622437e+002
0.492000 5.629756e+002
0.494000 5.637043e+002
0.496000 5.644298e+002
0.498000 5.651520e+002
0.500000 5.658711e+002
0.502000 5.665870e+002
0.504000 5.672996e+002
0.506000 5.680090e+002
0.508000 5.687151e+002
0.510000 5.694180e+002
0.512000 5.701177e+002
0.514000 5.708141e+002
0.516000 5.715073e+002
0.518000 5.721972e+002
0.520000 5.728838e+002
0.522000 5.735671e+002
0.524000 5.742472e+002
0.526000 5.749240e+002
0.528000 5.755975e+002
0.530000 5.762677e+002
0.532000 5.769345e+002
0.534000 5.775981e+002
0.536000 5.782584e+002
0.538000 5.789153e+002
0.540000 5.795690e+002
0.542000 5.802193e+002
0.544000 5.808663e+002
0.546000 5.815099e+002
0.548000 5.821502e+002
0.550000 5.827872e+002
0.552000 5.834208e+002
0.554000 5.840510e+002
0.556000 5.846779e+002
0.558000 5.853015e+002
0.560000 5.859216e+002
0.562000 5.865384e+002
0.564000 5.871519e+002
0.566000 5.877619e+002
0.568000 5.883686e+002
0.570000 5.889719e+002
0.572000 5.895718e+002
0.574000 5.901683e+002
0.576000 5.907614e+002
0.578000 5.913511e+002
0.580000 5.919374e+002
0.582000 5.925203e+002
0.584000 5.930998e+002
0.586000 5.936758e+002
0.588000 5.942485e+002
0.590000 5.948177e+002
0.592000 5.953835e+002
0.594000 5.959459e+002
0.596000 5.965049e+002
0.598000 5.970604e+002
0.600000 5.976125e+002
0.602000 5.981612e+002
0.604000 5.987064e+002
0.606000 5.992481e+002
0.608000 5.997865e+002
0.610000 6.003213e+002
0.612000 6.008528e+002
0.614000 6.013807e+002
0.616000 6.019053e+002
0.618000 6.024263e+002
0.620000 6.029439e+002
0.622000 6.034581e+002
0.624000 6.039687e+002
0.626000 6.044760e+002
0.628000 6.049797e+002
0.630000 6.054800e+002
0.632000 6.059768e+002
0.634000 6.064701e+002
0.636000 6.069600e+002
0.638000 6.074463e+002
0.640000 6.079292e+002
0.642000 6.084087e+002
0.644000 6.088846e+002
0.646000 6.093570e+002
0.648000 6.098260e+002
0.650000 6.102915e+002
0.652000 6.107535e+002
0.654000 6.112120e+002
0.656000 6.116671e+002
0.658000 6.121186e+002
0.660000 6.125666e+002
0.662000 6.130112e+002
0.664000 6.134523e+002
0.666000 6.138898e+002
0.668000 6.143239e+002
0.670000 6.147545e+002
0.672000 6.151816e+002
0.674000 6.156052e+002
0.676000 6.160253e+002
0.678000 6.164419e+002
0.680000 6.168550e+002
0.682000 6.172646e+002
0.684000 6.176708e+002
0.686000 6.180734e+002
0.688000 6.184725e+002
0.690000 6.188681e+002
0.692000 6.192603e+002
0.694000 6.196489e+002
0.696000 6.200341e+002
0.698000 6.204157e+002
0.700000 6.207939e+002
0.702000 6.211685e+002
0.704000 6.215397e+002
0.706000 6.219074e+002
0.708000 6.222716e+002
0.710000 6.226322e+002
0.712000 6.229894e+002
0.714000 6.233432e+002
0.716000 6.236934e+002
0.718000 6.240401e+002
0.720000 6.243833e+002
0.722000 6.247231e+002
0.724000 6.250594e+002
0.726000 6.253921e+002
0.728000 6.257214e+002
0.730000 6.260472e+002
0.732000 6.263696e+002
0.734000 6.266884e+002
0.736000 6.270038e+002
0.738000 6.273157e+002
0.740000 6.276241e+002
0.742000 6.279291e+002
0.744000 6.282306e+002
0.746000 6.285286e+002
0.748000 6.288231e+002
0.750000 6.291142e+002
0.752000 6.294018e+002
0.754000 6.296859e+002
0.756000 6.299666e+002
0.758000 6.302439e+002
0.760000 6.305176e+002
0.762000 6.307879e+002
0.764000 6.310548e+002
0.766000 6.313182e+002
0.768000 6.315782e+002
0.770000 6.318347e+002
0.772000 6.320878e+002
0.774000 6.323375e+002
0.776000 6.325837e+002
0.778000 6.328264e+002
0.780000 6.330658e+002
0.782000 6.333017e+002
0.784000 6.335342e+002
0.786000 6.337632e+002
0.788000 6.339889e+002
0.790000 6.342111e+002
0.792000 6.344299e+002
0.794000 6.346453e+002
0.796000 6.348573e+002
0.798000 6.350659e+002
0.800000 6.352711e+002
0.802000 6.354729e+002
0.804000 6.356713e+002
0.806000 6.358663e+002
0.808000 6.360579e+002
0.810000 6.362461e+002
0.812000 6.364310e+002
0.814000 6.366124e+002
0.816000 6.367905e+002
0.818000 6.369653e+002
0.820000 6.371366e+002
0.822000 6.373046e+002
0.824000 6.374693e+002
0.826000 6.376306e+002
0.828000 6.377885e+002
0.830000 6.379431e+002
0.832000 6.380944e+002
0.834000 6.382423e+002
0.836000 6.383869e+002
0.838000 6.385281e+002
0.840000 6.386661e+002
0.842000 6.388007e+002
0.844000 6.389320e+002
0.846000 6.390600e+002
0.848000 6.391846e+002
0.850000 6.393060e+002
0.852000 6.394241e+002
0.854000 6.395389e+002
0.856000 6.396504e+002
0.858000 6.397586e+002
0.860000 6.398636e+002
0.862000 6.399652e+002
0.864000 6.400636e+002
0.866000 6.401588e+002
0.868000 6.402506e+002
0.870000 6.403393e+002
0.872000 6.404247e+002
0.874000 6.405068e+002
0.876000 6.405857e+002
0.878000 6.406613e+002
0.880000 6.407338e+002
0.882000 6.408030e+002
0.884000 6.408690e+002
0.886000 6.409318e+002
0.888000 6.409914e+002
0.890000 6.410478e+002
0.892000 6.411010e+002
0.894000 6.411510e+002
0.896000 6.411978e+002
0.898000 6.412414e+002
0.900000 6.412819e+002
0.902000 6.413192e+002
0.904000 6.413534e+002
0.906000 6.413844e+002
0.908000 6.414122e+002
0.910000 6.414369e+002
0.912000 6.414585e+002
0.914000 6.414769e+002
0.916000 6.414923e+002
0.918000 6.415045e+002
0.920000 6.415136e+002
0.922000 6.415196e+002
0.924000 6.415225e+002
0.926000 6.415223e+002
0.928000 6.415190e+002
0.930000 6.415126e+002
0.932000 6.415032e+002
0.934000 6.414907e+002
0.936000 6.414751e+002
0.938000 6.414565e+002
0.940000 6.414349e+002
0.942000 6.414102e+002
0.944000 6.413824e+002
0.946000 6.413517e+002
0.948000 6.413179e+002
0.950000 6.412811e+002
0.952000 6.412413e+002
0.954000 6.411986e+002
0.956000 6.411528e+002
0.958000 6.411040e+002
0.960000 6.410523e+002
0.962000 6.409976e+002
0.964000 6.409399e+002
0.966000 6.408793e+002
0.968000 6.408157e+002
0.970000 6.407492e+002
0.972000 6.406798e+002
0.974000 6.406074e+002
0.976000 6.405321e+002
0.978000 6.404539e+002
0.980000 6.403728e+002
0.982000 6.402888e+002
0.984000 6.402019e+002
0.986000 6.401121e+002
0.988000 6.400195e+002
0.990000 6.399239e+002
0.992000 6.398256e+002
0.994000 6.397243e+002
0.996000 6.396203e+002
0.998000 6.395134e+002
1.000000 6.394036e+002
1.002000 6.392911e+002
1.004000 6.391757e+002
1.006000 6.390575e+002
1.008000 6.389366e+002
1.010000 6.388128e+002
1.012000 6.386863e+002
1.014000 6.385570e+002
1.016000 6.384249e+002
1.018000 6.382901e+002
1.020000 6.381525e+002
1.022000 6.380122e+002
1.024000 6.378691e+002
1.026000 6.377234e+002
1.028000 6.375749e+002
1.030000 6.374237e+002
1.032000 6.372698e+002
1.034000 6.371132e+002
1.036000 6.369539e+002
1.038000 6.367920e+002
1.040000 6.366274e+002
1.042000 6.364601e+002
1.044000 6.362902e+002
1.046000 6.361177e+002
1.048000 6.359425e+002
1.050000 6.357647e+002
1.052000 6.355842e+002
1.054000 6.354012e+002
1.056000 6.352156e+002
1.058000 6.350274e+002
1.060000 6.348366e+002
1.062000 6.346432e+002
1.064000 6.344473e+002
1.066000 6.342488e+002
1.068000 6.340478e+002
1.070000 6.338442e+002
1.072000 6.336381e+002
1.074000 6.334295e+002
1.076000 6.332184e+002
1.078000 6.330048e+002
1.080000 6.327887e+002
1.082000 6.325701e+002
1.084000 6.323490e+002
1.086000 6.321255e+002
1.088000 6.318995e+002
1.090000 6.316710e+002
1.092000 6.314402e+002
1.094000 6.312068e+002
1.096000 6.309711e+002
1.098000 6.307330e+002
1.100000 6.304924e+002
1.102000 6.302495e+002
1.104000 6.300042e+002
1.106000 6.297565e+002
1.108000 6.295065e+002
1.110000 6.292541e+002
1.112000 6.289993e+002
1.114000 6.287422e+002
1.116000 6.284828e+002
1.118000 6.282211e+002
1.120000 6.279570e+002
1.122000 6.276907e+002
1.124000 6.274220e+002
1.126000 6.271511e+002
1.128000 6.268779e+002
1.130000 6.266025e+002
1.132000 6.263248e+002
1.134000 6.260449e+002
1.136000 6.257627e+002
1.138000 6.254783e+002
1.140000 6.251917e+002
1.142000 6.249028e+002
1.144000 6.246118e+002
1.146000 6.243186e+002
1.148000 6.240232e+002
1.150000 6.237257e+002
1.152000 6.234260e+002
1.154000 6.231241e+002
1.156000 6.228202e+002
1.158000 6.225140e+002
1.160000 6.222058e+002
1.162000 6.218955e+002
1.164000 6.215830e+002
1.166000 6.212685e+002
1.168000 6.209519e+002
1.170000 6.206332e+002
1.172000 6.203124e+002
1.174000 6.199897e+002
1.176000 6.196648e+002
1.178000 6.193380e+002
1.180000 6.190091e+002
1.182000 6.186782e+002
1.184000 6.183453e+002
1.186000 6.180104e+002
1.188000 6.176735e+002
1.190000 6.173347e+002
1.192000 6.169938e+002
1.194000 6.166511e+002
1.196000 6.163064e+002
1.198000 6.159597e+002
1.200000 6.156112e+002
1.202000 6.152607e+002
1.204000 6.149083e+002
1.206000 6.145541e+002
1.208000 6.141979e+002
1.210000 6.138399e+002
1.212000 6.134800e+002
1.214000 6.131183e+002
1.216000 6.127547e+002
1.218000 6.123892e+002
1.220000 6.120220e+002
1.222000 6.116529e+002
1.224000 6.112821e+002
1.226000 6.109094e+002
1.228000 6.105350e+002
1.230000 6.101588e+002
1.232000 6.097808e+002
1.234000 6.094011e+002
1.236000 6.090196e+002
1.238000 6.086364e+002
1.240000 6.082514e+002
1.242000 6.078648e+002
1.244000 6.074764e+002
1.246000 6.070864e+002
1.248000 6.066947e+002
1.250000 6.063013e+002
1.252000 6.059062e+002
1.254000 6.055095e+002
1.256000 6.051111e+002
1.258000 6.047111e+002
1.260000 6.043095e+002
1.262000 6.039062e+002
1.264000 6.035014e+002
1.266000 6.030950e+002
1.268000 6.026870e+002
1.270000 6.022774e+002
1.272000 6.018662e+002
1.274000 6.014535e+002
1.276000 6.010392e+002
1.278000 6.006235e+002
1.280000 6.002061e+002
1.282000 5.997873e+002
1.284000 5.993670e+002
1.286000 5.989452e+002
1.288000 5.985219e+002
1.290000 5.980971e+002
1.292000 5.976709e+002
1.294000 5.972432e+002
1.296000 5.968140e+002
1.298000 5.963834e+002
1.300000 5.959515e+002
1.302000 5.955180e+002
1.304000 5.950832e+002
1.306000 5.946470e+002
1.308000 5.942094e+002
1.310000 5.937705e+002
1.312000 5.933302e+002
1.314000 5.928885e+002
1.316000 5.924454e+002
1.318000 5.920011e+002
1.320000 5.915554e+002
1.322000 5.911084e+002
1.324000 5.906601e+002
1.326000 5.902105e+002
1.328000 5.897597e+002
1.330000 5.893075e+002
1.332000 5.888541e+002
1.334000 5.883994e+002
1.336000 5.879435e+002
1.338000 5.874864e+002
1.340000 5.870280e+002
1.342000 5.865684e+002
1.344000 5.861076e+002
1.346000 5.856457e+002
1.348000 5.851825e+002
1.350000 5.847181e+002
1.352000 5.842526e+002
1.354000 5.837860e+002
1.356000 5.833182e+002
1.358000 5.828492e+002
1.360000 5.823792e+002
1.362000 5.819080e+002
1.364000 5.814357e+002
1.366000 5.809623e+002
1.368000 5.804878e+002
1.370000 5.800123e+002
1.372000 5.795357e+002
1.374000 5.790580e+002
1.376000 5.785793e+002
1.378000 5.780995e+002
1.380000 5.776187e+002
1.382000 5.771369e+002
1.384000 5.766541e+002
1.386000 5.761703e+002
1.388000 5.756855e+002
1.390000 5.751997e+002
1.392000 5.747130e+002
1.394000 5.742252e+002
1.396000 5.737366e+002
1.398000 5.732470e+002
1.400000 5.727564e+002
1.402000 5.722650e+002
1.404000 5.717726e+002
1.406000 5.712793e+002
1.408000 5.707852e+002
1.410000 5.702901e+002
1.412000 5.697942e+002
1.414000 5.692974e+002
1.416000 5.687998e+002
1.418000 5.683013e+002
1.420000 5.678020e+002
1.422000 5.673018e+002
1.424000 5.668008e+002
1.426000 5.662991e+002
1.428000 5.657965e+002
1.430000 5.652931e+002
1.432000 5.647890e+002
1.434000 5.642841e+002
1.436000 5.637784e+002
1.438000 5.632720e+002
1.440000 5.627648e+002
1.442000 5.622569e+002
1.444000 5.617483e+002
1.446000 5.612389e+002
1.448000 5.607289e+002
1.450000 5.602181e+002
1.452000 5.597067e+002
1.454000 5.591946e+002
1.456000 5.586818e+002
1.458000 5.581684e+002
1.460000 5.576543e+002
1.462000 5.571396e+002
1.464000 5.566242e+002
1.466000 5.561082e+002
1.468000 5.555916e+002
1.470000 5.550744e+002
1.472000 5.545566e+002
1.474000 5.540382e+002
1.476000 5.535193e+002
1.478000 5.529998e+002
1.480000 5.524797e+002
1.482000 5.519590e+002
1.484000 5.514378e+002
1.486000 5.509161e+002
1.488000 5.503939e+002
1.490000 5.498711e+002
1.492000 5.493479e+002
1.494000 5.488241e+002
1.496000 5.482998e+002
1.498000 5.477751e+002
1.500000 5.472499e+002
1.502000 5.467242e+002
1.504000 5.461981e+002
1.506000 5.456716e+002
1.508000 5.451446e+002
1.510000 5.446171e+002
1.512000 5.440893e+002
1.514000 5.435610e+002
1.516000 5.430324e+002
1.518000 5.425033e+002
1.520000 5.419739e+002
1.522000 5.414440e+002
1.524000 5.409138e+002
1.526000 5.403833e+002
1.528000 5.398524e+002
1.530000 5.393212e+002
1.532000 5.387896e+002
1.534000 5.382577e+002
1.536000 5.377255e+002
1.538000 5.371929e+002
1.540000 5.366601e+002
1.542000 5.361270e+002
1.544000 5.355936e+002
1.546000 5.350599e+002
1.548000 5.345260e+002
1.550000 5.339917e+002
1.552000 5.334573e+002
1.554000 5.329226e+002
1.556000 5.323876e+002
1.558000 5.318525e+002
1.560000 5.313171e+002
1.562000 5.307815e+002
1.564000 5.302457e+002
1.566000 5.297097e+002
1.568000 5.291735e+002
1.570000 5.286372e+002
1.572000 5.281006e+002
1.574000 5.275639e+002
1.576000 5.270271e+002
1.578000 5.264901e+002
1.580000 5.259529e+002
1.582000 5.254157e+002
1.584000 5.248783e+002
1.586000 5.243408e+002
1.588000 5.238031e+002
1.590000 5.232654e+002
1.592000 5.227276e+002
1.594000 5.221897e+002
1.596000 5.216517e+002
1.598000 5.211137e+002
1.600000 5.205756e+002
1.602000 5.200374e+002
1.604000 5.194992e+002
1.606000 5.189610e+002
1.608000 5.184227e+002
1.610000 5.178844e+002
1.612000 5.173460e+002
1.614000 5.168077e+002
1.616000 5.162694e+002
1.618000 5.157310e+002
1.620000 5.151927e+002
1.622000 5.146544e+002
1.624000 5.141161e+002
1.626000 5.135779e+002
1.628000 5.130397e+002
1.630000 5.125015e+002
1.632000 5.119634e+002
1.634000 5.114254e+002
1.636000 5.108874e+002
1.638000 5.103495e+002
1.640000 5.098117e+002
1.642000 5.092740e+002
1.644000 5.087363e+002
1.646000 5.081988e+002
1.648000 5.076614e+002
1.650000 5.071241e+002
1.652000 5.065870e+002
1.654000 5.060499e+002
1.656000 5.055130e+002
1.658000 5.049763e+002
1.660000 5.044397e+002
1.662000 5.039033e+002
1.664000 5.033670e+002
1.666000 5.028309e+002
1.668000 5.022950e+002
1.670000 5.017593e+002
1.672000 5.012237e+002
1.674000 5.006884e+002
1.676000 5.001532e+002
1.678000 4.996183e+002
1.680000 4.990836e+002
1.682000 4.985492e+002
1.684000 4.980149e+002
1.686000 4.974809e+002
1.688000 4.969471e+002
1.690000 4.964136e+002
1.692000 4.958804e+002
1.694000 4.953474e+002
1.696000 4.948147e+002
1.698000 4.942822e+002
1.700000 4.937500e+002
1.702000 4.932182e+002
1.704000 4.926866e+002
1.706000 4.921553e+002
1.708000 4.916243e+002
1.710000 4.910937e+002
1.712000 4.905633e+002
1.714000 4.900333e+002
1.716000 4.895036e+002
1.718000 4.889743e+002
1.720000 4.884453e+002
1.722000 4.879166e+002
1.724000 4.873883e+002
1.726000 4.868604e+002
1.728000 4.863328e+002
1.730000 4.858056e+002
1.732000 4.852788e+002
1.734000 4.847523e+002
1.736000 4.842263e+002
1.738000 4.837006e+002
1.740000 4.831753e+002
1.742000 4.826505e+002
1.744000 4.821260e+002
1.746000 4.816020e+002
1.748000 4.810784e+002
1.750000 4.805552e+002
1.752000 4.800325e+002
1.754000 4.795102e+002
1.756000 4.789883e+002
1.758000 4.784669e+002
1.760000 4.779460e+002
1.762000 4.774255e+002
1.764000 4.769055e+002
1.766000 4.763859e+002
1.768000 4.758668e+002
1.770000 4.753482e+002
1.772000 4.748301e+002
1.774000 4.743125e+002
1.776000 4.737954e+002
1.778000 4.732787e+002
1.780000 4.727626e+002
1.782000 4.722470e+002
1.784000 4.717319e+002
1.786000 4.712174e+002
1.788000 4.707033e+002
1.790000 4.701898e+002
1.792000 4.696769e+002
1.794000 4.691644e+002
1.796000 4.686526e+002
1.798000 4.681412e+002
1.800000 4.676305e+002
1.802000 4.671202e+002
1.804000 4.666106e+002
1.806000 4.661015e+002
1.808000 4.655930e+002
1.810000 4.650851e+002
1.812000 4.645778e+002
1.814000 4.640710e+002
1.816000 4.635648e+002
1.818000 4.630593e+002
1.820000 4.625543e+002
1.822000 4.620500e+002
1.824000 4.615462e+002
1.826000 4.610431e+002
1.828000 4.605406e+002
1.830000 4.600387e+002
1.832000 4.595374e+002
1.834000 4.590368e+002
1.836000 4.585368e+002
1.838000 4.580375e+002
1.840000 4.575388e+002
1.842000 4.570407e+002
1.844000 4.565433e+002
1.846000 4.560466e+002
1.848000 4.555505e+002
1.850000 4.550551e+002
1.852000 4.545603e+002
1.854000 4.540663e+002
1.856000 4.535729e+002
1.858000 4.530802e+002
1.860000 4.525881e+002
1.862000 4.520968e+002
1.864000 4.516061e+002
1.866000 4.511162e+002
1.868000 4.506269e+002
1.870000 4.501384e+002
1.872000 4.496505e+002
1.874000 4.491634e+002
1.876000 4.486770e+002
1.878000 4.481913e+002
1.880000 4.477063e+002
1.882000 4.472221e+002
1.884000 4.467386e+002
1.886000 4.462558e+002
1.888000 4.457737e+002
1.890000 4.452924e+002
1.892000 4.448119e+002
1.894000 4.443321e+002
1.896000 4.438530e+002
1.898000 4.433747e+002
1.900000 4.428971e+002
1.902000 4.424203e+002
1.904000 4.419443e+002
1.906000 4.414690e+002
1.908000 4.409945e+002
1.910000 4.405208e+002
1.912000 4.400479e+002
1.914000 4.395757e+002
1.916000 4.391043e+002
1.918000 4.386337e+002
1.920000 4.381639e+002
1.922000 4.376949e+002
1.924000 4.372267e+002
1.926000 4.367592e+002
1.928000 4.362926e+002
1.930000 4.358268e+002
1.932000 4.353618e+002
1.934000 4.348976e+002
1.936000 4.344342e+002
1.938000 4.339716e+002
1.940000 4.335098e+002
1.942000 4.330489e+002
1.944000 4.325888e+002
1.946000 4.321295e+002
1.948000 4.316710e+002
1.950000 4.312134e+002
1.952000 4.307566e+002
1.954000 4.303006e+002
1.956000 4.298455e+002
1.958000 4.293912e+002
1.960000 4.289378e+002
1.962000 4.284852e+002
1.964000 4.280334e+002
1.966000 4.275825e+002
1.968000 4.271325e+002
1.970000 4.266833e+002
1.972000 4.262350e+002
1.974000 4.257875e+002
1.976000 4.253409e+002
1.978000 4.248952e+002
1.980000 4.244503e+002
1.982000 4.240063e+002
1.984000 4.235632e+002
1.986000 4.231209e+002
1.988000 4.226796e+002
1.990000 4.222391e+002
1.992000 4.217994e+002
1.994000 4.213607e+002
1.996000 4.209229e+002
1.998000 4.204859e+002
2.000000 4.200498e+002
2.002000 4.196146e+002
2.004000 4.191803e+002
2.006000 4.187469e+002
2.008000 4.183144e+002
2.010000 4.178828e+002
2.012000 4.174521e+002
2.014000 4.170223e+002
2.016000 4.165934e+002
2.018000 4.161654e+002
2.020000 4.157383e+002
2.022000 4.153122e+002
2.024000 4.148869e+002
2.026000 4.144625e+002
2.028000 4.140391e+002
2.030000 4.136166e+002
2.032000 4.131950e+002
2.034000 4.127743e+002
2.036000 4.123545e+002
2.038000 4.119357e+002
2.040000 4.115177e+002
2.042000 4.111007e+002
2.044000 4.106847e+002
2.046000 4.102695e+002
2.048000 4.098553e+002
2.050000 4.094420e+002
2.052000 4.090296e+002
2.054000 4.086182e+002
2.056000 4.082077e+002
2.058000 4.077982e+002
2.060000 4.073896e+002
2.062000 4.069819e+002
2.064000 4.065751e+002
2.066000 4.061693e+002
2.068000 4.057645e+002
2.070000 4.053606e+002
2.072000 4.049576e+002
2.074000 4.045556e+002
2.076000 4.041545e+002
2.078000 4.037544e+002
2.080000 4.033552e+002
2.082000 4.029570e+002
2.084000 4.025597e+002
2.086000 4.021633e+002
2.088000 4.017680e+002
2.090000 4.013735e+002
2.092000 4.009801e+002
2.094000 4.005875e+002
2.096000 4.001960e+002
2.098000 3.998054e+002
2.100000 3.994157e+002
2.102000 3.990270e+002
2.104000 3.986393e+002
2.106000 3.982525e+002
2.108000 3.978667e+002
2.110000 3.974819e+002
2.112000 3.970980e+002
2.114000 3.967151e+002
2.116000 3.963331e+002
2.118000 3.959521e+002
2.120000 3.955721e+002
2.122000 3.951930e+002
2.124000 3.948149e+002
2.126000 3.944378e+002
2.128000 3.940616e+002
2.130000 3.936864e+002
2.132000 3.933122e+002
2.134000 3.929389e+002
2.136000 3.925666e+002
2.138000 3.921953e+002
2.140000 3.918250e+002
2.142000 3.914556e+002
2.144000 3.910872e+002
2.146000 3.907197e+002
2.148000 3.903532e+002
2.150000 3.899877e+002
2.152000 3.896232e+002
2.154000 3.892596e+002
2.156000 3.888971e+002
2.158000 3.885354e+002
2.160000 3.881748e+002
2.162000 3.878151e+002
2.164000 3.874564e+002
2.166000 3.870987e+002
2.168000 3.867420e+002
2.170000 3.863862e+002
2.172000 3.860314e+002
2.174000 3.856776e+002
2.176000 3.853247e+002
2.178000 3.849728e+002
2.180000 3.846219e+002
2.182000 3.842720e+002
2.184000 3.839230e+002
2.186000 3.835750e+002
2.188000 3.832280e+002
2.190000 3.828820e+002
2.192000 3.825369e+002
2.194000 3.821928e+002
2.196000 3.818497e+002
2.198000 3.815076e+002
2.200000 3.811664e+002
2.202000 3.808262e+002
2.204000 3.804870e+002
2.206000 3.801487e+002
2.208000 3.798115e+002
2.210000 3.794751e+002
2.212000 3.791398e+002
2.214000 3.788054e+002
2.216000 3.784720e+002
2.218000 3.781396e+002
2.220000 3.778082e+002
2.222000 3.774777e+002
2.224000 3.771482e+002
2.226000 3.768196e+002
2.228000 3.764921e+002
2.230000 3.761655e+002
2.232000 3.758398e+002
2.234000 3.755152e+002
2.236000 3.751915e+002
2.238000 3.748687e+002
2.240000 3.745470e+002
2.242000 3.742262e+002
2.244000 3.739063e+002
2.246000 3.735875e+002
2.248000 3.732696e+002
2.250000 3.729526e+002
2.252000 3.726367e+002
2.254000 3.723217e+002
2.256000 3.720076e+002
2.258000 3.716945e+002
2.260000 3.713824e+002
2.262000 3.710712e+002
2.264000 3.707610e+002
2.266000 3.704518e+002
2.268000 3.701435e+002
2.270000 3.698362e+002
2.272000 3.695298e+002
2.274000 3.692244e+002
2.276000 3.689199e+002
2.278000 3.686164e+002
2.280000 3.683139e+002
2.282000 3.680123e+002
2.284000 3.677116e+002
2.286000 3.674119e+002
2.288000 3.671132e+002
2.290000 3.668154e+002
2.292000 3.665186e+002
2.294000 3.662227e+002
2.296000 3.659277e+002
2.298000 3.656337e+002
2.300000 3.653407e+002
2.302000 3.650486e+002
2.304000 3.647574e+002
2.306000 3.644672e+002
2.308000 3.641779e+002
2.310000 3.638896e+002
2.312000 3.636022e+002
2.314000 3.633157e+002
2.316000 3.630302e+002
2.318000 3.627456e+002
2.320000 3.624620e+002
2.322000 3.621793e+002
2.324000 3.618975e+002
2.326000 3.616167e+002
2.328000 3.613368e+002
2.330000 3.610578e+002
2.332000 3.607798e+002
2.334000 3.605026e+002
2.336000 3.602264e+002
2.338000 3.599512e+002
2.340000 3.596768e+002
2.342000 3.594034e+002
2.344000 3.591309e+002
2.346000 3.588594e+002
2.348000 3.585887e+002
2.350000 3.583190e+002
2.352000 3.580502e+002
2.354000 3.577823e+002
2.356000 3.575153e+002
2.358000 3.572493e+002
2.360000 3.569841e+002
2.362000 3.567199e+002
2.364000 3.564566e+002
2.366000 3.561941e+002
2.368000 3.559326e+002
2.370000 3.556720e+002
2.372000 3.554123e+002
2.374000 3.551536e+002
2.376000 3.548957e+002
2.378000 3.546387e+002
2.380000 3.543826e+002
2.382000 3.541274e+002
2.384000 3.538732e+002
2.386000 3.536198e+002
2.388000 3.533673e+002
2.390000 3.531157e+002
2.392000 3.528650e+002
2.394000 3.526152e+002
2.396000 3.523662e+002
2.398000 3.521182e+002
2.400000 3.518711e+002
2.402000 3.516248e+002
2.404000 3.513794e+002
2.406000 3.511349e+002
2.408000 3.508913e+002
2.410000 3.506486e+002
2.412000 3.504067e+002
2.414000 3.501657e+002
2.416000 3.499256e+002
2.418000 3.496864e+002
2.420000 3.494480e+002
2.422000 3.492105e+002
2.424000 3.489739e+002
2.426000 3.487382e+002
2.428000 3.485033e+002
2.430000 3.482692e+002
2.432000 3.480361e+002
2.434000 3.478038e+002
2.436000 3.475724e+002
2.438000 3.473418e+002
2.440000 3.471120e+002
2.442000 3.468832e+002
2.444000 3.466552e+002
2.446000 3.464280e+002
2.448000 3.462017e+002
2.450000 3.459762e+002
2.452000 3.457516e+002
2.454000 3.455278e+002
2.456000 3.453049e+002
2.458000 3.450828e+002
2.460000 3.448616e+002
2.462000 3.446412e+002
2.464000 3.444216e+002
2.466000 3.442029e+002
2.468000 3.439850e+002
2.470000 3.437679e+002
2.472000 3.435517e+002
2.474000 3.433362e+002
2.476000 3.431217e+002
2.478000 3.429079e+002
2.480000 3.426950e+002
2.482000 3.424829e+002
2.484000 3.422716e+002
2.486000 3.420611e+002
2.488000 3.418514e+002
2.490000 3.416426e+002
2.492000 3.414346e+002
2.494000 3.412274e+002
2.496000 3.410209e+002
2.498000 3.408153e+002
2.500000 3.406106e+002
2.502000 3.404066e+002
2.504000 3.402034e+002
2.506000 3.400010e+002
2.508000 3.397994e+002
2.510000 3.395986e+002
2.512000 3.393986e+002
2.514000 3.391994e+002
2.516000 3.390010e+002
2.518000 3.388034e+002
2.520000 3.386066e+002
2.522000 3.384105e+002
2.524000 3.382153e+002
2.526000 3.380208e+002
2.528000 3.378271e+002
2.530000 3.376342e+002
2.532000 3.374421e+002
2.534000 3.372507e+002
2.536000 3.370601e+002
2.538000 3.368703e+002
2.540000 3.366812e+002
2.542000 3.364930e+002
2.544000 3.363054e+002
2.546000 3.361187e+002
2.548000 3.359327e+002
2.550000 3.357475e+002
2.552000 3.355630e+002
2.554000 3.353793e+002
2.556000 3.351964e+002
2.558000 3.350142e+002
2.560000 3.348327e+002
2.562000 3.346520e+002
2.564000 3.344721e+002
2.566000 3.342929e+002
2.568000 3.341144e+002
2.570000 3.339367e+002
2.572000 3.337597e+002
2.574000 3.335834e+002
2.576000 3.334079e+002
2.578000 3.332332e+002
2.580000 3.330591e+002
2.582000 3.328858e+002
2.584000 3.327132e+002
2.586000 3.325414e+002
2.588000 3.323703e+002
2.590000 3.321998e+002
2.592000 3.320302e+002
2.594000 3.318612e+002
2.596000 3.316929e+002
2.598000 3.315254e+002
2.600000 3.313586e+002
2.602000 3.311925e+002
2.604000 3.310271e+002
2.606000 3.308624e+002
2.608000 3.306984e+002
2.610000 3.305351e+002
2.612000 3.303725e+002
2.614000 3.302106e+002
2.616000 3.300495e+002
2.618000 3.298890e+002
2.620000 3.297292e+002
2.622000 3.295701e+002
2.624000 3.294117e+002
2.626000 3.292539e+002
2.628000 3.290969e+002
2.630000 3.289405e+002
2.632000 3.287849e+002
2.634000 3.286299e+002
2.636000 3.284755e+002
2.638000 3.283219e+002
2.640000 3.281689e+002
2.642000 3.280166e+002
2.644000 3.278650e+002
2.646000 3.277141e+002
2.648000 3.275638e+002
2.650000 3.274141e+002
2.652000 3.272652e+002
2.654000 3.271169e+002
2.656000 3.269692e+002
2.658000 3.268223e+002
2.660000 3.266759e+002
2.662000 3.265302e+002
2.664000 3.263852e+002
2.666000 3.262408e+002
2.668000 3.260971e+002
2.670000 3.259540e+002
2.672000 3.258116e+002
2.674000 3.256698e+002
2.676000 3.255286e+002
2.678000 3.253881e+002
2.680000 3.252482e+002
2.682000 3.251089e+002
2.684000 3.249703e+002
2.686000 3.248323e+002
2.688000 3.246949e+002
2.690000 3.245582e+002
2.692000 3.244221e+002
2.694000 3.242866e+002
2.696000 3.241517e+002
2.698000 3.240174e+002
2.700000 3.238838e+002
2.702000 3.237507e+002
2.704000 3.236183e+002
2.706000 3.234865e+002
2.708000 3.233553e+002
2.710000 3.232247e+002
2.712000 3.230947e+002
2.714000 3.229653e+002
2.716000 3.228365e+002
2.718000 3.227083e+002
2.720000 3.225807e+002
2.722000 3.224537e+002
2.724000 3.223273e+002
2.726000 3.222015e+002
2.728000 3.220762e+002
2.730000 3.219516e+002
2.732000 3.218275e+002
2.734000 3.217040e+002
2.736000 3.215811e+002
2.738000 3.214588e+002
2.740000 3.213371e+002
2.742000 3.212159e+002
2.744000 3.210953e+002
2.746000 3.209753e+002
2.748000 3.208558e+002
2.750000 3.207369e+002
2.752000 3.206186e+002
2.754000 3.205008e+002
2.756000 3.203836e+002
2.758000 3.202669e+002
2.760000 3.201509e+002
2.762000 3.200353e+002
2.764000 3.199203e+002
2.766000 3.198059e+002
2.768000 3.196920e+002
2.770000 3.195787e+002
2.772000 3.194659e+002
2.774000 3.193537e+002
2.776000 3.192420e+002
2.778000 3.191308e+002
2.780000 3.190202e+002
2.782000 3.189101e+002
2.784000 3.188006e+002
2.786000 3.186916e+002
2.788000 3.185831e+002
2.790000 3.184751e+002
2.792000 3.183677e+002
2.794000 3.182608e+002
2.796000 3.181544e+002
2.798000 3.180485e+002
2.800000 3.179432e+002
2.802000 3.178383e+002
2.804000 3.177340e+002
2.806000 3.176302e+002
2.808000 3.175270e+002
2.810000 3.174242e+002
2.812000 3.173219e+002
2.814000 3.172202e+002
2.816000 3.171189e+002
2.818000 3.170181e+002
2.820000 3.169179e+002
2.822000 3.168181e+002
2.824000 3.167189e+002
2.826000 3.166201e+002
2.828000 3.165218e+002
2.830000 3.164241e+002
2.832000 3.163268e+002
2.834000 3.162300e+002
2.836000 3.161337e+002
2.838000 3.160378e+002
2.840000 3.159425e+002
2.842000 3.158476e+002
2.844000 3.157532e+002
2.846000 3.156593e+002
2.848000 3.155659e+002
2.850000 3.154729e+002
2.852000 3.153804e+002
2.854000 3.152884e+002
2.856000 3.151968e+002
2.858000 3.151057e+002
2.860000 3.150151e+002
2.862000 3.149250e+002
2.864000 3.148353e+002
2.866000 3.147460e+002
2.868000 3.146572e+002
2.870000 3.145689e+002
2.872000 3.144810e+002
2.874000 3.143936e+002
2.876000 3.143066e+002
2.878000 3.142201e+002
2.880000 3.141340e+002
2.882000 3.140484e+002
2.884000 3.139632e+002
2.886000 3.138784e+002
2.888000 3.137941e+002
2.890000 3.137102e+002
2.892000 3.136268e+002
2.894000 3.135438e+002
2.896000 3.134612e+002
2.898000 3.133790e+002
2.900000 3.132973e+002
2.902000 3.132160e+002
2.904000 3.131352e+002
2.906000 3.130547e+002
2.908000 3.129747e+002
2.910000 3.128951e+002
2.912000 3.128159e+002
2.914000 3.127372e+002
2.916000 3.126588e+002
2.918000 3.125809e+002
2.920000 3.125034e+002
2.922000 3.124263e+002
2.924000 3.123496e+002
2.926000 3.122733e+002
2.928000 3.121974e+002
2.930000 3.121219e+002
2.932000 3.120468e+002
2.934000 3.119721e+002
2.936000 3.118978e+002
2.938000 3.118239e+002
2.940000 3.117504e+002
2.942000 3.116773e+002
2.944000 3.116046e+002
2.946000 3.115323e+002
2.948000 3.114604e+002
2.950000 3.113888e+002
2.952000 3.113177e+002
2.954000 3.112469e+002
2.956000 3.111765e+002
2.958000 3.111065e+002
2.960000 3.110368e+002
2.962000 3.109676e+002
2.964000 3.108987e+002
2.966000 3.108302e+002
2.968000 3.107621e+002
2.970000 3.106943e+002
2.972000 3.106269e+002
2.974000 3.105599e+002
2.976000 3.104932e+002
2.978000 3.104269e+002
2.980000 3.103610e+002
2.982000 3.102954e+002
2.984000 3.102302e+002
2.986000 3.101653e+002
2.988000 3.101008e+002
2.990000 3.100367e+002
2.992000 3.099729e+002
2.994000 3.099094e+002
2.996000 3.098463e+002
2.998000 3.097836e+002
3.000000 3.097212e+002
3.002000 3.096591e+002
3.004000 3.095974e+002
3.006000 3.095361e+002
3.008000 3.094750e+002
3.010000 3.094144e+002
3.012000 3.093540e+002
3.014000 3.092940e+002
3.016000 3.092343e+002
3.018000 3.091750e+002
3.020000 3.091160e+002
3.022000 3.090573e+002
3.024000 3.089990e+002
3.026000 3.089409e+002
3.028000 3.088833e+002
3.030000 3.088259e+002
3.032000 3.087688e+002
3.034000 3.087121e+002
3.036000 3.086557e+002
3.038000 3.085996e+002
3.040000 3.085439e+002
3.042000 3.084884e+002
3.044000 3.084333e+002
3.046000 3.083784e+002
3.048000 3.083239e+002
3.050000 3.082697e+002
3.052000 3.082158e+002
3.054000 3.081622e+002
3.056000 3.081090e+002
3.058000 3.080560e+002
3.060000 3.080033e+002
3.062000 3.079509e+002
3.064000 3.078989e+002
3.066000 3.078471e+002
3.068000 3.077956e+002
3.070000 3.077444e+002
3.072000 3.076935e+002
3.074000 3.076429e+002
3.076000 3.075926e+002
3.078000 3.075426e+002
3.080000 3.074929e+002
3.082000 3.074435e+002
3.084000 3.073943e+002
3.086000 3.073455e+002
3.088000 3.072969e+002
3.090000 3.072486e+002
3.092000 3.072006e+002
3.094000 3.071528e+002
3.096000 3.071054e+002
3.098000 3.070582e+002
3.100000 3.070113e+002
3.102000 3.069647e+002
3.104000 3.069183e+002
3.106000 3.068722e+002
3.108000 3.068264e+002
3.110000 3.067809e+002
3.112000 3.067356e+002
3.114000 3.066906e+002
3.116000 3.066458e+002
3.118000 3.066014e+002
3.120000 3.065572e+002
3.122000 3.065132e+002
3.124000 3.064695e+002
3.126000 3.064261e+002
3.128000 3.063829e+002
3.130000 3.063400e+002
3.132000 3.062973e+002
3.134000 3.062549e+002
3.136000 3.062127e+002
3.138000 3.061708e+002
3.140000 3.061291e+002
3.142000 3.060877e+002
3.144000 3.060466e+002
3.146000 3.060056e+002
3.148000 3.059650e+002
3.150000 3.059245e+002
3.152000 3.058844e+002
3.154000 3.058444e+002
3.156000 3.058047e+002
3.158000 3.057653e+002
3.160000 3.057260e+002
3.162000 3.056870e+002
3.164000 3.056483e+002
3.166000 3.056098e+002
3.168000 3.055715e+002
3.170000 3.055334e+002
3.172000 3.054956e+002
3.174000 3.054580e+002
3.176000 3.054206e+002
3.178000 3.053835e+002
3.180000 3.053466e+002
3.182000 3.053099e+002
3.184000 3.052735e+002
3.186000 3.052372e+002
3.188000 3.052012e+002
3.190000 3.051654e+002
3.192000 3.051298e+002
3.194000 3.050945e+002
3.196000 3.050593e+002
3.198000 3.050244e+002
3.200000 3.049897e+002
3.202000 3.049552e+002
3.204000 3.049209e+002
3.206000 3.048869e+002
3.208000 3.048530e+002
3.210000 3.048193e+002
3.212000 3.047859e+002
3.214000 3.047527e+002
3.216000 3.047196e+002
3.218000 3.046868e+002
3.220000 3.046542e+002
3.222000 3.046218e+002
3.224000 3.045896e+002
3.226000 3.045576e+002
3.228000 3.045257e+002
3.230000 3.044941e+002
3.232000 3.044627e+002
3.234000 3.044315e+002
3.236000 3.044005e+002
3.238000 3.043696e+002
3.240000 3.043390e+002
3.242000 3.043086e+002
3.244000 3.042783e+002
3.246000 3.042483e+002
3.248000 3.042184e+002
3.250000 3.041887e+002
3.252000 3.041592e+002
3.254000 3.041299e+002
3.256000 3.041008e+002
3.258000 3.040719e+002
3.260000 3.040431e+002
3.262000 3.040145e+002
3.264000 3.039862e+002
3.266000 3.039579e+002
3.268000 3.039299e+002
3.270000 3.039021e+002
3.272000 3.038744e+002
3.274000 3.038469e+002
3.276000 3.038196e+002
3.278000 3.037925e+002
3.280000 3.037655e+002
3.282000 3.037387e+002
3.284000 3.037121e+002
3.286000 3.036856e+002
3.288000 3.036593e+002
3.290000 3.036332e+002
3.292000 3.036073e+002
3.294000 3.035815e+002
3.296000 3.035559e+002
3.298000 3.035305e+002
3.300000 3.035052e+002
3.302000 3.034801e+002
3.304000 3.034551e+002
3.306000 3.034303e+002
3.308000 3.034057e+002
3.310000 3.033813e+002
3.312000 3.033569e+002
3.314000 3.033328e+002
3.316000 3.033088e+002
3.318000 3.032850e+002
3.320000 3.032613e+002
3.322000 3.032378e+002
3.324000 3.032144e+002
3.326000 3.031912e+002
3.328000 3.031682e+002
3.330000 3.031452e+002
3.332000 3.031225e+002
3.334000 3.030999e+002
3.336000 3.030774e+002
3.338000 3.030551e+002
3.340000 3.030330e+002
3.342000 3.030109e+002
3.344000 3.029891e+002
3.346000 3.029673e+002
3.348000 3.029458e+002
3.350000 3.029243e+002
3.352000 3.029030e+002
3.354000 3.028819e+002
3.356000 3.028609e+002
3.358000 3.028400e+002
3.360000 3.028193e+002
3.362000 3.027987e+002
3.364000 3.027783e+002
3.366000 3.027579e+002
3.368000 3.027378e+002
3.370000 3.027177e+002
3.372000 3.026978e+002
3.374000 3.026780e+002
3.376000 3.026584e+002
3.378000 3.026389e+002
3.380000 3.026195e+002
3.382000 3.026003e+002
3.384000 3.025812e+002
3.386000 3.025622e+002
3.388000 3.025433e+002
3.390000 3.025246e+002
3.392000 3.025060e+002
3.394000 3.024875e+002
3.396000 3.024692e+002
3.398000 3.024510e+002
3.400000 3.024329e+002
3.402000 3.024149e+002
3.404000 3.023971e+002
3.406000 3.023793e+002
3.408000 3.023617e+002
3.410000 3.023442e+002
3.412000 3.023269e+002
3.414000 3.023096e+002
3.416000 3.022925e+002
3.418000 3.022755e+002
3.420000 3.022586e+002
3.422000 3.022419e+002
3.424000 3.022252e+002
3.426000 3.022087e+002
3.428000 3.021922e+002
3.430000 3.021759e+002
3.432000 3.021597e+002
3.434000 3.021437e+002
3.436000 3.021277e+002
3.438000 3.021118e+002
3.440000 3.020961e+002
3.442000 3.020805e+002
3.444000 3.020649e+002
3.446000 3.020495e+002
3.448000 3.020342e+002
3.450000 3.020190e+002
3.452000 3.020039e+002
3.454000 3.019889e+002
3.456000 3.019740e+002
3.458000 3.019593e+002
3.460000 3.019446e+002
3.462000 3.019300e+002
3.464000 3.019156e+002
3.466000 3.019012e+002
3.468000 3.018869e+002
3.470000 3.018728e+002
3.472000 3.018587e+002
3.474000 3.018448e+002
3.476000 3.018309e+002
3.478000 3.018172e+002
3.480000 3.018035e+002
3.482000 3.017900e+002
3.484000 3.017765e+002
3.486000 3.017631e+002
3.488000 3.017499e+002
3.490000 3.017367e+002
3.492000 3.017236e+002
3.494000 3.017106e+002
3.496000 3.016978e+002
3.498000 3.016850e+002
3.500000 3.016723e+002
3.502000 3.016597e+002
3.504000 3.016471e+002
3.506000 3.016347e+002
3.508000 3.016224e+002
3.510000 3.016101e+002
3.512000 3.015980e+002
3.514000 3.015859e+002
3.516000 3.015740e+002
3.518000 3.015621e+002
3.520000 3.015503e+002
3.522000 3.015386e+002
3.524000 3.015269e+002
3.526000 3.015154e+002
3.528000 3.015039e+002
3.530000 3.014926e+002
3.532000 3.014813e+002
3.534000 3.014701e+002
3.536000 3.014590e+002
3.538000 3.014480e+002
3.540000 3.014370e+002
3.542000 3.014261e+002
3.544000 3.014154e+002
3.546000 3.014047e+002
3.548000 3.013940e+002
3.550000 3.013835e+002
3.552000 3.013730e+002
3.554000 3.013626e+002
3.556000 3.013523e+002
3.558000 3.013421e+002
3.560000 3.013320e+002
3.562000 3.013219e+002
3.564000 3.013119e+002
3.566000 3.013020e+002
3.568000 3.012922e+002
3.570000 3.012824e+002
3.572000 3.012727e+002
3.574000 3.012631e+002
3.576000 3.012536e+002
3.578000 3.012441e+002
3.580000 3.012347e+002
3.582000 3.012254e+002
3.584000 3.012161e+002
3.586000 3.012070e+002
3.588000 3.011979e+002
3.590000 3.011888e+002
3.592000 3.011799e+002
3.594000 3.011710e+002
3.596000 3.011622e+002
3.598000 3.011534e+002
3.600000 3.011447e+002
3.602000 3.011361e+002
3.604000 3.011276e+002
3.606000 3.011191e+002
3.608000 3.011107e+002
3.610000 3.011024e+002
3.612000 3.010941e+002
3.614000 3.010859e+002
3.616000 3.010777e+002
3.618000 3.010697e+002
3.620000 3.010617e+002
3.622000 3.010537e+002
3.624000 3.010458e+002
3.626000 3.010380e+002
3.628000 3.010303e+002
3.630000 3.010226e+002
3.632000 3.010150e+002
3.634000 3.010074e+002
3.636000 3.009999e+002
3.638000 3.009925e+002
3.640000 3.009851e+002
3.642000 3.009778e+002
3.644000 3.009705e+002
3.646000 3.009633e+002
3.648000 3.009562e+002
3.650000 3.009491e+002
3.652000 3.009421e+002
3.654000 3.009352e+002
3.656000 3.009283e+002
3.658000 3.009214e+002
3.660000 3.009146e+002
3.662000 3.009079e+002
3.664000 3.009013e+002
3.666000 3.008947e+002
3.668000 3.008881e+002
3.670000 3.008816e+002
3.672000 3.008752e+002
3.674000 3.008688e+002
3.676000 3.008625e+002
3.678000 3.008562e+002
3.680000 3.008500e+002
3.682000 3.008438e+002
3.684000 3.008377e+002
3.686000 3.008317e+002
3.688000 3.008257e+002
3.690000 3.008197e+002
3.692000 3.008139e+002
3.694000 3.008080e+002
3.696000 3.008022e+002
3.698000 3.007965e+002
3.700000 3.007908e+002
3.702000 3.007852e+002
3.704000 3.007796e+002
3.706000 3.007741e+002
3.708000 3.007686e+002
3.710000 3.007632e+002
3.712000 3.007578e+002
3.714000 3.007525e+002
3.716000 3.007472e+002
3.718000 3.007420e+002
3.720000 3.007368e+002
3.722000 3.007317e+002
3.724000 3.007266e+002
3.726000 3.007216e+002
3.728000 3.007166e+002
3.730000 3.007117e+002
3.732000 3.007068e+002
3.734000 3.007020e+002
3.736000 3.006972e+002
3.738000 3.006924e+002
3.740000 3.006877e+002
3.742000 3.006831e+002
3.744000 3.006785e+002
3.746000 3.006739e+002
3.748000 3.006694e+002
3.750000 3.006649e+002
3.752000 3.006605e+002
3.754000 3.006562e+002
3.756000 3.006518e+002
3.758000 3.006475e+002
3.760000 3.006433e+002
3.762000 3.006391e+002
3.764000 3.006349e+002
3.766000 3.006308e+002
3.768000 3.006268e+002
3.770000 3.006228e+002
3.772000 3.006188e+002
3.774000 3.006148e+002
3.776000 3.006109e+002
3.778000 3.006071e+002
3.780000 3.006033e+002
3.782000 3.005995e+002
3.784000 3.005958e+002
3.786000 3.005921e+002
3.788000 3.005885e+002
3.790000 3.005849e+002
3.792000 3.005813e+002
3.794000 3.005778e+002
3.796000 3.005743e+002
3.798000 3.005709e+002
3.800000 3.005675e+002
3.802000 3.005642e+002
3.804000 3.005608e+002
3.806000 3.005576e+002
3.808000 3.005543e+002
3.810000 3.005511e+002
3.812000 3.005480e+002
3.814000 3.005449e+002
3.816000 3.005418e+002
3.818000 3.005387e+002
3.820000 3.005357e+002
3.822000 3.005328e+002
3.824000 3.005299e+002
3.826000 3.005270e+002
3.828000 3.005241e+002
3.830000 3.005213e+002
3.832000 3.005186e+002
3.834000 3.005158e+002
3.836000 3.005131e+002
3.838000 3.005105e+002
3.840000 3.005079e+002
3.842000 3.005053e+002
3.844000 3.005027e+002
3.846000 3.005002e+002
3.848000 3.004977e+002
3.850000 3.004953e+002
3.852000 3.004929e+002
3.854000 3.004905e+002
3.856000 3.004882e+002
3.858000 3.004859e+002
3.860000 3.004837e+002
3.862000 3.004815e+002
3.864000 3.004793e+002
3.866000 3.004771e+002
3.868000 3.004750e+002
3.870000 3.004729e+002
3.872000 3.004709e+002
3.874000 3.004689e+002
3.876000 3.004669e+002
3.878000 3.004650e+002
3.880000 3.004631e+002
3.882000 3.004612e+002
3.884000 3.004594e+002
3.886000 3.004576e+002
3.888000 3.004558e+002
3.890000 3.004541e+002
3.892000 3.004524e+002
3.894000 3.004507e+002
3.896000 3.004491e+002
3.898000 3.004475e+002
3.900000 3.004460e+002
3.902000 3.004444e+002
3.904000 3.004429e+002
3.906000 3.004415e+002
3.908000 3.004401e+002
3.910000 3.004387e+002
3.912000 3.004373e+002
3.914000 3.004360e+002
3.916000 3.004347e+002
3.918000 3.004334e+002
3.920000 3.004322e+002
3.922000 3.004310e+002
3.924000 3.004299e+002
3.926000 3.004287e+002
3.928000 3.004276e+002
3.930000 3.004266e+002
3.932000 3.004256e+002
3.934000 3.004246e+002
3.936000 3.004236e+002
3.938000 3.004227e+002
3.940000 3.004218e+002
3.942000 3.004209e+002
3.944000 3.004201e+002
3.946000 3.004193e+002
3.948000 3.004185e+002
3.950000 3.004178e+002
3.952000 3.004171e+002
3.954000 3.004164e+002
3.956000 3.004158e+002
3.958000 3.004152e+002
3.960000 3.004146e+002
3.962000 3.004140e+002
3.964000 3.004135e+002
3.966000 3.004131e+002
3.968000 3.004126e+002
3.970000 3.004122e+002
3.972000 3.004118e+002
3.974000 3.004115e+002
3.976000 3.004111e+002
3.978000 3.004109e+002
3.980000 3.004106e+002
3.982000 3.004104e+002
3.984000 3.004102e+002
3.986000 3.004100e+002
3.988000 3.004099e+002
3.990000 3.004098e+002
3.992000 3.004097e+002
3.994000 3.004097e+002
3.996000 3.004097e+002
3.998000 3.000000e+002
