0.000000 3.316267e+002
0.002000 3.351247e+002
0.004000 3.386217e+002
0.006000 3.421177e+002
0.008000 3.456127e+002
0.010000 3.491064e+002
0.012000 3.525989e+002
0.014000 3.560900e+002
0.016000 3.595796e+002
0.018000 3.630677e+002
0.020000 3.665542e+002
0.022000 3.700389e+002
0.024000 3.735218e+002
0.026000 3.770027e+002
0.028000 3.804817e+002
0.030000 3.839585e+002
0.032000 3.874332e+002
0.034000 3.909056e+002
0.036000 3.943756e+002
0.038000 3.978431e+002
0.040000 4.013081e+002
0.042000 4.047705e+002
0.044000 4.082301e+002
0.046000 4.116869e+002
0.048000 4.151407e+002
0.050000 4.185916e+002
0.052000 4.220394e+002
0.054000 4.254840e+002
0.056000 4.289253e+002
0.058000 4.323632e+002
0.060000 4.357977e+002
0.062000 4.392287e+002
0.064000 4.426560e+002
0.066000 4.460796e+002
0.068000 4.494994e+002
0.070000 4.529153e+002
0.072000 4.563272e+002
0.074000 4.597350e+002
0.076000 4.631387e+002
0.078000 4.665381e+002
0.080000 4.699332e+002
0.082000 4.733238e+002
0.084000 4.767099e+002
0.086000 4.800915e+002
0.088000 4.834683e+002
0.090000 4.868404e+002
0.092000 4.902076e+002
0.094000 4.935699e+002
0.096000 4.969271e+002
0.098000 5.002792e+002
0.100000 5.036261e+002
0.102000 5.069677e+002
0.104000 5.103040e+002
0.106000 5.136347e+002
0.108000 5.169600e+002
0.110000 5.202796e+002
0.112000 5.235934e+002
0.114000 5.269015e+002
0.116000 5.302037e+002
0.118000 5.335000e+002
0.120000 5.367901e+002
0.122000 5.400742e+002
0.124000 5.433520e+002
0.126000 5.466236e+002
0.128000 5.498887e+002
0.130000 5.531474e+002
0.132000 5.563995e+002
0.134000 5.596451e+002
0.136000 5.628839e+002
0.138000 5.661159e+002
0.140000 5.693410e+002
0.142000 5.725592e+002
0.144000 5.757704e+002
0.146000 5.789744e+002
0.148000 5.821713e+002
0.150000 5.853609e+002
0.152000 5.885432e+002
0.154000 5.917180e+002
0.156000 5.948853e+002
0.158000 5.980450e+002
0.160000 6.011971e+002
0.162000 6.043414e+002
0.164000 6.074779e+002
0.166000 6.106065e+002
0.168000 6.137272e+002
0.170000 6.168398e+002
0.172000 6.199443e+002
0.174000 6.230406e+002
0.176000 6.261286e+002
0.178000 6.292083e+002
0.180000 6.322795e+002
0.182000 6.353423e+002
0.184000 6.383964e+002
0.186000 6.414420e+002
0.188000 6.444788e+002
0.190000 6.475068e+002
0.192000 6.505260e+002
0.194000 6.535363e+002
0.196000 6.565375e+002
0.198000 6.595297e+002
0.200000 6.625127e+002
0.202000 6.654865e+002
0.204000 6.684510e+002
0.206000 6.714062e+002
0.208000 6.743519e+002
0.210000 6.772882e+002
0.212000 6.802148e+002
0.214000 6.831319e+002
0.216000 6.860392e+002
0.218000 6.889368e+002
0.220000 6.918246e+002
0.222000 6.947024e+002
0.224000 6.975703e+002
0.226000 7.004281e+002
0.228000 7.032759e+002
0.230000 7.061135e+002
0.232000 7.089408e+002
0.234000 7.117579e+002
0.236000 7.145646e+002
0.238000 7.173609e+002
0.240000 7.201467e+002
0.242000 7.229220e+002
0.244000 7.256867e+002
0.246000 7.284406e+002
0.248000 7.311839e+002
0.250000 7.339164e+002
0.252000 7.366380e+002
0.254000 7.393487e+002
0.256000 7.420485e+002
0.258000 7.447372e+002
0.260000 7.474149e+002
0.262000 7.500813e+002
0.264000 7.527366e+002
0.266000 7.553807e+002
0.268000 7.580134e+002
0.270000 7.606347e+002
0.272000 7.632446e+002
0.274000 7.658430e+002
0.276000 7.684299e+002
0.278000 7.710052e+002
0.280000 7.735688e+002
0.282000 7.761208e+002
0.284000 7.786610e+002
0.286000 7.811894e+002
0.288000 7.837059e+002
0.290000 7.862105e+002
0.292000 7.887031e+002
0.294000 7.911837e+002
0.296000 7.936523e+002
0.298000 7.961088e+002
0.300000 7.985530e+002
0.302000 8.009851e+002
0.304000 8.034049e+002
0.306000 8.058124e+002
0.308000 8.082076e+002
0.310000 8.105903e+002
0.312000 8.129606e+002
0.314000 8.153184e+002
0.316000 8.176637e+002
0.318000 8.199964e+002
0.320000 8.223164e+002
0.322000 8.246238e+002
0.324000 8.269184e+002
0.326000 8.292003e+002
0.328000 8.314694e+002
0.330000 8.337256e+002
0.332000 8.359690e+002
0.334000 8.381994e+002
0.336000 8.404168e+002
0.338000 8.426213e+002
0.340000 8.448127e+002
0.342000 8.469910e+002
0.344000 8.491561e+002
0.346000 8.513082e+002
0.348000 8.534470e+002
0.350000 8.555725e+002
0.352000 8.576848e+002
0.354000 8.597838e+002
0.356000 8.618694e+002
0.358000 8.639416e+002
0.360000 8.660005e+002
0.362000 8.680458e+002
0.364000 8.700777e+002
0.366000 8.720961e+002
0.368000 8.741009e+002
0.370000 8.760921e+002
0.372000 8.780697e+002
0.374000 8.800337e+002
0.376000 8.819840e+002
0.378000 8.839206e+002
0.380000 8.858434e+002
0.382000 8.877525e+002
0.384000 8.896478e+002
0.386000 8.915293e+002
0.388000 8.933969e+002
0.390000 8.952507e+002
0.392000 8.970905e+002
0.394000 8.989164e+002
0.396000 9.007284e+002
0.398000 9.025264e+002
0.400000 9.043103e+002
0.402000 9.060803e+002
0.404000 9.078362e+002
0.406000 9.095780e+002
0.408000 9.113058e+002
0.410000 9.130194e+002
0.412000 9.147189e+002
0.414000 9.164042e+002
0.416000 9.180753e+002
0.418000 9.197323e+002
0.420000 9.213750e+002
0.422000 9.230035e+002
0.424000 9.246177e+002
0.426000 9.262177e+002
0.428000 9.278034e+002
0.430000 9.293747e+002
0.432000 9.309318e+002
0.434000 9.324745e+002
0.436000 9.340029e+002
0.438000 9.355169e+002
0.440000 9.370165e+002
0.442000 9.385017e+002
0.444000 9.399725e+002
0.446000 9.414289e+002
0.448000 9.428709e+002
0.450000 9.442984e+002
0.452000 9.457114e+002
0.454000 9.471100e+002
0.456000 9.484942e+002
0.458000 9.498638e+002
0.460000 9.512189e+002
0.462000 9.525596e+002
0.464000 9.538857e+002
0.466000 9.551974e+002
0.468000 9.564945e+002
0.470000 9.577770e+002
0.472000 9.590451e+002
0.474000 9.602985e+002
0.476000 9.615375e+002
0.478000 9.627619e+002
0.480000 9.639717e+002
0.482000 9.651670e+002
0.484000 9.663478e+002
0.486000 9.675139e+002
0.488000 9.686655e+002
0.490000 9.698026e+002
0.492000 9.709250e+002
0.494000 9.720330e+002
0.496000 9.731263e+002
0.498000 9.742051e+002
0.500000 9.752693e+002
0.502000 9.763189e+002
0.504000 9.773540e+002
0.506000 9.783746e+002
0.508000 9.793805e+002
0.510000 9.803720e+002
0.512000 9.813489e+002
0.514000 9.823112e+002
0.516000 9.832590e+002
0.518000 9.841923e+002
0.520000 9.851110e+002
0.522000 9.860152e+002
0.524000 9.869050e+002
0.526000 9.877802e+002
0.528000 9.886409e+002
0.530000 9.894871e+002
0.532000 9.903189e+002
0.534000 9.911362e+002
0.536000 9.919390e+002
0.538000 9.927274e+002
0.540000 9.935013e+002
0.542000 9.942608e+002
0.544000 9.950059e+002
0.546000 9.957366e+002
0.548000 9.964529e+002
0.550000 9.971549e+002
0.552000 9.978424e+002
0.554000 9.985156e+002
0.556000 9.991745e+002
0.558000 9.998191e+002
0.560000 1.000449e+003
0.562000 1.001065e+003
0.564000 1.001667e+003
0.566000 1.002254e+003
0.568000 1.002828e+003
0.570000 1.003387e+003
0.572000 1.003931e+003
0.574000 1.004462e+003
0.576000 1.004979e+003
0.578000 1.005481e+003
0.580000 1.005969e+003
0.582000 1.006443e+003
0.584000 1.006903e+003
0.586000 1.007349e+003
0.588000 1.007781e+003
0.590000 1.008199e+003
0.592000 1.008603e+003
0.594000 1.008993e+003
0.596000 1.009369e+003
0.598000 1.009731e+003
0.600000 1.010079e+003
0.602000 1.010413e+003
0.604000 1.010733e+003
0.606000 1.011040e+003
0.608000 1.011333e+003
0.610000 1.011612e+003
0.612000 1.011877e+003
0.614000 1.012129e+003
0.616000 1.012366e+003
0.618000 1.012591e+003
0.620000 1.012801e+003
0.622000 1.012998e+003
0.624000 1.013182e+003
0.626000 1.013351e+003
0.628000 1.013508e+003
0.630000 1.013651e+003
0.632000 1.013780e+003
0.634000 1.013896e+003
0.636000 1.013998e+003
0.638000 1.014088e+003
0.640000 1.014163e+003
0.642000 1.014226e+003
0.644000 1.014275e+003
0.646000 1.014311e+003
0.648000 1.014334e+003
0.650000 1.014344e+003
0.652000 1.014341e+003
0.654000 1.014324e+003
0.656000 1.014294e+003
0.658000 1.014252e+003
0.660000 1.014196e+003
0.662000 1.014128e+003
0.664000 1.014046e+003
0.666000 1.013952e+003
0.668000 1.013845e+003
0.670000 1.013725e+003
0.672000 1.013592e+003
0.674000 1.013447e+003
0.676000 1.013289e+003
0.678000 1.013118e+003
0.680000 1.012934e+003
0.682000 1.012738e+003
0.684000 1.012530e+003
0.686000 1.012309e+003
0.688000 1.012076e+003
0.690000 1.011830e+003
0.692000 1.011572e+003
0.694000 1.011301e+003
0.696000 1.011018e+003
0.698000 1.010723e+003
0.700000 1.010416e+003
0.702000 1.010097e+003
0.704000 1.009765e+003
0.706000 1.009422e+003
0.708000 1.009066e+003
0.710000 1.008699e+003
0.712000 1.008319e+003
0.714000 1.007928e+003
0.716000 1.007525e+003
0.718000 1.007110e+003
0.720000 1.006683e+003
0.722000 1.006244e+003
0.724000 1.005794e+003
0.726000 1.005332e+003
0.728000 1.004859e+003
0.730000 1.004374e+003
0.732000 1.003878e+003
0.734000 1.003370e+003
0.736000 1.002851e+003
0.738000 1.002321e+003
0.740000 1.001779e+003
0.742000 1.001226e+003
0.744000 1.000662e+003
0.746000 1.000087e+003
0.748000 9.995003e+002
0.750000 9.989029e+002
0.752000 9.982945e+002
0.754000 9.976752e+002
0.756000 9.970450e+002
0.758000 9.964040e+002
0.760000 9.957521e+002
0.762000 9.950896e+002
0.764000 9.944163e+002
0.766000 9.937324e+002
0.768000 9.930380e+002
0.770000 9.923330e+002
0.772000 9.916175e+002
0.774000 9.908917e+002
0.776000 9.901554e+002
0.778000 9.894088e+002
0.780000 9.886520e+002
0.782000 9.878849e+002
0.784000 9.871077e+002
0.786000 9.863204e+002
0.788000 9.855230e+002
0.790000 9.847157e+002
0.792000 9.838984e+002
0.794000 9.830712e+002
0.796000 9.822341e+002
0.798000 9.813873e+002
0.800000 9.805307e+002
0.802000 9.796645e+002
0.804000 9.787887e+002
0.806000 9.779033e+002
0.808000 9.770084e+002
0.810000 9.761040e+002
0.812000 9.751903e+002
0.814000 9.742672e+002
0.816000 9.733348e+002
0.818000 9.723932e+002
0.820000 9.714425e+002
0.822000 9.704826e+002
0.824000 9.695137e+002
0.826000 9.685357e+002
0.828000 9.675488e+002
0.830000 9.665531e+002
0.832000 9.655485e+002
0.834000 9.645351e+002
0.836000 9.635131e+002
0.838000 9.624823e+002
0.840000 9.614430e+002
0.842000 9.603951e+002
0.844000 9.593388e+002
0.846000 9.582740e+002
0.848000 9.572009e+002
0.850000 9.561194e+002
0.852000 9.550297e+002
0.854000 9.539318e+002
0.856000 9.528258e+002
0.858000 9.517117e+002
0.860000 9.505896e+002
0.862000 9.494596e+002
0.864000 9.483216e+002
0.866000 9.471758e+002
0.868000 9.460222e+002
0.870000 9.448609e+002
0.872000 9.436920e+002
0.874000 9.425154e+002
0.876000 9.413313e+002
0.878000 9.401397e+002
0.880000 9.389407e+002
0.882000 9.377344e+002
0.884000 9.365207e+002
0.886000 9.352998e+002
0.888000 9.340717e+002
0.890000 9.328365e+002
0.892000 9.315942e+002
0.894000 9.303449e+002
0.896000 9.290887e+002
0.898000 9.278256e+002
0.900000 9.265557e+002
0.902000 9.252790e+002
0.904000 9.239956e+002
0.906000 9.227055e+002
0.908000 9.214089e+002
0.910000 9.201058e+002
0.912000 9.187962e+002
0.914000 9.174801e+002
0.916000 9.161578e+002
0.918000 9.148292e+002
0.920000 9.134943e+002
0.922000 9.121533e+002
0.924000 9.108062e+002
0.926000 9.094531e+002
0.928000 9.080939e+002
0.930000 9.067289e+002
0.932000 9.053580e+002
0.934000 9.039813e+002
0.936000 9.025989e+002
0.938000 9.012108e+002
0.940000 8.998170e+002
0.942000 8.984177e+002
0.944000 8.970130e+002
0.946000 8.956027e+002
0.948000 8.941872e+002
0.950000 8.927663e+002
0.952000 8.913401e+002
0.954000 8.899087e+002
0.956000 8.884723e+002
0.958000 8.870307e+002
0.960000 8.855841e+002
0.962000 8.841326e+002
0.964000 8.826762e+002
0.966000 8.812149e+002
0.968000 8.797489e+002
0.970000 8.782781e+002
0.972000 8.768027e+002
0.974000 8.753227e+002
0.976000 8.738382e+002
0.978000 8.723492e+002
0.980000 8.708558e+002
0.982000 8.693580e+002
0.984000 8.678560e+002
0.986000 8.663497e+002
0.988000 8.648392e+002
0.990000 8.633246e+002
0.992000 8.618059e+002
0.994000 8.602832e+002
0.996000 8.587566e+002
0.998000 8.572262e+002
1.000000 8.556919e+002
1.002000 8.541538e+002
1.004000 8.526120e+002
1.006000 8.510666e+002
1.008000 8.495176e+002
1.010000 8.479650e+002
1.012000 8.464090e+002
1.014000 8.448496e+002
1.016000 8.432868e+002
1.018000 8.417207e+002
1.020000 8.401514e+002
1.022000 8.385789e+002
1.024000 8.370033e+002
1.026000 8.354246e+002
1.028000 8.338429e+002
1.030000 8.322583e+002
1.032000 8.306707e+002
1.034000 8.290803e+002
1.036000 8.274872e+002
1.038000 8.258913e+002
1.040000 8.242927e+002
1.042000 8.226916e+002
1.044000 8.210878e+002
1.046000 8.194816e+002
1.048000 8.178730e+002
1.050000 8.162619e+002
1.052000 8.146486e+002
1.054000 8.130329e+002
1.056000 8.114151e+002
1.058000 8.097950e+002
1.060000 8.081729e+002
1.062000 8.065487e+002
1.064000 8.049225e+002
1.066000 8.032944e+002
1.068000 8.016644e+002
1.070000 8.000326e+002
1.072000 7.983989e+002
1.074000 7.967636e+002
1.076000 7.951266e+002
1.078000 7.934880e+002
1.080000 7.918478e+002
1.082000 7.902061e+002
1.084000 7.885629e+002
1.086000 7.869184e+002
1.088000 7.852725e+002
1.090000 7.836253e+002
1.092000 7.819768e+002
1.094000 7.803272e+002
1.096000 7.786764e+002
1.098000 7.770246e+002
1.100000 7.753717e+002
1.102000 7.737178e+002
1.104000 7.720630e+002
1.106000 7.704073e+002
1.108000 7.687508e+002
1.110000 7.670935e+002
1.112000 7.654355e+002
1.114000 7.637768e+002
1.116000 7.621175e+002
1.118000 7.604576e+002
1.120000 7.587972e+002
1.122000 7.571363e+002
1.124000 7.554750e+002
1.126000 7.538133e+002
1.128000 7.521513e+002
1.130000 7.504890e+002
1.132000 7.488265e+002
1.134000 7.471638e+002
1.136000 7.455010e+002
1.138000 7.438381e+002
1.140000 7.421751e+002
1.142000 7.405122e+002
1.144000 7.388493e+002
1.146000 7.371866e+002
1.148000 7.355240e+002
1.150000 7.338616e+002
1.152000 7.321994e+002
1.154000 7.305376e+002
1.156000 7.288761e+002
1.158000 7.272149e+002
1.160000 7.255542e+002
1.162000 7.238940e+002
1.164000 7.222343e+002
1.166000 7.205752e+002
1.168000 7.189167e+002
1.170000 7.172589e+002
1.172000 7.156018e+002
1.174000 7.139454e+002
1.176000 7.122898e+002
1.178000 7.106350e+002
1.180000 7.089811e+002
1.182000 7.073282e+002
1.184000 7.056762e+002
1.186000 7.040252e+002
1.188000 7.023753e+002
1.190000 7.007265e+002
1.192000 6.990788e+002
1.194000 6.974323e+002
1.196000 6.957870e+002
1.198000 6.941429e+002
1.200000 6.925002e+002
1.202000 6.908588e+002
1.204000 6.892188e+002
1.206000 6.875802e+002
1.208000 6.859431e+002
1.210000 6.843075e+002
1.212000 6.826734e+002
1.214000 6.810409e+002
1.216000 6.794101e+002
1.218000 6.777809e+002
1.220000 6.761533e+002
1.222000 6.745276e+002
1.224000 6.729036e+002
1.226000 6.712814e+002
1.228000 6.696611e+002
1.230000 6.680427e+002
1.232000 6.664262e+002
1.234000 6.648116e+002
1.236000 6.631991e+002
1.238000 6.615886e+002
1.240000 6.599801e+002
1.242000 6.583738e+002
1.244000 6.567696e+002
1.246000 6.551676e+002
1.248000 6.535678e+002
1.250000 6.519703e+002
1.252000 6.503750e+002
1.254000 6.487821e+002
1.256000 6.471915e+002
1.258000 6.456033e+002
1.260000 6.440175e+002
1.262000 6.424342e+002
1.264000 6.408533e+002
1.266000 6.392750e+002
1.268000 6.376992e+002
1.270000 6.361260e+002
1.272000 6.345555e+002
1.274000 6.329875e+002
1.276000 6.314223e+002
1.278000 6.298597e+002
1.280000 6.282999e+002
1.282000 6.267428e+002
1.284000 6.251886e+002
1.286000 6.236372e+002
1.288000 6.220886e+002
1.290000 6.205430e+002
1.292000 6.190002e+002
1.294000 6.174604e+002
1.296000 6.159236e+002
1.298000 6.143898e+002
1.300000 6.128590e+002
1.302000 6.113312e+002
1.304000 6.098066e+002
1.306000 6.082851e+002
1.308000 6.067667e+002
1.310000 6.052515e+002
1.312000 6.037395e+002
1.314000 6.022307e+002
1.316000 6.007251e+002
1.318000 5.992228e+002
1.320000 5.977239e+002
1.322000 5.962282e+002
1.324000 5.947359e+002
1.326000 5.932470e+002
1.328000 5.917614e+002
1.330000 5.902793e+002
1.332000 5.888007e+002
1.334000 5.873255e+002
1.336000 5.858538e+002
1.338000 5.843856e+002
1.340000 5.829210e+002
1.342000 5.814599e+002
1.344000 5.800024e+002
1.346000 5.785485e+002
1.348000 5.770982e+002
1.350000 5.756516e+002
1.352000 5.742087e+002
1.354000 5.727694e+002
1.356000 5.713339e+002
1.358000 5.699021e+002
1.360000 5.684740e+002
1.362000 5.670497e+002
1.364000 5.656292e+002
1.366000 5.642125e+002
1.368000 5.627997e+002
1.370000 5.613907e+002
1.372000 5.599856e+002
1.374000 5.585843e+002
1.376000 5.571870e+002
1.378000 5.557936e+002
1.380000 5.544041e+002
1.382000 5.530186e+002
1.384000 5.516370e+002
1.386000 5.502595e+002
1.388000 5.488859e+002
1.390000 5.475164e+002
1.392000 5.461509e+002
1.394000 5.447895e+002
1.396000 5.434321e+002
1.398000 5.420788e+002
1.400000 5.407297e+002
1.402000 5.393846e+002
1.404000 5.380437e+002
1.406000 5.367069e+002
1.408000 5.353743e+002
1.410000 5.340459e+002
1.412000 5.327216e+002
1.414000 5.314015e+002
1.416000 5.300857e+002
1.418000 5.287741e+002
1.420000 5.274667e+002
1.422000 5.261636e+002
1.424000 5.248647e+002
1.426000 5.235701e+002
1.428000 5.222798e+002
1.430000 5.209938e+002
1.432000 5.197121e+002
1.434000 5.184347e+002
1.436000 5.171616e+002
1.438000 5.158929e+002
1.440000 5.146285e+002
1.442000 5.133685e+002
1.444000 5.121129e+002
1.446000 5.108616e+002
1.448000 5.096148e+002
1.450000 5.083723e+002
1.452000 5.071342e+002
1.454000 5.059006e+002
1.456000 5.046713e+002
1.458000 5.034465e+002
1.460000 5.022262e+002
1.462000 5.010103e+002
1.464000 4.997988e+002
1.466000 4.985918e+002
1.468000 4.973892e+002
1.470000 4.961912e+002
1.472000 4.949976e+002
1.474000 4.938085e+002
1.476000 4.926239e+002
1.478000 4.914438e+002
1.480000 4.902682e+002
1.482000 4.890971e+002
1.484000 4.879305e+002
1.486000 4.867684e+002
1.488000 4.856109e+002
1.490000 4.844579e+002
1.492000 4.833094e+002
1.494000 4.821655e+002
1.496000 4.810261e+002
1.498000 4.798912e+002
1.500000 4.787609e+002
1.502000 4.776352e+002
1.504000 4.765140e+002
1.506000 4.753973e+002
1.508000 4.742852e+002
1.510000 4.731777e+002
1.512000 4.720747e+002
1.514000 4.709763e+002
1.516000 4.698825e+002
1.518000 4.687932e+002
1.520000 4.677085e+002
1.522000 4.666284e+002
1.524000 4.655529e+002
1.526000 4.644819e+002
1.528000 4.634155e+002
1.530000 4.623537e+002
1.532000 4.612964e+002
1.534000 4.602437e+002
1.536000 4.591956e+002
1.538000 4.581521e+002
1.540000 4.571131e+002
1.542000 4.560788e+002
1.544000 4.550490e+002
1.546000 4.540237e+002
1.548000 4.530030e+002
1.550000 4.519869e+002
1.552000 4.509754e+002
1.554000 4.499684e+002
1.556000 4.489660e+002
1.558000 4.479682e+002
1.560000 4.469749e+002
1.562000 4.459862e+002
1.564000 4.450020e+002
1.566000 4.440224e+002
1.568000 4.430473e+002
1.570000 4.420767e+002
1.572000 4.411108e+002
1.574000 4.401493e+002
1.576000 4.391924e+002
1.578000 4.382400e+002
1.580000 4.372921e+002
1.582000 4.363488e+002
1.584000 4.354099e+002
1.586000 4.344756e+002
1.588000 4.335458e+002
1.590000 4.326205e+002
1.592000 4.316997e+002
1.594000 4.307834e+002
1.596000 4.298716e+002
1.598000 4.289643e+002
1.600000 4.280614e+002
1.602000 4.271630e+002
1.604000 4.262691e+002
1.606000 4.253797e+002
1.608000 4.244947e+002
1.610000 4.236141e+002
1.612000 4.227380e+002
1.614000 4.218663e+002
1.616000 4.209991e+002
1.618000 4.201362e+002
1.620000 4.192778e+002
1.622000 4.184238e+002
1.624000 4.175742e+002
1.626000 4.167290e+002
1.628000 4.158882e+002
1.630000 4.150517e+002
1.632000 4.142197e+002
1.634000 4.133920e+002
1.636000 4.125686e+002
1.638000 4.117496e+002
1.640000 4.109349e+002
1.642000 4.101246e+002
1.644000 4.093186e+002
1.646000 4.085169e+002
1.648000 4.077195e+002
1.650000 4.069264e+002
1.652000 4.061375e+002
1.654000 4.053530e+002
1.656000 4.045727e+002
1.658000 4.037967e+002
1.660000 4.030250e+002
1.662000 4.022574e+002
1.664000 4.014942e+002
1.666000 4.007351e+002
1.668000 3.999802e+002
1.670000 3.992296e+002
1.672000 3.984831e+002
1.674000 3.977408e+002
1.676000 3.970027e+002
1.678000 3.962688e+002
1.680000 3.955390e+002
1.682000 3.948133e+002
1.684000 3.940918e+002
1.686000 3.933744e+002
1.688000 3.926611e+002
1.690000 3.919519e+002
1.692000 3.912468e+002
1.694000 3.905458e+002
1.696000 3.898488e+002
1.698000 3.891559e+002
1.700000 3.884670e+002
1.702000 3.877821e+002
1.704000 3.871013e+002
1.706000 3.864245e+002
1.708000 3.857517e+002
1.710000 3.850828e+002
1.712000 3.844180e+002
1.714000 3.837571e+002
1.716000 3.831001e+002
1.718000 3.824471e+002
1.720000 3.817980e+002
1.722000 3.811528e+002
1.724000 3.805115e+002
1.726000 3.798741e+002
1.728000 3.792406e+002
1.730000 3.786110e+002
1.732000 3.779852e+002
1.734000 3.773632e+002
1.736000 3.767451e+002
1.738000 3.761308e+002
1.740000 3.755202e+002
1.742000 3.749135e+002
1.744000 3.743105e+002
1.746000 3.737113e+002
1.748000 3.731159e+002
1.750000 3.725242e+002
1.752000 3.719362e+002
1.754000 3.713519e+002
1.756000 3.707713e+002
1.758000 3.701944e+002
1.760000 3.696212e+002
1.762000 3.690517e+002
1.764000 3.684857e+002
1.766000 3.679234e+002
1.768000 3.673648e+002
1.770000 3.668097e+002
1.772000 3.662582e+002
1.774000 3.657103e+002
1.776000 3.651660e+002
1.778000 3.646252e+002
1.780000 3.640879e+002
1.782000 3.635542e+002
1.784000 3.630239e+002
1.786000 3.624972e+002
1.788000 3.619740e+002
1.790000 3.614542e+002
1.792000 3.609378e+002
1.794000 3.604249e+002
1.796000 3.599155e+002
1.798000 3.594094e+002
1.800000 3.589067e+002
1.802000 3.584075e+002
1.804000 3.579115e+002
1.806000 3.574190e+002
1.808000 3.569298e+002
1.810000 3.564439e+002
1.812000 3.559613e+002
1.814000 3.554820e+002
1.816000 3.550060e+002
1.818000 3.545333e+002
1.820000 3.540638e+002
1.822000 3.535976e+002
1.824000 3.531346e+002
1.826000 3.526748e+002
1.828000 3.522182e+002
1.830000 3.517648e+002
1.832000 3.513146e+002
1.834000 3.508675e+002
1.836000 3.504236e+002
1.838000 3.499827e+002
1.840000 3.495450e+002
1.842000 3.491104e+002
1.844000 3.486789e+002
1.846000 3.482505e+002
1.848000 3.478251e+002
1.850000 3.474027e+002
1.852000 3.469834e+002
1.854000 3.465670e+002
1.856000 3.461537e+002
1.858000 3.457434e+002
1.860000 3.453360e+002
1.862000 3.449316e+002
1.864000 3.445301e+002
1.866000 3.441316e+002
1.868000 3.437359e+002
1.870000 3.433432e+002
1.872000 3.429533e+002
1.874000 3.425663e+002
1.876000 3.421822e+002
1.878000 3.418008e+002
1.880000 3.414224e+002
1.882000 3.410467e+002
1.884000 3.406738e+002
1.886000 3.403037e+002
1.888000 3.399364e+002
1.890000 3.395718e+002
1.892000 3.392099e+002
1.894000 3.388508e+002
1.896000 3.384944e+002
1.898000 3.381407e+002
1.900000 3.377897e+002
1.902000 3.374413e+002
1.904000 3.370956e+002
1.906000 3.367525e+002
1.908000 3.364121e+002
1.910000 3.360742e+002
1.912000 3.357390e+002
1.914000 3.354063e+002
1.916000 3.350762e+002
1.918000 3.347487e+002
1.920000 3.344236e+002
1.922000 3.341012e+002
1.924000 3.337812e+002
1.926000 3.334637e+002
1.928000 3.331487e+002
1.930000 3.328362e+002
1.932000 3.325261e+002
1.934000 3.322185e+002
1.936000 3.319133e+002
1.938000 3.316105e+002
1.940000 3.313101e+002
1.942000 3.310121e+002
1.944000 3.307164e+002
1.946000 3.304232e+002
1.948000 3.301322e+002
1.950000 3.298436e+002
1.952000 3.295573e+002
1.954000 3.292734e+002
1.956000 3.289917e+002
1.958000 3.287122e+002
1.960000 3.284351e+002
1.962000 3.281602e+002
1.964000 3.278875e+002
1.966000 3.276170e+002
1.968000 3.273488e+002
1.970000 3.270827e+002
1.972000 3.268188e+002
1.974000 3.265571e+002
1.976000 3.262976e+002
1.978000 3.260402e+002
1.980000 3.257849e+002
1.982000 3.255317e+002
1.984000 3.252807e+002
1.986000 3.250317e+002
1.988000 3.247848e+002
1.990000 3.245399e+002
1.992000 3.242971e+002
1.994000 3.240564e+002
1.996000 3.238176e+002
1.998000 3.235809e+002
2.000000 3.233462e+002
2.002000 3.231134e+002
2.004000 3.228827e+002
2.006000 3.226538e+002
2.008000 3.224270e+002
2.010000 3.222020e+002
2.012000 3.219790e+002
2.014000 3.217579e+002
2.016000 3.215387e+002
2.018000 3.213214e+002
2.020000 3.211059e+002
2.022000 3.208923e+002
2.024000 3.206806e+002
2.026000 3.204707e+002
2.028000 3.202626e+002
2.030000 3.200563e+002
2.032000 3.198518e+002
2.034000 3.196491e+002
2.036000 3.194481e+002
2.038000 3.192490e+002
2.040000 3.190515e+002
2.042000 3.188558e+002
2.044000 3.186619e+002
2.046000 3.184696e+002
2.048000 3.182791e+002
2.050000 3.180902e+002
2.052000 3.179030e+002
2.054000 3.177175e+002
2.056000 3.175336e+002
2.058000 3.173514e+002
2.060000 3.171708e+002
2.062000 3.169918e+002
2.064000 3.168145e+002
2.066000 3.166387e+002
2.068000 3.164645e+002
2.070000 3.162919e+002
2.072000 3.161209e+002
2.074000 3.159514e+002
2.076000 3.157834e+002
2.078000 3.156170e+002
2.080000 3.154520e+002
2.082000 3.152886e+002
2.084000 3.151267e+002
2.086000 3.149663e+002
2.088000 3.148073e+002
2.090000 3.146499e+002
2.092000 3.144938e+002
2.094000 3.143392e+002
2.096000 3.141861e+002
2.098000 3.140343e+002
2.100000 3.138840e+002
2.102000 3.137350e+002
2.104000 3.135875e+002
2.106000 3.134413e+002
2.108000 3.132965e+002
2.110000 3.131531e+002
2.112000 3.130110e+002
2.114000 3.128702e+002
2.116000 3.127308e+002
2.118000 3.125927e+002
2.120000 3.124558e+002
2.122000 3.123203e+002
2.124000 3.121861e+002
2.126000 3.120531e+002
2.128000 3.119215e+002
2.130000 3.117910e+002
2.132000 3.116619e+002
2.134000 3.115339e+002
2.136000 3.114072e+002
2.138000 3.112817e+002
2.140000 3.111574e+002
2.142000 3.110343e+002
2.144000 3.109124e+002
2.146000 3.107917e+002
2.148000 3.106721e+002
2.150000 3.105537e+002
2.152000 3.104365e+002
2.154000 3.103204e+002
2.156000 3.102054e+002
2.158000 3.100916e+002
2.160000 3.099789e+002
2.162000 3.098673e+002
2.164000 3.097567e+002
2.166000 3.096473e+002
2.168000 3.095390e+002
2.170000 3.094317e+002
2.172000 3.093255e+002
2.174000 3.092203e+002
2.176000 3.091162e+002
2.178000 3.090131e+002
2.180000 3.089110e+002
2.182000 3.088100e+002
2.184000 3.087100e+002
2.186000 3.086109e+002
2.188000 3.085129e+002
2.190000 3.084159e+002
2.192000 3.083198e+002
2.194000 3.082247e+002
2.196000 3.081306e+002
2.198000 3.080374e+002
2.200000 3.079451e+002
2.202000 3.078538e+002
2.204000 3.077635e+002
2.206000 3.076740e+002
2.208000 3.075855e+002
2.210000 3.074978e+002
2.212000 3.074111e+002
2.214000 3.073252e+002
2.216000 3.072403e+002
2.218000 3.071562e+002
2.220000 3.070729e+002
2.222000 3.069906e+002
2.224000 3.069090e+002
2.226000 3.068284e+002
2.228000 3.067485e+002
2.230000 3.066695e+002
2.232000 3.065914e+002
2.234000 3.065140e+002
2.236000 3.064374e+002
2.238000 3.063617e+002
2.240000 3.062867e+002
2.242000 3.062125e+002
2.244000 3.061391e+002
2.246000 3.060665e+002
2.248000 3.059946e+002
2.250000 3.059235e+002
2.252000 3.058532e+002
2.254000 3.057836e+002
2.256000 3.057147e+002
2.258000 3.056466e+002
2.260000 3.055792e+002
2.262000 3.055125e+002
2.264000 3.054465e+002
2.266000 3.053812e+002
2.268000 3.053166e+002
2.270000 3.052528e+002
2.272000 3.051896e+002
2.274000 3.051270e+002
2.276000 3.050652e+002
2.278000 3.050040e+002
2.280000 3.049435e+002
2.282000 3.048837e+002
2.284000 3.048245e+002
2.286000 3.047659e+002
2.288000 3.047080e+002
2.290000 3.046507e+002
2.292000 3.045940e+002
2.294000 3.045380e+002
2.296000 3.044825e+002
2.298000 3.044277e+002
2.300000 3.043735e+002
2.302000 3.043198e+002
2.304000 3.042668e+002
2.306000 3.042143e+002
2.308000 3.041625e+002
2.310000 3.041112e+002
2.312000 3.040604e+002
2.314000 3.040103e+002
2.316000 3.039607e+002
2.318000 3.039116e+002
2.320000 3.038631e+002
2.322000 3.038151e+002
2.324000 3.037677e+002
2.326000 3.037208e+002
2.328000 3.036744e+002
2.330000 3.036285e+002
2.332000 3.035832e+002
2.334000 3.035384e+002
2.336000 3.034941e+002
2.338000 3.034502e+002
2.340000 3.034069e+002
2.342000 3.033641e+002
2.344000 3.033217e+002
2.346000 3.032799e+002
2.348000 3.032385e+002
2.350000 3.031976e+002
2.352000 3.031571e+002
2.354000 3.031171e+002
2.356000 3.030776e+002
2.358000 3.030385e+002
2.360000 3.029999e+002
2.362000 3.029617e+002
2.364000 3.029240e+002
2.366000 3.028867e+002
2.368000 3.028498e+002
2.370000 3.028133e+002
2.372000 3.027773e+002
2.374000 3.027417e+002
2.376000 3.027065e+002
2.378000 3.026717e+002
2.380000 3.026374e+002
2.382000 3.026034e+002
2.384000 3.025698e+002
2.386000 3.025366e+002
2.388000 3.025038e+002
2.390000 3.024714e+002
2.392000 3.024394e+002
2.394000 3.024077e+002
2.396000 3.023764e+002
2.398000 3.023455e+002
2.400000 3.023150e+002
2.402000 3.022848e+002
2.404000 3.022550e+002
2.406000 3.022255e+002
2.408000 3.021964e+002
2.410000 3.021676e+002
2.412000 3.021392e+002
2.414000 3.021111e+002
2.416000 3.020833e+002
2.418000 3.020559e+002
2.420000 3.020288e+002
2.422000 3.020020e+002
2.424000 3.019756e+002
2.426000 3.019495e+002
2.428000 3.019236e+002
2.430000 3.018981e+002
2.432000 3.018730e+002
2.434000 3.018481e+002
2.436000 3.018235e+002
2.438000 3.017992e+002
2.440000 3.017752e+002
2.442000 3.017515e+002
2.444000 3.017281e+002
2.446000 3.017050e+002
2.448000 3.016821e+002
2.450000 3.016596e+002
2.452000 3.016373e+002
2.454000 3.016153e+002
2.456000 3.015935e+002
2.458000 3.015720e+002
2.460000 3.015508e+002
2.462000 3.015299e+002
2.464000 3.015092e+002
2.466000 3.014888e+002
2.468000 3.014686e+002
2.470000 3.014487e+002
2.472000 3.014290e+002
2.474000 3.014096e+002
2.476000 3.013904e+002
2.478000 3.013714e+002
2.480000 3.013527e+002
2.482000 3.013342e+002
2.484000 3.013160e+002
2.486000 3.012979e+002
2.488000 3.012801e+002
2.490000 3.012626e+002
2.492000 3.012452e+002
2.494000 3.012281e+002
2.496000 3.012112e+002
2.498000 3.011945e+002
2.500000 3.011780e+002
2.502000 3.011617e+002
2.504000 3.011456e+002
2.506000 3.011298e+002
2.508000 3.011141e+002
2.510000 3.010986e+002
2.512000 3.010834e+002
2.514000 3.010683e+002
2.516000 3.010534e+002
2.518000 3.010387e+002
2.520000 3.010242e+002
2.522000 3.010099e+002
2.524000 3.009958e+002
2.526000 3.009818e+002
2.528000 3.009681e+002
2.530000 3.009545e+002
2.532000 3.009411e+002
2.534000 3.009278e+002
2.536000 3.009147e+002
2.538000 3.009018e+002
2.540000 3.008891e+002
2.542000 3.008766e+002
2.544000 3.008641e+002
2.546000 3.008519e+002
2.548000 3.008398e+002
2.550000 3.008279e+002
2.552000 3.008161e+002
2.554000 3.008045e+002
2.556000 3.007931e+002
2.558000 3.007818e+002
2.560000 3.007706e+002
2.562000 3.007596e+002
2.564000 3.007487e+002
2.566000 3.007380e+002
2.568000 3.007274e+002
2.570000 3.007170e+002
2.572000 3.007067e+002
2.574000 3.006965e+002
2.576000 3.006865e+002
2.578000 3.006766e+002
2.580000 3.006668e+002
2.582000 3.006572e+002
2.584000 3.006477e+002
2.586000 3.006383e+002
2.588000 3.006291e+002
2.590000 3.006199e+002
2.592000 3.006109e+002
2.594000 3.006020e+002
2.596000 3.005933e+002
2.598000 3.005846e+002
2.600000 3.005761e+002
2.602000 3.005677e+002
2.604000 3.005594e+002
2.606000 3.005512e+002
2.608000 3.005431e+002
2.610000 3.005352e+002
2.612000 3.005273e+002
2.614000 3.005195e+002
2.616000 3.005119e+002
2.618000 3.005044e+002
2.620000 3.004969e+002
2.622000 3.004896e+002
2.624000 3.004824e+002
2.626000 3.004752e+002
2.628000 3.004682e+002
2.630000 3.004612e+002
2.632000 3.004544e+002
2.634000 3.004476e+002
2.636000 3.004410e+002
2.638000 3.004344e+002
2.640000 3.004279e+002
2.642000 3.004216e+002
2.644000 3.004153e+002
2.646000 3.004091e+002
2.648000 3.004029e+002
2.650000 3.003969e+002
2.652000 3.003909e+002
2.654000 3.003851e+002
2.656000 3.003793e+002
2.658000 3.003736e+002
2.660000 3.003680e+002
2.662000 3.003624e+002
2.664000 3.003569e+002
2.666000 3.003515e+002
2.668000 3.003462e+002
2.670000 3.003410e+002
2.672000 3.003358e+002
2.674000 3.003307e+002
2.676000 3.003257e+002
2.678000 3.003207e+002
2.680000 3.003159e+002
2.682000 3.003111e+002
2.684000 3.003063e+002
2.686000 3.003016e+002
2.688000 3.002970e+002
2.690000 3.002925e+002
2.692000 3.002880e+002
2.694000 3.002836e+002
2.696000 3.002792e+002
2.698000 3.002749e+002
2.700000 3.002707e+002
2.702000 3.002665e+002
2.704000 3.002624e+002
2.706000 3.002584e+002
2.708000 3.002544e+002
2.710000 3.002505e+002
2.712000 3.002466e+002
2.714000 3.002428e+002
2.716000 3.002390e+002
2.718000 3.002353e+002
2.720000 3.002316e+002
2.722000 3.002280e+002
2.724000 3.002245e+002
2.726000 3.002210e+002
2.728000 3.002175e+002
2.730000 3.002141e+002
2.732000 3.002108e+002
2.734000 3.002075e+002
2.736000 3.002043e+002
2.738000 3.002011e+002
2.740000 3.001979e+002
2.742000 3.001948e+002
2.744000 3.001917e+002
2.746000 3.001887e+002
2.748000 3.001857e+002
2.750000 3.001828e+002
2.752000 3.001799e+002
2.754000 3.001771e+002
2.756000 3.001743e+002
2.758000 3.001715e+002
2.760000 3.001688e+002
2.762000 3.001661e+002
2.764000 3.001635e+002
2.766000 3.001609e+002
2.768000 3.001583e+002
2.770000 3.001558e+002
2.772000 3.001533e+002
2.774000 3.001509e+002
2.776000 3.001485e+002
2.778000 3.001461e+002
2.780000 3.001437e+002
2.782000 3.001414e+002
2.784000 3.001392e+002
2.786000 3.001369e+002
2.788000 3.001347e+002
2.790000 3.001326e+002
2.792000 3.001304e+002
2.794000 3.001283e+002
2.796000 3.001263e+002
2.798000 3.001242e+002
2.800000 3.001222e+002
2.802000 3.001202e+002
2.804000 3.001183e+002
2.806000 3.001164e+002
2.808000 3.001145e+002
2.810000 3.001126e+002
2.812000 3.001108e+002
2.814000 3.001090e+002
2.816000 3.001072e+002
2.818000 3.001055e+002
2.820000 3.001037e+002
2.822000 3.001020e+002
2.824000 3.001004e+002
2.826000 3.000987e+002
2.828000 3.000971e+002
2.830000 3.000955e+002
2.832000 3.000939e+002
2.834000 3.000924e+002
2.836000 3.000909e+002
2.838000 3.000894e+002
2.840000 3.000879e+002
2.842000 3.000865e+002
2.844000 3.000850e+002
2.846000 3.000836e+002
2.848000 3.000822e+002
2.850000 3.000809e+002
2.852000 3.000795e+002
2.854000 3.000782e+002
2.856000 3.000769e+002
2.858000 3.000756e+002
2.860000 3.000744e+002
2.862000 3.000731e+002
2.864000 3.000719e+002
2.866000 3.000707e+002
2.868000 3.000695e+002
2.870000 3.000684e+002
2.872000 3.000672e+002
2.874000 3.000661e+002
2.876000 3.000650e+002
2.878000 3.000639e+002
2.880000 3.000628e+002
2.882000 3.000618e+002
2.884000 3.000607e+002
2.886000 3.000597e+002
2.888000 3.000587e+002
2.890000 3.000577e+002
2.892000 3.000567e+002
2.894000 3.000558e+002
2.896000 3.000548e+002
2.898000 3.000539e+002
2.900000 3.000530e+002
2.902000 3.000521e+002
2.904000 3.000512e+002
2.906000 3.000503e+002
2.908000 3.000495e+002
2.910000 3.000486e+002
2.912000 3.000478e+002
2.914000 3.000470e+002
2.916000 3.000462e+002
2.918000 3.000454e+002
2.920000 3.000446e+002
2.922000 3.000438e+002
2.924000 3.000431e+002
2.926000 3.000424e+002
2.928000 3.000416e+002
2.930000 3.000409e+002
2.932000 3.000402e+002
2.934000 3.000395e+002
2.936000 3.000388e+002
2.938000 3.000382e+002
2.940000 3.000375e+002
2.942000 3.000369e+002
2.944000 3.000362e+002
2.946000 3.000356e+002
2.948000 3.000350e+002
2.950000 3.000344e+002
2.952000 3.000338e+002
2.954000 3.000332e+002
2.956000 3.000326e+002
2.958000 3.000320e+002
2.960000 3.000315e+002
2.962000 3.000309e+002
2.964000 3.000304e+002
2.966000 3.000299e+002
2.968000 3.000293e+002
2.970000 3.000288e+002
2.972000 3.000283e+002
2.974000 3.000278e+002
2.976000 3.000273e+002
2.978000 3.000268e+002
2.980000 3.000264e+002
2.982000 3.000259e+002
2.984000 3.000255e+002
2.986000 3.000250e+002
2.988000 3.000246e+002
2.990000 3.000241e+002
2.992000 3.000237e+002
2.994000 3.000233e+002
2.996000 3.000229e+002
2.998000 3.000225e+002
3.000000 3.000221e+002
3.002000 3.000217e+002
3.004000 3.000213e+002
3.006000 3.000209e+002
3.008000 3.000205e+002
3.010000 3.000202e+002
3.012000 3.000198e+002
3.014000 3.000195e+002
3.016000 3.000191e+002
3.018000 3.000188e+002
3.020000 3.000184e+002
3.022000 3.000181e+002
3.024000 3.000178e+002
3.026000 3.000175e+002
3.028000 3.000171e+002
3.030000 3.000168e+002
3.032000 3.000165e+002
3.034000 3.000162e+002
3.036000 3.000159e+002
3.038000 3.000156e+002
3.040000 3.000154e+002
3.042000 3.000151e+002
3.044000 3.000148e+002
3.046000 3.000145e+002
3.048000 3.000143e+002
3.050000 3.000140e+002
3.052000 3.000138e+002
3.054000 3.000135e+002
3.056000 3.000133e+002
3.058000 3.000130e+002
3.060000 3.000128e+002
3.062000 3.000126e+002
3.064000 3.000123e+002
3.066000 3.000121e+002
3.068000 3.000119e+002
3.070000 3.000117e+002
3.072000 3.000114e+002
3.074000 3.000112e+002
3.076000 3.000110e+002
3.078000 3.000108e+002
3.080000 3.000106e+002
3.082000 3.000104e+002
3.084000 3.000102e+002
3.086000 3.000101e+002
3.088000 3.000099e+002
3.090000 3.000097e+002
3.092000 3.000095e+002
3.094000 3.000093e+002
3.096000 3.000092e+002
3.098000 3.000090e+002
3.100000 3.000088e+002
3.102000 3.000087e+002
3.104000 3.000085e+002
3.106000 3.000083e+002
3.108000 3.000082e+002
3.110000 3.000080e+002
3.112000 3.000079e+002
3.114000 3.000077e+002
3.116000 3.000076e+002
3.118000 3.000074e+002
3.120000 3.000073e+002
3.122000 3.000072e+002
3.124000 3.000070e+002
3.126000 3.000069e+002
3.128000 3.000068e+002
3.130000 3.000066e+002
3.132000 3.000065e+002
3.134000 3.000064e+002
3.136000 3.000063e+002
3.138000 3.000062e+002
3.140000 3.000060e+002
3.142000 3.000059e+002
3.144000 3.000058e+002
3.146000 3.000057e+002
3.148000 3.000056e+002
3.150000 3.000055e+002
3.152000 3.000054e+002
3.154000 3.000053e+002
3.156000 3.000052e+002
3.158000 3.000051e+002
3.160000 3.000050e+002
3.162000 3.000049e+002
3.164000 3.000048e+002
3.166000 3.000047e+002
3.168000 3.000046e+002
3.170000 3.000045e+002
3.172000 3.000044e+002
3.174000 3.000044e+002
3.176000 3.000043e+002
3.178000 3.000042e+002
3.180000 3.000041e+002
3.182000 3.000040e+002
3.184000 3.000040e+002
3.186000 3.000039e+002
3.188000 3.000038e+002
3.190000 3.000037e+002
3.192000 3.000037e+002
3.194000 3.000036e+002
3.196000 3.000035e+002
3.198000 3.000035e+002
3.200000 3.000034e+002
3.202000 3.000033e+002
3.204000 3.000033e+002
3.206000 3.000032e+002
3.208000 3.000031e+002
3.210000 3.000031e+002
3.212000 3.000030e+002
3.214000 3.000030e+002
3.216000 3.000029e+002
3.218000 3.000028e+002
3.220000 3.000028e+002
3.222000 3.000027e+002
3.224000 3.000027e+002
3.226000 3.000026e+002
3.228000 3.000026e+002
3.230000 3.000025e+002
3.232000 3.000025e+002
3.234000 3.000024e+002
3.236000 3.000024e+002
3.238000 3.000023e+002
3.240000 3.000023e+002
3.242000 3.000022e+002
3.244000 3.000022e+002
3.246000 3.000021e+002
3.248000 3.000021e+002
3.250000 3.000021e+002
3.252000 3.000020e+002
3.254000 3.000020e+002
3.256000 3.000019e+002
3.258000 3.000019e+002
3.260000 3.000019e+002
3.262000 3.000018e+002
3.264000 3.000018e+002
3.266000 3.000018e+002
3.268000 3.000017e+002
3.270000 3.000017e+002
3.272000 3.000017e+002
3.274000 3.000016e+002
3.276000 3.000016e+002
3.278000 3.000016e+002
3.280000 3.000015e+002
3.282000 3.000015e+002
3.284000 3.000015e+002
3.286000 3.000014e+002
3.288000 3.000014e+002
3.290000 3.000014e+002
3.292000 3.000014e+002
3.294000 3.000013e+002
3.296000 3.000013e+002
3.298000 3.000013e+002
3.300000 3.000012e+002
3.302000 3.000012e+002
3.304000 3.000012e+002
3.306000 3.000012e+002
3.308000 3.000011e+002
3.310000 3.000011e+002
3.312000 3.000011e+002
3.314000 3.000011e+002
3.316000 3.000011e+002
3.318000 3.000010e+002
3.320000 3.000010e+002
3.322000 3.000010e+002
3.324000 3.000010e+002
3.326000 3.000010e+002
3.328000 3.000009e+002
3.330000 3.000009e+002
3.332000 3.000009e+002
3.334000 3.000009e+002
3.336000 3.000009e+002
3.338000 3.000008e+002
3.340000 3.000008e+002
3.342000 3.000008e+002
3.344000 3.000008e+002
3.346000 3.000008e+002
3.348000 3.000008e+002
3.350000 3.000007e+002
3.352000 3.000007e+002
3.354000 3.000007e+002
3.356000 3.000007e+002
3.358000 3.000007e+002
3.360000 3.000007e+002
3.362000 3.000007e+002
3.364000 3.000006e+002
3.366000 3.000006e+002
3.368000 3.000006e+002
3.370000 3.000006e+002
3.372000 3.000006e+002
3.374000 3.000006e+002
3.376000 3.000006e+002
3.378000 3.000006e+002
3.380000 3.000005e+002
3.382000 3.000005e+002
3.384000 3.000005e+002
3.386000 3.000005e+002
3.388000 3.000005e+002
3.390000 3.000005e+002
3.392000 3.000005e+002
3.394000 3.000005e+002
3.396000 3.000005e+002
3.398000 3.000005e+002
3.400000 3.000004e+002
3.402000 3.000004e+002
3.404000 3.000004e+002
3.406000 3.000004e+002
3.408000 3.000004e+002
3.410000 3.000004e+002
3.412000 3.000004e+002
3.414000 3.000004e+002
3.416000 3.000004e+002
3.418000 3.000004e+002
3.420000 3.000004e+002
3.422000 3.000003e+002
3.424000 3.000003e+002
3.426000 3.000003e+002
3.428000 3.000003e+002
3.430000 3.000003e+002
3.432000 3.000003e+002
3.434000 3.000003e+002
3.436000 3.000003e+002
3.438000 3.000003e+002
3.440000 3.000003e+002
3.442000 3.000003e+002
3.444000 3.000003e+002
3.446000 3.000003e+002
3.448000 3.000003e+002
3.450000 3.000003e+002
3.452000 3.000003e+002
3.454000 3.000002e+002
3.456000 3.000002e+002
3.458000 3.000002e+002
3.460000 3.000002e+002
3.462000 3.000002e+002
3.464000 3.000002e+002
3.466000 3.000002e+002
3.468000 3.000002e+002
3.470000 3.000002e+002
3.472000 3.000002e+002
3.474000 3.000002e+002
3.476000 3.000002e+002
3.478000 3.000002e+002
3.480000 3.000002e+002
3.482000 3.000002e+002
3.484000 3.000002e+002
3.486000 3.000002e+002
3.488000 3.000002e+002
3.490000 3.000002e+002
3.492000 3.000002e+002
3.494000 3.000002e+002
3.496000 3.000002e+002
3.498000 3.000002e+002
3.500000 3.000001e+002
3.502000 3.000001e+002
3.504000 3.000001e+002
3.506000 3.000001e+002
3.508000 3.000001e+002
3.510000 3.000001e+002
3.512000 3.000001e+002
3.514000 3.000001e+002
3.516000 3.000001e+002
3.518000 3.000001e+002
3.520000 3.000001e+002
3.522000 3.000001e+002
3.524000 3.000001e+002
3.526000 3.000001e+002
3.528000 3.000001e+002
3.530000 3.000001e+002
3.532000 3.000001e+002
3.534000 3.000001e+002
3.536000 3.000001e+002
3.538000 3.000001e+002
3.540000 3.000001e+002
3.542000 3.000001e+002
3.544000 3.000001e+002
3.546000 3.000001e+002
3.548000 3.000001e+002
3.550000 3.000001e+002
3.552000 3.000001e+002
3.554000 3.000001e+002
3.556000 3.000001e+002
3.558000 3.000001e+002
3.560000 3.000001e+002
3.562000 3.000001e+002
3.564000 3.000001e+002
3.566000 3.000001e+002
3.568000 3.000001e+002
3.570000 3.000001e+002
3.572000 3.000001e+002
3.574000 3.000001e+002
3.576000 3.000001e+002
3.578000 3.000001e+002
3.580000 3.000001e+002
3.582000 3.000001e+002
3.584000 3.000001e+002
3.586000 3.000001e+002
3.588000 3.000001e+002
3.590000 3.000001e+002
3.592000 3.000001e+002
3.594000 3.000001e+002
3.596000 3.000001e+002
3.598000 3.000000e+002
3.600000 3.000000e+002
3.602000 3.000000e+002
3.604000 3.000000e+002
3.606000 3.000000e+002
3.608000 3.000000e+002
3.610000 3.000000e+002
3.612000 3.000000e+002
3.614000 3.000000e+002
3.616000 3.000000e+002
3.618000 3.000000e+002
3.620000 3.000000e+002
3.622000 3.000000e+002
3.624000 3.000000e+002
3.626000 3.000000e+002
3.628000 3.000000e+002
3.630000 3.000000e+002
3.632000 3.000000e+002
3.634000 3.000000e+002
3.636000 3.000000e+002
3.638000 3.000000e+002
3.640000 3.000000e+002
3.642000 3.000000e+002
3.644000 3.000000e+002
3.646000 3.000000e+002
3.648000 3.000000e+002
3.650000 3.000000e+002
3.652000 3.000000e+002
3.654000 3.000000e+002
3.656000 3.000000e+002
3.658000 3.000000e+002
3.660000 3.000000e+002
3.662000 3.000000e+002
3.664000 3.000000e+002
3.666000 3.000000e+002
3.668000 3.000000e+002
3.670000 3.000000e+002
3.672000 3.000000e+002
3.674000 3.000000e+002
3.676000 3.000000e+002
3.678000 3.000000e+002
3.680000 3.000000e+002
3.682000 3.000000e+002
3.684000 3.000000e+002
3.686000 3.000000e+002
3.688000 3.000000e+002
3.690000 3.000000e+002
3.692000 3.000000e+002
3.694000 3.000000e+002
3.696000 3.000000e+002
3.698000 3.000000e+002
3.700000 3.000000e+002
3.702000 3.000000e+002
3.704000 3.000000e+002
3.706000 3.000000e+002
3.708000 3.000000e+002
3.710000 3.000000e+002
3.712000 3.000000e+002
3.714000 3.000000e+002
3.716000 3.000000e+002
3.718000 3.000000e+002
3.720000 3.000000e+002
3.722000 3.000000e+002
3.724000 3.000000e+002
3.726000 3.000000e+002
3.728000 3.000000e+002
3.730000 3.000000e+002
3.732000 3.000000e+002
3.734000 3.000000e+002
3.736000 3.000000e+002
3.738000 3.000000e+002
3.740000 3.000000e+002
3.742000 3.000000e+002
3.744000 3.000000e+002
3.746000 3.000000e+002
3.748000 3.000000e+002
3.750000 3.000000e+002
3.752000 3.000000e+002
3.754000 3.000000e+002
3.756000 3.000000e+002
3.758000 3.000000e+002
3.760000 3.000000e+002
3.762000 3.000000e+002
3.764000 3.000000e+002
3.766000 3.000000e+002
3.768000 3.000000e+002
3.770000 3.000000e+002
3.772000 3.000000e+002
3.774000 3.000000e+002
3.776000 3.000000e+002
3.778000 3.000000e+002
3.780000 3.000000e+002
3.782000 3.000000e+002
3.784000 3.000000e+002
3.786000 3.000000e+002
3.788000 3.000000e+002
3.790000 3.000000e+002
3.792000 3.000000e+002
3.794000 3.000000e+002
3.796000 3.000000e+002
3.798000 3.000000e+002
3.800000 3.000000e+002
3.802000 3.000000e+002
3.804000 3.000000e+002
3.806000 3.000000e+002
3.808000 3.000000e+002
3.810000 3.000000e+002
3.812000 3.000000e+002
3.814000 3.000000e+002
3.816000 3.000000e+002
3.818000 3.000000e+002
3.820000 3.000000e+002
3.822000 3.000000e+002
3.824000 3.000000e+002
3.826000 3.000000e+002
3.828000 3.000000e+002
3.830000 3.000000e+002
3.832000 3.000000e+002
3.834000 3.000000e+002
3.836000 3.000000e+002
3.838000 3.000000e+002
3.840000 3.000000e+002
3.842000 3.000000e+002
3.844000 3.000000e+002
3.846000 3.000000e+002
3.848000 3.000000e+002
3.850000 3.000000e+002
3.852000 3.000000e+002
3.854000 3.000000e+002
3.856000 3.000000e+002
3.858000 3.000000e+002
3.860000 3.000000e+002
3.862000 3.000000e+002
3.864000 3.000000e+002
3.866000 3.000000e+002
3.868000 3.000000e+002
3.870000 3.000000e+002
3.872000 3.000000e+002
3.874000 3.000000e+002
3.876000 3.000000e+002
3.878000 3.000000e+002
3.880000 3.000000e+002
3.882000 3.000000e+002
3.884000 3.000000e+002
3.886000 3.000000e+002
3.888000 3.000000e+002
3.890000 3.000000e+002
3.892000 3.000000e+002
3.894000 3.000000e+002
3.896000 3.000000e+002
3.898000 3.000000e+002
3.900000 3.000000e+002
3.902000 3.000000e+002
3.904000 3.000000e+002
3.906000 3.000000e+002
3.908000 3.000000e+002
3.910000 3.000000e+002
3.912000 3.000000e+002
3.914000 3.000000e+002
3.916000 3.000000e+002
3.918000 3.000000e+002
3.920000 3.000000e+002
3.922000 3.000000e+002
3.924000 3.000000e+002
3.926000 3.000000e+002
3.928000 3.000000e+002
3.930000 3.000000e+002
3.932000 3.000000e+002
3.934000 3.000000e+002
3.936000 3.000000e+002
3.938000 3.000000e+002
3.940000 3.000000e+002
3.942000 3.000000e+002
3.944000 3.000000e+002
3.946000 3.000000e+002
3.948000 3.000000e+002
3.950000 3.000000e+002
3.952000 3.000000e+002
3.954000 3.000000e+002
3.956000 3.000000e+002
3.958000 3.000000e+002
3.960000 3.000000e+002
3.962000 3.000000e+002
3.964000 3.000000e+002
3.966000 3.000000e+002
3.968000 3.000000e+002
3.970000 3.000000e+002
3.972000 3.000000e+002
3.974000 3.000000e+002
3.976000 3.000000e+002
3.978000 3.000000e+002
3.980000 3.000000e+002
3.982000 3.000000e+002
3.984000 3.000000e+002
3.986000 3.000000e+002
3.988000 3.000000e+002
3.990000 3.000000e+002
3.992000 3.000000e+002
3.994000 3.000000e+002
3.996000 3.000000e+002
3.998000 3.000000e+002
