0.000000 3.272134e+002
0.002000 3.302171e+002
0.004000 3.332200e+002
0.006000 3.362221e+002
0.008000 3.392234e+002
0.010000 3.422238e+002
0.012000 3.452231e+002
0.014000 3.482214e+002
0.016000 3.512185e+002
0.018000 3.542144e+002
0.020000 3.572091e+002
0.022000 3.602023e+002
0.024000 3.631941e+002
0.026000 3.661845e+002
0.028000 3.691732e+002
0.030000 3.721603e+002
0.032000 3.751457e+002
0.034000 3.781293e+002
0.036000 3.811110e+002
0.038000 3.840908e+002
0.040000 3.870686e+002
0.042000 3.900443e+002
0.044000 3.930179e+002
0.046000 3.959892e+002
0.048000 3.989583e+002
0.050000 4.019250e+002
0.052000 4.048893e+002
0.054000 4.078511e+002
0.056000 4.108103e+002
0.058000 4.137669e+002
0.060000 4.167208e+002
0.062000 4.196719e+002
0.064000 4.226201e+002
0.066000 4.255655e+002
0.068000 4.285078e+002
0.070000 4.314471e+002
0.072000 4.343833e+002
0.074000 4.373162e+002
0.076000 4.402459e+002
0.078000 4.431723e+002
0.080000 4.460952e+002
0.082000 4.490147e+002
0.084000 4.519307e+002
0.086000 4.548430e+002
0.088000 4.577517e+002
0.090000 4.606566e+002
0.092000 4.635577e+002
0.094000 4.664549e+002
0.096000 4.693481e+002
0.098000 4.722374e+002
0.100000 4.751225e+002
0.102000 4.780035e+002
0.104000 4.808803e+002
0.106000 4.837528e+002
0.108000 4.866210e+002
0.110000 4.894847e+002
0.112000 4.923439e+002
0.114000 4.951986e+002
0.116000 4.980486e+002
0.118000 5.008940e+002
0.120000 5.037346e+002
0.122000 5.065704e+002
0.124000 5.094014e+002
0.126000 5.122273e+002
0.128000 5.150483e+002
0.130000 5.178641e+002
0.132000 5.206749e+002
0.134000 5.234804e+002
0.136000 5.262806e+002
0.138000 5.290755e+002
0.140000 5.318651e+002
0.142000 5.346491e+002
0.144000 5.374276e+002
0.146000 5.402005e+002
0.148000 5.429678e+002
0.150000 5.457293e+002
0.152000 5.484851e+002
0.154000 5.512350e+002
0.156000 5.539791e+002
0.158000 5.567171e+002
0.160000 5.594491e+002
0.162000 5.621751e+002
0.164000 5.648948e+002
0.166000 5.676084e+002
0.168000 5.703157e+002
0.170000 5.730166e+002
0.172000 5.757112e+002
0.174000 5.783993e+002
0.176000 5.810809e+002
0.178000 5.837559e+002
0.180000 5.864243e+002
0.182000 5.890859e+002
0.184000 5.917409e+002
0.186000 5.943890e+002
0.188000 5.970302e+002
0.190000 5.996645e+002
0.192000 6.022919e+002
0.194000 6.049122e+002
0.196000 6.075253e+002
0.198000 6.101314e+002
0.200000 6.127302e+002
0.202000 6.153217e+002
0.204000 6.179059e+002
0.206000 6.204827e+002
0.208000 6.230521e+002
0.210000 6.256140e+002
0.212000 6.281683e+002
0.214000 6.307151e+002
0.216000 6.332541e+002
0.218000 6.357855e+002
0.220000 6.383091e+002
0.222000 6.408248e+002
0.224000 6.433327e+002
0.226000 6.458326e+002
0.228000 6.483246e+002
0.230000 6.508085e+002
0.232000 6.532844e+002
0.234000 6.557521e+002
0.236000 6.582116e+002
0.238000 6.606629e+002
0.240000 6.631058e+002
0.242000 6.655404e+002
0.244000 6.679667e+002
0.246000 6.703845e+002
0.248000 6.727938e+002
0.250000 6.751945e+002
0.252000 6.775866e+002
0.254000 6.799701e+002
0.256000 6.823450e+002
0.258000 6.847110e+002
0.260000 6.870683e+002
0.262000 6.894167e+002
0.264000 6.917563e+002
0.266000 6.940869e+002
0.268000 6.964086e+002
0.270000 6.987212e+002
0.272000 7.010248e+002
0.274000 7.033192e+002
0.276000 7.056045e+002
0.278000 7.078806e+002
0.280000 7.101474e+002
0.282000 7.124049e+002
0.284000 7.146531e+002
0.286000 7.168919e+002
0.288000 7.191213e+002
0.290000 7.213412e+002
0.292000 7.235516e+002
0.294000 7.257524e+002
0.296000 7.279437e+002
0.298000 7.301253e+002
0.300000 7.322972e+002
0.302000 7.344594e+002
0.304000 7.366118e+002
0.306000 7.387545e+002
0.308000 7.408873e+002
0.310000 7.430102e+002
0.312000 7.451232e+002
0.314000 7.472262e+002
0.316000 7.493193e+002
0.318000 7.514023e+002
0.320000 7.534752e+002
0.322000 7.555380e+002
0.324000 7.575907e+002
0.326000 7.596332e+002
0.328000 7.616655e+002
0.330000 7.636875e+002
0.332000 7.656992e+002
0.334000 7.677006e+002
0.336000 7.696916e+002
0.338000 7.716723e+002
0.340000 7.736425e+002
0.342000 7.756022e+002
0.344000 7.775515e+002
0.346000 7.794902e+002
0.348000 7.814183e+002
0.350000 7.833359e+002
0.352000 7.852428e+002
0.354000 7.871391e+002
0.356000 7.890246e+002
0.358000 7.908995e+002
0.360000 7.927636e+002
0.362000 7.946169e+002
0.364000 7.964594e+002
0.366000 7.982911e+002
0.368000 8.001119e+002
0.370000 8.019218e+002
0.372000 8.037208e+002
0.374000 8.055088e+002
0.376000 8.072858e+002
0.378000 8.090519e+002
0.380000 8.108069e+002
0.382000 8.125508e+002
0.384000 8.142837e+002
0.386000 8.160054e+002
0.388000 8.177160e+002
0.390000 8.194154e+002
0.392000 8.211037e+002
0.394000 8.227807e+002
0.396000 8.244466e+002
0.398000 8.261011e+002
0.400000 8.277444e+002
0.402000 8.293764e+002
0.404000 8.309970e+002
0.406000 8.326063e+002
0.408000 8.342043e+002
0.410000 8.357908e+002
0.412000 8.373660e+002
0.414000 8.389297e+002
0.416000 8.404820e+002
0.418000 8.420228e+002
0.420000 8.435521e+002
0.422000 8.450699e+002
0.424000 8.465762e+002
0.426000 8.480710e+002
0.428000 8.495542e+002
0.430000 8.510258e+002
0.432000 8.524859e+002
0.434000 8.539343e+002
0.436000 8.553711e+002
0.438000 8.567963e+002
0.440000 8.582098e+002
0.442000 8.596117e+002
0.444000 8.610019e+002
0.446000 8.623804e+002
0.448000 8.637471e+002
0.450000 8.651022e+002
0.452000 8.664455e+002
0.454000 8.677771e+002
0.456000 8.690969e+002
0.458000 8.704050e+002
0.460000 8.717013e+002
0.462000 8.729857e+002
0.464000 8.742584e+002
0.466000 8.755193e+002
0.468000 8.767684e+002
0.470000 8.780056e+002
0.472000 8.792310e+002
0.474000 8.804445e+002
0.476000 8.816462e+002
0.478000 8.828360e+002
0.480000 8.840140e+002
0.482000 8.851801e+002
0.484000 8.863343e+002
0.486000 8.874766e+002
0.488000 8.886070e+002
0.490000 8.897255e+002
0.492000 8.908321e+002
0.494000 8.919268e+002
0.496000 8.930096e+002
0.498000 8.940805e+002
0.500000 8.951395e+002
0.502000 8.961865e+002
0.504000 8.972216e+002
0.506000 8.982448e+002
0.508000 8.992561e+002
0.510000 9.002554e+002
0.512000 9.012428e+002
0.514000 9.022183e+002
0.516000 9.031818e+002
0.518000 9.041334e+002
0.520000 9.050731e+002
0.522000 9.060008e+002
0.524000 9.069166e+002
0.526000 9.078205e+002
0.528000 9.087125e+002
0.530000 9.095925e+002
0.532000 9.104606e+002
0.534000 9.113168e+002
0.536000 9.121611e+002
0.538000 9.129934e+002
0.540000 9.138139e+002
0.542000 9.146225e+002
0.544000 9.154191e+002
0.546000 9.162039e+002
0.548000 9.169768e+002
0.550000 9.177378e+002
0.552000 9.184869e+002
0.554000 9.192242e+002
0.556000 9.199496e+002
0.558000 9.206631e+002
0.560000 9.213649e+002
0.562000 9.220547e+002
0.564000 9.227328e+002
0.566000 9.233990e+002
0.568000 9.240534e+002
0.570000 9.246960e+002
0.572000 9.253269e+002
0.574000 9.259459e+002
0.576000 9.265532e+002
0.578000 9.271487e+002
0.580000 9.277325e+002
0.582000 9.283045e+002
0.584000 9.288648e+002
0.586000 9.294134e+002
0.588000 9.299503e+002
0.590000 9.304755e+002
0.592000 9.309891e+002
0.594000 9.314910e+002
0.596000 9.319812e+002
0.598000 9.324598e+002
0.600000 9.329268e+002
0.602000 9.333822e+002
0.604000 9.338260e+002
0.606000 9.342583e+002
0.608000 9.346790e+002
0.610000 9.350882e+002
0.612000 9.354858e+002
0.614000 9.358719e+002
0.616000 9.362466e+002
0.618000 9.366098e+002
0.620000 9.369615e+002
0.622000 9.373018e+002
0.624000 9.376307e+002
0.626000 9.379482e+002
0.628000 9.382544e+002
0.630000 9.385491e+002
0.632000 9.388326e+002
0.634000 9.391047e+002
0.636000 9.393655e+002
0.638000 9.396151e+002
0.640000 9.398534e+002
0.642000 9.400805e+002
0.644000 9.402964e+002
0.646000 9.405011e+002
0.648000 9.406946e+002
0.650000 9.408770e+002
0.652000 9.410483e+002
0.654000 9.412085e+002
0.656000 9.413576e+002
0.658000 9.414956e+002
0.660000 9.416227e+002
0.662000 9.417387e+002
0.664000 9.418438e+002
0.666000 9.419379e+002
0.668000 9.420211e+002
0.670000 9.420934e+002
0.672000 9.421549e+002
0.674000 9.422054e+002
0.676000 9.422452e+002
0.678000 9.422742e+002
0.680000 9.422924e+002
0.682000 9.422999e+002
0.684000 9.422967e+002
0.686000 9.422828e+002
0.688000 9.422582e+002
0.690000 9.422230e+002
0.692000 9.421772e+002
0.694000 9.421209e+002
0.696000 9.420540e+002
0.698000 9.419766e+002
0.700000 9.418887e+002
0.702000 9.417904e+002
0.704000 9.416817e+002
0.706000 9.415625e+002
0.708000 9.414331e+002
0.710000 9.412932e+002
0.712000 9.411431e+002
0.714000 9.409828e+002
0.716000 9.408122e+002
0.718000 9.406314e+002
0.720000 9.404404e+002
0.722000 9.402393e+002
0.724000 9.400281e+002
0.726000 9.398068e+002
0.728000 9.395755e+002
0.730000 9.393342e+002
0.732000 9.390830e+002
0.734000 9.388218e+002
0.736000 9.385506e+002
0.738000 9.382697e+002
0.740000 9.379789e+002
0.742000 9.376783e+002
0.744000 9.373679e+002
0.746000 9.370478e+002
0.748000 9.367180e+002
0.750000 9.363786e+002
0.752000 9.360295e+002
0.754000 9.356709e+002
0.756000 9.353027e+002
0.758000 9.349250e+002
0.760000 9.345378e+002
0.762000 9.341412e+002
0.764000 9.337352e+002
0.766000 9.333199e+002
0.768000 9.328952e+002
0.770000 9.324612e+002
0.772000 9.320179e+002
0.774000 9.315655e+002
0.776000 9.311039e+002
0.778000 9.306331e+002
0.780000 9.301533e+002
0.782000 9.296644e+002
0.784000 9.291665e+002
0.786000 9.286596e+002
0.788000 9.281437e+002
0.790000 9.276190e+002
0.792000 9.270854e+002
0.794000 9.265430e+002
0.796000 9.259918e+002
0.798000 9.254318e+002
0.800000 9.248632e+002
0.802000 9.242859e+002
0.804000 9.237000e+002
0.806000 9.231055e+002
0.808000 9.225024e+002
0.810000 9.218909e+002
0.812000 9.212709e+002
0.814000 9.206425e+002
0.816000 9.200058e+002
0.818000 9.193607e+002
0.820000 9.187073e+002
0.822000 9.180457e+002
0.824000 9.173759e+002
0.826000 9.166979e+002
0.828000 9.160118e+002
0.830000 9.153176e+002
0.832000 9.146154e+002
0.834000 9.139052e+002
0.836000 9.131870e+002
0.838000 9.124609e+002
0.840000 9.117270e+002
0.842000 9.109853e+002
0.844000 9.102358e+002
0.846000 9.094786e+002
0.848000 9.087136e+002
0.850000 9.079411e+002
0.852000 9.071609e+002
0.854000 9.063732e+002
0.856000 9.055780e+002
0.858000 9.047753e+002
0.860000 9.039651e+002
0.862000 9.031477e+002
0.864000 9.023228e+002
0.866000 9.014907e+002
0.868000 9.006514e+002
0.870000 8.998048e+002
0.872000 8.989511e+002
0.874000 8.980903e+002
0.876000 8.972224e+002
0.878000 8.963475e+002
0.880000 8.954656e+002
0.882000 8.945768e+002
0.884000 8.936812e+002
0.886000 8.927787e+002
0.888000 8.918694e+002
0.890000 8.909533e+002
0.892000 8.900306e+002
0.894000 8.891012e+002
0.896000 8.881651e+002
0.898000 8.872226e+002
0.900000 8.862735e+002
0.902000 8.853179e+002
0.904000 8.843560e+002
0.906000 8.833876e+002
0.908000 8.824129e+002
0.910000 8.814320e+002
0.912000 8.804448e+002
0.914000 8.794514e+002
0.916000 8.784518e+002
0.918000 8.774462e+002
0.920000 8.764345e+002
0.922000 8.754168e+002
0.924000 8.743932e+002
0.926000 8.733636e+002
0.928000 8.723282e+002
0.930000 8.712869e+002
0.932000 8.702399e+002
0.934000 8.691871e+002
0.936000 8.681287e+002
0.938000 8.670647e+002
0.940000 8.659950e+002
0.942000 8.649199e+002
0.944000 8.638392e+002
0.946000 8.627531e+002
0.948000 8.616616e+002
0.950000 8.605647e+002
0.952000 8.594626e+002
0.954000 8.583552e+002
0.956000 8.572425e+002
0.958000 8.561248e+002
0.960000 8.550019e+002
0.962000 8.538739e+002
0.964000 8.527409e+002
0.966000 8.516030e+002
0.968000 8.504601e+002
0.970000 8.493123e+002
0.972000 8.481597e+002
0.974000 8.470023e+002
0.976000 8.458402e+002
0.978000 8.446734e+002
0.980000 8.435020e+002
0.982000 8.423259e+002
0.984000 8.411453e+002
0.986000 8.399602e+002
0.988000 8.387707e+002
0.990000 8.375767e+002
0.992000 8.363784e+002
0.994000 8.351757e+002
0.996000 8.339688e+002
0.998000 8.327576e+002
1.000000 8.315423e+002
1.002000 8.303229e+002
1.004000 8.290994e+002
1.006000 8.278718e+002
1.008000 8.266402e+002
1.010000 8.254048e+002
1.012000 8.241654e+002
1.014000 8.229221e+002
1.016000 8.216751e+002
1.018000 8.204243e+002
1.020000 8.191698e+002
1.022000 8.179116e+002
1.024000 8.166498e+002
1.026000 8.153844e+002
1.028000 8.141156e+002
1.030000 8.128432e+002
1.032000 8.115674e+002
1.034000 8.102882e+002
1.036000 8.090057e+002
1.038000 8.077198e+002
1.040000 8.064308e+002
1.042000 8.051385e+002
1.044000 8.038430e+002
1.046000 8.025445e+002
1.048000 8.012429e+002
1.050000 7.999382e+002
1.052000 7.986306e+002
1.054000 7.973200e+002
1.056000 7.960066e+002
1.058000 7.946903e+002
1.060000 7.933712e+002
1.062000 7.920494e+002
1.064000 7.907249e+002
1.066000 7.893977e+002
1.068000 7.880678e+002
1.070000 7.867355e+002
1.072000 7.854005e+002
1.074000 7.840631e+002
1.076000 7.827233e+002
1.078000 7.813811e+002
1.080000 7.800365e+002
1.082000 7.786896e+002
1.084000 7.773404e+002
1.086000 7.759890e+002
1.088000 7.746355e+002
1.090000 7.732798e+002
1.092000 7.719220e+002
1.094000 7.705622e+002
1.096000 7.692004e+002
1.098000 7.678366e+002
1.100000 7.664709e+002
1.102000 7.651033e+002
1.104000 7.637339e+002
1.106000 7.623627e+002
1.108000 7.609898e+002
1.110000 7.596151e+002
1.112000 7.582388e+002
1.114000 7.568609e+002
1.116000 7.554814e+002
1.118000 7.541004e+002
1.120000 7.527179e+002
1.122000 7.513339e+002
1.124000 7.499486e+002
1.126000 7.485618e+002
1.128000 7.471738e+002
1.130000 7.457844e+002
1.132000 7.443938e+002
1.134000 7.430021e+002
1.136000 7.416091e+002
1.138000 7.402150e+002
1.140000 7.388199e+002
1.142000 7.374237e+002
1.144000 7.360265e+002
1.146000 7.346284e+002
1.148000 7.332293e+002
1.150000 7.318294e+002
1.152000 7.304286e+002
1.154000 7.290270e+002
1.156000 7.276247e+002
1.158000 7.262216e+002
1.160000 7.248179e+002
1.162000 7.234135e+002
1.164000 7.220085e+002
1.166000 7.206030e+002
1.168000 7.191969e+002
1.170000 7.177903e+002
1.172000 7.163833e+002
1.174000 7.149759e+002
1.176000 7.135681e+002
1.178000 7.121600e+002
1.180000 7.107516e+002
1.182000 7.093429e+002
1.184000 7.079340e+002
1.186000 7.065249e+002
1.188000 7.051157e+002
1.190000 7.037063e+002
1.192000 7.022969e+002
1.194000 7.008875e+002
1.196000 6.994780e+002
1.198000 6.980686e+002
1.200000 6.966593e+002
1.202000 6.952500e+002
1.204000 6.938409e+002
1.206000 6.924320e+002
1.208000 6.910233e+002
1.210000 6.896149e+002
1.212000 6.882067e+002
1.214000 6.867988e+002
1.216000 6.853914e+002
1.218000 6.839843e+002
1.220000 6.825776e+002
1.222000 6.811714e+002
1.224000 6.797656e+002
1.226000 6.783604e+002
1.228000 6.769558e+002
1.230000 6.755517e+002
1.232000 6.741483e+002
1.234000 6.727455e+002
1.236000 6.713435e+002
1.238000 6.699421e+002
1.240000 6.685415e+002
1.242000 6.671417e+002
1.244000 6.657428e+002
1.246000 6.643447e+002
1.248000 6.629474e+002
1.250000 6.615511e+002
1.252000 6.601558e+002
1.254000 6.587614e+002
1.256000 6.573680e+002
1.258000 6.559757e+002
1.260000 6.545845e+002
1.262000 6.531943e+002
1.264000 6.518053e+002
1.266000 6.504175e+002
1.268000 6.490309e+002
1.270000 6.476455e+002
1.272000 6.462613e+002
1.274000 6.448784e+002
1.276000 6.434969e+002
1.278000 6.421167e+002
1.280000 6.407379e+002
1.282000 6.393604e+002
1.284000 6.379844e+002
1.286000 6.366099e+002
1.288000 6.352369e+002
1.290000 6.338653e+002
1.292000 6.324954e+002
1.294000 6.311269e+002
1.296000 6.297601e+002
1.298000 6.283949e+002
1.300000 6.270314e+002
1.302000 6.256696e+002
1.304000 6.243094e+002
1.306000 6.229510e+002
1.308000 6.215944e+002
1.310000 6.202395e+002
1.312000 6.188865e+002
1.314000 6.175352e+002
1.316000 6.161859e+002
1.318000 6.148384e+002
1.320000 6.134929e+002
1.322000 6.121493e+002
1.324000 6.108077e+002
1.326000 6.094680e+002
1.328000 6.081304e+002
1.330000 6.067948e+002
1.332000 6.054613e+002
1.334000 6.041298e+002
1.336000 6.028005e+002
1.338000 6.014733e+002
1.340000 6.001482e+002
1.342000 5.988254e+002
1.344000 5.975047e+002
1.346000 5.961863e+002
1.348000 5.948701e+002
1.350000 5.935561e+002
1.352000 5.922445e+002
1.354000 5.909352e+002
1.356000 5.896282e+002
1.358000 5.883236e+002
1.360000 5.870213e+002
1.362000 5.857215e+002
1.364000 5.844241e+002
1.366000 5.831291e+002
1.368000 5.818366e+002
1.370000 5.805465e+002
1.372000 5.792590e+002
1.374000 5.779740e+002
1.376000 5.766915e+002
1.378000 5.754116e+002
1.380000 5.741343e+002
1.382000 5.728596e+002
1.384000 5.715875e+002
1.386000 5.703180e+002
1.388000 5.690512e+002
1.390000 5.677870e+002
1.392000 5.665256e+002
1.394000 5.652669e+002
1.396000 5.640109e+002
1.398000 5.627576e+002
1.400000 5.615071e+002
1.402000 5.602594e+002
1.404000 5.590145e+002
1.406000 5.577724e+002
1.408000 5.565332e+002
1.410000 5.552968e+002
1.412000 5.540632e+002
1.414000 5.528326e+002
1.416000 5.516048e+002
1.418000 5.503800e+002
1.420000 5.491581e+002
1.422000 5.479391e+002
1.424000 5.467231e+002
1.426000 5.455100e+002
1.428000 5.443000e+002
1.430000 5.430930e+002
1.432000 5.418889e+002
1.434000 5.406879e+002
1.436000 5.394900e+002
1.438000 5.382951e+002
1.440000 5.371033e+002
1.442000 5.359146e+002
1.444000 5.347290e+002
1.446000 5.335465e+002
1.448000 5.323671e+002
1.450000 5.311909e+002
1.452000 5.300178e+002
1.454000 5.288479e+002
1.456000 5.276812e+002
1.458000 5.265176e+002
1.460000 5.253573e+002
1.462000 5.242001e+002
1.464000 5.230462e+002
1.466000 5.218956e+002
1.468000 5.207482e+002
1.470000 5.196040e+002
1.472000 5.184631e+002
1.474000 5.173255e+002
1.476000 5.161912e+002
1.478000 5.150602e+002
1.480000 5.139325e+002
1.482000 5.128081e+002
1.484000 5.116870e+002
1.486000 5.105693e+002
1.488000 5.094550e+002
1.490000 5.083440e+002
1.492000 5.072363e+002
1.494000 5.061321e+002
1.496000 5.050312e+002
1.498000 5.039337e+002
1.500000 5.028396e+002
1.502000 5.017490e+002
1.504000 5.006617e+002
1.506000 4.995779e+002
1.508000 4.984975e+002
1.510000 4.974206e+002
1.512000 4.963471e+002
1.514000 4.952771e+002
1.516000 4.942105e+002
1.518000 4.931474e+002
1.520000 4.920878e+002
1.522000 4.910316e+002
1.524000 4.899790e+002
1.526000 4.889298e+002
1.528000 4.878842e+002
1.530000 4.868420e+002
1.532000 4.858034e+002
1.534000 4.847683e+002
1.536000 4.837367e+002
1.538000 4.827087e+002
1.540000 4.816841e+002
1.542000 4.806632e+002
1.544000 4.796457e+002
1.546000 4.786319e+002
1.548000 4.776215e+002
1.550000 4.766148e+002
1.552000 4.756115e+002
1.554000 4.746119e+002
1.556000 4.736158e+002
1.558000 4.726233e+002
1.560000 4.716344e+002
1.562000 4.706491e+002
1.564000 4.696673e+002
1.566000 4.686892e+002
1.568000 4.677146e+002
1.570000 4.667436e+002
1.572000 4.657762e+002
1.574000 4.648125e+002
1.576000 4.638523e+002
1.578000 4.628957e+002
1.580000 4.619427e+002
1.582000 4.609933e+002
1.584000 4.600476e+002
1.586000 4.591054e+002
1.588000 4.581669e+002
1.590000 4.572320e+002
1.592000 4.563007e+002
1.594000 4.553730e+002
1.596000 4.544489e+002
1.598000 4.535284e+002
1.600000 4.526116e+002
1.602000 4.516984e+002
1.604000 4.507888e+002
1.606000 4.498828e+002
1.608000 4.489804e+002
1.610000 4.480817e+002
1.612000 4.471866e+002
1.614000 4.462951e+002
1.616000 4.454072e+002
1.618000 4.445229e+002
1.620000 4.436423e+002
1.622000 4.427652e+002
1.624000 4.418918e+002
1.626000 4.410220e+002
1.628000 4.401559e+002
1.630000 4.392933e+002
1.632000 4.384343e+002
1.634000 4.375790e+002
1.636000 4.367272e+002
1.638000 4.358791e+002
1.640000 4.350346e+002
1.642000 4.341937e+002
1.644000 4.333563e+002
1.646000 4.325226e+002
1.648000 4.316925e+002
1.650000 4.308660e+002
1.652000 4.300430e+002
1.654000 4.292237e+002
1.656000 4.284079e+002
1.658000 4.275957e+002
1.660000 4.267871e+002
1.662000 4.259821e+002
1.664000 4.251807e+002
1.666000 4.243828e+002
1.668000 4.235885e+002
1.670000 4.227977e+002
1.672000 4.220106e+002
1.674000 4.212269e+002
1.676000 4.204468e+002
1.678000 4.196703e+002
1.680000 4.188973e+002
1.682000 4.181279e+002
1.684000 4.173620e+002
1.686000 4.165996e+002
1.688000 4.158408e+002
1.690000 4.150854e+002
1.692000 4.143336e+002
1.694000 4.135854e+002
1.696000 4.128406e+002
1.698000 4.120993e+002
1.700000 4.113615e+002
1.702000 4.106272e+002
1.704000 4.098964e+002
1.706000 4.091691e+002
1.708000 4.084453e+002
1.710000 4.077249e+002
1.712000 4.070080e+002
1.714000 4.062946e+002
1.716000 4.055846e+002
1.718000 4.048781e+002
1.720000 4.041750e+002
1.722000 4.034753e+002
1.724000 4.027791e+002
1.726000 4.020863e+002
1.728000 4.013970e+002
1.730000 4.007110e+002
1.732000 4.000284e+002
1.734000 3.993493e+002
1.736000 3.986735e+002
1.738000 3.980012e+002
1.740000 3.973322e+002
1.742000 3.966666e+002
1.744000 3.960043e+002
1.746000 3.953454e+002
1.748000 3.946899e+002
1.750000 3.940377e+002
1.752000 3.933888e+002
1.754000 3.927433e+002
1.756000 3.921011e+002
1.758000 3.914622e+002
1.760000 3.908266e+002
1.762000 3.901944e+002
1.764000 3.895654e+002
1.766000 3.889397e+002
1.768000 3.883173e+002
1.770000 3.876981e+002
1.772000 3.870822e+002
1.774000 3.864696e+002
1.776000 3.858602e+002
1.778000 3.852541e+002
1.780000 3.846512e+002
1.782000 3.840515e+002
1.784000 3.834550e+002
1.786000 3.828618e+002
1.788000 3.822717e+002
1.790000 3.816848e+002
1.792000 3.811011e+002
1.794000 3.805206e+002
1.796000 3.799433e+002
1.798000 3.793690e+002
1.800000 3.787980e+002
1.802000 3.782301e+002
1.804000 3.776653e+002
1.806000 3.771036e+002
1.808000 3.765451e+002
1.810000 3.759896e+002
1.812000 3.754373e+002
1.814000 3.748880e+002
1.816000 3.743418e+002
1.818000 3.737987e+002
1.820000 3.732586e+002
1.822000 3.727216e+002
1.824000 3.721876e+002
1.826000 3.716567e+002
1.828000 3.711287e+002
1.830000 3.706038e+002
1.832000 3.700819e+002
1.834000 3.695630e+002
1.836000 3.690471e+002
1.838000 3.685341e+002
1.840000 3.680241e+002
1.842000 3.675171e+002
1.844000 3.670130e+002
1.846000 3.665118e+002
1.848000 3.660136e+002
1.850000 3.655183e+002
1.852000 3.650258e+002
1.854000 3.645363e+002
1.856000 3.640497e+002
1.858000 3.635660e+002
1.860000 3.630851e+002
1.862000 3.626071e+002
1.864000 3.621319e+002
1.866000 3.616596e+002
1.868000 3.611900e+002
1.870000 3.607234e+002
1.872000 3.602595e+002
1.874000 3.597984e+002
1.876000 3.593401e+002
1.878000 3.588846e+002
1.880000 3.584318e+002
1.882000 3.579818e+002
1.884000 3.575346e+002
1.886000 3.570901e+002
1.888000 3.566483e+002
1.890000 3.562092e+002
1.892000 3.557729e+002
1.894000 3.553392e+002
1.896000 3.549082e+002
1.898000 3.544799e+002
1.900000 3.540543e+002
1.902000 3.536313e+002
1.904000 3.532110e+002
1.906000 3.527933e+002
1.908000 3.523782e+002
1.910000 3.519657e+002
1.912000 3.515559e+002
1.914000 3.511486e+002
1.916000 3.507439e+002
1.918000 3.503418e+002
1.920000 3.499423e+002
1.922000 3.495453e+002
1.924000 3.491508e+002
1.926000 3.487589e+002
1.928000 3.483694e+002
1.930000 3.479825e+002
1.932000 3.475981e+002
1.934000 3.472162e+002
1.936000 3.468368e+002
1.938000 3.464598e+002
1.940000 3.460853e+002
1.942000 3.457132e+002
1.944000 3.453436e+002
1.946000 3.449764e+002
1.948000 3.446116e+002
1.950000 3.442492e+002
1.952000 3.438892e+002
1.954000 3.435316e+002
1.956000 3.431763e+002
1.958000 3.428234e+002
1.960000 3.424729e+002
1.962000 3.421247e+002
1.964000 3.417788e+002
1.966000 3.414353e+002
1.968000 3.410941e+002
1.970000 3.407551e+002
1.972000 3.404185e+002
1.974000 3.400841e+002
1.976000 3.397520e+002
1.978000 3.394221e+002
1.980000 3.390945e+002
1.982000 3.387692e+002
1.984000 3.384460e+002
1.986000 3.381251e+002
1.988000 3.378063e+002
1.990000 3.374898e+002
1.992000 3.371755e+002
1.994000 3.368633e+002
1.996000 3.365532e+002
1.998000 3.362454e+002
2.000000 3.359396e+002
2.002000 3.356360e+002
2.004000 3.353346e+002
2.006000 3.350352e+002
2.008000 3.347379e+002
2.010000 3.344427e+002
2.012000 3.341496e+002
2.014000 3.338586e+002
2.016000 3.335696e+002
2.018000 3.332826e+002
2.020000 3.329977e+002
2.022000 3.327149e+002
2.024000 3.324340e+002
2.026000 3.321551e+002
2.028000 3.318783e+002
2.030000 3.316034e+002
2.032000 3.313305e+002
2.034000 3.310596e+002
2.036000 3.307906e+002
2.038000 3.305235e+002
2.040000 3.302584e+002
2.042000 3.299953e+002
2.044000 3.297340e+002
2.046000 3.294746e+002
2.048000 3.292171e+002
2.050000 3.289615e+002
2.052000 3.287078e+002
2.054000 3.284560e+002
2.056000 3.282060e+002
2.058000 3.279578e+002
2.060000 3.277115e+002
2.062000 3.274670e+002
2.064000 3.272243e+002
2.066000 3.269834e+002
2.068000 3.267443e+002
2.070000 3.265070e+002
2.072000 3.262714e+002
2.074000 3.260377e+002
2.076000 3.258056e+002
2.078000 3.255753e+002
2.080000 3.253468e+002
2.082000 3.251200e+002
2.084000 3.248949e+002
2.086000 3.246715e+002
2.088000 3.244497e+002
2.090000 3.242297e+002
2.092000 3.240114e+002
2.094000 3.237947e+002
2.096000 3.235796e+002
2.098000 3.233663e+002
2.100000 3.231545e+002
2.102000 3.229444e+002
2.104000 3.227359e+002
2.106000 3.225290e+002
2.108000 3.223237e+002
2.110000 3.221200e+002
2.112000 3.219179e+002
2.114000 3.217173e+002
2.116000 3.215183e+002
2.118000 3.213209e+002
2.120000 3.211250e+002
2.122000 3.209306e+002
2.124000 3.207378e+002
2.126000 3.205465e+002
2.128000 3.203566e+002
2.130000 3.201683e+002
2.132000 3.199815e+002
2.134000 3.197961e+002
2.136000 3.196123e+002
2.138000 3.194298e+002
2.140000 3.192489e+002
2.142000 3.190693e+002
2.144000 3.188912e+002
2.146000 3.187146e+002
2.148000 3.185393e+002
2.150000 3.183655e+002
2.152000 3.181930e+002
2.154000 3.180219e+002
2.156000 3.178523e+002
2.158000 3.176840e+002
2.160000 3.175170e+002
2.162000 3.173514e+002
2.164000 3.171872e+002
2.166000 3.170243e+002
2.168000 3.168627e+002
2.170000 3.167024e+002
2.172000 3.165435e+002
2.174000 3.163858e+002
2.176000 3.162295e+002
2.178000 3.160744e+002
2.180000 3.159207e+002
2.182000 3.157681e+002
2.184000 3.156169e+002
2.186000 3.154669e+002
2.188000 3.153181e+002
2.190000 3.151706e+002
2.192000 3.150243e+002
2.194000 3.148793e+002
2.196000 3.147354e+002
2.198000 3.145927e+002
2.200000 3.144513e+002
2.202000 3.143110e+002
2.204000 3.141719e+002
2.206000 3.140340e+002
2.208000 3.138973e+002
2.210000 3.137617e+002
2.212000 3.136272e+002
2.214000 3.134939e+002
2.216000 3.133617e+002
2.218000 3.132307e+002
2.220000 3.131008e+002
2.222000 3.129719e+002
2.224000 3.128442e+002
2.226000 3.127176e+002
2.228000 3.125921e+002
2.230000 3.124676e+002
2.232000 3.123442e+002
2.234000 3.122219e+002
2.236000 3.121006e+002
2.238000 3.119804e+002
2.240000 3.118612e+002
2.242000 3.117431e+002
2.244000 3.116260e+002
2.246000 3.115099e+002
2.248000 3.113948e+002
2.250000 3.112807e+002
2.252000 3.111677e+002
2.254000 3.110556e+002
2.256000 3.109445e+002
2.258000 3.108343e+002
2.260000 3.107252e+002
2.262000 3.106170e+002
2.264000 3.105098e+002
2.266000 3.104035e+002
2.268000 3.102981e+002
2.270000 3.101937e+002
2.272000 3.100903e+002
2.274000 3.099877e+002
2.276000 3.098861e+002
2.278000 3.097853e+002
2.280000 3.096855e+002
2.282000 3.095866e+002
2.284000 3.094885e+002
2.286000 3.093914e+002
2.288000 3.092951e+002
2.290000 3.091997e+002
2.292000 3.091051e+002
2.294000 3.090114e+002
2.296000 3.089185e+002
2.298000 3.088265e+002
2.300000 3.087354e+002
2.302000 3.086450e+002
2.304000 3.085555e+002
2.306000 3.084668e+002
2.308000 3.083789e+002
2.310000 3.082918e+002
2.312000 3.082055e+002
2.314000 3.081200e+002
2.316000 3.080353e+002
2.318000 3.079514e+002
2.320000 3.078683e+002
2.322000 3.077859e+002
2.324000 3.077043e+002
2.326000 3.076234e+002
2.328000 3.075433e+002
2.330000 3.074639e+002
2.332000 3.073853e+002
2.334000 3.073074e+002
2.336000 3.072302e+002
2.338000 3.071538e+002
2.340000 3.070781e+002
2.342000 3.070031e+002
2.344000 3.069288e+002
2.346000 3.068552e+002
2.348000 3.067822e+002
2.350000 3.067100e+002
2.352000 3.066385e+002
2.354000 3.065676e+002
2.356000 3.064974e+002
2.358000 3.064279e+002
2.360000 3.063590e+002
2.362000 3.062908e+002
2.364000 3.062233e+002
2.366000 3.061564e+002
2.368000 3.060901e+002
2.370000 3.060245e+002
2.372000 3.059595e+002
2.374000 3.058951e+002
2.376000 3.058313e+002
2.378000 3.057682e+002
2.380000 3.057057e+002
2.382000 3.056437e+002
2.384000 3.055824e+002
2.386000 3.055217e+002
2.388000 3.054615e+002
2.390000 3.054020e+002
2.392000 3.053430e+002
2.394000 3.052846e+002
2.396000 3.052267e+002
2.398000 3.051695e+002
2.400000 3.051128e+002
2.402000 3.050566e+002
2.404000 3.050010e+002
2.406000 3.049460e+002
2.408000 3.048915e+002
2.410000 3.048375e+002
2.412000 3.047840e+002
2.414000 3.047311e+002
2.416000 3.046788e+002
2.418000 3.046269e+002
2.420000 3.045755e+002
2.422000 3.045247e+002
2.424000 3.044744e+002
2.426000 3.044245e+002
2.428000 3.043752e+002
2.430000 3.043264e+002
2.432000 3.042780e+002
2.434000 3.042302e+002
2.436000 3.041828e+002
2.438000 3.041359e+002
2.440000 3.040894e+002
2.442000 3.040435e+002
2.444000 3.039980e+002
2.446000 3.039530e+002
2.448000 3.039084e+002
2.450000 3.038642e+002
2.452000 3.038206e+002
2.454000 3.037773e+002
2.456000 3.037345e+002
2.458000 3.036922e+002
2.460000 3.036502e+002
2.462000 3.036087e+002
2.464000 3.035677e+002
2.466000 3.035270e+002
2.468000 3.034868e+002
2.470000 3.034470e+002
2.472000 3.034076e+002
2.474000 3.033686e+002
2.476000 3.033300e+002
2.478000 3.032918e+002
2.480000 3.032540e+002
2.482000 3.032166e+002
2.484000 3.031795e+002
2.486000 3.031429e+002
2.488000 3.031066e+002
2.490000 3.030708e+002
2.492000 3.030353e+002
2.494000 3.030001e+002
2.496000 3.029654e+002
2.498000 3.029310e+002
2.500000 3.028969e+002
2.502000 3.028632e+002
2.504000 3.028299e+002
2.506000 3.027969e+002
2.508000 3.027643e+002
2.510000 3.027320e+002
2.512000 3.027001e+002
2.514000 3.026685e+002
2.516000 3.026372e+002
2.518000 3.026063e+002
2.520000 3.025757e+002
2.522000 3.025454e+002
2.524000 3.025155e+002
2.526000 3.024858e+002
2.528000 3.024565e+002
2.530000 3.024275e+002
2.532000 3.023988e+002
2.534000 3.023704e+002
2.536000 3.023423e+002
2.538000 3.023146e+002
2.540000 3.022871e+002
2.542000 3.022599e+002
2.544000 3.022330e+002
2.546000 3.022064e+002
2.548000 3.021801e+002
2.550000 3.021541e+002
2.552000 3.021284e+002
2.554000 3.021029e+002
2.556000 3.020777e+002
2.558000 3.020528e+002
2.560000 3.020282e+002
2.562000 3.020038e+002
2.564000 3.019797e+002
2.566000 3.019559e+002
2.568000 3.019323e+002
2.570000 3.019090e+002
2.572000 3.018859e+002
2.574000 3.018631e+002
2.576000 3.018406e+002
2.578000 3.018183e+002
2.580000 3.017962e+002
2.582000 3.017744e+002
2.584000 3.017528e+002
2.586000 3.017315e+002
2.588000 3.017104e+002
2.590000 3.016895e+002
2.592000 3.016689e+002
2.594000 3.016485e+002
2.596000 3.016283e+002
2.598000 3.016084e+002
2.600000 3.015887e+002
2.602000 3.015692e+002
2.604000 3.015499e+002
2.606000 3.015308e+002
2.608000 3.015120e+002
2.610000 3.014934e+002
2.612000 3.014749e+002
2.614000 3.014567e+002
2.616000 3.014387e+002
2.618000 3.014209e+002
2.620000 3.014033e+002
2.622000 3.013859e+002
2.624000 3.013687e+002
2.626000 3.013517e+002
2.628000 3.013348e+002
2.630000 3.013182e+002
2.632000 3.013018e+002
2.634000 3.012855e+002
2.636000 3.012695e+002
2.638000 3.012536e+002
2.640000 3.012379e+002
2.642000 3.012224e+002
2.644000 3.012071e+002
2.646000 3.011919e+002
2.648000 3.011769e+002
2.650000 3.011621e+002
2.652000 3.011475e+002
2.654000 3.011330e+002
2.656000 3.011187e+002
2.658000 3.011045e+002
2.660000 3.010906e+002
2.662000 3.010768e+002
2.664000 3.010631e+002
2.666000 3.010496e+002
2.668000 3.010363e+002
2.670000 3.010231e+002
2.672000 3.010101e+002
2.674000 3.009972e+002
2.676000 3.009845e+002
2.678000 3.009719e+002
2.680000 3.009595e+002
2.682000 3.009472e+002
2.684000 3.009351e+002
2.686000 3.009231e+002
2.688000 3.009113e+002
2.690000 3.008996e+002
2.692000 3.008880e+002
2.694000 3.008766e+002
2.696000 3.008653e+002
2.698000 3.008541e+002
2.700000 3.008431e+002
2.702000 3.008322e+002
2.704000 3.008214e+002
2.706000 3.008108e+002
2.708000 3.008003e+002
2.710000 3.007899e+002
2.712000 3.007796e+002
2.714000 3.007695e+002
2.716000 3.007595e+002
2.718000 3.007496e+002
2.720000 3.007398e+002
2.722000 3.007301e+002
2.724000 3.007206e+002
2.726000 3.007112e+002
2.728000 3.007019e+002
2.730000 3.006927e+002
2.732000 3.006836e+002
2.734000 3.006746e+002
2.736000 3.006657e+002
2.738000 3.006570e+002
2.740000 3.006483e+002
2.742000 3.006398e+002
2.744000 3.006313e+002
2.746000 3.006230e+002
2.748000 3.006148e+002
2.750000 3.006066e+002
2.752000 3.005986e+002
2.754000 3.005906e+002
2.756000 3.005828e+002
2.758000 3.005751e+002
2.760000 3.005674e+002
2.762000 3.005598e+002
2.764000 3.005524e+002
2.766000 3.005450e+002
2.768000 3.005377e+002
2.770000 3.005305e+002
2.772000 3.005235e+002
2.774000 3.005164e+002
2.776000 3.005095e+002
2.778000 3.005027e+002
2.780000 3.004959e+002
2.782000 3.004893e+002
2.784000 3.004827e+002
2.786000 3.004762e+002
2.788000 3.004697e+002
2.790000 3.004634e+002
2.792000 3.004571e+002
2.794000 3.004510e+002
2.796000 3.004449e+002
2.798000 3.004388e+002
2.800000 3.004329e+002
2.802000 3.004270e+002
2.804000 3.004212e+002
2.806000 3.004155e+002
2.808000 3.004098e+002
2.810000 3.004042e+002
2.812000 3.003987e+002
2.814000 3.003933e+002
2.816000 3.003879e+002
2.818000 3.003826e+002
2.820000 3.003773e+002
2.822000 3.003722e+002
2.824000 3.003671e+002
2.826000 3.003620e+002
2.828000 3.003570e+002
2.830000 3.003521e+002
2.832000 3.003473e+002
2.834000 3.003425e+002
2.836000 3.003378e+002
2.838000 3.003331e+002
2.840000 3.003285e+002
2.842000 3.003239e+002
2.844000 3.003195e+002
2.846000 3.003150e+002
2.848000 3.003107e+002
2.850000 3.003063e+002
2.852000 3.003021e+002
2.854000 3.002979e+002
2.856000 3.002937e+002
2.858000 3.002896e+002
2.860000 3.002856e+002
2.862000 3.002816e+002
2.864000 3.002777e+002
2.866000 3.002738e+002
2.868000 3.002699e+002
2.870000 3.002662e+002
2.872000 3.002624e+002
2.874000 3.002587e+002
2.876000 3.002551e+002
2.878000 3.002515e+002
2.880000 3.002480e+002
2.882000 3.002445e+002
2.884000 3.002410e+002
2.886000 3.002376e+002
2.888000 3.002343e+002
2.890000 3.002309e+002
2.892000 3.002277e+002
2.894000 3.002244e+002
2.896000 3.002212e+002
2.898000 3.002181e+002
2.900000 3.002150e+002
2.902000 3.002119e+002
2.904000 3.002089e+002
2.906000 3.002059e+002
2.908000 3.002030e+002
2.910000 3.002001e+002
2.912000 3.001972e+002
2.914000 3.001944e+002
2.916000 3.001916e+002
2.918000 3.001889e+002
2.920000 3.001862e+002
2.922000 3.001835e+002
2.924000 3.001809e+002
2.926000 3.001783e+002
2.928000 3.001757e+002
2.930000 3.001732e+002
2.932000 3.001707e+002
2.934000 3.001682e+002
2.936000 3.001658e+002
2.938000 3.001634e+002
2.940000 3.001610e+002
2.942000 3.001587e+002
2.944000 3.001564e+002
2.946000 3.001541e+002
2.948000 3.001519e+002
2.950000 3.001496e+002
2.952000 3.001475e+002
2.954000 3.001453e+002
2.956000 3.001432e+002
2.958000 3.001411e+002
2.960000 3.001390e+002
2.962000 3.001370e+002
2.964000 3.001350e+002
2.966000 3.001330e+002
2.968000 3.001311e+002
2.970000 3.001292e+002
2.972000 3.001273e+002
2.974000 3.001254e+002
2.976000 3.001235e+002
2.978000 3.001217e+002
2.980000 3.001199e+002
2.982000 3.001182e+002
2.984000 3.001164e+002
2.986000 3.001147e+002
2.988000 3.001130e+002
2.990000 3.001113e+002
2.992000 3.001097e+002
2.994000 3.001080e+002
2.996000 3.001064e+002
2.998000 3.001048e+002
3.000000 3.001033e+002
3.002000 3.001018e+002
3.004000 3.001002e+002
3.006000 3.000987e+002
3.008000 3.000973e+002
3.010000 3.000958e+002
3.012000 3.000944e+002
3.014000 3.000930e+002
3.016000 3.000916e+002
3.018000 3.000902e+002
3.020000 3.000888e+002
3.022000 3.000875e+002
3.024000 3.000862e+002
3.026000 3.000849e+002
3.028000 3.000836e+002
3.030000 3.000824e+002
3.032000 3.000811e+002
3.034000 3.000799e+002
3.036000 3.000787e+002
3.038000 3.000775e+002
3.040000 3.000763e+002
3.042000 3.000752e+002
3.044000 3.000740e+002
3.046000 3.000729e+002
3.048000 3.000718e+002
3.050000 3.000707e+002
3.052000 3.000696e+002
3.054000 3.000686e+002
3.056000 3.000675e+002
3.058000 3.000665e+002
3.060000 3.000655e+002
3.062000 3.000645e+002
3.064000 3.000635e+002
3.066000 3.000625e+002
3.068000 3.000616e+002
3.070000 3.000606e+002
3.072000 3.000597e+002
3.074000 3.000588e+002
3.076000 3.000579e+002
3.078000 3.000570e+002
3.080000 3.000561e+002
3.082000 3.000552e+002
3.084000 3.000544e+002
3.086000 3.000535e+002
3.088000 3.000527e+002
3.090000 3.000519e+002
3.092000 3.000511e+002
3.094000 3.000503e+002
3.096000 3.000495e+002
3.098000 3.000487e+002
3.100000 3.000480e+002
3.102000 3.000472e+002
3.104000 3.000465e+002
3.106000 3.000458e+002
3.108000 3.000451e+002
3.110000 3.000444e+002
3.112000 3.000437e+002
3.114000 3.000430e+002
3.116000 3.000423e+002
3.118000 3.000417e+002
3.120000 3.000410e+002
3.122000 3.000404e+002
3.124000 3.000397e+002
3.126000 3.000391e+002
3.128000 3.000385e+002
3.130000 3.000379e+002
3.132000 3.000373e+002
3.134000 3.000367e+002
3.136000 3.000361e+002
3.138000 3.000355e+002
3.140000 3.000350e+002
3.142000 3.000344e+002
3.144000 3.000339e+002
3.146000 3.000333e+002
3.148000 3.000328e+002
3.150000 3.000323e+002
3.152000 3.000318e+002
3.154000 3.000313e+002
3.156000 3.000308e+002
3.158000 3.000303e+002
3.160000 3.000298e+002
3.162000 3.000293e+002
3.164000 3.000289e+002
3.166000 3.000284e+002
3.168000 3.000280e+002
3.170000 3.000275e+002
3.172000 3.000271e+002
3.174000 3.000266e+002
3.176000 3.000262e+002
3.178000 3.000258e+002
3.180000 3.000254e+002
3.182000 3.000250e+002
3.184000 3.000246e+002
3.186000 3.000242e+002
3.188000 3.000238e+002
3.190000 3.000234e+002
3.192000 3.000230e+002
3.194000 3.000226e+002
3.196000 3.000223e+002
3.198000 3.000219e+002
3.200000 3.000216e+002
3.202000 3.000212e+002
3.204000 3.000209e+002
3.206000 3.000205e+002
3.208000 3.000202e+002
3.210000 3.000199e+002
3.212000 3.000195e+002
3.214000 3.000192e+002
3.216000 3.000189e+002
3.218000 3.000186e+002
3.220000 3.000183e+002
3.222000 3.000180e+002
3.224000 3.000177e+002
3.226000 3.000174e+002
3.228000 3.000171e+002
3.230000 3.000168e+002
3.232000 3.000166e+002
3.234000 3.000163e+002
3.236000 3.000160e+002
3.238000 3.000158e+002
3.240000 3.000155e+002
3.242000 3.000153e+002
3.244000 3.000150e+002
3.246000 3.000148e+002
3.248000 3.000145e+002
3.250000 3.000143e+002
3.252000 3.000140e+002
3.254000 3.000138e+002
3.256000 3.000136e+002
3.258000 3.000133e+002
3.260000 3.000131e+002
3.262000 3.000129e+002
3.264000 3.000127e+002
3.266000 3.000125e+002
3.268000 3.000123e+002
3.270000 3.000121e+002
3.272000 3.000119e+002
3.274000 3.000117e+002
3.276000 3.000115e+002
3.278000 3.000113e+002
3.280000 3.000111e+002
3.282000 3.000109e+002
3.284000 3.000107e+002
3.286000 3.000105e+002
3.288000 3.000104e+002
3.290000 3.000102e+002
3.292000 3.000100e+002
3.294000 3.000099e+002
3.296000 3.000097e+002
3.298000 3.000095e+002
3.300000 3.000094e+002
3.302000 3.000092e+002
3.304000 3.000091e+002
3.306000 3.000089e+002
3.308000 3.000087e+002
3.310000 3.000086e+002
3.312000 3.000085e+002
3.314000 3.000083e+002
3.316000 3.000082e+002
3.318000 3.000080e+002
3.320000 3.000079e+002
3.322000 3.000078e+002
3.324000 3.000076e+002
3.326000 3.000075e+002
3.328000 3.000074e+002
3.330000 3.000072e+002
3.332000 3.000071e+002
3.334000 3.000070e+002
3.336000 3.000069e+002
3.338000 3.000068e+002
3.340000 3.000066e+002
3.342000 3.000065e+002
3.344000 3.000064e+002
3.346000 3.000063e+002
3.348000 3.000062e+002
3.350000 3.000061e+002
3.352000 3.000060e+002
3.354000 3.000059e+002
3.356000 3.000058e+002
3.358000 3.000057e+002
3.360000 3.000056e+002
3.362000 3.000055e+002
3.364000 3.000054e+002
3.366000 3.000053e+002
3.368000 3.000052e+002
3.370000 3.000051e+002
3.372000 3.000050e+002
3.374000 3.000049e+002
3.376000 3.000049e+002
3.378000 3.000048e+002
3.380000 3.000047e+002
3.382000 3.000046e+002
3.384000 3.000045e+002
3.386000 3.000044e+002
3.388000 3.000044e+002
3.390000 3.000043e+002
3.392000 3.000042e+002
3.394000 3.000041e+002
3.396000 3.000041e+002
3.398000 3.000040e+002
3.400000 3.000039e+002
3.402000 3.000039e+002
3.404000 3.000038e+002
3.406000 3.000037e+002
3.408000 3.000037e+002
3.410000 3.000036e+002
3.412000 3.000035e+002
3.414000 3.000035e+002
3.416000 3.000034e+002
3.418000 3.000034e+002
3.420000 3.000033e+002
3.422000 3.000032e+002
3.424000 3.000032e+002
3.426000 3.000031e+002
3.428000 3.000031e+002
3.430000 3.000030e+002
3.432000 3.000030e+002
3.434000 3.000029e+002
3.436000 3.000029e+002
3.438000 3.000028e+002
3.440000 3.000028e+002
3.442000 3.000027e+002
3.444000 3.000027e+002
3.446000 3.000026e+002
3.448000 3.000026e+002
3.450000 3.000025e+002
3.452000 3.000025e+002
3.454000 3.000024e+002
3.456000 3.000024e+002
3.458000 3.000023e+002
3.460000 3.000023e+002
3.462000 3.000023e+002
3.464000 3.000022e+002
3.466000 3.000022e+002
3.468000 3.000021e+002
3.470000 3.000021e+002
3.472000 3.000021e+002
3.474000 3.000020e+002
3.476000 3.000020e+002
3.478000 3.000020e+002
3.480000 3.000019e+002
3.482000 3.000019e+002
3.484000 3.000018e+002
3.486000 3.000018e+002
3.488000 3.000018e+002
3.490000 3.000017e+002
3.492000 3.000017e+002
3.494000 3.000017e+002
3.496000 3.000017e+002
3.498000 3.000016e+002
3.500000 3.000016e+002
3.502000 3.000016e+002
3.504000 3.000015e+002
3.506000 3.000015e+002
3.508000 3.000015e+002
3.510000 3.000015e+002
3.512000 3.000014e+002
3.514000 3.000014e+002
3.516000 3.000014e+002
3.518000 3.000014e+002
3.520000 3.000013e+002
3.522000 3.000013e+002
3.524000 3.000013e+002
3.526000 3.000013e+002
3.528000 3.000012e+002
3.530000 3.000012e+002
3.532000 3.000012e+002
3.534000 3.000012e+002
3.536000 3.000011e+002
3.538000 3.000011e+002
3.540000 3.000011e+002
3.542000 3.000011e+002
3.544000 3.000011e+002
3.546000 3.000010e+002
3.548000 3.000010e+002
3.550000 3.000010e+002
3.552000 3.000010e+002
3.554000 3.000010e+002
3.556000 3.000009e+002
3.558000 3.000009e+002
3.560000 3.000009e+002
3.562000 3.000009e+002
3.564000 3.000009e+002
3.566000 3.000009e+002
3.568000 3.000008e+002
3.570000 3.000008e+002
3.572000 3.000008e+002
3.574000 3.000008e+002
3.576000 3.000008e+002
3.578000 3.000008e+002
3.580000 3.000008e+002
3.582000 3.000007e+002
3.584000 3.000007e+002
3.586000 3.000007e+002
3.588000 3.000007e+002
3.590000 3.000007e+002
3.592000 3.000007e+002
3.594000 3.000007e+002
3.596000 3.000007e+002
3.598000 3.000006e+002
3.600000 3.000006e+002
3.602000 3.000006e+002
3.604000 3.000006e+002
3.606000 3.000006e+002
3.608000 3.000006e+002
3.610000 3.000006e+002
3.612000 3.000006e+002
3.614000 3.000005e+002
3.616000 3.000005e+002
3.618000 3.000005e+002
3.620000 3.000005e+002
3.622000 3.000005e+002
3.624000 3.000005e+002
3.626000 3.000005e+002
3.628000 3.000005e+002
3.630000 3.000005e+002
3.632000 3.000005e+002
3.634000 3.000005e+002
3.636000 3.000004e+002
3.638000 3.000004e+002
3.640000 3.000004e+002
3.642000 3.000004e+002
3.644000 3.000004e+002
3.646000 3.000004e+002
3.648000 3.000004e+002
3.650000 3.000004e+002
3.652000 3.000004e+002
3.654000 3.000004e+002
3.656000 3.000004e+002
3.658000 3.000004e+002
3.660000 3.000004e+002
3.662000 3.000003e+002
3.664000 3.000003e+002
3.666000 3.000003e+002
3.668000 3.000003e+002
3.670000 3.000003e+002
3.672000 3.000003e+002
3.674000 3.000003e+002
3.676000 3.000003e+002
3.678000 3.000003e+002
3.680000 3.000003e+002
3.682000 3.000003e+002
3.684000 3.000003e+002
3.686000 3.000003e+002
3.688000 3.000003e+002
3.690000 3.000003e+002
3.692000 3.000003e+002
3.694000 3.000003e+002
3.696000 3.000002e+002
3.698000 3.000002e+002
3.700000 3.000002e+002
3.702000 3.000002e+002
3.704000 3.000002e+002
3.706000 3.000002e+002
3.708000 3.000002e+002
3.710000 3.000002e+002
3.712000 3.000002e+002
3.714000 3.000002e+002
3.716000 3.000002e+002
3.718000 3.000002e+002
3.720000 3.000002e+002
3.722000 3.000002e+002
3.724000 3.000002e+002
3.726000 3.000002e+002
3.728000 3.000002e+002
3.730000 3.000002e+002
3.732000 3.000002e+002
3.734000 3.000002e+002
3.736000 3.000002e+002
3.738000 3.000002e+002
3.740000 3.000002e+002
3.742000 3.000002e+002
3.744000 3.000002e+002
3.746000 3.000002e+002
3.748000 3.000001e+002
3.750000 3.000001e+002
3.752000 3.000001e+002
3.754000 3.000001e+002
3.756000 3.000001e+002
3.758000 3.000001e+002
3.760000 3.000001e+002
3.762000 3.000001e+002
3.764000 3.000001e+002
3.766000 3.000001e+002
3.768000 3.000001e+002
3.770000 3.000001e+002
3.772000 3.000001e+002
3.774000 3.000001e+002
3.776000 3.000001e+002
3.778000 3.000001e+002
3.780000 3.000001e+002
3.782000 3.000001e+002
3.784000 3.000001e+002
3.786000 3.000001e+002
3.788000 3.000001e+002
3.790000 3.000001e+002
3.792000 3.000001e+002
3.794000 3.000001e+002
3.796000 3.000001e+002
3.798000 3.000001e+002
3.800000 3.000001e+002
3.802000 3.000001e+002
3.804000 3.000001e+002
3.806000 3.000001e+002
3.808000 3.000001e+002
3.810000 3.000001e+002
3.812000 3.000001e+002
3.814000 3.000001e+002
3.816000 3.000001e+002
3.818000 3.000001e+002
3.820000 3.000001e+002
3.822000 3.000001e+002
3.824000 3.000001e+002
3.826000 3.000001e+002
3.828000 3.000001e+002
3.830000 3.000001e+002
3.832000 3.000001e+002
3.834000 3.000001e+002
3.836000 3.000001e+002
3.838000 3.000001e+002
3.840000 3.000001e+002
3.842000 3.000001e+002
3.844000 3.000001e+002
3.846000 3.000001e+002
3.848000 3.000001e+002
3.850000 3.000001e+002
3.852000 3.000001e+002
3.854000 3.000001e+002
3.856000 3.000001e+002
3.858000 3.000001e+002
3.860000 3.000000e+002
3.862000 3.000000e+002
3.864000 3.000000e+002
3.866000 3.000000e+002
3.868000 3.000000e+002
3.870000 3.000000e+002
3.872000 3.000000e+002
3.874000 3.000000e+002
3.876000 3.000000e+002
3.878000 3.000000e+002
3.880000 3.000000e+002
3.882000 3.000000e+002
3.884000 3.000000e+002
3.886000 3.000000e+002
3.888000 3.000000e+002
3.890000 3.000000e+002
3.892000 3.000000e+002
3.894000 3.000000e+002
3.896000 3.000000e+002
3.898000 3.000000e+002
3.900000 3.000000e+002
3.902000 3.000000e+002
3.904000 3.000000e+002
3.906000 3.000000e+002
3.908000 3.000000e+002
3.910000 3.000000e+002
3.912000 3.000000e+002
3.914000 3.000000e+002
3.916000 3.000000e+002
3.918000 3.000000e+002
3.920000 3.000000e+002
3.922000 3.000000e+002
3.924000 3.000000e+002
3.926000 3.000000e+002
3.928000 3.000000e+002
3.930000 3.000000e+002
3.932000 3.000000e+002
3.934000 3.000000e+002
3.936000 3.000000e+002
3.938000 3.000000e+002
3.940000 3.000000e+002
3.942000 3.000000e+002
3.944000 3.000000e+002
3.946000 3.000000e+002
3.948000 3.000000e+002
3.950000 3.000000e+002
3.952000 3.000000e+002
3.954000 3.000000e+002
3.956000 3.000000e+002
3.958000 3.000000e+002
3.960000 3.000000e+002
3.962000 3.000000e+002
3.964000 3.000000e+002
3.966000 3.000000e+002
3.968000 3.000000e+002
3.970000 3.000000e+002
3.972000 3.000000e+002
3.974000 3.000000e+002
3.976000 3.000000e+002
3.978000 3.000000e+002
3.980000 3.000000e+002
3.982000 3.000000e+002
3.984000 3.000000e+002
3.986000 3.000000e+002
3.988000 3.000000e+002
3.990000 3.000000e+002
3.992000 3.000000e+002
3.994000 3.000000e+002
3.996000 3.000000e+002
3.998000 3.000000e+002
