0.000000 3.089184e+002
0.002000 3.098948e+002
0.004000 3.108710e+002
0.006000 3.118471e+002
0.008000 3.128231e+002
0.010000 3.137989e+002
0.012000 3.147745e+002
0.014000 3.157500e+002
0.016000 3.167253e+002
0.018000 3.177004e+002
0.020000 3.186753e+002
0.022000 3.196499e+002
0.024000 3.206244e+002
0.026000 3.215986e+002
0.028000 3.225725e+002
0.030000 3.235462e+002
0.032000 3.245196e+002
0.034000 3.254927e+002
0.036000 3.264655e+002
0.038000 3.274380e+002
0.040000 3.284102e+002
0.042000 3.293820e+002
0.044000 3.303535e+002
0.046000 3.313247e+002
0.048000 3.322955e+002
0.050000 3.332659e+002
0.052000 3.342359e+002
0.054000 3.352055e+002
0.056000 3.361746e+002
0.058000 3.371434e+002
0.060000 3.381117e+002
0.062000 3.390796e+002
0.064000 3.400470e+002
0.066000 3.410140e+002
0.068000 3.419804e+002
0.070000 3.429464e+002
0.072000 3.439119e+002
0.074000 3.448768e+002
0.076000 3.458412e+002
0.078000 3.468051e+002
0.080000 3.477685e+002
0.082000 3.487312e+002
0.084000 3.496935e+002
0.086000 3.506551e+002
0.088000 3.516161e+002
0.090000 3.525765e+002
0.092000 3.535363e+002
0.094000 3.544955e+002
0.096000 3.554540e+002
0.098000 3.564119e+002
0.100000 3.573691e+002
0.102000 3.583257e+002
0.104000 3.592816e+002
0.106000 3.602367e+002
0.108000 3.611912e+002
0.110000 3.621449e+002
0.112000 3.630980e+002
0.114000 3.640503e+002
0.116000 3.650018e+002
0.118000 3.659526e+002
0.120000 3.669026e+002
0.122000 3.678518e+002
0.124000 3.688002e+002
0.126000 3.697478e+002
0.128000 3.706946e+002
0.130000 3.716406e+002
0.132000 3.725857e+002
0.134000 3.735300e+002
0.136000 3.744734e+002
0.138000 3.754160e+002
0.140000 3.763577e+002
0.142000 3.772984e+002
0.144000 3.782383e+002
0.146000 3.791773e+002
0.148000 3.801153e+002
0.150000 3.810524e+002
0.152000 3.819886e+002
0.154000 3.829238e+002
0.156000 3.838580e+002
0.158000 3.847913e+002
0.160000 3.857235e+002
0.162000 3.866548e+002
0.164000 3.875851e+002
0.166000 3.885143e+002
0.168000 3.894425e+002
0.170000 3.903697e+002
0.172000 3.912958e+002
0.174000 3.922208e+002
0.176000 3.931448e+002
0.178000 3.940677e+002
0.180000 3.949895e+002
0.182000 3.959102e+002
0.184000 3.968297e+002
0.186000 3.977482e+002
0.188000 3.986655e+002
0.190000 3.995817e+002
0.192000 4.004967e+002
0.194000 4.014105e+002
0.196000 4.023232e+002
0.198000 4.032346e+002
0.200000 4.041449e+002
0.202000 4.050540e+002
0.204000 4.059618e+002
0.206000 4.068685e+002
0.208000 4.077738e+002
0.210000 4.086780e+002
0.212000 4.095809e+002
0.214000 4.104825e+002
0.216000 4.113828e+002
0.218000 4.122818e+002
0.220000 4.131796e+002
0.222000 4.140760e+002
0.224000 4.149711e+002
0.226000 4.158649e+002
0.228000 4.167573e+002
0.230000 4.176484e+002
0.232000 4.185381e+002
0.234000 4.194265e+002
0.236000 4.203135e+002
0.238000 4.211991e+002
0.240000 4.220833e+002
0.242000 4.229661e+002
0.244000 4.238475e+002
0.246000 4.247274e+002
0.248000 4.256059e+002
0.250000 4.264830e+002
0.252000 4.273586e+002
0.254000 4.282327e+002
0.256000 4.291054e+002
0.258000 4.299766e+002
0.260000 4.308463e+002
0.262000 4.317145e+002
0.264000 4.325811e+002
0.266000 4.334463e+002
0.268000 4.343099e+002
0.270000 4.351720e+002
0.272000 4.360325e+002
0.274000 4.368915e+002
0.276000 4.377489e+002
0.278000 4.386047e+002
0.280000 4.394589e+002
0.282000 4.403116e+002
0.284000 4.411626e+002
0.286000 4.420120e+002
0.288000 4.428598e+002
0.290000 4.437060e+002
0.292000 4.445505e+002
0.294000 4.453934e+002
0.296000 4.462346e+002
0.298000 4.470741e+002
0.300000 4.479120e+002
0.302000 4.487482e+002
0.304000 4.495826e+002
0.306000 4.504154e+002
0.308000 4.512465e+002
0.310000 4.520758e+002
0.312000 4.529034e+002
0.314000 4.537293e+002
0.316000 4.545534e+002
0.318000 4.553758e+002
0.320000 4.561964e+002
0.322000 4.570153e+002
0.324000 4.578323e+002
0.326000 4.586476e+002
0.328000 4.594610e+002
0.330000 4.602727e+002
0.332000 4.610825e+002
0.334000 4.618906e+002
0.336000 4.626967e+002
0.338000 4.635011e+002
0.340000 4.643036e+002
0.342000 4.651042e+002
0.344000 4.659030e+002
0.346000 4.666999e+002
0.348000 4.674949e+002
0.350000 4.682881e+002
0.352000 4.690793e+002
0.354000 4.698686e+002
0.356000 4.706561e+002
0.358000 4.714416e+002
0.360000 4.722251e+002
0.362000 4.730068e+002
0.364000 4.737865e+002
0.366000 4.745642e+002
0.368000 4.753400e+002
0.370000 4.761138e+002
0.372000 4.768856e+002
0.374000 4.776555e+002
0.376000 4.784234e+002
0.378000 4.791892e+002
0.380000 4.799531e+002
0.382000 4.807149e+002
0.384000 4.814748e+002
0.386000 4.822326e+002
0.388000 4.829883e+002
0.390000 4.837421e+002
0.392000 4.844937e+002
0.394000 4.852434e+002
0.396000 4.859909e+002
0.398000 4.867364e+002
0.400000 4.874798e+002
0.402000 4.882211e+002
0.404000 4.889604e+002
0.406000 4.896975e+002
0.408000 4.904325e+002
0.410000 4.911654e+002
0.412000 4.918962e+002
0.414000 4.926249e+002
0.416000 4.933514e+002
0.418000 4.940758e+002
0.420000 4.947980e+002
0.422000 4.955181e+002
0.424000 4.962360e+002
0.426000 4.969518e+002
0.428000 4.976654e+002
0.430000 4.983768e+002
0.432000 4.990860e+002
0.434000 4.997930e+002
0.436000 5.004979e+002
0.438000 5.012005e+002
0.440000 5.019009e+002
0.442000 5.025991e+002
0.444000 5.032950e+002
0.446000 5.039888e+002
0.448000 5.046802e+002
0.450000 5.053695e+002
0.452000 5.060565e+002
0.454000 5.067412e+002
0.456000 5.074237e+002
0.458000 5.081039e+002
0.460000 5.087819e+002
0.462000 5.094575e+002
0.464000 5.101309e+002
0.466000 5.108020e+002
0.468000 5.114708e+002
0.470000 5.121373e+002
0.472000 5.128014e+002
0.474000 5.134633e+002
0.476000 5.141228e+002
0.478000 5.147800e+002
0.480000 5.154349e+002
0.482000 5.160875e+002
0.484000 5.167377e+002
0.486000 5.173855e+002
0.488000 5.180310e+002
0.490000 5.186742e+002
0.492000 5.193150e+002
0.494000 5.199534e+002
0.496000 5.205894e+002
0.498000 5.212231e+002
0.500000 5.218544e+002
0.502000 5.224833e+002
0.504000 5.231098e+002
0.506000 5.237339e+002
0.508000 5.243556e+002
0.510000 5.249748e+002
0.512000 5.255917e+002
0.514000 5.262062e+002
0.516000 5.268182e+002
0.518000 5.274278e+002
0.520000 5.280350e+002
0.522000 5.286397e+002
0.524000 5.292420e+002
0.526000 5.298418e+002
0.528000 5.304392e+002
0.530000 5.310342e+002
0.532000 5.316266e+002
0.534000 5.322167e+002
0.536000 5.328042e+002
0.538000 5.333893e+002
0.540000 5.339719e+002
0.542000 5.345520e+002
0.544000 5.351296e+002
0.546000 5.357048e+002
0.548000 5.362774e+002
0.550000 5.368476e+002
0.552000 5.374152e+002
0.554000 5.379803e+002
0.556000 5.385430e+002
0.558000 5.391031e+002
0.560000 5.396607e+002
0.562000 5.402158e+002
0.564000 5.407683e+002
0.566000 5.413184e+002
0.568000 5.418659e+002
0.570000 5.424108e+002
0.572000 5.429533e+002
0.574000 5.434931e+002
0.576000 5.440305e+002
0.578000 5.445652e+002
0.580000 5.450975e+002
0.582000 5.456272e+002
0.584000 5.461543e+002
0.586000 5.466788e+002
0.588000 5.472008e+002
0.590000 5.477202e+002
0.592000 5.482371e+002
0.594000 5.487513e+002
0.596000 5.492630e+002
0.598000 5.497722e+002
0.600000 5.502787e+002
0.602000 5.507826e+002
0.604000 5.512840e+002
0.606000 5.517827e+002
0.608000 5.522789e+002
0.610000 5.527725e+002
0.612000 5.532634e+002
0.614000 5.537518e+002
0.616000 5.542375e+002
0.618000 5.547207e+002
0.620000 5.552012e+002
0.622000 5.556791e+002
0.624000 5.561544e+002
0.626000 5.566271e+002
0.628000 5.570972e+002
0.630000 5.575646e+002
0.632000 5.580295e+002
0.634000 5.584916e+002
0.636000 5.589512e+002
0.638000 5.594081e+002
0.640000 5.598624e+002
0.642000 5.603141e+002
0.644000 5.607631e+002
0.646000 5.612095e+002
0.648000 5.616532e+002
0.650000 5.620943e+002
0.652000 5.625328e+002
0.654000 5.629686e+002
0.656000 5.634018e+002
0.658000 5.638323e+002
0.660000 5.642601e+002
0.662000 5.646853e+002
0.664000 5.651079e+002
0.666000 5.655278e+002
0.668000 5.659450e+002
0.670000 5.663596e+002
0.672000 5.667715e+002
0.674000 5.671807e+002
0.676000 5.675873e+002
0.678000 5.679913e+002
0.680000 5.683925e+002
0.682000 5.687911e+002
0.684000 5.691870e+002
0.686000 5.695803e+002
0.688000 5.699709e+002
0.690000 5.703588e+002
0.692000 5.707440e+002
0.694000 5.711266e+002
0.696000 5.715065e+002
0.698000 5.718837e+002
0.700000 5.722583e+002
0.702000 5.726301e+002
0.704000 5.729993e+002
0.706000 5.733659e+002
0.708000 5.737297e+002
0.710000 5.740909e+002
0.712000 5.744494e+002
0.714000 5.748052e+002
0.716000 5.751583e+002
0.718000 5.755087e+002
0.720000 5.758565e+002
0.722000 5.762016e+002
0.724000 5.765440e+002
0.726000 5.768837e+002
0.728000 5.772208e+002
0.730000 5.775551e+002
0.732000 5.778868e+002
0.734000 5.782158e+002
0.736000 5.785421e+002
0.738000 5.788657e+002
0.740000 5.791867e+002
0.742000 5.795050e+002
0.744000 5.798206e+002
0.746000 5.801335e+002
0.748000 5.804437e+002
0.750000 5.807513e+002
0.752000 5.810561e+002
0.754000 5.813583e+002
0.756000 5.816579e+002
0.758000 5.819547e+002
0.760000 5.822489e+002
0.762000 5.825403e+002
0.764000 5.828291e+002
0.766000 5.831153e+002
0.768000 5.833987e+002
0.770000 5.836795e+002
0.772000 5.839576e+002
0.774000 5.842330e+002
0.776000 5.845058e+002
0.778000 5.847759e+002
0.780000 5.850433e+002
0.782000 5.853081e+002
0.784000 5.855701e+002
0.786000 5.858295e+002
0.788000 5.860863e+002
0.790000 5.863404e+002
0.792000 5.865918e+002
0.794000 5.868406e+002
0.796000 5.870866e+002
0.798000 5.873301e+002
0.800000 5.875709e+002
0.802000 5.878090e+002
0.804000 5.880444e+002
0.806000 5.882772e+002
0.808000 5.885074e+002
0.810000 5.887349e+002
0.812000 5.889597e+002
0.814000 5.891819e+002
0.816000 5.894015e+002
0.818000 5.896184e+002
0.820000 5.898327e+002
0.822000 5.900443e+002
0.824000 5.902533e+002
0.826000 5.904596e+002
0.828000 5.906633e+002
0.830000 5.908644e+002
0.832000 5.910628e+002
0.834000 5.912587e+002
0.836000 5.914518e+002
0.838000 5.916424e+002
0.840000 5.918303e+002
0.842000 5.920156e+002
0.844000 5.921983e+002
0.846000 5.923784e+002
0.848000 5.925559e+002
0.850000 5.927307e+002
0.852000 5.929029e+002
0.854000 5.930726e+002
0.856000 5.932396e+002
0.858000 5.934040e+002
0.860000 5.935658e+002
0.862000 5.937250e+002
0.864000 5.938816e+002
0.866000 5.940357e+002
0.868000 5.941871e+002
0.870000 5.943360e+002
0.872000 5.944822e+002
0.874000 5.946259e+002
0.876000 5.947670e+002
0.878000 5.949055e+002
0.880000 5.950415e+002
0.882000 5.951748e+002
0.884000 5.953056e+002
0.886000 5.954339e+002
0.888000 5.955595e+002
0.890000 5.956827e+002
0.892000 5.958032e+002
0.894000 5.959212e+002
0.896000 5.960367e+002
0.898000 5.961496e+002
0.900000 5.962600e+002
0.902000 5.963678e+002
0.904000 5.964731e+002
0.906000 5.965758e+002
0.908000 5.966760e+002
0.910000 5.967737e+002
0.912000 5.968689e+002
0.914000 5.969615e+002
0.916000 5.970517e+002
0.918000 5.971393e+002
0.920000 5.972244e+002
0.922000 5.973070e+002
0.924000 5.973871e+002
0.926000 5.974647e+002
0.928000 5.975398e+002
0.930000 5.976124e+002
0.932000 5.976825e+002
0.934000 5.977501e+002
0.936000 5.978153e+002
0.938000 5.978780e+002
0.940000 5.979382e+002
0.942000 5.979959e+002
0.944000 5.980512e+002
0.946000 5.981040e+002
0.948000 5.981543e+002
0.950000 5.982022e+002
0.952000 5.982476e+002
0.954000 5.982906e+002
0.956000 5.983312e+002
0.958000 5.983693e+002
0.960000 5.984050e+002
0.962000 5.984382e+002
0.964000 5.984691e+002
0.966000 5.984975e+002
0.968000 5.985235e+002
0.970000 5.985471e+002
0.972000 5.985682e+002
0.974000 5.985870e+002
0.976000 5.986034e+002
0.978000 5.986173e+002
0.980000 5.986289e+002
0.982000 5.986381e+002
0.984000 5.986450e+002
0.986000 5.986494e+002
0.988000 5.986515e+002
0.990000 5.986512e+002
0.992000 5.986485e+002
0.994000 5.986435e+002
0.996000 5.986361e+002
0.998000 5.986264e+002
1.000000 5.986143e+002
1.002000 5.985999e+002
1.004000 5.985832e+002
1.006000 5.985641e+002
1.008000 5.985427e+002
1.010000 5.985190e+002
1.012000 5.984930e+002
1.014000 5.984647e+002
1.016000 5.984340e+002
1.018000 5.984011e+002
1.020000 5.983659e+002
1.022000 5.983283e+002
1.024000 5.982885e+002
1.026000 5.982464e+002
1.028000 5.982021e+002
1.030000 5.981554e+002
1.032000 5.981065e+002
1.034000 5.980554e+002
1.036000 5.980020e+002
1.038000 5.979463e+002
1.040000 5.978884e+002
1.042000 5.978282e+002
1.044000 5.977659e+002
1.046000 5.977013e+002
1.048000 5.976344e+002
1.050000 5.975654e+002
1.052000 5.974941e+002
1.054000 5.974207e+002
1.056000 5.973450e+002
1.058000 5.972672e+002
1.060000 5.971871e+002
1.062000 5.971049e+002
1.064000 5.970205e+002
1.066000 5.969339e+002
1.068000 5.968452e+002
1.070000 5.967542e+002
1.072000 5.966612e+002
1.074000 5.965660e+002
1.076000 5.964686e+002
1.078000 5.963691e+002
1.080000 5.962675e+002
1.082000 5.961637e+002
1.084000 5.960578e+002
1.086000 5.959498e+002
1.088000 5.958397e+002
1.090000 5.957275e+002
1.092000 5.956132e+002
1.094000 5.954968e+002
1.096000 5.953783e+002
1.098000 5.952577e+002
1.100000 5.951351e+002
1.102000 5.950104e+002
1.104000 5.948836e+002
1.106000 5.947547e+002
1.108000 5.946239e+002
1.110000 5.944909e+002
1.112000 5.943559e+002
1.114000 5.942189e+002
1.116000 5.940799e+002
1.118000 5.939389e+002
1.120000 5.937958e+002
1.122000 5.936507e+002
1.124000 5.935036e+002
1.126000 5.933546e+002
1.128000 5.932035e+002
1.130000 5.930505e+002
1.132000 5.928954e+002
1.134000 5.927384e+002
1.136000 5.925795e+002
1.138000 5.924186e+002
1.140000 5.922557e+002
1.142000 5.920909e+002
1.144000 5.919241e+002
1.146000 5.917554e+002
1.148000 5.915848e+002
1.150000 5.914123e+002
1.152000 5.912378e+002
1.154000 5.910615e+002
1.156000 5.908832e+002
1.158000 5.907031e+002
1.160000 5.905210e+002
1.162000 5.903371e+002
1.164000 5.901513e+002
1.166000 5.899636e+002
1.168000 5.897741e+002
1.170000 5.895827e+002
1.172000 5.893895e+002
1.174000 5.891944e+002
1.176000 5.889975e+002
1.178000 5.887987e+002
1.180000 5.885982e+002
1.182000 5.883958e+002
1.184000 5.881916e+002
1.186000 5.879856e+002
1.188000 5.877778e+002
1.190000 5.875682e+002
1.192000 5.873568e+002
1.194000 5.871437e+002
1.196000 5.869288e+002
1.198000 5.867121e+002
1.200000 5.864937e+002
1.202000 5.862735e+002
1.204000 5.860516e+002
1.206000 5.858279e+002
1.208000 5.856025e+002
1.210000 5.853754e+002
1.212000 5.851466e+002
1.214000 5.849160e+002
1.216000 5.846838e+002
1.218000 5.844499e+002
1.220000 5.842142e+002
1.222000 5.839769e+002
1.224000 5.837380e+002
1.226000 5.834973e+002
1.228000 5.832550e+002
1.230000 5.830111e+002
1.232000 5.827654e+002
1.234000 5.825182e+002
1.236000 5.822693e+002
1.238000 5.820188e+002
1.240000 5.817667e+002
1.242000 5.815129e+002
1.244000 5.812576e+002
1.246000 5.810007e+002
1.248000 5.807421e+002
1.250000 5.804820e+002
1.252000 5.802203e+002
1.254000 5.799570e+002
1.256000 5.796922e+002
1.258000 5.794258e+002
1.260000 5.791579e+002
1.262000 5.788884e+002
1.264000 5.786174e+002
1.266000 5.783449e+002
1.268000 5.780708e+002
1.270000 5.777952e+002
1.272000 5.775181e+002
1.274000 5.772395e+002
1.276000 5.769595e+002
1.278000 5.766779e+002
1.280000 5.763949e+002
1.282000 5.761103e+002
1.284000 5.758244e+002
1.286000 5.755369e+002
1.288000 5.752480e+002
1.290000 5.749577e+002
1.292000 5.746659e+002
1.294000 5.743727e+002
1.296000 5.740781e+002
1.298000 5.737821e+002
1.300000 5.734846e+002
1.302000 5.731858e+002
1.304000 5.728856e+002
1.306000 5.725839e+002
1.308000 5.722809e+002
1.310000 5.719766e+002
1.312000 5.716708e+002
1.314000 5.713637e+002
1.316000 5.710553e+002
1.318000 5.707455e+002
1.320000 5.704344e+002
1.322000 5.701219e+002
1.324000 5.698081e+002
1.326000 5.694930e+002
1.328000 5.691766e+002
1.330000 5.688589e+002
1.332000 5.685399e+002
1.334000 5.682196e+002
1.336000 5.678981e+002
1.338000 5.675753e+002
1.340000 5.672512e+002
1.342000 5.669258e+002
1.344000 5.665992e+002
1.346000 5.662714e+002
1.348000 5.659423e+002
1.350000 5.656120e+002
1.352000 5.652804e+002
1.354000 5.649477e+002
1.356000 5.646137e+002
1.358000 5.642786e+002
1.360000 5.639422e+002
1.362000 5.636047e+002
1.364000 5.632660e+002
1.366000 5.629261e+002
1.368000 5.625851e+002
1.370000 5.622429e+002
1.372000 5.618995e+002
1.374000 5.615550e+002
1.376000 5.612094e+002
1.378000 5.608626e+002
1.380000 5.605147e+002
1.382000 5.601658e+002
1.384000 5.598157e+002
1.386000 5.594645e+002
1.388000 5.591122e+002
1.390000 5.587588e+002
1.392000 5.584043e+002
1.394000 5.580488e+002
1.396000 5.576922e+002
1.398000 5.573346e+002
1.400000 5.569759e+002
1.402000 5.566162e+002
1.404000 5.562554e+002
1.406000 5.558936e+002
1.408000 5.555308e+002
1.410000 5.551670e+002
1.412000 5.548021e+002
1.414000 5.544363e+002
1.416000 5.540695e+002
1.418000 5.537016e+002
1.420000 5.533329e+002
1.422000 5.529631e+002
1.424000 5.525924e+002
1.426000 5.522207e+002
1.428000 5.518481e+002
1.430000 5.514745e+002
1.432000 5.511000e+002
1.434000 5.507246e+002
1.436000 5.503482e+002
1.438000 5.499709e+002
1.440000 5.495928e+002
1.442000 5.492137e+002
1.444000 5.488337e+002
1.446000 5.484529e+002
1.448000 5.480711e+002
1.450000 5.476885e+002
1.452000 5.473051e+002
1.454000 5.469207e+002
1.456000 5.465355e+002
1.458000 5.461495e+002
1.460000 5.457627e+002
1.462000 5.453750e+002
1.464000 5.449865e+002
1.466000 5.445972e+002
1.468000 5.442070e+002
1.470000 5.438161e+002
1.472000 5.434244e+002
1.474000 5.430319e+002
1.476000 5.426386e+002
1.478000 5.422445e+002
1.480000 5.418497e+002
1.482000 5.414541e+002
1.484000 5.410577e+002
1.486000 5.406606e+002
1.488000 5.402628e+002
1.490000 5.398642e+002
1.492000 5.394649e+002
1.494000 5.390649e+002
1.496000 5.386642e+002
1.498000 5.382628e+002
1.500000 5.378606e+002
1.502000 5.374578e+002
1.504000 5.370543e+002
1.506000 5.366502e+002
1.508000 5.362453e+002
1.510000 5.358398e+002
1.512000 5.354336e+002
1.514000 5.350268e+002
1.516000 5.346194e+002
1.518000 5.342113e+002
1.520000 5.338026e+002
1.522000 5.333932e+002
1.524000 5.329832e+002
1.526000 5.325727e+002
1.528000 5.321615e+002
1.530000 5.317497e+002
1.532000 5.313374e+002
1.534000 5.309244e+002
1.536000 5.305109e+002
1.538000 5.300968e+002
1.540000 5.296822e+002
1.542000 5.292669e+002
1.544000 5.288512e+002
1.546000 5.284349e+002
1.548000 5.280180e+002
1.550000 5.276007e+002
1.552000 5.271828e+002
1.554000 5.267644e+002
1.556000 5.263455e+002
1.558000 5.259260e+002
1.560000 5.255061e+002
1.562000 5.250857e+002
1.564000 5.246648e+002
1.566000 5.242435e+002
1.568000 5.238216e+002
1.570000 5.233993e+002
1.572000 5.229766e+002
1.574000 5.225534e+002
1.576000 5.221297e+002
1.578000 5.217056e+002
1.580000 5.212811e+002
1.582000 5.208561e+002
1.584000 5.204307e+002
1.586000 5.200050e+002
1.588000 5.195788e+002
1.590000 5.191522e+002
1.592000 5.187252e+002
1.594000 5.182978e+002
1.596000 5.178701e+002
1.598000 5.174419e+002
1.600000 5.170134e+002
1.602000 5.165846e+002
1.604000 5.161553e+002
1.606000 5.157258e+002
1.608000 5.152959e+002
1.610000 5.148656e+002
1.612000 5.144350e+002
1.614000 5.140041e+002
1.616000 5.135729e+002
1.618000 5.131414e+002
1.620000 5.127095e+002
1.622000 5.122774e+002
1.624000 5.118449e+002
1.626000 5.114122e+002
1.628000 5.109792e+002
1.630000 5.105459e+002
1.632000 5.101123e+002
1.634000 5.096785e+002
1.636000 5.092444e+002
1.638000 5.088101e+002
1.640000 5.083755e+002
1.642000 5.079407e+002
1.644000 5.075057e+002
1.646000 5.070704e+002
1.648000 5.066349e+002
1.650000 5.061992e+002
1.652000 5.057632e+002
1.654000 5.053271e+002
1.656000 5.048907e+002
1.658000 5.044542e+002
1.660000 5.040175e+002
1.662000 5.035806e+002
1.664000 5.031435e+002
1.666000 5.027063e+002
1.668000 5.022689e+002
1.670000 5.018313e+002
1.672000 5.013936e+002
1.674000 5.009557e+002
1.676000 5.005177e+002
1.678000 5.000796e+002
1.680000 4.996413e+002
1.682000 4.992029e+002
1.684000 4.987644e+002
1.686000 4.983258e+002
1.688000 4.978871e+002
1.690000 4.974482e+002
1.692000 4.970093e+002
1.694000 4.965703e+002
1.696000 4.961312e+002
1.698000 4.956920e+002
1.700000 4.952527e+002
1.702000 4.948134e+002
1.704000 4.943740e+002
1.706000 4.939345e+002
1.708000 4.934950e+002
1.710000 4.930555e+002
1.712000 4.926159e+002
1.714000 4.921763e+002
1.716000 4.917366e+002
1.718000 4.912969e+002
1.720000 4.908572e+002
1.722000 4.904175e+002
1.724000 4.899778e+002
1.726000 4.895381e+002
1.728000 4.890983e+002
1.730000 4.886586e+002
1.732000 4.882189e+002
1.734000 4.877792e+002
1.736000 4.873395e+002
1.738000 4.868999e+002
1.740000 4.864603e+002
1.742000 4.860207e+002
1.744000 4.855812e+002
1.746000 4.851417e+002
1.748000 4.847022e+002
1.750000 4.842629e+002
1.752000 4.838235e+002
1.754000 4.833843e+002
1.756000 4.829451e+002
1.758000 4.825060e+002
1.760000 4.820670e+002
1.762000 4.816281e+002
1.764000 4.811893e+002
1.766000 4.807505e+002
1.768000 4.803119e+002
1.770000 4.798734e+002
1.772000 4.794350e+002
1.774000 4.789967e+002
1.776000 4.785585e+002
1.778000 4.781204e+002
1.780000 4.776825e+002
1.782000 4.772447e+002
1.784000 4.768071e+002
1.786000 4.763696e+002
1.788000 4.759323e+002
1.790000 4.754951e+002
1.792000 4.750580e+002
1.794000 4.746212e+002
1.796000 4.741845e+002
1.798000 4.737480e+002
1.800000 4.733116e+002
1.802000 4.728755e+002
1.804000 4.724395e+002
1.806000 4.720037e+002
1.808000 4.715681e+002
1.810000 4.711327e+002
1.812000 4.706976e+002
1.814000 4.702626e+002
1.816000 4.698278e+002
1.818000 4.693933e+002
1.820000 4.689590e+002
1.822000 4.685249e+002
1.824000 4.680910e+002
1.826000 4.676574e+002
1.828000 4.672240e+002
1.830000 4.667909e+002
1.832000 4.663580e+002
1.834000 4.659254e+002
1.836000 4.654930e+002
1.838000 4.650609e+002
1.840000 4.646290e+002
1.842000 4.641975e+002
1.844000 4.637662e+002
1.846000 4.633351e+002
1.848000 4.629044e+002
1.850000 4.624739e+002
1.852000 4.620438e+002
1.854000 4.616139e+002
1.856000 4.611843e+002
1.858000 4.607551e+002
1.860000 4.603261e+002
1.862000 4.598975e+002
1.864000 4.594691e+002
1.866000 4.590411e+002
1.868000 4.586134e+002
1.870000 4.581860e+002
1.872000 4.577590e+002
1.874000 4.573323e+002
1.876000 4.569059e+002
1.878000 4.564799e+002
1.880000 4.560542e+002
1.882000 4.556289e+002
1.884000 4.552039e+002
1.886000 4.547793e+002
1.888000 4.543551e+002
1.890000 4.539312e+002
1.892000 4.535077e+002
1.894000 4.530845e+002
1.896000 4.526617e+002
1.898000 4.522393e+002
1.900000 4.518173e+002
1.902000 4.513957e+002
1.904000 4.509745e+002
1.906000 4.505536e+002
1.908000 4.501332e+002
1.910000 4.497131e+002
1.912000 4.492935e+002
1.914000 4.488743e+002
1.916000 4.484555e+002
1.918000 4.480370e+002
1.920000 4.476191e+002
1.922000 4.472015e+002
1.924000 4.467844e+002
1.926000 4.463676e+002
1.928000 4.459514e+002
1.930000 4.455355e+002
1.932000 4.451201e+002
1.934000 4.447051e+002
1.936000 4.442906e+002
1.938000 4.438766e+002
1.940000 4.434629e+002
1.942000 4.430498e+002
1.944000 4.426371e+002
1.946000 4.422248e+002
1.948000 4.418130e+002
1.950000 4.414017e+002
1.952000 4.409909e+002
1.954000 4.405805e+002
1.956000 4.401706e+002
1.958000 4.397612e+002
1.960000 4.393522e+002
1.962000 4.389438e+002
1.964000 4.385358e+002
1.966000 4.381284e+002
1.968000 4.377214e+002
1.970000 4.373149e+002
1.972000 4.369089e+002
1.974000 4.365034e+002
1.976000 4.360985e+002
1.978000 4.356940e+002
1.980000 4.352901e+002
1.982000 4.348866e+002
1.984000 4.344837e+002
1.986000 4.340813e+002
1.988000 4.336795e+002
1.990000 4.332781e+002
1.992000 4.328773e+002
1.994000 4.324770e+002
1.996000 4.320773e+002
1.998000 4.316780e+002
2.000000 4.312794e+002
2.002000 4.308812e+002
2.004000 4.304836e+002
2.006000 4.300866e+002
2.008000 4.296901e+002
2.010000 4.292942e+002
2.012000 4.288988e+002
2.014000 4.285039e+002
2.016000 4.281097e+002
2.018000 4.277160e+002
2.020000 4.273228e+002
2.022000 4.269302e+002
2.024000 4.265382e+002
2.026000 4.261468e+002
2.028000 4.257559e+002
2.030000 4.253656e+002
2.032000 4.249759e+002
2.034000 4.245868e+002
2.036000 4.241983e+002
2.038000 4.238103e+002
2.040000 4.234230e+002
2.042000 4.230362e+002
2.044000 4.226500e+002
2.046000 4.222644e+002
2.048000 4.218794e+002
2.050000 4.214950e+002
2.052000 4.211112e+002
2.054000 4.207281e+002
2.056000 4.203455e+002
2.058000 4.199635e+002
2.060000 4.195821e+002
2.062000 4.192014e+002
2.064000 4.188213e+002
2.066000 4.184417e+002
2.068000 4.180628e+002
2.070000 4.176845e+002
2.072000 4.173069e+002
2.074000 4.169299e+002
2.076000 4.165534e+002
2.078000 4.161777e+002
2.080000 4.158025e+002
2.082000 4.154280e+002
2.084000 4.150541e+002
2.086000 4.146809e+002
2.088000 4.143082e+002
2.090000 4.139363e+002
2.092000 4.135649e+002
2.094000 4.131942e+002
2.096000 4.128242e+002
2.098000 4.124548e+002
2.100000 4.120861e+002
2.102000 4.117179e+002
2.104000 4.113505e+002
2.106000 4.109837e+002
2.108000 4.106176e+002
2.110000 4.102521e+002
2.112000 4.098872e+002
2.114000 4.095231e+002
2.116000 4.091596e+002
2.118000 4.087967e+002
2.120000 4.084346e+002
2.122000 4.080730e+002
2.124000 4.077122e+002
2.126000 4.073520e+002
2.128000 4.069925e+002
2.130000 4.066337e+002
2.132000 4.062755e+002
2.134000 4.059180e+002
2.136000 4.055612e+002
2.138000 4.052051e+002
2.140000 4.048496e+002
2.142000 4.044949e+002
2.144000 4.041408e+002
2.146000 4.037874e+002
2.148000 4.034347e+002
2.150000 4.030826e+002
2.152000 4.027313e+002
2.154000 4.023806e+002
2.156000 4.020306e+002
2.158000 4.016814e+002
2.160000 4.013328e+002
2.162000 4.009849e+002
2.164000 4.006377e+002
2.166000 4.002912e+002
2.168000 3.999454e+002
2.170000 3.996003e+002
2.172000 3.992559e+002
2.174000 3.989121e+002
2.176000 3.985691e+002
2.178000 3.982268e+002
2.180000 3.978852e+002
2.182000 3.975443e+002
2.184000 3.972041e+002
2.186000 3.968647e+002
2.188000 3.965259e+002
2.190000 3.961878e+002
2.192000 3.958504e+002
2.194000 3.955138e+002
2.196000 3.951779e+002
2.198000 3.948426e+002
2.200000 3.945081e+002
2.202000 3.941743e+002
2.204000 3.938412e+002
2.206000 3.935089e+002
2.208000 3.931772e+002
2.210000 3.928463e+002
2.212000 3.925161e+002
2.214000 3.921866e+002
2.216000 3.918578e+002
2.218000 3.915298e+002
2.220000 3.912024e+002
2.222000 3.908758e+002
2.224000 3.905499e+002
2.226000 3.902248e+002
2.228000 3.899004e+002
2.230000 3.895766e+002
2.232000 3.892537e+002
2.234000 3.889314e+002
2.236000 3.886099e+002
2.238000 3.882891e+002
2.240000 3.879690e+002
2.242000 3.876496e+002
2.244000 3.873310e+002
2.246000 3.870131e+002
2.248000 3.866960e+002
2.250000 3.863796e+002
2.252000 3.860639e+002
2.254000 3.857489e+002
2.256000 3.854347e+002
2.258000 3.851212e+002
2.260000 3.848084e+002
2.262000 3.844964e+002
2.264000 3.841851e+002
2.266000 3.838745e+002
2.268000 3.835647e+002
2.270000 3.832556e+002
2.272000 3.829473e+002
2.274000 3.826397e+002
2.276000 3.823328e+002
2.278000 3.820267e+002
2.280000 3.817213e+002
2.282000 3.814166e+002
2.284000 3.811127e+002
2.286000 3.808095e+002
2.288000 3.805071e+002
2.290000 3.802053e+002
2.292000 3.799044e+002
2.294000 3.796042e+002
2.296000 3.793047e+002
2.298000 3.790059e+002
2.300000 3.787079e+002
2.302000 3.784107e+002
2.304000 3.781141e+002
2.306000 3.778183e+002
2.308000 3.775233e+002
2.310000 3.772290e+002
2.312000 3.769354e+002
2.314000 3.766426e+002
2.316000 3.763505e+002
2.318000 3.760592e+002
2.320000 3.757686e+002
2.322000 3.754788e+002
2.324000 3.751897e+002
2.326000 3.749013e+002
2.328000 3.746137e+002
2.330000 3.743268e+002
2.332000 3.740406e+002
2.334000 3.737552e+002
2.336000 3.734706e+002
2.338000 3.731867e+002
2.340000 3.729035e+002
2.342000 3.726211e+002
2.344000 3.723394e+002
2.346000 3.720584e+002
2.348000 3.717782e+002
2.350000 3.714988e+002
2.352000 3.712200e+002
2.354000 3.709421e+002
2.356000 3.706648e+002
2.358000 3.703883e+002
2.360000 3.701126e+002
2.362000 3.698375e+002
2.364000 3.695633e+002
2.366000 3.692897e+002
2.368000 3.690169e+002
2.370000 3.687449e+002
2.372000 3.684736e+002
2.374000 3.682030e+002
2.376000 3.679331e+002
2.378000 3.676640e+002
2.380000 3.673957e+002
2.382000 3.671281e+002
2.384000 3.668612e+002
2.386000 3.665950e+002
2.388000 3.663296e+002
2.390000 3.660650e+002
2.392000 3.658010e+002
2.394000 3.655378e+002
2.396000 3.652754e+002
2.398000 3.650136e+002
2.400000 3.647527e+002
2.402000 3.644924e+002
2.404000 3.642329e+002
2.406000 3.639741e+002
2.408000 3.637161e+002
2.410000 3.634587e+002
2.412000 3.632022e+002
2.414000 3.629463e+002
2.416000 3.626912e+002
2.418000 3.624368e+002
2.420000 3.621832e+002
2.422000 3.619302e+002
2.424000 3.616780e+002
2.426000 3.614266e+002
2.428000 3.611758e+002
2.430000 3.609258e+002
2.432000 3.606766e+002
2.434000 3.604280e+002
2.436000 3.601802e+002
2.438000 3.599331e+002
2.440000 3.596867e+002
2.442000 3.594411e+002
2.444000 3.591962e+002
2.446000 3.589520e+002
2.448000 3.587085e+002
2.450000 3.584658e+002
2.452000 3.582237e+002
2.454000 3.579824e+002
2.456000 3.577419e+002
2.458000 3.575020e+002
2.460000 3.572629e+002
2.462000 3.570245e+002
2.464000 3.567868e+002
2.466000 3.565498e+002
2.468000 3.563135e+002
2.470000 3.560780e+002
2.472000 3.558431e+002
2.474000 3.556090e+002
2.476000 3.553756e+002
2.478000 3.551429e+002
2.480000 3.549110e+002
2.482000 3.546797e+002
2.484000 3.544492e+002
2.486000 3.542193e+002
2.488000 3.539902e+002
2.490000 3.537618e+002
2.492000 3.535341e+002
2.494000 3.533071e+002
2.496000 3.530808e+002
2.498000 3.528552e+002
2.500000 3.526303e+002
2.502000 3.524062e+002
2.504000 3.521827e+002
2.506000 3.519599e+002
2.508000 3.517379e+002
2.510000 3.515165e+002
2.512000 3.512958e+002
2.514000 3.510759e+002
2.516000 3.508566e+002
2.518000 3.506380e+002
2.520000 3.504202e+002
2.522000 3.502030e+002
2.524000 3.499865e+002
2.526000 3.497707e+002
2.528000 3.495557e+002
2.530000 3.493413e+002
2.532000 3.491276e+002
2.534000 3.489146e+002
2.536000 3.487022e+002
2.538000 3.484906e+002
2.540000 3.482797e+002
2.542000 3.480694e+002
2.544000 3.478598e+002
2.546000 3.476509e+002
2.548000 3.474427e+002
2.550000 3.472352e+002
2.552000 3.470284e+002
2.554000 3.468222e+002
2.556000 3.466168e+002
2.558000 3.464120e+002
2.560000 3.462079e+002
2.562000 3.460044e+002
2.564000 3.458017e+002
2.566000 3.455996e+002
2.568000 3.453982e+002
2.570000 3.451974e+002
2.572000 3.449974e+002
2.574000 3.447980e+002
2.576000 3.445993e+002
2.578000 3.444012e+002
2.580000 3.442038e+002
2.582000 3.440071e+002
2.584000 3.438110e+002
2.586000 3.436157e+002
2.588000 3.434209e+002
2.590000 3.432269e+002
2.592000 3.430335e+002
2.594000 3.428407e+002
2.596000 3.426487e+002
2.598000 3.424572e+002
2.600000 3.422665e+002
2.602000 3.420764e+002
2.604000 3.418869e+002
2.606000 3.416981e+002
2.608000 3.415100e+002
2.610000 3.413225e+002
2.612000 3.411357e+002
2.614000 3.409495e+002
2.616000 3.407639e+002
2.618000 3.405790e+002
2.620000 3.403948e+002
2.622000 3.402112e+002
2.624000 3.400282e+002
2.626000 3.398459e+002
2.628000 3.396642e+002
2.630000 3.394832e+002
2.632000 3.393028e+002
2.634000 3.391230e+002
2.636000 3.389439e+002
2.638000 3.387654e+002
2.640000 3.385876e+002
2.642000 3.384104e+002
2.644000 3.382338e+002
2.646000 3.380578e+002
2.648000 3.378825e+002
2.650000 3.377078e+002
2.652000 3.375337e+002
2.654000 3.373603e+002
2.656000 3.371874e+002
2.658000 3.370153e+002
2.660000 3.368437e+002
2.662000 3.366727e+002
2.664000 3.365024e+002
2.666000 3.363327e+002
2.668000 3.361636e+002
2.670000 3.359951e+002
2.672000 3.358272e+002
2.674000 3.356600e+002
2.676000 3.354933e+002
2.678000 3.353273e+002
2.680000 3.351619e+002
2.682000 3.349971e+002
2.684000 3.348329e+002
2.686000 3.346693e+002
2.688000 3.345063e+002
2.690000 3.343439e+002
2.692000 3.341821e+002
2.694000 3.340209e+002
2.696000 3.338603e+002
2.698000 3.337003e+002
2.700000 3.335409e+002
2.702000 3.333821e+002
2.704000 3.332239e+002
2.706000 3.330663e+002
2.708000 3.329093e+002
2.710000 3.327529e+002
2.712000 3.325970e+002
2.714000 3.324418e+002
2.716000 3.322871e+002
2.718000 3.321330e+002
2.720000 3.319795e+002
2.722000 3.318266e+002
2.724000 3.316743e+002
2.726000 3.315225e+002
2.728000 3.313714e+002
2.730000 3.312208e+002
2.732000 3.310707e+002
2.734000 3.309213e+002
2.736000 3.307724e+002
2.738000 3.306241e+002
2.740000 3.304764e+002
2.742000 3.303292e+002
2.744000 3.301826e+002
2.746000 3.300366e+002
2.748000 3.298912e+002
2.750000 3.297463e+002
2.752000 3.296019e+002
2.754000 3.294582e+002
2.756000 3.293149e+002
2.758000 3.291723e+002
2.760000 3.290302e+002
2.762000 3.288887e+002
2.764000 3.287477e+002
2.766000 3.286072e+002
2.768000 3.284673e+002
2.770000 3.283280e+002
2.772000 3.281892e+002
2.774000 3.280510e+002
2.776000 3.279133e+002
2.778000 3.277762e+002
2.780000 3.276396e+002
2.782000 3.275035e+002
2.784000 3.273680e+002
2.786000 3.272330e+002
2.788000 3.270986e+002
2.790000 3.269647e+002
2.792000 3.268313e+002
2.794000 3.266985e+002
2.796000 3.265662e+002
2.798000 3.264344e+002
2.800000 3.263032e+002
2.802000 3.261724e+002
2.804000 3.260423e+002
2.806000 3.259126e+002
2.808000 3.257835e+002
2.810000 3.256548e+002
2.812000 3.255268e+002
2.814000 3.253992e+002
2.816000 3.252721e+002
2.818000 3.251456e+002
2.820000 3.250196e+002
2.822000 3.248941e+002
2.824000 3.247691e+002
2.826000 3.246446e+002
2.828000 3.245206e+002
2.830000 3.243972e+002
2.832000 3.242742e+002
2.834000 3.241518e+002
2.836000 3.240298e+002
2.838000 3.239084e+002
2.840000 3.237875e+002
2.842000 3.236670e+002
2.844000 3.235471e+002
2.846000 3.234277e+002
2.848000 3.233087e+002
2.850000 3.231903e+002
2.852000 3.230723e+002
2.854000 3.229549e+002
2.856000 3.228379e+002
2.858000 3.227214e+002
2.860000 3.226054e+002
2.862000 3.224899e+002
2.864000 3.223749e+002
2.866000 3.222604e+002
2.868000 3.221463e+002
2.870000 3.220327e+002
2.872000 3.219197e+002
2.874000 3.218070e+002
2.876000 3.216949e+002
2.878000 3.215833e+002
2.880000 3.214721e+002
2.882000 3.213614e+002
2.884000 3.212511e+002
2.886000 3.211413e+002
2.888000 3.210320e+002
2.890000 3.209232e+002
2.892000 3.208148e+002
2.894000 3.207069e+002
2.896000 3.205995e+002
2.898000 3.204925e+002
2.900000 3.203860e+002
2.902000 3.202799e+002
2.904000 3.201743e+002
2.906000 3.200692e+002
2.908000 3.199645e+002
2.910000 3.198603e+002
2.912000 3.197565e+002
2.914000 3.196532e+002
2.916000 3.195503e+002
2.918000 3.194478e+002
2.920000 3.193459e+002
2.922000 3.192443e+002
2.924000 3.191432e+002
2.926000 3.190426e+002
2.928000 3.189423e+002
2.930000 3.188426e+002
2.932000 3.187432e+002
2.934000 3.186443e+002
2.936000 3.185459e+002
2.938000 3.184478e+002
2.940000 3.183502e+002
2.942000 3.182531e+002
2.944000 3.181564e+002
2.946000 3.180600e+002
2.948000 3.179642e+002
2.950000 3.178687e+002
2.952000 3.177737e+002
2.954000 3.176791e+002
2.956000 3.175849e+002
2.958000 3.174911e+002
2.960000 3.173978e+002
2.962000 3.173049e+002
2.964000 3.172124e+002
2.966000 3.171203e+002
2.968000 3.170286e+002
2.970000 3.169374e+002
2.972000 3.168465e+002
2.974000 3.167561e+002
2.976000 3.166660e+002
2.978000 3.165764e+002
2.980000 3.164872e+002
2.982000 3.163984e+002
2.984000 3.163099e+002
2.986000 3.162219e+002
2.988000 3.161343e+002
2.990000 3.160471e+002
2.992000 3.159603e+002
2.994000 3.158739e+002
2.996000 3.157879e+002
2.998000 3.157022e+002
3.000000 3.156170e+002
3.002000 3.155322e+002
3.004000 3.154477e+002
3.006000 3.153637e+002
3.008000 3.152800e+002
3.010000 3.151967e+002
3.012000 3.151138e+002
3.014000 3.150313e+002
3.016000 3.149491e+002
3.018000 3.148674e+002
3.020000 3.147860e+002
3.022000 3.147050e+002
3.024000 3.146244e+002
3.026000 3.145441e+002
3.028000 3.144642e+002
3.030000 3.143847e+002
3.032000 3.143056e+002
3.034000 3.142269e+002
3.036000 3.141485e+002
3.038000 3.140704e+002
3.040000 3.139928e+002
3.042000 3.139155e+002
3.044000 3.138386e+002
3.046000 3.137620e+002
3.048000 3.136858e+002
3.050000 3.136100e+002
3.052000 3.135345e+002
3.054000 3.134594e+002
3.056000 3.133846e+002
3.058000 3.133102e+002
3.060000 3.132361e+002
3.062000 3.131624e+002
3.064000 3.130891e+002
3.066000 3.130161e+002
3.068000 3.129434e+002
3.070000 3.128711e+002
3.072000 3.127991e+002
3.074000 3.127275e+002
3.076000 3.126562e+002
3.078000 3.125853e+002
3.080000 3.125147e+002
3.082000 3.124445e+002
3.084000 3.123746e+002
3.086000 3.123050e+002
3.088000 3.122358e+002
3.090000 3.121669e+002
3.092000 3.120983e+002
3.094000 3.120301e+002
3.096000 3.119622e+002
3.098000 3.118946e+002
3.100000 3.118273e+002
3.102000 3.117604e+002
3.104000 3.116938e+002
3.106000 3.116276e+002
3.108000 3.115616e+002
3.110000 3.114960e+002
3.112000 3.114307e+002
3.114000 3.113657e+002
3.116000 3.113011e+002
3.118000 3.112367e+002
3.120000 3.111727e+002
3.122000 3.111090e+002
3.124000 3.110456e+002
3.126000 3.109826e+002
3.128000 3.109198e+002
3.130000 3.108573e+002
3.132000 3.107952e+002
3.134000 3.107334e+002
3.136000 3.106718e+002
3.138000 3.106106e+002
3.140000 3.105497e+002
3.142000 3.104891e+002
3.144000 3.104288e+002
3.146000 3.103688e+002
3.148000 3.103090e+002
3.150000 3.102496e+002
3.152000 3.101905e+002
3.154000 3.101317e+002
3.156000 3.100732e+002
3.158000 3.100150e+002
3.160000 3.099570e+002
3.162000 3.098994e+002
3.164000 3.098421e+002
3.166000 3.097850e+002
3.168000 3.097282e+002
3.170000 3.096718e+002
3.172000 3.096156e+002
3.174000 3.095597e+002
3.176000 3.095040e+002
3.178000 3.094487e+002
3.180000 3.093937e+002
3.182000 3.093389e+002
3.184000 3.092844e+002
3.186000 3.092302e+002
3.188000 3.091762e+002
3.190000 3.091226e+002
3.192000 3.090692e+002
3.194000 3.090161e+002
3.196000 3.089632e+002
3.198000 3.089107e+002
3.200000 3.088584e+002
3.202000 3.088063e+002
3.204000 3.087546e+002
3.206000 3.087031e+002
3.208000 3.086519e+002
3.210000 3.086009e+002
3.212000 3.085502e+002
3.214000 3.084998e+002
3.216000 3.084496e+002
3.218000 3.083997e+002
3.220000 3.083501e+002
3.222000 3.083007e+002
3.224000 3.082516e+002
3.226000 3.082027e+002
3.228000 3.081541e+002
3.230000 3.081058e+002
3.232000 3.080577e+002
3.234000 3.080098e+002
3.236000 3.079622e+002
3.238000 3.079149e+002
3.240000 3.078678e+002
3.242000 3.078209e+002
3.244000 3.077743e+002
3.246000 3.077280e+002
3.248000 3.076819e+002
3.250000 3.076360e+002
3.252000 3.075904e+002
3.254000 3.075450e+002
3.256000 3.074999e+002
3.258000 3.074550e+002
3.260000 3.074104e+002
3.262000 3.073660e+002
3.264000 3.073218e+002
3.266000 3.072779e+002
3.268000 3.072342e+002
3.270000 3.071907e+002
3.272000 3.071475e+002
3.274000 3.071045e+002
3.276000 3.070617e+002
3.278000 3.070192e+002
3.280000 3.069769e+002
3.282000 3.069348e+002
3.284000 3.068929e+002
3.286000 3.068513e+002
3.288000 3.068099e+002
3.290000 3.067687e+002
3.292000 3.067278e+002
3.294000 3.066871e+002
3.296000 3.066466e+002
3.298000 3.066063e+002
3.300000 3.065662e+002
3.302000 3.065264e+002
3.304000 3.064868e+002
3.306000 3.064474e+002
3.308000 3.064082e+002
3.310000 3.063692e+002
3.312000 3.063305e+002
3.314000 3.062919e+002
3.316000 3.062536e+002
3.318000 3.062155e+002
3.320000 3.061776e+002
3.322000 3.061399e+002
3.324000 3.061024e+002
3.326000 3.060651e+002
3.328000 3.060280e+002
3.330000 3.059912e+002
3.332000 3.059545e+002
3.334000 3.059181e+002
3.336000 3.058818e+002
3.338000 3.058458e+002
3.340000 3.058099e+002
3.342000 3.057743e+002
3.344000 3.057389e+002
3.346000 3.057036e+002
3.348000 3.056686e+002
3.350000 3.056337e+002
3.352000 3.055991e+002
3.354000 3.055646e+002
3.356000 3.055304e+002
3.358000 3.054963e+002
3.360000 3.054624e+002
3.362000 3.054288e+002
3.364000 3.053953e+002
3.366000 3.053620e+002
3.368000 3.053289e+002
3.370000 3.052960e+002
3.372000 3.052632e+002
3.374000 3.052307e+002
3.376000 3.051984e+002
3.378000 3.051662e+002
3.380000 3.051342e+002
3.382000 3.051024e+002
3.384000 3.050708e+002
3.386000 3.050394e+002
3.388000 3.050081e+002
3.390000 3.049771e+002
3.392000 3.049462e+002
3.394000 3.049155e+002
3.396000 3.048849e+002
3.398000 3.048546e+002
3.400000 3.048244e+002
3.402000 3.047944e+002
3.404000 3.047646e+002
3.406000 3.047350e+002
3.408000 3.047055e+002
3.410000 3.046762e+002
3.412000 3.046471e+002
3.414000 3.046181e+002
3.416000 3.045893e+002
3.418000 3.045607e+002
3.420000 3.045323e+002
3.422000 3.045040e+002
3.424000 3.044759e+002
3.426000 3.044479e+002
3.428000 3.044202e+002
3.430000 3.043926e+002
3.432000 3.043651e+002
3.434000 3.043378e+002
3.436000 3.043107e+002
3.438000 3.042838e+002
3.440000 3.042570e+002
3.442000 3.042304e+002
3.444000 3.042039e+002
3.446000 3.041776e+002
3.448000 3.041514e+002
3.450000 3.041254e+002
3.452000 3.040996e+002
3.454000 3.040739e+002
3.456000 3.040484e+002
3.458000 3.040230e+002
3.460000 3.039978e+002
3.462000 3.039728e+002
3.464000 3.039479e+002
3.466000 3.039231e+002
3.468000 3.038985e+002
3.470000 3.038741e+002
3.472000 3.038498e+002
3.474000 3.038256e+002
3.476000 3.038016e+002
3.478000 3.037778e+002
3.480000 3.037541e+002
3.482000 3.037305e+002
3.484000 3.037071e+002
3.486000 3.036838e+002
3.488000 3.036607e+002
3.490000 3.036377e+002
3.492000 3.036149e+002
3.494000 3.035922e+002
3.496000 3.035697e+002
3.498000 3.035473e+002
3.500000 3.035250e+002
3.502000 3.035029e+002
3.504000 3.034809e+002
3.506000 3.034591e+002
3.508000 3.034374e+002
3.510000 3.034158e+002
3.512000 3.033944e+002
3.514000 3.033731e+002
3.516000 3.033520e+002
3.518000 3.033309e+002
3.520000 3.033101e+002
3.522000 3.032893e+002
3.524000 3.032687e+002
3.526000 3.032482e+002
3.528000 3.032279e+002
3.530000 3.032077e+002
3.532000 3.031876e+002
3.534000 3.031676e+002
3.536000 3.031478e+002
3.538000 3.031281e+002
3.540000 3.031085e+002
3.542000 3.030891e+002
3.544000 3.030698e+002
3.546000 3.030506e+002
3.548000 3.030316e+002
3.550000 3.030126e+002
3.552000 3.029938e+002
3.554000 3.029752e+002
3.556000 3.029566e+002
3.558000 3.029382e+002
3.560000 3.029199e+002
3.562000 3.029017e+002
3.564000 3.028836e+002
3.566000 3.028657e+002
3.568000 3.028479e+002
3.570000 3.028302e+002
3.572000 3.028126e+002
3.574000 3.027952e+002
3.576000 3.027778e+002
3.578000 3.027606e+002
3.580000 3.027435e+002
3.582000 3.027265e+002
3.584000 3.027097e+002
3.586000 3.026929e+002
3.588000 3.026763e+002
3.590000 3.026598e+002
3.592000 3.026434e+002
3.594000 3.026271e+002
3.596000 3.026109e+002
3.598000 3.025948e+002
3.600000 3.025789e+002
3.602000 3.025630e+002
3.604000 3.025473e+002
3.606000 3.025317e+002
3.608000 3.025162e+002
3.610000 3.025008e+002
3.612000 3.024855e+002
3.614000 3.024704e+002
3.616000 3.024553e+002
3.618000 3.024403e+002
3.620000 3.024255e+002
3.622000 3.024108e+002
3.624000 3.023961e+002
3.626000 3.023816e+002
3.628000 3.023672e+002
3.630000 3.023529e+002
3.632000 3.023387e+002
3.634000 3.023246e+002
3.636000 3.023106e+002
3.638000 3.022967e+002
3.640000 3.022829e+002
3.642000 3.022692e+002
3.644000 3.022556e+002
3.646000 3.022421e+002
3.648000 3.022287e+002
3.650000 3.022154e+002
3.652000 3.022023e+002
3.654000 3.021892e+002
3.656000 3.021762e+002
3.658000 3.021633e+002
3.660000 3.021505e+002
3.662000 3.021379e+002
3.664000 3.021253e+002
3.666000 3.021128e+002
3.668000 3.021004e+002
3.670000 3.020881e+002
3.672000 3.020759e+002
3.674000 3.020638e+002
3.676000 3.020518e+002
3.678000 3.020399e+002
3.680000 3.020281e+002
3.682000 3.020164e+002
3.684000 3.020047e+002
3.686000 3.019932e+002
3.688000 3.019818e+002
3.690000 3.019704e+002
3.692000 3.019592e+002
3.694000 3.019480e+002
3.696000 3.019370e+002
3.698000 3.019260e+002
3.700000 3.019151e+002
3.702000 3.019043e+002
3.704000 3.018936e+002
3.706000 3.018830e+002
3.708000 3.018725e+002
3.710000 3.018620e+002
3.712000 3.018517e+002
3.714000 3.018415e+002
3.716000 3.018313e+002
3.718000 3.018212e+002
3.720000 3.018112e+002
3.722000 3.018013e+002
3.724000 3.017915e+002
3.726000 3.017818e+002
3.728000 3.017721e+002
3.730000 3.017626e+002
3.732000 3.017531e+002
3.734000 3.017437e+002
3.736000 3.017344e+002
3.738000 3.017252e+002
3.740000 3.017161e+002
3.742000 3.017070e+002
3.744000 3.016981e+002
3.746000 3.016892e+002
3.748000 3.016804e+002
3.750000 3.016717e+002
3.752000 3.016631e+002
3.754000 3.016545e+002
3.756000 3.016461e+002
3.758000 3.016377e+002
3.760000 3.016294e+002
3.762000 3.016212e+002
3.764000 3.016130e+002
3.766000 3.016050e+002
3.768000 3.015970e+002
3.770000 3.015891e+002
3.772000 3.015813e+002
3.774000 3.015736e+002
3.776000 3.015659e+002
3.778000 3.015583e+002
3.780000 3.015508e+002
3.782000 3.015434e+002
3.784000 3.015361e+002
3.786000 3.015288e+002
3.788000 3.015216e+002
3.790000 3.015145e+002
3.792000 3.015075e+002
3.794000 3.015005e+002
3.796000 3.014936e+002
3.798000 3.014868e+002
3.800000 3.014801e+002
3.802000 3.014735e+002
3.804000 3.014669e+002
3.806000 3.014604e+002
3.808000 3.014540e+002
3.810000 3.014476e+002
3.812000 3.014414e+002
3.814000 3.014352e+002
3.816000 3.014290e+002
3.818000 3.014230e+002
3.820000 3.014170e+002
3.822000 3.014111e+002
3.824000 3.014053e+002
3.826000 3.013995e+002
3.828000 3.013939e+002
3.830000 3.013883e+002
3.832000 3.013827e+002
3.834000 3.013773e+002
3.836000 3.013719e+002
3.838000 3.013666e+002
3.840000 3.013613e+002
3.842000 3.013561e+002
3.844000 3.013510e+002
3.846000 3.013460e+002
3.848000 3.013411e+002
3.850000 3.013362e+002
3.852000 3.013314e+002
3.854000 3.013266e+002
3.856000 3.013219e+002
3.858000 3.013173e+002
3.860000 3.013128e+002
3.862000 3.013083e+002
3.864000 3.013040e+002
3.866000 3.012996e+002
3.868000 3.012954e+002
3.870000 3.012912e+002
3.872000 3.012871e+002
3.874000 3.012830e+002
3.876000 3.012791e+002
3.878000 3.012752e+002
3.880000 3.012713e+002
3.882000 3.012676e+002
3.884000 3.012639e+002
3.886000 3.012602e+002
3.888000 3.012567e+002
3.890000 3.012532e+002
3.892000 3.012497e+002
3.894000 3.012464e+002
3.896000 3.012431e+002
3.898000 3.012399e+002
3.900000 3.012367e+002
3.902000 3.012336e+002
3.904000 3.012306e+002
3.906000 3.012277e+002
3.908000 3.012248e+002
3.910000 3.012220e+002
3.912000 3.012192e+002
3.914000 3.012165e+002
3.916000 3.012139e+002
3.918000 3.012113e+002
3.920000 3.012089e+002
3.922000 3.012064e+002
3.924000 3.012041e+002
3.926000 3.012018e+002
3.928000 3.011996e+002
3.930000 3.011974e+002
3.932000 3.011953e+002
3.934000 3.011933e+002
3.936000 3.011914e+002
3.938000 3.011895e+002
3.940000 3.011877e+002
3.942000 3.011859e+002
3.944000 3.011842e+002
3.946000 3.011826e+002
3.948000 3.011810e+002
3.950000 3.011795e+002
3.952000 3.011781e+002
3.954000 3.011767e+002
3.956000 3.011754e+002
3.958000 3.011742e+002
3.960000 3.011730e+002
3.962000 3.011719e+002
3.964000 3.011709e+002
3.966000 3.011699e+002
3.968000 3.011690e+002
3.970000 3.011682e+002
3.972000 3.011674e+002
3.974000 3.011667e+002
3.976000 3.011660e+002
3.978000 3.011654e+002
3.980000 3.011649e+002
3.982000 3.011645e+002
3.984000 3.011641e+002
3.986000 3.011637e+002
3.988000 3.011635e+002
3.990000 3.011633e+002
3.992000 3.011632e+002
3.994000 3.011631e+002
3.996000 3.011631e+002
3.998000 3.000000e+002
