0.000000 3.239402e+002
0.002000 3.265786e+002
0.004000 3.292164e+002
0.006000 3.318536e+002
0.008000 3.344901e+002
0.010000 3.371258e+002
0.012000 3.397607e+002
0.014000 3.423947e+002
0.016000 3.450278e+002
0.018000 3.476599e+002
0.020000 3.502910e+002
0.022000 3.529209e+002
0.024000 3.555497e+002
0.026000 3.581773e+002
0.028000 3.608036e+002
0.030000 3.634285e+002
0.032000 3.660520e+002
0.034000 3.686741e+002
0.036000 3.712947e+002
0.038000 3.739137e+002
0.040000 3.765311e+002
0.042000 3.791468e+002
0.044000 3.817607e+002
0.046000 3.843728e+002
0.048000 3.869831e+002
0.050000 3.895915e+002
0.052000 3.921979e+002
0.054000 3.948022e+002
0.056000 3.974045e+002
0.058000 4.000046e+002
0.060000 4.026026e+002
0.062000 4.051982e+002
0.064000 4.077916e+002
0.066000 4.103826e+002
0.068000 4.129711e+002
0.070000 4.155572e+002
0.072000 4.181407e+002
0.074000 4.207216e+002
0.076000 4.232999e+002
0.078000 4.258754e+002
0.080000 4.284482e+002
0.082000 4.310182e+002
0.084000 4.335853e+002
0.086000 4.361494e+002
0.088000 4.387106e+002
0.090000 4.412687e+002
0.092000 4.438237e+002
0.094000 4.463755e+002
0.096000 4.489241e+002
0.098000 4.514695e+002
0.100000 4.540115e+002
0.102000 4.565502e+002
0.104000 4.590854e+002
0.106000 4.616171e+002
0.108000 4.641453e+002
0.110000 4.666699e+002
0.112000 4.691908e+002
0.114000 4.717081e+002
0.116000 4.742215e+002
0.118000 4.767312e+002
0.120000 4.792370e+002
0.122000 4.817389e+002
0.124000 4.842367e+002
0.126000 4.867306e+002
0.128000 4.892204e+002
0.130000 4.917060e+002
0.132000 4.941875e+002
0.134000 4.966647e+002
0.136000 4.991376e+002
0.138000 5.016062e+002
0.140000 5.040703e+002
0.142000 5.065300e+002
0.144000 5.089852e+002
0.146000 5.114359e+002
0.148000 5.138819e+002
0.150000 5.163233e+002
0.152000 5.187600e+002
0.154000 5.211919e+002
0.156000 5.236190e+002
0.158000 5.260413e+002
0.160000 5.284586e+002
0.162000 5.308710e+002
0.164000 5.332783e+002
0.166000 5.356806e+002
0.168000 5.380777e+002
0.170000 5.404697e+002
0.172000 5.428565e+002
0.174000 5.452380e+002
0.176000 5.476142e+002
0.178000 5.499850e+002
0.180000 5.523505e+002
0.182000 5.547104e+002
0.184000 5.570649e+002
0.186000 5.594137e+002
0.188000 5.617570e+002
0.190000 5.640947e+002
0.192000 5.664266e+002
0.194000 5.687527e+002
0.196000 5.710731e+002
0.198000 5.733876e+002
0.200000 5.756963e+002
0.202000 5.779990e+002
0.204000 5.802957e+002
0.206000 5.825864e+002
0.208000 5.848710e+002
0.210000 5.871494e+002
0.212000 5.894217e+002
0.214000 5.916878e+002
0.216000 5.939477e+002
0.218000 5.962012e+002
0.220000 5.984484e+002
0.222000 6.006891e+002
0.224000 6.029235e+002
0.226000 6.051513e+002
0.228000 6.073726e+002
0.230000 6.095874e+002
0.232000 6.117955e+002
0.234000 6.139970e+002
0.236000 6.161917e+002
0.238000 6.183798e+002
0.240000 6.205610e+002
0.242000 6.227354e+002
0.244000 6.249029e+002
0.246000 6.270636e+002
0.248000 6.292172e+002
0.250000 6.313639e+002
0.252000 6.335035e+002
0.254000 6.356360e+002
0.256000 6.377615e+002
0.258000 6.398797e+002
0.260000 6.419908e+002
0.262000 6.440946e+002
0.264000 6.461911e+002
0.266000 6.482803e+002
0.268000 6.503622e+002
0.270000 6.524366e+002
0.272000 6.545037e+002
0.274000 6.565632e+002
0.276000 6.586152e+002
0.278000 6.606597e+002
0.280000 6.626966e+002
0.282000 6.647258e+002
0.284000 6.667474e+002
0.286000 6.687613e+002
0.288000 6.707674e+002
0.290000 6.727658e+002
0.292000 6.747563e+002
0.294000 6.767391e+002
0.296000 6.787139e+002
0.298000 6.806808e+002
0.300000 6.826397e+002
0.302000 6.845907e+002
0.304000 6.865336e+002
0.306000 6.884685e+002
0.308000 6.903953e+002
0.310000 6.923139e+002
0.312000 6.942244e+002
0.314000 6.961267e+002
0.316000 6.980208e+002
0.318000 6.999067e+002
0.320000 7.017842e+002
0.322000 7.036534e+002
0.324000 7.055142e+002
0.326000 7.073667e+002
0.328000 7.092108e+002
0.330000 7.110464e+002
0.332000 7.128735e+002
0.334000 7.146921e+002
0.336000 7.165022e+002
0.338000 7.183037e+002
0.340000 7.200966e+002
0.342000 7.218808e+002
0.344000 7.236565e+002
0.346000 7.254234e+002
0.348000 7.271816e+002
0.350000 7.289311e+002
0.352000 7.306718e+002
0.354000 7.324037e+002
0.356000 7.341267e+002
0.358000 7.358410e+002
0.360000 7.375463e+002
0.362000 7.392427e+002
0.364000 7.409302e+002
0.366000 7.426088e+002
0.368000 7.442783e+002
0.370000 7.459389e+002
0.372000 7.475904e+002
0.374000 7.492328e+002
0.376000 7.508662e+002
0.378000 7.524905e+002
0.380000 7.541056e+002
0.382000 7.557116e+002
0.384000 7.573084e+002
0.386000 7.588960e+002
0.388000 7.604743e+002
0.390000 7.620435e+002
0.392000 7.636033e+002
0.394000 7.651539e+002
0.396000 7.666952e+002
0.398000 7.682271e+002
0.400000 7.697497e+002
0.402000 7.712629e+002
0.404000 7.727667e+002
0.406000 7.742611e+002
0.408000 7.757460e+002
0.410000 7.772216e+002
0.412000 7.786876e+002
0.414000 7.801441e+002
0.416000 7.815912e+002
0.418000 7.830287e+002
0.420000 7.844567e+002
0.422000 7.858751e+002
0.424000 7.872839e+002
0.426000 7.886831e+002
0.428000 7.900728e+002
0.430000 7.914527e+002
0.432000 7.928231e+002
0.434000 7.941838e+002
0.436000 7.955348e+002
0.438000 7.968761e+002
0.440000 7.982077e+002
0.442000 7.995296e+002
0.444000 8.008418e+002
0.446000 8.021442e+002
0.448000 8.034369e+002
0.450000 8.047197e+002
0.452000 8.059928e+002
0.454000 8.072561e+002
0.456000 8.085096e+002
0.458000 8.097533e+002
0.460000 8.109871e+002
0.462000 8.122110e+002
0.464000 8.134252e+002
0.466000 8.146294e+002
0.468000 8.158238e+002
0.470000 8.170082e+002
0.472000 8.181828e+002
0.474000 8.193475e+002
0.476000 8.205022e+002
0.478000 8.216471e+002
0.480000 8.227819e+002
0.482000 8.239069e+002
0.484000 8.250219e+002
0.486000 8.261269e+002
0.488000 8.272220e+002
0.490000 8.283071e+002
0.492000 8.293822e+002
0.494000 8.304473e+002
0.496000 8.315024e+002
0.498000 8.325475e+002
0.500000 8.335826e+002
0.502000 8.346078e+002
0.504000 8.356229e+002
0.506000 8.366279e+002
0.508000 8.376230e+002
0.510000 8.386080e+002
0.512000 8.395830e+002
0.514000 8.405479e+002
0.516000 8.415028e+002
0.518000 8.424477e+002
0.520000 8.433825e+002
0.522000 8.443073e+002
0.524000 8.452220e+002
0.526000 8.461267e+002
0.528000 8.470213e+002
0.530000 8.479059e+002
0.532000 8.487804e+002
0.534000 8.496449e+002
0.536000 8.504993e+002
0.538000 8.513436e+002
0.540000 8.521779e+002
0.542000 8.530022e+002
0.544000 8.538164e+002
0.546000 8.546205e+002
0.548000 8.554146e+002
0.550000 8.561986e+002
0.552000 8.569726e+002
0.554000 8.577366e+002
0.556000 8.584905e+002
0.558000 8.592344e+002
0.560000 8.599682e+002
0.562000 8.606920e+002
0.564000 8.614058e+002
0.566000 8.621096e+002
0.568000 8.628033e+002
0.570000 8.634870e+002
0.572000 8.641607e+002
0.574000 8.648245e+002
0.576000 8.654782e+002
0.578000 8.661219e+002
0.580000 8.667556e+002
0.582000 8.673794e+002
0.584000 8.679932e+002
0.586000 8.685970e+002
0.588000 8.691909e+002
0.590000 8.697748e+002
0.592000 8.703487e+002
0.594000 8.709128e+002
0.596000 8.714669e+002
0.598000 8.720110e+002
0.600000 8.725453e+002
0.602000 8.730697e+002
0.604000 8.735842e+002
0.606000 8.740888e+002
0.608000 8.745835e+002
0.610000 8.750684e+002
0.612000 8.755434e+002
0.614000 8.760086e+002
0.616000 8.764639e+002
0.618000 8.769094e+002
0.620000 8.773452e+002
0.622000 8.777711e+002
0.624000 8.781873e+002
0.626000 8.785936e+002
0.628000 8.789903e+002
0.630000 8.793772e+002
0.632000 8.797543e+002
0.634000 8.801217e+002
0.636000 8.804795e+002
0.638000 8.808275e+002
0.640000 8.811659e+002
0.642000 8.814946e+002
0.644000 8.818137e+002
0.646000 8.821231e+002
0.648000 8.824229e+002
0.650000 8.827131e+002
0.652000 8.829937e+002
0.654000 8.832648e+002
0.656000 8.835263e+002
0.658000 8.837783e+002
0.660000 8.840207e+002
0.662000 8.842536e+002
0.664000 8.844771e+002
0.666000 8.846911e+002
0.668000 8.848956e+002
0.670000 8.850907e+002
0.672000 8.852764e+002
0.674000 8.854527e+002
0.676000 8.856196e+002
0.678000 8.857772e+002
0.680000 8.859254e+002
0.682000 8.860643e+002
0.684000 8.861939e+002
0.686000 8.863142e+002
0.688000 8.864253e+002
0.690000 8.865271e+002
0.692000 8.866197e+002
0.694000 8.867031e+002
0.696000 8.867773e+002
0.698000 8.868423e+002
0.700000 8.868982e+002
0.702000 8.869450e+002
0.704000 8.869828e+002
0.706000 8.870114e+002
0.708000 8.870310e+002
0.710000 8.870415e+002
0.712000 8.870431e+002
0.714000 8.870356e+002
0.716000 8.870193e+002
0.718000 8.869939e+002
0.720000 8.869597e+002
0.722000 8.869166e+002
0.724000 8.868646e+002
0.726000 8.868037e+002
0.728000 8.867341e+002
0.730000 8.866557e+002
0.732000 8.865684e+002
0.734000 8.864725e+002
0.736000 8.863678e+002
0.738000 8.862545e+002
0.740000 8.861324e+002
0.742000 8.860018e+002
0.744000 8.858625e+002
0.746000 8.857146e+002
0.748000 8.855582e+002
0.750000 8.853932e+002
0.752000 8.852197e+002
0.754000 8.850377e+002
0.756000 8.848473e+002
0.758000 8.846485e+002
0.760000 8.844412e+002
0.762000 8.842256e+002
0.764000 8.840016e+002
0.766000 8.837693e+002
0.768000 8.835287e+002
0.770000 8.832798e+002
0.772000 8.830228e+002
0.774000 8.827575e+002
0.776000 8.824840e+002
0.778000 8.822024e+002
0.780000 8.819126e+002
0.782000 8.816148e+002
0.784000 8.813089e+002
0.786000 8.809950e+002
0.788000 8.806730e+002
0.790000 8.803431e+002
0.792000 8.800053e+002
0.794000 8.796595e+002
0.796000 8.793059e+002
0.798000 8.789444e+002
0.800000 8.785751e+002
0.802000 8.781980e+002
0.804000 8.778131e+002
0.806000 8.774205e+002
0.808000 8.770202e+002
0.810000 8.766123e+002
0.812000 8.761967e+002
0.814000 8.757735e+002
0.816000 8.753427e+002
0.818000 8.749044e+002
0.820000 8.744586e+002
0.822000 8.740053e+002
0.824000 8.735446e+002
0.826000 8.730765e+002
0.828000 8.726009e+002
0.830000 8.721181e+002
0.832000 8.716279e+002
0.834000 8.711304e+002
0.836000 8.706257e+002
0.838000 8.701138e+002
0.840000 8.695947e+002
0.842000 8.690685e+002
0.844000 8.685351e+002
0.846000 8.679947e+002
0.848000 8.674472e+002
0.850000 8.668927e+002
0.852000 8.663312e+002
0.854000 8.657628e+002
0.856000 8.651874e+002
0.858000 8.646052e+002
0.860000 8.640162e+002
0.862000 8.634203e+002
0.864000 8.628177e+002
0.866000 8.622083e+002
0.868000 8.615922e+002
0.870000 8.609695e+002
0.872000 8.603401e+002
0.874000 8.597041e+002
0.876000 8.590616e+002
0.878000 8.584125e+002
0.880000 8.577570e+002
0.882000 8.570949e+002
0.884000 8.564265e+002
0.886000 8.557517e+002
0.888000 8.550705e+002
0.890000 8.543830e+002
0.892000 8.536892e+002
0.894000 8.529892e+002
0.896000 8.522830e+002
0.898000 8.515706e+002
0.900000 8.508521e+002
0.902000 8.501275e+002
0.904000 8.493968e+002
0.906000 8.486601e+002
0.908000 8.479173e+002
0.910000 8.471687e+002
0.912000 8.464141e+002
0.914000 8.456537e+002
0.916000 8.448874e+002
0.918000 8.441153e+002
0.920000 8.433374e+002
0.922000 8.425538e+002
0.924000 8.417645e+002
0.926000 8.409695e+002
0.928000 8.401689e+002
0.930000 8.393628e+002
0.932000 8.385510e+002
0.934000 8.377338e+002
0.936000 8.369111e+002
0.938000 8.360830e+002
0.940000 8.352494e+002
0.942000 8.344105e+002
0.944000 8.335663e+002
0.946000 8.327168e+002
0.948000 8.318620e+002
0.950000 8.310021e+002
0.952000 8.301369e+002
0.954000 8.292666e+002
0.956000 8.283912e+002
0.958000 8.275108e+002
0.960000 8.266253e+002
0.962000 8.257349e+002
0.964000 8.248395e+002
0.966000 8.239391e+002
0.968000 8.230339e+002
0.970000 8.221239e+002
0.972000 8.212091e+002
0.974000 8.202895e+002
0.976000 8.193652e+002
0.978000 8.184362e+002
0.980000 8.175026e+002
0.982000 8.165643e+002
0.984000 8.156215e+002
0.986000 8.146742e+002
0.988000 8.137223e+002
0.990000 8.127660e+002
0.992000 8.118053e+002
0.994000 8.108402e+002
0.996000 8.098707e+002
0.998000 8.088970e+002
1.000000 8.079189e+002
1.002000 8.069367e+002
1.004000 8.059502e+002
1.006000 8.049596e+002
1.008000 8.039649e+002
1.010000 8.029661e+002
1.012000 8.019633e+002
1.014000 8.009565e+002
1.016000 7.999457e+002
1.018000 7.989309e+002
1.020000 7.979123e+002
1.022000 7.968898e+002
1.024000 7.958636e+002
1.026000 7.948335e+002
1.028000 7.937997e+002
1.030000 7.927622e+002
1.032000 7.917210e+002
1.034000 7.906762e+002
1.036000 7.896279e+002
1.038000 7.885759e+002
1.040000 7.875205e+002
1.042000 7.864616e+002
1.044000 7.853992e+002
1.046000 7.843335e+002
1.048000 7.832644e+002
1.050000 7.821920e+002
1.052000 7.811162e+002
1.054000 7.800373e+002
1.056000 7.789551e+002
1.058000 7.778697e+002
1.060000 7.767812e+002
1.062000 7.756896e+002
1.064000 7.745950e+002
1.066000 7.734973e+002
1.068000 7.723966e+002
1.070000 7.712930e+002
1.072000 7.701864e+002
1.074000 7.690770e+002
1.076000 7.679647e+002
1.078000 7.668496e+002
1.080000 7.657318e+002
1.082000 7.646112e+002
1.084000 7.634880e+002
1.086000 7.623620e+002
1.088000 7.612335e+002
1.090000 7.601024e+002
1.092000 7.589687e+002
1.094000 7.578325e+002
1.096000 7.566938e+002
1.098000 7.555527e+002
1.100000 7.544092e+002
1.102000 7.532633e+002
1.104000 7.521151e+002
1.106000 7.509646e+002
1.108000 7.498119e+002
1.110000 7.486569e+002
1.112000 7.474997e+002
1.114000 7.463404e+002
1.116000 7.451790e+002
1.118000 7.440154e+002
1.120000 7.428499e+002
1.122000 7.416823e+002
1.124000 7.405127e+002
1.126000 7.393412e+002
1.128000 7.381679e+002
1.130000 7.369926e+002
1.132000 7.358155e+002
1.134000 7.346366e+002
1.136000 7.334559e+002
1.138000 7.322735e+002
1.140000 7.310895e+002
1.142000 7.299037e+002
1.144000 7.287163e+002
1.146000 7.275274e+002
1.148000 7.263369e+002
1.150000 7.251448e+002
1.152000 7.239513e+002
1.154000 7.227563e+002
1.156000 7.215599e+002
1.158000 7.203621e+002
1.160000 7.191630e+002
1.162000 7.179625e+002
1.164000 7.167608e+002
1.166000 7.155578e+002
1.168000 7.143536e+002
1.170000 7.131482e+002
1.172000 7.119416e+002
1.174000 7.107339e+002
1.176000 7.095252e+002
1.178000 7.083154e+002
1.180000 7.071045e+002
1.182000 7.058927e+002
1.184000 7.046799e+002
1.186000 7.034662e+002
1.188000 7.022517e+002
1.190000 7.010362e+002
1.192000 6.998199e+002
1.194000 6.986029e+002
1.196000 6.973851e+002
1.198000 6.961665e+002
1.200000 6.949472e+002
1.202000 6.937273e+002
1.204000 6.925068e+002
1.206000 6.912856e+002
1.208000 6.900639e+002
1.210000 6.888416e+002
1.212000 6.876188e+002
1.214000 6.863956e+002
1.216000 6.851718e+002
1.218000 6.839477e+002
1.220000 6.827232e+002
1.222000 6.814983e+002
1.224000 6.802731e+002
1.226000 6.790476e+002
1.228000 6.778219e+002
1.230000 6.765959e+002
1.232000 6.753697e+002
1.234000 6.741433e+002
1.236000 6.729168e+002
1.238000 6.716901e+002
1.240000 6.704634e+002
1.242000 6.692366e+002
1.244000 6.680097e+002
1.246000 6.667829e+002
1.248000 6.655561e+002
1.250000 6.643294e+002
1.252000 6.631027e+002
1.254000 6.618762e+002
1.256000 6.606498e+002
1.258000 6.594235e+002
1.260000 6.581975e+002
1.262000 6.569717e+002
1.264000 6.557461e+002
1.266000 6.545209e+002
1.268000 6.532959e+002
1.270000 6.520713e+002
1.272000 6.508470e+002
1.274000 6.496231e+002
1.276000 6.483997e+002
1.278000 6.471767e+002
1.280000 6.459541e+002
1.282000 6.447321e+002
1.284000 6.435106e+002
1.286000 6.422896e+002
1.288000 6.410692e+002
1.290000 6.398494e+002
1.292000 6.386302e+002
1.294000 6.374117e+002
1.296000 6.361939e+002
1.298000 6.349768e+002
1.300000 6.337604e+002
1.302000 6.325448e+002
1.304000 6.313299e+002
1.306000 6.301159e+002
1.308000 6.289027e+002
1.310000 6.276903e+002
1.312000 6.264788e+002
1.314000 6.252682e+002
1.316000 6.240586e+002
1.318000 6.228499e+002
1.320000 6.216422e+002
1.322000 6.204355e+002
1.324000 6.192298e+002
1.326000 6.180251e+002
1.328000 6.168216e+002
1.330000 6.156191e+002
1.332000 6.144177e+002
1.334000 6.132175e+002
1.336000 6.120184e+002
1.338000 6.108206e+002
1.340000 6.096239e+002
1.342000 6.084285e+002
1.344000 6.072343e+002
1.346000 6.060414e+002
1.348000 6.048498e+002
1.350000 6.036595e+002
1.352000 6.024705e+002
1.354000 6.012829e+002
1.356000 6.000967e+002
1.358000 5.989119e+002
1.360000 5.977286e+002
1.362000 5.965466e+002
1.364000 5.953662e+002
1.366000 5.941872e+002
1.368000 5.930097e+002
1.370000 5.918338e+002
1.372000 5.906594e+002
1.374000 5.894866e+002
1.376000 5.883153e+002
1.378000 5.871457e+002
1.380000 5.859777e+002
1.382000 5.848113e+002
1.384000 5.836467e+002
1.386000 5.824837e+002
1.388000 5.813224e+002
1.390000 5.801628e+002
1.392000 5.790050e+002
1.394000 5.778489e+002
1.396000 5.766946e+002
1.398000 5.755421e+002
1.400000 5.743914e+002
1.402000 5.732426e+002
1.404000 5.720956e+002
1.406000 5.709504e+002
1.408000 5.698072e+002
1.410000 5.686659e+002
1.412000 5.675264e+002
1.414000 5.663890e+002
1.416000 5.652534e+002
1.418000 5.641199e+002
1.420000 5.629883e+002
1.422000 5.618587e+002
1.424000 5.607312e+002
1.426000 5.596057e+002
1.428000 5.584822e+002
1.430000 5.573609e+002
1.432000 5.562416e+002
1.434000 5.551244e+002
1.436000 5.540093e+002
1.438000 5.528963e+002
1.440000 5.517855e+002
1.442000 5.506769e+002
1.444000 5.495704e+002
1.446000 5.484661e+002
1.448000 5.473640e+002
1.450000 5.462642e+002
1.452000 5.451665e+002
1.454000 5.440712e+002
1.456000 5.429780e+002
1.458000 5.418872e+002
1.460000 5.407987e+002
1.462000 5.397124e+002
1.464000 5.386285e+002
1.466000 5.375469e+002
1.468000 5.364676e+002
1.470000 5.353907e+002
1.472000 5.343162e+002
1.474000 5.332440e+002
1.476000 5.321742e+002
1.478000 5.311069e+002
1.480000 5.300419e+002
1.482000 5.289794e+002
1.484000 5.279194e+002
1.486000 5.268618e+002
1.488000 5.258066e+002
1.490000 5.247539e+002
1.492000 5.237038e+002
1.494000 5.226561e+002
1.496000 5.216109e+002
1.498000 5.205682e+002
1.500000 5.195281e+002
1.502000 5.184906e+002
1.504000 5.174555e+002
1.506000 5.164231e+002
1.508000 5.153932e+002
1.510000 5.143659e+002
1.512000 5.133412e+002
1.514000 5.123191e+002
1.516000 5.112996e+002
1.518000 5.102828e+002
1.520000 5.092685e+002
1.522000 5.082569e+002
1.524000 5.072480e+002
1.526000 5.062417e+002
1.528000 5.052381e+002
1.530000 5.042372e+002
1.532000 5.032390e+002
1.534000 5.022434e+002
1.536000 5.012506e+002
1.538000 5.002605e+002
1.540000 4.992731e+002
1.542000 4.982884e+002
1.544000 4.973064e+002
1.546000 4.963272e+002
1.548000 4.953508e+002
1.550000 4.943771e+002
1.552000 4.934062e+002
1.554000 4.924380e+002
1.556000 4.914727e+002
1.558000 4.905101e+002
1.560000 4.895503e+002
1.562000 4.885933e+002
1.564000 4.876392e+002
1.566000 4.866878e+002
1.568000 4.857392e+002
1.570000 4.847935e+002
1.572000 4.838506e+002
1.574000 4.829106e+002
1.576000 4.819734e+002
1.578000 4.810390e+002
1.580000 4.801075e+002
1.582000 4.791789e+002
1.584000 4.782531e+002
1.586000 4.773302e+002
1.588000 4.764102e+002
1.590000 4.754930e+002
1.592000 4.745788e+002
1.594000 4.736674e+002
1.596000 4.727589e+002
1.598000 4.718534e+002
1.600000 4.709507e+002
1.602000 4.700509e+002
1.604000 4.691541e+002
1.606000 4.682601e+002
1.608000 4.673691e+002
1.610000 4.664810e+002
1.612000 4.655958e+002
1.614000 4.647136e+002
1.616000 4.638343e+002
1.618000 4.629579e+002
1.620000 4.620845e+002
1.622000 4.612140e+002
1.624000 4.603465e+002
1.626000 4.594819e+002
1.628000 4.586202e+002
1.630000 4.577616e+002
1.632000 4.569058e+002
1.634000 4.560531e+002
1.636000 4.552033e+002
1.638000 4.543564e+002
1.640000 4.535125e+002
1.642000 4.526716e+002
1.644000 4.518337e+002
1.646000 4.509987e+002
1.648000 4.501667e+002
1.650000 4.493377e+002
1.652000 4.485116e+002
1.654000 4.476886e+002
1.656000 4.468685e+002
1.658000 4.460514e+002
1.660000 4.452372e+002
1.662000 4.444261e+002
1.664000 4.436179e+002
1.666000 4.428127e+002
1.668000 4.420105e+002
1.670000 4.412113e+002
1.672000 4.404150e+002
1.674000 4.396218e+002
1.676000 4.388315e+002
1.678000 4.380442e+002
1.680000 4.372599e+002
1.682000 4.364786e+002
1.684000 4.357003e+002
1.686000 4.349249e+002
1.688000 4.341525e+002
1.690000 4.333831e+002
1.692000 4.326167e+002
1.694000 4.318533e+002
1.696000 4.310929e+002
1.698000 4.303354e+002
1.700000 4.295809e+002
1.702000 4.288294e+002
1.704000 4.280809e+002
1.706000 4.273353e+002
1.708000 4.265927e+002
1.710000 4.258531e+002
1.712000 4.251165e+002
1.714000 4.243828e+002
1.716000 4.236521e+002
1.718000 4.229244e+002
1.720000 4.221996e+002
1.722000 4.214778e+002
1.724000 4.207589e+002
1.726000 4.200430e+002
1.728000 4.193301e+002
1.730000 4.186201e+002
1.732000 4.179131e+002
1.734000 4.172090e+002
1.736000 4.165079e+002
1.738000 4.158097e+002
1.740000 4.151144e+002
1.742000 4.144221e+002
1.744000 4.137327e+002
1.746000 4.130463e+002
1.748000 4.123628e+002
1.750000 4.116822e+002
1.752000 4.110045e+002
1.754000 4.103297e+002
1.756000 4.096579e+002
1.758000 4.089890e+002
1.760000 4.083230e+002
1.762000 4.076599e+002
1.764000 4.069997e+002
1.766000 4.063424e+002
1.768000 4.056880e+002
1.770000 4.050365e+002
1.772000 4.043879e+002
1.774000 4.037421e+002
1.776000 4.030993e+002
1.778000 4.024593e+002
1.780000 4.018222e+002
1.782000 4.011879e+002
1.784000 4.005565e+002
1.786000 3.999280e+002
1.788000 3.993024e+002
1.790000 3.986795e+002
1.792000 3.980596e+002
1.794000 3.974424e+002
1.796000 3.968282e+002
1.798000 3.962167e+002
1.800000 3.956081e+002
1.802000 3.950022e+002
1.804000 3.943993e+002
1.806000 3.937991e+002
1.808000 3.932017e+002
1.810000 3.926071e+002
1.812000 3.920154e+002
1.814000 3.914264e+002
1.816000 3.908402e+002
1.818000 3.902568e+002
1.820000 3.896761e+002
1.822000 3.890983e+002
1.824000 3.885231e+002
1.826000 3.879508e+002
1.828000 3.873812e+002
1.830000 3.868144e+002
1.832000 3.862503e+002
1.834000 3.856889e+002
1.836000 3.851303e+002
1.838000 3.845744e+002
1.840000 3.840212e+002
1.842000 3.834707e+002
1.844000 3.829230e+002
1.846000 3.823779e+002
1.848000 3.818356e+002
1.850000 3.812959e+002
1.852000 3.807589e+002
1.854000 3.802246e+002
1.856000 3.796929e+002
1.858000 3.791640e+002
1.860000 3.786376e+002
1.862000 3.781140e+002
1.864000 3.775930e+002
1.866000 3.770746e+002
1.868000 3.765588e+002
1.870000 3.760457e+002
1.872000 3.755352e+002
1.874000 3.750273e+002
1.876000 3.745220e+002
1.878000 3.740193e+002
1.880000 3.735193e+002
1.882000 3.730218e+002
1.884000 3.725268e+002
1.886000 3.720345e+002
1.888000 3.715447e+002
1.890000 3.710575e+002
1.892000 3.705728e+002
1.894000 3.700907e+002
1.896000 3.696111e+002
1.898000 3.691340e+002
1.900000 3.686595e+002
1.902000 3.681874e+002
1.904000 3.677179e+002
1.906000 3.672509e+002
1.908000 3.667864e+002
1.910000 3.663244e+002
1.912000 3.658648e+002
1.914000 3.654077e+002
1.916000 3.649531e+002
1.918000 3.645010e+002
1.920000 3.640513e+002
1.922000 3.636040e+002
1.924000 3.631592e+002
1.926000 3.627168e+002
1.928000 3.622768e+002
1.930000 3.618393e+002
1.932000 3.614041e+002
1.934000 3.609714e+002
1.936000 3.605410e+002
1.938000 3.601131e+002
1.940000 3.596875e+002
1.942000 3.592642e+002
1.944000 3.588434e+002
1.946000 3.584248e+002
1.948000 3.580087e+002
1.950000 3.575948e+002
1.952000 3.571833e+002
1.954000 3.567741e+002
1.956000 3.563673e+002
1.958000 3.559627e+002
1.960000 3.555604e+002
1.962000 3.551605e+002
1.964000 3.547628e+002
1.966000 3.543674e+002
1.968000 3.539742e+002
1.970000 3.535833e+002
1.972000 3.531947e+002
1.974000 3.528083e+002
1.976000 3.524241e+002
1.978000 3.520422e+002
1.980000 3.516625e+002
1.982000 3.512850e+002
1.984000 3.509097e+002
1.986000 3.505366e+002
1.988000 3.501656e+002
1.990000 3.497969e+002
1.992000 3.494303e+002
1.994000 3.490659e+002
1.996000 3.487037e+002
1.998000 3.483436e+002
2.000000 3.479856e+002
2.002000 3.476298e+002
2.004000 3.472760e+002
2.006000 3.469244e+002
2.008000 3.465750e+002
2.010000 3.462276e+002
2.012000 3.458823e+002
2.014000 3.455390e+002
2.016000 3.451979e+002
2.018000 3.448588e+002
2.020000 3.445218e+002
2.022000 3.441868e+002
2.024000 3.438539e+002
2.026000 3.435230e+002
2.028000 3.431941e+002
2.030000 3.428672e+002
2.032000 3.425424e+002
2.034000 3.422195e+002
2.036000 3.418987e+002
2.038000 3.415798e+002
2.040000 3.412629e+002
2.042000 3.409479e+002
2.044000 3.406350e+002
2.046000 3.403239e+002
2.048000 3.400149e+002
2.050000 3.397077e+002
2.052000 3.394025e+002
2.054000 3.390992e+002
2.056000 3.387978e+002
2.058000 3.384983e+002
2.060000 3.382007e+002
2.062000 3.379050e+002
2.064000 3.376112e+002
2.066000 3.373192e+002
2.068000 3.370291e+002
2.070000 3.367408e+002
2.072000 3.364544e+002
2.074000 3.361698e+002
2.076000 3.358871e+002
2.078000 3.356062e+002
2.080000 3.353271e+002
2.082000 3.350497e+002
2.084000 3.347742e+002
2.086000 3.345005e+002
2.088000 3.342286e+002
2.090000 3.339584e+002
2.092000 3.336900e+002
2.094000 3.334233e+002
2.096000 3.331584e+002
2.098000 3.328952e+002
2.100000 3.326338e+002
2.102000 3.323741e+002
2.104000 3.321161e+002
2.106000 3.318598e+002
2.108000 3.316052e+002
2.110000 3.313522e+002
2.112000 3.311010e+002
2.114000 3.308515e+002
2.116000 3.306036e+002
2.118000 3.303573e+002
2.120000 3.301128e+002
2.122000 3.298698e+002
2.124000 3.296285e+002
2.126000 3.293888e+002
2.128000 3.291508e+002
2.130000 3.289143e+002
2.132000 3.286795e+002
2.134000 3.284462e+002
2.136000 3.282146e+002
2.138000 3.279845e+002
2.140000 3.277560e+002
2.142000 3.275290e+002
2.144000 3.273036e+002
2.146000 3.270798e+002
2.148000 3.268575e+002
2.150000 3.266367e+002
2.152000 3.264174e+002
2.154000 3.261997e+002
2.156000 3.259835e+002
2.158000 3.257687e+002
2.160000 3.255555e+002
2.162000 3.253437e+002
2.164000 3.251335e+002
2.166000 3.249247e+002
2.168000 3.247173e+002
2.170000 3.245114e+002
2.172000 3.243070e+002
2.174000 3.241040e+002
2.176000 3.239024e+002
2.178000 3.237023e+002
2.180000 3.235036e+002
2.182000 3.233063e+002
2.184000 3.231103e+002
2.186000 3.229158e+002
2.188000 3.227227e+002
2.190000 3.225309e+002
2.192000 3.223405e+002
2.194000 3.221515e+002
2.196000 3.219639e+002
2.198000 3.217776e+002
2.200000 3.215926e+002
2.202000 3.214089e+002
2.204000 3.212266e+002
2.206000 3.210456e+002
2.208000 3.208660e+002
2.210000 3.206876e+002
2.212000 3.205105e+002
2.214000 3.203347e+002
2.216000 3.201602e+002
2.218000 3.199870e+002
2.220000 3.198151e+002
2.222000 3.196444e+002
2.224000 3.194749e+002
2.226000 3.193068e+002
2.228000 3.191398e+002
2.230000 3.189741e+002
2.232000 3.188096e+002
2.234000 3.186463e+002
2.236000 3.184843e+002
2.238000 3.183234e+002
2.240000 3.181638e+002
2.242000 3.180053e+002
2.244000 3.178481e+002
2.246000 3.176920e+002
2.248000 3.175371e+002
2.250000 3.173833e+002
2.252000 3.172307e+002
2.254000 3.170792e+002
2.256000 3.169289e+002
2.258000 3.167798e+002
2.260000 3.166317e+002
2.262000 3.164848e+002
2.264000 3.163390e+002
2.266000 3.161943e+002
2.268000 3.160507e+002
2.270000 3.159082e+002
2.272000 3.157668e+002
2.274000 3.156265e+002
2.276000 3.154873e+002
2.278000 3.153491e+002
2.280000 3.152120e+002
2.282000 3.150760e+002
2.284000 3.149410e+002
2.286000 3.148070e+002
2.288000 3.146741e+002
2.290000 3.145422e+002
2.292000 3.144113e+002
2.294000 3.142815e+002
2.296000 3.141527e+002
2.298000 3.140249e+002
2.300000 3.138980e+002
2.302000 3.137722e+002
2.304000 3.136474e+002
2.306000 3.135235e+002
2.308000 3.134006e+002
2.310000 3.132787e+002
2.312000 3.131578e+002
2.314000 3.130378e+002
2.316000 3.129188e+002
2.318000 3.128007e+002
2.320000 3.126835e+002
2.322000 3.125673e+002
2.324000 3.124520e+002
2.326000 3.123376e+002
2.328000 3.122241e+002
2.330000 3.121116e+002
2.332000 3.119999e+002
2.334000 3.118892e+002
2.336000 3.117793e+002
2.338000 3.116703e+002
2.340000 3.115622e+002
2.342000 3.114550e+002
2.344000 3.113486e+002
2.346000 3.112431e+002
2.348000 3.111385e+002
2.350000 3.110347e+002
2.352000 3.109318e+002
2.354000 3.108297e+002
2.356000 3.107284e+002
2.358000 3.106280e+002
2.360000 3.105283e+002
2.362000 3.104295e+002
2.364000 3.103316e+002
2.366000 3.102344e+002
2.368000 3.101380e+002
2.370000 3.100424e+002
2.372000 3.099476e+002
2.374000 3.098536e+002
2.376000 3.097604e+002
2.378000 3.096679e+002
2.380000 3.095762e+002
2.382000 3.094853e+002
2.384000 3.093952e+002
2.386000 3.093057e+002
2.388000 3.092171e+002
2.390000 3.091292e+002
2.392000 3.090420e+002
2.394000 3.089555e+002
2.396000 3.088698e+002
2.398000 3.087848e+002
2.400000 3.087005e+002
2.402000 3.086170e+002
2.404000 3.085341e+002
2.406000 3.084519e+002
2.408000 3.083705e+002
2.410000 3.082897e+002
2.412000 3.082096e+002
2.414000 3.081302e+002
2.416000 3.080515e+002
2.418000 3.079735e+002
2.420000 3.078961e+002
2.422000 3.078194e+002
2.424000 3.077433e+002
2.426000 3.076679e+002
2.428000 3.075931e+002
2.430000 3.075190e+002
2.432000 3.074456e+002
2.434000 3.073727e+002
2.436000 3.073005e+002
2.438000 3.072289e+002
2.440000 3.071580e+002
2.442000 3.070876e+002
2.444000 3.070179e+002
2.446000 3.069488e+002
2.448000 3.068803e+002
2.450000 3.068124e+002
2.452000 3.067451e+002
2.454000 3.066783e+002
2.456000 3.066122e+002
2.458000 3.065466e+002
2.460000 3.064816e+002
2.462000 3.064172e+002
2.464000 3.063534e+002
2.466000 3.062901e+002
2.468000 3.062274e+002
2.470000 3.061652e+002
2.472000 3.061036e+002
2.474000 3.060426e+002
2.476000 3.059820e+002
2.478000 3.059221e+002
2.480000 3.058626e+002
2.482000 3.058037e+002
2.484000 3.057453e+002
2.486000 3.056875e+002
2.488000 3.056301e+002
2.490000 3.055733e+002
2.492000 3.055170e+002
2.494000 3.054612e+002
2.496000 3.054059e+002
2.498000 3.053511e+002
2.500000 3.052968e+002
2.502000 3.052430e+002
2.504000 3.051896e+002
2.506000 3.051368e+002
2.508000 3.050844e+002
2.510000 3.050326e+002
2.512000 3.049811e+002
2.514000 3.049302e+002
2.516000 3.048797e+002
2.518000 3.048297e+002
2.520000 3.047802e+002
2.522000 3.047311e+002
2.524000 3.046824e+002
2.526000 3.046342e+002
2.528000 3.045865e+002
2.530000 3.045392e+002
2.532000 3.044923e+002
2.534000 3.044459e+002
2.536000 3.043998e+002
2.538000 3.043543e+002
2.540000 3.043091e+002
2.542000 3.042644e+002
2.544000 3.042200e+002
2.546000 3.041761e+002
2.548000 3.041326e+002
2.550000 3.040896e+002
2.552000 3.040469e+002
2.554000 3.040046e+002
2.556000 3.039627e+002
2.558000 3.039212e+002
2.560000 3.038801e+002
2.562000 3.038394e+002
2.564000 3.037990e+002
2.566000 3.037591e+002
2.568000 3.037195e+002
2.570000 3.036803e+002
2.572000 3.036415e+002
2.574000 3.036030e+002
2.576000 3.035650e+002
2.578000 3.035272e+002
2.580000 3.034899e+002
2.582000 3.034529e+002
2.584000 3.034162e+002
2.586000 3.033799e+002
2.588000 3.033439e+002
2.590000 3.033083e+002
2.592000 3.032730e+002
2.594000 3.032381e+002
2.596000 3.032035e+002
2.598000 3.031693e+002
2.600000 3.031353e+002
2.602000 3.031017e+002
2.604000 3.030685e+002
2.606000 3.030355e+002
2.608000 3.030029e+002
2.610000 3.029706e+002
2.612000 3.029386e+002
2.614000 3.029069e+002
2.616000 3.028755e+002
2.618000 3.028444e+002
2.620000 3.028136e+002
2.622000 3.027832e+002
2.624000 3.027530e+002
2.626000 3.027231e+002
2.628000 3.026936e+002
2.630000 3.026643e+002
2.632000 3.026353e+002
2.634000 3.026066e+002
2.636000 3.025781e+002
2.638000 3.025500e+002
2.640000 3.025221e+002
2.642000 3.024945e+002
2.644000 3.024672e+002
2.646000 3.024402e+002
2.648000 3.024134e+002
2.650000 3.023869e+002
2.652000 3.023606e+002
2.654000 3.023346e+002
2.656000 3.023089e+002
2.658000 3.022834e+002
2.660000 3.022582e+002
2.662000 3.022333e+002
2.664000 3.022086e+002
2.666000 3.021841e+002
2.668000 3.021599e+002
2.670000 3.021359e+002
2.672000 3.021122e+002
2.674000 3.020887e+002
2.676000 3.020655e+002
2.678000 3.020425e+002
2.680000 3.020197e+002
2.682000 3.019971e+002
2.684000 3.019748e+002
2.686000 3.019527e+002
2.688000 3.019308e+002
2.690000 3.019092e+002
2.692000 3.018878e+002
2.694000 3.018666e+002
2.696000 3.018456e+002
2.698000 3.018248e+002
2.700000 3.018043e+002
2.702000 3.017839e+002
2.704000 3.017638e+002
2.706000 3.017439e+002
2.708000 3.017241e+002
2.710000 3.017046e+002
2.712000 3.016853e+002
2.714000 3.016662e+002
2.716000 3.016473e+002
2.718000 3.016285e+002
2.720000 3.016100e+002
2.722000 3.015917e+002
2.724000 3.015735e+002
2.726000 3.015556e+002
2.728000 3.015378e+002
2.730000 3.015202e+002
2.732000 3.015028e+002
2.734000 3.014856e+002
2.736000 3.014686e+002
2.738000 3.014517e+002
2.740000 3.014350e+002
2.742000 3.014185e+002
2.744000 3.014022e+002
2.746000 3.013860e+002
2.748000 3.013701e+002
2.750000 3.013542e+002
2.752000 3.013386e+002
2.754000 3.013231e+002
2.756000 3.013078e+002
2.758000 3.012926e+002
2.760000 3.012776e+002
2.762000 3.012628e+002
2.764000 3.012481e+002
2.766000 3.012336e+002
2.768000 3.012192e+002
2.770000 3.012050e+002
2.772000 3.011909e+002
2.774000 3.011770e+002
2.776000 3.011633e+002
2.778000 3.011496e+002
2.780000 3.011362e+002
2.782000 3.011229e+002
2.784000 3.011097e+002
2.786000 3.010966e+002
2.788000 3.010837e+002
2.790000 3.010710e+002
2.792000 3.010584e+002
2.794000 3.010459e+002
2.796000 3.010335e+002
2.798000 3.010213e+002
2.800000 3.010093e+002
2.802000 3.009973e+002
2.804000 3.009855e+002
2.806000 3.009738e+002
2.808000 3.009622e+002
2.810000 3.009508e+002
2.812000 3.009395e+002
2.814000 3.009283e+002
2.816000 3.009172e+002
2.818000 3.009063e+002
2.820000 3.008955e+002
2.822000 3.008848e+002
2.824000 3.008742e+002
2.826000 3.008637e+002
2.828000 3.008534e+002
2.830000 3.008431e+002
2.832000 3.008330e+002
2.834000 3.008230e+002
2.836000 3.008131e+002
2.838000 3.008033e+002
2.840000 3.007936e+002
2.842000 3.007841e+002
2.844000 3.007746e+002
2.846000 3.007652e+002
2.848000 3.007560e+002
2.850000 3.007468e+002
2.852000 3.007378e+002
2.854000 3.007288e+002
2.856000 3.007200e+002
2.858000 3.007112e+002
2.860000 3.007026e+002
2.862000 3.006940e+002
2.864000 3.006855e+002
2.866000 3.006772e+002
2.868000 3.006689e+002
2.870000 3.006607e+002
2.872000 3.006527e+002
2.874000 3.006447e+002
2.876000 3.006368e+002
2.878000 3.006290e+002
2.880000 3.006212e+002
2.882000 3.006136e+002
2.884000 3.006060e+002
2.886000 3.005986e+002
2.888000 3.005912e+002
2.890000 3.005839e+002
2.892000 3.005767e+002
2.894000 3.005696e+002
2.896000 3.005625e+002
2.898000 3.005556e+002
2.900000 3.005487e+002
2.902000 3.005419e+002
2.904000 3.005352e+002
2.906000 3.005285e+002
2.908000 3.005219e+002
2.910000 3.005154e+002
2.912000 3.005090e+002
2.914000 3.005027e+002
2.916000 3.004964e+002
2.918000 3.004902e+002
2.920000 3.004841e+002
2.922000 3.004780e+002
2.924000 3.004720e+002
2.926000 3.004661e+002
2.928000 3.004602e+002
2.930000 3.004545e+002
2.932000 3.004487e+002
2.934000 3.004431e+002
2.936000 3.004375e+002
2.938000 3.004320e+002
2.940000 3.004266e+002
2.942000 3.004212e+002
2.944000 3.004158e+002
2.946000 3.004106e+002
2.948000 3.004054e+002
2.950000 3.004002e+002
2.952000 3.003952e+002
2.954000 3.003902e+002
2.956000 3.003852e+002
2.958000 3.003803e+002
2.960000 3.003755e+002
2.962000 3.003707e+002
2.964000 3.003659e+002
2.966000 3.003613e+002
2.968000 3.003567e+002
2.970000 3.003521e+002
2.972000 3.003476e+002
2.974000 3.003431e+002
2.976000 3.003387e+002
2.978000 3.003344e+002
2.980000 3.003301e+002
2.982000 3.003258e+002
2.984000 3.003217e+002
2.986000 3.003175e+002
2.988000 3.003134e+002
2.990000 3.003094e+002
2.992000 3.003054e+002
2.994000 3.003014e+002
2.996000 3.002975e+002
2.998000 3.002937e+002
3.000000 3.002899e+002
3.002000 3.002861e+002
3.004000 3.002824e+002
3.006000 3.002787e+002
3.008000 3.002751e+002
3.010000 3.002715e+002
3.012000 3.002680e+002
3.014000 3.002645e+002
3.016000 3.002611e+002
3.018000 3.002576e+002
3.020000 3.002543e+002
3.022000 3.002509e+002
3.024000 3.002477e+002
3.026000 3.002444e+002
3.028000 3.002412e+002
3.030000 3.002380e+002
3.032000 3.002349e+002
3.034000 3.002318e+002
3.036000 3.002288e+002
3.038000 3.002258e+002
3.040000 3.002228e+002
3.042000 3.002198e+002
3.044000 3.002169e+002
3.046000 3.002141e+002
3.048000 3.002112e+002
3.050000 3.002084e+002
3.052000 3.002057e+002
3.054000 3.002030e+002
3.056000 3.002003e+002
3.058000 3.001976e+002
3.060000 3.001950e+002
3.062000 3.001924e+002
3.064000 3.001898e+002
3.066000 3.001873e+002
3.068000 3.001848e+002
3.070000 3.001823e+002
3.072000 3.001799e+002
3.074000 3.001775e+002
3.076000 3.001751e+002
3.078000 3.001728e+002
3.080000 3.001704e+002
3.082000 3.001681e+002
3.084000 3.001659e+002
3.086000 3.001637e+002
3.088000 3.001615e+002
3.090000 3.001593e+002
3.092000 3.001571e+002
3.094000 3.001550e+002
3.096000 3.001529e+002
3.098000 3.001509e+002
3.100000 3.001488e+002
3.102000 3.001468e+002
3.104000 3.001448e+002
3.106000 3.001428e+002
3.108000 3.001409e+002
3.110000 3.001390e+002
3.112000 3.001371e+002
3.114000 3.001352e+002
3.116000 3.001334e+002
3.118000 3.001316e+002
3.120000 3.001298e+002
3.122000 3.001280e+002
3.124000 3.001263e+002
3.126000 3.001245e+002
3.128000 3.001228e+002
3.130000 3.001211e+002
3.132000 3.001195e+002
3.134000 3.001178e+002
3.136000 3.001162e+002
3.138000 3.001146e+002
3.140000 3.001131e+002
3.142000 3.001115e+002
3.144000 3.001100e+002
3.146000 3.001084e+002
3.148000 3.001070e+002
3.150000 3.001055e+002
3.152000 3.001040e+002
3.154000 3.001026e+002
3.156000 3.001012e+002
3.158000 3.000998e+002
3.160000 3.000984e+002
3.162000 3.000970e+002
3.164000 3.000957e+002
3.166000 3.000943e+002
3.168000 3.000930e+002
3.170000 3.000917e+002
3.172000 3.000904e+002
3.174000 3.000892e+002
3.176000 3.000879e+002
3.178000 3.000867e+002
3.180000 3.000855e+002
3.182000 3.000843e+002
3.184000 3.000831e+002
3.186000 3.000820e+002
3.188000 3.000808e+002
3.190000 3.000797e+002
3.192000 3.000786e+002
3.194000 3.000774e+002
3.196000 3.000764e+002
3.198000 3.000753e+002
3.200000 3.000742e+002
3.202000 3.000732e+002
3.204000 3.000721e+002
3.206000 3.000711e+002
3.208000 3.000701e+002
3.210000 3.000691e+002
3.212000 3.000681e+002
3.214000 3.000672e+002
3.216000 3.000662e+002
3.218000 3.000653e+002
3.220000 3.000644e+002
3.222000 3.000634e+002
3.224000 3.000625e+002
3.226000 3.000616e+002
3.228000 3.000608e+002
3.230000 3.000599e+002
3.232000 3.000590e+002
3.234000 3.000582e+002
3.236000 3.000574e+002
3.238000 3.000566e+002
3.240000 3.000557e+002
3.242000 3.000549e+002
3.244000 3.000542e+002
3.246000 3.000534e+002
3.248000 3.000526e+002
3.250000 3.000519e+002
3.252000 3.000511e+002
3.254000 3.000504e+002
3.256000 3.000496e+002
3.258000 3.000489e+002
3.260000 3.000482e+002
3.262000 3.000475e+002
3.264000 3.000468e+002
3.266000 3.000462e+002
3.268000 3.000455e+002
3.270000 3.000448e+002
3.272000 3.000442e+002
3.274000 3.000435e+002
3.276000 3.000429e+002
3.278000 3.000423e+002
3.280000 3.000417e+002
3.282000 3.000411e+002
3.284000 3.000405e+002
3.286000 3.000399e+002
3.288000 3.000393e+002
3.290000 3.000387e+002
3.292000 3.000382e+002
3.294000 3.000376e+002
3.296000 3.000370e+002
3.298000 3.000365e+002
3.300000 3.000360e+002
3.302000 3.000354e+002
3.304000 3.000349e+002
3.306000 3.000344e+002
3.308000 3.000339e+002
3.310000 3.000334e+002
3.312000 3.000329e+002
3.314000 3.000324e+002
3.316000 3.000319e+002
3.318000 3.000315e+002
3.320000 3.000310e+002
3.322000 3.000305e+002
3.324000 3.000301e+002
3.326000 3.000296e+002
3.328000 3.000292e+002
3.330000 3.000288e+002
3.332000 3.000283e+002
3.334000 3.000279e+002
3.336000 3.000275e+002
3.338000 3.000271e+002
3.340000 3.000267e+002
3.342000 3.000263e+002
3.344000 3.000259e+002
3.346000 3.000255e+002
3.348000 3.000251e+002
3.350000 3.000248e+002
3.352000 3.000244e+002
3.354000 3.000240e+002
3.356000 3.000237e+002
3.358000 3.000233e+002
3.360000 3.000230e+002
3.362000 3.000226e+002
3.364000 3.000223e+002
3.366000 3.000219e+002
3.368000 3.000216e+002
3.370000 3.000213e+002
3.372000 3.000210e+002
3.374000 3.000206e+002
3.376000 3.000203e+002
3.378000 3.000200e+002
3.380000 3.000197e+002
3.382000 3.000194e+002
3.384000 3.000191e+002
3.386000 3.000188e+002
3.388000 3.000186e+002
3.390000 3.000183e+002
3.392000 3.000180e+002
3.394000 3.000177e+002
3.396000 3.000175e+002
3.398000 3.000172e+002
3.400000 3.000169e+002
3.402000 3.000167e+002
3.404000 3.000164e+002
3.406000 3.000162e+002
3.408000 3.000159e+002
3.410000 3.000157e+002
3.412000 3.000154e+002
3.414000 3.000152e+002
3.416000 3.000150e+002
3.418000 3.000147e+002
3.420000 3.000145e+002
3.422000 3.000143e+002
3.424000 3.000141e+002
3.426000 3.000138e+002
3.428000 3.000136e+002
3.430000 3.000134e+002
3.432000 3.000132e+002
3.434000 3.000130e+002
3.436000 3.000128e+002
3.438000 3.000126e+002
3.440000 3.000124e+002
3.442000 3.000122e+002
3.444000 3.000120e+002
3.446000 3.000119e+002
3.448000 3.000117e+002
3.450000 3.000115e+002
3.452000 3.000113e+002
3.454000 3.000111e+002
3.456000 3.000110e+002
3.458000 3.000108e+002
3.460000 3.000106e+002
3.462000 3.000105e+002
3.464000 3.000103e+002
3.466000 3.000101e+002
3.468000 3.000100e+002
3.470000 3.000098e+002
3.472000 3.000097e+002
3.474000 3.000095e+002
3.476000 3.000094e+002
3.478000 3.000092e+002
3.480000 3.000091e+002
3.482000 3.000089e+002
3.484000 3.000088e+002
3.486000 3.000087e+002
3.488000 3.000085e+002
3.490000 3.000084e+002
3.492000 3.000082e+002
3.494000 3.000081e+002
3.496000 3.000080e+002
3.498000 3.000079e+002
3.500000 3.000077e+002
3.502000 3.000076e+002
3.504000 3.000075e+002
3.506000 3.000074e+002
3.508000 3.000073e+002
3.510000 3.000071e+002
3.512000 3.000070e+002
3.514000 3.000069e+002
3.516000 3.000068e+002
3.518000 3.000067e+002
3.520000 3.000066e+002
3.522000 3.000065e+002
3.524000 3.000064e+002
3.526000 3.000063e+002
3.528000 3.000062e+002
3.530000 3.000061e+002
3.532000 3.000060e+002
3.534000 3.000059e+002
3.536000 3.000058e+002
3.538000 3.000057e+002
3.540000 3.000056e+002
3.542000 3.000055e+002
3.544000 3.000054e+002
3.546000 3.000053e+002
3.548000 3.000053e+002
3.550000 3.000052e+002
3.552000 3.000051e+002
3.554000 3.000050e+002
3.556000 3.000049e+002
3.558000 3.000049e+002
3.560000 3.000048e+002
3.562000 3.000047e+002
3.564000 3.000046e+002
3.566000 3.000045e+002
3.568000 3.000045e+002
3.570000 3.000044e+002
3.572000 3.000043e+002
3.574000 3.000043e+002
3.576000 3.000042e+002
3.578000 3.000041e+002
3.580000 3.000041e+002
3.582000 3.000040e+002
3.584000 3.000039e+002
3.586000 3.000039e+002
3.588000 3.000038e+002
3.590000 3.000037e+002
3.592000 3.000037e+002
3.594000 3.000036e+002
3.596000 3.000036e+002
3.598000 3.000035e+002
3.600000 3.000034e+002
3.602000 3.000034e+002
3.604000 3.000033e+002
3.606000 3.000033e+002
3.608000 3.000032e+002
3.610000 3.000032e+002
3.612000 3.000031e+002
3.614000 3.000031e+002
3.616000 3.000030e+002
3.618000 3.000030e+002
3.620000 3.000029e+002
3.622000 3.000029e+002
3.624000 3.000028e+002
3.626000 3.000028e+002
3.628000 3.000027e+002
3.630000 3.000027e+002
3.632000 3.000026e+002
3.634000 3.000026e+002
3.636000 3.000025e+002
3.638000 3.000025e+002
3.640000 3.000025e+002
3.642000 3.000024e+002
3.644000 3.000024e+002
3.646000 3.000023e+002
3.648000 3.000023e+002
3.650000 3.000023e+002
3.652000 3.000022e+002
3.654000 3.000022e+002
3.656000 3.000022e+002
3.658000 3.000021e+002
3.660000 3.000021e+002
3.662000 3.000021e+002
3.664000 3.000020e+002
3.666000 3.000020e+002
3.668000 3.000019e+002
3.670000 3.000019e+002
3.672000 3.000019e+002
3.674000 3.000019e+002
3.676000 3.000018e+002
3.678000 3.000018e+002
3.680000 3.000018e+002
3.682000 3.000017e+002
3.684000 3.000017e+002
3.686000 3.000017e+002
3.688000 3.000016e+002
3.690000 3.000016e+002
3.692000 3.000016e+002
3.694000 3.000016e+002
3.696000 3.000015e+002
3.698000 3.000015e+002
3.700000 3.000015e+002
3.702000 3.000015e+002
3.704000 3.000014e+002
3.706000 3.000014e+002
3.708000 3.000014e+002
3.710000 3.000014e+002
3.712000 3.000013e+002
3.714000 3.000013e+002
3.716000 3.000013e+002
3.718000 3.000013e+002
3.720000 3.000013e+002
3.722000 3.000012e+002
3.724000 3.000012e+002
3.726000 3.000012e+002
3.728000 3.000012e+002
3.730000 3.000012e+002
3.732000 3.000011e+002
3.734000 3.000011e+002
3.736000 3.000011e+002
3.738000 3.000011e+002
3.740000 3.000011e+002
3.742000 3.000010e+002
3.744000 3.000010e+002
3.746000 3.000010e+002
3.748000 3.000010e+002
3.750000 3.000010e+002
3.752000 3.000010e+002
3.754000 3.000009e+002
3.756000 3.000009e+002
3.758000 3.000009e+002
3.760000 3.000009e+002
3.762000 3.000009e+002
3.764000 3.000009e+002
3.766000 3.000008e+002
3.768000 3.000008e+002
3.770000 3.000008e+002
3.772000 3.000008e+002
3.774000 3.000008e+002
3.776000 3.000008e+002
3.778000 3.000008e+002
3.780000 3.000008e+002
3.782000 3.000007e+002
3.784000 3.000007e+002
3.786000 3.000007e+002
3.788000 3.000007e+002
3.790000 3.000007e+002
3.792000 3.000007e+002
3.794000 3.000007e+002
3.796000 3.000007e+002
3.798000 3.000006e+002
3.800000 3.000006e+002
3.802000 3.000006e+002
3.804000 3.000006e+002
3.806000 3.000006e+002
3.808000 3.000006e+002
3.810000 3.000006e+002
3.812000 3.000006e+002
3.814000 3.000006e+002
3.816000 3.000006e+002
3.818000 3.000005e+002
3.820000 3.000005e+002
3.822000 3.000005e+002
3.824000 3.000005e+002
3.826000 3.000005e+002
3.828000 3.000005e+002
3.830000 3.000005e+002
3.832000 3.000005e+002
3.834000 3.000005e+002
3.836000 3.000005e+002
3.838000 3.000005e+002
3.840000 3.000005e+002
3.842000 3.000005e+002
3.844000 3.000004e+002
3.846000 3.000004e+002
3.848000 3.000004e+002
3.850000 3.000004e+002
3.852000 3.000004e+002
3.854000 3.000004e+002
3.856000 3.000004e+002
3.858000 3.000004e+002
3.860000 3.000004e+002
3.862000 3.000004e+002
3.864000 3.000004e+002
3.866000 3.000004e+002
3.868000 3.000004e+002
3.870000 3.000004e+002
3.872000 3.000004e+002
3.874000 3.000004e+002
3.876000 3.000003e+002
3.878000 3.000003e+002
3.880000 3.000003e+002
3.882000 3.000003e+002
3.884000 3.000003e+002
3.886000 3.000003e+002
3.888000 3.000003e+002
3.890000 3.000003e+002
3.892000 3.000003e+002
3.894000 3.000003e+002
3.896000 3.000003e+002
3.898000 3.000003e+002
3.900000 3.000003e+002
3.902000 3.000003e+002
3.904000 3.000003e+002
3.906000 3.000003e+002
3.908000 3.000003e+002
3.910000 3.000003e+002
3.912000 3.000003e+002
3.914000 3.000003e+002
3.916000 3.000003e+002
3.918000 3.000003e+002
3.920000 3.000003e+002
3.922000 3.000003e+002
3.924000 3.000003e+002
3.926000 3.000003e+002
3.928000 3.000003e+002
3.930000 3.000002e+002
3.932000 3.000002e+002
3.934000 3.000002e+002
3.936000 3.000002e+002
3.938000 3.000002e+002
3.940000 3.000002e+002
3.942000 3.000002e+002
3.944000 3.000002e+002
3.946000 3.000002e+002
3.948000 3.000002e+002
3.950000 3.000002e+002
3.952000 3.000002e+002
3.954000 3.000002e+002
3.956000 3.000002e+002
3.958000 3.000002e+002
3.960000 3.000002e+002
3.962000 3.000002e+002
3.964000 3.000002e+002
3.966000 3.000002e+002
3.968000 3.000002e+002
3.970000 3.000002e+002
3.972000 3.000002e+002
3.974000 3.000002e+002
3.976000 3.000002e+002
3.978000 3.000002e+002
3.980000 3.000002e+002
3.982000 3.000002e+002
3.984000 3.000002e+002
3.986000 3.000002e+002
3.988000 3.000002e+002
3.990000 3.000002e+002
3.992000 3.000002e+002
3.994000 3.000002e+002
3.996000 3.000002e+002
3.998000 3.000000e+002
