0.000000 3.546889e+002
0.002000 3.608063e+002
0.004000 3.669211e+002
0.006000 3.730331e+002
0.008000 3.791420e+002
0.010000 3.852475e+002
0.012000 3.913494e+002
0.014000 3.974474e+002
0.016000 4.035413e+002
0.018000 4.096307e+002
0.020000 4.157154e+002
0.022000 4.217953e+002
0.024000 4.278699e+002
0.026000 4.339390e+002
0.028000 4.400024e+002
0.030000 4.460599e+002
0.032000 4.521110e+002
0.034000 4.581557e+002
0.036000 4.641937e+002
0.038000 4.702246e+002
0.040000 4.762482e+002
0.042000 4.822644e+002
0.044000 4.882727e+002
0.046000 4.942730e+002
0.048000 5.002650e+002
0.050000 5.062485e+002
0.052000 5.122232e+002
0.054000 5.181889e+002
0.056000 5.241453e+002
0.058000 5.300921e+002
0.060000 5.360292e+002
0.062000 5.419562e+002
0.064000 5.478729e+002
0.066000 5.537792e+002
0.068000 5.596746e+002
0.070000 5.655591e+002
0.072000 5.714324e+002
0.074000 5.772941e+002
0.076000 5.831441e+002
0.078000 5.889822e+002
0.080000 5.948081e+002
0.082000 6.006215e+002
0.084000 6.064223e+002
0.086000 6.122102e+002
0.088000 6.179850e+002
0.090000 6.237464e+002
0.092000 6.294943e+002
0.094000 6.352283e+002
0.096000 6.409483e+002
0.098000 6.466541e+002
0.100000 6.523454e+002
0.102000 6.580220e+002
0.104000 6.636836e+002
0.106000 6.693302e+002
0.108000 6.749614e+002
0.110000 6.805770e+002
0.112000 6.861768e+002
0.114000 6.917607e+002
0.116000 6.973284e+002
0.118000 7.028796e+002
0.120000 7.084143e+002
0.122000 7.139321e+002
0.124000 7.194329e+002
0.126000 7.249165e+002
0.128000 7.303827e+002
0.130000 7.358312e+002
0.132000 7.412619e+002
0.134000 7.466747e+002
0.136000 7.520692e+002
0.138000 7.574453e+002
0.140000 7.628028e+002
0.142000 7.681416e+002
0.144000 7.734614e+002
0.146000 7.787620e+002
0.148000 7.840434e+002
0.150000 7.893052e+002
0.152000 7.945474e+002
0.154000 7.997696e+002
0.156000 8.049719e+002
0.158000 8.101539e+002
0.160000 8.153156e+002
0.162000 8.204567e+002
0.164000 8.255771e+002
0.166000 8.306767e+002
0.168000 8.357552e+002
0.170000 8.408124e+002
0.172000 8.458483e+002
0.174000 8.508627e+002
0.176000 8.558555e+002
0.178000 8.608263e+002
0.180000 8.657752e+002
0.182000 8.707020e+002
0.184000 8.756065e+002
0.186000 8.804886e+002
0.188000 8.853480e+002
0.190000 8.901848e+002
0.192000 8.949987e+002
0.194000 8.997897e+002
0.196000 9.045575e+002
0.198000 9.093020e+002
0.200000 9.140232e+002
0.202000 9.187208e+002
0.204000 9.233948e+002
0.206000 9.280450e+002
0.208000 9.326713e+002
0.210000 9.372736e+002
0.212000 9.418517e+002
0.214000 9.464056e+002
0.216000 9.509351e+002
0.218000 9.554401e+002
0.220000 9.599205e+002
0.222000 9.643762e+002
0.224000 9.688071e+002
0.226000 9.732131e+002
0.228000 9.775940e+002
0.230000 9.819498e+002
0.232000 9.862803e+002
0.234000 9.905855e+002
0.236000 9.948653e+002
0.238000 9.991196e+002
0.240000 1.003348e+003
0.242000 1.007551e+003
0.244000 1.011728e+003
0.246000 1.015880e+003
0.248000 1.020005e+003
0.250000 1.024104e+003
0.252000 1.028177e+003
0.254000 1.032224e+003
0.256000 1.036245e+003
0.258000 1.040239e+003
0.260000 1.044207e+003
0.262000 1.048148e+003
0.264000 1.052063e+003
0.266000 1.055951e+003
0.268000 1.059813e+003
0.270000 1.063647e+003
0.272000 1.067455e+003
0.274000 1.071236e+003
0.276000 1.074990e+003
0.278000 1.078717e+003
0.280000 1.082417e+003
0.282000 1.086090e+003
0.284000 1.089735e+003
0.286000 1.093354e+003
0.288000 1.096945e+003
0.290000 1.100509e+003
0.292000 1.104045e+003
0.294000 1.107554e+003
0.296000 1.111036e+003
0.298000 1.114490e+003
0.300000 1.117916e+003
0.302000 1.121316e+003
0.304000 1.124687e+003
0.306000 1.128031e+003
0.308000 1.131347e+003
0.310000 1.134636e+003
0.312000 1.137896e+003
0.314000 1.141130e+003
0.316000 1.144335e+003
0.318000 1.147512e+003
0.320000 1.150662e+003
0.322000 1.153784e+003
0.324000 1.156878e+003
0.326000 1.159944e+003
0.328000 1.162983e+003
0.330000 1.165993e+003
0.332000 1.168976e+003
0.334000 1.171930e+003
0.336000 1.174857e+003
0.338000 1.177756e+003
0.340000 1.180627e+003
0.342000 1.183470e+003
0.344000 1.186285e+003
0.346000 1.189072e+003
0.348000 1.191831e+003
0.350000 1.194562e+003
0.352000 1.197265e+003
0.354000 1.199940e+003
0.356000 1.202587e+003
0.358000 1.205207e+003
0.360000 1.207798e+003
0.362000 1.210362e+003
0.364000 1.212897e+003
0.366000 1.215405e+003
0.368000 1.217884e+003
0.370000 1.220336e+003
0.372000 1.222760e+003
0.374000 1.225156e+003
0.376000 1.227525e+003
0.378000 1.229865e+003
0.380000 1.232178e+003
0.382000 1.234462e+003
0.384000 1.236719e+003
0.386000 1.238949e+003
0.388000 1.241150e+003
0.390000 1.243324e+003
0.392000 1.245470e+003
0.394000 1.247589e+003
0.396000 1.249680e+003
0.398000 1.251743e+003
0.400000 1.253779e+003
0.402000 1.255787e+003
0.404000 1.257767e+003
0.406000 1.259720e+003
0.408000 1.261646e+003
0.410000 1.263544e+003
0.412000 1.265415e+003
0.414000 1.267259e+003
0.416000 1.269075e+003
0.418000 1.270863e+003
0.420000 1.272625e+003
0.422000 1.274359e+003
0.424000 1.276066e+003
0.426000 1.277746e+003
0.428000 1.279399e+003
0.430000 1.281025e+003
0.432000 1.282624e+003
0.434000 1.284196e+003
0.436000 1.285741e+003
0.438000 1.287259e+003
0.440000 1.288750e+003
0.442000 1.290214e+003
0.444000 1.291651e+003
0.446000 1.293062e+003
0.448000 1.294446e+003
0.450000 1.295804e+003
0.452000 1.297134e+003
0.454000 1.298439e+003
0.456000 1.299716e+003
0.458000 1.300968e+003
0.460000 1.302193e+003
0.462000 1.303391e+003
0.464000 1.304564e+003
0.466000 1.305710e+003
0.468000 1.306829e+003
0.470000 1.307923e+003
0.472000 1.308990e+003
0.474000 1.310032e+003
0.476000 1.311047e+003
0.478000 1.312037e+003
0.480000 1.313001e+003
0.482000 1.313938e+003
0.484000 1.314850e+003
0.486000 1.315737e+003
0.488000 1.316597e+003
0.490000 1.317432e+003
0.492000 1.318241e+003
0.494000 1.319025e+003
0.496000 1.319784e+003
0.498000 1.320517e+003
0.500000 1.321224e+003
0.502000 1.321907e+003
0.504000 1.322564e+003
0.506000 1.323196e+003
0.508000 1.323803e+003
0.510000 1.324384e+003
0.512000 1.324941e+003
0.514000 1.325473e+003
0.516000 1.325980e+003
0.518000 1.326462e+003
0.520000 1.326919e+003
0.522000 1.327352e+003
0.524000 1.327760e+003
0.526000 1.328143e+003
0.528000 1.328502e+003
0.530000 1.328836e+003
0.532000 1.329146e+003
0.534000 1.329432e+003
0.536000 1.329693e+003
0.538000 1.329930e+003
0.540000 1.330143e+003
0.542000 1.330332e+003
0.544000 1.330497e+003
0.546000 1.330638e+003
0.548000 1.330755e+003
0.550000 1.330848e+003
0.552000 1.330917e+003
0.554000 1.330962e+003
0.556000 1.330984e+003
0.558000 1.330982e+003
0.560000 1.330957e+003
0.562000 1.330908e+003
0.564000 1.330836e+003
0.566000 1.330741e+003
0.568000 1.330622e+003
0.570000 1.330480e+003
0.572000 1.330315e+003
0.574000 1.330126e+003
0.576000 1.329915e+003
0.578000 1.329681e+003
0.580000 1.329424e+003
0.582000 1.329144e+003
0.584000 1.328841e+003
0.586000 1.328515e+003
0.588000 1.328167e+003
0.590000 1.327797e+003
0.592000 1.327403e+003
0.594000 1.326988e+003
0.596000 1.326550e+003
0.598000 1.326090e+003
0.600000 1.325607e+003
0.602000 1.325102e+003
0.604000 1.324576e+003
0.606000 1.324027e+003
0.608000 1.323456e+003
0.610000 1.322863e+003
0.612000 1.322249e+003
0.614000 1.321613e+003
0.616000 1.320955e+003
0.618000 1.320275e+003
0.620000 1.319574e+003
0.622000 1.318851e+003
0.624000 1.318107e+003
0.626000 1.317342e+003
0.628000 1.316555e+003
0.630000 1.315747e+003
0.632000 1.314918e+003
0.634000 1.314068e+003
0.636000 1.313197e+003
0.638000 1.312305e+003
0.640000 1.311392e+003
0.642000 1.310459e+003
0.644000 1.309504e+003
0.646000 1.308530e+003
0.648000 1.307534e+003
0.650000 1.306518e+003
0.652000 1.305482e+003
0.654000 1.304425e+003
0.656000 1.303348e+003
0.658000 1.302251e+003
0.660000 1.301133e+003
0.662000 1.299996e+003
0.664000 1.298839e+003
0.666000 1.297661e+003
0.668000 1.296464e+003
0.670000 1.295247e+003
0.672000 1.294011e+003
0.674000 1.292755e+003
0.676000 1.291479e+003
0.678000 1.290184e+003
0.680000 1.288870e+003
0.682000 1.287536e+003
0.684000 1.286183e+003
0.686000 1.284811e+003
0.688000 1.283420e+003
0.690000 1.282010e+003
0.692000 1.280581e+003
0.694000 1.279134e+003
0.696000 1.277667e+003
0.698000 1.276182e+003
0.700000 1.274679e+003
0.702000 1.273157e+003
0.704000 1.271616e+003
0.706000 1.270057e+003
0.708000 1.268480e+003
0.710000 1.266885e+003
0.712000 1.265272e+003
0.714000 1.263641e+003
0.716000 1.261992e+003
0.718000 1.260325e+003
0.720000 1.258640e+003
0.722000 1.256938e+003
0.724000 1.255218e+003
0.726000 1.253481e+003
0.728000 1.251726e+003
0.730000 1.249954e+003
0.732000 1.248165e+003
0.734000 1.246359e+003
0.736000 1.244536e+003
0.738000 1.242696e+003
0.740000 1.240839e+003
0.742000 1.238965e+003
0.744000 1.237075e+003
0.746000 1.235168e+003
0.748000 1.233244e+003
0.750000 1.231304e+003
0.752000 1.229348e+003
0.754000 1.227376e+003
0.756000 1.225388e+003
0.758000 1.223384e+003
0.760000 1.221364e+003
0.762000 1.219328e+003
0.764000 1.217276e+003
0.766000 1.215209e+003
0.768000 1.213126e+003
0.770000 1.211028e+003
0.772000 1.208914e+003
0.774000 1.206786e+003
0.776000 1.204642e+003
0.778000 1.202483e+003
0.780000 1.200310e+003
0.782000 1.198121e+003
0.784000 1.195918e+003
0.786000 1.193701e+003
0.788000 1.191468e+003
0.790000 1.189222e+003
0.792000 1.186961e+003
0.794000 1.184686e+003
0.796000 1.182397e+003
0.798000 1.180094e+003
0.800000 1.177777e+003
0.802000 1.175447e+003
0.804000 1.173103e+003
0.806000 1.170745e+003
0.808000 1.168374e+003
0.810000 1.165990e+003
0.812000 1.163592e+003
0.814000 1.161181e+003
0.816000 1.158758e+003
0.818000 1.156322e+003
0.820000 1.153872e+003
0.822000 1.151411e+003
0.824000 1.148936e+003
0.826000 1.146450e+003
0.828000 1.143951e+003
0.830000 1.141440e+003
0.832000 1.138917e+003
0.834000 1.136382e+003
0.836000 1.133835e+003
0.838000 1.131277e+003
0.840000 1.128707e+003
0.842000 1.126126e+003
0.844000 1.123533e+003
0.846000 1.120929e+003
0.848000 1.118314e+003
0.850000 1.115689e+003
0.852000 1.113052e+003
0.854000 1.110404e+003
0.856000 1.107747e+003
0.858000 1.105078e+003
0.860000 1.102399e+003
0.862000 1.099711e+003
0.864000 1.097012e+003
0.866000 1.094303e+003
0.868000 1.091584e+003
0.870000 1.088856e+003
0.872000 1.086118e+003
0.874000 1.083370e+003
0.876000 1.080614e+003
0.878000 1.077848e+003
0.880000 1.075073e+003
0.882000 1.072289e+003
0.884000 1.069497e+003
0.886000 1.066695e+003
0.888000 1.063886e+003
0.890000 1.061068e+003
0.892000 1.058241e+003
0.894000 1.055407e+003
0.896000 1.052564e+003
0.898000 1.049714e+003
0.900000 1.046856e+003
0.902000 1.043991e+003
0.904000 1.041118e+003
0.906000 1.038237e+003
0.908000 1.035350e+003
0.910000 1.032456e+003
0.912000 1.029554e+003
0.914000 1.026646e+003
0.916000 1.023731e+003
0.918000 1.020810e+003
0.920000 1.017883e+003
0.922000 1.014949e+003
0.924000 1.012009e+003
0.926000 1.009063e+003
0.928000 1.006112e+003
0.930000 1.003155e+003
0.932000 1.000192e+003
0.934000 9.972242e+002
0.936000 9.942509e+002
0.938000 9.912726e+002
0.940000 9.882894e+002
0.942000 9.853013e+002
0.944000 9.823086e+002
0.946000 9.793114e+002
0.948000 9.763098e+002
0.950000 9.733040e+002
0.952000 9.702940e+002
0.954000 9.672802e+002
0.956000 9.642625e+002
0.958000 9.612411e+002
0.960000 9.582163e+002
0.962000 9.551880e+002
0.964000 9.521565e+002
0.966000 9.491219e+002
0.968000 9.460844e+002
0.970000 9.430440e+002
0.972000 9.400010e+002
0.974000 9.369554e+002
0.976000 9.339075e+002
0.978000 9.308573e+002
0.980000 9.278050e+002
0.982000 9.247508e+002
0.984000 9.216947e+002
0.986000 9.186370e+002
0.988000 9.155777e+002
0.990000 9.125171e+002
0.992000 9.094552e+002
0.994000 9.063922e+002
0.996000 9.033282e+002
0.998000 9.002634e+002
1.000000 8.971979e+002
1.002000 8.941319e+002
1.004000 8.910655e+002
1.006000 8.879988e+002
1.008000 8.849320e+002
1.010000 8.818653e+002
1.012000 8.787986e+002
1.014000 8.757323e+002
1.016000 8.726664e+002
1.018000 8.696012e+002
1.020000 8.665366e+002
1.022000 8.634728e+002
1.024000 8.604101e+002
1.026000 8.573485e+002
1.028000 8.542882e+002
1.030000 8.512293e+002
1.032000 8.481719e+002
1.034000 8.451162e+002
1.036000 8.420623e+002
1.038000 8.390103e+002
1.040000 8.359605e+002
1.042000 8.329128e+002
1.044000 8.298675e+002
1.046000 8.268247e+002
1.048000 8.237845e+002
1.050000 8.207471e+002
1.052000 8.177126e+002
1.054000 8.146810e+002
1.056000 8.116526e+002
1.058000 8.086275e+002
1.060000 8.056058e+002
1.062000 8.025876e+002
1.064000 7.995731e+002
1.066000 7.965623e+002
1.068000 7.935555e+002
1.070000 7.905528e+002
1.072000 7.875542e+002
1.074000 7.845599e+002
1.076000 7.815700e+002
1.078000 7.785846e+002
1.080000 7.756039e+002
1.082000 7.726280e+002
1.084000 7.696571e+002
1.086000 7.666911e+002
1.088000 7.637303e+002
1.090000 7.607748e+002
1.092000 7.578246e+002
1.094000 7.548800e+002
1.096000 7.519410e+002
1.098000 7.490077e+002
1.100000 7.460803e+002
1.102000 7.431589e+002
1.104000 7.402435e+002
1.106000 7.373344e+002
1.108000 7.344315e+002
1.110000 7.315351e+002
1.112000 7.286452e+002
1.114000 7.257619e+002
1.116000 7.228854e+002
1.118000 7.200158e+002
1.120000 7.171531e+002
1.122000 7.142975e+002
1.124000 7.114490e+002
1.126000 7.086078e+002
1.128000 7.057741e+002
1.130000 7.029478e+002
1.132000 7.001290e+002
1.134000 6.973180e+002
1.136000 6.945147e+002
1.138000 6.917194e+002
1.140000 6.889320e+002
1.142000 6.861527e+002
1.144000 6.833815e+002
1.146000 6.806186e+002
1.148000 6.778641e+002
1.150000 6.751180e+002
1.152000 6.723805e+002
1.154000 6.696516e+002
1.156000 6.669314e+002
1.158000 6.642200e+002
1.160000 6.615175e+002
1.162000 6.588239e+002
1.164000 6.561395e+002
1.166000 6.534641e+002
1.168000 6.507980e+002
1.170000 6.481413e+002
1.172000 6.454939e+002
1.174000 6.428559e+002
1.176000 6.402275e+002
1.178000 6.376088e+002
1.180000 6.349997e+002
1.182000 6.324004e+002
1.184000 6.298109e+002
1.186000 6.272314e+002
1.188000 6.246618e+002
1.190000 6.221023e+002
1.192000 6.195530e+002
1.194000 6.170138e+002
1.196000 6.144849e+002
1.198000 6.119663e+002
1.200000 6.094581e+002
1.202000 6.069603e+002
1.204000 6.044731e+002
1.206000 6.019964e+002
1.208000 5.995303e+002
1.210000 5.970750e+002
1.212000 5.946304e+002
1.214000 5.921966e+002
1.216000 5.897736e+002
1.218000 5.873616e+002
1.220000 5.849605e+002
1.222000 5.825705e+002
1.224000 5.801915e+002
1.226000 5.778236e+002
1.228000 5.754669e+002
1.230000 5.731213e+002
1.232000 5.707871e+002
1.234000 5.684641e+002
1.236000 5.661525e+002
1.238000 5.638522e+002
1.240000 5.615634e+002
1.242000 5.592860e+002
1.244000 5.570201e+002
1.246000 5.547658e+002
1.248000 5.525230e+002
1.250000 5.502918e+002
1.252000 5.480723e+002
1.254000 5.458645e+002
1.256000 5.436683e+002
1.258000 5.414839e+002
1.260000 5.393112e+002
1.262000 5.371503e+002
1.264000 5.350012e+002
1.266000 5.328640e+002
1.268000 5.307386e+002
1.270000 5.286251e+002
1.272000 5.265236e+002
1.274000 5.244339e+002
1.276000 5.223562e+002
1.278000 5.202905e+002
1.280000 5.182367e+002
1.282000 5.161950e+002
1.284000 5.141652e+002
1.286000 5.121475e+002
1.288000 5.101419e+002
1.290000 5.081483e+002
1.292000 5.061667e+002
1.294000 5.041972e+002
1.296000 5.022398e+002
1.298000 5.002945e+002
1.300000 4.983613e+002
1.302000 4.964402e+002
1.304000 4.945312e+002
1.306000 4.926344e+002
1.308000 4.907496e+002
1.310000 4.888769e+002
1.312000 4.870164e+002
1.314000 4.851679e+002
1.316000 4.833316e+002
1.318000 4.815074e+002
1.320000 4.796953e+002
1.322000 4.778953e+002
1.324000 4.761074e+002
1.326000 4.743315e+002
1.328000 4.725678e+002
1.330000 4.708161e+002
1.332000 4.690765e+002
1.334000 4.673489e+002
1.336000 4.656333e+002
1.338000 4.639298e+002
1.340000 4.622383e+002
1.342000 4.605588e+002
1.344000 4.588913e+002
1.346000 4.572358e+002
1.348000 4.555922e+002
1.350000 4.539605e+002
1.352000 4.523407e+002
1.354000 4.507329e+002
1.356000 4.491369e+002
1.358000 4.475527e+002
1.360000 4.459804e+002
1.362000 4.444199e+002
1.364000 4.428712e+002
1.366000 4.413342e+002
1.368000 4.398090e+002
1.370000 4.382955e+002
1.372000 4.367936e+002
1.374000 4.353034e+002
1.376000 4.338249e+002
1.378000 4.323579e+002
1.380000 4.309025e+002
1.382000 4.294586e+002
1.384000 4.280262e+002
1.386000 4.266053e+002
1.388000 4.251958e+002
1.390000 4.237977e+002
1.392000 4.224110e+002
1.394000 4.210357e+002
1.396000 4.196716e+002
1.398000 4.183188e+002
1.400000 4.169772e+002
1.402000 4.156468e+002
1.404000 4.143276e+002
1.406000 4.130194e+002
1.408000 4.117224e+002
1.410000 4.104363e+002
1.412000 4.091613e+002
1.414000 4.078972e+002
1.416000 4.066440e+002
1.418000 4.054017e+002
1.420000 4.041702e+002
1.422000 4.029495e+002
1.424000 4.017396e+002
1.426000 4.005403e+002
1.428000 3.993516e+002
1.430000 3.981736e+002
1.432000 3.970061e+002
1.434000 3.958492e+002
1.436000 3.947027e+002
1.438000 3.935666e+002
1.440000 3.924409e+002
1.442000 3.913255e+002
1.444000 3.902204e+002
1.446000 3.891255e+002
1.448000 3.880408e+002
1.450000 3.869662e+002
1.452000 3.859017e+002
1.454000 3.848472e+002
1.456000 3.838027e+002
1.458000 3.827681e+002
1.460000 3.817433e+002
1.462000 3.807284e+002
1.464000 3.797233e+002
1.466000 3.787279e+002
1.468000 3.777421e+002
1.470000 3.767660e+002
1.472000 3.757994e+002
1.474000 3.748423e+002
1.476000 3.738946e+002
1.478000 3.729564e+002
1.480000 3.720275e+002
1.482000 3.711079e+002
1.484000 3.701975e+002
1.486000 3.692963e+002
1.488000 3.684042e+002
1.490000 3.675212e+002
1.492000 3.666472e+002
1.494000 3.657821e+002
1.496000 3.649259e+002
1.498000 3.640786e+002
1.500000 3.632401e+002
1.502000 3.624103e+002
1.504000 3.615892e+002
1.506000 3.607767e+002
1.508000 3.599727e+002
1.510000 3.591773e+002
1.512000 3.583902e+002
1.514000 3.576116e+002
1.516000 3.568414e+002
1.518000 3.560793e+002
1.520000 3.553256e+002
1.522000 3.545799e+002
1.524000 3.538424e+002
1.526000 3.531129e+002
1.528000 3.523914e+002
1.530000 3.516778e+002
1.532000 3.509721e+002
1.534000 3.502742e+002
1.536000 3.495841e+002
1.538000 3.489017e+002
1.540000 3.482269e+002
1.542000 3.475597e+002
1.544000 3.469000e+002
1.546000 3.462478e+002
1.548000 3.456030e+002
1.550000 3.449655e+002
1.552000 3.443354e+002
1.554000 3.437125e+002
1.556000 3.430967e+002
1.558000 3.424881e+002
1.560000 3.418866e+002
1.562000 3.412920e+002
1.564000 3.407044e+002
1.566000 3.401238e+002
1.568000 3.395499e+002
1.570000 3.389828e+002
1.572000 3.384225e+002
1.574000 3.378688e+002
1.576000 3.373217e+002
1.578000 3.367812e+002
1.580000 3.362472e+002
1.582000 3.357196e+002
1.584000 3.351984e+002
1.586000 3.346836e+002
1.588000 3.341750e+002
1.590000 3.336726e+002
1.592000 3.331764e+002
1.594000 3.326863e+002
1.596000 3.322023e+002
1.598000 3.317242e+002
1.600000 3.312521e+002
1.602000 3.307859e+002
1.604000 3.303256e+002
1.606000 3.298710e+002
1.608000 3.294221e+002
1.610000 3.289789e+002
1.612000 3.285414e+002
1.614000 3.281094e+002
1.616000 3.276829e+002
1.618000 3.272619e+002
1.620000 3.268463e+002
1.622000 3.264360e+002
1.624000 3.260311e+002
1.626000 3.256314e+002
1.628000 3.252369e+002
1.630000 3.248476e+002
1.632000 3.244633e+002
1.634000 3.240841e+002
1.636000 3.237099e+002
1.638000 3.233407e+002
1.640000 3.229763e+002
1.642000 3.226168e+002
1.644000 3.222621e+002
1.646000 3.219121e+002
1.648000 3.215669e+002
1.650000 3.212262e+002
1.652000 3.208902e+002
1.654000 3.205588e+002
1.656000 3.202318e+002
1.658000 3.199093e+002
1.660000 3.195912e+002
1.662000 3.192775e+002
1.664000 3.189681e+002
1.666000 3.186629e+002
1.668000 3.183620e+002
1.670000 3.180652e+002
1.672000 3.177726e+002
1.674000 3.174841e+002
1.676000 3.171996e+002
1.678000 3.169191e+002
1.680000 3.166426e+002
1.682000 3.163699e+002
1.684000 3.161012e+002
1.686000 3.158362e+002
1.688000 3.155750e+002
1.690000 3.153176e+002
1.692000 3.150638e+002
1.694000 3.148137e+002
1.696000 3.145672e+002
1.698000 3.143243e+002
1.700000 3.140848e+002
1.702000 3.138489e+002
1.704000 3.136164e+002
1.706000 3.133873e+002
1.708000 3.131616e+002
1.710000 3.129391e+002
1.712000 3.127200e+002
1.714000 3.125041e+002
1.716000 3.122914e+002
1.718000 3.120819e+002
1.720000 3.118754e+002
1.722000 3.116721e+002
1.724000 3.114718e+002
1.726000 3.112746e+002
1.728000 3.110803e+002
1.730000 3.108889e+002
1.732000 3.107005e+002
1.734000 3.105149e+002
1.736000 3.103321e+002
1.738000 3.101521e+002
1.740000 3.099749e+002
1.742000 3.098004e+002
1.744000 3.096286e+002
1.746000 3.094594e+002
1.748000 3.092929e+002
1.750000 3.091290e+002
1.752000 3.089676e+002
1.754000 3.088087e+002
1.756000 3.086523e+002
1.758000 3.084983e+002
1.760000 3.083468e+002
1.762000 3.081977e+002
1.764000 3.080509e+002
1.766000 3.079065e+002
1.768000 3.077643e+002
1.770000 3.076245e+002
1.772000 3.074868e+002
1.774000 3.073514e+002
1.776000 3.072181e+002
1.778000 3.070870e+002
1.780000 3.069580e+002
1.782000 3.068311e+002
1.784000 3.067062e+002
1.786000 3.065834e+002
1.788000 3.064626e+002
1.790000 3.063437e+002
1.792000 3.062268e+002
1.794000 3.061119e+002
1.796000 3.059988e+002
1.798000 3.058876e+002
1.800000 3.057782e+002
1.802000 3.056706e+002
1.804000 3.055649e+002
1.806000 3.054609e+002
1.808000 3.053586e+002
1.810000 3.052580e+002
1.812000 3.051592e+002
1.814000 3.050620e+002
1.816000 3.049664e+002
1.818000 3.048725e+002
1.820000 3.047801e+002
1.822000 3.046893e+002
1.824000 3.046001e+002
1.826000 3.045124e+002
1.828000 3.044262e+002
1.830000 3.043415e+002
1.832000 3.042582e+002
1.834000 3.041764e+002
1.836000 3.040960e+002
1.838000 3.040170e+002
1.840000 3.039393e+002
1.842000 3.038630e+002
1.844000 3.037881e+002
1.846000 3.037144e+002
1.848000 3.036421e+002
1.850000 3.035710e+002
1.852000 3.035011e+002
1.854000 3.034325e+002
1.856000 3.033652e+002
1.858000 3.032990e+002
1.860000 3.032340e+002
1.862000 3.031701e+002
1.864000 3.031074e+002
1.866000 3.030458e+002
1.868000 3.029853e+002
1.870000 3.029259e+002
1.872000 3.028676e+002
1.874000 3.028103e+002
1.876000 3.027541e+002
1.878000 3.026989e+002
1.880000 3.026447e+002
1.882000 3.025915e+002
1.884000 3.025392e+002
1.886000 3.024879e+002
1.888000 3.024376e+002
1.890000 3.023882e+002
1.892000 3.023397e+002
1.894000 3.022920e+002
1.896000 3.022453e+002
1.898000 3.021995e+002
1.900000 3.021544e+002
1.902000 3.021103e+002
1.904000 3.020669e+002
1.906000 3.020244e+002
1.908000 3.019827e+002
1.910000 3.019417e+002
1.912000 3.019015e+002
1.914000 3.018621e+002
1.916000 3.018234e+002
1.918000 3.017855e+002
1.920000 3.017483e+002
1.922000 3.017118e+002
1.924000 3.016760e+002
1.926000 3.016409e+002
1.928000 3.016064e+002
1.930000 3.015726e+002
1.932000 3.015395e+002
1.934000 3.015070e+002
1.936000 3.014751e+002
1.938000 3.014439e+002
1.940000 3.014132e+002
1.942000 3.013832e+002
1.944000 3.013537e+002
1.946000 3.013248e+002
1.948000 3.012965e+002
1.950000 3.012687e+002
1.952000 3.012415e+002
1.954000 3.012148e+002
1.956000 3.011887e+002
1.958000 3.011630e+002
1.960000 3.011379e+002
1.962000 3.011133e+002
1.964000 3.010892e+002
1.966000 3.010655e+002
1.968000 3.010423e+002
1.970000 3.010196e+002
1.972000 3.009973e+002
1.974000 3.009755e+002
1.976000 3.009542e+002
1.978000 3.009332e+002
1.980000 3.009127e+002
1.982000 3.008926e+002
1.984000 3.008729e+002
1.986000 3.008536e+002
1.988000 3.008347e+002
1.990000 3.008162e+002
1.992000 3.007981e+002
1.994000 3.007803e+002
1.996000 3.007629e+002
1.998000 3.007459e+002
2.000000 3.007292e+002
2.002000 3.007128e+002
2.004000 3.006968e+002
2.006000 3.006812e+002
2.008000 3.006658e+002
2.010000 3.006508e+002
2.012000 3.006361e+002
2.014000 3.006217e+002
2.016000 3.006076e+002
2.018000 3.005938e+002
2.020000 3.005803e+002
2.022000 3.005671e+002
2.024000 3.005541e+002
2.026000 3.005415e+002
2.028000 3.005291e+002
2.030000 3.005169e+002
2.032000 3.005050e+002
2.034000 3.004934e+002
2.036000 3.004820e+002
2.038000 3.004709e+002
2.040000 3.004600e+002
2.042000 3.004493e+002
2.044000 3.004389e+002
2.046000 3.004287e+002
2.048000 3.004187e+002
2.050000 3.004090e+002
2.052000 3.003994e+002
2.054000 3.003901e+002
2.056000 3.003809e+002
2.058000 3.003720e+002
2.060000 3.003632e+002
2.062000 3.003547e+002
2.064000 3.003463e+002
2.066000 3.003381e+002
2.068000 3.003301e+002
2.070000 3.003223e+002
2.072000 3.003146e+002
2.074000 3.003071e+002
2.076000 3.002998e+002
2.078000 3.002927e+002
2.080000 3.002857e+002
2.082000 3.002788e+002
2.084000 3.002721e+002
2.086000 3.002656e+002
2.088000 3.002592e+002
2.090000 3.002530e+002
2.092000 3.002469e+002
2.094000 3.002409e+002
2.096000 3.002351e+002
2.098000 3.002294e+002
2.100000 3.002238e+002
2.102000 3.002184e+002
2.104000 3.002130e+002
2.106000 3.002078e+002
2.108000 3.002028e+002
2.110000 3.001978e+002
2.112000 3.001929e+002
2.114000 3.001882e+002
2.116000 3.001836e+002
2.118000 3.001791e+002
2.120000 3.001746e+002
2.122000 3.001703e+002
2.124000 3.001661e+002
2.126000 3.001620e+002
2.128000 3.001580e+002
2.130000 3.001540e+002
2.132000 3.001502e+002
2.134000 3.001465e+002
2.136000 3.001428e+002
2.138000 3.001392e+002
2.140000 3.001357e+002
2.142000 3.001323e+002
2.144000 3.001290e+002
2.146000 3.001258e+002
2.148000 3.001226e+002
2.150000 3.001195e+002
2.152000 3.001165e+002
2.154000 3.001135e+002
2.156000 3.001106e+002
2.158000 3.001078e+002
2.160000 3.001051e+002
2.162000 3.001024e+002
2.164000 3.000998e+002
2.166000 3.000972e+002
2.168000 3.000947e+002
2.170000 3.000923e+002
2.172000 3.000899e+002
2.174000 3.000876e+002
2.176000 3.000854e+002
2.178000 3.000832e+002
2.180000 3.000810e+002
2.182000 3.000789e+002
2.184000 3.000769e+002
2.186000 3.000749e+002
2.188000 3.000729e+002
2.190000 3.000710e+002
2.192000 3.000692e+002
2.194000 3.000674e+002
2.196000 3.000656e+002
2.198000 3.000639e+002
2.200000 3.000622e+002
2.202000 3.000606e+002
2.204000 3.000590e+002
2.206000 3.000575e+002
2.208000 3.000559e+002
2.210000 3.000545e+002
2.212000 3.000530e+002
2.214000 3.000516e+002
2.216000 3.000502e+002
2.218000 3.000489e+002
2.220000 3.000476e+002
2.222000 3.000463e+002
2.224000 3.000451e+002
2.226000 3.000439e+002
2.228000 3.000427e+002
2.230000 3.000416e+002
2.232000 3.000405e+002
2.234000 3.000394e+002
2.236000 3.000383e+002
2.238000 3.000373e+002
2.240000 3.000363e+002
2.242000 3.000353e+002
2.244000 3.000343e+002
2.246000 3.000334e+002
2.248000 3.000325e+002
2.250000 3.000316e+002
2.252000 3.000308e+002
2.254000 3.000299e+002
2.256000 3.000291e+002
2.258000 3.000283e+002
2.260000 3.000275e+002
2.262000 3.000268e+002
2.264000 3.000260e+002
2.266000 3.000253e+002
2.268000 3.000246e+002
2.270000 3.000239e+002
2.272000 3.000233e+002
2.274000 3.000226e+002
2.276000 3.000220e+002
2.278000 3.000214e+002
2.280000 3.000208e+002
2.282000 3.000202e+002
2.284000 3.000197e+002
2.286000 3.000191e+002
2.288000 3.000186e+002
2.290000 3.000181e+002
2.292000 3.000176e+002
2.294000 3.000171e+002
2.296000 3.000166e+002
2.298000 3.000161e+002
2.300000 3.000157e+002
2.302000 3.000152e+002
2.304000 3.000148e+002
2.306000 3.000144e+002
2.308000 3.000140e+002
2.310000 3.000136e+002
2.312000 3.000132e+002
2.314000 3.000128e+002
2.316000 3.000124e+002
2.318000 3.000121e+002
2.320000 3.000117e+002
2.322000 3.000114e+002
2.324000 3.000111e+002
2.326000 3.000108e+002
2.328000 3.000105e+002
2.330000 3.000102e+002
2.332000 3.000099e+002
2.334000 3.000096e+002
2.336000 3.000093e+002
2.338000 3.000090e+002
2.340000 3.000088e+002
2.342000 3.000085e+002
2.344000 3.000083e+002
2.346000 3.000080e+002
2.348000 3.000078e+002
2.350000 3.000076e+002
2.352000 3.000074e+002
2.354000 3.000071e+002
2.356000 3.000069e+002
2.358000 3.000067e+002
2.360000 3.000065e+002
2.362000 3.000063e+002
2.364000 3.000061e+002
2.366000 3.000060e+002
2.368000 3.000058e+002
2.370000 3.000056e+002
2.372000 3.000055e+002
2.374000 3.000053e+002
2.376000 3.000051e+002
2.378000 3.000050e+002
2.380000 3.000048e+002
2.382000 3.000047e+002
2.384000 3.000046e+002
2.386000 3.000044e+002
2.388000 3.000043e+002
2.390000 3.000042e+002
2.392000 3.000040e+002
2.394000 3.000039e+002
2.396000 3.000038e+002
2.398000 3.000037e+002
2.400000 3.000036e+002
2.402000 3.000035e+002
2.404000 3.000034e+002
2.406000 3.000033e+002
2.408000 3.000032e+002
2.410000 3.000031e+002
2.412000 3.000030e+002
2.414000 3.000029e+002
2.416000 3.000028e+002
2.418000 3.000027e+002
2.420000 3.000026e+002
2.422000 3.000025e+002
2.424000 3.000025e+002
2.426000 3.000024e+002
2.428000 3.000023e+002
2.430000 3.000022e+002
2.432000 3.000022e+002
2.434000 3.000021e+002
2.436000 3.000020e+002
2.438000 3.000020e+002
2.440000 3.000019e+002
2.442000 3.000019e+002
2.444000 3.000018e+002
2.446000 3.000017e+002
2.448000 3.000017e+002
2.450000 3.000016e+002
2.452000 3.000016e+002
2.454000 3.000015e+002
2.456000 3.000015e+002
2.458000 3.000014e+002
2.460000 3.000014e+002
2.462000 3.000014e+002
2.464000 3.000013e+002
2.466000 3.000013e+002
2.468000 3.000012e+002
2.470000 3.000012e+002
2.472000 3.000012e+002
2.474000 3.000011e+002
2.476000 3.000011e+002
2.478000 3.000010e+002
2.480000 3.000010e+002
2.482000 3.000010e+002
2.484000 3.000010e+002
2.486000 3.000009e+002
2.488000 3.000009e+002
2.490000 3.000009e+002
2.492000 3.000008e+002
2.494000 3.000008e+002
2.496000 3.000008e+002
2.498000 3.000008e+002
2.500000 3.000007e+002
2.502000 3.000007e+002
2.504000 3.000007e+002
2.506000 3.000007e+002
2.508000 3.000006e+002
2.510000 3.000006e+002
2.512000 3.000006e+002
2.514000 3.000006e+002
2.516000 3.000006e+002
2.518000 3.000005e+002
2.520000 3.000005e+002
2.522000 3.000005e+002
2.524000 3.000005e+002
2.526000 3.000005e+002
2.528000 3.000005e+002
2.530000 3.000004e+002
2.532000 3.000004e+002
2.534000 3.000004e+002
2.536000 3.000004e+002
2.538000 3.000004e+002
2.540000 3.000004e+002
2.542000 3.000004e+002
2.544000 3.000004e+002
2.546000 3.000003e+002
2.548000 3.000003e+002
2.550000 3.000003e+002
2.552000 3.000003e+002
2.554000 3.000003e+002
2.556000 3.000003e+002
2.558000 3.000003e+002
2.560000 3.000003e+002
2.562000 3.000003e+002
2.564000 3.000003e+002
2.566000 3.000002e+002
2.568000 3.000002e+002
2.570000 3.000002e+002
2.572000 3.000002e+002
2.574000 3.000002e+002
2.576000 3.000002e+002
2.578000 3.000002e+002
2.580000 3.000002e+002
2.582000 3.000002e+002
2.584000 3.000002e+002
2.586000 3.000002e+002
2.588000 3.000002e+002
2.590000 3.000002e+002
2.592000 3.000002e+002
2.594000 3.000002e+002
2.596000 3.000001e+002
2.598000 3.000001e+002
2.600000 3.000001e+002
2.602000 3.000001e+002
2.604000 3.000001e+002
2.606000 3.000001e+002
2.608000 3.000001e+002
2.610000 3.000001e+002
2.612000 3.000001e+002
2.614000 3.000001e+002
2.616000 3.000001e+002
2.618000 3.000001e+002
2.620000 3.000001e+002
2.622000 3.000001e+002
2.624000 3.000001e+002
2.626000 3.000001e+002
2.628000 3.000001e+002
2.630000 3.000001e+002
2.632000 3.000001e+002
2.634000 3.000001e+002
2.636000 3.000001e+002
2.638000 3.000001e+002
2.640000 3.000001e+002
2.642000 3.000001e+002
2.644000 3.000001e+002
2.646000 3.000001e+002
2.648000 3.000001e+002
2.650000 3.000001e+002
2.652000 3.000001e+002
2.654000 3.000001e+002
2.656000 3.000001e+002
2.658000 3.000000e+002
2.660000 3.000000e+002
2.662000 3.000000e+002
2.664000 3.000000e+002
2.666000 3.000000e+002
2.668000 3.000000e+002
2.670000 3.000000e+002
2.672000 3.000000e+002
2.674000 3.000000e+002
2.676000 3.000000e+002
2.678000 3.000000e+002
2.680000 3.000000e+002
2.682000 3.000000e+002
2.684000 3.000000e+002
2.686000 3.000000e+002
2.688000 3.000000e+002
2.690000 3.000000e+002
2.692000 3.000000e+002
2.694000 3.000000e+002
2.696000 3.000000e+002
2.698000 3.000000e+002
2.700000 3.000000e+002
2.702000 3.000000e+002
2.704000 3.000000e+002
2.706000 3.000000e+002
2.708000 3.000000e+002
2.710000 3.000000e+002
2.712000 3.000000e+002
2.714000 3.000000e+002
2.716000 3.000000e+002
2.718000 3.000000e+002
2.720000 3.000000e+002
2.722000 3.000000e+002
2.724000 3.000000e+002
2.726000 3.000000e+002
2.728000 3.000000e+002
2.730000 3.000000e+002
2.732000 3.000000e+002
2.734000 3.000000e+002
2.736000 3.000000e+002
2.738000 3.000000e+002
2.740000 3.000000e+002
2.742000 3.000000e+002
2.744000 3.000000e+002
2.746000 3.000000e+002
2.748000 3.000000e+002
2.750000 3.000000e+002
2.752000 3.000000e+002
2.754000 3.000000e+002
2.756000 3.000000e+002
2.758000 3.000000e+002
2.760000 3.000000e+002
2.762000 3.000000e+002
2.764000 3.000000e+002
2.766000 3.000000e+002
2.768000 3.000000e+002
2.770000 3.000000e+002
2.772000 3.000000e+002
2.774000 3.000000e+002
2.776000 3.000000e+002
2.778000 3.000000e+002
2.780000 3.000000e+002
2.782000 3.000000e+002
2.784000 3.000000e+002
2.786000 3.000000e+002
2.788000 3.000000e+002
2.790000 3.000000e+002
2.792000 3.000000e+002
2.794000 3.000000e+002
2.796000 3.000000e+002
2.798000 3.000000e+002
2.800000 3.000000e+002
2.802000 3.000000e+002
2.804000 3.000000e+002
2.806000 3.000000e+002
2.808000 3.000000e+002
2.810000 3.000000e+002
2.812000 3.000000e+002
2.814000 3.000000e+002
2.816000 3.000000e+002
2.818000 3.000000e+002
2.820000 3.000000e+002
2.822000 3.000000e+002
2.824000 3.000000e+002
2.826000 3.000000e+002
2.828000 3.000000e+002
2.830000 3.000000e+002
2.832000 3.000000e+002
2.834000 3.000000e+002
2.836000 3.000000e+002
2.838000 3.000000e+002
2.840000 3.000000e+002
2.842000 3.000000e+002
2.844000 3.000000e+002
2.846000 3.000000e+002
2.848000 3.000000e+002
2.850000 3.000000e+002
2.852000 3.000000e+002
2.854000 3.000000e+002
2.856000 3.000000e+002
2.858000 3.000000e+002
2.860000 3.000000e+002
2.862000 3.000000e+002
2.864000 3.000000e+002
2.866000 3.000000e+002
2.868000 3.000000e+002
2.870000 3.000000e+002
2.872000 3.000000e+002
2.874000 3.000000e+002
2.876000 3.000000e+002
2.878000 3.000000e+002
2.880000 3.000000e+002
2.882000 3.000000e+002
2.884000 3.000000e+002
2.886000 3.000000e+002
2.888000 3.000000e+002
2.890000 3.000000e+002
2.892000 3.000000e+002
2.894000 3.000000e+002
2.896000 3.000000e+002
2.898000 3.000000e+002
2.900000 3.000000e+002
2.902000 3.000000e+002
2.904000 3.000000e+002
2.906000 3.000000e+002
2.908000 3.000000e+002
2.910000 3.000000e+002
2.912000 3.000000e+002
2.914000 3.000000e+002
2.916000 3.000000e+002
2.918000 3.000000e+002
2.920000 3.000000e+002
2.922000 3.000000e+002
2.924000 3.000000e+002
2.926000 3.000000e+002
2.928000 3.000000e+002
2.930000 3.000000e+002
2.932000 3.000000e+002
2.934000 3.000000e+002
2.936000 3.000000e+002
2.938000 3.000000e+002
2.940000 3.000000e+002
2.942000 3.000000e+002
2.944000 3.000000e+002
2.946000 3.000000e+002
2.948000 3.000000e+002
2.950000 3.000000e+002
2.952000 3.000000e+002
2.954000 3.000000e+002
2.956000 3.000000e+002
2.958000 3.000000e+002
2.960000 3.000000e+002
2.962000 3.000000e+002
2.964000 3.000000e+002
2.966000 3.000000e+002
2.968000 3.000000e+002
2.970000 3.000000e+002
2.972000 3.000000e+002
2.974000 3.000000e+002
2.976000 3.000000e+002
2.978000 3.000000e+002
2.980000 3.000000e+002
2.982000 3.000000e+002
2.984000 3.000000e+002
2.986000 3.000000e+002
2.988000 3.000000e+002
2.990000 3.000000e+002
2.992000 3.000000e+002
2.994000 3.000000e+002
2.996000 3.000000e+002
2.998000 3.000000e+002
3.000000 3.000000e+002
3.002000 3.000000e+002
3.004000 3.000000e+002
3.006000 3.000000e+002
3.008000 3.000000e+002
3.010000 3.000000e+002
3.012000 3.000000e+002
3.014000 3.000000e+002
3.016000 3.000000e+002
3.018000 3.000000e+002
3.020000 3.000000e+002
3.022000 3.000000e+002
3.024000 3.000000e+002
3.026000 3.000000e+002
3.028000 3.000000e+002
3.030000 3.000000e+002
3.032000 3.000000e+002
3.034000 3.000000e+002
3.036000 3.000000e+002
3.038000 3.000000e+002
3.040000 3.000000e+002
3.042000 3.000000e+002
3.044000 3.000000e+002
3.046000 3.000000e+002
3.048000 3.000000e+002
3.050000 3.000000e+002
3.052000 3.000000e+002
3.054000 3.000000e+002
3.056000 3.000000e+002
3.058000 3.000000e+002
3.060000 3.000000e+002
3.062000 3.000000e+002
3.064000 3.000000e+002
3.066000 3.000000e+002
3.068000 3.000000e+002
3.070000 3.000000e+002
3.072000 3.000000e+002
3.074000 3.000000e+002
3.076000 3.000000e+002
3.078000 3.000000e+002
3.080000 3.000000e+002
3.082000 3.000000e+002
3.084000 3.000000e+002
3.086000 3.000000e+002
3.088000 3.000000e+002
3.090000 3.000000e+002
3.092000 3.000000e+002
3.094000 3.000000e+002
3.096000 3.000000e+002
3.098000 3.000000e+002
3.100000 3.000000e+002
3.102000 3.000000e+002
3.104000 3.000000e+002
3.106000 3.000000e+002
3.108000 3.000000e+002
3.110000 3.000000e+002
3.112000 3.000000e+002
3.114000 3.000000e+002
3.116000 3.000000e+002
3.118000 3.000000e+002
3.120000 3.000000e+002
3.122000 3.000000e+002
3.124000 3.000000e+002
3.126000 3.000000e+002
3.128000 3.000000e+002
3.130000 3.000000e+002
3.132000 3.000000e+002
3.134000 3.000000e+002
3.136000 3.000000e+002
3.138000 3.000000e+002
3.140000 3.000000e+002
3.142000 3.000000e+002
3.144000 3.000000e+002
3.146000 3.000000e+002
3.148000 3.000000e+002
3.150000 3.000000e+002
3.152000 3.000000e+002
3.154000 3.000000e+002
3.156000 3.000000e+002
3.158000 3.000000e+002
3.160000 3.000000e+002
3.162000 3.000000e+002
3.164000 3.000000e+002
3.166000 3.000000e+002
3.168000 3.000000e+002
3.170000 3.000000e+002
3.172000 3.000000e+002
3.174000 3.000000e+002
3.176000 3.000000e+002
3.178000 3.000000e+002
3.180000 3.000000e+002
3.182000 3.000000e+002
3.184000 3.000000e+002
3.186000 3.000000e+002
3.188000 3.000000e+002
3.190000 3.000000e+002
3.192000 3.000000e+002
3.194000 3.000000e+002
3.196000 3.000000e+002
3.198000 3.000000e+002
3.200000 3.000000e+002
3.202000 3.000000e+002
3.204000 3.000000e+002
3.206000 3.000000e+002
3.208000 3.000000e+002
3.210000 3.000000e+002
3.212000 3.000000e+002
3.214000 3.000000e+002
3.216000 3.000000e+002
3.218000 3.000000e+002
3.220000 3.000000e+002
3.222000 3.000000e+002
3.224000 3.000000e+002
3.226000 3.000000e+002
3.228000 3.000000e+002
3.230000 3.000000e+002
3.232000 3.000000e+002
3.234000 3.000000e+002
3.236000 3.000000e+002
3.238000 3.000000e+002
3.240000 3.000000e+002
3.242000 3.000000e+002
3.244000 3.000000e+002
3.246000 3.000000e+002
3.248000 3.000000e+002
3.250000 3.000000e+002
3.252000 3.000000e+002
3.254000 3.000000e+002
3.256000 3.000000e+002
3.258000 3.000000e+002
3.260000 3.000000e+002
3.262000 3.000000e+002
3.264000 3.000000e+002
3.266000 3.000000e+002
3.268000 3.000000e+002
3.270000 3.000000e+002
3.272000 3.000000e+002
3.274000 3.000000e+002
3.276000 3.000000e+002
3.278000 3.000000e+002
3.280000 3.000000e+002
3.282000 3.000000e+002
3.284000 3.000000e+002
3.286000 3.000000e+002
3.288000 3.000000e+002
3.290000 3.000000e+002
3.292000 3.000000e+002
3.294000 3.000000e+002
3.296000 3.000000e+002
3.298000 3.000000e+002
3.300000 3.000000e+002
3.302000 3.000000e+002
3.304000 3.000000e+002
3.306000 3.000000e+002
3.308000 3.000000e+002
3.310000 3.000000e+002
3.312000 3.000000e+002
3.314000 3.000000e+002
3.316000 3.000000e+002
3.318000 3.000000e+002
3.320000 3.000000e+002
3.322000 3.000000e+002
3.324000 3.000000e+002
3.326000 3.000000e+002
3.328000 3.000000e+002
3.330000 3.000000e+002
3.332000 3.000000e+002
3.334000 3.000000e+002
3.336000 3.000000e+002
3.338000 3.000000e+002
3.340000 3.000000e+002
3.342000 3.000000e+002
3.344000 3.000000e+002
3.346000 3.000000e+002
3.348000 3.000000e+002
3.350000 3.000000e+002
3.352000 3.000000e+002
3.354000 3.000000e+002
3.356000 3.000000e+002
3.358000 3.000000e+002
3.360000 3.000000e+002
3.362000 3.000000e+002
3.364000 3.000000e+002
3.366000 3.000000e+002
3.368000 3.000000e+002
3.370000 3.000000e+002
3.372000 3.000000e+002
3.374000 3.000000e+002
3.376000 3.000000e+002
3.378000 3.000000e+002
3.380000 3.000000e+002
3.382000 3.000000e+002
3.384000 3.000000e+002
3.386000 3.000000e+002
3.388000 3.000000e+002
3.390000 3.000000e+002
3.392000 3.000000e+002
3.394000 3.000000e+002
3.396000 3.000000e+002
3.398000 3.000000e+002
3.400000 3.000000e+002
3.402000 3.000000e+002
3.404000 3.000000e+002
3.406000 3.000000e+002
3.408000 3.000000e+002
3.410000 3.000000e+002
3.412000 3.000000e+002
3.414000 3.000000e+002
3.416000 3.000000e+002
3.418000 3.000000e+002
3.420000 3.000000e+002
3.422000 3.000000e+002
3.424000 3.000000e+002
3.426000 3.000000e+002
3.428000 3.000000e+002
3.430000 3.000000e+002
3.432000 3.000000e+002
3.434000 3.000000e+002
3.436000 3.000000e+002
3.438000 3.000000e+002
3.440000 3.000000e+002
3.442000 3.000000e+002
3.444000 3.000000e+002
3.446000 3.000000e+002
3.448000 3.000000e+002
3.450000 3.000000e+002
3.452000 3.000000e+002
3.454000 3.000000e+002
3.456000 3.000000e+002
3.458000 3.000000e+002
3.460000 3.000000e+002
3.462000 3.000000e+002
3.464000 3.000000e+002
3.466000 3.000000e+002
3.468000 3.000000e+002
3.470000 3.000000e+002
3.472000 3.000000e+002
3.474000 3.000000e+002
3.476000 3.000000e+002
3.478000 3.000000e+002
3.480000 3.000000e+002
3.482000 3.000000e+002
3.484000 3.000000e+002
3.486000 3.000000e+002
3.488000 3.000000e+002
3.490000 3.000000e+002
3.492000 3.000000e+002
3.494000 3.000000e+002
3.496000 3.000000e+002
3.498000 3.000000e+002
3.500000 3.000000e+002
3.502000 3.000000e+002
3.504000 3.000000e+002
3.506000 3.000000e+002
3.508000 3.000000e+002
3.510000 3.000000e+002
3.512000 3.000000e+002
3.514000 3.000000e+002
3.516000 3.000000e+002
3.518000 3.000000e+002
3.520000 3.000000e+002
3.522000 3.000000e+002
3.524000 3.000000e+002
3.526000 3.000000e+002
3.528000 3.000000e+002
3.530000 3.000000e+002
3.532000 3.000000e+002
3.534000 3.000000e+002
3.536000 3.000000e+002
3.538000 3.000000e+002
3.540000 3.000000e+002
3.542000 3.000000e+002
3.544000 3.000000e+002
3.546000 3.000000e+002
3.548000 3.000000e+002
3.550000 3.000000e+002
3.552000 3.000000e+002
3.554000 3.000000e+002
3.556000 3.000000e+002
3.558000 3.000000e+002
3.560000 3.000000e+002
3.562000 3.000000e+002
3.564000 3.000000e+002
3.566000 3.000000e+002
3.568000 3.000000e+002
3.570000 3.000000e+002
3.572000 3.000000e+002
3.574000 3.000000e+002
3.576000 3.000000e+002
3.578000 3.000000e+002
3.580000 3.000000e+002
3.582000 3.000000e+002
3.584000 3.000000e+002
3.586000 3.000000e+002
3.588000 3.000000e+002
3.590000 3.000000e+002
3.592000 3.000000e+002
3.594000 3.000000e+002
3.596000 3.000000e+002
3.598000 3.000000e+002
3.600000 3.000000e+002
3.602000 3.000000e+002
3.604000 3.000000e+002
3.606000 3.000000e+002
3.608000 3.000000e+002
3.610000 3.000000e+002
3.612000 3.000000e+002
3.614000 3.000000e+002
3.616000 3.000000e+002
3.618000 3.000000e+002
3.620000 3.000000e+002
3.622000 3.000000e+002
3.624000 3.000000e+002
3.626000 3.000000e+002
3.628000 3.000000e+002
3.630000 3.000000e+002
3.632000 3.000000e+002
3.634000 3.000000e+002
3.636000 3.000000e+002
3.638000 3.000000e+002
3.640000 3.000000e+002
3.642000 3.000000e+002
3.644000 3.000000e+002
3.646000 3.000000e+002
3.648000 3.000000e+002
3.650000 3.000000e+002
3.652000 3.000000e+002
3.654000 3.000000e+002
3.656000 3.000000e+002
3.658000 3.000000e+002
3.660000 3.000000e+002
3.662000 3.000000e+002
3.664000 3.000000e+002
3.666000 3.000000e+002
3.668000 3.000000e+002
3.670000 3.000000e+002
3.672000 3.000000e+002
3.674000 3.000000e+002
3.676000 3.000000e+002
3.678000 3.000000e+002
3.680000 3.000000e+002
3.682000 3.000000e+002
3.684000 3.000000e+002
3.686000 3.000000e+002
3.688000 3.000000e+002
3.690000 3.000000e+002
3.692000 3.000000e+002
3.694000 3.000000e+002
3.696000 3.000000e+002
3.698000 3.000000e+002
3.700000 3.000000e+002
3.702000 3.000000e+002
3.704000 3.000000e+002
3.706000 3.000000e+002
3.708000 3.000000e+002
3.710000 3.000000e+002
3.712000 3.000000e+002
3.714000 3.000000e+002
3.716000 3.000000e+002
3.718000 3.000000e+002
3.720000 3.000000e+002
3.722000 3.000000e+002
3.724000 3.000000e+002
3.726000 3.000000e+002
3.728000 3.000000e+002
3.730000 3.000000e+002
3.732000 3.000000e+002
3.734000 3.000000e+002
3.736000 3.000000e+002
3.738000 3.000000e+002
3.740000 3.000000e+002
3.742000 3.000000e+002
3.744000 3.000000e+002
3.746000 3.000000e+002
3.748000 3.000000e+002
3.750000 3.000000e+002
3.752000 3.000000e+002
3.754000 3.000000e+002
3.756000 3.000000e+002
3.758000 3.000000e+002
3.760000 3.000000e+002
3.762000 3.000000e+002
3.764000 3.000000e+002
3.766000 3.000000e+002
3.768000 3.000000e+002
3.770000 3.000000e+002
3.772000 3.000000e+002
3.774000 3.000000e+002
3.776000 3.000000e+002
3.778000 3.000000e+002
3.780000 3.000000e+002
3.782000 3.000000e+002
3.784000 3.000000e+002
3.786000 3.000000e+002
3.788000 3.000000e+002
3.790000 3.000000e+002
3.792000 3.000000e+002
3.794000 3.000000e+002
3.796000 3.000000e+002
3.798000 3.000000e+002
3.800000 3.000000e+002
3.802000 3.000000e+002
3.804000 3.000000e+002
3.806000 3.000000e+002
3.808000 3.000000e+002
3.810000 3.000000e+002
3.812000 3.000000e+002
3.814000 3.000000e+002
3.816000 3.000000e+002
3.818000 3.000000e+002
3.820000 3.000000e+002
3.822000 3.000000e+002
3.824000 3.000000e+002
3.826000 3.000000e+002
3.828000 3.000000e+002
3.830000 3.000000e+002
3.832000 3.000000e+002
3.834000 3.000000e+002
3.836000 3.000000e+002
3.838000 3.000000e+002
3.840000 3.000000e+002
3.842000 3.000000e+002
3.844000 3.000000e+002
3.846000 3.000000e+002
3.848000 3.000000e+002
3.850000 3.000000e+002
3.852000 3.000000e+002
3.854000 3.000000e+002
3.856000 3.000000e+002
3.858000 3.000000e+002
3.860000 3.000000e+002
3.862000 3.000000e+002
3.864000 3.000000e+002
3.866000 3.000000e+002
3.868000 3.000000e+002
3.870000 3.000000e+002
3.872000 3.000000e+002
3.874000 3.000000e+002
3.876000 3.000000e+002
3.878000 3.000000e+002
3.880000 3.000000e+002
3.882000 3.000000e+002
3.884000 3.000000e+002
3.886000 3.000000e+002
3.888000 3.000000e+002
3.890000 3.000000e+002
3.892000 3.000000e+002
3.894000 3.000000e+002
3.896000 3.000000e+002
3.898000 3.000000e+002
3.900000 3.000000e+002
3.902000 3.000000e+002
3.904000 3.000000e+002
3.906000 3.000000e+002
3.908000 3.000000e+002
3.910000 3.000000e+002
3.912000 3.000000e+002
3.914000 3.000000e+002
3.916000 3.000000e+002
3.918000 3.000000e+002
3.920000 3.000000e+002
3.922000 3.000000e+002
3.924000 3.000000e+002
3.926000 3.000000e+002
3.928000 3.000000e+002
3.930000 3.000000e+002
3.932000 3.000000e+002
3.934000 3.000000e+002
3.936000 3.000000e+002
3.938000 3.000000e+002
3.940000 3.000000e+002
3.942000 3.000000e+002
3.944000 3.000000e+002
3.946000 3.000000e+002
3.948000 3.000000e+002
3.950000 3.000000e+002
3.952000 3.000000e+002
3.954000 3.000000e+002
3.956000 3.000000e+002
3.958000 3.000000e+002
3.960000 3.000000e+002
3.962000 3.000000e+002
3.964000 3.000000e+002
3.966000 3.000000e+002
3.968000 3.000000e+002
3.970000 3.000000e+002
3.972000 3.000000e+002
3.974000 3.000000e+002
3.976000 3.000000e+002
3.978000 3.000000e+002
3.980000 3.000000e+002
3.982000 3.000000e+002
3.984000 3.000000e+002
3.986000 3.000000e+002
3.988000 3.000000e+002
3.990000 3.000000e+002
3.992000 3.000000e+002
3.994000 3.000000e+002
3.996000 3.000000e+002
3.998000 3.000000e+002
