0.000000 3.346187e+002
0.002000 3.384529e+002
0.004000 3.422861e+002
0.006000 3.461182e+002
0.008000 3.499490e+002
0.010000 3.537784e+002
0.012000 3.576063e+002
0.014000 3.614326e+002
0.016000 3.652573e+002
0.018000 3.690801e+002
0.020000 3.729011e+002
0.022000 3.767200e+002
0.024000 3.805368e+002
0.026000 3.843514e+002
0.028000 3.881637e+002
0.030000 3.919735e+002
0.032000 3.957808e+002
0.034000 3.995854e+002
0.036000 4.033873e+002
0.038000 4.071864e+002
0.040000 4.109824e+002
0.042000 4.147754e+002
0.044000 4.185653e+002
0.046000 4.223518e+002
0.048000 4.261350e+002
0.050000 4.299147e+002
0.052000 4.336908e+002
0.054000 4.374632e+002
0.056000 4.412318e+002
0.058000 4.449966e+002
0.060000 4.487573e+002
0.062000 4.525139e+002
0.064000 4.562663e+002
0.066000 4.600143e+002
0.068000 4.637580e+002
0.070000 4.674971e+002
0.072000 4.712317e+002
0.074000 4.749614e+002
0.076000 4.786864e+002
0.078000 4.824065e+002
0.080000 4.861215e+002
0.082000 4.898314e+002
0.084000 4.935360e+002
0.086000 4.972353e+002
0.088000 5.009292e+002
0.090000 5.046176e+002
0.092000 5.083003e+002
0.094000 5.119773e+002
0.096000 5.156485e+002
0.098000 5.193137e+002
0.100000 5.229729e+002
0.102000 5.266259e+002
0.104000 5.302728e+002
0.106000 5.339133e+002
0.108000 5.375474e+002
0.110000 5.411749e+002
0.112000 5.447959e+002
0.114000 5.484101e+002
0.116000 5.520175e+002
0.118000 5.556181e+002
0.120000 5.592116e+002
0.122000 5.627980e+002
0.124000 5.663772e+002
0.126000 5.699491e+002
0.128000 5.735136e+002
0.130000 5.770706e+002
0.132000 5.806201e+002
0.134000 5.841619e+002
0.136000 5.876959e+002
0.138000 5.912221e+002
0.140000 5.947403e+002
0.142000 5.982505e+002
0.144000 6.017526e+002
0.146000 6.052464e+002
0.148000 6.087319e+002
0.150000 6.122090e+002
0.152000 6.156776e+002
0.154000 6.191377e+002
0.156000 6.225890e+002
0.158000 6.260316e+002
0.160000 6.294653e+002
0.162000 6.328900e+002
0.164000 6.363058e+002
0.166000 6.397124e+002
0.168000 6.431098e+002
0.170000 6.464979e+002
0.172000 6.498766e+002
0.174000 6.532459e+002
0.176000 6.566055e+002
0.178000 6.599556e+002
0.180000 6.632959e+002
0.182000 6.666264e+002
0.184000 6.699471e+002
0.186000 6.732577e+002
0.188000 6.765583e+002
0.190000 6.798487e+002
0.192000 6.831289e+002
0.194000 6.863988e+002
0.196000 6.896583e+002
0.198000 6.929073e+002
0.200000 6.961458e+002
0.202000 6.993737e+002
0.204000 7.025908e+002
0.206000 7.057971e+002
0.208000 7.089926e+002
0.210000 7.121771e+002
0.212000 7.153506e+002
0.214000 7.185130e+002
0.216000 7.216642e+002
0.218000 7.248042e+002
0.220000 7.279328e+002
0.222000 7.310500e+002
0.224000 7.341557e+002
0.226000 7.372499e+002
0.228000 7.403324e+002
0.230000 7.434032e+002
0.232000 7.464623e+002
0.234000 7.495095e+002
0.236000 7.525447e+002
0.238000 7.555680e+002
0.240000 7.585792e+002
0.242000 7.615783e+002
0.244000 7.645652e+002
0.246000 7.675398e+002
0.248000 7.705020e+002
0.250000 7.734519e+002
0.252000 7.763892e+002
0.254000 7.793140e+002
0.256000 7.822262e+002
0.258000 7.851258e+002
0.260000 7.880125e+002
0.262000 7.908865e+002
0.264000 7.937476e+002
0.266000 7.965957e+002
0.268000 7.994309e+002
0.270000 8.022530e+002
0.272000 8.050619e+002
0.274000 8.078577e+002
0.276000 8.106402e+002
0.278000 8.134094e+002
0.280000 8.161652e+002
0.282000 8.189076e+002
0.284000 8.216365e+002
0.286000 8.243519e+002
0.288000 8.270536e+002
0.290000 8.297417e+002
0.292000 8.324161e+002
0.294000 8.350767e+002
0.296000 8.377234e+002
0.298000 8.403563e+002
0.300000 8.429752e+002
0.302000 8.455801e+002
0.304000 8.481710e+002
0.306000 8.507478e+002
0.308000 8.533104e+002
0.310000 8.558588e+002
0.312000 8.583930e+002
0.314000 8.609128e+002
0.316000 8.634183e+002
0.318000 8.659094e+002
0.320000 8.683860e+002
0.322000 8.708481e+002
0.324000 8.732957e+002
0.326000 8.757287e+002
0.328000 8.781470e+002
0.330000 8.805506e+002
0.332000 8.829395e+002
0.334000 8.853136e+002
0.336000 8.876729e+002
0.338000 8.900174e+002
0.340000 8.923469e+002
0.342000 8.946614e+002
0.344000 8.969610e+002
0.346000 8.992456e+002
0.348000 9.015150e+002
0.350000 9.037694e+002
0.352000 9.060086e+002
0.354000 9.082326e+002
0.356000 9.104413e+002
0.358000 9.126348e+002
0.360000 9.148130e+002
0.362000 9.169759e+002
0.364000 9.191234e+002
0.366000 9.212554e+002
0.368000 9.233720e+002
0.370000 9.254732e+002
0.372000 9.275588e+002
0.374000 9.296289e+002
0.376000 9.316834e+002
0.378000 9.337223e+002
0.380000 9.357456e+002
0.382000 9.377532e+002
0.384000 9.397451e+002
0.386000 9.417212e+002
0.388000 9.436817e+002
0.390000 9.456263e+002
0.392000 9.475551e+002
0.394000 9.494681e+002
0.396000 9.513652e+002
0.398000 9.532465e+002
0.400000 9.551118e+002
0.402000 9.569612e+002
0.404000 9.587946e+002
0.406000 9.606121e+002
0.408000 9.624135e+002
0.410000 9.641989e+002
0.412000 9.659683e+002
0.414000 9.677216e+002
0.416000 9.694589e+002
0.418000 9.711800e+002
0.420000 9.728850e+002
0.422000 9.745738e+002
0.424000 9.762465e+002
0.426000 9.779030e+002
0.428000 9.795434e+002
0.430000 9.811675e+002
0.432000 9.827754e+002
0.434000 9.843671e+002
0.436000 9.859425e+002
0.438000 9.875016e+002
0.440000 9.890445e+002
0.442000 9.905711e+002
0.444000 9.920814e+002
0.446000 9.935754e+002
0.448000 9.950531e+002
0.450000 9.965144e+002
0.452000 9.979594e+002
0.454000 9.993881e+002
0.456000 1.000800e+003
0.458000 1.002196e+003
0.460000 1.003576e+003
0.462000 1.004939e+003
0.464000 1.006286e+003
0.466000 1.007616e+003
0.468000 1.008931e+003
0.470000 1.010228e+003
0.472000 1.011510e+003
0.474000 1.012774e+003
0.476000 1.014023e+003
0.478000 1.015255e+003
0.480000 1.016471e+003
0.482000 1.017670e+003
0.484000 1.018853e+003
0.486000 1.020019e+003
0.488000 1.021170e+003
0.490000 1.022303e+003
0.492000 1.023421e+003
0.494000 1.024522e+003
0.496000 1.025606e+003
0.498000 1.026674e+003
0.500000 1.027726e+003
0.502000 1.028762e+003
0.504000 1.029781e+003
0.506000 1.030784e+003
0.508000 1.031770e+003
0.510000 1.032740e+003
0.512000 1.033694e+003
0.514000 1.034631e+003
0.516000 1.035552e+003
0.518000 1.036457e+003
0.520000 1.037346e+003
0.522000 1.038218e+003
0.524000 1.039074e+003
0.526000 1.039914e+003
0.528000 1.040737e+003
0.530000 1.041545e+003
0.532000 1.042336e+003
0.534000 1.043111e+003
0.536000 1.043869e+003
0.538000 1.044612e+003
0.540000 1.045338e+003
0.542000 1.046049e+003
0.544000 1.046743e+003
0.546000 1.047421e+003
0.548000 1.048083e+003
0.550000 1.048729e+003
0.552000 1.049359e+003
0.554000 1.049973e+003
0.556000 1.050571e+003
0.558000 1.051152e+003
0.560000 1.051718e+003
0.562000 1.052268e+003
0.564000 1.052803e+003
0.566000 1.053321e+003
0.568000 1.053823e+003
0.570000 1.054310e+003
0.572000 1.054780e+003
0.574000 1.055235e+003
0.576000 1.055674e+003
0.578000 1.056098e+003
0.580000 1.056506e+003
0.582000 1.056898e+003
0.584000 1.057274e+003
0.586000 1.057635e+003
0.588000 1.057980e+003
0.590000 1.058310e+003
0.592000 1.058624e+003
0.594000 1.058922e+003
0.596000 1.059205e+003
0.598000 1.059473e+003
0.600000 1.059725e+003
0.602000 1.059962e+003
0.604000 1.060183e+003
0.606000 1.060390e+003
0.608000 1.060580e+003
0.610000 1.060756e+003
0.612000 1.060916e+003
0.614000 1.061062e+003
0.616000 1.061192e+003
0.618000 1.061307e+003
0.620000 1.061407e+003
0.622000 1.061491e+003
0.624000 1.061561e+003
0.626000 1.061616e+003
0.628000 1.061656e+003
0.630000 1.061681e+003
0.632000 1.061692e+003
0.634000 1.061687e+003
0.636000 1.061668e+003
0.638000 1.061634e+003
0.640000 1.061585e+003
0.642000 1.061521e+003
0.644000 1.061443e+003
0.646000 1.061351e+003
0.648000 1.061244e+003
0.650000 1.061122e+003
0.652000 1.060986e+003
0.654000 1.060836e+003
0.656000 1.060671e+003
0.658000 1.060492e+003
0.660000 1.060299e+003
0.662000 1.060091e+003
0.664000 1.059870e+003
0.666000 1.059634e+003
0.668000 1.059384e+003
0.670000 1.059120e+003
0.672000 1.058842e+003
0.674000 1.058550e+003
0.676000 1.058245e+003
0.678000 1.057925e+003
0.680000 1.057592e+003
0.682000 1.057245e+003
0.684000 1.056884e+003
0.686000 1.056509e+003
0.688000 1.056121e+003
0.690000 1.055720e+003
0.692000 1.055305e+003
0.694000 1.054876e+003
0.696000 1.054434e+003
0.698000 1.053979e+003
0.700000 1.053511e+003
0.702000 1.053029e+003
0.704000 1.052534e+003
0.706000 1.052026e+003
0.708000 1.051505e+003
0.710000 1.050971e+003
0.712000 1.050423e+003
0.714000 1.049863e+003
0.716000 1.049290e+003
0.718000 1.048705e+003
0.720000 1.048106e+003
0.722000 1.047495e+003
0.724000 1.046871e+003
0.726000 1.046235e+003
0.728000 1.045586e+003
0.730000 1.044925e+003
0.732000 1.044251e+003
0.734000 1.043565e+003
0.736000 1.042866e+003
0.738000 1.042156e+003
0.740000 1.041433e+003
0.742000 1.040698e+003
0.744000 1.039951e+003
0.746000 1.039192e+003
0.748000 1.038421e+003
0.750000 1.037638e+003
0.752000 1.036843e+003
0.754000 1.036037e+003
0.756000 1.035219e+003
0.758000 1.034389e+003
0.760000 1.033547e+003
0.762000 1.032695e+003
0.764000 1.031830e+003
0.766000 1.030954e+003
0.768000 1.030067e+003
0.770000 1.029169e+003
0.772000 1.028259e+003
0.774000 1.027338e+003
0.776000 1.026407e+003
0.778000 1.025464e+003
0.780000 1.024510e+003
0.782000 1.023545e+003
0.784000 1.022569e+003
0.786000 1.021583e+003
0.788000 1.020586e+003
0.790000 1.019578e+003
0.792000 1.018560e+003
0.794000 1.017531e+003
0.796000 1.016492e+003
0.798000 1.015442e+003
0.800000 1.014382e+003
0.802000 1.013312e+003
0.804000 1.012231e+003
0.806000 1.011141e+003
0.808000 1.010040e+003
0.810000 1.008929e+003
0.812000 1.007809e+003
0.814000 1.006678e+003
0.816000 1.005538e+003
0.818000 1.004388e+003
0.820000 1.003228e+003
0.822000 1.002059e+003
0.824000 1.000880e+003
0.826000 9.996919e+002
0.828000 9.984943e+002
0.830000 9.972873e+002
0.832000 9.960710e+002
0.834000 9.948456e+002
0.836000 9.936110e+002
0.838000 9.923673e+002
0.840000 9.911147e+002
0.842000 9.898532e+002
0.844000 9.885827e+002
0.846000 9.873035e+002
0.848000 9.860156e+002
0.850000 9.847190e+002
0.852000 9.834138e+002
0.854000 9.821002e+002
0.856000 9.807780e+002
0.858000 9.794475e+002
0.860000 9.781087e+002
0.862000 9.767617e+002
0.864000 9.754064e+002
0.866000 9.740431e+002
0.868000 9.726718e+002
0.870000 9.712924e+002
0.872000 9.699052e+002
0.874000 9.685102e+002
0.876000 9.671074e+002
0.878000 9.656969e+002
0.880000 9.642788e+002
0.882000 9.628532e+002
0.884000 9.614200e+002
0.886000 9.599795e+002
0.888000 9.585316e+002
0.890000 9.570765e+002
0.892000 9.556142e+002
0.894000 9.541447e+002
0.896000 9.526682e+002
0.898000 9.511847e+002
0.900000 9.496943e+002
0.902000 9.481970e+002
0.904000 9.466929e+002
0.906000 9.451822e+002
0.908000 9.436648e+002
0.910000 9.421408e+002
0.912000 9.406103e+002
0.914000 9.390734e+002
0.916000 9.375302e+002
0.918000 9.359806e+002
0.920000 9.344248e+002
0.922000 9.328629e+002
0.924000 9.312949e+002
0.926000 9.297209e+002
0.928000 9.281410e+002
0.930000 9.265552e+002
0.932000 9.249635e+002
0.934000 9.233662e+002
0.936000 9.217632e+002
0.938000 9.201546e+002
0.940000 9.185405e+002
0.942000 9.169209e+002
0.944000 9.152960e+002
0.946000 9.136657e+002
0.948000 9.120302e+002
0.950000 9.103895e+002
0.952000 9.087437e+002
0.954000 9.070929e+002
0.956000 9.054371e+002
0.958000 9.037764e+002
0.960000 9.021109e+002
0.962000 9.004407e+002
0.964000 8.987657e+002
0.966000 8.970861e+002
0.968000 8.954020e+002
0.970000 8.937134e+002
0.972000 8.920204e+002
0.974000 8.903230e+002
0.976000 8.886214e+002
0.978000 8.869155e+002
0.980000 8.852055e+002
0.982000 8.834915e+002
0.984000 8.817734e+002
0.986000 8.800514e+002
0.988000 8.783255e+002
0.990000 8.765958e+002
0.992000 8.748624e+002
0.994000 8.731254e+002
0.996000 8.713847e+002
0.998000 8.696405e+002
1.000000 8.678928e+002
1.002000 8.661418e+002
1.004000 8.643874e+002
1.006000 8.626297e+002
1.008000 8.608689e+002
1.010000 8.591049e+002
1.012000 8.573379e+002
1.014000 8.555678e+002
1.016000 8.537949e+002
1.018000 8.520190e+002
1.020000 8.502404e+002
1.022000 8.484590e+002
1.024000 8.466750e+002
1.026000 8.448884e+002
1.028000 8.430992e+002
1.030000 8.413076e+002
1.032000 8.395135e+002
1.034000 8.377171e+002
1.036000 8.359184e+002
1.038000 8.341176e+002
1.040000 8.323145e+002
1.042000 8.305094e+002
1.044000 8.287022e+002
1.046000 8.268931e+002
1.048000 8.250821e+002
1.050000 8.232693e+002
1.052000 8.214547e+002
1.054000 8.196384e+002
1.056000 8.178205e+002
1.058000 8.160009e+002
1.060000 8.141799e+002
1.062000 8.123574e+002
1.064000 8.105335e+002
1.066000 8.087082e+002
1.068000 8.068817e+002
1.070000 8.050540e+002
1.072000 8.032252e+002
1.074000 8.013952e+002
1.076000 7.995642e+002
1.078000 7.977323e+002
1.080000 7.958994e+002
1.082000 7.940657e+002
1.084000 7.922313e+002
1.086000 7.903960e+002
1.088000 7.885602e+002
1.090000 7.867237e+002
1.092000 7.848866e+002
1.094000 7.830491e+002
1.096000 7.812111e+002
1.098000 7.793728e+002
1.100000 7.775341e+002
1.102000 7.756952e+002
1.104000 7.738561e+002
1.106000 7.720168e+002
1.108000 7.701775e+002
1.110000 7.683381e+002
1.112000 7.664987e+002
1.114000 7.646594e+002
1.116000 7.628203e+002
1.118000 7.609814e+002
1.120000 7.591426e+002
1.122000 7.573043e+002
1.124000 7.554662e+002
1.126000 7.536286e+002
1.128000 7.517914e+002
1.130000 7.499548e+002
1.132000 7.481187e+002
1.134000 7.462833e+002
1.136000 7.444485e+002
1.138000 7.426145e+002
1.140000 7.407813e+002
1.142000 7.389489e+002
1.144000 7.371174e+002
1.146000 7.352869e+002
1.148000 7.334573e+002
1.150000 7.316288e+002
1.152000 7.298014e+002
1.154000 7.279752e+002
1.156000 7.261501e+002
1.158000 7.243263e+002
1.160000 7.225038e+002
1.162000 7.206826e+002
1.164000 7.188629e+002
1.166000 7.170446e+002
1.168000 7.152278e+002
1.170000 7.134125e+002
1.172000 7.115989e+002
1.174000 7.097868e+002
1.176000 7.079765e+002
1.178000 7.061679e+002
1.180000 7.043611e+002
1.182000 7.025561e+002
1.184000 7.007530e+002
1.186000 6.989518e+002
1.188000 6.971526e+002
1.190000 6.953555e+002
1.192000 6.935603e+002
1.194000 6.917673e+002
1.196000 6.899764e+002
1.198000 6.881877e+002
1.200000 6.864013e+002
1.202000 6.846172e+002
1.204000 6.828353e+002
1.206000 6.810559e+002
1.208000 6.792788e+002
1.210000 6.775042e+002
1.212000 6.757321e+002
1.214000 6.739626e+002
1.216000 6.721956e+002
1.218000 6.704312e+002
1.220000 6.686695e+002
1.222000 6.669105e+002
1.224000 6.651543e+002
1.226000 6.634008e+002
1.228000 6.616502e+002
1.230000 6.599024e+002
1.232000 6.581575e+002
1.234000 6.564156e+002
1.236000 6.546766e+002
1.238000 6.529407e+002
1.240000 6.512078e+002
1.242000 6.494780e+002
1.244000 6.477513e+002
1.246000 6.460278e+002
1.248000 6.443075e+002
1.250000 6.425904e+002
1.252000 6.408766e+002
1.254000 6.391661e+002
1.256000 6.374590e+002
1.258000 6.357552e+002
1.260000 6.340549e+002
1.262000 6.323580e+002
1.264000 6.306646e+002
1.266000 6.289746e+002
1.268000 6.272883e+002
1.270000 6.256055e+002
1.272000 6.239264e+002
1.274000 6.222508e+002
1.276000 6.205790e+002
1.278000 6.189109e+002
1.280000 6.172465e+002
1.282000 6.155859e+002
1.284000 6.139291e+002
1.286000 6.122761e+002
1.288000 6.106270e+002
1.290000 6.089818e+002
1.292000 6.073405e+002
1.294000 6.057031e+002
1.296000 6.040697e+002
1.298000 6.024404e+002
1.300000 6.008150e+002
1.302000 5.991938e+002
1.304000 5.975766e+002
1.306000 5.959635e+002
1.308000 5.943546e+002
1.310000 5.927499e+002
1.312000 5.911493e+002
1.314000 5.895530e+002
1.316000 5.879609e+002
1.318000 5.863731e+002
1.320000 5.847896e+002
1.322000 5.832105e+002
1.324000 5.816356e+002
1.326000 5.800652e+002
1.328000 5.784991e+002
1.330000 5.769374e+002
1.332000 5.753802e+002
1.334000 5.738274e+002
1.336000 5.722792e+002
1.338000 5.707354e+002
1.340000 5.691962e+002
1.342000 5.676615e+002
1.344000 5.661314e+002
1.346000 5.646058e+002
1.348000 5.630849e+002
1.350000 5.615686e+002
1.352000 5.600570e+002
1.354000 5.585500e+002
1.356000 5.570477e+002
1.358000 5.555501e+002
1.360000 5.540573e+002
1.362000 5.525692e+002
1.364000 5.510858e+002
1.366000 5.496073e+002
1.368000 5.481335e+002
1.370000 5.466646e+002
1.372000 5.452004e+002
1.374000 5.437411e+002
1.376000 5.422867e+002
1.378000 5.408372e+002
1.380000 5.393925e+002
1.382000 5.379528e+002
1.384000 5.365179e+002
1.386000 5.350881e+002
1.388000 5.336631e+002
1.390000 5.322431e+002
1.392000 5.308281e+002
1.394000 5.294181e+002
1.396000 5.280131e+002
1.398000 5.266131e+002
1.400000 5.252182e+002
1.402000 5.238283e+002
1.404000 5.224434e+002
1.406000 5.210636e+002
1.408000 5.196889e+002
1.410000 5.183192e+002
1.412000 5.169547e+002
1.414000 5.155952e+002
1.416000 5.142409e+002
1.418000 5.128917e+002
1.420000 5.115476e+002
1.422000 5.102087e+002
1.424000 5.088749e+002
1.426000 5.075463e+002
1.428000 5.062229e+002
1.430000 5.049046e+002
1.432000 5.035916e+002
1.434000 5.022837e+002
1.436000 5.009810e+002
1.438000 4.996835e+002
1.440000 4.983913e+002
1.442000 4.971042e+002
1.444000 4.958224e+002
1.446000 4.945458e+002
1.448000 4.932745e+002
1.450000 4.920084e+002
1.452000 4.907475e+002
1.454000 4.894919e+002
1.456000 4.882416e+002
1.458000 4.869965e+002
1.460000 4.857567e+002
1.462000 4.845221e+002
1.464000 4.832928e+002
1.466000 4.820688e+002
1.468000 4.808501e+002
1.470000 4.796366e+002
1.472000 4.784284e+002
1.474000 4.772256e+002
1.476000 4.760280e+002
1.478000 4.748357e+002
1.480000 4.736486e+002
1.482000 4.724669e+002
1.484000 4.712905e+002
1.486000 4.701193e+002
1.488000 4.689535e+002
1.490000 4.677929e+002
1.492000 4.666376e+002
1.494000 4.654876e+002
1.496000 4.643430e+002
1.498000 4.632036e+002
1.500000 4.620695e+002
1.502000 4.609407e+002
1.504000 4.598171e+002
1.506000 4.586989e+002
1.508000 4.575859e+002
1.510000 4.564783e+002
1.512000 4.553759e+002
1.514000 4.542787e+002
1.516000 4.531869e+002
1.518000 4.521003e+002
1.520000 4.510190e+002
1.522000 4.499430e+002
1.524000 4.488722e+002
1.526000 4.478067e+002
1.528000 4.467464e+002
1.530000 4.456914e+002
1.532000 4.446416e+002
1.534000 4.435971e+002
1.536000 4.425578e+002
1.538000 4.415237e+002
1.540000 4.404948e+002
1.542000 4.394712e+002
1.544000 4.384528e+002
1.546000 4.374396e+002
1.548000 4.364315e+002
1.550000 4.354287e+002
1.552000 4.344311e+002
1.554000 4.334386e+002
1.556000 4.324514e+002
1.558000 4.314693e+002
1.560000 4.304923e+002
1.562000 4.295205e+002
1.564000 4.285539e+002
1.566000 4.275924e+002
1.568000 4.266360e+002
1.570000 4.256847e+002
1.572000 4.247386e+002
1.574000 4.237975e+002
1.576000 4.228616e+002
1.578000 4.219307e+002
1.580000 4.210050e+002
1.582000 4.200843e+002
1.584000 4.191686e+002
1.586000 4.182580e+002
1.588000 4.173525e+002
1.590000 4.164519e+002
1.592000 4.155564e+002
1.594000 4.146659e+002
1.596000 4.137805e+002
1.598000 4.129000e+002
1.600000 4.120244e+002
1.602000 4.111539e+002
1.604000 4.102883e+002
1.606000 4.094277e+002
1.608000 4.085720e+002
1.610000 4.077212e+002
1.612000 4.068753e+002
1.614000 4.060343e+002
1.616000 4.051983e+002
1.618000 4.043671e+002
1.620000 4.035408e+002
1.622000 4.027193e+002
1.624000 4.019027e+002
1.626000 4.010909e+002
1.628000 4.002839e+002
1.630000 3.994817e+002
1.632000 3.986843e+002
1.634000 3.978917e+002
1.636000 3.971039e+002
1.638000 3.963208e+002
1.640000 3.955425e+002
1.642000 3.947689e+002
1.644000 3.940000e+002
1.646000 3.932358e+002
1.648000 3.924763e+002
1.650000 3.917215e+002
1.652000 3.909713e+002
1.654000 3.902258e+002
1.656000 3.894849e+002
1.658000 3.887486e+002
1.660000 3.880170e+002
1.662000 3.872899e+002
1.664000 3.865674e+002
1.666000 3.858494e+002
1.668000 3.851360e+002
1.670000 3.844272e+002
1.672000 3.837228e+002
1.674000 3.830230e+002
1.676000 3.823276e+002
1.678000 3.816367e+002
1.680000 3.809503e+002
1.682000 3.802683e+002
1.684000 3.795907e+002
1.686000 3.789175e+002
1.688000 3.782488e+002
1.690000 3.775844e+002
1.692000 3.769244e+002
1.694000 3.762687e+002
1.696000 3.756173e+002
1.698000 3.749703e+002
1.700000 3.743276e+002
1.702000 3.736892e+002
1.704000 3.730550e+002
1.706000 3.724251e+002
1.708000 3.717994e+002
1.710000 3.711779e+002
1.712000 3.705607e+002
1.714000 3.699476e+002
1.716000 3.693387e+002
1.718000 3.687339e+002
1.720000 3.681333e+002
1.722000 3.675369e+002
1.724000 3.669445e+002
1.726000 3.663562e+002
1.728000 3.657720e+002
1.730000 3.651918e+002
1.732000 3.646157e+002
1.734000 3.640436e+002
1.736000 3.634755e+002
1.738000 3.629113e+002
1.740000 3.623512e+002
1.742000 3.617950e+002
1.744000 3.612428e+002
1.746000 3.606944e+002
1.748000 3.601500e+002
1.750000 3.596094e+002
1.752000 3.590728e+002
1.754000 3.585399e+002
1.756000 3.580109e+002
1.758000 3.574858e+002
1.760000 3.569644e+002
1.762000 3.564468e+002
1.764000 3.559329e+002
1.766000 3.554228e+002
1.768000 3.549165e+002
1.770000 3.544138e+002
1.772000 3.539149e+002
1.774000 3.534196e+002
1.776000 3.529280e+002
1.778000 3.524400e+002
1.780000 3.519557e+002
1.782000 3.514749e+002
1.784000 3.509978e+002
1.786000 3.505242e+002
1.788000 3.500542e+002
1.790000 3.495877e+002
1.792000 3.491247e+002
1.794000 3.486653e+002
1.796000 3.482093e+002
1.798000 3.477568e+002
1.800000 3.473077e+002
1.802000 3.468621e+002
1.804000 3.464199e+002
1.806000 3.459810e+002
1.808000 3.455456e+002
1.810000 3.451135e+002
1.812000 3.446848e+002
1.814000 3.442594e+002
1.816000 3.438373e+002
1.818000 3.434185e+002
1.820000 3.430029e+002
1.822000 3.425906e+002
1.824000 3.421816e+002
1.826000 3.417758e+002
1.828000 3.413732e+002
1.830000 3.409737e+002
1.832000 3.405775e+002
1.834000 3.401844e+002
1.836000 3.397944e+002
1.838000 3.394075e+002
1.840000 3.390238e+002
1.842000 3.386431e+002
1.844000 3.382655e+002
1.846000 3.378909e+002
1.848000 3.375193e+002
1.850000 3.371508e+002
1.852000 3.367853e+002
1.854000 3.364227e+002
1.856000 3.360631e+002
1.858000 3.357065e+002
1.860000 3.353528e+002
1.862000 3.350019e+002
1.864000 3.346540e+002
1.866000 3.343090e+002
1.868000 3.339668e+002
1.870000 3.336274e+002
1.872000 3.332909e+002
1.874000 3.329571e+002
1.876000 3.326262e+002
1.878000 3.322980e+002
1.880000 3.319726e+002
1.882000 3.316500e+002
1.884000 3.313300e+002
1.886000 3.310128e+002
1.888000 3.306982e+002
1.890000 3.303863e+002
1.892000 3.300771e+002
1.894000 3.297705e+002
1.896000 3.294666e+002
1.898000 3.291652e+002
1.900000 3.288664e+002
1.902000 3.285702e+002
1.904000 3.282766e+002
1.906000 3.279855e+002
1.908000 3.276969e+002
1.910000 3.274108e+002
1.912000 3.271272e+002
1.914000 3.268461e+002
1.916000 3.265674e+002
1.918000 3.262912e+002
1.920000 3.260174e+002
1.922000 3.257461e+002
1.924000 3.254771e+002
1.926000 3.252105e+002
1.928000 3.249462e+002
1.930000 3.246843e+002
1.932000 3.244248e+002
1.934000 3.241675e+002
1.936000 3.239126e+002
1.938000 3.236599e+002
1.940000 3.234095e+002
1.942000 3.231613e+002
1.944000 3.229154e+002
1.946000 3.226717e+002
1.948000 3.224302e+002
1.950000 3.221909e+002
1.952000 3.219538e+002
1.954000 3.217188e+002
1.956000 3.214860e+002
1.958000 3.212553e+002
1.960000 3.210268e+002
1.962000 3.208003e+002
1.964000 3.205759e+002
1.966000 3.203536e+002
1.968000 3.201333e+002
1.970000 3.199151e+002
1.972000 3.196989e+002
1.974000 3.194847e+002
1.976000 3.192725e+002
1.978000 3.190623e+002
1.980000 3.188541e+002
1.982000 3.186478e+002
1.984000 3.184434e+002
1.986000 3.182410e+002
1.988000 3.180405e+002
1.990000 3.178419e+002
1.992000 3.176451e+002
1.994000 3.174503e+002
1.996000 3.172572e+002
1.998000 3.170661e+002
2.000000 3.168767e+002
2.002000 3.166892e+002
2.004000 3.165034e+002
2.006000 3.163195e+002
2.008000 3.161373e+002
2.010000 3.159568e+002
2.012000 3.157782e+002
2.014000 3.156012e+002
2.016000 3.154260e+002
2.018000 3.152524e+002
2.020000 3.150806e+002
2.022000 3.149104e+002
2.024000 3.147419e+002
2.026000 3.145751e+002
2.028000 3.144099e+002
2.030000 3.142463e+002
2.032000 3.140843e+002
2.034000 3.139239e+002
2.036000 3.137652e+002
2.038000 3.136079e+002
2.040000 3.134523e+002
2.042000 3.132982e+002
2.044000 3.131456e+002
2.046000 3.129946e+002
2.048000 3.128451e+002
2.050000 3.126970e+002
2.052000 3.125505e+002
2.054000 3.124054e+002
2.056000 3.122618e+002
2.058000 3.121197e+002
2.060000 3.119790e+002
2.062000 3.118397e+002
2.064000 3.117018e+002
2.066000 3.115653e+002
2.068000 3.114303e+002
2.070000 3.112966e+002
2.072000 3.111642e+002
2.074000 3.110333e+002
2.076000 3.109037e+002
2.078000 3.107754e+002
2.080000 3.106484e+002
2.082000 3.105228e+002
2.084000 3.103984e+002
2.086000 3.102754e+002
2.088000 3.101536e+002
2.090000 3.100331e+002
2.092000 3.099138e+002
2.094000 3.097958e+002
2.096000 3.096790e+002
2.098000 3.095635e+002
2.100000 3.094492e+002
2.102000 3.093360e+002
2.104000 3.092241e+002
2.106000 3.091133e+002
2.108000 3.090038e+002
2.110000 3.088953e+002
2.112000 3.087881e+002
2.114000 3.086819e+002
2.116000 3.085769e+002
2.118000 3.084731e+002
2.120000 3.083703e+002
2.122000 3.082686e+002
2.124000 3.081681e+002
2.126000 3.080686e+002
2.128000 3.079702e+002
2.130000 3.078728e+002
2.132000 3.077765e+002
2.134000 3.076813e+002
2.136000 3.075870e+002
2.138000 3.074938e+002
2.140000 3.074016e+002
2.142000 3.073105e+002
2.144000 3.072203e+002
2.146000 3.071311e+002
2.148000 3.070429e+002
2.150000 3.069556e+002
2.152000 3.068693e+002
2.154000 3.067840e+002
2.156000 3.066996e+002
2.158000 3.066161e+002
2.160000 3.065336e+002
2.162000 3.064520e+002
2.164000 3.063713e+002
2.166000 3.062915e+002
2.168000 3.062125e+002
2.170000 3.061345e+002
2.172000 3.060573e+002
2.174000 3.059810e+002
2.176000 3.059056e+002
2.178000 3.058310e+002
2.180000 3.057572e+002
2.182000 3.056843e+002
2.184000 3.056122e+002
2.186000 3.055409e+002
2.188000 3.054705e+002
2.190000 3.054008e+002
2.192000 3.053319e+002
2.194000 3.052638e+002
2.196000 3.051965e+002
2.198000 3.051300e+002
2.200000 3.050642e+002
2.202000 3.049991e+002
2.204000 3.049349e+002
2.206000 3.048713e+002
2.208000 3.048085e+002
2.210000 3.047464e+002
2.212000 3.046851e+002
2.214000 3.046244e+002
2.216000 3.045645e+002
2.218000 3.045052e+002
2.220000 3.044467e+002
2.222000 3.043888e+002
2.224000 3.043316e+002
2.226000 3.042751e+002
2.228000 3.042192e+002
2.230000 3.041640e+002
2.232000 3.041095e+002
2.234000 3.040555e+002
2.236000 3.040023e+002
2.238000 3.039496e+002
2.240000 3.038976e+002
2.242000 3.038462e+002
2.244000 3.037954e+002
2.246000 3.037452e+002
2.248000 3.036956e+002
2.250000 3.036466e+002
2.252000 3.035982e+002
2.254000 3.035503e+002
2.256000 3.035031e+002
2.258000 3.034564e+002
2.260000 3.034103e+002
2.262000 3.033647e+002
2.264000 3.033197e+002
2.266000 3.032752e+002
2.268000 3.032312e+002
2.270000 3.031878e+002
2.272000 3.031449e+002
2.274000 3.031026e+002
2.276000 3.030607e+002
2.278000 3.030194e+002
2.280000 3.029786e+002
2.282000 3.029382e+002
2.284000 3.028984e+002
2.286000 3.028591e+002
2.288000 3.028202e+002
2.290000 3.027818e+002
2.292000 3.027439e+002
2.294000 3.027065e+002
2.296000 3.026695e+002
2.298000 3.026330e+002
2.300000 3.025969e+002
2.302000 3.025613e+002
2.304000 3.025261e+002
2.306000 3.024914e+002
2.308000 3.024571e+002
2.310000 3.024232e+002
2.312000 3.023897e+002
2.314000 3.023567e+002
2.316000 3.023241e+002
2.318000 3.022919e+002
2.320000 3.022601e+002
2.322000 3.022287e+002
2.324000 3.021977e+002
2.326000 3.021671e+002
2.328000 3.021369e+002
2.330000 3.021071e+002
2.332000 3.020776e+002
2.334000 3.020485e+002
2.336000 3.020198e+002
2.338000 3.019915e+002
2.340000 3.019635e+002
2.342000 3.019359e+002
2.344000 3.019086e+002
2.346000 3.018817e+002
2.348000 3.018551e+002
2.350000 3.018289e+002
2.352000 3.018030e+002
2.354000 3.017774e+002
2.356000 3.017522e+002
2.358000 3.017273e+002
2.360000 3.017028e+002
2.362000 3.016785e+002
2.364000 3.016546e+002
2.366000 3.016309e+002
2.368000 3.016076e+002
2.370000 3.015846e+002
2.372000 3.015619e+002
2.374000 3.015395e+002
2.376000 3.015174e+002
2.378000 3.014955e+002
2.380000 3.014740e+002
2.382000 3.014528e+002
2.384000 3.014318e+002
2.386000 3.014111e+002
2.388000 3.013907e+002
2.390000 3.013705e+002
2.392000 3.013506e+002
2.394000 3.013310e+002
2.396000 3.013117e+002
2.398000 3.012926e+002
2.400000 3.012737e+002
2.402000 3.012551e+002
2.404000 3.012368e+002
2.406000 3.012187e+002
2.408000 3.012008e+002
2.410000 3.011832e+002
2.412000 3.011658e+002
2.414000 3.011487e+002
2.416000 3.011318e+002
2.418000 3.011151e+002
2.420000 3.010987e+002
2.422000 3.010824e+002
2.424000 3.010664e+002
2.426000 3.010506e+002
2.428000 3.010350e+002
2.430000 3.010197e+002
2.432000 3.010045e+002
2.434000 3.009896e+002
2.436000 3.009748e+002
2.438000 3.009603e+002
2.440000 3.009460e+002
2.442000 3.009318e+002
2.444000 3.009179e+002
2.446000 3.009041e+002
2.448000 3.008905e+002
2.450000 3.008772e+002
2.452000 3.008640e+002
2.454000 3.008510e+002
2.456000 3.008381e+002
2.458000 3.008255e+002
2.460000 3.008130e+002
2.462000 3.008007e+002
2.464000 3.007886e+002
2.466000 3.007766e+002
2.468000 3.007648e+002
2.470000 3.007532e+002
2.472000 3.007418e+002
2.474000 3.007305e+002
2.476000 3.007193e+002
2.478000 3.007083e+002
2.480000 3.006975e+002
2.482000 3.006868e+002
2.484000 3.006763e+002
2.486000 3.006659e+002
2.488000 3.006557e+002
2.490000 3.006456e+002
2.492000 3.006357e+002
2.494000 3.006259e+002
2.496000 3.006162e+002
2.498000 3.006067e+002
2.500000 3.005973e+002
2.502000 3.005881e+002
2.504000 3.005790e+002
2.506000 3.005700e+002
2.508000 3.005611e+002
2.510000 3.005524e+002
2.512000 3.005438e+002
2.514000 3.005353e+002
2.516000 3.005270e+002
2.518000 3.005187e+002
2.520000 3.005106e+002
2.522000 3.005026e+002
2.524000 3.004947e+002
2.526000 3.004870e+002
2.528000 3.004793e+002
2.530000 3.004718e+002
2.532000 3.004644e+002
2.534000 3.004570e+002
2.536000 3.004498e+002
2.538000 3.004427e+002
2.540000 3.004357e+002
2.542000 3.004288e+002
2.544000 3.004220e+002
2.546000 3.004153e+002
2.548000 3.004087e+002
2.550000 3.004022e+002
2.552000 3.003958e+002
2.554000 3.003895e+002
2.556000 3.003833e+002
2.558000 3.003771e+002
2.560000 3.003711e+002
2.562000 3.003652e+002
2.564000 3.003593e+002
2.566000 3.003535e+002
2.568000 3.003479e+002
2.570000 3.003423e+002
2.572000 3.003368e+002
2.574000 3.003313e+002
2.576000 3.003260e+002
2.578000 3.003207e+002
2.580000 3.003155e+002
2.582000 3.003104e+002
2.584000 3.003054e+002
2.586000 3.003004e+002
2.588000 3.002955e+002
2.590000 3.002907e+002
2.592000 3.002860e+002
2.594000 3.002813e+002
2.596000 3.002767e+002
2.598000 3.002722e+002
2.600000 3.002678e+002
2.602000 3.002634e+002
2.604000 3.002591e+002
2.606000 3.002548e+002
2.608000 3.002506e+002
2.610000 3.002465e+002
2.612000 3.002425e+002
2.614000 3.002385e+002
2.616000 3.002345e+002
2.618000 3.002306e+002
2.620000 3.002268e+002
2.622000 3.002231e+002
2.624000 3.002194e+002
2.626000 3.002157e+002
2.628000 3.002122e+002
2.630000 3.002086e+002
2.632000 3.002052e+002
2.634000 3.002017e+002
2.636000 3.001984e+002
2.638000 3.001951e+002
2.640000 3.001918e+002
2.642000 3.001886e+002
2.644000 3.001854e+002
2.646000 3.001823e+002
2.648000 3.001793e+002
2.650000 3.001763e+002
2.652000 3.001733e+002
2.654000 3.001704e+002
2.656000 3.001675e+002
2.658000 3.001647e+002
2.660000 3.001619e+002
2.662000 3.001592e+002
2.664000 3.001565e+002
2.666000 3.001538e+002
2.668000 3.001512e+002
2.670000 3.001486e+002
2.672000 3.001461e+002
2.674000 3.001436e+002
2.676000 3.001412e+002
2.678000 3.001388e+002
2.680000 3.001364e+002
2.682000 3.001341e+002
2.684000 3.001318e+002
2.686000 3.001295e+002
2.688000 3.001273e+002
2.690000 3.001251e+002
2.692000 3.001230e+002
2.694000 3.001208e+002
2.696000 3.001188e+002
2.698000 3.001167e+002
2.700000 3.001147e+002
2.702000 3.001127e+002
2.704000 3.001108e+002
2.706000 3.001089e+002
2.708000 3.001070e+002
2.710000 3.001051e+002
2.712000 3.001033e+002
2.714000 3.001015e+002
2.716000 3.000997e+002
2.718000 3.000980e+002
2.720000 3.000963e+002
2.722000 3.000946e+002
2.724000 3.000930e+002
2.726000 3.000913e+002
2.728000 3.000897e+002
2.730000 3.000882e+002
2.732000 3.000866e+002
2.734000 3.000851e+002
2.736000 3.000836e+002
2.738000 3.000821e+002
2.740000 3.000807e+002
2.742000 3.000793e+002
2.744000 3.000779e+002
2.746000 3.000765e+002
2.748000 3.000751e+002
2.750000 3.000738e+002
2.752000 3.000725e+002
2.754000 3.000712e+002
2.756000 3.000699e+002
2.758000 3.000687e+002
2.760000 3.000675e+002
2.762000 3.000663e+002
2.764000 3.000651e+002
2.766000 3.000639e+002
2.768000 3.000628e+002
2.770000 3.000617e+002
2.772000 3.000606e+002
2.774000 3.000595e+002
2.776000 3.000584e+002
2.778000 3.000574e+002
2.780000 3.000563e+002
2.782000 3.000553e+002
2.784000 3.000543e+002
2.786000 3.000534e+002
2.788000 3.000524e+002
2.790000 3.000514e+002
2.792000 3.000505e+002
2.794000 3.000496e+002
2.796000 3.000487e+002
2.798000 3.000478e+002
2.800000 3.000469e+002
2.802000 3.000461e+002
2.804000 3.000453e+002
2.806000 3.000444e+002
2.808000 3.000436e+002
2.810000 3.000428e+002
2.812000 3.000420e+002
2.814000 3.000413e+002
2.816000 3.000405e+002
2.818000 3.000398e+002
2.820000 3.000391e+002
2.822000 3.000383e+002
2.824000 3.000376e+002
2.826000 3.000369e+002
2.828000 3.000363e+002
2.830000 3.000356e+002
2.832000 3.000349e+002
2.834000 3.000343e+002
2.836000 3.000337e+002
2.838000 3.000330e+002
2.840000 3.000324e+002
2.842000 3.000318e+002
2.844000 3.000312e+002
2.846000 3.000307e+002
2.848000 3.000301e+002
2.850000 3.000295e+002
2.852000 3.000290e+002
2.854000 3.000284e+002
2.856000 3.000279e+002
2.858000 3.000274e+002
2.860000 3.000269e+002
2.862000 3.000264e+002
2.864000 3.000259e+002
2.866000 3.000254e+002
2.868000 3.000249e+002
2.870000 3.000244e+002
2.872000 3.000240e+002
2.874000 3.000235e+002
2.876000 3.000231e+002
2.878000 3.000227e+002
2.880000 3.000222e+002
2.882000 3.000218e+002
2.884000 3.000214e+002
2.886000 3.000210e+002
2.888000 3.000206e+002
2.890000 3.000202e+002
2.892000 3.000198e+002
2.894000 3.000194e+002
2.896000 3.000191e+002
2.898000 3.000187e+002
2.900000 3.000184e+002
2.902000 3.000180e+002
2.904000 3.000177e+002
2.906000 3.000173e+002
2.908000 3.000170e+002
2.910000 3.000167e+002
2.912000 3.000163e+002
2.914000 3.000160e+002
2.916000 3.000157e+002
2.918000 3.000154e+002
2.920000 3.000151e+002
2.922000 3.000148e+002
2.924000 3.000146e+002
2.926000 3.000143e+002
2.928000 3.000140e+002
2.930000 3.000137e+002
2.932000 3.000135e+002
2.934000 3.000132e+002
2.936000 3.000129e+002
2.938000 3.000127e+002
2.940000 3.000124e+002
2.942000 3.000122e+002
2.944000 3.000120e+002
2.946000 3.000117e+002
2.948000 3.000115e+002
2.950000 3.000113e+002
2.952000 3.000111e+002
2.954000 3.000108e+002
2.956000 3.000106e+002
2.958000 3.000104e+002
2.960000 3.000102e+002
2.962000 3.000100e+002
2.964000 3.000098e+002
2.966000 3.000096e+002
2.968000 3.000094e+002
2.970000 3.000093e+002
2.972000 3.000091e+002
2.974000 3.000089e+002
2.976000 3.000087e+002
2.978000 3.000085e+002
2.980000 3.000084e+002
2.982000 3.000082e+002
2.984000 3.000080e+002
2.986000 3.000079e+002
2.988000 3.000077e+002
2.990000 3.000076e+002
2.992000 3.000074e+002
2.994000 3.000073e+002
2.996000 3.000071e+002
2.998000 3.000070e+002
3.000000 3.000069e+002
3.002000 3.000067e+002
3.004000 3.000066e+002
3.006000 3.000065e+002
3.008000 3.000063e+002
3.010000 3.000062e+002
3.012000 3.000061e+002
3.014000 3.000059e+002
3.016000 3.000058e+002
3.018000 3.000057e+002
3.020000 3.000056e+002
3.022000 3.000055e+002
3.024000 3.000054e+002
3.026000 3.000053e+002
3.028000 3.000052e+002
3.030000 3.000051e+002
3.032000 3.000050e+002
3.034000 3.000049e+002
3.036000 3.000048e+002
3.038000 3.000047e+002
3.040000 3.000046e+002
3.042000 3.000045e+002
3.044000 3.000044e+002
3.046000 3.000043e+002
3.048000 3.000042e+002
3.050000 3.000041e+002
3.052000 3.000040e+002
3.054000 3.000039e+002
3.056000 3.000039e+002
3.058000 3.000038e+002
3.060000 3.000037e+002
3.062000 3.000036e+002
3.064000 3.000036e+002
3.066000 3.000035e+002
3.068000 3.000034e+002
3.070000 3.000033e+002
3.072000 3.000033e+002
3.074000 3.000032e+002
3.076000 3.000031e+002
3.078000 3.000031e+002
3.080000 3.000030e+002
3.082000 3.000030e+002
3.084000 3.000029e+002
3.086000 3.000028e+002
3.088000 3.000028e+002
3.090000 3.000027e+002
3.092000 3.000027e+002
3.094000 3.000026e+002
3.096000 3.000025e+002
3.098000 3.000025e+002
3.100000 3.000024e+002
3.102000 3.000024e+002
3.104000 3.000023e+002
3.106000 3.000023e+002
3.108000 3.000022e+002
3.110000 3.000022e+002
3.112000 3.000022e+002
3.114000 3.000021e+002
3.116000 3.000021e+002
3.118000 3.000020e+002
3.120000 3.000020e+002
3.122000 3.000019e+002
3.124000 3.000019e+002
3.126000 3.000019e+002
3.128000 3.000018e+002
3.130000 3.000018e+002
3.132000 3.000017e+002
3.134000 3.000017e+002
3.136000 3.000017e+002
3.138000 3.000016e+002
3.140000 3.000016e+002
3.142000 3.000016e+002
3.144000 3.000015e+002
3.146000 3.000015e+002
3.148000 3.000015e+002
3.150000 3.000014e+002
3.152000 3.000014e+002
3.154000 3.000014e+002
3.156000 3.000013e+002
3.158000 3.000013e+002
3.160000 3.000013e+002
3.162000 3.000013e+002
3.164000 3.000012e+002
3.166000 3.000012e+002
3.168000 3.000012e+002
3.170000 3.000012e+002
3.172000 3.000011e+002
3.174000 3.000011e+002
3.176000 3.000011e+002
3.178000 3.000011e+002
3.180000 3.000010e+002
3.182000 3.000010e+002
3.184000 3.000010e+002
3.186000 3.000010e+002
3.188000 3.000009e+002
3.190000 3.000009e+002
3.192000 3.000009e+002
3.194000 3.000009e+002
3.196000 3.000009e+002
3.198000 3.000009e+002
3.200000 3.000008e+002
3.202000 3.000008e+002
3.204000 3.000008e+002
3.206000 3.000008e+002
3.208000 3.000008e+002
3.210000 3.000007e+002
3.212000 3.000007e+002
3.214000 3.000007e+002
3.216000 3.000007e+002
3.218000 3.000007e+002
3.220000 3.000007e+002
3.222000 3.000007e+002
3.224000 3.000006e+002
3.226000 3.000006e+002
3.228000 3.000006e+002
3.230000 3.000006e+002
3.232000 3.000006e+002
3.234000 3.000006e+002
3.236000 3.000006e+002
3.238000 3.000005e+002
3.240000 3.000005e+002
3.242000 3.000005e+002
3.244000 3.000005e+002
3.246000 3.000005e+002
3.248000 3.000005e+002
3.250000 3.000005e+002
3.252000 3.000005e+002
3.254000 3.000005e+002
3.256000 3.000004e+002
3.258000 3.000004e+002
3.260000 3.000004e+002
3.262000 3.000004e+002
3.264000 3.000004e+002
3.266000 3.000004e+002
3.268000 3.000004e+002
3.270000 3.000004e+002
3.272000 3.000004e+002
3.274000 3.000004e+002
3.276000 3.000004e+002
3.278000 3.000003e+002
3.280000 3.000003e+002
3.282000 3.000003e+002
3.284000 3.000003e+002
3.286000 3.000003e+002
3.288000 3.000003e+002
3.290000 3.000003e+002
3.292000 3.000003e+002
3.294000 3.000003e+002
3.296000 3.000003e+002
3.298000 3.000003e+002
3.300000 3.000003e+002
3.302000 3.000003e+002
3.304000 3.000003e+002
3.306000 3.000003e+002
3.308000 3.000002e+002
3.310000 3.000002e+002
3.312000 3.000002e+002
3.314000 3.000002e+002
3.316000 3.000002e+002
3.318000 3.000002e+002
3.320000 3.000002e+002
3.322000 3.000002e+002
3.324000 3.000002e+002
3.326000 3.000002e+002
3.328000 3.000002e+002
3.330000 3.000002e+002
3.332000 3.000002e+002
3.334000 3.000002e+002
3.336000 3.000002e+002
3.338000 3.000002e+002
3.340000 3.000002e+002
3.342000 3.000002e+002
3.344000 3.000002e+002
3.346000 3.000002e+002
3.348000 3.000002e+002
3.350000 3.000002e+002
3.352000 3.000001e+002
3.354000 3.000001e+002
3.356000 3.000001e+002
3.358000 3.000001e+002
3.360000 3.000001e+002
3.362000 3.000001e+002
3.364000 3.000001e+002
3.366000 3.000001e+002
3.368000 3.000001e+002
3.370000 3.000001e+002
3.372000 3.000001e+002
3.374000 3.000001e+002
3.376000 3.000001e+002
3.378000 3.000001e+002
3.380000 3.000001e+002
3.382000 3.000001e+002
3.384000 3.000001e+002
3.386000 3.000001e+002
3.388000 3.000001e+002
3.390000 3.000001e+002
3.392000 3.000001e+002
3.394000 3.000001e+002
3.396000 3.000001e+002
3.398000 3.000001e+002
3.400000 3.000001e+002
3.402000 3.000001e+002
3.404000 3.000001e+002
3.406000 3.000001e+002
3.408000 3.000001e+002
3.410000 3.000001e+002
3.412000 3.000001e+002
3.414000 3.000001e+002
3.416000 3.000001e+002
3.418000 3.000001e+002
3.420000 3.000001e+002
3.422000 3.000001e+002
3.424000 3.000001e+002
3.426000 3.000001e+002
3.428000 3.000001e+002
3.430000 3.000001e+002
3.432000 3.000001e+002
3.434000 3.000001e+002
3.436000 3.000001e+002
3.438000 3.000001e+002
3.440000 3.000001e+002
3.442000 3.000001e+002
3.444000 3.000000e+002
3.446000 3.000000e+002
3.448000 3.000000e+002
3.450000 3.000000e+002
3.452000 3.000000e+002
3.454000 3.000000e+002
3.456000 3.000000e+002
3.458000 3.000000e+002
3.460000 3.000000e+002
3.462000 3.000000e+002
3.464000 3.000000e+002
3.466000 3.000000e+002
3.468000 3.000000e+002
3.470000 3.000000e+002
3.472000 3.000000e+002
3.474000 3.000000e+002
3.476000 3.000000e+002
3.478000 3.000000e+002
3.480000 3.000000e+002
3.482000 3.000000e+002
3.484000 3.000000e+002
3.486000 3.000000e+002
3.488000 3.000000e+002
3.490000 3.000000e+002
3.492000 3.000000e+002
3.494000 3.000000e+002
3.496000 3.000000e+002
3.498000 3.000000e+002
3.500000 3.000000e+002
3.502000 3.000000e+002
3.504000 3.000000e+002
3.506000 3.000000e+002
3.508000 3.000000e+002
3.510000 3.000000e+002
3.512000 3.000000e+002
3.514000 3.000000e+002
3.516000 3.000000e+002
3.518000 3.000000e+002
3.520000 3.000000e+002
3.522000 3.000000e+002
3.524000 3.000000e+002
3.526000 3.000000e+002
3.528000 3.000000e+002
3.530000 3.000000e+002
3.532000 3.000000e+002
3.534000 3.000000e+002
3.536000 3.000000e+002
3.538000 3.000000e+002
3.540000 3.000000e+002
3.542000 3.000000e+002
3.544000 3.000000e+002
3.546000 3.000000e+002
3.548000 3.000000e+002
3.550000 3.000000e+002
3.552000 3.000000e+002
3.554000 3.000000e+002
3.556000 3.000000e+002
3.558000 3.000000e+002
3.560000 3.000000e+002
3.562000 3.000000e+002
3.564000 3.000000e+002
3.566000 3.000000e+002
3.568000 3.000000e+002
3.570000 3.000000e+002
3.572000 3.000000e+002
3.574000 3.000000e+002
3.576000 3.000000e+002
3.578000 3.000000e+002
3.580000 3.000000e+002
3.582000 3.000000e+002
3.584000 3.000000e+002
3.586000 3.000000e+002
3.588000 3.000000e+002
3.590000 3.000000e+002
3.592000 3.000000e+002
3.594000 3.000000e+002
3.596000 3.000000e+002
3.598000 3.000000e+002
3.600000 3.000000e+002
3.602000 3.000000e+002
3.604000 3.000000e+002
3.606000 3.000000e+002
3.608000 3.000000e+002
3.610000 3.000000e+002
3.612000 3.000000e+002
3.614000 3.000000e+002
3.616000 3.000000e+002
3.618000 3.000000e+002
3.620000 3.000000e+002
3.622000 3.000000e+002
3.624000 3.000000e+002
3.626000 3.000000e+002
3.628000 3.000000e+002
3.630000 3.000000e+002
3.632000 3.000000e+002
3.634000 3.000000e+002
3.636000 3.000000e+002
3.638000 3.000000e+002
3.640000 3.000000e+002
3.642000 3.000000e+002
3.644000 3.000000e+002
3.646000 3.000000e+002
3.648000 3.000000e+002
3.650000 3.000000e+002
3.652000 3.000000e+002
3.654000 3.000000e+002
3.656000 3.000000e+002
3.658000 3.000000e+002
3.660000 3.000000e+002
3.662000 3.000000e+002
3.664000 3.000000e+002
3.666000 3.000000e+002
3.668000 3.000000e+002
3.670000 3.000000e+002
3.672000 3.000000e+002
3.674000 3.000000e+002
3.676000 3.000000e+002
3.678000 3.000000e+002
3.680000 3.000000e+002
3.682000 3.000000e+002
3.684000 3.000000e+002
3.686000 3.000000e+002
3.688000 3.000000e+002
3.690000 3.000000e+002
3.692000 3.000000e+002
3.694000 3.000000e+002
3.696000 3.000000e+002
3.698000 3.000000e+002
3.700000 3.000000e+002
3.702000 3.000000e+002
3.704000 3.000000e+002
3.706000 3.000000e+002
3.708000 3.000000e+002
3.710000 3.000000e+002
3.712000 3.000000e+002
3.714000 3.000000e+002
3.716000 3.000000e+002
3.718000 3.000000e+002
3.720000 3.000000e+002
3.722000 3.000000e+002
3.724000 3.000000e+002
3.726000 3.000000e+002
3.728000 3.000000e+002
3.730000 3.000000e+002
3.732000 3.000000e+002
3.734000 3.000000e+002
3.736000 3.000000e+002
3.738000 3.000000e+002
3.740000 3.000000e+002
3.742000 3.000000e+002
3.744000 3.000000e+002
3.746000 3.000000e+002
3.748000 3.000000e+002
3.750000 3.000000e+002
3.752000 3.000000e+002
3.754000 3.000000e+002
3.756000 3.000000e+002
3.758000 3.000000e+002
3.760000 3.000000e+002
3.762000 3.000000e+002
3.764000 3.000000e+002
3.766000 3.000000e+002
3.768000 3.000000e+002
3.770000 3.000000e+002
3.772000 3.000000e+002
3.774000 3.000000e+002
3.776000 3.000000e+002
3.778000 3.000000e+002
3.780000 3.000000e+002
3.782000 3.000000e+002
3.784000 3.000000e+002
3.786000 3.000000e+002
3.788000 3.000000e+002
3.790000 3.000000e+002
3.792000 3.000000e+002
3.794000 3.000000e+002
3.796000 3.000000e+002
3.798000 3.000000e+002
3.800000 3.000000e+002
3.802000 3.000000e+002
3.804000 3.000000e+002
3.806000 3.000000e+002
3.808000 3.000000e+002
3.810000 3.000000e+002
3.812000 3.000000e+002
3.814000 3.000000e+002
3.816000 3.000000e+002
3.818000 3.000000e+002
3.820000 3.000000e+002
3.822000 3.000000e+002
3.824000 3.000000e+002
3.826000 3.000000e+002
3.828000 3.000000e+002
3.830000 3.000000e+002
3.832000 3.000000e+002
3.834000 3.000000e+002
3.836000 3.000000e+002
3.838000 3.000000e+002
3.840000 3.000000e+002
3.842000 3.000000e+002
3.844000 3.000000e+002
3.846000 3.000000e+002
3.848000 3.000000e+002
3.850000 3.000000e+002
3.852000 3.000000e+002
3.854000 3.000000e+002
3.856000 3.000000e+002
3.858000 3.000000e+002
3.860000 3.000000e+002
3.862000 3.000000e+002
3.864000 3.000000e+002
3.866000 3.000000e+002
3.868000 3.000000e+002
3.870000 3.000000e+002
3.872000 3.000000e+002
3.874000 3.000000e+002
3.876000 3.000000e+002
3.878000 3.000000e+002
3.880000 3.000000e+002
3.882000 3.000000e+002
3.884000 3.000000e+002
3.886000 3.000000e+002
3.888000 3.000000e+002
3.890000 3.000000e+002
3.892000 3.000000e+002
3.894000 3.000000e+002
3.896000 3.000000e+002
3.898000 3.000000e+002
3.900000 3.000000e+002
3.902000 3.000000e+002
3.904000 3.000000e+002
3.906000 3.000000e+002
3.908000 3.000000e+002
3.910000 3.000000e+002
3.912000 3.000000e+002
3.914000 3.000000e+002
3.916000 3.000000e+002
3.918000 3.000000e+002
3.920000 3.000000e+002
3.922000 3.000000e+002
3.924000 3.000000e+002
3.926000 3.000000e+002
3.928000 3.000000e+002
3.930000 3.000000e+002
3.932000 3.000000e+002
3.934000 3.000000e+002
3.936000 3.000000e+002
3.938000 3.000000e+002
3.940000 3.000000e+002
3.942000 3.000000e+002
3.944000 3.000000e+002
3.946000 3.000000e+002
3.948000 3.000000e+002
3.950000 3.000000e+002
3.952000 3.000000e+002
3.954000 3.000000e+002
3.956000 3.000000e+002
3.958000 3.000000e+002
3.960000 3.000000e+002
3.962000 3.000000e+002
3.964000 3.000000e+002
3.966000 3.000000e+002
3.968000 3.000000e+002
3.970000 3.000000e+002
3.972000 3.000000e+002
3.974000 3.000000e+002
3.976000 3.000000e+002
3.978000 3.000000e+002
3.980000 3.000000e+002
3.982000 3.000000e+002
3.984000 3.000000e+002
3.986000 3.000000e+002
3.988000 3.000000e+002
3.990000 3.000000e+002
3.992000 3.000000e+002
3.994000 3.000000e+002
3.996000 3.000000e+002
3.998000 3.000000e+002
