0.000000 3.278267e+002
0.002000 3.308989e+002
0.004000 3.339703e+002
0.006000 3.370410e+002
0.008000 3.401107e+002
0.010000 3.431795e+002
0.012000 3.462473e+002
0.014000 3.493139e+002
0.016000 3.523793e+002
0.018000 3.554435e+002
0.020000 3.585064e+002
0.022000 3.615678e+002
0.024000 3.646277e+002
0.026000 3.676861e+002
0.028000 3.707429e+002
0.030000 3.737979e+002
0.032000 3.768512e+002
0.034000 3.799026e+002
0.036000 3.829521e+002
0.038000 3.859996e+002
0.040000 3.890450e+002
0.042000 3.920882e+002
0.044000 3.951293e+002
0.046000 3.981680e+002
0.048000 4.012044e+002
0.050000 4.042383e+002
0.052000 4.072697e+002
0.054000 4.102985e+002
0.056000 4.133247e+002
0.058000 4.163481e+002
0.060000 4.193687e+002
0.062000 4.223864e+002
0.064000 4.254012e+002
0.066000 4.284130e+002
0.068000 4.314216e+002
0.070000 4.344271e+002
0.072000 4.374293e+002
0.074000 4.404283e+002
0.076000 4.434238e+002
0.078000 4.464159e+002
0.080000 4.494045e+002
0.082000 4.523894e+002
0.084000 4.553707e+002
0.086000 4.583483e+002
0.088000 4.613220e+002
0.090000 4.642919e+002
0.092000 4.672578e+002
0.094000 4.702197e+002
0.096000 4.731774e+002
0.098000 4.761310e+002
0.100000 4.790804e+002
0.102000 4.820255e+002
0.104000 4.849662e+002
0.106000 4.879025e+002
0.108000 4.908342e+002
0.110000 4.937614e+002
0.112000 4.966839e+002
0.114000 4.996017e+002
0.116000 5.025147e+002
0.118000 5.054228e+002
0.120000 5.083260e+002
0.122000 5.112243e+002
0.124000 5.141174e+002
0.126000 5.170054e+002
0.128000 5.198883e+002
0.130000 5.227659e+002
0.132000 5.256381e+002
0.134000 5.285049e+002
0.136000 5.313663e+002
0.138000 5.342222e+002
0.140000 5.370724e+002
0.142000 5.399170e+002
0.144000 5.427559e+002
0.146000 5.455889e+002
0.148000 5.484161e+002
0.150000 5.512374e+002
0.152000 5.540527e+002
0.154000 5.568619e+002
0.156000 5.596651e+002
0.158000 5.624620e+002
0.160000 5.652527e+002
0.162000 5.680370e+002
0.164000 5.708150e+002
0.166000 5.735866e+002
0.168000 5.763517e+002
0.170000 5.791102e+002
0.172000 5.818620e+002
0.174000 5.846072e+002
0.176000 5.873456e+002
0.178000 5.900773e+002
0.180000 5.928020e+002
0.182000 5.955198e+002
0.184000 5.982306e+002
0.186000 6.009344e+002
0.188000 6.036310e+002
0.190000 6.063205e+002
0.192000 6.090027e+002
0.194000 6.116776e+002
0.196000 6.143452e+002
0.198000 6.170053e+002
0.200000 6.196580e+002
0.202000 6.223032e+002
0.204000 6.249407e+002
0.206000 6.275706e+002
0.208000 6.301929e+002
0.210000 6.328073e+002
0.212000 6.354139e+002
0.214000 6.380127e+002
0.216000 6.406035e+002
0.218000 6.431863e+002
0.220000 6.457610e+002
0.222000 6.483277e+002
0.224000 6.508862e+002
0.226000 6.534365e+002
0.228000 6.559786e+002
0.230000 6.585123e+002
0.232000 6.610376e+002
0.234000 6.635545e+002
0.236000 6.660629e+002
0.238000 6.685628e+002
0.240000 6.710541e+002
0.242000 6.735368e+002
0.244000 6.760108e+002
0.246000 6.784760e+002
0.248000 6.809324e+002
0.250000 6.833800e+002
0.252000 6.858187e+002
0.254000 6.882484e+002
0.256000 6.906692e+002
0.258000 6.930809e+002
0.260000 6.954835e+002
0.262000 6.978769e+002
0.264000 7.002612e+002
0.266000 7.026362e+002
0.268000 7.050019e+002
0.270000 7.073583e+002
0.272000 7.097053e+002
0.274000 7.120428e+002
0.276000 7.143709e+002
0.278000 7.166894e+002
0.280000 7.189984e+002
0.282000 7.212978e+002
0.284000 7.235875e+002
0.286000 7.258674e+002
0.288000 7.281377e+002
0.290000 7.303981e+002
0.292000 7.326487e+002
0.294000 7.348894e+002
0.296000 7.371201e+002
0.298000 7.393409e+002
0.300000 7.415517e+002
0.302000 7.437524e+002
0.304000 7.459431e+002
0.306000 7.481236e+002
0.308000 7.502939e+002
0.310000 7.524540e+002
0.312000 7.546038e+002
0.314000 7.567433e+002
0.316000 7.588725e+002
0.318000 7.609913e+002
0.320000 7.630997e+002
0.322000 7.651976e+002
0.324000 7.672850e+002
0.326000 7.693619e+002
0.328000 7.714283e+002
0.330000 7.734840e+002
0.332000 7.755291e+002
0.334000 7.775635e+002
0.336000 7.795872e+002
0.338000 7.816001e+002
0.340000 7.836023e+002
0.342000 7.855936e+002
0.344000 7.875741e+002
0.346000 7.895437e+002
0.348000 7.915024e+002
0.350000 7.934501e+002
0.352000 7.953868e+002
0.354000 7.973125e+002
0.356000 7.992272e+002
0.358000 8.011308e+002
0.360000 8.030232e+002
0.362000 8.049046e+002
0.364000 8.067747e+002
0.366000 8.086337e+002
0.368000 8.104814e+002
0.370000 8.123178e+002
0.372000 8.141430e+002
0.374000 8.159569e+002
0.376000 8.177593e+002
0.378000 8.195505e+002
0.380000 8.213302e+002
0.382000 8.230985e+002
0.384000 8.248553e+002
0.386000 8.266007e+002
0.388000 8.283346e+002
0.390000 8.300569e+002
0.392000 8.317677e+002
0.394000 8.334668e+002
0.396000 8.351544e+002
0.398000 8.368304e+002
0.400000 8.384947e+002
0.402000 8.401474e+002
0.404000 8.417883e+002
0.406000 8.434175e+002
0.408000 8.450350e+002
0.410000 8.466408e+002
0.412000 8.482347e+002
0.414000 8.498169e+002
0.416000 8.513872e+002
0.418000 8.529457e+002
0.420000 8.544924e+002
0.422000 8.560271e+002
0.424000 8.575500e+002
0.426000 8.590610e+002
0.428000 8.605600e+002
0.430000 8.620471e+002
0.432000 8.635222e+002
0.434000 8.649854e+002
0.436000 8.664365e+002
0.438000 8.678756e+002
0.440000 8.693028e+002
0.442000 8.707178e+002
0.444000 8.721209e+002
0.446000 8.735118e+002
0.448000 8.748907e+002
0.450000 8.762575e+002
0.452000 8.776122e+002
0.454000 8.789547e+002
0.456000 8.802852e+002
0.458000 8.816035e+002
0.460000 8.829096e+002
0.462000 8.842036e+002
0.464000 8.854854e+002
0.466000 8.867550e+002
0.468000 8.880125e+002
0.470000 8.892577e+002
0.472000 8.904907e+002
0.474000 8.917115e+002
0.476000 8.929201e+002
0.478000 8.941165e+002
0.480000 8.953006e+002
0.482000 8.964725e+002
0.484000 8.976321e+002
0.486000 8.987795e+002
0.488000 8.999146e+002
0.490000 9.010375e+002
0.492000 9.021480e+002
0.494000 9.032463e+002
0.496000 9.043324e+002
0.498000 9.054061e+002
0.500000 9.064676e+002
0.502000 9.075168e+002
0.504000 9.085537e+002
0.506000 9.095783e+002
0.508000 9.105906e+002
0.510000 9.115906e+002
0.512000 9.125783e+002
0.514000 9.135538e+002
0.516000 9.145169e+002
0.518000 9.154678e+002
0.520000 9.164064e+002
0.522000 9.173326e+002
0.524000 9.182466e+002
0.526000 9.191483e+002
0.528000 9.200378e+002
0.530000 9.209149e+002
0.532000 9.217798e+002
0.534000 9.226324e+002
0.536000 9.234727e+002
0.538000 9.243008e+002
0.540000 9.251166e+002
0.542000 9.259202e+002
0.544000 9.267115e+002
0.546000 9.274906e+002
0.548000 9.282575e+002
0.550000 9.290121e+002
0.552000 9.297545e+002
0.554000 9.304847e+002
0.556000 9.312027e+002
0.558000 9.319085e+002
0.560000 9.326021e+002
0.562000 9.332836e+002
0.564000 9.339528e+002
0.566000 9.346099e+002
0.568000 9.352549e+002
0.570000 9.358877e+002
0.572000 9.365084e+002
0.574000 9.371170e+002
0.576000 9.377135e+002
0.578000 9.382979e+002
0.580000 9.388702e+002
0.582000 9.394305e+002
0.584000 9.399787e+002
0.586000 9.405148e+002
0.588000 9.410390e+002
0.590000 9.415511e+002
0.592000 9.420512e+002
0.594000 9.425394e+002
0.596000 9.430156e+002
0.598000 9.434798e+002
0.600000 9.439321e+002
0.602000 9.443725e+002
0.604000 9.448010e+002
0.606000 9.452176e+002
0.608000 9.456223e+002
0.610000 9.460152e+002
0.612000 9.463962e+002
0.614000 9.467655e+002
0.616000 9.471229e+002
0.618000 9.474686e+002
0.620000 9.478025e+002
0.622000 9.481247e+002
0.624000 9.484351e+002
0.626000 9.487339e+002
0.628000 9.490210e+002
0.630000 9.492964e+002
0.632000 9.495603e+002
0.634000 9.498125e+002
0.636000 9.500531e+002
0.638000 9.502821e+002
0.640000 9.504996e+002
0.642000 9.507056e+002
0.644000 9.509001e+002
0.646000 9.510831e+002
0.648000 9.512546e+002
0.650000 9.514148e+002
0.652000 9.515635e+002
0.654000 9.517009e+002
0.656000 9.518269e+002
0.658000 9.519416e+002
0.660000 9.520449e+002
0.662000 9.521370e+002
0.664000 9.522179e+002
0.666000 9.522875e+002
0.668000 9.523460e+002
0.670000 9.523933e+002
0.672000 9.524294e+002
0.674000 9.524544e+002
0.676000 9.524684e+002
0.678000 9.524713e+002
0.680000 9.524631e+002
0.682000 9.524440e+002
0.684000 9.524139e+002
0.686000 9.523729e+002
0.688000 9.523209e+002
0.690000 9.522581e+002
0.692000 9.521844e+002
0.694000 9.520999e+002
0.696000 9.520047e+002
0.698000 9.518986e+002
0.700000 9.517819e+002
0.702000 9.516544e+002
0.704000 9.515163e+002
0.706000 9.513676e+002
0.708000 9.512083e+002
0.710000 9.510384e+002
0.712000 9.508580e+002
0.714000 9.506671e+002
0.716000 9.504657e+002
0.718000 9.502539e+002
0.720000 9.500317e+002
0.722000 9.497991e+002
0.724000 9.495562e+002
0.726000 9.493030e+002
0.728000 9.490396e+002
0.730000 9.487659e+002
0.732000 9.484821e+002
0.734000 9.481881e+002
0.736000 9.478840e+002
0.738000 9.475698e+002
0.740000 9.472456e+002
0.742000 9.469114e+002
0.744000 9.465672e+002
0.746000 9.462130e+002
0.748000 9.458490e+002
0.750000 9.454751e+002
0.752000 9.450914e+002
0.754000 9.446979e+002
0.756000 9.442947e+002
0.758000 9.438818e+002
0.760000 9.434592e+002
0.762000 9.430270e+002
0.764000 9.425852e+002
0.766000 9.421338e+002
0.768000 9.416730e+002
0.770000 9.412027e+002
0.772000 9.407229e+002
0.774000 9.402337e+002
0.776000 9.397352e+002
0.778000 9.392274e+002
0.780000 9.387104e+002
0.782000 9.381841e+002
0.784000 9.376486e+002
0.786000 9.371039e+002
0.788000 9.365502e+002
0.790000 9.359874e+002
0.792000 9.354156e+002
0.794000 9.348348e+002
0.796000 9.342450e+002
0.798000 9.336464e+002
0.800000 9.330389e+002
0.802000 9.324226e+002
0.804000 9.317975e+002
0.806000 9.311637e+002
0.808000 9.305213e+002
0.810000 9.298701e+002
0.812000 9.292104e+002
0.814000 9.285422e+002
0.816000 9.278654e+002
0.818000 9.271802e+002
0.820000 9.264865e+002
0.822000 9.257845e+002
0.824000 9.250741e+002
0.826000 9.243554e+002
0.828000 9.236285e+002
0.830000 9.228934e+002
0.832000 9.221502e+002
0.834000 9.213988e+002
0.836000 9.206394e+002
0.838000 9.198719e+002
0.840000 9.190965e+002
0.842000 9.183132e+002
0.844000 9.175219e+002
0.846000 9.167228e+002
0.848000 9.159160e+002
0.850000 9.151013e+002
0.852000 9.142790e+002
0.854000 9.134490e+002
0.856000 9.126115e+002
0.858000 9.117663e+002
0.860000 9.109137e+002
0.862000 9.100535e+002
0.864000 9.091860e+002
0.866000 9.083110e+002
0.868000 9.074288e+002
0.870000 9.065392e+002
0.872000 9.056424e+002
0.874000 9.047385e+002
0.876000 9.038273e+002
0.878000 9.029091e+002
0.880000 9.019839e+002
0.882000 9.010516e+002
0.884000 9.001124e+002
0.886000 8.991663e+002
0.888000 8.982133e+002
0.890000 8.972535e+002
0.892000 8.962870e+002
0.894000 8.953137e+002
0.896000 8.943338e+002
0.898000 8.933472e+002
0.900000 8.923541e+002
0.902000 8.913545e+002
0.904000 8.903484e+002
0.906000 8.893358e+002
0.908000 8.883169e+002
0.910000 8.872916e+002
0.912000 8.862601e+002
0.914000 8.852223e+002
0.916000 8.841784e+002
0.918000 8.831283e+002
0.920000 8.820721e+002
0.922000 8.810098e+002
0.924000 8.799416e+002
0.926000 8.788675e+002
0.928000 8.777874e+002
0.930000 8.767015e+002
0.932000 8.756098e+002
0.934000 8.745124e+002
0.936000 8.734092e+002
0.938000 8.723004e+002
0.940000 8.711860e+002
0.942000 8.700661e+002
0.944000 8.689406e+002
0.946000 8.678097e+002
0.948000 8.666734e+002
0.950000 8.655317e+002
0.952000 8.643847e+002
0.954000 8.632324e+002
0.956000 8.620750e+002
0.958000 8.609123e+002
0.960000 8.597446e+002
0.962000 8.585718e+002
0.964000 8.573939e+002
0.966000 8.562111e+002
0.968000 8.550234e+002
0.970000 8.538308e+002
0.972000 8.526334e+002
0.974000 8.514312e+002
0.976000 8.502243e+002
0.978000 8.490128e+002
0.980000 8.477965e+002
0.982000 8.465758e+002
0.984000 8.453504e+002
0.986000 8.441206e+002
0.988000 8.428864e+002
0.990000 8.416478e+002
0.992000 8.404049e+002
0.994000 8.391576e+002
0.996000 8.379061e+002
0.998000 8.366505e+002
1.000000 8.353907e+002
1.002000 8.341268e+002
1.004000 8.328588e+002
1.006000 8.315869e+002
1.008000 8.303110e+002
1.010000 8.290312e+002
1.012000 8.277476e+002
1.014000 8.264601e+002
1.016000 8.251689e+002
1.018000 8.238740e+002
1.020000 8.225755e+002
1.022000 8.212733e+002
1.024000 8.199675e+002
1.026000 8.186583e+002
1.028000 8.173456e+002
1.030000 8.160294e+002
1.032000 8.147099e+002
1.034000 8.133870e+002
1.036000 8.120609e+002
1.038000 8.107316e+002
1.040000 8.093990e+002
1.042000 8.080633e+002
1.044000 8.067246e+002
1.046000 8.053828e+002
1.048000 8.040380e+002
1.050000 8.026902e+002
1.052000 8.013396e+002
1.054000 7.999860e+002
1.056000 7.986297e+002
1.058000 7.972706e+002
1.060000 7.959088e+002
1.062000 7.945444e+002
1.064000 7.931773e+002
1.066000 7.918076e+002
1.068000 7.904354e+002
1.070000 7.890607e+002
1.072000 7.876836e+002
1.074000 7.863041e+002
1.076000 7.849223e+002
1.078000 7.835381e+002
1.080000 7.821517e+002
1.082000 7.807630e+002
1.084000 7.793722e+002
1.086000 7.779793e+002
1.088000 7.765843e+002
1.090000 7.751873e+002
1.092000 7.737883e+002
1.094000 7.723874e+002
1.096000 7.709845e+002
1.098000 7.695798e+002
1.100000 7.681733e+002
1.102000 7.667651e+002
1.104000 7.653551e+002
1.106000 7.639434e+002
1.108000 7.625301e+002
1.110000 7.611152e+002
1.112000 7.596988e+002
1.114000 7.582809e+002
1.116000 7.568615e+002
1.118000 7.554407e+002
1.120000 7.540185e+002
1.122000 7.525950e+002
1.124000 7.511702e+002
1.126000 7.497442e+002
1.128000 7.483170e+002
1.130000 7.468886e+002
1.132000 7.454591e+002
1.134000 7.440285e+002
1.136000 7.425969e+002
1.138000 7.411644e+002
1.140000 7.397308e+002
1.142000 7.382964e+002
1.144000 7.368611e+002
1.146000 7.354249e+002
1.148000 7.339880e+002
1.150000 7.325504e+002
1.152000 7.311120e+002
1.154000 7.296730e+002
1.156000 7.282333e+002
1.158000 7.267931e+002
1.160000 7.253524e+002
1.162000 7.239111e+002
1.164000 7.224694e+002
1.166000 7.210273e+002
1.168000 7.195847e+002
1.170000 7.181419e+002
1.172000 7.166987e+002
1.174000 7.152553e+002
1.176000 7.138117e+002
1.178000 7.123679e+002
1.180000 7.109239e+002
1.182000 7.094798e+002
1.184000 7.080357e+002
1.186000 7.065915e+002
1.188000 7.051473e+002
1.190000 7.037032e+002
1.192000 7.022591e+002
1.194000 7.008152e+002
1.196000 6.993714e+002
1.198000 6.979279e+002
1.200000 6.964845e+002
1.202000 6.950414e+002
1.204000 6.935987e+002
1.206000 6.921562e+002
1.208000 6.907142e+002
1.210000 6.892725e+002
1.212000 6.878313e+002
1.214000 6.863906e+002
1.216000 6.849504e+002
1.218000 6.835108e+002
1.220000 6.820717e+002
1.222000 6.806333e+002
1.224000 6.791955e+002
1.226000 6.777585e+002
1.228000 6.763221e+002
1.230000 6.748865e+002
1.232000 6.734517e+002
1.234000 6.720178e+002
1.236000 6.705847e+002
1.238000 6.691525e+002
1.240000 6.677212e+002
1.242000 6.662909e+002
1.244000 6.648616e+002
1.246000 6.634333e+002
1.248000 6.620061e+002
1.250000 6.605800e+002
1.252000 6.591550e+002
1.254000 6.577312e+002
1.256000 6.563085e+002
1.258000 6.548871e+002
1.260000 6.534669e+002
1.262000 6.520480e+002
1.264000 6.506304e+002
1.266000 6.492142e+002
1.268000 6.477993e+002
1.270000 6.463859e+002
1.272000 6.449739e+002
1.274000 6.435633e+002
1.276000 6.421543e+002
1.278000 6.407467e+002
1.280000 6.393408e+002
1.282000 6.379364e+002
1.284000 6.365336e+002
1.286000 6.351324e+002
1.288000 6.337330e+002
1.290000 6.323352e+002
1.292000 6.309392e+002
1.294000 6.295449e+002
1.296000 6.281524e+002
1.298000 6.267617e+002
1.300000 6.253728e+002
1.302000 6.239858e+002
1.304000 6.226007e+002
1.306000 6.212175e+002
1.308000 6.198363e+002
1.310000 6.184570e+002
1.312000 6.170798e+002
1.314000 6.157045e+002
1.316000 6.143313e+002
1.318000 6.129602e+002
1.320000 6.115912e+002
1.322000 6.102243e+002
1.324000 6.088595e+002
1.326000 6.074969e+002
1.328000 6.061366e+002
1.330000 6.047784e+002
1.332000 6.034225e+002
1.334000 6.020689e+002
1.336000 6.007175e+002
1.338000 5.993685e+002
1.340000 5.980218e+002
1.342000 5.966775e+002
1.344000 5.953356e+002
1.346000 5.939961e+002
1.348000 5.926590e+002
1.350000 5.913244e+002
1.352000 5.899922e+002
1.354000 5.886626e+002
1.356000 5.873355e+002
1.358000 5.860109e+002
1.360000 5.846889e+002
1.362000 5.833695e+002
1.364000 5.820526e+002
1.366000 5.807384e+002
1.368000 5.794269e+002
1.370000 5.781180e+002
1.372000 5.768118e+002
1.374000 5.755083e+002
1.376000 5.742076e+002
1.378000 5.729096e+002
1.380000 5.716143e+002
1.382000 5.703218e+002
1.384000 5.690322e+002
1.386000 5.677454e+002
1.388000 5.664614e+002
1.390000 5.651802e+002
1.392000 5.639020e+002
1.394000 5.626266e+002
1.396000 5.613542e+002
1.398000 5.600847e+002
1.400000 5.588181e+002
1.402000 5.575545e+002
1.404000 5.562939e+002
1.406000 5.550362e+002
1.408000 5.537816e+002
1.410000 5.525300e+002
1.412000 5.512815e+002
1.414000 5.500360e+002
1.416000 5.487936e+002
1.418000 5.475543e+002
1.420000 5.463182e+002
1.422000 5.450851e+002
1.424000 5.438552e+002
1.426000 5.426284e+002
1.428000 5.414048e+002
1.430000 5.401844e+002
1.432000 5.389672e+002
1.434000 5.377532e+002
1.436000 5.365424e+002
1.438000 5.353348e+002
1.440000 5.341305e+002
1.442000 5.329295e+002
1.444000 5.317317e+002
1.446000 5.305373e+002
1.448000 5.293461e+002
1.450000 5.281583e+002
1.452000 5.269737e+002
1.454000 5.257926e+002
1.456000 5.246147e+002
1.458000 5.234403e+002
1.460000 5.222692e+002
1.462000 5.211015e+002
1.464000 5.199372e+002
1.466000 5.187763e+002
1.468000 5.176188e+002
1.470000 5.164647e+002
1.472000 5.153141e+002
1.474000 5.141669e+002
1.476000 5.130232e+002
1.478000 5.118830e+002
1.480000 5.107462e+002
1.482000 5.096130e+002
1.484000 5.084832e+002
1.486000 5.073569e+002
1.488000 5.062342e+002
1.490000 5.051149e+002
1.492000 5.039992e+002
1.494000 5.028871e+002
1.496000 5.017785e+002
1.498000 5.006734e+002
1.500000 4.995719e+002
1.502000 4.984740e+002
1.504000 4.973797e+002
1.506000 4.962889e+002
1.508000 4.952018e+002
1.510000 4.941182e+002
1.512000 4.930383e+002
1.514000 4.919620e+002
1.516000 4.908892e+002
1.518000 4.898202e+002
1.520000 4.887547e+002
1.522000 4.876929e+002
1.524000 4.866347e+002
1.526000 4.855802e+002
1.528000 4.845293e+002
1.530000 4.834821e+002
1.532000 4.824386e+002
1.534000 4.813987e+002
1.536000 4.803625e+002
1.538000 4.793300e+002
1.540000 4.783012e+002
1.542000 4.772761e+002
1.544000 4.762546e+002
1.546000 4.752369e+002
1.548000 4.742228e+002
1.550000 4.732125e+002
1.552000 4.722058e+002
1.554000 4.712029e+002
1.556000 4.702037e+002
1.558000 4.692082e+002
1.560000 4.682164e+002
1.562000 4.672284e+002
1.564000 4.662441e+002
1.566000 4.652635e+002
1.568000 4.642866e+002
1.570000 4.633135e+002
1.572000 4.623441e+002
1.574000 4.613784e+002
1.576000 4.604165e+002
1.578000 4.594583e+002
1.580000 4.585038e+002
1.582000 4.575531e+002
1.584000 4.566061e+002
1.586000 4.556629e+002
1.588000 4.547234e+002
1.590000 4.537877e+002
1.592000 4.528557e+002
1.594000 4.519275e+002
1.596000 4.510030e+002
1.598000 4.500822e+002
1.600000 4.491652e+002
1.602000 4.482519e+002
1.604000 4.473424e+002
1.606000 4.464366e+002
1.608000 4.455346e+002
1.610000 4.446363e+002
1.612000 4.437418e+002
1.614000 4.428510e+002
1.616000 4.419639e+002
1.618000 4.410806e+002
1.620000 4.402010e+002
1.622000 4.393252e+002
1.624000 4.384530e+002
1.626000 4.375847e+002
1.628000 4.367200e+002
1.630000 4.358591e+002
1.632000 4.350019e+002
1.634000 4.341484e+002
1.636000 4.332987e+002
1.638000 4.324526e+002
1.640000 4.316103e+002
1.642000 4.307717e+002
1.644000 4.299368e+002
1.646000 4.291056e+002
1.648000 4.282781e+002
1.650000 4.274544e+002
1.652000 4.266343e+002
1.654000 4.258179e+002
1.656000 4.250052e+002
1.658000 4.241962e+002
1.660000 4.233909e+002
1.662000 4.225892e+002
1.664000 4.217912e+002
1.666000 4.209970e+002
1.668000 4.202063e+002
1.670000 4.194194e+002
1.672000 4.186360e+002
1.674000 4.178564e+002
1.676000 4.170804e+002
1.678000 4.163080e+002
1.680000 4.155393e+002
1.682000 4.147742e+002
1.684000 4.140128e+002
1.686000 4.132549e+002
1.688000 4.125007e+002
1.690000 4.117501e+002
1.692000 4.110031e+002
1.694000 4.102597e+002
1.696000 4.095199e+002
1.698000 4.087837e+002
1.700000 4.080511e+002
1.702000 4.073221e+002
1.704000 4.065966e+002
1.706000 4.058747e+002
1.708000 4.051564e+002
1.710000 4.044416e+002
1.712000 4.037304e+002
1.714000 4.030227e+002
1.716000 4.023185e+002
1.718000 4.016179e+002
1.720000 4.009208e+002
1.722000 4.002272e+002
1.724000 3.995372e+002
1.726000 3.988506e+002
1.728000 3.981675e+002
1.730000 3.974879e+002
1.732000 3.968118e+002
1.734000 3.961392e+002
1.736000 3.954700e+002
1.738000 3.948043e+002
1.740000 3.941420e+002
1.742000 3.934832e+002
1.744000 3.928278e+002
1.746000 3.921758e+002
1.748000 3.915273e+002
1.750000 3.908822e+002
1.752000 3.902404e+002
1.754000 3.896021e+002
1.756000 3.889672e+002
1.758000 3.883356e+002
1.760000 3.877074e+002
1.762000 3.870826e+002
1.764000 3.864611e+002
1.766000 3.858430e+002
1.768000 3.852282e+002
1.770000 3.846167e+002
1.772000 3.840086e+002
1.774000 3.834038e+002
1.776000 3.828023e+002
1.778000 3.822040e+002
1.780000 3.816091e+002
1.782000 3.810174e+002
1.784000 3.804290e+002
1.786000 3.798439e+002
1.788000 3.792620e+002
1.790000 3.786833e+002
1.792000 3.781079e+002
1.794000 3.775357e+002
1.796000 3.769668e+002
1.798000 3.764010e+002
1.800000 3.758384e+002
1.802000 3.752790e+002
1.804000 3.747228e+002
1.806000 3.741697e+002
1.808000 3.736198e+002
1.810000 3.730731e+002
1.812000 3.725295e+002
1.814000 3.719890e+002
1.816000 3.714516e+002
1.818000 3.709173e+002
1.820000 3.703862e+002
1.822000 3.698581e+002
1.824000 3.693331e+002
1.826000 3.688112e+002
1.828000 3.682923e+002
1.830000 3.677765e+002
1.832000 3.672637e+002
1.834000 3.667539e+002
1.836000 3.662472e+002
1.838000 3.657435e+002
1.840000 3.652427e+002
1.842000 3.647450e+002
1.844000 3.642502e+002
1.846000 3.637584e+002
1.848000 3.632696e+002
1.850000 3.627837e+002
1.852000 3.623007e+002
1.854000 3.618207e+002
1.856000 3.613435e+002
1.858000 3.608693e+002
1.860000 3.603980e+002
1.862000 3.599296e+002
1.864000 3.594640e+002
1.866000 3.590013e+002
1.868000 3.585414e+002
1.870000 3.580844e+002
1.872000 3.576302e+002
1.874000 3.571789e+002
1.876000 3.567303e+002
1.878000 3.562845e+002
1.880000 3.558416e+002
1.882000 3.554014e+002
1.884000 3.549639e+002
1.886000 3.545293e+002
1.888000 3.540973e+002
1.890000 3.536682e+002
1.892000 3.532417e+002
1.894000 3.528179e+002
1.896000 3.523969e+002
1.898000 3.519785e+002
1.900000 3.515628e+002
1.902000 3.511498e+002
1.904000 3.507394e+002
1.906000 3.503317e+002
1.908000 3.499266e+002
1.910000 3.495241e+002
1.912000 3.491243e+002
1.914000 3.487271e+002
1.916000 3.483324e+002
1.918000 3.479403e+002
1.920000 3.475508e+002
1.922000 3.471639e+002
1.924000 3.467795e+002
1.926000 3.463976e+002
1.928000 3.460183e+002
1.930000 3.456415e+002
1.932000 3.452672e+002
1.934000 3.448953e+002
1.936000 3.445260e+002
1.938000 3.441591e+002
1.940000 3.437947e+002
1.942000 3.434327e+002
1.944000 3.430732e+002
1.946000 3.427161e+002
1.948000 3.423614e+002
1.950000 3.420091e+002
1.952000 3.416592e+002
1.954000 3.413117e+002
1.956000 3.409666e+002
1.958000 3.406238e+002
1.960000 3.402834e+002
1.962000 3.399453e+002
1.964000 3.396095e+002
1.966000 3.392761e+002
1.968000 3.389449e+002
1.970000 3.386161e+002
1.972000 3.382895e+002
1.974000 3.379652e+002
1.976000 3.376432e+002
1.978000 3.373234e+002
1.980000 3.370058e+002
1.982000 3.366905e+002
1.984000 3.363774e+002
1.986000 3.360665e+002
1.988000 3.357578e+002
1.990000 3.354513e+002
1.992000 3.351469e+002
1.994000 3.348447e+002
1.996000 3.345447e+002
1.998000 3.342468e+002
2.000000 3.339510e+002
2.002000 3.336574e+002
2.004000 3.333659e+002
2.006000 3.330764e+002
2.008000 3.327891e+002
2.010000 3.325038e+002
2.012000 3.322206e+002
2.014000 3.319394e+002
2.016000 3.316603e+002
2.018000 3.313832e+002
2.020000 3.311082e+002
2.022000 3.308351e+002
2.024000 3.305641e+002
2.026000 3.302950e+002
2.028000 3.300279e+002
2.030000 3.297628e+002
2.032000 3.294996e+002
2.034000 3.292384e+002
2.036000 3.289792e+002
2.038000 3.287218e+002
2.040000 3.284664e+002
2.042000 3.282129e+002
2.044000 3.279612e+002
2.046000 3.277115e+002
2.048000 3.274636e+002
2.050000 3.272176e+002
2.052000 3.269735e+002
2.054000 3.267311e+002
2.056000 3.264907e+002
2.058000 3.262520e+002
2.060000 3.260152e+002
2.062000 3.257801e+002
2.064000 3.255469e+002
2.066000 3.253154e+002
2.068000 3.250857e+002
2.070000 3.248578e+002
2.072000 3.246316e+002
2.074000 3.244071e+002
2.076000 3.241844e+002
2.078000 3.239634e+002
2.080000 3.237441e+002
2.082000 3.235265e+002
2.084000 3.233106e+002
2.086000 3.230964e+002
2.088000 3.228839e+002
2.090000 3.226730e+002
2.092000 3.224637e+002
2.094000 3.222561e+002
2.096000 3.220502e+002
2.098000 3.218458e+002
2.100000 3.216431e+002
2.102000 3.214420e+002
2.104000 3.212424e+002
2.106000 3.210445e+002
2.108000 3.208481e+002
2.110000 3.206533e+002
2.112000 3.204600e+002
2.114000 3.202683e+002
2.116000 3.200781e+002
2.118000 3.198894e+002
2.120000 3.197023e+002
2.122000 3.195166e+002
2.124000 3.193325e+002
2.126000 3.191498e+002
2.128000 3.189686e+002
2.130000 3.187889e+002
2.132000 3.186107e+002
2.134000 3.184339e+002
2.136000 3.182585e+002
2.138000 3.180846e+002
2.140000 3.179121e+002
2.142000 3.177410e+002
2.144000 3.175713e+002
2.146000 3.174030e+002
2.148000 3.172361e+002
2.150000 3.170705e+002
2.152000 3.169064e+002
2.154000 3.167436e+002
2.156000 3.165821e+002
2.158000 3.164220e+002
2.160000 3.162632e+002
2.162000 3.161057e+002
2.164000 3.159496e+002
2.166000 3.157948e+002
2.168000 3.156412e+002
2.170000 3.154890e+002
2.172000 3.153380e+002
2.174000 3.151883e+002
2.176000 3.150399e+002
2.178000 3.148927e+002
2.180000 3.147468e+002
2.182000 3.146021e+002
2.184000 3.144586e+002
2.186000 3.143164e+002
2.188000 3.141754e+002
2.190000 3.140355e+002
2.192000 3.138969e+002
2.194000 3.137595e+002
2.196000 3.136232e+002
2.198000 3.134881e+002
2.200000 3.133542e+002
2.202000 3.132214e+002
2.204000 3.130898e+002
2.206000 3.129593e+002
2.208000 3.128300e+002
2.210000 3.127018e+002
2.212000 3.125747e+002
2.214000 3.124487e+002
2.216000 3.123238e+002
2.218000 3.122000e+002
2.220000 3.120772e+002
2.222000 3.119556e+002
2.224000 3.118350e+002
2.226000 3.117155e+002
2.228000 3.115970e+002
2.230000 3.114796e+002
2.232000 3.113632e+002
2.234000 3.112479e+002
2.236000 3.111336e+002
2.238000 3.110203e+002
2.240000 3.109080e+002
2.242000 3.107967e+002
2.244000 3.106864e+002
2.246000 3.105771e+002
2.248000 3.104688e+002
2.250000 3.103614e+002
2.252000 3.102550e+002
2.254000 3.101496e+002
2.256000 3.100451e+002
2.258000 3.099416e+002
2.260000 3.098390e+002
2.262000 3.097373e+002
2.264000 3.096365e+002
2.266000 3.095367e+002
2.268000 3.094378e+002
2.270000 3.093398e+002
2.272000 3.092426e+002
2.274000 3.091464e+002
2.276000 3.090511e+002
2.278000 3.089566e+002
2.280000 3.088630e+002
2.282000 3.087702e+002
2.284000 3.086783e+002
2.286000 3.085873e+002
2.288000 3.084971e+002
2.290000 3.084077e+002
2.292000 3.083192e+002
2.294000 3.082315e+002
2.296000 3.081446e+002
2.298000 3.080585e+002
2.300000 3.079733e+002
2.302000 3.078888e+002
2.304000 3.078051e+002
2.306000 3.077222e+002
2.308000 3.076401e+002
2.310000 3.075587e+002
2.312000 3.074781e+002
2.314000 3.073983e+002
2.316000 3.073192e+002
2.318000 3.072409e+002
2.320000 3.071633e+002
2.322000 3.070865e+002
2.324000 3.070104e+002
2.326000 3.069350e+002
2.328000 3.068604e+002
2.330000 3.067864e+002
2.332000 3.067132e+002
2.334000 3.066406e+002
2.336000 3.065688e+002
2.338000 3.064976e+002
2.340000 3.064272e+002
2.342000 3.063574e+002
2.344000 3.062883e+002
2.346000 3.062198e+002
2.348000 3.061520e+002
2.350000 3.060849e+002
2.352000 3.060185e+002
2.354000 3.059526e+002
2.356000 3.058874e+002
2.358000 3.058229e+002
2.360000 3.057590e+002
2.362000 3.056957e+002
2.364000 3.056330e+002
2.366000 3.055710e+002
2.368000 3.055095e+002
2.370000 3.054487e+002
2.372000 3.053885e+002
2.374000 3.053288e+002
2.376000 3.052698e+002
2.378000 3.052113e+002
2.380000 3.051534e+002
2.382000 3.050961e+002
2.384000 3.050394e+002
2.386000 3.049832e+002
2.388000 3.049276e+002
2.390000 3.048725e+002
2.392000 3.048180e+002
2.394000 3.047640e+002
2.396000 3.047106e+002
2.398000 3.046577e+002
2.400000 3.046054e+002
2.402000 3.045536e+002
2.404000 3.045022e+002
2.406000 3.044515e+002
2.408000 3.044012e+002
2.410000 3.043514e+002
2.412000 3.043022e+002
2.414000 3.042534e+002
2.416000 3.042052e+002
2.418000 3.041574e+002
2.420000 3.041101e+002
2.422000 3.040633e+002
2.424000 3.040170e+002
2.426000 3.039712e+002
2.428000 3.039258e+002
2.430000 3.038809e+002
2.432000 3.038365e+002
2.434000 3.037925e+002
2.436000 3.037490e+002
2.438000 3.037059e+002
2.440000 3.036632e+002
2.442000 3.036211e+002
2.444000 3.035793e+002
2.446000 3.035380e+002
2.448000 3.034971e+002
2.450000 3.034566e+002
2.452000 3.034166e+002
2.454000 3.033770e+002
2.456000 3.033378e+002
2.458000 3.032990e+002
2.460000 3.032606e+002
2.462000 3.032226e+002
2.464000 3.031850e+002
2.466000 3.031478e+002
2.468000 3.031110e+002
2.470000 3.030746e+002
2.472000 3.030386e+002
2.474000 3.030030e+002
2.476000 3.029677e+002
2.478000 3.029328e+002
2.480000 3.028983e+002
2.482000 3.028641e+002
2.484000 3.028304e+002
2.486000 3.027969e+002
2.488000 3.027639e+002
2.490000 3.027312e+002
2.492000 3.026988e+002
2.494000 3.026668e+002
2.496000 3.026351e+002
2.498000 3.026038e+002
2.500000 3.025728e+002
2.502000 3.025422e+002
2.504000 3.025118e+002
2.506000 3.024818e+002
2.508000 3.024522e+002
2.510000 3.024228e+002
2.512000 3.023938e+002
2.514000 3.023651e+002
2.516000 3.023367e+002
2.518000 3.023086e+002
2.520000 3.022808e+002
2.522000 3.022533e+002
2.524000 3.022262e+002
2.526000 3.021993e+002
2.528000 3.021727e+002
2.530000 3.021464e+002
2.532000 3.021204e+002
2.534000 3.020947e+002
2.536000 3.020693e+002
2.538000 3.020441e+002
2.540000 3.020192e+002
2.542000 3.019946e+002
2.544000 3.019703e+002
2.546000 3.019463e+002
2.548000 3.019225e+002
2.550000 3.018990e+002
2.552000 3.018757e+002
2.554000 3.018527e+002
2.556000 3.018300e+002
2.558000 3.018075e+002
2.560000 3.017853e+002
2.562000 3.017633e+002
2.564000 3.017415e+002
2.566000 3.017200e+002
2.568000 3.016988e+002
2.570000 3.016778e+002
2.572000 3.016570e+002
2.574000 3.016365e+002
2.576000 3.016162e+002
2.578000 3.015961e+002
2.580000 3.015763e+002
2.582000 3.015566e+002
2.584000 3.015372e+002
2.586000 3.015181e+002
2.588000 3.014991e+002
2.590000 3.014804e+002
2.592000 3.014618e+002
2.594000 3.014435e+002
2.596000 3.014254e+002
2.598000 3.014075e+002
2.600000 3.013899e+002
2.602000 3.013724e+002
2.604000 3.013551e+002
2.606000 3.013380e+002
2.608000 3.013211e+002
2.610000 3.013044e+002
2.612000 3.012879e+002
2.614000 3.012716e+002
2.616000 3.012555e+002
2.618000 3.012396e+002
2.620000 3.012238e+002
2.622000 3.012083e+002
2.624000 3.011929e+002
2.626000 3.011777e+002
2.628000 3.011627e+002
2.630000 3.011478e+002
2.632000 3.011332e+002
2.634000 3.011187e+002
2.636000 3.011043e+002
2.638000 3.010902e+002
2.640000 3.010762e+002
2.642000 3.010624e+002
2.644000 3.010487e+002
2.646000 3.010352e+002
2.648000 3.010219e+002
2.650000 3.010087e+002
2.652000 3.009957e+002
2.654000 3.009828e+002
2.656000 3.009701e+002
2.658000 3.009575e+002
2.660000 3.009451e+002
2.662000 3.009328e+002
2.664000 3.009207e+002
2.666000 3.009087e+002
2.668000 3.008969e+002
2.670000 3.008852e+002
2.672000 3.008736e+002
2.674000 3.008622e+002
2.676000 3.008510e+002
2.678000 3.008398e+002
2.680000 3.008288e+002
2.682000 3.008180e+002
2.684000 3.008072e+002
2.686000 3.007966e+002
2.688000 3.007861e+002
2.690000 3.007758e+002
2.692000 3.007656e+002
2.694000 3.007554e+002
2.696000 3.007455e+002
2.698000 3.007356e+002
2.700000 3.007259e+002
2.702000 3.007163e+002
2.704000 3.007068e+002
2.706000 3.006974e+002
2.708000 3.006881e+002
2.710000 3.006790e+002
2.712000 3.006699e+002
2.714000 3.006610e+002
2.716000 3.006522e+002
2.718000 3.006435e+002
2.720000 3.006349e+002
2.722000 3.006264e+002
2.724000 3.006180e+002
2.726000 3.006097e+002
2.728000 3.006015e+002
2.730000 3.005934e+002
2.732000 3.005854e+002
2.734000 3.005776e+002
2.736000 3.005698e+002
2.738000 3.005621e+002
2.740000 3.005545e+002
2.742000 3.005470e+002
2.744000 3.005396e+002
2.746000 3.005323e+002
2.748000 3.005251e+002
2.750000 3.005180e+002
2.752000 3.005109e+002
2.754000 3.005040e+002
2.756000 3.004971e+002
2.758000 3.004903e+002
2.760000 3.004836e+002
2.762000 3.004770e+002
2.764000 3.004705e+002
2.766000 3.004641e+002
2.768000 3.004577e+002
2.770000 3.004515e+002
2.772000 3.004453e+002
2.774000 3.004392e+002
2.776000 3.004331e+002
2.778000 3.004272e+002
2.780000 3.004213e+002
2.782000 3.004155e+002
2.784000 3.004097e+002
2.786000 3.004041e+002
2.788000 3.003985e+002
2.790000 3.003930e+002
2.792000 3.003875e+002
2.794000 3.003822e+002
2.796000 3.003769e+002
2.798000 3.003716e+002
2.800000 3.003665e+002
2.802000 3.003614e+002
2.804000 3.003563e+002
2.806000 3.003513e+002
2.808000 3.003464e+002
2.810000 3.003416e+002
2.812000 3.003368e+002
2.814000 3.003321e+002
2.816000 3.003275e+002
2.818000 3.003229e+002
2.820000 3.003183e+002
2.822000 3.003139e+002
2.824000 3.003094e+002
2.826000 3.003051e+002
2.828000 3.003008e+002
2.830000 3.002965e+002
2.832000 3.002923e+002
2.834000 3.002882e+002
2.836000 3.002841e+002
2.838000 3.002801e+002
2.840000 3.002761e+002
2.842000 3.002722e+002
2.844000 3.002684e+002
2.846000 3.002645e+002
2.848000 3.002608e+002
2.850000 3.002571e+002
2.852000 3.002534e+002
2.854000 3.002498e+002
2.856000 3.002462e+002
2.858000 3.002427e+002
2.860000 3.002392e+002
2.862000 3.002358e+002
2.864000 3.002324e+002
2.866000 3.002291e+002
2.868000 3.002258e+002
2.870000 3.002225e+002
2.872000 3.002193e+002
2.874000 3.002162e+002
2.876000 3.002131e+002
2.878000 3.002100e+002
2.880000 3.002070e+002
2.882000 3.002040e+002
2.884000 3.002010e+002
2.886000 3.001981e+002
2.888000 3.001952e+002
2.890000 3.001924e+002
2.892000 3.001896e+002
2.894000 3.001868e+002
2.896000 3.001841e+002
2.898000 3.001814e+002
2.900000 3.001788e+002
2.902000 3.001762e+002
2.904000 3.001736e+002
2.906000 3.001711e+002
2.908000 3.001686e+002
2.910000 3.001661e+002
2.912000 3.001637e+002
2.914000 3.001613e+002
2.916000 3.001589e+002
2.918000 3.001566e+002
2.920000 3.001543e+002
2.922000 3.001520e+002
2.924000 3.001497e+002
2.926000 3.001475e+002
2.928000 3.001454e+002
2.930000 3.001432e+002
2.932000 3.001411e+002
2.934000 3.001390e+002
2.936000 3.001369e+002
2.938000 3.001349e+002
2.940000 3.001329e+002
2.942000 3.001309e+002
2.944000 3.001290e+002
2.946000 3.001271e+002
2.948000 3.001252e+002
2.950000 3.001233e+002
2.952000 3.001215e+002
2.954000 3.001196e+002
2.956000 3.001178e+002
2.958000 3.001161e+002
2.960000 3.001143e+002
2.962000 3.001126e+002
2.964000 3.001109e+002
2.966000 3.001093e+002
2.968000 3.001076e+002
2.970000 3.001060e+002
2.972000 3.001044e+002
2.974000 3.001028e+002
2.976000 3.001013e+002
2.978000 3.000998e+002
2.980000 3.000982e+002
2.982000 3.000968e+002
2.984000 3.000953e+002
2.986000 3.000938e+002
2.988000 3.000924e+002
2.990000 3.000910e+002
2.992000 3.000896e+002
2.994000 3.000883e+002
2.996000 3.000869e+002
2.998000 3.000856e+002
3.000000 3.000843e+002
3.002000 3.000830e+002
3.004000 3.000817e+002
3.006000 3.000805e+002
3.008000 3.000793e+002
3.010000 3.000780e+002
3.012000 3.000768e+002
3.014000 3.000757e+002
3.016000 3.000745e+002
3.018000 3.000734e+002
3.020000 3.000722e+002
3.022000 3.000711e+002
3.024000 3.000700e+002
3.026000 3.000689e+002
3.028000 3.000679e+002
3.030000 3.000668e+002
3.032000 3.000658e+002
3.034000 3.000648e+002
3.036000 3.000638e+002
3.038000 3.000628e+002
3.040000 3.000618e+002
3.042000 3.000608e+002
3.044000 3.000599e+002
3.046000 3.000590e+002
3.048000 3.000580e+002
3.050000 3.000571e+002
3.052000 3.000562e+002
3.054000 3.000554e+002
3.056000 3.000545e+002
3.058000 3.000536e+002
3.060000 3.000528e+002
3.062000 3.000520e+002
3.064000 3.000512e+002
3.066000 3.000504e+002
3.068000 3.000496e+002
3.070000 3.000488e+002
3.072000 3.000480e+002
3.074000 3.000473e+002
3.076000 3.000465e+002
3.078000 3.000458e+002
3.080000 3.000451e+002
3.082000 3.000444e+002
3.084000 3.000436e+002
3.086000 3.000430e+002
3.088000 3.000423e+002
3.090000 3.000416e+002
3.092000 3.000409e+002
3.094000 3.000403e+002
3.096000 3.000397e+002
3.098000 3.000390e+002
3.100000 3.000384e+002
3.102000 3.000378e+002
3.104000 3.000372e+002
3.106000 3.000366e+002
3.108000 3.000360e+002
3.110000 3.000354e+002
3.112000 3.000349e+002
3.114000 3.000343e+002
3.116000 3.000338e+002
3.118000 3.000332e+002
3.120000 3.000327e+002
3.122000 3.000322e+002
3.124000 3.000316e+002
3.126000 3.000311e+002
3.128000 3.000306e+002
3.130000 3.000301e+002
3.132000 3.000296e+002
3.134000 3.000292e+002
3.136000 3.000287e+002
3.138000 3.000282e+002
3.140000 3.000278e+002
3.142000 3.000273e+002
3.144000 3.000269e+002
3.146000 3.000264e+002
3.148000 3.000260e+002
3.150000 3.000256e+002
3.152000 3.000252e+002
3.154000 3.000248e+002
3.156000 3.000244e+002
3.158000 3.000240e+002
3.160000 3.000236e+002
3.162000 3.000232e+002
3.164000 3.000228e+002
3.166000 3.000224e+002
3.168000 3.000221e+002
3.170000 3.000217e+002
3.172000 3.000213e+002
3.174000 3.000210e+002
3.176000 3.000206e+002
3.178000 3.000203e+002
3.180000 3.000200e+002
3.182000 3.000196e+002
3.184000 3.000193e+002
3.186000 3.000190e+002
3.188000 3.000187e+002
3.190000 3.000184e+002
3.192000 3.000181e+002
3.194000 3.000178e+002
3.196000 3.000175e+002
3.198000 3.000172e+002
3.200000 3.000169e+002
3.202000 3.000166e+002
3.204000 3.000163e+002
3.206000 3.000161e+002
3.208000 3.000158e+002
3.210000 3.000155e+002
3.212000 3.000153e+002
3.214000 3.000150e+002
3.216000 3.000148e+002
3.218000 3.000145e+002
3.220000 3.000143e+002
3.222000 3.000140e+002
3.224000 3.000138e+002
3.226000 3.000136e+002
3.228000 3.000133e+002
3.230000 3.000131e+002
3.232000 3.000129e+002
3.234000 3.000127e+002
3.236000 3.000125e+002
3.238000 3.000123e+002
3.240000 3.000121e+002
3.242000 3.000118e+002
3.244000 3.000116e+002
3.246000 3.000115e+002
3.248000 3.000113e+002
3.250000 3.000111e+002
3.252000 3.000109e+002
3.254000 3.000107e+002
3.256000 3.000105e+002
3.258000 3.000103e+002
3.260000 3.000102e+002
3.262000 3.000100e+002
3.264000 3.000098e+002
3.266000 3.000096e+002
3.268000 3.000095e+002
3.270000 3.000093e+002
3.272000 3.000092e+002
3.274000 3.000090e+002
3.276000 3.000088e+002
3.278000 3.000087e+002
3.280000 3.000085e+002
3.282000 3.000084e+002
3.284000 3.000083e+002
3.286000 3.000081e+002
3.288000 3.000080e+002
3.290000 3.000078e+002
3.292000 3.000077e+002
3.294000 3.000076e+002
3.296000 3.000074e+002
3.298000 3.000073e+002
3.300000 3.000072e+002
3.302000 3.000071e+002
3.304000 3.000069e+002
3.306000 3.000068e+002
3.308000 3.000067e+002
3.310000 3.000066e+002
3.312000 3.000065e+002
3.314000 3.000064e+002
3.316000 3.000062e+002
3.318000 3.000061e+002
3.320000 3.000060e+002
3.322000 3.000059e+002
3.324000 3.000058e+002
3.326000 3.000057e+002
3.328000 3.000056e+002
3.330000 3.000055e+002
3.332000 3.000054e+002
3.334000 3.000053e+002
3.336000 3.000052e+002
3.338000 3.000051e+002
3.340000 3.000051e+002
3.342000 3.000050e+002
3.344000 3.000049e+002
3.346000 3.000048e+002
3.348000 3.000047e+002
3.350000 3.000046e+002
3.352000 3.000045e+002
3.354000 3.000045e+002
3.356000 3.000044e+002
3.358000 3.000043e+002
3.360000 3.000042e+002
3.362000 3.000042e+002
3.364000 3.000041e+002
3.366000 3.000040e+002
3.368000 3.000039e+002
3.370000 3.000039e+002
3.372000 3.000038e+002
3.374000 3.000037e+002
3.376000 3.000037e+002
3.378000 3.000036e+002
3.380000 3.000035e+002
3.382000 3.000035e+002
3.384000 3.000034e+002
3.386000 3.000033e+002
3.388000 3.000033e+002
3.390000 3.000032e+002
3.392000 3.000032e+002
3.394000 3.000031e+002
3.396000 3.000031e+002
3.398000 3.000030e+002
3.400000 3.000029e+002
3.402000 3.000029e+002
3.404000 3.000028e+002
3.406000 3.000028e+002
3.408000 3.000027e+002
3.410000 3.000027e+002
3.412000 3.000026e+002
3.414000 3.000026e+002
3.416000 3.000025e+002
3.418000 3.000025e+002
3.420000 3.000025e+002
3.422000 3.000024e+002
3.424000 3.000024e+002
3.426000 3.000023e+002
3.428000 3.000023e+002
3.430000 3.000022e+002
3.432000 3.000022e+002
3.434000 3.000022e+002
3.436000 3.000021e+002
3.438000 3.000021e+002
3.440000 3.000020e+002
3.442000 3.000020e+002
3.444000 3.000020e+002
3.446000 3.000019e+002
3.448000 3.000019e+002
3.450000 3.000019e+002
3.452000 3.000018e+002
3.454000 3.000018e+002
3.456000 3.000018e+002
3.458000 3.000017e+002
3.460000 3.000017e+002
3.462000 3.000017e+002
3.464000 3.000016e+002
3.466000 3.000016e+002
3.468000 3.000016e+002
3.470000 3.000015e+002
3.472000 3.000015e+002
3.474000 3.000015e+002
3.476000 3.000015e+002
3.478000 3.000014e+002
3.480000 3.000014e+002
3.482000 3.000014e+002
3.484000 3.000014e+002
3.486000 3.000013e+002
3.488000 3.000013e+002
3.490000 3.000013e+002
3.492000 3.000013e+002
3.494000 3.000012e+002
3.496000 3.000012e+002
3.498000 3.000012e+002
3.500000 3.000012e+002
3.502000 3.000011e+002
3.504000 3.000011e+002
3.506000 3.000011e+002
3.508000 3.000011e+002
3.510000 3.000011e+002
3.512000 3.000010e+002
3.514000 3.000010e+002
3.516000 3.000010e+002
3.518000 3.000010e+002
3.520000 3.000010e+002
3.522000 3.000009e+002
3.524000 3.000009e+002
3.526000 3.000009e+002
3.528000 3.000009e+002
3.530000 3.000009e+002
3.532000 3.000009e+002
3.534000 3.000008e+002
3.536000 3.000008e+002
3.538000 3.000008e+002
3.540000 3.000008e+002
3.542000 3.000008e+002
3.544000 3.000008e+002
3.546000 3.000008e+002
3.548000 3.000007e+002
3.550000 3.000007e+002
3.552000 3.000007e+002
3.554000 3.000007e+002
3.556000 3.000007e+002
3.558000 3.000007e+002
3.560000 3.000007e+002
3.562000 3.000006e+002
3.564000 3.000006e+002
3.566000 3.000006e+002
3.568000 3.000006e+002
3.570000 3.000006e+002
3.572000 3.000006e+002
3.574000 3.000006e+002
3.576000 3.000006e+002
3.578000 3.000006e+002
3.580000 3.000005e+002
3.582000 3.000005e+002
3.584000 3.000005e+002
3.586000 3.000005e+002
3.588000 3.000005e+002
3.590000 3.000005e+002
3.592000 3.000005e+002
3.594000 3.000005e+002
3.596000 3.000005e+002
3.598000 3.000005e+002
3.600000 3.000004e+002
3.602000 3.000004e+002
3.604000 3.000004e+002
3.606000 3.000004e+002
3.608000 3.000004e+002
3.610000 3.000004e+002
3.612000 3.000004e+002
3.614000 3.000004e+002
3.616000 3.000004e+002
3.618000 3.000004e+002
3.620000 3.000004e+002
3.622000 3.000004e+002
3.624000 3.000004e+002
3.626000 3.000003e+002
3.628000 3.000003e+002
3.630000 3.000003e+002
3.632000 3.000003e+002
3.634000 3.000003e+002
3.636000 3.000003e+002
3.638000 3.000003e+002
3.640000 3.000003e+002
3.642000 3.000003e+002
3.644000 3.000003e+002
3.646000 3.000003e+002
3.648000 3.000003e+002
3.650000 3.000003e+002
3.652000 3.000003e+002
3.654000 3.000003e+002
3.656000 3.000003e+002
3.658000 3.000003e+002
3.660000 3.000002e+002
3.662000 3.000002e+002
3.664000 3.000002e+002
3.666000 3.000002e+002
3.668000 3.000002e+002
3.670000 3.000002e+002
3.672000 3.000002e+002
3.674000 3.000002e+002
3.676000 3.000002e+002
3.678000 3.000002e+002
3.680000 3.000002e+002
3.682000 3.000002e+002
3.684000 3.000002e+002
3.686000 3.000002e+002
3.688000 3.000002e+002
3.690000 3.000002e+002
3.692000 3.000002e+002
3.694000 3.000002e+002
3.696000 3.000002e+002
3.698000 3.000002e+002
3.700000 3.000002e+002
3.702000 3.000002e+002
3.704000 3.000002e+002
3.706000 3.000002e+002
3.708000 3.000002e+002
3.710000 3.000001e+002
3.712000 3.000001e+002
3.714000 3.000001e+002
3.716000 3.000001e+002
3.718000 3.000001e+002
3.720000 3.000001e+002
3.722000 3.000001e+002
3.724000 3.000001e+002
3.726000 3.000001e+002
3.728000 3.000001e+002
3.730000 3.000001e+002
3.732000 3.000001e+002
3.734000 3.000001e+002
3.736000 3.000001e+002
3.738000 3.000001e+002
3.740000 3.000001e+002
3.742000 3.000001e+002
3.744000 3.000001e+002
3.746000 3.000001e+002
3.748000 3.000001e+002
3.750000 3.000001e+002
3.752000 3.000001e+002
3.754000 3.000001e+002
3.756000 3.000001e+002
3.758000 3.000001e+002
3.760000 3.000001e+002
3.762000 3.000001e+002
3.764000 3.000001e+002
3.766000 3.000001e+002
3.768000 3.000001e+002
3.770000 3.000001e+002
3.772000 3.000001e+002
3.774000 3.000001e+002
3.776000 3.000001e+002
3.778000 3.000001e+002
3.780000 3.000001e+002
3.782000 3.000001e+002
3.784000 3.000001e+002
3.786000 3.000001e+002
3.788000 3.000001e+002
3.790000 3.000001e+002
3.792000 3.000001e+002
3.794000 3.000001e+002
3.796000 3.000001e+002
3.798000 3.000001e+002
3.800000 3.000001e+002
3.802000 3.000001e+002
3.804000 3.000001e+002
3.806000 3.000001e+002
3.808000 3.000001e+002
3.810000 3.000001e+002
3.812000 3.000001e+002
3.814000 3.000001e+002
3.816000 3.000001e+002
3.818000 3.000000e+002
3.820000 3.000000e+002
3.822000 3.000000e+002
3.824000 3.000000e+002
3.826000 3.000000e+002
3.828000 3.000000e+002
3.830000 3.000000e+002
3.832000 3.000000e+002
3.834000 3.000000e+002
3.836000 3.000000e+002
3.838000 3.000000e+002
3.840000 3.000000e+002
3.842000 3.000000e+002
3.844000 3.000000e+002
3.846000 3.000000e+002
3.848000 3.000000e+002
3.850000 3.000000e+002
3.852000 3.000000e+002
3.854000 3.000000e+002
3.856000 3.000000e+002
3.858000 3.000000e+002
3.860000 3.000000e+002
3.862000 3.000000e+002
3.864000 3.000000e+002
3.866000 3.000000e+002
3.868000 3.000000e+002
3.870000 3.000000e+002
3.872000 3.000000e+002
3.874000 3.000000e+002
3.876000 3.000000e+002
3.878000 3.000000e+002
3.880000 3.000000e+002
3.882000 3.000000e+002
3.884000 3.000000e+002
3.886000 3.000000e+002
3.888000 3.000000e+002
3.890000 3.000000e+002
3.892000 3.000000e+002
3.894000 3.000000e+002
3.896000 3.000000e+002
3.898000 3.000000e+002
3.900000 3.000000e+002
3.902000 3.000000e+002
3.904000 3.000000e+002
3.906000 3.000000e+002
3.908000 3.000000e+002
3.910000 3.000000e+002
3.912000 3.000000e+002
3.914000 3.000000e+002
3.916000 3.000000e+002
3.918000 3.000000e+002
3.920000 3.000000e+002
3.922000 3.000000e+002
3.924000 3.000000e+002
3.926000 3.000000e+002
3.928000 3.000000e+002
3.930000 3.000000e+002
3.932000 3.000000e+002
3.934000 3.000000e+002
3.936000 3.000000e+002
3.938000 3.000000e+002
3.940000 3.000000e+002
3.942000 3.000000e+002
3.944000 3.000000e+002
3.946000 3.000000e+002
3.948000 3.000000e+002
3.950000 3.000000e+002
3.952000 3.000000e+002
3.954000 3.000000e+002
3.956000 3.000000e+002
3.958000 3.000000e+002
3.960000 3.000000e+002
3.962000 3.000000e+002
3.964000 3.000000e+002
3.966000 3.000000e+002
3.968000 3.000000e+002
3.970000 3.000000e+002
3.972000 3.000000e+002
3.974000 3.000000e+002
3.976000 3.000000e+002
3.978000 3.000000e+002
3.980000 3.000000e+002
3.982000 3.000000e+002
3.984000 3.000000e+002
3.986000 3.000000e+002
3.988000 3.000000e+002
3.990000 3.000000e+002
3.992000 3.000000e+002
3.994000 3.000000e+002
3.996000 3.000000e+002
3.998000 3.000000e+002
