0.000000 3.197419e+002
0.002000 3.219135e+002
0.004000 3.240847e+002
0.006000 3.262553e+002
0.008000 3.284255e+002
0.010000 3.305951e+002
0.012000 3.327641e+002
0.014000 3.349325e+002
0.016000 3.371002e+002
0.018000 3.392672e+002
0.020000 3.414334e+002
0.022000 3.435988e+002
0.024000 3.457633e+002
0.026000 3.479270e+002
0.028000 3.500897e+002
0.030000 3.522514e+002
0.032000 3.544121e+002
0.034000 3.565718e+002
0.036000 3.587303e+002
0.038000 3.608877e+002
0.040000 3.630439e+002
0.042000 3.651988e+002
0.044000 3.673525e+002
0.046000 3.695049e+002
0.048000 3.716559e+002
0.050000 3.738055e+002
0.052000 3.759537e+002
0.054000 3.781003e+002
0.056000 3.802455e+002
0.058000 3.823891e+002
0.060000 3.845310e+002
0.062000 3.866714e+002
0.064000 3.888100e+002
0.066000 3.909469e+002
0.068000 3.930820e+002
0.070000 3.952153e+002
0.072000 3.973467e+002
0.074000 3.994762e+002
0.076000 4.016038e+002
0.078000 4.037294e+002
0.080000 4.058530e+002
0.082000 4.079745e+002
0.084000 4.100939e+002
0.086000 4.122111e+002
0.088000 4.143262e+002
0.090000 4.164390e+002
0.092000 4.185496e+002
0.094000 4.206578e+002
0.096000 4.227637e+002
0.098000 4.248672e+002
0.100000 4.269683e+002
0.102000 4.290669e+002
0.104000 4.311629e+002
0.106000 4.332565e+002
0.108000 4.353474e+002
0.110000 4.374357e+002
0.112000 4.395213e+002
0.114000 4.416042e+002
0.116000 4.436843e+002
0.118000 4.457617e+002
0.120000 4.478362e+002
0.122000 4.499078e+002
0.124000 4.519766e+002
0.126000 4.540423e+002
0.128000 4.561051e+002
0.130000 4.581649e+002
0.132000 4.602215e+002
0.134000 4.622751e+002
0.136000 4.643255e+002
0.138000 4.663728e+002
0.140000 4.684168e+002
0.142000 4.704575e+002
0.144000 4.724950e+002
0.146000 4.745291e+002
0.148000 4.765598e+002
0.150000 4.785871e+002
0.152000 4.806109e+002
0.154000 4.826313e+002
0.156000 4.846481e+002
0.158000 4.866613e+002
0.160000 4.886710e+002
0.162000 4.906769e+002
0.164000 4.926793e+002
0.166000 4.946778e+002
0.168000 4.966727e+002
0.170000 4.986637e+002
0.172000 5.006509e+002
0.174000 5.026343e+002
0.176000 5.046137e+002
0.178000 5.065892e+002
0.180000 5.085607e+002
0.182000 5.105282e+002
0.184000 5.124916e+002
0.186000 5.144510e+002
0.188000 5.164062e+002
0.190000 5.183573e+002
0.192000 5.203042e+002
0.194000 5.222469e+002
0.196000 5.241853e+002
0.198000 5.261193e+002
0.200000 5.280491e+002
0.202000 5.299745e+002
0.204000 5.318955e+002
0.206000 5.338120e+002
0.208000 5.357241e+002
0.210000 5.376316e+002
0.212000 5.395346e+002
0.214000 5.414331e+002
0.216000 5.433269e+002
0.218000 5.452160e+002
0.220000 5.471005e+002
0.222000 5.489803e+002
0.224000 5.508554e+002
0.226000 5.527256e+002
0.228000 5.545910e+002
0.230000 5.564516e+002
0.232000 5.583073e+002
0.234000 5.601581e+002
0.236000 5.620040e+002
0.238000 5.638449e+002
0.240000 5.656807e+002
0.242000 5.675115e+002
0.244000 5.693373e+002
0.246000 5.711579e+002
0.248000 5.729734e+002
0.250000 5.747838e+002
0.252000 5.765889e+002
0.254000 5.783888e+002
0.256000 5.801835e+002
0.258000 5.819728e+002
0.260000 5.837568e+002
0.262000 5.855355e+002
0.264000 5.873088e+002
0.266000 5.890766e+002
0.268000 5.908391e+002
0.270000 5.925960e+002
0.272000 5.943474e+002
0.274000 5.960933e+002
0.276000 5.978337e+002
0.278000 5.995684e+002
0.280000 6.012976e+002
0.282000 6.030210e+002
0.284000 6.047388e+002
0.286000 6.064509e+002
0.288000 6.081573e+002
0.290000 6.098578e+002
0.292000 6.115526e+002
0.294000 6.132416e+002
0.296000 6.149247e+002
0.298000 6.166020e+002
0.300000 6.182733e+002
0.302000 6.199387e+002
0.304000 6.215982e+002
0.306000 6.232516e+002
0.308000 6.248991e+002
0.310000 6.265405e+002
0.312000 6.281759e+002
0.314000 6.298051e+002
0.316000 6.314283e+002
0.318000 6.330453e+002
0.320000 6.346562e+002
0.322000 6.362608e+002
0.324000 6.378592e+002
0.326000 6.394514e+002
0.328000 6.410374e+002
0.330000 6.426170e+002
0.332000 6.441903e+002
0.334000 6.457573e+002
0.336000 6.473179e+002
0.338000 6.488722e+002
0.340000 6.504200e+002
0.342000 6.519614e+002
0.344000 6.534963e+002
0.346000 6.550247e+002
0.348000 6.565467e+002
0.350000 6.580621e+002
0.352000 6.595710e+002
0.354000 6.610732e+002
0.356000 6.625690e+002
0.358000 6.640580e+002
0.360000 6.655405e+002
0.362000 6.670163e+002
0.364000 6.684854e+002
0.366000 6.699478e+002
0.368000 6.714035e+002
0.370000 6.728525e+002
0.372000 6.742946e+002
0.374000 6.757301e+002
0.376000 6.771587e+002
0.378000 6.785804e+002
0.380000 6.799954e+002
0.382000 6.814035e+002
0.384000 6.828047e+002
0.386000 6.841989e+002
0.388000 6.855863e+002
0.390000 6.869668e+002
0.392000 6.883402e+002
0.394000 6.897068e+002
0.396000 6.910663e+002
0.398000 6.924188e+002
0.400000 6.937642e+002
0.402000 6.951027e+002
0.404000 6.964340e+002
0.406000 6.977583e+002
0.408000 6.990755e+002
0.410000 7.003856e+002
0.412000 7.016886e+002
0.414000 7.029844e+002
0.416000 7.042730e+002
0.418000 7.055545e+002
0.420000 7.068287e+002
0.422000 7.080958e+002
0.424000 7.093556e+002
0.426000 7.106082e+002
0.428000 7.118536e+002
0.430000 7.130917e+002
0.432000 7.143225e+002
0.434000 7.155460e+002
0.436000 7.167621e+002
0.438000 7.179710e+002
0.440000 7.191725e+002
0.442000 7.203667e+002
0.444000 7.215535e+002
0.446000 7.227329e+002
0.448000 7.239050e+002
0.450000 7.250696e+002
0.452000 7.262268e+002
0.454000 7.273766e+002
0.456000 7.285190e+002
0.458000 7.296539e+002
0.460000 7.307814e+002
0.462000 7.319013e+002
0.464000 7.330138e+002
0.466000 7.341188e+002
0.468000 7.352163e+002
0.470000 7.363063e+002
0.472000 7.373887e+002
0.474000 7.384637e+002
0.476000 7.395310e+002
0.478000 7.405908e+002
0.480000 7.416431e+002
0.482000 7.426878e+002
0.484000 7.437249e+002
0.486000 7.447544e+002
0.488000 7.457763e+002
0.490000 7.467906e+002
0.492000 7.477973e+002
0.494000 7.487963e+002
0.496000 7.497877e+002
0.498000 7.507715e+002
0.500000 7.517477e+002
0.502000 7.527162e+002
0.504000 7.536770e+002
0.506000 7.546301e+002
0.508000 7.555756e+002
0.510000 7.565134e+002
0.512000 7.574436e+002
0.514000 7.583660e+002
0.516000 7.592807e+002
0.518000 7.601878e+002
0.520000 7.610871e+002
0.522000 7.619787e+002
0.524000 7.628626e+002
0.526000 7.637388e+002
0.528000 7.646073e+002
0.530000 7.654680e+002
0.532000 7.663210e+002
0.534000 7.671663e+002
0.536000 7.680038e+002
0.538000 7.688336e+002
0.540000 7.696556e+002
0.542000 7.704699e+002
0.544000 7.712764e+002
0.546000 7.720752e+002
0.548000 7.728662e+002
0.550000 7.736495e+002
0.552000 7.744250e+002
0.554000 7.751927e+002
0.556000 7.759527e+002
0.558000 7.767049e+002
0.560000 7.774493e+002
0.562000 7.781860e+002
0.564000 7.789149e+002
0.566000 7.796361e+002
0.568000 7.803495e+002
0.570000 7.810551e+002
0.572000 7.817529e+002
0.574000 7.824430e+002
0.576000 7.831253e+002
0.578000 7.837999e+002
0.580000 7.844666e+002
0.582000 7.851257e+002
0.584000 7.857769e+002
0.586000 7.864204e+002
0.588000 7.870562e+002
0.590000 7.876842e+002
0.592000 7.883044e+002
0.594000 7.889169e+002
0.596000 7.895216e+002
0.598000 7.901186e+002
0.600000 7.907078e+002
0.602000 7.912893e+002
0.604000 7.918631e+002
0.606000 7.924291e+002
0.608000 7.929875e+002
0.610000 7.935380e+002
0.612000 7.940809e+002
0.614000 7.946161e+002
0.616000 7.951435e+002
0.618000 7.956632e+002
0.620000 7.961752e+002
0.622000 7.966796e+002
0.624000 7.971762e+002
0.626000 7.976652e+002
0.628000 7.981464e+002
0.630000 7.986200e+002
0.632000 7.990860e+002
0.634000 7.995442e+002
0.636000 7.999949e+002
0.638000 8.004378e+002
0.640000 8.008732e+002
0.642000 8.013008e+002
0.644000 8.017209e+002
0.646000 8.021334e+002
0.648000 8.025382e+002
0.650000 8.029354e+002
0.652000 8.033250e+002
0.654000 8.037071e+002
0.656000 8.040816e+002
0.658000 8.044484e+002
0.660000 8.048078e+002
0.662000 8.051595e+002
0.664000 8.055038e+002
0.666000 8.058405e+002
0.668000 8.061696e+002
0.670000 8.064913e+002
0.672000 8.068054e+002
0.674000 8.071121e+002
0.676000 8.074112e+002
0.678000 8.077029e+002
0.680000 8.079871e+002
0.682000 8.082639e+002
0.684000 8.085332e+002
0.686000 8.087951e+002
0.688000 8.090496e+002
0.690000 8.092966e+002
0.692000 8.095363e+002
0.694000 8.097685e+002
0.696000 8.099934e+002
0.698000 8.102109e+002
0.700000 8.104211e+002
0.702000 8.106239e+002
0.704000 8.108194e+002
0.706000 8.110076e+002
0.708000 8.111885e+002
0.710000 8.113621e+002
0.712000 8.115284e+002
0.714000 8.116875e+002
0.716000 8.118393e+002
0.718000 8.119838e+002
0.720000 8.121212e+002
0.722000 8.122513e+002
0.724000 8.123743e+002
0.726000 8.124901e+002
0.728000 8.125987e+002
0.730000 8.127001e+002
0.732000 8.127945e+002
0.734000 8.128817e+002
0.736000 8.129618e+002
0.738000 8.130348e+002
0.740000 8.131007e+002
0.742000 8.131596e+002
0.744000 8.132114e+002
0.746000 8.132562e+002
0.748000 8.132940e+002
0.750000 8.133248e+002
0.752000 8.133486e+002
0.754000 8.133654e+002
0.756000 8.133753e+002
0.758000 8.133783e+002
0.760000 8.133743e+002
0.762000 8.133635e+002
0.764000 8.133458e+002
0.766000 8.133212e+002
0.768000 8.132898e+002
0.770000 8.132515e+002
0.772000 8.132064e+002
0.774000 8.131546e+002
0.776000 8.130960e+002
0.778000 8.130306e+002
0.780000 8.129584e+002
0.782000 8.128796e+002
0.784000 8.127940e+002
0.786000 8.127018e+002
0.788000 8.126029e+002
0.790000 8.124974e+002
0.792000 8.123852e+002
0.794000 8.122664e+002
0.796000 8.121411e+002
0.798000 8.120092e+002
0.800000 8.118707e+002
0.802000 8.117257e+002
0.804000 8.115742e+002
0.806000 8.114162e+002
0.808000 8.112517e+002
0.810000 8.110808e+002
0.812000 8.109034e+002
0.814000 8.107196e+002
0.816000 8.105295e+002
0.818000 8.103330e+002
0.820000 8.101301e+002
0.822000 8.099209e+002
0.824000 8.097054e+002
0.826000 8.094836e+002
0.828000 8.092556e+002
0.830000 8.090213e+002
0.832000 8.087807e+002
0.834000 8.085340e+002
0.836000 8.082811e+002
0.838000 8.080221e+002
0.840000 8.077569e+002
0.842000 8.074856e+002
0.844000 8.072082e+002
0.846000 8.069247e+002
0.848000 8.066352e+002
0.850000 8.063397e+002
0.852000 8.060382e+002
0.854000 8.057307e+002
0.856000 8.054172e+002
0.858000 8.050978e+002
0.860000 8.047725e+002
0.862000 8.044413e+002
0.864000 8.041042e+002
0.866000 8.037613e+002
0.868000 8.034126e+002
0.870000 8.030580e+002
0.872000 8.026977e+002
0.874000 8.023317e+002
0.876000 8.019599e+002
0.878000 8.015824e+002
0.880000 8.011993e+002
0.882000 8.008104e+002
0.884000 8.004160e+002
0.886000 8.000159e+002
0.888000 7.996103e+002
0.890000 7.991991e+002
0.892000 7.987824e+002
0.894000 7.983601e+002
0.896000 7.979324e+002
0.898000 7.974992e+002
0.900000 7.970606e+002
0.902000 7.966165e+002
0.904000 7.961671e+002
0.906000 7.957123e+002
0.908000 7.952522e+002
0.910000 7.947867e+002
0.912000 7.943160e+002
0.914000 7.938400e+002
0.916000 7.933587e+002
0.918000 7.928723e+002
0.920000 7.923806e+002
0.922000 7.918838e+002
0.924000 7.913819e+002
0.926000 7.908748e+002
0.928000 7.903626e+002
0.930000 7.898454e+002
0.932000 7.893232e+002
0.934000 7.887959e+002
0.936000 7.882637e+002
0.938000 7.877265e+002
0.940000 7.871843e+002
0.942000 7.866373e+002
0.944000 7.860854e+002
0.946000 7.855286e+002
0.948000 7.849670e+002
0.950000 7.844005e+002
0.952000 7.838293e+002
0.954000 7.832534e+002
0.956000 7.826727e+002
0.958000 7.820873e+002
0.960000 7.814973e+002
0.962000 7.809026e+002
0.964000 7.803033e+002
0.966000 7.796994e+002
0.968000 7.790909e+002
0.970000 7.784779e+002
0.972000 7.778603e+002
0.974000 7.772383e+002
0.976000 7.766118e+002
0.978000 7.759809e+002
0.980000 7.753456e+002
0.982000 7.747059e+002
0.984000 7.740618e+002
0.986000 7.734134e+002
0.988000 7.727607e+002
0.990000 7.721038e+002
0.992000 7.714426e+002
0.994000 7.707771e+002
0.996000 7.701075e+002
0.998000 7.694337e+002
1.000000 7.687558e+002
1.002000 7.680737e+002
1.004000 7.673876e+002
1.006000 7.666974e+002
1.008000 7.660032e+002
1.010000 7.653050e+002
1.012000 7.646028e+002
1.014000 7.638967e+002
1.016000 7.631866e+002
1.018000 7.624726e+002
1.020000 7.617548e+002
1.022000 7.610331e+002
1.024000 7.603076e+002
1.026000 7.595784e+002
1.028000 7.588453e+002
1.030000 7.581086e+002
1.032000 7.573681e+002
1.034000 7.566239e+002
1.036000 7.558761e+002
1.038000 7.551247e+002
1.040000 7.543697e+002
1.042000 7.536111e+002
1.044000 7.528490e+002
1.046000 7.520834e+002
1.048000 7.513143e+002
1.050000 7.505417e+002
1.052000 7.497657e+002
1.054000 7.489863e+002
1.056000 7.482035e+002
1.058000 7.474173e+002
1.060000 7.466279e+002
1.062000 7.458351e+002
1.064000 7.450391e+002
1.066000 7.442398e+002
1.068000 7.434374e+002
1.070000 7.426317e+002
1.072000 7.418229e+002
1.074000 7.410110e+002
1.076000 7.401959e+002
1.078000 7.393778e+002
1.080000 7.385566e+002
1.082000 7.377324e+002
1.084000 7.369052e+002
1.086000 7.360751e+002
1.088000 7.352420e+002
1.090000 7.344060e+002
1.092000 7.335671e+002
1.094000 7.327253e+002
1.096000 7.318808e+002
1.098000 7.310334e+002
1.100000 7.301832e+002
1.102000 7.293303e+002
1.104000 7.284747e+002
1.106000 7.276164e+002
1.108000 7.267554e+002
1.110000 7.258918e+002
1.112000 7.250255e+002
1.114000 7.241567e+002
1.116000 7.232853e+002
1.118000 7.224114e+002
1.120000 7.215349e+002
1.122000 7.206560e+002
1.124000 7.197747e+002
1.126000 7.188909e+002
1.128000 7.180047e+002
1.130000 7.171161e+002
1.132000 7.162252e+002
1.134000 7.153320e+002
1.136000 7.144365e+002
1.138000 7.135387e+002
1.140000 7.126387e+002
1.142000 7.117365e+002
1.144000 7.108321e+002
1.146000 7.099255e+002
1.148000 7.090168e+002
1.150000 7.081060e+002
1.152000 7.071931e+002
1.154000 7.062782e+002
1.156000 7.053612e+002
1.158000 7.044422e+002
1.160000 7.035213e+002
1.162000 7.025984e+002
1.164000 7.016736e+002
1.166000 7.007468e+002
1.168000 6.998183e+002
1.170000 6.988878e+002
1.172000 6.979556e+002
1.174000 6.970216e+002
1.176000 6.960858e+002
1.178000 6.951482e+002
1.180000 6.942090e+002
1.182000 6.932680e+002
1.184000 6.923254e+002
1.186000 6.913811e+002
1.188000 6.904353e+002
1.190000 6.894878e+002
1.192000 6.885388e+002
1.194000 6.875883e+002
1.196000 6.866362e+002
1.198000 6.856827e+002
1.200000 6.847277e+002
1.202000 6.837712e+002
1.204000 6.828134e+002
1.206000 6.818542e+002
1.208000 6.808936e+002
1.210000 6.799316e+002
1.212000 6.789684e+002
1.214000 6.780039e+002
1.216000 6.770381e+002
1.218000 6.760711e+002
1.220000 6.751028e+002
1.222000 6.741334e+002
1.224000 6.731628e+002
1.226000 6.721911e+002
1.228000 6.712183e+002
1.230000 6.702444e+002
1.232000 6.692694e+002
1.234000 6.682933e+002
1.236000 6.673163e+002
1.238000 6.663383e+002
1.240000 6.653593e+002
1.242000 6.643793e+002
1.244000 6.633984e+002
1.246000 6.624167e+002
1.248000 6.614340e+002
1.250000 6.604505e+002
1.252000 6.594662e+002
1.254000 6.584811e+002
1.256000 6.574952e+002
1.258000 6.565085e+002
1.260000 6.555212e+002
1.262000 6.545331e+002
1.264000 6.535443e+002
1.266000 6.525548e+002
1.268000 6.515647e+002
1.270000 6.505740e+002
1.272000 6.495827e+002
1.274000 6.485909e+002
1.276000 6.475984e+002
1.278000 6.466055e+002
1.280000 6.456121e+002
1.282000 6.446181e+002
1.284000 6.436237e+002
1.286000 6.426289e+002
1.288000 6.416337e+002
1.290000 6.406380e+002
1.292000 6.396420e+002
1.294000 6.386457e+002
1.296000 6.376490e+002
1.298000 6.366520e+002
1.300000 6.356547e+002
1.302000 6.346572e+002
1.304000 6.336594e+002
1.306000 6.326614e+002
1.308000 6.316633e+002
1.310000 6.306649e+002
1.312000 6.296664e+002
1.314000 6.286677e+002
1.316000 6.276690e+002
1.318000 6.266701e+002
1.320000 6.256712e+002
1.322000 6.246722e+002
1.324000 6.236732e+002
1.326000 6.226742e+002
1.328000 6.216752e+002
1.330000 6.206762e+002
1.332000 6.196773e+002
1.334000 6.186785e+002
1.336000 6.176797e+002
1.338000 6.166811e+002
1.340000 6.156826e+002
1.342000 6.146843e+002
1.344000 6.136861e+002
1.346000 6.126881e+002
1.348000 6.116903e+002
1.350000 6.106928e+002
1.352000 6.096955e+002
1.354000 6.086985e+002
1.356000 6.077018e+002
1.358000 6.067054e+002
1.360000 6.057093e+002
1.362000 6.047136e+002
1.364000 6.037182e+002
1.366000 6.027232e+002
1.368000 6.017286e+002
1.370000 6.007345e+002
1.372000 5.997407e+002
1.374000 5.987475e+002
1.376000 5.977547e+002
1.378000 5.967624e+002
1.380000 5.957707e+002
1.382000 5.947794e+002
1.384000 5.937888e+002
1.386000 5.927986e+002
1.388000 5.918091e+002
1.390000 5.908202e+002
1.392000 5.898319e+002
1.394000 5.888442e+002
1.396000 5.878572e+002
1.398000 5.868709e+002
1.400000 5.858852e+002
1.402000 5.849003e+002
1.404000 5.839161e+002
1.406000 5.829326e+002
1.408000 5.819499e+002
1.410000 5.809680e+002
1.412000 5.799869e+002
1.414000 5.790065e+002
1.416000 5.780270e+002
1.418000 5.770484e+002
1.420000 5.760706e+002
1.422000 5.750936e+002
1.424000 5.741176e+002
1.426000 5.731425e+002
1.428000 5.721683e+002
1.430000 5.711950e+002
1.432000 5.702227e+002
1.434000 5.692513e+002
1.436000 5.682809e+002
1.438000 5.673116e+002
1.440000 5.663432e+002
1.442000 5.653759e+002
1.444000 5.644096e+002
1.446000 5.634444e+002
1.448000 5.624803e+002
1.450000 5.615172e+002
1.452000 5.605553e+002
1.454000 5.595945e+002
1.456000 5.586348e+002
1.458000 5.576762e+002
1.460000 5.567189e+002
1.462000 5.557627e+002
1.464000 5.548077e+002
1.466000 5.538539e+002
1.468000 5.529013e+002
1.470000 5.519499e+002
1.472000 5.509998e+002
1.474000 5.500510e+002
1.476000 5.491034e+002
1.478000 5.481571e+002
1.480000 5.472121e+002
1.482000 5.462684e+002
1.484000 5.453261e+002
1.486000 5.443851e+002
1.488000 5.434454e+002
1.490000 5.425071e+002
1.492000 5.415702e+002
1.494000 5.406347e+002
1.496000 5.397006e+002
1.498000 5.387679e+002
1.500000 5.378366e+002
1.502000 5.369068e+002
1.504000 5.359784e+002
1.506000 5.350515e+002
1.508000 5.341260e+002
1.510000 5.332021e+002
1.512000 5.322796e+002
1.514000 5.313587e+002
1.516000 5.304392e+002
1.518000 5.295213e+002
1.520000 5.286050e+002
1.522000 5.276902e+002
1.524000 5.267770e+002
1.526000 5.258654e+002
1.528000 5.249553e+002
1.530000 5.240469e+002
1.532000 5.231400e+002
1.534000 5.222348e+002
1.536000 5.213312e+002
1.538000 5.204293e+002
1.540000 5.195290e+002
1.542000 5.186304e+002
1.544000 5.177334e+002
1.546000 5.168381e+002
1.548000 5.159446e+002
1.550000 5.150527e+002
1.552000 5.141625e+002
1.554000 5.132741e+002
1.556000 5.123874e+002
1.558000 5.115025e+002
1.560000 5.106192e+002
1.562000 5.097378e+002
1.564000 5.088581e+002
1.566000 5.079802e+002
1.568000 5.071041e+002
1.570000 5.062298e+002
1.572000 5.053573e+002
1.574000 5.044866e+002
1.576000 5.036177e+002
1.578000 5.027507e+002
1.580000 5.018855e+002
1.582000 5.010222e+002
1.584000 5.001607e+002
1.586000 4.993010e+002
1.588000 4.984433e+002
1.590000 4.975874e+002
1.592000 4.967334e+002
1.594000 4.958813e+002
1.596000 4.950311e+002
1.598000 4.941829e+002
1.600000 4.933365e+002
1.602000 4.924921e+002
1.604000 4.916496e+002
1.606000 4.908090e+002
1.608000 4.899704e+002
1.610000 4.891338e+002
1.612000 4.882991e+002
1.614000 4.874664e+002
1.616000 4.866356e+002
1.618000 4.858069e+002
1.620000 4.849801e+002
1.622000 4.841553e+002
1.624000 4.833326e+002
1.626000 4.825118e+002
1.628000 4.816931e+002
1.630000 4.808763e+002
1.632000 4.800616e+002
1.634000 4.792490e+002
1.636000 4.784383e+002
1.638000 4.776298e+002
1.640000 4.768232e+002
1.642000 4.760188e+002
1.644000 4.752163e+002
1.646000 4.744160e+002
1.648000 4.736177e+002
1.650000 4.728215e+002
1.652000 4.720274e+002
1.654000 4.712354e+002
1.656000 4.704454e+002
1.658000 4.696576e+002
1.660000 4.688718e+002
1.662000 4.680882e+002
1.664000 4.673067e+002
1.666000 4.665273e+002
1.668000 4.657500e+002
1.670000 4.649749e+002
1.672000 4.642018e+002
1.674000 4.634310e+002
1.676000 4.626622e+002
1.678000 4.618956e+002
1.680000 4.611311e+002
1.682000 4.603688e+002
1.684000 4.596087e+002
1.686000 4.588507e+002
1.688000 4.580948e+002
1.690000 4.573411e+002
1.692000 4.565896e+002
1.694000 4.558403e+002
1.696000 4.550931e+002
1.698000 4.543482e+002
1.700000 4.536054e+002
1.702000 4.528647e+002
1.704000 4.521263e+002
1.706000 4.513901e+002
1.708000 4.506560e+002
1.710000 4.499242e+002
1.712000 4.491946e+002
1.714000 4.484671e+002
1.716000 4.477419e+002
1.718000 4.470189e+002
1.720000 4.462980e+002
1.722000 4.455794e+002
1.724000 4.448630e+002
1.726000 4.441489e+002
1.728000 4.434369e+002
1.730000 4.427272e+002
1.732000 4.420196e+002
1.734000 4.413144e+002
1.736000 4.406113e+002
1.738000 4.399105e+002
1.740000 4.392119e+002
1.742000 4.385155e+002
1.744000 4.378213e+002
1.746000 4.371294e+002
1.748000 4.364398e+002
1.750000 4.357523e+002
1.752000 4.350671e+002
1.754000 4.343842e+002
1.756000 4.337035e+002
1.758000 4.330250e+002
1.760000 4.323488e+002
1.762000 4.316748e+002
1.764000 4.310030e+002
1.766000 4.303335e+002
1.768000 4.296663e+002
1.770000 4.290013e+002
1.772000 4.283385e+002
1.774000 4.276780e+002
1.776000 4.270198e+002
1.778000 4.263638e+002
1.780000 4.257100e+002
1.782000 4.250585e+002
1.784000 4.244092e+002
1.786000 4.237622e+002
1.788000 4.231175e+002
1.790000 4.224750e+002
1.792000 4.218347e+002
1.794000 4.211967e+002
1.796000 4.205609e+002
1.798000 4.199274e+002
1.800000 4.192961e+002
1.802000 4.186671e+002
1.804000 4.180404e+002
1.806000 4.174158e+002
1.808000 4.167936e+002
1.810000 4.161735e+002
1.812000 4.155557e+002
1.814000 4.149402e+002
1.816000 4.143269e+002
1.818000 4.137159e+002
1.820000 4.131071e+002
1.822000 4.125005e+002
1.824000 4.118962e+002
1.826000 4.112941e+002
1.828000 4.106942e+002
1.830000 4.100966e+002
1.832000 4.095012e+002
1.834000 4.089081e+002
1.836000 4.083172e+002
1.838000 4.077285e+002
1.840000 4.071421e+002
1.842000 4.065579e+002
1.844000 4.059759e+002
1.846000 4.053961e+002
1.848000 4.048186e+002
1.850000 4.042432e+002
1.852000 4.036701e+002
1.854000 4.030993e+002
1.856000 4.025306e+002
1.858000 4.019641e+002
1.860000 4.013999e+002
1.862000 4.008379e+002
1.864000 4.002781e+002
1.866000 3.997205e+002
1.868000 3.991650e+002
1.870000 3.986118e+002
1.872000 3.980608e+002
1.874000 3.975120e+002
1.876000 3.969654e+002
1.878000 3.964210e+002
1.880000 3.958788e+002
1.882000 3.953387e+002
1.884000 3.948009e+002
1.886000 3.942652e+002
1.888000 3.937317e+002
1.890000 3.932004e+002
1.892000 3.926712e+002
1.894000 3.921442e+002
1.896000 3.916194e+002
1.898000 3.910968e+002
1.900000 3.905763e+002
1.902000 3.900580e+002
1.904000 3.895418e+002
1.906000 3.890278e+002
1.908000 3.885160e+002
1.910000 3.880063e+002
1.912000 3.874987e+002
1.914000 3.869933e+002
1.916000 3.864900e+002
1.918000 3.859889e+002
1.920000 3.854898e+002
1.922000 3.849929e+002
1.924000 3.844982e+002
1.926000 3.840055e+002
1.928000 3.835150e+002
1.930000 3.830266e+002
1.932000 3.825403e+002
1.934000 3.820561e+002
1.936000 3.815740e+002
1.938000 3.810940e+002
1.940000 3.806161e+002
1.942000 3.801403e+002
1.944000 3.796666e+002
1.946000 3.791950e+002
1.948000 3.787254e+002
1.950000 3.782579e+002
1.952000 3.777925e+002
1.954000 3.773292e+002
1.956000 3.768679e+002
1.958000 3.764087e+002
1.960000 3.759516e+002
1.962000 3.754965e+002
1.964000 3.750435e+002
1.966000 3.745925e+002
1.968000 3.741435e+002
1.970000 3.736966e+002
1.972000 3.732517e+002
1.974000 3.728088e+002
1.976000 3.723680e+002
1.978000 3.719291e+002
1.980000 3.714923e+002
1.982000 3.710575e+002
1.984000 3.706248e+002
1.986000 3.701940e+002
1.988000 3.697652e+002
1.990000 3.693384e+002
1.992000 3.689136e+002
1.994000 3.684907e+002
1.996000 3.680699e+002
1.998000 3.676510e+002
2.000000 3.672341e+002
2.002000 3.668192e+002
2.004000 3.664062e+002
2.006000 3.659952e+002
2.008000 3.655861e+002
2.010000 3.651790e+002
2.012000 3.647738e+002
2.014000 3.643706e+002
2.016000 3.639693e+002
2.018000 3.635699e+002
2.020000 3.631724e+002
2.022000 3.627769e+002
2.024000 3.623833e+002
2.026000 3.619915e+002
2.028000 3.616017e+002
2.030000 3.612138e+002
2.032000 3.608278e+002
2.034000 3.604436e+002
2.036000 3.600614e+002
2.038000 3.596810e+002
2.040000 3.593025e+002
2.042000 3.589258e+002
2.044000 3.585511e+002
2.046000 3.581781e+002
2.048000 3.578071e+002
2.050000 3.574379e+002
2.052000 3.570705e+002
2.054000 3.567050e+002
2.056000 3.563412e+002
2.058000 3.559794e+002
2.060000 3.556193e+002
2.062000 3.552611e+002
2.064000 3.549046e+002
2.066000 3.545500e+002
2.068000 3.541972e+002
2.070000 3.538462e+002
2.072000 3.534969e+002
2.074000 3.531495e+002
2.076000 3.528038e+002
2.078000 3.524599e+002
2.080000 3.521178e+002
2.082000 3.517774e+002
2.084000 3.514388e+002
2.086000 3.511019e+002
2.088000 3.507668e+002
2.090000 3.504334e+002
2.092000 3.501018e+002
2.094000 3.497719e+002
2.096000 3.494437e+002
2.098000 3.491172e+002
2.100000 3.487925e+002
2.102000 3.484695e+002
2.104000 3.481481e+002
2.106000 3.478285e+002
2.108000 3.475105e+002
2.110000 3.471943e+002
2.112000 3.468797e+002
2.114000 3.465668e+002
2.116000 3.462556e+002
2.118000 3.459460e+002
2.120000 3.456381e+002
2.122000 3.453318e+002
2.124000 3.450272e+002
2.126000 3.447243e+002
2.128000 3.444229e+002
2.130000 3.441232e+002
2.132000 3.438252e+002
2.134000 3.435287e+002
2.136000 3.432339e+002
2.138000 3.429406e+002
2.140000 3.426490e+002
2.142000 3.423590e+002
2.144000 3.420705e+002
2.146000 3.417837e+002
2.148000 3.414984e+002
2.150000 3.412147e+002
2.152000 3.409326e+002
2.154000 3.406520e+002
2.156000 3.403730e+002
2.158000 3.400955e+002
2.160000 3.398196e+002
2.162000 3.395453e+002
2.164000 3.392724e+002
2.166000 3.390011e+002
2.168000 3.387313e+002
2.170000 3.384631e+002
2.172000 3.381963e+002
2.174000 3.379311e+002
2.176000 3.376673e+002
2.178000 3.374051e+002
2.180000 3.371443e+002
2.182000 3.368850e+002
2.184000 3.366272e+002
2.186000 3.363709e+002
2.188000 3.361160e+002
2.190000 3.358626e+002
2.192000 3.356107e+002
2.194000 3.353602e+002
2.196000 3.351111e+002
2.198000 3.348635e+002
2.200000 3.346173e+002
2.202000 3.343726e+002
2.204000 3.341292e+002
2.206000 3.338873e+002
2.208000 3.336468e+002
2.210000 3.334077e+002
2.212000 3.331700e+002
2.214000 3.329337e+002
2.216000 3.326988e+002
2.218000 3.324652e+002
2.220000 3.322331e+002
2.222000 3.320023e+002
2.224000 3.317728e+002
2.226000 3.315447e+002
2.228000 3.313180e+002
2.230000 3.310926e+002
2.232000 3.308686e+002
2.234000 3.306459e+002
2.236000 3.304245e+002
2.238000 3.302045e+002
2.240000 3.299858e+002
2.242000 3.297684e+002
2.244000 3.295523e+002
2.246000 3.293375e+002
2.248000 3.291240e+002
2.250000 3.289118e+002
2.252000 3.287008e+002
2.254000 3.284912e+002
2.256000 3.282828e+002
2.258000 3.280757e+002
2.260000 3.278699e+002
2.262000 3.276653e+002
2.264000 3.274620e+002
2.266000 3.272599e+002
2.268000 3.270590e+002
2.270000 3.268594e+002
2.272000 3.266611e+002
2.274000 3.264639e+002
2.276000 3.262680e+002
2.278000 3.260733e+002
2.280000 3.258798e+002
2.282000 3.256875e+002
2.284000 3.254964e+002
2.286000 3.253064e+002
2.288000 3.251177e+002
2.290000 3.249302e+002
2.292000 3.247438e+002
2.294000 3.245586e+002
2.296000 3.243746e+002
2.298000 3.241917e+002
2.300000 3.240100e+002
2.302000 3.238294e+002
2.304000 3.236499e+002
2.306000 3.234717e+002
2.308000 3.232945e+002
2.310000 3.231185e+002
2.312000 3.229435e+002
2.314000 3.227697e+002
2.316000 3.225971e+002
2.318000 3.224255e+002
2.320000 3.222550e+002
2.322000 3.220856e+002
2.324000 3.219173e+002
2.326000 3.217501e+002
2.328000 3.215840e+002
2.330000 3.214189e+002
2.332000 3.212549e+002
2.334000 3.210920e+002
2.336000 3.209301e+002
2.338000 3.207693e+002
2.340000 3.206096e+002
2.342000 3.204508e+002
2.344000 3.202931e+002
2.346000 3.201365e+002
2.348000 3.199809e+002
2.350000 3.198263e+002
2.352000 3.196727e+002
2.354000 3.195201e+002
2.356000 3.193685e+002
2.358000 3.192180e+002
2.360000 3.190684e+002
2.362000 3.189198e+002
2.364000 3.187722e+002
2.366000 3.186256e+002
2.368000 3.184800e+002
2.370000 3.183353e+002
2.372000 3.181916e+002
2.374000 3.180489e+002
2.376000 3.179071e+002
2.378000 3.177663e+002
2.380000 3.176264e+002
2.382000 3.174875e+002
2.384000 3.173495e+002
2.386000 3.172124e+002
2.388000 3.170763e+002
2.390000 3.169411e+002
2.392000 3.168068e+002
2.394000 3.166734e+002
2.396000 3.165409e+002
2.398000 3.164094e+002
2.400000 3.162787e+002
2.402000 3.161489e+002
2.404000 3.160200e+002
2.406000 3.158920e+002
2.408000 3.157649e+002
2.410000 3.156386e+002
2.412000 3.155132e+002
2.414000 3.153887e+002
2.416000 3.152650e+002
2.418000 3.151422e+002
2.420000 3.150203e+002
2.422000 3.148992e+002
2.424000 3.147789e+002
2.426000 3.146595e+002
2.428000 3.145409e+002
2.430000 3.144231e+002
2.432000 3.143061e+002
2.434000 3.141900e+002
2.436000 3.140747e+002
2.438000 3.139602e+002
2.440000 3.138465e+002
2.442000 3.137336e+002
2.444000 3.136215e+002
2.446000 3.135102e+002
2.448000 3.133997e+002
2.450000 3.132899e+002
2.452000 3.131810e+002
2.454000 3.130728e+002
2.456000 3.129654e+002
2.458000 3.128587e+002
2.460000 3.127528e+002
2.462000 3.126477e+002
2.464000 3.125433e+002
2.466000 3.124396e+002
2.468000 3.123368e+002
2.470000 3.122346e+002
2.472000 3.121332e+002
2.474000 3.120325e+002
2.476000 3.119325e+002
2.478000 3.118333e+002
2.480000 3.117348e+002
2.482000 3.116370e+002
2.484000 3.115399e+002
2.486000 3.114435e+002
2.488000 3.113478e+002
2.490000 3.112528e+002
2.492000 3.111585e+002
2.494000 3.110649e+002
2.496000 3.109719e+002
2.498000 3.108797e+002
2.500000 3.107881e+002
2.502000 3.106972e+002
2.504000 3.106070e+002
2.506000 3.105174e+002
2.508000 3.104285e+002
2.510000 3.103403e+002
2.512000 3.102527e+002
2.514000 3.101658e+002
2.516000 3.100795e+002
2.518000 3.099938e+002
2.520000 3.099088e+002
2.522000 3.098244e+002
2.524000 3.097406e+002
2.526000 3.096575e+002
2.528000 3.095750e+002
2.530000 3.094931e+002
2.532000 3.094118e+002
2.534000 3.093312e+002
2.536000 3.092511e+002
2.538000 3.091716e+002
2.540000 3.090928e+002
2.542000 3.090145e+002
2.544000 3.089369e+002
2.546000 3.088598e+002
2.548000 3.087833e+002
2.550000 3.087074e+002
2.552000 3.086320e+002
2.554000 3.085572e+002
2.556000 3.084830e+002
2.558000 3.084094e+002
2.560000 3.083363e+002
2.562000 3.082638e+002
2.564000 3.081919e+002
2.566000 3.081205e+002
2.568000 3.080496e+002
2.570000 3.079793e+002
2.572000 3.079095e+002
2.574000 3.078403e+002
2.576000 3.077716e+002
2.578000 3.077035e+002
2.580000 3.076358e+002
2.582000 3.075687e+002
2.584000 3.075021e+002
2.586000 3.074361e+002
2.588000 3.073705e+002
2.590000 3.073054e+002
2.592000 3.072409e+002
2.594000 3.071769e+002
2.596000 3.071133e+002
2.598000 3.070503e+002
2.600000 3.069878e+002
2.602000 3.069257e+002
2.604000 3.068641e+002
2.606000 3.068031e+002
2.608000 3.067425e+002
2.610000 3.066823e+002
2.612000 3.066227e+002
2.614000 3.065635e+002
2.616000 3.065048e+002
2.618000 3.064466e+002
2.620000 3.063888e+002
2.622000 3.063315e+002
2.624000 3.062746e+002
2.626000 3.062182e+002
2.628000 3.061623e+002
2.630000 3.061068e+002
2.632000 3.060517e+002
2.634000 3.059971e+002
2.636000 3.059429e+002
2.638000 3.058892e+002
2.640000 3.058359e+002
2.642000 3.057830e+002
2.644000 3.057305e+002
2.646000 3.056785e+002
2.648000 3.056269e+002
2.650000 3.055757e+002
2.652000 3.055249e+002
2.654000 3.054745e+002
2.656000 3.054246e+002
2.658000 3.053750e+002
2.660000 3.053258e+002
2.662000 3.052771e+002
2.664000 3.052287e+002
2.666000 3.051808e+002
2.668000 3.051332e+002
2.670000 3.050861e+002
2.672000 3.050393e+002
2.674000 3.049929e+002
2.676000 3.049468e+002
2.678000 3.049012e+002
2.680000 3.048559e+002
2.682000 3.048111e+002
2.684000 3.047665e+002
2.686000 3.047224e+002
2.688000 3.046786e+002
2.690000 3.046352e+002
2.692000 3.045921e+002
2.694000 3.045494e+002
2.696000 3.045071e+002
2.698000 3.044651e+002
2.700000 3.044234e+002
2.702000 3.043821e+002
2.704000 3.043412e+002
2.706000 3.043006e+002
2.708000 3.042603e+002
2.710000 3.042204e+002
2.712000 3.041808e+002
2.714000 3.041415e+002
2.716000 3.041026e+002
2.718000 3.040640e+002
2.720000 3.040257e+002
2.722000 3.039878e+002
2.724000 3.039501e+002
2.726000 3.039128e+002
2.728000 3.038758e+002
2.730000 3.038391e+002
2.732000 3.038028e+002
2.734000 3.037667e+002
2.736000 3.037310e+002
2.738000 3.036955e+002
2.740000 3.036604e+002
2.742000 3.036255e+002
2.744000 3.035910e+002
2.746000 3.035567e+002
2.748000 3.035228e+002
2.750000 3.034891e+002
2.752000 3.034558e+002
2.754000 3.034227e+002
2.756000 3.033899e+002
2.758000 3.033574e+002
2.760000 3.033251e+002
2.762000 3.032932e+002
2.764000 3.032615e+002
2.766000 3.032301e+002
2.768000 3.031990e+002
2.770000 3.031681e+002
2.772000 3.031375e+002
2.774000 3.031072e+002
2.776000 3.030771e+002
2.778000 3.030473e+002
2.780000 3.030178e+002
2.782000 3.029885e+002
2.784000 3.029595e+002
2.786000 3.029307e+002
2.788000 3.029022e+002
2.790000 3.028740e+002
2.792000 3.028459e+002
2.794000 3.028182e+002
2.796000 3.027907e+002
2.798000 3.027634e+002
2.800000 3.027363e+002
2.802000 3.027095e+002
2.804000 3.026830e+002
2.806000 3.026567e+002
2.808000 3.026306e+002
2.810000 3.026047e+002
2.812000 3.025791e+002
2.814000 3.025537e+002
2.816000 3.025285e+002
2.818000 3.025036e+002
2.820000 3.024788e+002
2.822000 3.024543e+002
2.824000 3.024301e+002
2.826000 3.024060e+002
2.828000 3.023821e+002
2.830000 3.023585e+002
2.832000 3.023351e+002
2.834000 3.023119e+002
2.836000 3.022889e+002
2.838000 3.022661e+002
2.840000 3.022435e+002
2.842000 3.022211e+002
2.844000 3.021989e+002
2.846000 3.021770e+002
2.848000 3.021552e+002
2.850000 3.021336e+002
2.852000 3.021122e+002
2.854000 3.020910e+002
2.856000 3.020700e+002
2.858000 3.020492e+002
2.860000 3.020286e+002
2.862000 3.020082e+002
2.864000 3.019880e+002
2.866000 3.019679e+002
2.868000 3.019480e+002
2.870000 3.019284e+002
2.872000 3.019088e+002
2.874000 3.018895e+002
2.876000 3.018704e+002
2.878000 3.018514e+002
2.880000 3.018326e+002
2.882000 3.018140e+002
2.884000 3.017955e+002
2.886000 3.017773e+002
2.888000 3.017592e+002
2.890000 3.017412e+002
2.892000 3.017235e+002
2.894000 3.017059e+002
2.896000 3.016884e+002
2.898000 3.016711e+002
2.900000 3.016540e+002
2.902000 3.016371e+002
2.904000 3.016203e+002
2.906000 3.016036e+002
2.908000 3.015871e+002
2.910000 3.015708e+002
2.912000 3.015546e+002
2.914000 3.015386e+002
2.916000 3.015227e+002
2.918000 3.015070e+002
2.920000 3.014914e+002
2.922000 3.014760e+002
2.924000 3.014607e+002
2.926000 3.014456e+002
2.928000 3.014306e+002
2.930000 3.014157e+002
2.932000 3.014010e+002
2.934000 3.013865e+002
2.936000 3.013720e+002
2.938000 3.013577e+002
2.940000 3.013436e+002
2.942000 3.013296e+002
2.944000 3.013157e+002
2.946000 3.013019e+002
2.948000 3.012883e+002
2.950000 3.012748e+002
2.952000 3.012615e+002
2.954000 3.012482e+002
2.956000 3.012351e+002
2.958000 3.012221e+002
2.960000 3.012093e+002
2.962000 3.011965e+002
2.964000 3.011839e+002
2.966000 3.011714e+002
2.968000 3.011591e+002
2.970000 3.011468e+002
2.972000 3.011347e+002
2.974000 3.011227e+002
2.976000 3.011108e+002
2.978000 3.010990e+002
2.980000 3.010874e+002
2.982000 3.010758e+002
2.984000 3.010644e+002
2.986000 3.010531e+002
2.988000 3.010419e+002
2.990000 3.010308e+002
2.992000 3.010198e+002
2.994000 3.010089e+002
2.996000 3.009981e+002
2.998000 3.009874e+002
3.000000 3.009769e+002
3.002000 3.009664e+002
3.004000 3.009560e+002
3.006000 3.009458e+002
3.008000 3.009356e+002
3.010000 3.009256e+002
3.012000 3.009156e+002
3.014000 3.009057e+002
3.016000 3.008960e+002
3.018000 3.008863e+002
3.020000 3.008767e+002
3.022000 3.008673e+002
3.024000 3.008579e+002
3.026000 3.008486e+002
3.028000 3.008394e+002
3.030000 3.008303e+002
3.032000 3.008213e+002
3.034000 3.008124e+002
3.036000 3.008036e+002
3.038000 3.007948e+002
3.040000 3.007862e+002
3.042000 3.007776e+002
3.044000 3.007691e+002
3.046000 3.007607e+002
3.048000 3.007524e+002
3.050000 3.007442e+002
3.052000 3.007360e+002
3.054000 3.007280e+002
3.056000 3.007200e+002
3.058000 3.007121e+002
3.060000 3.007043e+002
3.062000 3.006965e+002
3.064000 3.006889e+002
3.066000 3.006813e+002
3.068000 3.006738e+002
3.070000 3.006664e+002
3.072000 3.006590e+002
3.074000 3.006517e+002
3.076000 3.006445e+002
3.078000 3.006374e+002
3.080000 3.006303e+002
3.082000 3.006234e+002
3.084000 3.006164e+002
3.086000 3.006096e+002
3.088000 3.006028e+002
3.090000 3.005961e+002
3.092000 3.005895e+002
3.094000 3.005829e+002
3.096000 3.005764e+002
3.098000 3.005700e+002
3.100000 3.005636e+002
3.102000 3.005573e+002
3.104000 3.005511e+002
3.106000 3.005449e+002
3.108000 3.005388e+002
3.110000 3.005328e+002
3.112000 3.005268e+002
3.114000 3.005209e+002
3.116000 3.005150e+002
3.118000 3.005093e+002
3.120000 3.005035e+002
3.122000 3.004979e+002
3.124000 3.004922e+002
3.126000 3.004867e+002
3.128000 3.004812e+002
3.130000 3.004757e+002
3.132000 3.004704e+002
3.134000 3.004650e+002
3.136000 3.004598e+002
3.138000 3.004546e+002
3.140000 3.004494e+002
3.142000 3.004443e+002
3.144000 3.004392e+002
3.146000 3.004342e+002
3.148000 3.004293e+002
3.150000 3.004244e+002
3.152000 3.004196e+002
3.154000 3.004148e+002
3.156000 3.004100e+002
3.158000 3.004054e+002
3.160000 3.004007e+002
3.162000 3.003961e+002
3.164000 3.003916e+002
3.166000 3.003871e+002
3.168000 3.003827e+002
3.170000 3.003783e+002
3.172000 3.003739e+002
3.174000 3.003696e+002
3.176000 3.003654e+002
3.178000 3.003611e+002
3.180000 3.003570e+002
3.182000 3.003529e+002
3.184000 3.003488e+002
3.186000 3.003447e+002
3.188000 3.003408e+002
3.190000 3.003368e+002
3.192000 3.003329e+002
3.194000 3.003290e+002
3.196000 3.003252e+002
3.198000 3.003214e+002
3.200000 3.003177e+002
3.202000 3.003140e+002
3.204000 3.003104e+002
3.206000 3.003067e+002
3.208000 3.003032e+002
3.210000 3.002996e+002
3.212000 3.002961e+002
3.214000 3.002927e+002
3.216000 3.002892e+002
3.218000 3.002858e+002
3.220000 3.002825e+002
3.222000 3.002792e+002
3.224000 3.002759e+002
3.226000 3.002727e+002
3.228000 3.002695e+002
3.230000 3.002663e+002
3.232000 3.002632e+002
3.234000 3.002601e+002
3.236000 3.002570e+002
3.238000 3.002540e+002
3.240000 3.002510e+002
3.242000 3.002480e+002
3.244000 3.002451e+002
3.246000 3.002422e+002
3.248000 3.002393e+002
3.250000 3.002364e+002
3.252000 3.002336e+002
3.254000 3.002309e+002
3.256000 3.002281e+002
3.258000 3.002254e+002
3.260000 3.002227e+002
3.262000 3.002201e+002
3.264000 3.002174e+002
3.266000 3.002148e+002
3.268000 3.002123e+002
3.270000 3.002097e+002
3.272000 3.002072e+002
3.274000 3.002048e+002
3.276000 3.002023e+002
3.278000 3.001999e+002
3.280000 3.001975e+002
3.282000 3.001951e+002
3.284000 3.001928e+002
3.286000 3.001904e+002
3.288000 3.001882e+002
3.290000 3.001859e+002
3.292000 3.001836e+002
3.294000 3.001814e+002
3.296000 3.001792e+002
3.298000 3.001771e+002
3.300000 3.001749e+002
3.302000 3.001728e+002
3.304000 3.001707e+002
3.306000 3.001687e+002
3.308000 3.001666e+002
3.310000 3.001646e+002
3.312000 3.001626e+002
3.314000 3.001606e+002
3.316000 3.001587e+002
3.318000 3.001567e+002
3.320000 3.001548e+002
3.322000 3.001529e+002
3.324000 3.001511e+002
3.326000 3.001492e+002
3.328000 3.001474e+002
3.330000 3.001456e+002
3.332000 3.001438e+002
3.334000 3.001421e+002
3.336000 3.001403e+002
3.338000 3.001386e+002
3.340000 3.001369e+002
3.342000 3.001352e+002
3.344000 3.001335e+002
3.346000 3.001319e+002
3.348000 3.001303e+002
3.350000 3.001287e+002
3.352000 3.001271e+002
3.354000 3.001255e+002
3.356000 3.001240e+002
3.358000 3.001224e+002
3.360000 3.001209e+002
3.362000 3.001194e+002
3.364000 3.001179e+002
3.366000 3.001165e+002
3.368000 3.001150e+002
3.370000 3.001136e+002
3.372000 3.001122e+002
3.374000 3.001108e+002
3.376000 3.001094e+002
3.378000 3.001081e+002
3.380000 3.001067e+002
3.382000 3.001054e+002
3.384000 3.001041e+002
3.386000 3.001028e+002
3.388000 3.001015e+002
3.390000 3.001002e+002
3.392000 3.000990e+002
3.394000 3.000977e+002
3.396000 3.000965e+002
3.398000 3.000953e+002
3.400000 3.000941e+002
3.402000 3.000929e+002
3.404000 3.000917e+002
3.406000 3.000906e+002
3.408000 3.000894e+002
3.410000 3.000883e+002
3.412000 3.000872e+002
3.414000 3.000861e+002
3.416000 3.000850e+002
3.418000 3.000839e+002
3.420000 3.000829e+002
3.422000 3.000818e+002
3.424000 3.000808e+002
3.426000 3.000798e+002
3.428000 3.000788e+002
3.430000 3.000778e+002
3.432000 3.000768e+002
3.434000 3.000758e+002
3.436000 3.000748e+002
3.438000 3.000739e+002
3.440000 3.000729e+002
3.442000 3.000720e+002
3.444000 3.000711e+002
3.446000 3.000702e+002
3.448000 3.000693e+002
3.450000 3.000684e+002
3.452000 3.000675e+002
3.454000 3.000667e+002
3.456000 3.000658e+002
3.458000 3.000650e+002
3.460000 3.000641e+002
3.462000 3.000633e+002
3.464000 3.000625e+002
3.466000 3.000617e+002
3.468000 3.000609e+002
3.470000 3.000601e+002
3.472000 3.000593e+002
3.474000 3.000586e+002
3.476000 3.000578e+002
3.478000 3.000571e+002
3.480000 3.000563e+002
3.482000 3.000556e+002
3.484000 3.000549e+002
3.486000 3.000542e+002
3.488000 3.000535e+002
3.490000 3.000528e+002
3.492000 3.000521e+002
3.494000 3.000514e+002
3.496000 3.000508e+002
3.498000 3.000501e+002
3.500000 3.000494e+002
3.502000 3.000488e+002
3.504000 3.000482e+002
3.506000 3.000475e+002
3.508000 3.000469e+002
3.510000 3.000463e+002
3.512000 3.000457e+002
3.514000 3.000451e+002
3.516000 3.000445e+002
3.518000 3.000439e+002
3.520000 3.000434e+002
3.522000 3.000428e+002
3.524000 3.000422e+002
3.526000 3.000417e+002
3.528000 3.000411e+002
3.530000 3.000406e+002
3.532000 3.000400e+002
3.534000 3.000395e+002
3.536000 3.000390e+002
3.538000 3.000385e+002
3.540000 3.000380e+002
3.542000 3.000375e+002
3.544000 3.000370e+002
3.546000 3.000365e+002
3.548000 3.000360e+002
3.550000 3.000355e+002
3.552000 3.000351e+002
3.554000 3.000346e+002
3.556000 3.000341e+002
3.558000 3.000337e+002
3.560000 3.000332e+002
3.562000 3.000328e+002
3.564000 3.000324e+002
3.566000 3.000319e+002
3.568000 3.000315e+002
3.570000 3.000311e+002
3.572000 3.000307e+002
3.574000 3.000303e+002
3.576000 3.000299e+002
3.578000 3.000295e+002
3.580000 3.000291e+002
3.582000 3.000287e+002
3.584000 3.000283e+002
3.586000 3.000279e+002
3.588000 3.000276e+002
3.590000 3.000272e+002
3.592000 3.000268e+002
3.594000 3.000265e+002
3.596000 3.000261e+002
3.598000 3.000258e+002
3.600000 3.000254e+002
3.602000 3.000251e+002
3.604000 3.000247e+002
3.606000 3.000244e+002
3.608000 3.000241e+002
3.610000 3.000237e+002
3.612000 3.000234e+002
3.614000 3.000231e+002
3.616000 3.000228e+002
3.618000 3.000225e+002
3.620000 3.000222e+002
3.622000 3.000219e+002
3.624000 3.000216e+002
3.626000 3.000213e+002
3.628000 3.000210e+002
3.630000 3.000207e+002
3.632000 3.000204e+002
3.634000 3.000202e+002
3.636000 3.000199e+002
3.638000 3.000196e+002
3.640000 3.000194e+002
3.642000 3.000191e+002
3.644000 3.000188e+002
3.646000 3.000186e+002
3.648000 3.000183e+002
3.650000 3.000181e+002
3.652000 3.000178e+002
3.654000 3.000176e+002
3.656000 3.000174e+002
3.658000 3.000171e+002
3.660000 3.000169e+002
3.662000 3.000167e+002
3.664000 3.000164e+002
3.666000 3.000162e+002
3.668000 3.000160e+002
3.670000 3.000158e+002
3.672000 3.000156e+002
3.674000 3.000153e+002
3.676000 3.000151e+002
3.678000 3.000149e+002
3.680000 3.000147e+002
3.682000 3.000145e+002
3.684000 3.000143e+002
3.686000 3.000141e+002
3.688000 3.000139e+002
3.690000 3.000137e+002
3.692000 3.000136e+002
3.694000 3.000134e+002
3.696000 3.000132e+002
3.698000 3.000130e+002
3.700000 3.000128e+002
3.702000 3.000127e+002
3.704000 3.000125e+002
3.706000 3.000123e+002
3.708000 3.000121e+002
3.710000 3.000120e+002
3.712000 3.000118e+002
3.714000 3.000117e+002
3.716000 3.000115e+002
3.718000 3.000113e+002
3.720000 3.000112e+002
3.722000 3.000110e+002
3.724000 3.000109e+002
3.726000 3.000107e+002
3.728000 3.000106e+002
3.730000 3.000104e+002
3.732000 3.000103e+002
3.734000 3.000102e+002
3.736000 3.000100e+002
3.738000 3.000099e+002
3.740000 3.000098e+002
3.742000 3.000096e+002
3.744000 3.000095e+002
3.746000 3.000094e+002
3.748000 3.000092e+002
3.750000 3.000091e+002
3.752000 3.000090e+002
3.754000 3.000089e+002
3.756000 3.000087e+002
3.758000 3.000086e+002
3.760000 3.000085e+002
3.762000 3.000084e+002
3.764000 3.000083e+002
3.766000 3.000082e+002
3.768000 3.000081e+002
3.770000 3.000080e+002
3.772000 3.000079e+002
3.774000 3.000077e+002
3.776000 3.000076e+002
3.778000 3.000075e+002
3.780000 3.000074e+002
3.782000 3.000073e+002
3.784000 3.000072e+002
3.786000 3.000071e+002
3.788000 3.000071e+002
3.790000 3.000070e+002
3.792000 3.000069e+002
3.794000 3.000068e+002
3.796000 3.000067e+002
3.798000 3.000066e+002
3.800000 3.000065e+002
3.802000 3.000064e+002
3.804000 3.000064e+002
3.806000 3.000063e+002
3.808000 3.000062e+002
3.810000 3.000061e+002
3.812000 3.000060e+002
3.814000 3.000060e+002
3.816000 3.000059e+002
3.818000 3.000058e+002
3.820000 3.000057e+002
3.822000 3.000057e+002
3.824000 3.000056e+002
3.826000 3.000055e+002
3.828000 3.000054e+002
3.830000 3.000054e+002
3.832000 3.000053e+002
3.834000 3.000052e+002
3.836000 3.000052e+002
3.838000 3.000051e+002
3.840000 3.000051e+002
3.842000 3.000050e+002
3.844000 3.000049e+002
3.846000 3.000049e+002
3.848000 3.000048e+002
3.850000 3.000048e+002
3.852000 3.000047e+002
3.854000 3.000047e+002
3.856000 3.000046e+002
3.858000 3.000045e+002
3.860000 3.000045e+002
3.862000 3.000044e+002
3.864000 3.000044e+002
3.866000 3.000043e+002
3.868000 3.000043e+002
3.870000 3.000043e+002
3.872000 3.000042e+002
3.874000 3.000042e+002
3.876000 3.000041e+002
3.878000 3.000041e+002
3.880000 3.000040e+002
3.882000 3.000040e+002
3.884000 3.000039e+002
3.886000 3.000039e+002
3.888000 3.000039e+002
3.890000 3.000038e+002
3.892000 3.000038e+002
3.894000 3.000038e+002
3.896000 3.000037e+002
3.898000 3.000037e+002
3.900000 3.000037e+002
3.902000 3.000036e+002
3.904000 3.000036e+002
3.906000 3.000036e+002
3.908000 3.000035e+002
3.910000 3.000035e+002
3.912000 3.000035e+002
3.914000 3.000034e+002
3.916000 3.000034e+002
3.918000 3.000034e+002
3.920000 3.000034e+002
3.922000 3.000033e+002
3.924000 3.000033e+002
3.926000 3.000033e+002
3.928000 3.000033e+002
3.930000 3.000032e+002
3.932000 3.000032e+002
3.934000 3.000032e+002
3.936000 3.000032e+002
3.938000 3.000032e+002
3.940000 3.000031e+002
3.942000 3.000031e+002
3.944000 3.000031e+002
3.946000 3.000031e+002
3.948000 3.000031e+002
3.950000 3.000030e+002
3.952000 3.000030e+002
3.954000 3.000030e+002
3.956000 3.000030e+002
3.958000 3.000030e+002
3.960000 3.000030e+002
3.962000 3.000030e+002
3.964000 3.000030e+002
3.966000 3.000029e+002
3.968000 3.000029e+002
3.970000 3.000029e+002
3.972000 3.000029e+002
3.974000 3.000029e+002
3.976000 3.000029e+002
3.978000 3.000029e+002
3.980000 3.000029e+002
3.982000 3.000029e+002
3.984000 3.000029e+002
3.986000 3.000029e+002
3.988000 3.000029e+002
3.990000 3.000029e+002
3.992000 3.000029e+002
3.994000 3.000029e+002
3.996000 3.000029e+002
3.998000 3.000000e+002
