0.000000 4.106483e+002
0.002000 4.234207e+002
0.004000 4.361723e+002
0.006000 4.489007e+002
0.008000 4.616036e+002
0.010000 4.742789e+002
0.012000 4.869243e+002
0.014000 4.995375e+002
0.016000 5.121163e+002
0.018000 5.246587e+002
0.020000 5.371622e+002
0.022000 5.496250e+002
0.024000 5.620447e+002
0.026000 5.744193e+002
0.028000 5.867467e+002
0.030000 5.990249e+002
0.032000 6.112518e+002
0.034000 6.234254e+002
0.036000 6.355437e+002
0.038000 6.476049e+002
0.040000 6.596069e+002
0.042000 6.715478e+002
0.044000 6.834259e+002
0.046000 6.952393e+002
0.048000 7.069862e+002
0.050000 7.186649e+002
0.052000 7.302735e+002
0.054000 7.418105e+002
0.056000 7.532742e+002
0.058000 7.646629e+002
0.060000 7.759751e+002
0.062000 7.872093e+002
0.064000 7.983639e+002
0.066000 8.094375e+002
0.068000 8.204287e+002
0.070000 8.313360e+002
0.072000 8.421582e+002
0.074000 8.528939e+002
0.076000 8.635419e+002
0.078000 8.741010e+002
0.080000 8.845700e+002
0.082000 8.949477e+002
0.084000 9.052331e+002
0.086000 9.154251e+002
0.088000 9.255228e+002
0.090000 9.355251e+002
0.092000 9.454312e+002
0.094000 9.552401e+002
0.096000 9.649512e+002
0.098000 9.745634e+002
0.100000 9.840763e+002
0.102000 9.934889e+002
0.104000 1.002801e+003
0.106000 1.012011e+003
0.108000 1.021120e+003
0.110000 1.030125e+003
0.112000 1.039028e+003
0.114000 1.047828e+003
0.116000 1.056523e+003
0.118000 1.065115e+003
0.120000 1.073602e+003
0.122000 1.081984e+003
0.124000 1.090261e+003
0.126000 1.098433e+003
0.128000 1.106500e+003
0.130000 1.114462e+003
0.132000 1.122317e+003
0.134000 1.130068e+003
0.136000 1.137713e+003
0.138000 1.145252e+003
0.140000 1.152686e+003
0.142000 1.160015e+003
0.144000 1.167238e+003
0.146000 1.174357e+003
0.148000 1.181372e+003
0.150000 1.188281e+003
0.152000 1.195087e+003
0.154000 1.201789e+003
0.156000 1.208388e+003
0.158000 1.214883e+003
0.160000 1.221277e+003
0.162000 1.227568e+003
0.164000 1.233757e+003
0.166000 1.239846e+003
0.168000 1.245833e+003
0.170000 1.251721e+003
0.172000 1.257510e+003
0.174000 1.263200e+003
0.176000 1.268792e+003
0.178000 1.274286e+003
0.180000 1.279684e+003
0.182000 1.284986e+003
0.184000 1.290192e+003
0.186000 1.295305e+003
0.188000 1.300323e+003
0.190000 1.305249e+003
0.192000 1.310082e+003
0.194000 1.314825e+003
0.196000 1.319477e+003
0.198000 1.324040e+003
0.200000 1.328514e+003
0.202000 1.332900e+003
0.204000 1.337200e+003
0.206000 1.341414e+003
0.208000 1.345544e+003
0.210000 1.349589e+003
0.212000 1.353552e+003
0.214000 1.357432e+003
0.216000 1.361232e+003
0.218000 1.364952e+003
0.220000 1.368593e+003
0.222000 1.372156e+003
0.224000 1.375642e+003
0.226000 1.379052e+003
0.228000 1.382388e+003
0.230000 1.385650e+003
0.232000 1.388839e+003
0.234000 1.391956e+003
0.236000 1.395003e+003
0.238000 1.397980e+003
0.240000 1.400889e+003
0.242000 1.403730e+003
0.244000 1.406505e+003
0.246000 1.409214e+003
0.248000 1.411859e+003
0.250000 1.414441e+003
0.252000 1.416960e+003
0.254000 1.419419e+003
0.256000 1.421817e+003
0.258000 1.424156e+003
0.260000 1.426437e+003
0.262000 1.428662e+003
0.264000 1.430830e+003
0.266000 1.432943e+003
0.268000 1.435002e+003
0.270000 1.437008e+003
0.272000 1.438962e+003
0.274000 1.440866e+003
0.276000 1.442719e+003
0.278000 1.444523e+003
0.280000 1.446279e+003
0.282000 1.447989e+003
0.284000 1.449652e+003
0.286000 1.451269e+003
0.288000 1.452843e+003
0.290000 1.454373e+003
0.292000 1.455861e+003
0.294000 1.457308e+003
0.296000 1.458714e+003
0.298000 1.460080e+003
0.300000 1.461407e+003
0.302000 1.462696e+003
0.304000 1.463949e+003
0.306000 1.465165e+003
0.308000 1.466345e+003
0.310000 1.467491e+003
0.312000 1.468603e+003
0.314000 1.469682e+003
0.316000 1.470729e+003
0.318000 1.471744e+003
0.320000 1.472729e+003
0.322000 1.473684e+003
0.324000 1.474609e+003
0.326000 1.475507e+003
0.328000 1.476376e+003
0.330000 1.477218e+003
0.332000 1.478034e+003
0.334000 1.478824e+003
0.336000 1.479589e+003
0.338000 1.480330e+003
0.340000 1.481047e+003
0.342000 1.481741e+003
0.344000 1.482412e+003
0.346000 1.483062e+003
0.348000 1.483690e+003
0.350000 1.484298e+003
0.352000 1.484885e+003
0.354000 1.485453e+003
0.356000 1.486002e+003
0.358000 1.486532e+003
0.360000 1.487045e+003
0.362000 1.487540e+003
0.364000 1.488018e+003
0.366000 1.488479e+003
0.368000 1.488925e+003
0.370000 1.489355e+003
0.372000 1.489769e+003
0.374000 1.490170e+003
0.376000 1.490556e+003
0.378000 1.490928e+003
0.380000 1.491288e+003
0.382000 1.491634e+003
0.384000 1.491967e+003
0.386000 1.492289e+003
0.388000 1.492599e+003
0.390000 1.492897e+003
0.392000 1.493184e+003
0.394000 1.493461e+003
0.396000 1.493727e+003
0.398000 1.493983e+003
0.400000 1.494230e+003
0.402000 1.494467e+003
0.404000 1.494695e+003
0.406000 1.494914e+003
0.408000 1.495125e+003
0.410000 1.495327e+003
0.412000 1.495522e+003
0.414000 1.495709e+003
0.416000 1.495888e+003
0.418000 1.496060e+003
0.420000 1.496225e+003
0.422000 1.496384e+003
0.424000 1.496536e+003
0.426000 1.496681e+003
0.428000 1.496821e+003
0.430000 1.496955e+003
0.432000 1.497082e+003
0.434000 1.497205e+003
0.436000 1.497322e+003
0.438000 1.497434e+003
0.440000 1.497541e+003
0.442000 1.497643e+003
0.444000 1.497741e+003
0.446000 1.497834e+003
0.448000 1.497923e+003
0.450000 1.498007e+003
0.452000 1.498088e+003
0.454000 1.498164e+003
0.456000 1.498237e+003
0.458000 1.498306e+003
0.460000 1.498372e+003
0.462000 1.498433e+003
0.464000 1.498492e+003
0.466000 1.498547e+003
0.468000 1.498599e+003
0.470000 1.498648e+003
0.472000 1.498694e+003
0.474000 1.498737e+003
0.476000 1.498778e+003
0.478000 1.498815e+003
0.480000 1.498850e+003
0.482000 1.498882e+003
0.484000 1.498911e+003
0.486000 1.498938e+003
0.488000 1.498963e+003
0.490000 1.498984e+003
0.492000 1.499004e+003
0.494000 1.499021e+003
0.496000 1.499036e+003
0.498000 1.499049e+003
0.500000 1.499059e+003
0.502000 1.499067e+003
0.504000 1.499073e+003
0.506000 1.499076e+003
0.508000 1.499078e+003
0.510000 1.499077e+003
0.512000 1.499074e+003
0.514000 1.499069e+003
0.516000 1.499061e+003
0.518000 1.499051e+003
0.520000 1.499040e+003
0.522000 1.499026e+003
0.524000 1.499009e+003
0.526000 1.498991e+003
0.528000 1.498970e+003
0.530000 1.498946e+003
0.532000 1.498921e+003
0.534000 1.498893e+003
0.536000 1.498862e+003
0.538000 1.498829e+003
0.540000 1.498794e+003
0.542000 1.498756e+003
0.544000 1.498715e+003
0.546000 1.498672e+003
0.548000 1.498626e+003
0.550000 1.498577e+003
0.552000 1.498525e+003
0.554000 1.498470e+003
0.556000 1.498413e+003
0.558000 1.498352e+003
0.560000 1.498288e+003
0.562000 1.498220e+003
0.564000 1.498150e+003
0.566000 1.498075e+003
0.568000 1.497997e+003
0.570000 1.497916e+003
0.572000 1.497830e+003
0.574000 1.497741e+003
0.576000 1.497648e+003
0.578000 1.497550e+003
0.580000 1.497449e+003
0.582000 1.497342e+003
0.584000 1.497232e+003
0.586000 1.497116e+003
0.588000 1.496996e+003
0.590000 1.496871e+003
0.592000 1.496740e+003
0.594000 1.496604e+003
0.596000 1.496463e+003
0.598000 1.496316e+003
0.600000 1.496163e+003
0.602000 1.496005e+003
0.604000 1.495840e+003
0.606000 1.495668e+003
0.608000 1.495490e+003
0.610000 1.495306e+003
0.612000 1.495114e+003
0.614000 1.494915e+003
0.616000 1.494708e+003
0.618000 1.494494e+003
0.620000 1.494272e+003
0.622000 1.494042e+003
0.624000 1.493804e+003
0.626000 1.493557e+003
0.628000 1.493301e+003
0.630000 1.493036e+003
0.632000 1.492761e+003
0.634000 1.492477e+003
0.636000 1.492183e+003
0.638000 1.491879e+003
0.640000 1.491564e+003
0.642000 1.491238e+003
0.644000 1.490901e+003
0.646000 1.490553e+003
0.648000 1.490193e+003
0.650000 1.489821e+003
0.652000 1.489436e+003
0.654000 1.489039e+003
0.656000 1.488628e+003
0.658000 1.488205e+003
0.660000 1.487767e+003
0.662000 1.487315e+003
0.664000 1.486849e+003
0.666000 1.486368e+003
0.668000 1.485872e+003
0.670000 1.485360e+003
0.672000 1.484832e+003
0.674000 1.484287e+003
0.676000 1.483726e+003
0.678000 1.483147e+003
0.680000 1.482551e+003
0.682000 1.481937e+003
0.684000 1.481304e+003
0.686000 1.480652e+003
0.688000 1.479981e+003
0.690000 1.479290e+003
0.692000 1.478578e+003
0.694000 1.477846e+003
0.696000 1.477093e+003
0.698000 1.476318e+003
0.700000 1.475521e+003
0.702000 1.474701e+003
0.704000 1.473858e+003
0.706000 1.472992e+003
0.708000 1.472101e+003
0.710000 1.471186e+003
0.712000 1.470245e+003
0.714000 1.469280e+003
0.716000 1.468287e+003
0.718000 1.467269e+003
0.720000 1.466223e+003
0.722000 1.465149e+003
0.724000 1.464048e+003
0.726000 1.462917e+003
0.728000 1.461757e+003
0.730000 1.460568e+003
0.732000 1.459348e+003
0.734000 1.458097e+003
0.736000 1.456815e+003
0.738000 1.455501e+003
0.740000 1.454154e+003
0.742000 1.452775e+003
0.744000 1.451361e+003
0.746000 1.449914e+003
0.748000 1.448432e+003
0.750000 1.446914e+003
0.752000 1.445361e+003
0.754000 1.443772e+003
0.756000 1.442145e+003
0.758000 1.440482e+003
0.760000 1.438780e+003
0.762000 1.437040e+003
0.764000 1.435260e+003
0.766000 1.433442e+003
0.768000 1.431583e+003
0.770000 1.429683e+003
0.772000 1.427742e+003
0.774000 1.425760e+003
0.776000 1.423735e+003
0.778000 1.421668e+003
0.780000 1.419557e+003
0.782000 1.417403e+003
0.784000 1.415205e+003
0.786000 1.412962e+003
0.788000 1.410673e+003
0.790000 1.408339e+003
0.792000 1.405959e+003
0.794000 1.403533e+003
0.796000 1.401059e+003
0.798000 1.398538e+003
0.800000 1.395969e+003
0.802000 1.393352e+003
0.804000 1.390686e+003
0.806000 1.387971e+003
0.808000 1.385206e+003
0.810000 1.382392e+003
0.812000 1.379527e+003
0.814000 1.376612e+003
0.816000 1.373646e+003
0.818000 1.370628e+003
0.820000 1.367559e+003
0.822000 1.364438e+003
0.824000 1.361265e+003
0.826000 1.358040e+003
0.828000 1.354762e+003
0.830000 1.351431e+003
0.832000 1.348047e+003
0.834000 1.344610e+003
0.836000 1.341119e+003
0.838000 1.337575e+003
0.840000 1.333976e+003
0.842000 1.330324e+003
0.844000 1.326618e+003
0.846000 1.322857e+003
0.848000 1.319043e+003
0.850000 1.315173e+003
0.852000 1.311250e+003
0.854000 1.307272e+003
0.856000 1.303240e+003
0.858000 1.299154e+003
0.860000 1.295013e+003
0.862000 1.290818e+003
0.864000 1.286569e+003
0.866000 1.282266e+003
0.868000 1.277909e+003
0.870000 1.273499e+003
0.872000 1.269034e+003
0.874000 1.264517e+003
0.876000 1.259946e+003
0.878000 1.255322e+003
0.880000 1.250646e+003
0.882000 1.245917e+003
0.884000 1.241136e+003
0.886000 1.236304e+003
0.888000 1.231420e+003
0.890000 1.226485e+003
0.892000 1.221499e+003
0.894000 1.216463e+003
0.896000 1.211378e+003
0.898000 1.206243e+003
0.900000 1.201059e+003
0.902000 1.195828e+003
0.904000 1.190548e+003
0.906000 1.185222e+003
0.908000 1.179848e+003
0.910000 1.174429e+003
0.912000 1.168965e+003
0.914000 1.163456e+003
0.916000 1.157902e+003
0.918000 1.152306e+003
0.920000 1.146667e+003
0.922000 1.140986e+003
0.924000 1.135264e+003
0.926000 1.129502e+003
0.928000 1.123700e+003
0.930000 1.117859e+003
0.932000 1.111981e+003
0.934000 1.106066e+003
0.936000 1.100114e+003
0.938000 1.094128e+003
0.940000 1.088107e+003
0.942000 1.082052e+003
0.944000 1.075966e+003
0.946000 1.069848e+003
0.948000 1.063699e+003
0.950000 1.057521e+003
0.952000 1.051315e+003
0.954000 1.045082e+003
0.956000 1.038822e+003
0.958000 1.032536e+003
0.960000 1.026227e+003
0.962000 1.019895e+003
0.964000 1.013540e+003
0.966000 1.007165e+003
0.968000 1.000770e+003
0.970000 9.943567e+002
0.972000 9.879257e+002
0.974000 9.814785e+002
0.976000 9.750161e+002
0.978000 9.685399e+002
0.980000 9.620509e+002
0.982000 9.555503e+002
0.984000 9.490394e+002
0.986000 9.425194e+002
0.988000 9.359914e+002
0.990000 9.294567e+002
0.992000 9.229165e+002
0.994000 9.163720e+002
0.996000 9.098244e+002
0.998000 9.032750e+002
1.000000 8.967250e+002
1.002000 8.901756e+002
1.004000 8.836280e+002
1.006000 8.770835e+002
1.008000 8.705433e+002
1.010000 8.640086e+002
1.012000 8.574806e+002
1.014000 8.509606e+002
1.016000 8.444497e+002
1.018000 8.379491e+002
1.020000 8.314601e+002
1.022000 8.249839e+002
1.024000 8.185215e+002
1.026000 8.120743e+002
1.028000 8.056433e+002
1.030000 7.992298e+002
1.032000 7.928349e+002
1.034000 7.864596e+002
1.036000 7.801053e+002
1.038000 7.737728e+002
1.040000 7.674635e+002
1.042000 7.611783e+002
1.044000 7.549184e+002
1.046000 7.486848e+002
1.048000 7.424785e+002
1.050000 7.363007e+002
1.052000 7.301522e+002
1.054000 7.240342e+002
1.056000 7.179476e+002
1.058000 7.118933e+002
1.060000 7.058725e+002
1.062000 6.998859e+002
1.064000 6.939344e+002
1.066000 6.880191e+002
1.068000 6.821408e+002
1.070000 6.763003e+002
1.072000 6.704984e+002
1.074000 6.647361e+002
1.076000 6.590141e+002
1.078000 6.533332e+002
1.080000 6.476941e+002
1.082000 6.420976e+002
1.084000 6.365445e+002
1.086000 6.310353e+002
1.088000 6.255708e+002
1.090000 6.201516e+002
1.092000 6.147784e+002
1.094000 6.094518e+002
1.096000 6.041723e+002
1.098000 5.989405e+002
1.100000 5.937570e+002
1.102000 5.886222e+002
1.104000 5.835367e+002
1.106000 5.785010e+002
1.108000 5.735154e+002
1.110000 5.685804e+002
1.112000 5.636964e+002
1.114000 5.588638e+002
1.116000 5.540830e+002
1.118000 5.493542e+002
1.120000 5.446778e+002
1.122000 5.400540e+002
1.124000 5.354832e+002
1.126000 5.309655e+002
1.128000 5.265013e+002
1.130000 5.220906e+002
1.132000 5.177336e+002
1.134000 5.134306e+002
1.136000 5.091815e+002
1.138000 5.049866e+002
1.140000 5.008460e+002
1.142000 4.967596e+002
1.144000 4.927275e+002
1.146000 4.887498e+002
1.148000 4.848265e+002
1.150000 4.809575e+002
1.152000 4.771428e+002
1.154000 4.733823e+002
1.156000 4.696760e+002
1.158000 4.660237e+002
1.160000 4.624254e+002
1.162000 4.588809e+002
1.164000 4.553901e+002
1.166000 4.519528e+002
1.168000 4.485688e+002
1.170000 4.452379e+002
1.172000 4.419599e+002
1.174000 4.387345e+002
1.176000 4.355616e+002
1.178000 4.324407e+002
1.180000 4.293718e+002
1.182000 4.263543e+002
1.184000 4.233882e+002
1.186000 4.204729e+002
1.188000 4.176082e+002
1.190000 4.147938e+002
1.192000 4.120292e+002
1.194000 4.093141e+002
1.196000 4.066482e+002
1.198000 4.040309e+002
1.200000 4.014619e+002
1.202000 3.989409e+002
1.204000 3.964672e+002
1.206000 3.940406e+002
1.208000 3.916605e+002
1.210000 3.893266e+002
1.212000 3.870383e+002
1.214000 3.847951e+002
1.216000 3.825967e+002
1.218000 3.804425e+002
1.220000 3.783319e+002
1.222000 3.762646e+002
1.224000 3.742400e+002
1.226000 3.722576e+002
1.228000 3.703168e+002
1.230000 3.684173e+002
1.232000 3.665583e+002
1.234000 3.647395e+002
1.236000 3.629602e+002
1.238000 3.612199e+002
1.240000 3.595182e+002
1.242000 3.578544e+002
1.244000 3.562281e+002
1.246000 3.546386e+002
1.248000 3.530854e+002
1.250000 3.515680e+002
1.252000 3.500859e+002
1.254000 3.486384e+002
1.256000 3.472251e+002
1.258000 3.458454e+002
1.260000 3.444988e+002
1.262000 3.431846e+002
1.264000 3.419024e+002
1.266000 3.406516e+002
1.268000 3.394317e+002
1.270000 3.382421e+002
1.272000 3.370823e+002
1.274000 3.359518e+002
1.276000 3.348500e+002
1.278000 3.337764e+002
1.280000 3.327305e+002
1.282000 3.317117e+002
1.284000 3.307196e+002
1.286000 3.297536e+002
1.288000 3.288132e+002
1.290000 3.278979e+002
1.292000 3.270072e+002
1.294000 3.261406e+002
1.296000 3.252976e+002
1.298000 3.244777e+002
1.300000 3.236804e+002
1.302000 3.229053e+002
1.304000 3.221519e+002
1.306000 3.214197e+002
1.308000 3.207082e+002
1.310000 3.200170e+002
1.312000 3.193457e+002
1.314000 3.186937e+002
1.316000 3.180607e+002
1.318000 3.174462e+002
1.320000 3.168497e+002
1.322000 3.162710e+002
1.324000 3.157094e+002
1.326000 3.151647e+002
1.328000 3.146364e+002
1.330000 3.141242e+002
1.332000 3.136275e+002
1.334000 3.131461e+002
1.336000 3.126796e+002
1.338000 3.122276e+002
1.340000 3.117897e+002
1.342000 3.113655e+002
1.344000 3.109547e+002
1.346000 3.105570e+002
1.348000 3.101720e+002
1.350000 3.097994e+002
1.352000 3.094389e+002
1.354000 3.090900e+002
1.356000 3.087526e+002
1.358000 3.084262e+002
1.360000 3.081107e+002
1.362000 3.078056e+002
1.364000 3.075107e+002
1.366000 3.072257e+002
1.368000 3.069504e+002
1.370000 3.066844e+002
1.372000 3.064275e+002
1.374000 3.061794e+002
1.376000 3.059398e+002
1.378000 3.057086e+002
1.380000 3.054854e+002
1.382000 3.052700e+002
1.384000 3.050623e+002
1.386000 3.048619e+002
1.388000 3.046686e+002
1.390000 3.044822e+002
1.392000 3.043025e+002
1.394000 3.041294e+002
1.396000 3.039625e+002
1.398000 3.038017e+002
1.400000 3.036468e+002
1.402000 3.034976e+002
1.404000 3.033539e+002
1.406000 3.032156e+002
1.408000 3.030824e+002
1.410000 3.029543e+002
1.412000 3.028310e+002
1.414000 3.027123e+002
1.416000 3.025982e+002
1.418000 3.024885e+002
1.420000 3.023829e+002
1.422000 3.022815e+002
1.424000 3.021840e+002
1.426000 3.020903e+002
1.428000 3.020003e+002
1.430000 3.019138e+002
1.432000 3.018307e+002
1.434000 3.017510e+002
1.436000 3.016744e+002
1.438000 3.016009e+002
1.440000 3.015303e+002
1.442000 3.014626e+002
1.444000 3.013977e+002
1.446000 3.013354e+002
1.448000 3.012757e+002
1.450000 3.012184e+002
1.452000 3.011635e+002
1.454000 3.011108e+002
1.456000 3.010604e+002
1.458000 3.010121e+002
1.460000 3.009658e+002
1.462000 3.009215e+002
1.464000 3.008790e+002
1.466000 3.008384e+002
1.468000 3.007995e+002
1.470000 3.007622e+002
1.472000 3.007266e+002
1.474000 3.006925e+002
1.476000 3.006599e+002
1.478000 3.006287e+002
1.480000 3.005989e+002
1.482000 3.005704e+002
1.484000 3.005432e+002
1.486000 3.005172e+002
1.488000 3.004923e+002
1.490000 3.004685e+002
1.492000 3.004459e+002
1.494000 3.004242e+002
1.496000 3.004035e+002
1.498000 3.003838e+002
1.500000 3.003649e+002
1.502000 3.003470e+002
1.504000 3.003298e+002
1.506000 3.003135e+002
1.508000 3.002979e+002
1.510000 3.002830e+002
1.512000 3.002688e+002
1.514000 3.002553e+002
1.516000 3.002424e+002
1.518000 3.002302e+002
1.520000 3.002185e+002
1.522000 3.002074e+002
1.524000 3.001968e+002
1.526000 3.001867e+002
1.528000 3.001771e+002
1.530000 3.001679e+002
1.532000 3.001592e+002
1.534000 3.001510e+002
1.536000 3.001431e+002
1.538000 3.001356e+002
1.540000 3.001285e+002
1.542000 3.001217e+002
1.544000 3.001153e+002
1.546000 3.001092e+002
1.548000 3.001034e+002
1.550000 3.000979e+002
1.552000 3.000927e+002
1.554000 3.000877e+002
1.556000 3.000830e+002
1.558000 3.000785e+002
1.560000 3.000742e+002
1.562000 3.000702e+002
1.564000 3.000664e+002
1.566000 3.000628e+002
1.568000 3.000593e+002
1.570000 3.000561e+002
1.572000 3.000530e+002
1.574000 3.000500e+002
1.576000 3.000473e+002
1.578000 3.000446e+002
1.580000 3.000421e+002
1.582000 3.000398e+002
1.584000 3.000375e+002
1.586000 3.000354e+002
1.588000 3.000334e+002
1.590000 3.000315e+002
1.592000 3.000297e+002
1.594000 3.000280e+002
1.596000 3.000264e+002
1.598000 3.000249e+002
1.600000 3.000235e+002
1.602000 3.000221e+002
1.604000 3.000209e+002
1.606000 3.000196e+002
1.608000 3.000185e+002
1.610000 3.000174e+002
1.612000 3.000164e+002
1.614000 3.000154e+002
1.616000 3.000145e+002
1.618000 3.000137e+002
1.620000 3.000129e+002
1.622000 3.000121e+002
1.624000 3.000114e+002
1.626000 3.000107e+002
1.628000 3.000101e+002
1.630000 3.000095e+002
1.632000 3.000089e+002
1.634000 3.000083e+002
1.636000 3.000078e+002
1.638000 3.000074e+002
1.640000 3.000069e+002
1.642000 3.000065e+002
1.644000 3.000061e+002
1.646000 3.000057e+002
1.648000 3.000054e+002
1.650000 3.000050e+002
1.652000 3.000047e+002
1.654000 3.000044e+002
1.656000 3.000042e+002
1.658000 3.000039e+002
1.660000 3.000037e+002
1.662000 3.000034e+002
1.664000 3.000032e+002
1.666000 3.000030e+002
1.668000 3.000028e+002
1.670000 3.000026e+002
1.672000 3.000025e+002
1.674000 3.000023e+002
1.676000 3.000022e+002
1.678000 3.000020e+002
1.680000 3.000019e+002
1.682000 3.000018e+002
1.684000 3.000017e+002
1.686000 3.000016e+002
1.688000 3.000015e+002
1.690000 3.000014e+002
1.692000 3.000013e+002
1.694000 3.000012e+002
1.696000 3.000011e+002
1.698000 3.000010e+002
1.700000 3.000010e+002
1.702000 3.000009e+002
1.704000 3.000008e+002
1.706000 3.000008e+002
1.708000 3.000007e+002
1.710000 3.000007e+002
1.712000 3.000006e+002
1.714000 3.000006e+002
1.716000 3.000006e+002
1.718000 3.000005e+002
1.720000 3.000005e+002
1.722000 3.000005e+002
1.724000 3.000004e+002
1.726000 3.000004e+002
1.728000 3.000004e+002
1.730000 3.000003e+002
1.732000 3.000003e+002
1.734000 3.000003e+002
1.736000 3.000003e+002
1.738000 3.000003e+002
1.740000 3.000002e+002
1.742000 3.000002e+002
1.744000 3.000002e+002
1.746000 3.000002e+002
1.748000 3.000002e+002
1.750000 3.000002e+002
1.752000 3.000002e+002
1.754000 3.000001e+002
1.756000 3.000001e+002
1.758000 3.000001e+002
1.760000 3.000001e+002
1.762000 3.000001e+002
1.764000 3.000001e+002
1.766000 3.000001e+002
1.768000 3.000001e+002
1.770000 3.000001e+002
1.772000 3.000001e+002
1.774000 3.000001e+002
1.776000 3.000001e+002
1.778000 3.000001e+002
1.780000 3.000001e+002
1.782000 3.000001e+002
1.784000 3.000000e+002
1.786000 3.000000e+002
1.788000 3.000000e+002
1.790000 3.000000e+002
1.792000 3.000000e+002
1.794000 3.000000e+002
1.796000 3.000000e+002
1.798000 3.000000e+002
1.800000 3.000000e+002
1.802000 3.000000e+002
1.804000 3.000000e+002
1.806000 3.000000e+002
1.808000 3.000000e+002
1.810000 3.000000e+002
1.812000 3.000000e+002
1.814000 3.000000e+002
1.816000 3.000000e+002
1.818000 3.000000e+002
1.820000 3.000000e+002
1.822000 3.000000e+002
1.824000 3.000000e+002
1.826000 3.000000e+002
1.828000 3.000000e+002
1.830000 3.000000e+002
1.832000 3.000000e+002
1.834000 3.000000e+002
1.836000 3.000000e+002
1.838000 3.000000e+002
1.840000 3.000000e+002
1.842000 3.000000e+002
1.844000 3.000000e+002
1.846000 3.000000e+002
1.848000 3.000000e+002
1.850000 3.000000e+002
1.852000 3.000000e+002
1.854000 3.000000e+002
1.856000 3.000000e+002
1.858000 3.000000e+002
1.860000 3.000000e+002
1.862000 3.000000e+002
1.864000 3.000000e+002
1.866000 3.000000e+002
1.868000 3.000000e+002
1.870000 3.000000e+002
1.872000 3.000000e+002
1.874000 3.000000e+002
1.876000 3.000000e+002
1.878000 3.000000e+002
1.880000 3.000000e+002
1.882000 3.000000e+002
1.884000 3.000000e+002
1.886000 3.000000e+002
1.888000 3.000000e+002
1.890000 3.000000e+002
1.892000 3.000000e+002
1.894000 3.000000e+002
1.896000 3.000000e+002
1.898000 3.000000e+002
1.900000 3.000000e+002
1.902000 3.000000e+002
1.904000 3.000000e+002
1.906000 3.000000e+002
1.908000 3.000000e+002
1.910000 3.000000e+002
1.912000 3.000000e+002
1.914000 3.000000e+002
1.916000 3.000000e+002
1.918000 3.000000e+002
1.920000 3.000000e+002
1.922000 3.000000e+002
1.924000 3.000000e+002
1.926000 3.000000e+002
1.928000 3.000000e+002
1.930000 3.000000e+002
1.932000 3.000000e+002
1.934000 3.000000e+002
1.936000 3.000000e+002
1.938000 3.000000e+002
1.940000 3.000000e+002
1.942000 3.000000e+002
1.944000 3.000000e+002
1.946000 3.000000e+002
1.948000 3.000000e+002
1.950000 3.000000e+002
1.952000 3.000000e+002
1.954000 3.000000e+002
1.956000 3.000000e+002
1.958000 3.000000e+002
1.960000 3.000000e+002
1.962000 3.000000e+002
1.964000 3.000000e+002
1.966000 3.000000e+002
1.968000 3.000000e+002
1.970000 3.000000e+002
1.972000 3.000000e+002
1.974000 3.000000e+002
1.976000 3.000000e+002
1.978000 3.000000e+002
1.980000 3.000000e+002
1.982000 3.000000e+002
1.984000 3.000000e+002
1.986000 3.000000e+002
1.988000 3.000000e+002
1.990000 3.000000e+002
1.992000 3.000000e+002
1.994000 3.000000e+002
1.996000 3.000000e+002
1.998000 3.000000e+002
2.000000 3.000000e+002
2.002000 3.000000e+002
2.004000 3.000000e+002
2.006000 3.000000e+002
2.008000 3.000000e+002
2.010000 3.000000e+002
2.012000 3.000000e+002
2.014000 3.000000e+002
2.016000 3.000000e+002
2.018000 3.000000e+002
2.020000 3.000000e+002
2.022000 3.000000e+002
2.024000 3.000000e+002
2.026000 3.000000e+002
2.028000 3.000000e+002
2.030000 3.000000e+002
2.032000 3.000000e+002
2.034000 3.000000e+002
2.036000 3.000000e+002
2.038000 3.000000e+002
2.040000 3.000000e+002
2.042000 3.000000e+002
2.044000 3.000000e+002
2.046000 3.000000e+002
2.048000 3.000000e+002
2.050000 3.000000e+002
2.052000 3.000000e+002
2.054000 3.000000e+002
2.056000 3.000000e+002
2.058000 3.000000e+002
2.060000 3.000000e+002
2.062000 3.000000e+002
2.064000 3.000000e+002
2.066000 3.000000e+002
2.068000 3.000000e+002
2.070000 3.000000e+002
2.072000 3.000000e+002
2.074000 3.000000e+002
2.076000 3.000000e+002
2.078000 3.000000e+002
2.080000 3.000000e+002
2.082000 3.000000e+002
2.084000 3.000000e+002
2.086000 3.000000e+002
2.088000 3.000000e+002
2.090000 3.000000e+002
2.092000 3.000000e+002
2.094000 3.000000e+002
2.096000 3.000000e+002
2.098000 3.000000e+002
2.100000 3.000000e+002
2.102000 3.000000e+002
2.104000 3.000000e+002
2.106000 3.000000e+002
2.108000 3.000000e+002
2.110000 3.000000e+002
2.112000 3.000000e+002
2.114000 3.000000e+002
2.116000 3.000000e+002
2.118000 3.000000e+002
2.120000 3.000000e+002
2.122000 3.000000e+002
2.124000 3.000000e+002
2.126000 3.000000e+002
2.128000 3.000000e+002
2.130000 3.000000e+002
2.132000 3.000000e+002
2.134000 3.000000e+002
2.136000 3.000000e+002
2.138000 3.000000e+002
2.140000 3.000000e+002
2.142000 3.000000e+002
2.144000 3.000000e+002
2.146000 3.000000e+002
2.148000 3.000000e+002
2.150000 3.000000e+002
2.152000 3.000000e+002
2.154000 3.000000e+002
2.156000 3.000000e+002
2.158000 3.000000e+002
2.160000 3.000000e+002
2.162000 3.000000e+002
2.164000 3.000000e+002
2.166000 3.000000e+002
2.168000 3.000000e+002
2.170000 3.000000e+002
2.172000 3.000000e+002
2.174000 3.000000e+002
2.176000 3.000000e+002
2.178000 3.000000e+002
2.180000 3.000000e+002
2.182000 3.000000e+002
2.184000 3.000000e+002
2.186000 3.000000e+002
2.188000 3.000000e+002
2.190000 3.000000e+002
2.192000 3.000000e+002
2.194000 3.000000e+002
2.196000 3.000000e+002
2.198000 3.000000e+002
2.200000 3.000000e+002
2.202000 3.000000e+002
2.204000 3.000000e+002
2.206000 3.000000e+002
2.208000 3.000000e+002
2.210000 3.000000e+002
2.212000 3.000000e+002
2.214000 3.000000e+002
2.216000 3.000000e+002
2.218000 3.000000e+002
2.220000 3.000000e+002
2.222000 3.000000e+002
2.224000 3.000000e+002
2.226000 3.000000e+002
2.228000 3.000000e+002
2.230000 3.000000e+002
2.232000 3.000000e+002
2.234000 3.000000e+002
2.236000 3.000000e+002
2.238000 3.000000e+002
2.240000 3.000000e+002
2.242000 3.000000e+002
2.244000 3.000000e+002
2.246000 3.000000e+002
2.248000 3.000000e+002
2.250000 3.000000e+002
2.252000 3.000000e+002
2.254000 3.000000e+002
2.256000 3.000000e+002
2.258000 3.000000e+002
2.260000 3.000000e+002
2.262000 3.000000e+002
2.264000 3.000000e+002
2.266000 3.000000e+002
2.268000 3.000000e+002
2.270000 3.000000e+002
2.272000 3.000000e+002
2.274000 3.000000e+002
2.276000 3.000000e+002
2.278000 3.000000e+002
2.280000 3.000000e+002
2.282000 3.000000e+002
2.284000 3.000000e+002
2.286000 3.000000e+002
2.288000 3.000000e+002
2.290000 3.000000e+002
2.292000 3.000000e+002
2.294000 3.000000e+002
2.296000 3.000000e+002
2.298000 3.000000e+002
2.300000 3.000000e+002
2.302000 3.000000e+002
2.304000 3.000000e+002
2.306000 3.000000e+002
2.308000 3.000000e+002
2.310000 3.000000e+002
2.312000 3.000000e+002
2.314000 3.000000e+002
2.316000 3.000000e+002
2.318000 3.000000e+002
2.320000 3.000000e+002
2.322000 3.000000e+002
2.324000 3.000000e+002
2.326000 3.000000e+002
2.328000 3.000000e+002
2.330000 3.000000e+002
2.332000 3.000000e+002
2.334000 3.000000e+002
2.336000 3.000000e+002
2.338000 3.000000e+002
2.340000 3.000000e+002
2.342000 3.000000e+002
2.344000 3.000000e+002
2.346000 3.000000e+002
2.348000 3.000000e+002
2.350000 3.000000e+002
2.352000 3.000000e+002
2.354000 3.000000e+002
2.356000 3.000000e+002
2.358000 3.000000e+002
2.360000 3.000000e+002
2.362000 3.000000e+002
2.364000 3.000000e+002
2.366000 3.000000e+002
2.368000 3.000000e+002
2.370000 3.000000e+002
2.372000 3.000000e+002
2.374000 3.000000e+002
2.376000 3.000000e+002
2.378000 3.000000e+002
2.380000 3.000000e+002
2.382000 3.000000e+002
2.384000 3.000000e+002
2.386000 3.000000e+002
2.388000 3.000000e+002
2.390000 3.000000e+002
2.392000 3.000000e+002
2.394000 3.000000e+002
2.396000 3.000000e+002
2.398000 3.000000e+002
2.400000 3.000000e+002
2.402000 3.000000e+002
2.404000 3.000000e+002
2.406000 3.000000e+002
2.408000 3.000000e+002
2.410000 3.000000e+002
2.412000 3.000000e+002
2.414000 3.000000e+002
2.416000 3.000000e+002
2.418000 3.000000e+002
2.420000 3.000000e+002
2.422000 3.000000e+002
2.424000 3.000000e+002
2.426000 3.000000e+002
2.428000 3.000000e+002
2.430000 3.000000e+002
2.432000 3.000000e+002
2.434000 3.000000e+002
2.436000 3.000000e+002
2.438000 3.000000e+002
2.440000 3.000000e+002
2.442000 3.000000e+002
2.444000 3.000000e+002
2.446000 3.000000e+002
2.448000 3.000000e+002
2.450000 3.000000e+002
2.452000 3.000000e+002
2.454000 3.000000e+002
2.456000 3.000000e+002
2.458000 3.000000e+002
2.460000 3.000000e+002
2.462000 3.000000e+002
2.464000 3.000000e+002
2.466000 3.000000e+002
2.468000 3.000000e+002
2.470000 3.000000e+002
2.472000 3.000000e+002
2.474000 3.000000e+002
2.476000 3.000000e+002
2.478000 3.000000e+002
2.480000 3.000000e+002
2.482000 3.000000e+002
2.484000 3.000000e+002
2.486000 3.000000e+002
2.488000 3.000000e+002
2.490000 3.000000e+002
2.492000 3.000000e+002
2.494000 3.000000e+002
2.496000 3.000000e+002
2.498000 3.000000e+002
2.500000 3.000000e+002
2.502000 3.000000e+002
2.504000 3.000000e+002
2.506000 3.000000e+002
2.508000 3.000000e+002
2.510000 3.000000e+002
2.512000 3.000000e+002
2.514000 3.000000e+002
2.516000 3.000000e+002
2.518000 3.000000e+002
2.520000 3.000000e+002
2.522000 3.000000e+002
2.524000 3.000000e+002
2.526000 3.000000e+002
2.528000 3.000000e+002
2.530000 3.000000e+002
2.532000 3.000000e+002
2.534000 3.000000e+002
2.536000 3.000000e+002
2.538000 3.000000e+002
2.540000 3.000000e+002
2.542000 3.000000e+002
2.544000 3.000000e+002
2.546000 3.000000e+002
2.548000 3.000000e+002
2.550000 3.000000e+002
2.552000 3.000000e+002
2.554000 3.000000e+002
2.556000 3.000000e+002
2.558000 3.000000e+002
2.560000 3.000000e+002
2.562000 3.000000e+002
2.564000 3.000000e+002
2.566000 3.000000e+002
2.568000 3.000000e+002
2.570000 3.000000e+002
2.572000 3.000000e+002
2.574000 3.000000e+002
2.576000 3.000000e+002
2.578000 3.000000e+002
2.580000 3.000000e+002
2.582000 3.000000e+002
2.584000 3.000000e+002
2.586000 3.000000e+002
2.588000 3.000000e+002
2.590000 3.000000e+002
2.592000 3.000000e+002
2.594000 3.000000e+002
2.596000 3.000000e+002
2.598000 3.000000e+002
2.600000 3.000000e+002
2.602000 3.000000e+002
2.604000 3.000000e+002
2.606000 3.000000e+002
2.608000 3.000000e+002
2.610000 3.000000e+002
2.612000 3.000000e+002
2.614000 3.000000e+002
2.616000 3.000000e+002
2.618000 3.000000e+002
2.620000 3.000000e+002
2.622000 3.000000e+002
2.624000 3.000000e+002
2.626000 3.000000e+002
2.628000 3.000000e+002
2.630000 3.000000e+002
2.632000 3.000000e+002
2.634000 3.000000e+002
2.636000 3.000000e+002
2.638000 3.000000e+002
2.640000 3.000000e+002
2.642000 3.000000e+002
2.644000 3.000000e+002
2.646000 3.000000e+002
2.648000 3.000000e+002
2.650000 3.000000e+002
2.652000 3.000000e+002
2.654000 3.000000e+002
2.656000 3.000000e+002
2.658000 3.000000e+002
2.660000 3.000000e+002
2.662000 3.000000e+002
2.664000 3.000000e+002
2.666000 3.000000e+002
2.668000 3.000000e+002
2.670000 3.000000e+002
2.672000 3.000000e+002
2.674000 3.000000e+002
2.676000 3.000000e+002
2.678000 3.000000e+002
2.680000 3.000000e+002
2.682000 3.000000e+002
2.684000 3.000000e+002
2.686000 3.000000e+002
2.688000 3.000000e+002
2.690000 3.000000e+002
2.692000 3.000000e+002
2.694000 3.000000e+002
2.696000 3.000000e+002
2.698000 3.000000e+002
2.700000 3.000000e+002
2.702000 3.000000e+002
2.704000 3.000000e+002
2.706000 3.000000e+002
2.708000 3.000000e+002
2.710000 3.000000e+002
2.712000 3.000000e+002
2.714000 3.000000e+002
2.716000 3.000000e+002
2.718000 3.000000e+002
2.720000 3.000000e+002
2.722000 3.000000e+002
2.724000 3.000000e+002
2.726000 3.000000e+002
2.728000 3.000000e+002
2.730000 3.000000e+002
2.732000 3.000000e+002
2.734000 3.000000e+002
2.736000 3.000000e+002
2.738000 3.000000e+002
2.740000 3.000000e+002
2.742000 3.000000e+002
2.744000 3.000000e+002
2.746000 3.000000e+002
2.748000 3.000000e+002
2.750000 3.000000e+002
2.752000 3.000000e+002
2.754000 3.000000e+002
2.756000 3.000000e+002
2.758000 3.000000e+002
2.760000 3.000000e+002
2.762000 3.000000e+002
2.764000 3.000000e+002
2.766000 3.000000e+002
2.768000 3.000000e+002
2.770000 3.000000e+002
2.772000 3.000000e+002
2.774000 3.000000e+002
2.776000 3.000000e+002
2.778000 3.000000e+002
2.780000 3.000000e+002
2.782000 3.000000e+002
2.784000 3.000000e+002
2.786000 3.000000e+002
2.788000 3.000000e+002
2.790000 3.000000e+002
2.792000 3.000000e+002
2.794000 3.000000e+002
2.796000 3.000000e+002
2.798000 3.000000e+002
2.800000 3.000000e+002
2.802000 3.000000e+002
2.804000 3.000000e+002
2.806000 3.000000e+002
2.808000 3.000000e+002
2.810000 3.000000e+002
2.812000 3.000000e+002
2.814000 3.000000e+002
2.816000 3.000000e+002
2.818000 3.000000e+002
2.820000 3.000000e+002
2.822000 3.000000e+002
2.824000 3.000000e+002
2.826000 3.000000e+002
2.828000 3.000000e+002
2.830000 3.000000e+002
2.832000 3.000000e+002
2.834000 3.000000e+002
2.836000 3.000000e+002
2.838000 3.000000e+002
2.840000 3.000000e+002
2.842000 3.000000e+002
2.844000 3.000000e+002
2.846000 3.000000e+002
2.848000 3.000000e+002
2.850000 3.000000e+002
2.852000 3.000000e+002
2.854000 3.000000e+002
2.856000 3.000000e+002
2.858000 3.000000e+002
2.860000 3.000000e+002
2.862000 3.000000e+002
2.864000 3.000000e+002
2.866000 3.000000e+002
2.868000 3.000000e+002
2.870000 3.000000e+002
2.872000 3.000000e+002
2.874000 3.000000e+002
2.876000 3.000000e+002
2.878000 3.000000e+002
2.880000 3.000000e+002
2.882000 3.000000e+002
2.884000 3.000000e+002
2.886000 3.000000e+002
2.888000 3.000000e+002
2.890000 3.000000e+002
2.892000 3.000000e+002
2.894000 3.000000e+002
2.896000 3.000000e+002
2.898000 3.000000e+002
2.900000 3.000000e+002
2.902000 3.000000e+002
2.904000 3.000000e+002
2.906000 3.000000e+002
2.908000 3.000000e+002
2.910000 3.000000e+002
2.912000 3.000000e+002
2.914000 3.000000e+002
2.916000 3.000000e+002
2.918000 3.000000e+002
2.920000 3.000000e+002
2.922000 3.000000e+002
2.924000 3.000000e+002
2.926000 3.000000e+002
2.928000 3.000000e+002
2.930000 3.000000e+002
2.932000 3.000000e+002
2.934000 3.000000e+002
2.936000 3.000000e+002
2.938000 3.000000e+002
2.940000 3.000000e+002
2.942000 3.000000e+002
2.944000 3.000000e+002
2.946000 3.000000e+002
2.948000 3.000000e+002
2.950000 3.000000e+002
2.952000 3.000000e+002
2.954000 3.000000e+002
2.956000 3.000000e+002
2.958000 3.000000e+002
2.960000 3.000000e+002
2.962000 3.000000e+002
2.964000 3.000000e+002
2.966000 3.000000e+002
2.968000 3.000000e+002
2.970000 3.000000e+002
2.972000 3.000000e+002
2.974000 3.000000e+002
2.976000 3.000000e+002
2.978000 3.000000e+002
2.980000 3.000000e+002
2.982000 3.000000e+002
2.984000 3.000000e+002
2.986000 3.000000e+002
2.988000 3.000000e+002
2.990000 3.000000e+002
2.992000 3.000000e+002
2.994000 3.000000e+002
2.996000 3.000000e+002
2.998000 3.000000e+002
3.000000 3.000000e+002
3.002000 3.000000e+002
3.004000 3.000000e+002
3.006000 3.000000e+002
3.008000 3.000000e+002
3.010000 3.000000e+002
3.012000 3.000000e+002
3.014000 3.000000e+002
3.016000 3.000000e+002
3.018000 3.000000e+002
3.020000 3.000000e+002
3.022000 3.000000e+002
3.024000 3.000000e+002
3.026000 3.000000e+002
3.028000 3.000000e+002
3.030000 3.000000e+002
3.032000 3.000000e+002
3.034000 3.000000e+002
3.036000 3.000000e+002
3.038000 3.000000e+002
3.040000 3.000000e+002
3.042000 3.000000e+002
3.044000 3.000000e+002
3.046000 3.000000e+002
3.048000 3.000000e+002
3.050000 3.000000e+002
3.052000 3.000000e+002
3.054000 3.000000e+002
3.056000 3.000000e+002
3.058000 3.000000e+002
3.060000 3.000000e+002
3.062000 3.000000e+002
3.064000 3.000000e+002
3.066000 3.000000e+002
3.068000 3.000000e+002
3.070000 3.000000e+002
3.072000 3.000000e+002
3.074000 3.000000e+002
3.076000 3.000000e+002
3.078000 3.000000e+002
3.080000 3.000000e+002
3.082000 3.000000e+002
3.084000 3.000000e+002
3.086000 3.000000e+002
3.088000 3.000000e+002
3.090000 3.000000e+002
3.092000 3.000000e+002
3.094000 3.000000e+002
3.096000 3.000000e+002
3.098000 3.000000e+002
3.100000 3.000000e+002
3.102000 3.000000e+002
3.104000 3.000000e+002
3.106000 3.000000e+002
3.108000 3.000000e+002
3.110000 3.000000e+002
3.112000 3.000000e+002
3.114000 3.000000e+002
3.116000 3.000000e+002
3.118000 3.000000e+002
3.120000 3.000000e+002
3.122000 3.000000e+002
3.124000 3.000000e+002
3.126000 3.000000e+002
3.128000 3.000000e+002
3.130000 3.000000e+002
3.132000 3.000000e+002
3.134000 3.000000e+002
3.136000 3.000000e+002
3.138000 3.000000e+002
3.140000 3.000000e+002
3.142000 3.000000e+002
3.144000 3.000000e+002
3.146000 3.000000e+002
3.148000 3.000000e+002
3.150000 3.000000e+002
3.152000 3.000000e+002
3.154000 3.000000e+002
3.156000 3.000000e+002
3.158000 3.000000e+002
3.160000 3.000000e+002
3.162000 3.000000e+002
3.164000 3.000000e+002
3.166000 3.000000e+002
3.168000 3.000000e+002
3.170000 3.000000e+002
3.172000 3.000000e+002
3.174000 3.000000e+002
3.176000 3.000000e+002
3.178000 3.000000e+002
3.180000 3.000000e+002
3.182000 3.000000e+002
3.184000 3.000000e+002
3.186000 3.000000e+002
3.188000 3.000000e+002
3.190000 3.000000e+002
3.192000 3.000000e+002
3.194000 3.000000e+002
3.196000 3.000000e+002
3.198000 3.000000e+002
3.200000 3.000000e+002
3.202000 3.000000e+002
3.204000 3.000000e+002
3.206000 3.000000e+002
3.208000 3.000000e+002
3.210000 3.000000e+002
3.212000 3.000000e+002
3.214000 3.000000e+002
3.216000 3.000000e+002
3.218000 3.000000e+002
3.220000 3.000000e+002
3.222000 3.000000e+002
3.224000 3.000000e+002
3.226000 3.000000e+002
3.228000 3.000000e+002
3.230000 3.000000e+002
3.232000 3.000000e+002
3.234000 3.000000e+002
3.236000 3.000000e+002
3.238000 3.000000e+002
3.240000 3.000000e+002
3.242000 3.000000e+002
3.244000 3.000000e+002
3.246000 3.000000e+002
3.248000 3.000000e+002
3.250000 3.000000e+002
3.252000 3.000000e+002
3.254000 3.000000e+002
3.256000 3.000000e+002
3.258000 3.000000e+002
3.260000 3.000000e+002
3.262000 3.000000e+002
3.264000 3.000000e+002
3.266000 3.000000e+002
3.268000 3.000000e+002
3.270000 3.000000e+002
3.272000 3.000000e+002
3.274000 3.000000e+002
3.276000 3.000000e+002
3.278000 3.000000e+002
3.280000 3.000000e+002
3.282000 3.000000e+002
3.284000 3.000000e+002
3.286000 3.000000e+002
3.288000 3.000000e+002
3.290000 3.000000e+002
3.292000 3.000000e+002
3.294000 3.000000e+002
3.296000 3.000000e+002
3.298000 3.000000e+002
3.300000 3.000000e+002
3.302000 3.000000e+002
3.304000 3.000000e+002
3.306000 3.000000e+002
3.308000 3.000000e+002
3.310000 3.000000e+002
3.312000 3.000000e+002
3.314000 3.000000e+002
3.316000 3.000000e+002
3.318000 3.000000e+002
3.320000 3.000000e+002
3.322000 3.000000e+002
3.324000 3.000000e+002
3.326000 3.000000e+002
3.328000 3.000000e+002
3.330000 3.000000e+002
3.332000 3.000000e+002
3.334000 3.000000e+002
3.336000 3.000000e+002
3.338000 3.000000e+002
3.340000 3.000000e+002
3.342000 3.000000e+002
3.344000 3.000000e+002
3.346000 3.000000e+002
3.348000 3.000000e+002
3.350000 3.000000e+002
3.352000 3.000000e+002
3.354000 3.000000e+002
3.356000 3.000000e+002
3.358000 3.000000e+002
3.360000 3.000000e+002
3.362000 3.000000e+002
3.364000 3.000000e+002
3.366000 3.000000e+002
3.368000 3.000000e+002
3.370000 3.000000e+002
3.372000 3.000000e+002
3.374000 3.000000e+002
3.376000 3.000000e+002
3.378000 3.000000e+002
3.380000 3.000000e+002
3.382000 3.000000e+002
3.384000 3.000000e+002
3.386000 3.000000e+002
3.388000 3.000000e+002
3.390000 3.000000e+002
3.392000 3.000000e+002
3.394000 3.000000e+002
3.396000 3.000000e+002
3.398000 3.000000e+002
3.400000 3.000000e+002
3.402000 3.000000e+002
3.404000 3.000000e+002
3.406000 3.000000e+002
3.408000 3.000000e+002
3.410000 3.000000e+002
3.412000 3.000000e+002
3.414000 3.000000e+002
3.416000 3.000000e+002
3.418000 3.000000e+002
3.420000 3.000000e+002
3.422000 3.000000e+002
3.424000 3.000000e+002
3.426000 3.000000e+002
3.428000 3.000000e+002
3.430000 3.000000e+002
3.432000 3.000000e+002
3.434000 3.000000e+002
3.436000 3.000000e+002
3.438000 3.000000e+002
3.440000 3.000000e+002
3.442000 3.000000e+002
3.444000 3.000000e+002
3.446000 3.000000e+002
3.448000 3.000000e+002
3.450000 3.000000e+002
3.452000 3.000000e+002
3.454000 3.000000e+002
3.456000 3.000000e+002
3.458000 3.000000e+002
3.460000 3.000000e+002
3.462000 3.000000e+002
3.464000 3.000000e+002
3.466000 3.000000e+002
3.468000 3.000000e+002
3.470000 3.000000e+002
3.472000 3.000000e+002
3.474000 3.000000e+002
3.476000 3.000000e+002
3.478000 3.000000e+002
3.480000 3.000000e+002
3.482000 3.000000e+002
3.484000 3.000000e+002
3.486000 3.000000e+002
3.488000 3.000000e+002
3.490000 3.000000e+002
3.492000 3.000000e+002
3.494000 3.000000e+002
3.496000 3.000000e+002
3.498000 3.000000e+002
3.500000 3.000000e+002
3.502000 3.000000e+002
3.504000 3.000000e+002
3.506000 3.000000e+002
3.508000 3.000000e+002
3.510000 3.000000e+002
3.512000 3.000000e+002
3.514000 3.000000e+002
3.516000 3.000000e+002
3.518000 3.000000e+002
3.520000 3.000000e+002
3.522000 3.000000e+002
3.524000 3.000000e+002
3.526000 3.000000e+002
3.528000 3.000000e+002
3.530000 3.000000e+002
3.532000 3.000000e+002
3.534000 3.000000e+002
3.536000 3.000000e+002
3.538000 3.000000e+002
3.540000 3.000000e+002
3.542000 3.000000e+002
3.544000 3.000000e+002
3.546000 3.000000e+002
3.548000 3.000000e+002
3.550000 3.000000e+002
3.552000 3.000000e+002
3.554000 3.000000e+002
3.556000 3.000000e+002
3.558000 3.000000e+002
3.560000 3.000000e+002
3.562000 3.000000e+002
3.564000 3.000000e+002
3.566000 3.000000e+002
3.568000 3.000000e+002
3.570000 3.000000e+002
3.572000 3.000000e+002
3.574000 3.000000e+002
3.576000 3.000000e+002
3.578000 3.000000e+002
3.580000 3.000000e+002
3.582000 3.000000e+002
3.584000 3.000000e+002
3.586000 3.000000e+002
3.588000 3.000000e+002
3.590000 3.000000e+002
3.592000 3.000000e+002
3.594000 3.000000e+002
3.596000 3.000000e+002
3.598000 3.000000e+002
3.600000 3.000000e+002
3.602000 3.000000e+002
3.604000 3.000000e+002
3.606000 3.000000e+002
3.608000 3.000000e+002
3.610000 3.000000e+002
3.612000 3.000000e+002
3.614000 3.000000e+002
3.616000 3.000000e+002
3.618000 3.000000e+002
3.620000 3.000000e+002
3.622000 3.000000e+002
3.624000 3.000000e+002
3.626000 3.000000e+002
3.628000 3.000000e+002
3.630000 3.000000e+002
3.632000 3.000000e+002
3.634000 3.000000e+002
3.636000 3.000000e+002
3.638000 3.000000e+002
3.640000 3.000000e+002
3.642000 3.000000e+002
3.644000 3.000000e+002
3.646000 3.000000e+002
3.648000 3.000000e+002
3.650000 3.000000e+002
3.652000 3.000000e+002
3.654000 3.000000e+002
3.656000 3.000000e+002
3.658000 3.000000e+002
3.660000 3.000000e+002
3.662000 3.000000e+002
3.664000 3.000000e+002
3.666000 3.000000e+002
3.668000 3.000000e+002
3.670000 3.000000e+002
3.672000 3.000000e+002
3.674000 3.000000e+002
3.676000 3.000000e+002
3.678000 3.000000e+002
3.680000 3.000000e+002
3.682000 3.000000e+002
3.684000 3.000000e+002
3.686000 3.000000e+002
3.688000 3.000000e+002
3.690000 3.000000e+002
3.692000 3.000000e+002
3.694000 3.000000e+002
3.696000 3.000000e+002
3.698000 3.000000e+002
3.700000 3.000000e+002
3.702000 3.000000e+002
3.704000 3.000000e+002
3.706000 3.000000e+002
3.708000 3.000000e+002
3.710000 3.000000e+002
3.712000 3.000000e+002
3.714000 3.000000e+002
3.716000 3.000000e+002
3.718000 3.000000e+002
3.720000 3.000000e+002
3.722000 3.000000e+002
3.724000 3.000000e+002
3.726000 3.000000e+002
3.728000 3.000000e+002
3.730000 3.000000e+002
3.732000 3.000000e+002
3.734000 3.000000e+002
3.736000 3.000000e+002
3.738000 3.000000e+002
3.740000 3.000000e+002
3.742000 3.000000e+002
3.744000 3.000000e+002
3.746000 3.000000e+002
3.748000 3.000000e+002
3.750000 3.000000e+002
3.752000 3.000000e+002
3.754000 3.000000e+002
3.756000 3.000000e+002
3.758000 3.000000e+002
3.760000 3.000000e+002
3.762000 3.000000e+002
3.764000 3.000000e+002
3.766000 3.000000e+002
3.768000 3.000000e+002
3.770000 3.000000e+002
3.772000 3.000000e+002
3.774000 3.000000e+002
3.776000 3.000000e+002
3.778000 3.000000e+002
3.780000 3.000000e+002
3.782000 3.000000e+002
3.784000 3.000000e+002
3.786000 3.000000e+002
3.788000 3.000000e+002
3.790000 3.000000e+002
3.792000 3.000000e+002
3.794000 3.000000e+002
3.796000 3.000000e+002
3.798000 3.000000e+002
3.800000 3.000000e+002
3.802000 3.000000e+002
3.804000 3.000000e+002
3.806000 3.000000e+002
3.808000 3.000000e+002
3.810000 3.000000e+002
3.812000 3.000000e+002
3.814000 3.000000e+002
3.816000 3.000000e+002
3.818000 3.000000e+002
3.820000 3.000000e+002
3.822000 3.000000e+002
3.824000 3.000000e+002
3.826000 3.000000e+002
3.828000 3.000000e+002
3.830000 3.000000e+002
3.832000 3.000000e+002
3.834000 3.000000e+002
3.836000 3.000000e+002
3.838000 3.000000e+002
3.840000 3.000000e+002
3.842000 3.000000e+002
3.844000 3.000000e+002
3.846000 3.000000e+002
3.848000 3.000000e+002
3.850000 3.000000e+002
3.852000 3.000000e+002
3.854000 3.000000e+002
3.856000 3.000000e+002
3.858000 3.000000e+002
3.860000 3.000000e+002
3.862000 3.000000e+002
3.864000 3.000000e+002
3.866000 3.000000e+002
3.868000 3.000000e+002
3.870000 3.000000e+002
3.872000 3.000000e+002
3.874000 3.000000e+002
3.876000 3.000000e+002
3.878000 3.000000e+002
3.880000 3.000000e+002
3.882000 3.000000e+002
3.884000 3.000000e+002
3.886000 3.000000e+002
3.888000 3.000000e+002
3.890000 3.000000e+002
3.892000 3.000000e+002
3.894000 3.000000e+002
3.896000 3.000000e+002
3.898000 3.000000e+002
3.900000 3.000000e+002
3.902000 3.000000e+002
3.904000 3.000000e+002
3.906000 3.000000e+002
3.908000 3.000000e+002
3.910000 3.000000e+002
3.912000 3.000000e+002
3.914000 3.000000e+002
3.916000 3.000000e+002
3.918000 3.000000e+002
3.920000 3.000000e+002
3.922000 3.000000e+002
3.924000 3.000000e+002
3.926000 3.000000e+002
3.928000 3.000000e+002
3.930000 3.000000e+002
3.932000 3.000000e+002
3.934000 3.000000e+002
3.936000 3.000000e+002
3.938000 3.000000e+002
3.940000 3.000000e+002
3.942000 3.000000e+002
3.944000 3.000000e+002
3.946000 3.000000e+002
3.948000 3.000000e+002
3.950000 3.000000e+002
3.952000 3.000000e+002
3.954000 3.000000e+002
3.956000 3.000000e+002
3.958000 3.000000e+002
3.960000 3.000000e+002
3.962000 3.000000e+002
3.964000 3.000000e+002
3.966000 3.000000e+002
3.968000 3.000000e+002
3.970000 3.000000e+002
3.972000 3.000000e+002
3.974000 3.000000e+002
3.976000 3.000000e+002
3.978000 3.000000e+002
3.980000 3.000000e+002
3.982000 3.000000e+002
3.984000 3.000000e+002
3.986000 3.000000e+002
3.988000 3.000000e+002
3.990000 3.000000e+002
3.992000 3.000000e+002
3.994000 3.000000e+002
3.996000 3.000000e+002
3.998000 3.000000e+002
