0.000000 3.129351e+002
0.002000 3.143536e+002
0.004000 3.157719e+002
0.006000 3.171900e+002
0.008000 3.186079e+002
0.010000 3.200254e+002
0.012000 3.214427e+002
0.014000 3.228596e+002
0.016000 3.242762e+002
0.018000 3.256925e+002
0.020000 3.271083e+002
0.022000 3.285238e+002
0.024000 3.299388e+002
0.026000 3.313534e+002
0.028000 3.327675e+002
0.030000 3.341811e+002
0.032000 3.355942e+002
0.034000 3.370067e+002
0.036000 3.384187e+002
0.038000 3.398302e+002
0.040000 3.412410e+002
0.042000 3.426512e+002
0.044000 3.440608e+002
0.046000 3.454698e+002
0.048000 3.468780e+002
0.050000 3.482856e+002
0.052000 3.496924e+002
0.054000 3.510985e+002
0.056000 3.525038e+002
0.058000 3.539083e+002
0.060000 3.553120e+002
0.062000 3.567149e+002
0.064000 3.581170e+002
0.066000 3.595181e+002
0.068000 3.609184e+002
0.070000 3.623178e+002
0.072000 3.637163e+002
0.074000 3.651137e+002
0.076000 3.665103e+002
0.078000 3.679058e+002
0.080000 3.693003e+002
0.082000 3.706938e+002
0.084000 3.720862e+002
0.086000 3.734775e+002
0.088000 3.748678e+002
0.090000 3.762569e+002
0.092000 3.776449e+002
0.094000 3.790317e+002
0.096000 3.804174e+002
0.098000 3.818018e+002
0.100000 3.831851e+002
0.102000 3.845671e+002
0.104000 3.859478e+002
0.106000 3.873272e+002
0.108000 3.887054e+002
0.110000 3.900822e+002
0.112000 3.914577e+002
0.114000 3.928318e+002
0.116000 3.942045e+002
0.118000 3.955759e+002
0.120000 3.969458e+002
0.122000 3.983142e+002
0.124000 3.996812e+002
0.126000 4.010467e+002
0.128000 4.024108e+002
0.130000 4.037732e+002
0.132000 4.051342e+002
0.134000 4.064936e+002
0.136000 4.078514e+002
0.138000 4.092076e+002
0.140000 4.105621e+002
0.142000 4.119151e+002
0.144000 4.132663e+002
0.146000 4.146159e+002
0.148000 4.159638e+002
0.150000 4.173100e+002
0.152000 4.186544e+002
0.154000 4.199971e+002
0.156000 4.213380e+002
0.158000 4.226771e+002
0.160000 4.240143e+002
0.162000 4.253498e+002
0.164000 4.266833e+002
0.166000 4.280150e+002
0.168000 4.293448e+002
0.170000 4.306727e+002
0.172000 4.319987e+002
0.174000 4.333227e+002
0.176000 4.346447e+002
0.178000 4.359648e+002
0.180000 4.372828e+002
0.182000 4.385988e+002
0.184000 4.399128e+002
0.186000 4.412247e+002
0.188000 4.425345e+002
0.190000 4.438422e+002
0.192000 4.451478e+002
0.194000 4.464513e+002
0.196000 4.477525e+002
0.198000 4.490517e+002
0.200000 4.503486e+002
0.202000 4.516433e+002
0.204000 4.529358e+002
0.206000 4.542260e+002
0.208000 4.555139e+002
0.210000 4.567996e+002
0.212000 4.580830e+002
0.214000 4.593640e+002
0.216000 4.606427e+002
0.218000 4.619191e+002
0.220000 4.631930e+002
0.222000 4.644646e+002
0.224000 4.657338e+002
0.226000 4.670005e+002
0.228000 4.682648e+002
0.230000 4.695266e+002
0.232000 4.707860e+002
0.234000 4.720428e+002
0.236000 4.732972e+002
0.238000 4.745490e+002
0.240000 4.757982e+002
0.242000 4.770449e+002
0.244000 4.782890e+002
0.246000 4.795305e+002
0.248000 4.807693e+002
0.250000 4.820056e+002
0.252000 4.832392e+002
0.254000 4.844701e+002
0.256000 4.856983e+002
0.258000 4.869238e+002
0.260000 4.881466e+002
0.262000 4.893667e+002
0.264000 4.905840e+002
0.266000 4.917986e+002
0.268000 4.930103e+002
0.270000 4.942193e+002
0.272000 4.954254e+002
0.274000 4.966287e+002
0.276000 4.978292e+002
0.278000 4.990268e+002
0.280000 5.002215e+002
0.282000 5.014133e+002
0.284000 5.026022e+002
0.286000 5.037881e+002
0.288000 5.049712e+002
0.290000 5.061512e+002
0.292000 5.073283e+002
0.294000 5.085024e+002
0.296000 5.096735e+002
0.298000 5.108416e+002
0.300000 5.120066e+002
0.302000 5.131686e+002
0.304000 5.143275e+002
0.306000 5.154833e+002
0.308000 5.166360e+002
0.310000 5.177856e+002
0.312000 5.189321e+002
0.314000 5.200754e+002
0.316000 5.212156e+002
0.318000 5.223526e+002
0.320000 5.234865e+002
0.322000 5.246171e+002
0.324000 5.257445e+002
0.326000 5.268687e+002
0.328000 5.279896e+002
0.330000 5.291073e+002
0.332000 5.302217e+002
0.334000 5.313328e+002
0.336000 5.324407e+002
0.338000 5.335452e+002
0.340000 5.346464e+002
0.342000 5.357442e+002
0.344000 5.368387e+002
0.346000 5.379298e+002
0.348000 5.390176e+002
0.350000 5.401019e+002
0.352000 5.411828e+002
0.354000 5.422604e+002
0.356000 5.433344e+002
0.358000 5.444051e+002
0.360000 5.454723e+002
0.362000 5.465360e+002
0.364000 5.475962e+002
0.366000 5.486529e+002
0.368000 5.497061e+002
0.370000 5.507558e+002
0.372000 5.518019e+002
0.374000 5.528445e+002
0.376000 5.538836e+002
0.378000 5.549191e+002
0.380000 5.559509e+002
0.382000 5.569792e+002
0.384000 5.580039e+002
0.386000 5.590250e+002
0.388000 5.600424e+002
0.390000 5.610562e+002
0.392000 5.620663e+002
0.394000 5.630727e+002
0.396000 5.640755e+002
0.398000 5.650746e+002
0.400000 5.660700e+002
0.402000 5.670617e+002
0.404000 5.680496e+002
0.406000 5.690338e+002
0.408000 5.700143e+002
0.410000 5.709910e+002
0.412000 5.719639e+002
0.414000 5.729331e+002
0.416000 5.738985e+002
0.418000 5.748600e+002
0.420000 5.758178e+002
0.422000 5.767717e+002
0.424000 5.777219e+002
0.426000 5.786681e+002
0.428000 5.796105e+002
0.430000 5.805491e+002
0.432000 5.814838e+002
0.434000 5.824146e+002
0.436000 5.833415e+002
0.438000 5.842645e+002
0.440000 5.851836e+002
0.442000 5.860988e+002
0.444000 5.870101e+002
0.446000 5.879174e+002
0.448000 5.888208e+002
0.450000 5.897202e+002
0.452000 5.906157e+002
0.454000 5.915072e+002
0.456000 5.923946e+002
0.458000 5.932782e+002
0.460000 5.941577e+002
0.462000 5.950332e+002
0.464000 5.959046e+002
0.466000 5.967721e+002
0.468000 5.976355e+002
0.470000 5.984949e+002
0.472000 5.993502e+002
0.474000 6.002015e+002
0.476000 6.010487e+002
0.478000 6.018918e+002
0.480000 6.027309e+002
0.482000 6.035658e+002
0.484000 6.043967e+002
0.486000 6.052234e+002
0.488000 6.060461e+002
0.490000 6.068646e+002
0.492000 6.076790e+002
0.494000 6.084892e+002
0.496000 6.092953e+002
0.498000 6.100973e+002
0.500000 6.108951e+002
0.502000 6.116888e+002
0.504000 6.124783e+002
0.506000 6.132636e+002
0.508000 6.140447e+002
0.510000 6.148216e+002
0.512000 6.155944e+002
0.514000 6.163629e+002
0.516000 6.171273e+002
0.518000 6.178874e+002
0.520000 6.186433e+002
0.522000 6.193950e+002
0.524000 6.201424e+002
0.526000 6.208857e+002
0.528000 6.216246e+002
0.530000 6.223594e+002
0.532000 6.230898e+002
0.534000 6.238161e+002
0.536000 6.245380e+002
0.538000 6.252557e+002
0.540000 6.259691e+002
0.542000 6.266782e+002
0.544000 6.273831e+002
0.546000 6.280837e+002
0.548000 6.287799e+002
0.550000 6.294719e+002
0.552000 6.301596e+002
0.554000 6.308430e+002
0.556000 6.315220e+002
0.558000 6.321968e+002
0.560000 6.328672e+002
0.562000 6.335333e+002
0.564000 6.341951e+002
0.566000 6.348525e+002
0.568000 6.355056e+002
0.570000 6.361544e+002
0.572000 6.367989e+002
0.574000 6.374389e+002
0.576000 6.380747e+002
0.578000 6.387061e+002
0.580000 6.393331e+002
0.582000 6.399558e+002
0.584000 6.405741e+002
0.586000 6.411881e+002
0.588000 6.417977e+002
0.590000 6.424029e+002
0.592000 6.430037e+002
0.594000 6.436002e+002
0.596000 6.441923e+002
0.598000 6.447800e+002
0.600000 6.453634e+002
0.602000 6.459423e+002
0.604000 6.465169e+002
0.606000 6.470871e+002
0.608000 6.476529e+002
0.610000 6.482143e+002
0.612000 6.487713e+002
0.614000 6.493239e+002
0.616000 6.498721e+002
0.618000 6.504159e+002
0.620000 6.509553e+002
0.622000 6.514903e+002
0.624000 6.520210e+002
0.626000 6.525472e+002
0.628000 6.530690e+002
0.630000 6.535864e+002
0.632000 6.540994e+002
0.634000 6.546080e+002
0.636000 6.551121e+002
0.638000 6.556119e+002
0.640000 6.561073e+002
0.642000 6.565982e+002
0.644000 6.570848e+002
0.646000 6.575669e+002
0.648000 6.580447e+002
0.650000 6.585180e+002
0.652000 6.589869e+002
0.654000 6.594514e+002
0.656000 6.599115e+002
0.658000 6.603672e+002
0.660000 6.608185e+002
0.662000 6.612653e+002
0.664000 6.617078e+002
0.666000 6.621459e+002
0.668000 6.625795e+002
0.670000 6.630088e+002
0.672000 6.634336e+002
0.674000 6.638540e+002
0.676000 6.642701e+002
0.678000 6.646817e+002
0.680000 6.650889e+002
0.682000 6.654918e+002
0.684000 6.658902e+002
0.686000 6.662843e+002
0.688000 6.666739e+002
0.690000 6.670592e+002
0.692000 6.674401e+002
0.694000 6.678165e+002
0.696000 6.681886e+002
0.698000 6.685563e+002
0.700000 6.689197e+002
0.702000 6.692786e+002
0.704000 6.696332e+002
0.706000 6.699834e+002
0.708000 6.703292e+002
0.710000 6.706707e+002
0.712000 6.710077e+002
0.714000 6.713405e+002
0.716000 6.716688e+002
0.718000 6.719928e+002
0.720000 6.723125e+002
0.722000 6.726277e+002
0.724000 6.729387e+002
0.726000 6.732453e+002
0.728000 6.735475e+002
0.730000 6.738454e+002
0.732000 6.741390e+002
0.734000 6.744282e+002
0.736000 6.747131e+002
0.738000 6.749937e+002
0.740000 6.752699e+002
0.742000 6.755419e+002
0.744000 6.758095e+002
0.746000 6.760728e+002
0.748000 6.763318e+002
0.750000 6.765865e+002
0.752000 6.768369e+002
0.754000 6.770830e+002
0.756000 6.773248e+002
0.758000 6.775624e+002
0.760000 6.777956e+002
0.762000 6.780246e+002
0.764000 6.782493e+002
0.766000 6.784697e+002
0.768000 6.786859e+002
0.770000 6.788978e+002
0.772000 6.791055e+002
0.774000 6.793089e+002
0.776000 6.795081e+002
0.778000 6.797030e+002
0.780000 6.798937e+002
0.782000 6.800802e+002
0.784000 6.802624e+002
0.786000 6.804405e+002
0.788000 6.806143e+002
0.790000 6.807839e+002
0.792000 6.809494e+002
0.794000 6.811106e+002
0.796000 6.812677e+002
0.798000 6.814205e+002
0.800000 6.815692e+002
0.802000 6.817138e+002
0.804000 6.818541e+002
0.806000 6.819903e+002
0.808000 6.821224e+002
0.810000 6.822503e+002
0.812000 6.823741e+002
0.814000 6.824938e+002
0.816000 6.826093e+002
0.818000 6.827207e+002
0.820000 6.828280e+002
0.822000 6.829312e+002
0.824000 6.830303e+002
0.826000 6.831253e+002
0.828000 6.832162e+002
0.830000 6.833031e+002
0.832000 6.833859e+002
0.834000 6.834646e+002
0.836000 6.835393e+002
0.838000 6.836099e+002
0.840000 6.836765e+002
0.842000 6.837390e+002
0.844000 6.837975e+002
0.846000 6.838520e+002
0.848000 6.839025e+002
0.850000 6.839490e+002
0.852000 6.839915e+002
0.854000 6.840301e+002
0.856000 6.840646e+002
0.858000 6.840952e+002
0.860000 6.841218e+002
0.862000 6.841444e+002
0.864000 6.841631e+002
0.866000 6.841779e+002
0.868000 6.841887e+002
0.870000 6.841957e+002
0.872000 6.841987e+002
0.874000 6.841978e+002
0.876000 6.841930e+002
0.878000 6.841843e+002
0.880000 6.841718e+002
0.882000 6.841553e+002
0.884000 6.841351e+002
0.886000 6.841109e+002
0.888000 6.840829e+002
0.890000 6.840511e+002
0.892000 6.840155e+002
0.894000 6.839760e+002
0.896000 6.839328e+002
0.898000 6.838857e+002
0.900000 6.838349e+002
0.902000 6.837803e+002
0.904000 6.837219e+002
0.906000 6.836597e+002
0.908000 6.835938e+002
0.910000 6.835242e+002
0.912000 6.834508e+002
0.914000 6.833737e+002
0.916000 6.832929e+002
0.918000 6.832083e+002
0.920000 6.831201e+002
0.922000 6.830282e+002
0.924000 6.829327e+002
0.926000 6.828335e+002
0.928000 6.827306e+002
0.930000 6.826240e+002
0.932000 6.825139e+002
0.934000 6.824001e+002
0.936000 6.822827e+002
0.938000 6.821617e+002
0.940000 6.820371e+002
0.942000 6.819089e+002
0.944000 6.817772e+002
0.946000 6.816419e+002
0.948000 6.815030e+002
0.950000 6.813606e+002
0.952000 6.812147e+002
0.954000 6.810652e+002
0.956000 6.809123e+002
0.958000 6.807558e+002
0.960000 6.805959e+002
0.962000 6.804325e+002
0.964000 6.802656e+002
0.966000 6.800952e+002
0.968000 6.799215e+002
0.970000 6.797442e+002
0.972000 6.795636e+002
0.974000 6.793796e+002
0.976000 6.791921e+002
0.978000 6.790013e+002
0.980000 6.788070e+002
0.982000 6.786095e+002
0.984000 6.784085e+002
0.986000 6.782042e+002
0.988000 6.779966e+002
0.990000 6.777857e+002
0.992000 6.775714e+002
0.994000 6.773539e+002
0.996000 6.771331e+002
0.998000 6.769090e+002
1.000000 6.766816e+002
1.002000 6.764510e+002
1.004000 6.762171e+002
1.006000 6.759800e+002
1.008000 6.757397e+002
1.010000 6.754962e+002
1.012000 6.752495e+002
1.014000 6.749996e+002
1.016000 6.747465e+002
1.018000 6.744903e+002
1.020000 6.742310e+002
1.022000 6.739685e+002
1.024000 6.737028e+002
1.026000 6.734341e+002
1.028000 6.731623e+002
1.030000 6.728874e+002
1.032000 6.726094e+002
1.034000 6.723283e+002
1.036000 6.720442e+002
1.038000 6.717571e+002
1.040000 6.714669e+002
1.042000 6.711737e+002
1.044000 6.708776e+002
1.046000 6.705784e+002
1.048000 6.702763e+002
1.050000 6.699711e+002
1.052000 6.696631e+002
1.054000 6.693521e+002
1.056000 6.690382e+002
1.058000 6.687213e+002
1.060000 6.684016e+002
1.062000 6.680790e+002
1.064000 6.677535e+002
1.066000 6.674251e+002
1.068000 6.670939e+002
1.070000 6.667598e+002
1.072000 6.664229e+002
1.074000 6.660832e+002
1.076000 6.657407e+002
1.078000 6.653955e+002
1.080000 6.650474e+002
1.082000 6.646966e+002
1.084000 6.643430e+002
1.086000 6.639867e+002
1.088000 6.636277e+002
1.090000 6.632659e+002
1.092000 6.629015e+002
1.094000 6.625344e+002
1.096000 6.621646e+002
1.098000 6.617921e+002
1.100000 6.614170e+002
1.102000 6.610393e+002
1.104000 6.606589e+002
1.106000 6.602759e+002
1.108000 6.598904e+002
1.110000 6.595022e+002
1.112000 6.591115e+002
1.114000 6.587183e+002
1.116000 6.583225e+002
1.118000 6.579241e+002
1.120000 6.575233e+002
1.122000 6.571199e+002
1.124000 6.567141e+002
1.126000 6.563057e+002
1.128000 6.558950e+002
1.130000 6.554817e+002
1.132000 6.550661e+002
1.134000 6.546480e+002
1.136000 6.542274e+002
1.138000 6.538045e+002
1.140000 6.533793e+002
1.142000 6.529516e+002
1.144000 6.525216e+002
1.146000 6.520892e+002
1.148000 6.516545e+002
1.150000 6.512175e+002
1.152000 6.507782e+002
1.154000 6.503366e+002
1.156000 6.498927e+002
1.158000 6.494466e+002
1.160000 6.489982e+002
1.162000 6.485475e+002
1.164000 6.480947e+002
1.166000 6.476396e+002
1.168000 6.471823e+002
1.170000 6.467229e+002
1.172000 6.462613e+002
1.174000 6.457975e+002
1.176000 6.453316e+002
1.178000 6.448635e+002
1.180000 6.443933e+002
1.182000 6.439211e+002
1.184000 6.434467e+002
1.186000 6.429702e+002
1.188000 6.424917e+002
1.190000 6.420112e+002
1.192000 6.415286e+002
1.194000 6.410440e+002
1.196000 6.405573e+002
1.198000 6.400687e+002
1.200000 6.395781e+002
1.202000 6.390855e+002
1.204000 6.385910e+002
1.206000 6.380945e+002
1.208000 6.375961e+002
1.210000 6.370958e+002
1.212000 6.365935e+002
1.214000 6.360894e+002
1.216000 6.355834e+002
1.218000 6.350756e+002
1.220000 6.345659e+002
1.222000 6.340543e+002
1.224000 6.335410e+002
1.226000 6.330258e+002
1.228000 6.325088e+002
1.230000 6.319901e+002
1.232000 6.314696e+002
1.234000 6.309473e+002
1.236000 6.304233e+002
1.238000 6.298975e+002
1.240000 6.293701e+002
1.242000 6.288409e+002
1.244000 6.283101e+002
1.246000 6.277775e+002
1.248000 6.272434e+002
1.250000 6.267075e+002
1.252000 6.261700e+002
1.254000 6.256310e+002
1.256000 6.250903e+002
1.258000 6.245480e+002
1.260000 6.240041e+002
1.262000 6.234586e+002
1.264000 6.229116e+002
1.266000 6.223631e+002
1.268000 6.218130e+002
1.270000 6.212614e+002
1.272000 6.207083e+002
1.274000 6.201538e+002
1.276000 6.195977e+002
1.278000 6.190402e+002
1.280000 6.184812e+002
1.282000 6.179208e+002
1.284000 6.173590e+002
1.286000 6.167957e+002
1.288000 6.162311e+002
1.290000 6.156651e+002
1.292000 6.150977e+002
1.294000 6.145289e+002
1.296000 6.139588e+002
1.298000 6.133874e+002
1.300000 6.128147e+002
1.302000 6.122406e+002
1.304000 6.116653e+002
1.306000 6.110886e+002
1.308000 6.105108e+002
1.310000 6.099316e+002
1.312000 6.093512e+002
1.314000 6.087696e+002
1.316000 6.081868e+002
1.318000 6.076028e+002
1.320000 6.070175e+002
1.322000 6.064312e+002
1.324000 6.058436e+002
1.326000 6.052549e+002
1.328000 6.046650e+002
1.330000 6.040741e+002
1.332000 6.034820e+002
1.334000 6.028888e+002
1.336000 6.022945e+002
1.338000 6.016992e+002
1.340000 6.011028e+002
1.342000 6.005053e+002
1.344000 5.999069e+002
1.346000 5.993073e+002
1.348000 5.987068e+002
1.350000 5.981053e+002
1.352000 5.975028e+002
1.354000 5.968993e+002
1.356000 5.962949e+002
1.358000 5.956895e+002
1.360000 5.950832e+002
1.362000 5.944759e+002
1.364000 5.938678e+002
1.366000 5.932587e+002
1.368000 5.926488e+002
1.370000 5.920379e+002
1.372000 5.914263e+002
1.374000 5.908137e+002
1.376000 5.902004e+002
1.378000 5.895862e+002
1.380000 5.889712e+002
1.382000 5.883554e+002
1.384000 5.877388e+002
1.386000 5.871214e+002
1.388000 5.865033e+002
1.390000 5.858844e+002
1.392000 5.852648e+002
1.394000 5.846445e+002
1.396000 5.840234e+002
1.398000 5.834016e+002
1.400000 5.827792e+002
1.402000 5.821561e+002
1.404000 5.815323e+002
1.406000 5.809078e+002
1.408000 5.802827e+002
1.410000 5.796570e+002
1.412000 5.790306e+002
1.414000 5.784037e+002
1.416000 5.777761e+002
1.418000 5.771480e+002
1.420000 5.765193e+002
1.422000 5.758900e+002
1.424000 5.752602e+002
1.426000 5.746298e+002
1.428000 5.739989e+002
1.430000 5.733675e+002
1.432000 5.727356e+002
1.434000 5.721032e+002
1.436000 5.714703e+002
1.438000 5.708370e+002
1.440000 5.702031e+002
1.442000 5.695689e+002
1.444000 5.689342e+002
1.446000 5.682991e+002
1.448000 5.676636e+002
1.450000 5.670276e+002
1.452000 5.663913e+002
1.454000 5.657546e+002
1.456000 5.651176e+002
1.458000 5.644801e+002
1.460000 5.638424e+002
1.462000 5.632043e+002
1.464000 5.625658e+002
1.466000 5.619271e+002
1.468000 5.612881e+002
1.470000 5.606487e+002
1.472000 5.600091e+002
1.474000 5.593692e+002
1.476000 5.587291e+002
1.478000 5.580887e+002
1.480000 5.574481e+002
1.482000 5.568072e+002
1.484000 5.561662e+002
1.486000 5.555249e+002
1.488000 5.548834e+002
1.490000 5.542418e+002
1.492000 5.536000e+002
1.494000 5.529580e+002
1.496000 5.523158e+002
1.498000 5.516736e+002
1.500000 5.510311e+002
1.502000 5.503886e+002
1.504000 5.497460e+002
1.506000 5.491032e+002
1.508000 5.484604e+002
1.510000 5.478175e+002
1.512000 5.471745e+002
1.514000 5.465315e+002
1.516000 5.458884e+002
1.518000 5.452452e+002
1.520000 5.446021e+002
1.522000 5.439589e+002
1.524000 5.433157e+002
1.526000 5.426725e+002
1.528000 5.420293e+002
1.530000 5.413862e+002
1.532000 5.407430e+002
1.534000 5.400999e+002
1.536000 5.394569e+002
1.538000 5.388139e+002
1.540000 5.381710e+002
1.542000 5.375281e+002
1.544000 5.368854e+002
1.546000 5.362427e+002
1.548000 5.356002e+002
1.550000 5.349577e+002
1.552000 5.343154e+002
1.554000 5.336733e+002
1.556000 5.330312e+002
1.558000 5.323893e+002
1.560000 5.317476e+002
1.562000 5.311061e+002
1.564000 5.304647e+002
1.566000 5.298236e+002
1.568000 5.291826e+002
1.570000 5.285418e+002
1.572000 5.279013e+002
1.574000 5.272610e+002
1.576000 5.266209e+002
1.578000 5.259810e+002
1.580000 5.253414e+002
1.582000 5.247021e+002
1.584000 5.240631e+002
1.586000 5.234243e+002
1.588000 5.227858e+002
1.590000 5.221476e+002
1.592000 5.215097e+002
1.594000 5.208721e+002
1.596000 5.202349e+002
1.598000 5.195980e+002
1.600000 5.189614e+002
1.602000 5.183252e+002
1.604000 5.176893e+002
1.606000 5.170538e+002
1.608000 5.164186e+002
1.610000 5.157839e+002
1.612000 5.151495e+002
1.614000 5.145155e+002
1.616000 5.138819e+002
1.618000 5.132488e+002
1.620000 5.126161e+002
1.622000 5.119838e+002
1.624000 5.113519e+002
1.626000 5.107205e+002
1.628000 5.100895e+002
1.630000 5.094590e+002
1.632000 5.088290e+002
1.634000 5.081994e+002
1.636000 5.075703e+002
1.638000 5.069417e+002
1.640000 5.063137e+002
1.642000 5.056861e+002
1.644000 5.050590e+002
1.646000 5.044325e+002
1.648000 5.038065e+002
1.650000 5.031810e+002
1.652000 5.025561e+002
1.654000 5.019317e+002
1.656000 5.013079e+002
1.658000 5.006846e+002
1.660000 5.000620e+002
1.662000 4.994399e+002
1.664000 4.988184e+002
1.666000 4.981974e+002
1.668000 4.975771e+002
1.670000 4.969574e+002
1.672000 4.963384e+002
1.674000 4.957199e+002
1.676000 4.951021e+002
1.678000 4.944849e+002
1.680000 4.938683e+002
1.682000 4.932524e+002
1.684000 4.926372e+002
1.686000 4.920226e+002
1.688000 4.914087e+002
1.690000 4.907955e+002
1.692000 4.901829e+002
1.694000 4.895711e+002
1.696000 4.889599e+002
1.698000 4.883495e+002
1.700000 4.877397e+002
1.702000 4.871307e+002
1.704000 4.865224e+002
1.706000 4.859148e+002
1.708000 4.853079e+002
1.710000 4.847018e+002
1.712000 4.840965e+002
1.714000 4.834919e+002
1.716000 4.828880e+002
1.718000 4.822850e+002
1.720000 4.816826e+002
1.722000 4.810811e+002
1.724000 4.804804e+002
1.726000 4.798804e+002
1.728000 4.792812e+002
1.730000 4.786829e+002
1.732000 4.780853e+002
1.734000 4.774886e+002
1.736000 4.768926e+002
1.738000 4.762975e+002
1.740000 4.757032e+002
1.742000 4.751098e+002
1.744000 4.745172e+002
1.746000 4.739254e+002
1.748000 4.733345e+002
1.750000 4.727445e+002
1.752000 4.721553e+002
1.754000 4.715670e+002
1.756000 4.709795e+002
1.758000 4.703929e+002
1.760000 4.698072e+002
1.762000 4.692224e+002
1.764000 4.686385e+002
1.766000 4.680555e+002
1.768000 4.674734e+002
1.770000 4.668922e+002
1.772000 4.663119e+002
1.774000 4.657325e+002
1.776000 4.651540e+002
1.778000 4.645765e+002
1.780000 4.639999e+002
1.782000 4.634242e+002
1.784000 4.628495e+002
1.786000 4.622757e+002
1.788000 4.617029e+002
1.790000 4.611310e+002
1.792000 4.605601e+002
1.794000 4.599901e+002
1.796000 4.594212e+002
1.798000 4.588532e+002
1.800000 4.582861e+002
1.802000 4.577201e+002
1.804000 4.571550e+002
1.806000 4.565909e+002
1.808000 4.560278e+002
1.810000 4.554657e+002
1.812000 4.549046e+002
1.814000 4.543446e+002
1.816000 4.537855e+002
1.818000 4.532274e+002
1.820000 4.526704e+002
1.822000 4.521144e+002
1.824000 4.515594e+002
1.826000 4.510054e+002
1.828000 4.504525e+002
1.830000 4.499006e+002
1.832000 4.493497e+002
1.834000 4.487999e+002
1.836000 4.482512e+002
1.838000 4.477035e+002
1.840000 4.471568e+002
1.842000 4.466112e+002
1.844000 4.460667e+002
1.846000 4.455232e+002
1.848000 4.449808e+002
1.850000 4.444395e+002
1.852000 4.438992e+002
1.854000 4.433601e+002
1.856000 4.428220e+002
1.858000 4.422850e+002
1.860000 4.417491e+002
1.862000 4.412142e+002
1.864000 4.406805e+002
1.866000 4.401479e+002
1.868000 4.396164e+002
1.870000 4.390859e+002
1.872000 4.385566e+002
1.874000 4.380284e+002
1.876000 4.375013e+002
1.878000 4.369754e+002
1.880000 4.364505e+002
1.882000 4.359268e+002
1.884000 4.354042e+002
1.886000 4.348827e+002
1.888000 4.343623e+002
1.890000 4.338431e+002
1.892000 4.333250e+002
1.894000 4.328081e+002
1.896000 4.322923e+002
1.898000 4.317776e+002
1.900000 4.312641e+002
1.902000 4.307517e+002
1.904000 4.302405e+002
1.906000 4.297304e+002
1.908000 4.292215e+002
1.910000 4.287137e+002
1.912000 4.282071e+002
1.914000 4.277017e+002
1.916000 4.271974e+002
1.918000 4.266943e+002
1.920000 4.261924e+002
1.922000 4.256916e+002
1.924000 4.251920e+002
1.926000 4.246936e+002
1.928000 4.241963e+002
1.930000 4.237003e+002
1.932000 4.232054e+002
1.934000 4.227116e+002
1.936000 4.222191e+002
1.938000 4.217278e+002
1.940000 4.212376e+002
1.942000 4.207487e+002
1.944000 4.202609e+002
1.946000 4.197743e+002
1.948000 4.192889e+002
1.950000 4.188047e+002
1.952000 4.183217e+002
1.954000 4.178399e+002
1.956000 4.173593e+002
1.958000 4.168799e+002
1.960000 4.164017e+002
1.962000 4.159247e+002
1.964000 4.154490e+002
1.966000 4.149744e+002
1.968000 4.145010e+002
1.970000 4.140289e+002
1.972000 4.135579e+002
1.974000 4.130882e+002
1.976000 4.126197e+002
1.978000 4.121524e+002
1.980000 4.116863e+002
1.982000 4.112214e+002
1.984000 4.107577e+002
1.986000 4.102953e+002
1.988000 4.098341e+002
1.990000 4.093741e+002
1.992000 4.089153e+002
1.994000 4.084578e+002
1.996000 4.080015e+002
1.998000 4.075464e+002
2.000000 4.070925e+002
2.002000 4.066398e+002
2.004000 4.061884e+002
2.006000 4.057382e+002
2.008000 4.052893e+002
2.010000 4.048415e+002
2.012000 4.043950e+002
2.014000 4.039498e+002
2.016000 4.035057e+002
2.018000 4.030629e+002
2.020000 4.026213e+002
2.022000 4.021810e+002
2.024000 4.017419e+002
2.026000 4.013040e+002
2.028000 4.008674e+002
2.030000 4.004319e+002
2.032000 3.999978e+002
2.034000 3.995648e+002
2.036000 3.991331e+002
2.038000 3.987027e+002
2.040000 3.982734e+002
2.042000 3.978454e+002
2.044000 3.974187e+002
2.046000 3.969932e+002
2.048000 3.965689e+002
2.050000 3.961459e+002
2.052000 3.957240e+002
2.054000 3.953035e+002
2.056000 3.948841e+002
2.058000 3.944661e+002
2.060000 3.940492e+002
2.062000 3.936336e+002
2.064000 3.932192e+002
2.066000 3.928061e+002
2.068000 3.923942e+002
2.070000 3.919835e+002
2.072000 3.915741e+002
2.074000 3.911659e+002
2.076000 3.907589e+002
2.078000 3.903532e+002
2.080000 3.899487e+002
2.082000 3.895454e+002
2.084000 3.891434e+002
2.086000 3.887427e+002
2.088000 3.883431e+002
2.090000 3.879448e+002
2.092000 3.875477e+002
2.094000 3.871519e+002
2.096000 3.867573e+002
2.098000 3.863639e+002
2.100000 3.859718e+002
2.102000 3.855809e+002
2.104000 3.851912e+002
2.106000 3.848028e+002
2.108000 3.844155e+002
2.110000 3.840296e+002
2.112000 3.836448e+002
2.114000 3.832613e+002
2.116000 3.828790e+002
2.118000 3.824979e+002
2.120000 3.821181e+002
2.122000 3.817394e+002
2.124000 3.813621e+002
2.126000 3.809859e+002
2.128000 3.806109e+002
2.130000 3.802372e+002
2.132000 3.798647e+002
2.134000 3.794934e+002
2.136000 3.791234e+002
2.138000 3.787545e+002
2.140000 3.783869e+002
2.142000 3.780205e+002
2.144000 3.776553e+002
2.146000 3.772914e+002
2.148000 3.769286e+002
2.150000 3.765671e+002
2.152000 3.762067e+002
2.154000 3.758476e+002
2.156000 3.754897e+002
2.158000 3.751330e+002
2.160000 3.747775e+002
2.162000 3.744232e+002
2.164000 3.740701e+002
2.166000 3.737183e+002
2.168000 3.733676e+002
2.170000 3.730181e+002
2.172000 3.726699e+002
2.174000 3.723228e+002
2.176000 3.719769e+002
2.178000 3.716322e+002
2.180000 3.712888e+002
2.182000 3.709465e+002
2.184000 3.706054e+002
2.186000 3.702655e+002
2.188000 3.699268e+002
2.190000 3.695893e+002
2.192000 3.692530e+002
2.194000 3.689178e+002
2.196000 3.685839e+002
2.198000 3.682511e+002
2.200000 3.679195e+002
2.202000 3.675891e+002
2.204000 3.672599e+002
2.206000 3.669318e+002
2.208000 3.666049e+002
2.210000 3.662792e+002
2.212000 3.659547e+002
2.214000 3.656313e+002
2.216000 3.653091e+002
2.218000 3.649881e+002
2.220000 3.646683e+002
2.222000 3.643496e+002
2.224000 3.640321e+002
2.226000 3.637157e+002
2.228000 3.634005e+002
2.230000 3.630864e+002
2.232000 3.627736e+002
2.234000 3.624618e+002
2.236000 3.621512e+002
2.238000 3.618418e+002
2.240000 3.615335e+002
2.242000 3.612264e+002
2.244000 3.609204e+002
2.246000 3.606156e+002
2.248000 3.603119e+002
2.250000 3.600093e+002
2.252000 3.597079e+002
2.254000 3.594076e+002
2.256000 3.591085e+002
2.258000 3.588104e+002
2.260000 3.585136e+002
2.262000 3.582178e+002
2.264000 3.579232e+002
2.266000 3.576297e+002
2.268000 3.573373e+002
2.270000 3.570460e+002
2.272000 3.567559e+002
2.274000 3.564669e+002
2.276000 3.561790e+002
2.278000 3.558922e+002
2.280000 3.556065e+002
2.282000 3.553219e+002
2.284000 3.550385e+002
2.286000 3.547561e+002
2.288000 3.544748e+002
2.290000 3.541947e+002
2.292000 3.539156e+002
2.294000 3.536377e+002
2.296000 3.533608e+002
2.298000 3.530850e+002
2.300000 3.528104e+002
2.302000 3.525368e+002
2.304000 3.522643e+002
2.306000 3.519928e+002
2.308000 3.517225e+002
2.310000 3.514532e+002
2.312000 3.511851e+002
2.314000 3.509180e+002
2.316000 3.506519e+002
2.318000 3.503870e+002
2.320000 3.501231e+002
2.322000 3.498602e+002
2.324000 3.495985e+002
2.326000 3.493378e+002
2.328000 3.490781e+002
2.330000 3.488195e+002
2.332000 3.485620e+002
2.334000 3.483055e+002
2.336000 3.480501e+002
2.338000 3.477957e+002
2.340000 3.475424e+002
2.342000 3.472901e+002
2.344000 3.470389e+002
2.346000 3.467887e+002
2.348000 3.465395e+002
2.350000 3.462914e+002
2.352000 3.460442e+002
2.354000 3.457982e+002
2.356000 3.455531e+002
2.358000 3.453091e+002
2.360000 3.450661e+002
2.362000 3.448241e+002
2.364000 3.445832e+002
2.366000 3.443432e+002
2.368000 3.441043e+002
2.370000 3.438663e+002
2.372000 3.436294e+002
2.374000 3.433935e+002
2.376000 3.431586e+002
2.378000 3.429247e+002
2.380000 3.426918e+002
2.382000 3.424599e+002
2.384000 3.422289e+002
2.386000 3.419990e+002
2.388000 3.417701e+002
2.390000 3.415421e+002
2.392000 3.413151e+002
2.394000 3.410891e+002
2.396000 3.408641e+002
2.398000 3.406401e+002
2.400000 3.404170e+002
2.402000 3.401949e+002
2.404000 3.399738e+002
2.406000 3.397536e+002
2.408000 3.395344e+002
2.410000 3.393162e+002
2.412000 3.390989e+002
2.414000 3.388826e+002
2.416000 3.386672e+002
2.418000 3.384528e+002
2.420000 3.382393e+002
2.422000 3.380268e+002
2.424000 3.378152e+002
2.426000 3.376045e+002
2.428000 3.373948e+002
2.430000 3.371861e+002
2.432000 3.369782e+002
2.434000 3.367713e+002
2.436000 3.365653e+002
2.438000 3.363603e+002
2.440000 3.361561e+002
2.442000 3.359529e+002
2.444000 3.357506e+002
2.446000 3.355492e+002
2.448000 3.353487e+002
2.450000 3.351492e+002
2.452000 3.349505e+002
2.454000 3.347527e+002
2.456000 3.345559e+002
2.458000 3.343599e+002
2.460000 3.341649e+002
2.462000 3.339707e+002
2.464000 3.337774e+002
2.466000 3.335850e+002
2.468000 3.333935e+002
2.470000 3.332029e+002
2.472000 3.330132e+002
2.474000 3.328243e+002
2.476000 3.326363e+002
2.478000 3.324492e+002
2.480000 3.322629e+002
2.482000 3.320776e+002
2.484000 3.318930e+002
2.486000 3.317094e+002
2.488000 3.315266e+002
2.490000 3.313447e+002
2.492000 3.311636e+002
2.494000 3.309833e+002
2.496000 3.308040e+002
2.498000 3.306254e+002
2.500000 3.304477e+002
2.502000 3.302709e+002
2.504000 3.300948e+002
2.506000 3.299197e+002
2.508000 3.297453e+002
2.510000 3.295718e+002
2.512000 3.293991e+002
2.514000 3.292272e+002
2.516000 3.290562e+002
2.518000 3.288859e+002
2.520000 3.287165e+002
2.522000 3.285479e+002
2.524000 3.283801e+002
2.526000 3.282132e+002
2.528000 3.280470e+002
2.530000 3.278816e+002
2.532000 3.277171e+002
2.534000 3.275533e+002
2.536000 3.273903e+002
2.538000 3.272281e+002
2.540000 3.270667e+002
2.542000 3.269061e+002
2.544000 3.267463e+002
2.546000 3.265873e+002
2.548000 3.264290e+002
2.550000 3.262715e+002
2.552000 3.261148e+002
2.554000 3.259589e+002
2.556000 3.258037e+002
2.558000 3.256493e+002
2.560000 3.254957e+002
2.562000 3.253428e+002
2.564000 3.251907e+002
2.566000 3.250393e+002
2.568000 3.248887e+002
2.570000 3.247389e+002
2.572000 3.245897e+002
2.574000 3.244414e+002
2.576000 3.242938e+002
2.578000 3.241469e+002
2.580000 3.240007e+002
2.582000 3.238553e+002
2.584000 3.237106e+002
2.586000 3.235667e+002
2.588000 3.234235e+002
2.590000 3.232809e+002
2.592000 3.231392e+002
2.594000 3.229981e+002
2.596000 3.228578e+002
2.598000 3.227181e+002
2.600000 3.225792e+002
2.602000 3.224410e+002
2.604000 3.223035e+002
2.606000 3.221667e+002
2.608000 3.220306e+002
2.610000 3.218952e+002
2.612000 3.217605e+002
2.614000 3.216265e+002
2.616000 3.214931e+002
2.618000 3.213605e+002
2.620000 3.212286e+002
2.622000 3.210973e+002
2.624000 3.209667e+002
2.626000 3.208368e+002
2.628000 3.207076e+002
2.630000 3.205790e+002
2.632000 3.204511e+002
2.634000 3.203239e+002
2.636000 3.201973e+002
2.638000 3.200714e+002
2.640000 3.199462e+002
2.642000 3.198216e+002
2.644000 3.196976e+002
2.646000 3.195744e+002
2.648000 3.194517e+002
2.650000 3.193298e+002
2.652000 3.192084e+002
2.654000 3.190877e+002
2.656000 3.189677e+002
2.658000 3.188482e+002
2.660000 3.187295e+002
2.662000 3.186113e+002
2.664000 3.184938e+002
2.666000 3.183769e+002
2.668000 3.182606e+002
2.670000 3.181450e+002
2.672000 3.180299e+002
2.674000 3.179155e+002
2.676000 3.178017e+002
2.678000 3.176885e+002
2.680000 3.175759e+002
2.682000 3.174640e+002
2.684000 3.173526e+002
2.686000 3.172418e+002
2.688000 3.171317e+002
2.690000 3.170221e+002
2.692000 3.169131e+002
2.694000 3.168047e+002
2.696000 3.166969e+002
2.698000 3.165897e+002
2.700000 3.164831e+002
2.702000 3.163771e+002
2.704000 3.162716e+002
2.706000 3.161667e+002
2.708000 3.160624e+002
2.710000 3.159587e+002
2.712000 3.158555e+002
2.714000 3.157529e+002
2.716000 3.156509e+002
2.718000 3.155494e+002
2.720000 3.154485e+002
2.722000 3.153482e+002
2.724000 3.152484e+002
2.726000 3.151491e+002
2.728000 3.150505e+002
2.730000 3.149523e+002
2.732000 3.148547e+002
2.734000 3.147577e+002
2.736000 3.146612e+002
2.738000 3.145652e+002
2.740000 3.144698e+002
2.742000 3.143749e+002
2.744000 3.142805e+002
2.746000 3.141867e+002
2.748000 3.140934e+002
2.750000 3.140006e+002
2.752000 3.139084e+002
2.754000 3.138166e+002
2.756000 3.137254e+002
2.758000 3.136347e+002
2.760000 3.135446e+002
2.762000 3.134549e+002
2.764000 3.133657e+002
2.766000 3.132771e+002
2.768000 3.131889e+002
2.770000 3.131013e+002
2.772000 3.130141e+002
2.774000 3.129275e+002
2.776000 3.128414e+002
2.778000 3.127557e+002
2.780000 3.126705e+002
2.782000 3.125859e+002
2.784000 3.125017e+002
2.786000 3.124180e+002
2.788000 3.123348e+002
2.790000 3.122520e+002
2.792000 3.121698e+002
2.794000 3.120880e+002
2.796000 3.120067e+002
2.798000 3.119258e+002
2.800000 3.118455e+002
2.802000 3.117656e+002
2.804000 3.116862e+002
2.806000 3.116072e+002
2.808000 3.115287e+002
2.810000 3.114506e+002
2.812000 3.113730e+002
2.814000 3.112959e+002
2.816000 3.112192e+002
2.818000 3.111430e+002
2.820000 3.110672e+002
2.822000 3.109919e+002
2.824000 3.109170e+002
2.826000 3.108425e+002
2.828000 3.107685e+002
2.830000 3.106949e+002
2.832000 3.106218e+002
2.834000 3.105491e+002
2.836000 3.104768e+002
2.838000 3.104050e+002
2.840000 3.103336e+002
2.842000 3.102626e+002
2.844000 3.101920e+002
2.846000 3.101219e+002
2.848000 3.100522e+002
2.850000 3.099829e+002
2.852000 3.099140e+002
2.854000 3.098455e+002
2.856000 3.097774e+002
2.858000 3.097098e+002
2.860000 3.096425e+002
2.862000 3.095757e+002
2.864000 3.095093e+002
2.866000 3.094432e+002
2.868000 3.093776e+002
2.870000 3.093123e+002
2.872000 3.092475e+002
2.874000 3.091831e+002
2.876000 3.091190e+002
2.878000 3.090553e+002
2.880000 3.089921e+002
2.882000 3.089292e+002
2.884000 3.088667e+002
2.886000 3.088045e+002
2.888000 3.087428e+002
2.890000 3.086814e+002
2.892000 3.086204e+002
2.894000 3.085598e+002
2.896000 3.084996e+002
2.898000 3.084397e+002
2.900000 3.083802e+002
2.902000 3.083211e+002
2.904000 3.082623e+002
2.906000 3.082039e+002
2.908000 3.081459e+002
2.910000 3.080882e+002
2.912000 3.080308e+002
2.914000 3.079739e+002
2.916000 3.079173e+002
2.918000 3.078610e+002
2.920000 3.078051e+002
2.922000 3.077495e+002
2.924000 3.076943e+002
2.926000 3.076394e+002
2.928000 3.075849e+002
2.930000 3.075307e+002
2.932000 3.074769e+002
2.934000 3.074234e+002
2.936000 3.073702e+002
2.938000 3.073174e+002
2.940000 3.072649e+002
2.942000 3.072127e+002
2.944000 3.071609e+002
2.946000 3.071094e+002
2.948000 3.070582e+002
2.950000 3.070073e+002
2.952000 3.069568e+002
2.954000 3.069066e+002
2.956000 3.068567e+002
2.958000 3.068071e+002
2.960000 3.067578e+002
2.962000 3.067089e+002
2.964000 3.066603e+002
2.966000 3.066119e+002
2.968000 3.065639e+002
2.970000 3.065162e+002
2.972000 3.064688e+002
2.974000 3.064217e+002
2.976000 3.063749e+002
2.978000 3.063284e+002
2.980000 3.062822e+002
2.982000 3.062363e+002
2.984000 3.061907e+002
2.986000 3.061454e+002
2.988000 3.061004e+002
2.990000 3.060557e+002
2.992000 3.060113e+002
2.994000 3.059671e+002
2.996000 3.059233e+002
2.998000 3.058797e+002
3.000000 3.058364e+002
3.002000 3.057934e+002
3.004000 3.057507e+002
3.006000 3.057083e+002
3.008000 3.056661e+002
3.010000 3.056242e+002
3.012000 3.055826e+002
3.014000 3.055413e+002
3.016000 3.055002e+002
3.018000 3.054594e+002
3.020000 3.054189e+002
3.022000 3.053786e+002
3.024000 3.053386e+002
3.026000 3.052989e+002
3.028000 3.052594e+002
3.030000 3.052202e+002
3.032000 3.051813e+002
3.034000 3.051426e+002
3.036000 3.051042e+002
3.038000 3.050660e+002
3.040000 3.050281e+002
3.042000 3.049904e+002
3.044000 3.049530e+002
3.046000 3.049158e+002
3.048000 3.048789e+002
3.050000 3.048422e+002
3.052000 3.048058e+002
3.054000 3.047696e+002
3.056000 3.047337e+002
3.058000 3.046980e+002
3.060000 3.046625e+002
3.062000 3.046273e+002
3.064000 3.045923e+002
3.066000 3.045576e+002
3.068000 3.045230e+002
3.070000 3.044888e+002
3.072000 3.044547e+002
3.074000 3.044209e+002
3.076000 3.043873e+002
3.078000 3.043540e+002
3.080000 3.043208e+002
3.082000 3.042879e+002
3.084000 3.042552e+002
3.086000 3.042228e+002
3.088000 3.041905e+002
3.090000 3.041585e+002
3.092000 3.041267e+002
3.094000 3.040951e+002
3.096000 3.040638e+002
3.098000 3.040326e+002
3.100000 3.040017e+002
3.102000 3.039709e+002
3.104000 3.039404e+002
3.106000 3.039101e+002
3.108000 3.038800e+002
3.110000 3.038501e+002
3.112000 3.038205e+002
3.114000 3.037910e+002
3.116000 3.037617e+002
3.118000 3.037326e+002
3.120000 3.037038e+002
3.122000 3.036751e+002
3.124000 3.036466e+002
3.126000 3.036184e+002
3.128000 3.035903e+002
3.130000 3.035624e+002
3.132000 3.035347e+002
3.134000 3.035072e+002
3.136000 3.034799e+002
3.138000 3.034528e+002
3.140000 3.034259e+002
3.142000 3.033992e+002
3.144000 3.033727e+002
3.146000 3.033463e+002
3.148000 3.033201e+002
3.150000 3.032941e+002
3.152000 3.032683e+002
3.154000 3.032427e+002
3.156000 3.032173e+002
3.158000 3.031920e+002
3.160000 3.031669e+002
3.162000 3.031420e+002
3.164000 3.031173e+002
3.166000 3.030928e+002
3.168000 3.030684e+002
3.170000 3.030442e+002
3.172000 3.030201e+002
3.174000 3.029963e+002
3.176000 3.029726e+002
3.178000 3.029491e+002
3.180000 3.029257e+002
3.182000 3.029025e+002
3.184000 3.028795e+002
3.186000 3.028567e+002
3.188000 3.028340e+002
3.190000 3.028114e+002
3.192000 3.027891e+002
3.194000 3.027669e+002
3.196000 3.027448e+002
3.198000 3.027229e+002
3.200000 3.027012e+002
3.202000 3.026796e+002
3.204000 3.026582e+002
3.206000 3.026369e+002
3.208000 3.026158e+002
3.210000 3.025949e+002
3.212000 3.025741e+002
3.214000 3.025534e+002
3.216000 3.025329e+002
3.218000 3.025126e+002
3.220000 3.024924e+002
3.222000 3.024723e+002
3.224000 3.024524e+002
3.226000 3.024326e+002
3.228000 3.024130e+002
3.230000 3.023935e+002
3.232000 3.023742e+002
3.234000 3.023550e+002
3.236000 3.023359e+002
3.238000 3.023170e+002
3.240000 3.022982e+002
3.242000 3.022796e+002
3.244000 3.022611e+002
3.246000 3.022427e+002
3.248000 3.022245e+002
3.250000 3.022064e+002
3.252000 3.021885e+002
3.254000 3.021706e+002
3.256000 3.021530e+002
3.258000 3.021354e+002
3.260000 3.021180e+002
3.262000 3.021007e+002
3.264000 3.020835e+002
3.266000 3.020664e+002
3.268000 3.020495e+002
3.270000 3.020327e+002
3.272000 3.020161e+002
3.274000 3.019995e+002
3.276000 3.019831e+002
3.278000 3.019668e+002
3.280000 3.019506e+002
3.282000 3.019346e+002
3.284000 3.019186e+002
3.286000 3.019028e+002
3.288000 3.018871e+002
3.290000 3.018716e+002
3.292000 3.018561e+002
3.294000 3.018407e+002
3.296000 3.018255e+002
3.298000 3.018104e+002
3.300000 3.017954e+002
3.302000 3.017805e+002
3.304000 3.017658e+002
3.306000 3.017511e+002
3.308000 3.017366e+002
3.310000 3.017221e+002
3.312000 3.017078e+002
3.314000 3.016936e+002
3.316000 3.016795e+002
3.318000 3.016655e+002
3.320000 3.016516e+002
3.322000 3.016378e+002
3.324000 3.016241e+002
3.326000 3.016105e+002
3.328000 3.015970e+002
3.330000 3.015837e+002
3.332000 3.015704e+002
3.334000 3.015572e+002
3.336000 3.015442e+002
3.338000 3.015312e+002
3.340000 3.015183e+002
3.342000 3.015056e+002
3.344000 3.014929e+002
3.346000 3.014803e+002
3.348000 3.014679e+002
3.350000 3.014555e+002
3.352000 3.014432e+002
3.354000 3.014310e+002
3.356000 3.014190e+002
3.358000 3.014070e+002
3.360000 3.013951e+002
3.362000 3.013832e+002
3.364000 3.013715e+002
3.366000 3.013599e+002
3.368000 3.013484e+002
3.370000 3.013369e+002
3.372000 3.013256e+002
3.374000 3.013143e+002
3.376000 3.013031e+002
3.378000 3.012920e+002
3.380000 3.012810e+002
3.382000 3.012701e+002
3.384000 3.012593e+002
3.386000 3.012485e+002
3.388000 3.012379e+002
3.390000 3.012273e+002
3.392000 3.012168e+002
3.394000 3.012064e+002
3.396000 3.011961e+002
3.398000 3.011858e+002
3.400000 3.011757e+002
3.402000 3.011656e+002
3.404000 3.011556e+002
3.406000 3.011457e+002
3.408000 3.011358e+002
3.410000 3.011261e+002
3.412000 3.011164e+002
3.414000 3.011068e+002
3.416000 3.010972e+002
3.418000 3.010878e+002
3.420000 3.010784e+002
3.422000 3.010691e+002
3.424000 3.010599e+002
3.426000 3.010507e+002
3.428000 3.010416e+002
3.430000 3.010326e+002
3.432000 3.010237e+002
3.434000 3.010148e+002
3.436000 3.010060e+002
3.438000 3.009973e+002
3.440000 3.009886e+002
3.442000 3.009801e+002
3.444000 3.009715e+002
3.446000 3.009631e+002
3.448000 3.009547e+002
3.450000 3.009464e+002
3.452000 3.009382e+002
3.454000 3.009300e+002
3.456000 3.009219e+002
3.458000 3.009139e+002
3.460000 3.009059e+002
3.462000 3.008980e+002
3.464000 3.008902e+002
3.466000 3.008824e+002
3.468000 3.008747e+002
3.470000 3.008670e+002
3.472000 3.008594e+002
3.474000 3.008519e+002
3.476000 3.008444e+002
3.478000 3.008370e+002
3.480000 3.008297e+002
3.482000 3.008224e+002
3.484000 3.008152e+002
3.486000 3.008080e+002
3.488000 3.008009e+002
3.490000 3.007939e+002
3.492000 3.007869e+002
3.494000 3.007800e+002
3.496000 3.007731e+002
3.498000 3.007663e+002
3.500000 3.007596e+002
3.502000 3.007529e+002
3.504000 3.007462e+002
3.506000 3.007397e+002
3.508000 3.007331e+002
3.510000 3.007267e+002
3.512000 3.007202e+002
3.514000 3.007139e+002
3.516000 3.007076e+002
3.518000 3.007013e+002
3.520000 3.006951e+002
3.522000 3.006889e+002
3.524000 3.006828e+002
3.526000 3.006768e+002
3.528000 3.006708e+002
3.530000 3.006649e+002
3.532000 3.006590e+002
3.534000 3.006531e+002
3.536000 3.006473e+002
3.538000 3.006416e+002
3.540000 3.006359e+002
3.542000 3.006302e+002
3.544000 3.006246e+002
3.546000 3.006191e+002
3.548000 3.006136e+002
3.550000 3.006081e+002
3.552000 3.006027e+002
3.554000 3.005974e+002
3.556000 3.005920e+002
3.558000 3.005868e+002
3.560000 3.005816e+002
3.562000 3.005764e+002
3.564000 3.005712e+002
3.566000 3.005662e+002
3.568000 3.005611e+002
3.570000 3.005561e+002
3.572000 3.005512e+002
3.574000 3.005463e+002
3.576000 3.005414e+002
3.578000 3.005366e+002
3.580000 3.005318e+002
3.582000 3.005270e+002
3.584000 3.005223e+002
3.586000 3.005177e+002
3.588000 3.005131e+002
3.590000 3.005085e+002
3.592000 3.005039e+002
3.594000 3.004995e+002
3.596000 3.004950e+002
3.598000 3.004906e+002
3.600000 3.004862e+002
3.602000 3.004819e+002
3.604000 3.004776e+002
3.606000 3.004733e+002
3.608000 3.004691e+002
3.610000 3.004649e+002
3.612000 3.004608e+002
3.614000 3.004567e+002
3.616000 3.004526e+002
3.618000 3.004486e+002
3.620000 3.004446e+002
3.622000 3.004406e+002
3.624000 3.004367e+002
3.626000 3.004328e+002
3.628000 3.004290e+002
3.630000 3.004251e+002
3.632000 3.004214e+002
3.634000 3.004176e+002
3.636000 3.004139e+002
3.638000 3.004102e+002
3.640000 3.004066e+002
3.642000 3.004030e+002
3.644000 3.003994e+002
3.646000 3.003959e+002
3.648000 3.003923e+002
3.650000 3.003889e+002
3.652000 3.003854e+002
3.654000 3.003820e+002
3.656000 3.003786e+002
3.658000 3.003753e+002
3.660000 3.003720e+002
3.662000 3.003687e+002
3.664000 3.003654e+002
3.666000 3.003622e+002
3.668000 3.003590e+002
3.670000 3.003559e+002
3.672000 3.003527e+002
3.674000 3.003496e+002
3.676000 3.003466e+002
3.678000 3.003435e+002
3.680000 3.003405e+002
3.682000 3.003375e+002
3.684000 3.003346e+002
3.686000 3.003317e+002
3.688000 3.003288e+002
3.690000 3.003259e+002
3.692000 3.003231e+002
3.694000 3.003202e+002
3.696000 3.003175e+002
3.698000 3.003147e+002
3.700000 3.003120e+002
3.702000 3.003093e+002
3.704000 3.003066e+002
3.706000 3.003040e+002
3.708000 3.003014e+002
3.710000 3.002988e+002
3.712000 3.002962e+002
3.714000 3.002937e+002
3.716000 3.002911e+002
3.718000 3.002887e+002
3.720000 3.002862e+002
3.722000 3.002838e+002
3.724000 3.002813e+002
3.726000 3.002790e+002
3.728000 3.002766e+002
3.730000 3.002743e+002
3.732000 3.002719e+002
3.734000 3.002697e+002
3.736000 3.002674e+002
3.738000 3.002652e+002
3.740000 3.002629e+002
3.742000 3.002608e+002
3.744000 3.002586e+002
3.746000 3.002564e+002
3.748000 3.002543e+002
3.750000 3.002522e+002
3.752000 3.002501e+002
3.754000 3.002481e+002
3.756000 3.002461e+002
3.758000 3.002441e+002
3.760000 3.002421e+002
3.762000 3.002401e+002
3.764000 3.002382e+002
3.766000 3.002363e+002
3.768000 3.002344e+002
3.770000 3.002325e+002
3.772000 3.002306e+002
3.774000 3.002288e+002
3.776000 3.002270e+002
3.778000 3.002252e+002
3.780000 3.002234e+002
3.782000 3.002217e+002
3.784000 3.002200e+002
3.786000 3.002182e+002
3.788000 3.002166e+002
3.790000 3.002149e+002
3.792000 3.002132e+002
3.794000 3.002116e+002
3.796000 3.002100e+002
3.798000 3.002084e+002
3.800000 3.002069e+002
3.802000 3.002053e+002
3.804000 3.002038e+002
3.806000 3.002023e+002
3.808000 3.002008e+002
3.810000 3.001993e+002
3.812000 3.001979e+002
3.814000 3.001965e+002
3.816000 3.001950e+002
3.818000 3.001936e+002
3.820000 3.001923e+002
3.822000 3.001909e+002
3.824000 3.001896e+002
3.826000 3.001883e+002
3.828000 3.001870e+002
3.830000 3.001857e+002
3.832000 3.001844e+002
3.834000 3.001832e+002
3.836000 3.001819e+002
3.838000 3.001807e+002
3.840000 3.001795e+002
3.842000 3.001784e+002
3.844000 3.001772e+002
3.846000 3.001761e+002
3.848000 3.001749e+002
3.850000 3.001738e+002
3.852000 3.001727e+002
3.854000 3.001717e+002
3.856000 3.001706e+002
3.858000 3.001696e+002
3.860000 3.001686e+002
3.862000 3.001676e+002
3.864000 3.001666e+002
3.866000 3.001656e+002
3.868000 3.001646e+002
3.870000 3.001637e+002
3.872000 3.001628e+002
3.874000 3.001619e+002
3.876000 3.001610e+002
3.878000 3.001601e+002
3.880000 3.001593e+002
3.882000 3.001584e+002
3.884000 3.001576e+002
3.886000 3.001568e+002
3.888000 3.001560e+002
3.890000 3.001552e+002
3.892000 3.001544e+002
3.894000 3.001537e+002
3.896000 3.001530e+002
3.898000 3.001522e+002
3.900000 3.001515e+002
3.902000 3.001509e+002
3.904000 3.001502e+002
3.906000 3.001495e+002
3.908000 3.001489e+002
3.910000 3.001483e+002
3.912000 3.001477e+002
3.914000 3.001471e+002
3.916000 3.001465e+002
3.918000 3.001459e+002
3.920000 3.001454e+002
3.922000 3.001449e+002
3.924000 3.001443e+002
3.926000 3.001438e+002
3.928000 3.001433e+002
3.930000 3.001429e+002
3.932000 3.001424e+002
3.934000 3.001420e+002
3.936000 3.001415e+002
3.938000 3.001411e+002
3.940000 3.001407e+002
3.942000 3.001403e+002
3.944000 3.001400e+002
3.946000 3.001396e+002
3.948000 3.001393e+002
3.950000 3.001389e+002
3.952000 3.001386e+002
3.954000 3.001383e+002
3.956000 3.001380e+002
3.958000 3.001378e+002
3.960000 3.001375e+002
3.962000 3.001373e+002
3.964000 3.001370e+002
3.966000 3.001368e+002
3.968000 3.001366e+002
3.970000 3.001365e+002
3.972000 3.001363e+002
3.974000 3.001361e+002
3.976000 3.001360e+002
3.978000 3.001359e+002
3.980000 3.001357e+002
3.982000 3.001356e+002
3.984000 3.001356e+002
3.986000 3.001355e+002
3.988000 3.001354e+002
3.990000 3.001354e+002
3.992000 3.001354e+002
3.994000 3.001353e+002
3.996000 3.001353e+002
3.998000 3.000000e+002
