0.000000 3.165991e+002
0.002000 3.184224e+002
0.004000 3.202454e+002
0.006000 3.220681e+002
0.008000 3.238903e+002
0.010000 3.257122e+002
0.012000 3.275335e+002
0.014000 3.293544e+002
0.016000 3.311748e+002
0.018000 3.329947e+002
0.020000 3.348139e+002
0.022000 3.366326e+002
0.024000 3.384506e+002
0.026000 3.402679e+002
0.028000 3.420845e+002
0.030000 3.439004e+002
0.032000 3.457155e+002
0.034000 3.475299e+002
0.036000 3.493433e+002
0.038000 3.511560e+002
0.040000 3.529677e+002
0.042000 3.547785e+002
0.044000 3.565883e+002
0.046000 3.583971e+002
0.048000 3.602049e+002
0.050000 3.620117e+002
0.052000 3.638174e+002
0.054000 3.656219e+002
0.056000 3.674253e+002
0.058000 3.692275e+002
0.060000 3.710285e+002
0.062000 3.728283e+002
0.064000 3.746267e+002
0.066000 3.764239e+002
0.068000 3.782197e+002
0.070000 3.800142e+002
0.072000 3.818072e+002
0.074000 3.835988e+002
0.076000 3.853890e+002
0.078000 3.871777e+002
0.080000 3.889648e+002
0.082000 3.907504e+002
0.084000 3.925343e+002
0.086000 3.943167e+002
0.088000 3.960974e+002
0.090000 3.978765e+002
0.092000 3.996538e+002
0.094000 4.014293e+002
0.096000 4.032031e+002
0.098000 4.049751e+002
0.100000 4.067453e+002
0.102000 4.085136e+002
0.104000 4.102800e+002
0.106000 4.120444e+002
0.108000 4.138070e+002
0.110000 4.155675e+002
0.112000 4.173260e+002
0.114000 4.190824e+002
0.116000 4.208368e+002
0.118000 4.225891e+002
0.120000 4.243392e+002
0.122000 4.260872e+002
0.124000 4.278329e+002
0.126000 4.295765e+002
0.128000 4.313177e+002
0.130000 4.330567e+002
0.132000 4.347934e+002
0.134000 4.365277e+002
0.136000 4.382596e+002
0.138000 4.399892e+002
0.140000 4.417163e+002
0.142000 4.434409e+002
0.144000 4.451630e+002
0.146000 4.468826e+002
0.148000 4.485997e+002
0.150000 4.503142e+002
0.152000 4.520260e+002
0.154000 4.537352e+002
0.156000 4.554418e+002
0.158000 4.571457e+002
0.160000 4.588468e+002
0.162000 4.605452e+002
0.164000 4.622407e+002
0.166000 4.639335e+002
0.168000 4.656235e+002
0.170000 4.673105e+002
0.172000 4.689947e+002
0.174000 4.706759e+002
0.176000 4.723542e+002
0.178000 4.740295e+002
0.180000 4.757018e+002
0.182000 4.773711e+002
0.184000 4.790373e+002
0.186000 4.807004e+002
0.188000 4.823604e+002
0.190000 4.840172e+002
0.192000 4.856709e+002
0.194000 4.873213e+002
0.196000 4.889685e+002
0.198000 4.906125e+002
0.200000 4.922532e+002
0.202000 4.938906e+002
0.204000 4.955246e+002
0.206000 4.971553e+002
0.208000 4.987826e+002
0.210000 5.004065e+002
0.212000 5.020269e+002
0.214000 5.036438e+002
0.216000 5.052573e+002
0.218000 5.068672e+002
0.220000 5.084736e+002
0.222000 5.100764e+002
0.224000 5.116756e+002
0.226000 5.132712e+002
0.228000 5.148631e+002
0.230000 5.164514e+002
0.232000 5.180360e+002
0.234000 5.196168e+002
0.236000 5.211939e+002
0.238000 5.227671e+002
0.240000 5.243366e+002
0.242000 5.259023e+002
0.244000 5.274641e+002
0.246000 5.290220e+002
0.248000 5.305761e+002
0.250000 5.321262e+002
0.252000 5.336723e+002
0.254000 5.352145e+002
0.256000 5.367526e+002
0.258000 5.382868e+002
0.260000 5.398169e+002
0.262000 5.413429e+002
0.264000 5.428648e+002
0.266000 5.443827e+002
0.268000 5.458963e+002
0.270000 5.474058e+002
0.272000 5.489111e+002
0.274000 5.504122e+002
0.276000 5.519091e+002
0.278000 5.534017e+002
0.280000 5.548900e+002
0.282000 5.563741e+002
0.284000 5.578538e+002
0.286000 5.593291e+002
0.288000 5.608001e+002
0.290000 5.622667e+002
0.292000 5.637288e+002
0.294000 5.651866e+002
0.296000 5.666398e+002
0.298000 5.680886e+002
0.300000 5.695329e+002
0.302000 5.709727e+002
0.304000 5.724079e+002
0.306000 5.738385e+002
0.308000 5.752646e+002
0.310000 5.766860e+002
0.312000 5.781029e+002
0.314000 5.795150e+002
0.316000 5.809225e+002
0.318000 5.823254e+002
0.320000 5.837235e+002
0.322000 5.851168e+002
0.324000 5.865054e+002
0.326000 5.878893e+002
0.328000 5.892683e+002
0.330000 5.906426e+002
0.332000 5.920120e+002
0.334000 5.933765e+002
0.336000 5.947362e+002
0.338000 5.960910e+002
0.340000 5.974409e+002
0.342000 5.987859e+002
0.344000 6.001259e+002
0.346000 6.014610e+002
0.348000 6.027910e+002
0.350000 6.041161e+002
0.352000 6.054362e+002
0.354000 6.067512e+002
0.356000 6.080611e+002
0.358000 6.093660e+002
0.360000 6.106658e+002
0.362000 6.119605e+002
0.364000 6.132501e+002
0.366000 6.145345e+002
0.368000 6.158137e+002
0.370000 6.170878e+002
0.372000 6.183567e+002
0.374000 6.196204e+002
0.376000 6.208788e+002
0.378000 6.221320e+002
0.380000 6.233800e+002
0.382000 6.246226e+002
0.384000 6.258600e+002
0.386000 6.270921e+002
0.388000 6.283188e+002
0.390000 6.295402e+002
0.392000 6.307563e+002
0.394000 6.319670e+002
0.396000 6.331723e+002
0.398000 6.343722e+002
0.400000 6.355666e+002
0.402000 6.367557e+002
0.404000 6.379393e+002
0.406000 6.391174e+002
0.408000 6.402901e+002
0.410000 6.414573e+002
0.412000 6.426190e+002
0.414000 6.437751e+002
0.416000 6.449258e+002
0.418000 6.460709e+002
0.420000 6.472104e+002
0.422000 6.483444e+002
0.424000 6.494728e+002
0.426000 6.505956e+002
0.428000 6.517127e+002
0.430000 6.528243e+002
0.432000 6.539302e+002
0.434000 6.550305e+002
0.436000 6.561251e+002
0.438000 6.572141e+002
0.440000 6.582974e+002
0.442000 6.593749e+002
0.444000 6.604468e+002
0.446000 6.615130e+002
0.448000 6.625734e+002
0.450000 6.636281e+002
0.452000 6.646770e+002
0.454000 6.657202e+002
0.456000 6.667576e+002
0.458000 6.677892e+002
0.460000 6.688150e+002
0.462000 6.698350e+002
0.464000 6.708492e+002
0.466000 6.718576e+002
0.468000 6.728601e+002
0.470000 6.738568e+002
0.472000 6.748477e+002
0.474000 6.758326e+002
0.476000 6.768117e+002
0.478000 6.777850e+002
0.480000 6.787523e+002
0.482000 6.797137e+002
0.484000 6.806692e+002
0.486000 6.816189e+002
0.488000 6.825625e+002
0.490000 6.835003e+002
0.492000 6.844321e+002
0.494000 6.853579e+002
0.496000 6.862778e+002
0.498000 6.871918e+002
0.500000 6.880997e+002
0.502000 6.890017e+002
0.504000 6.898977e+002
0.506000 6.907877e+002
0.508000 6.916717e+002
0.510000 6.925497e+002
0.512000 6.934217e+002
0.514000 6.942876e+002
0.516000 6.951476e+002
0.518000 6.960015e+002
0.520000 6.968493e+002
0.522000 6.976911e+002
0.524000 6.985269e+002
0.526000 6.993566e+002
0.528000 7.001802e+002
0.530000 7.009978e+002
0.532000 7.018093e+002
0.534000 7.026147e+002
0.536000 7.034141e+002
0.538000 7.042073e+002
0.540000 7.049945e+002
0.542000 7.057756e+002
0.544000 7.065505e+002
0.546000 7.073194e+002
0.548000 7.080822e+002
0.550000 7.088388e+002
0.552000 7.095893e+002
0.554000 7.103337e+002
0.556000 7.110720e+002
0.558000 7.118042e+002
0.560000 7.125302e+002
0.562000 7.132501e+002
0.564000 7.139639e+002
0.566000 7.146716e+002
0.568000 7.153731e+002
0.570000 7.160684e+002
0.572000 7.167576e+002
0.574000 7.174407e+002
0.576000 7.181176e+002
0.578000 7.187884e+002
0.580000 7.194530e+002
0.582000 7.201115e+002
0.584000 7.207638e+002
0.586000 7.214100e+002
0.588000 7.220500e+002
0.590000 7.226839e+002
0.592000 7.233116e+002
0.594000 7.239331e+002
0.596000 7.245485e+002
0.598000 7.251577e+002
0.600000 7.257608e+002
0.602000 7.263577e+002
0.604000 7.269485e+002
0.606000 7.275331e+002
0.608000 7.281115e+002
0.610000 7.286838e+002
0.612000 7.292499e+002
0.614000 7.298099e+002
0.616000 7.303637e+002
0.618000 7.309114e+002
0.620000 7.314529e+002
0.622000 7.319883e+002
0.624000 7.325175e+002
0.626000 7.330406e+002
0.628000 7.335575e+002
0.630000 7.340683e+002
0.632000 7.345730e+002
0.634000 7.350715e+002
0.636000 7.355639e+002
0.638000 7.360502e+002
0.640000 7.365303e+002
0.642000 7.370043e+002
0.644000 7.374721e+002
0.646000 7.379339e+002
0.648000 7.383895e+002
0.650000 7.388391e+002
0.652000 7.392825e+002
0.654000 7.397198e+002
0.656000 7.401510e+002
0.658000 7.405761e+002
0.660000 7.409951e+002
0.662000 7.414080e+002
0.664000 7.418149e+002
0.666000 7.422156e+002
0.668000 7.426103e+002
0.670000 7.429989e+002
0.672000 7.433814e+002
0.674000 7.437579e+002
0.676000 7.441283e+002
0.678000 7.444927e+002
0.680000 7.448510e+002
0.682000 7.452033e+002
0.684000 7.455496e+002
0.686000 7.458898e+002
0.688000 7.462240e+002
0.690000 7.465522e+002
0.692000 7.468743e+002
0.694000 7.471905e+002
0.696000 7.475007e+002
0.698000 7.478048e+002
0.700000 7.481030e+002
0.702000 7.483953e+002
0.704000 7.486815e+002
0.706000 7.489618e+002
0.708000 7.492361e+002
0.710000 7.495045e+002
0.712000 7.497669e+002
0.714000 7.500234e+002
0.716000 7.502740e+002
0.718000 7.505187e+002
0.720000 7.507574e+002
0.722000 7.509903e+002
0.724000 7.512172e+002
0.726000 7.514383e+002
0.728000 7.516535e+002
0.730000 7.518628e+002
0.732000 7.520663e+002
0.734000 7.522639e+002
0.736000 7.524557e+002
0.738000 7.526416e+002
0.740000 7.528217e+002
0.742000 7.529960e+002
0.744000 7.531645e+002
0.746000 7.533272e+002
0.748000 7.534842e+002
0.750000 7.536353e+002
0.752000 7.537807e+002
0.754000 7.539203e+002
0.756000 7.540542e+002
0.758000 7.541823e+002
0.760000 7.543047e+002
0.762000 7.544214e+002
0.764000 7.545324e+002
0.766000 7.546377e+002
0.768000 7.547373e+002
0.770000 7.548313e+002
0.772000 7.549196e+002
0.774000 7.550022e+002
0.776000 7.550792e+002
0.778000 7.551506e+002
0.780000 7.552164e+002
0.782000 7.552765e+002
0.784000 7.553311e+002
0.786000 7.553801e+002
0.788000 7.554235e+002
0.790000 7.554613e+002
0.792000 7.554936e+002
0.794000 7.555204e+002
0.796000 7.555417e+002
0.798000 7.555574e+002
0.800000 7.555677e+002
0.802000 7.555724e+002
0.804000 7.555717e+002
0.806000 7.555656e+002
0.808000 7.555540e+002
0.810000 7.555370e+002
0.812000 7.555145e+002
0.814000 7.554867e+002
0.816000 7.554534e+002
0.818000 7.554148e+002
0.820000 7.553708e+002
0.822000 7.553215e+002
0.824000 7.552668e+002
0.826000 7.552068e+002
0.828000 7.551415e+002
0.830000 7.550708e+002
0.832000 7.549950e+002
0.834000 7.549138e+002
0.836000 7.548274e+002
0.838000 7.547357e+002
0.840000 7.546388e+002
0.842000 7.545368e+002
0.844000 7.544295e+002
0.846000 7.543170e+002
0.848000 7.541994e+002
0.850000 7.540766e+002
0.852000 7.539487e+002
0.854000 7.538156e+002
0.856000 7.536774e+002
0.858000 7.535342e+002
0.860000 7.533859e+002
0.862000 7.532325e+002
0.864000 7.530741e+002
0.866000 7.529106e+002
0.868000 7.527421e+002
0.870000 7.525687e+002
0.872000 7.523902e+002
0.874000 7.522068e+002
0.876000 7.520184e+002
0.878000 7.518251e+002
0.880000 7.516269e+002
0.882000 7.514237e+002
0.884000 7.512157e+002
0.886000 7.510028e+002
0.888000 7.507850e+002
0.890000 7.505625e+002
0.892000 7.503350e+002
0.894000 7.501028e+002
0.896000 7.498658e+002
0.898000 7.496240e+002
0.900000 7.493775e+002
0.902000 7.491262e+002
0.904000 7.488703e+002
0.906000 7.486096e+002
0.908000 7.483442e+002
0.910000 7.480741e+002
0.912000 7.477994e+002
0.914000 7.475201e+002
0.916000 7.472361e+002
0.918000 7.469475e+002
0.920000 7.466544e+002
0.922000 7.463567e+002
0.924000 7.460544e+002
0.926000 7.457476e+002
0.928000 7.454363e+002
0.930000 7.451205e+002
0.932000 7.448002e+002
0.934000 7.444755e+002
0.936000 7.441463e+002
0.938000 7.438127e+002
0.940000 7.434747e+002
0.942000 7.431323e+002
0.944000 7.427855e+002
0.946000 7.424344e+002
0.948000 7.420789e+002
0.950000 7.417192e+002
0.952000 7.413551e+002
0.954000 7.409867e+002
0.956000 7.406141e+002
0.958000 7.402373e+002
0.960000 7.398562e+002
0.962000 7.394709e+002
0.964000 7.390815e+002
0.966000 7.386878e+002
0.968000 7.382901e+002
0.970000 7.378882e+002
0.972000 7.374821e+002
0.974000 7.370720e+002
0.976000 7.366579e+002
0.978000 7.362396e+002
0.980000 7.358174e+002
0.982000 7.353911e+002
0.984000 7.349608e+002
0.986000 7.345265e+002
0.988000 7.340883e+002
0.990000 7.336462e+002
0.992000 7.332001e+002
0.994000 7.327501e+002
0.996000 7.322963e+002
0.998000 7.318385e+002
1.000000 7.313770e+002
1.002000 7.309116e+002
1.004000 7.304424e+002
1.006000 7.299694e+002
1.008000 7.294927e+002
1.010000 7.290122e+002
1.012000 7.285280e+002
1.014000 7.280401e+002
1.016000 7.275485e+002
1.018000 7.270533e+002
1.020000 7.265544e+002
1.022000 7.260518e+002
1.024000 7.255457e+002
1.026000 7.250360e+002
1.028000 7.245227e+002
1.030000 7.240058e+002
1.032000 7.234855e+002
1.034000 7.229616e+002
1.036000 7.224342e+002
1.038000 7.219034e+002
1.040000 7.213691e+002
1.042000 7.208314e+002
1.044000 7.202903e+002
1.046000 7.197458e+002
1.048000 7.191980e+002
1.050000 7.186467e+002
1.052000 7.180922e+002
1.054000 7.175344e+002
1.056000 7.169732e+002
1.058000 7.164088e+002
1.060000 7.158412e+002
1.062000 7.152703e+002
1.064000 7.146963e+002
1.066000 7.141190e+002
1.068000 7.135386e+002
1.070000 7.129550e+002
1.072000 7.123683e+002
1.074000 7.117785e+002
1.076000 7.111856e+002
1.078000 7.105897e+002
1.080000 7.099907e+002
1.082000 7.093887e+002
1.084000 7.087837e+002
1.086000 7.081757e+002
1.088000 7.075647e+002
1.090000 7.069508e+002
1.092000 7.063340e+002
1.094000 7.057143e+002
1.096000 7.050917e+002
1.098000 7.044663e+002
1.100000 7.038380e+002
1.102000 7.032068e+002
1.104000 7.025729e+002
1.106000 7.019362e+002
1.108000 7.012968e+002
1.110000 7.006546e+002
1.112000 7.000097e+002
1.114000 6.993621e+002
1.116000 6.987118e+002
1.118000 6.980589e+002
1.120000 6.974033e+002
1.122000 6.967451e+002
1.124000 6.960844e+002
1.126000 6.954210e+002
1.128000 6.947551e+002
1.130000 6.940867e+002
1.132000 6.934157e+002
1.134000 6.927423e+002
1.136000 6.920664e+002
1.138000 6.913880e+002
1.140000 6.907072e+002
1.142000 6.900240e+002
1.144000 6.893384e+002
1.146000 6.886504e+002
1.148000 6.879601e+002
1.150000 6.872675e+002
1.152000 6.865725e+002
1.154000 6.858753e+002
1.156000 6.851757e+002
1.158000 6.844740e+002
1.160000 6.837700e+002
1.162000 6.830638e+002
1.164000 6.823554e+002
1.166000 6.816449e+002
1.168000 6.809322e+002
1.170000 6.802173e+002
1.172000 6.795004e+002
1.174000 6.787814e+002
1.176000 6.780603e+002
1.178000 6.773371e+002
1.180000 6.766120e+002
1.182000 6.758848e+002
1.184000 6.751557e+002
1.186000 6.744245e+002
1.188000 6.736915e+002
1.190000 6.729565e+002
1.192000 6.722196e+002
1.194000 6.714808e+002
1.196000 6.707401e+002
1.198000 6.699976e+002
1.200000 6.692533e+002
1.202000 6.685072e+002
1.204000 6.677593e+002
1.206000 6.670096e+002
1.208000 6.662581e+002
1.210000 6.655050e+002
1.212000 6.647501e+002
1.214000 6.639935e+002
1.216000 6.632353e+002
1.218000 6.624754e+002
1.220000 6.617139e+002
1.222000 6.609508e+002
1.224000 6.601861e+002
1.226000 6.594198e+002
1.228000 6.586520e+002
1.230000 6.578826e+002
1.232000 6.571118e+002
1.234000 6.563394e+002
1.236000 6.555656e+002
1.238000 6.547903e+002
1.240000 6.540135e+002
1.242000 6.532354e+002
1.244000 6.524559e+002
1.246000 6.516749e+002
1.248000 6.508927e+002
1.250000 6.501091e+002
1.252000 6.493241e+002
1.254000 6.485379e+002
1.256000 6.477504e+002
1.258000 6.469616e+002
1.260000 6.461715e+002
1.262000 6.453803e+002
1.264000 6.445878e+002
1.266000 6.437942e+002
1.268000 6.429994e+002
1.270000 6.422034e+002
1.272000 6.414063e+002
1.274000 6.406081e+002
1.276000 6.398088e+002
1.278000 6.390084e+002
1.280000 6.382070e+002
1.282000 6.374045e+002
1.284000 6.366010e+002
1.286000 6.357965e+002
1.288000 6.349910e+002
1.290000 6.341846e+002
1.292000 6.333772e+002
1.294000 6.325689e+002
1.296000 6.317596e+002
1.298000 6.309495e+002
1.300000 6.301385e+002
1.302000 6.293267e+002
1.304000 6.285140e+002
1.306000 6.277005e+002
1.308000 6.268861e+002
1.310000 6.260710e+002
1.312000 6.252552e+002
1.314000 6.244386e+002
1.316000 6.236212e+002
1.318000 6.228032e+002
1.320000 6.219844e+002
1.322000 6.211650e+002
1.324000 6.203449e+002
1.326000 6.195241e+002
1.328000 6.187028e+002
1.330000 6.178808e+002
1.332000 6.170582e+002
1.334000 6.162351e+002
1.336000 6.154114e+002
1.338000 6.145871e+002
1.340000 6.137624e+002
1.342000 6.129371e+002
1.344000 6.121113e+002
1.346000 6.112851e+002
1.348000 6.104584e+002
1.350000 6.096313e+002
1.352000 6.088038e+002
1.354000 6.079758e+002
1.356000 6.071475e+002
1.358000 6.063188e+002
1.360000 6.054897e+002
1.362000 6.046603e+002
1.364000 6.038306e+002
1.366000 6.030005e+002
1.368000 6.021702e+002
1.370000 6.013396e+002
1.372000 6.005088e+002
1.374000 5.996777e+002
1.376000 5.988464e+002
1.378000 5.980148e+002
1.380000 5.971831e+002
1.382000 5.963512e+002
1.384000 5.955192e+002
1.386000 5.946870e+002
1.388000 5.938546e+002
1.390000 5.930222e+002
1.392000 5.921896e+002
1.394000 5.913570e+002
1.396000 5.905243e+002
1.398000 5.896916e+002
1.400000 5.888588e+002
1.402000 5.880260e+002
1.404000 5.871932e+002
1.406000 5.863604e+002
1.408000 5.855276e+002
1.410000 5.846949e+002
1.412000 5.838622e+002
1.414000 5.830296e+002
1.416000 5.821970e+002
1.418000 5.813646e+002
1.420000 5.805323e+002
1.422000 5.797001e+002
1.424000 5.788680e+002
1.426000 5.780361e+002
1.428000 5.772044e+002
1.430000 5.763729e+002
1.432000 5.755416e+002
1.434000 5.747105e+002
1.436000 5.738796e+002
1.438000 5.730489e+002
1.440000 5.722185e+002
1.442000 5.713884e+002
1.444000 5.705586e+002
1.446000 5.697291e+002
1.448000 5.688999e+002
1.450000 5.680710e+002
1.452000 5.672424e+002
1.454000 5.664142e+002
1.456000 5.655864e+002
1.458000 5.647590e+002
1.460000 5.639319e+002
1.462000 5.631053e+002
1.464000 5.622791e+002
1.466000 5.614533e+002
1.468000 5.606279e+002
1.470000 5.598031e+002
1.472000 5.589787e+002
1.474000 5.581548e+002
1.476000 5.573314e+002
1.478000 5.565085e+002
1.480000 5.556861e+002
1.482000 5.548642e+002
1.484000 5.540430e+002
1.486000 5.532222e+002
1.488000 5.524021e+002
1.490000 5.515826e+002
1.492000 5.507636e+002
1.494000 5.499453e+002
1.496000 5.491275e+002
1.498000 5.483105e+002
1.500000 5.474940e+002
1.502000 5.466783e+002
1.504000 5.458632e+002
1.506000 5.450488e+002
1.508000 5.442351e+002
1.510000 5.434221e+002
1.512000 5.426098e+002
1.514000 5.417983e+002
1.516000 5.409875e+002
1.518000 5.401774e+002
1.520000 5.393681e+002
1.522000 5.385596e+002
1.524000 5.377519e+002
1.526000 5.369450e+002
1.528000 5.361389e+002
1.530000 5.353337e+002
1.532000 5.345292e+002
1.534000 5.337256e+002
1.536000 5.329229e+002
1.538000 5.321210e+002
1.540000 5.313200e+002
1.542000 5.305199e+002
1.544000 5.297207e+002
1.546000 5.289224e+002
1.548000 5.281250e+002
1.550000 5.273286e+002
1.552000 5.265331e+002
1.554000 5.257385e+002
1.556000 5.249449e+002
1.558000 5.241523e+002
1.560000 5.233607e+002
1.562000 5.225700e+002
1.564000 5.217804e+002
1.566000 5.209917e+002
1.568000 5.202041e+002
1.570000 5.194175e+002
1.572000 5.186320e+002
1.574000 5.178475e+002
1.576000 5.170640e+002
1.578000 5.162816e+002
1.580000 5.155003e+002
1.582000 5.147201e+002
1.584000 5.139410e+002
1.586000 5.131630e+002
1.588000 5.123861e+002
1.590000 5.116103e+002
1.592000 5.108357e+002
1.594000 5.100622e+002
1.596000 5.092898e+002
1.598000 5.085186e+002
1.600000 5.077486e+002
1.602000 5.069798e+002
1.604000 5.062121e+002
1.606000 5.054456e+002
1.608000 5.046804e+002
1.610000 5.039163e+002
1.612000 5.031535e+002
1.614000 5.023918e+002
1.616000 5.016314e+002
1.618000 5.008723e+002
1.620000 5.001144e+002
1.622000 4.993578e+002
1.624000 4.986024e+002
1.626000 4.978483e+002
1.628000 4.970955e+002
1.630000 4.963440e+002
1.632000 4.955937e+002
1.634000 4.948448e+002
1.636000 4.940972e+002
1.638000 4.933509e+002
1.640000 4.926059e+002
1.642000 4.918623e+002
1.644000 4.911200e+002
1.646000 4.903790e+002
1.648000 4.896394e+002
1.650000 4.889012e+002
1.652000 4.881643e+002
1.654000 4.874288e+002
1.656000 4.866947e+002
1.658000 4.859620e+002
1.660000 4.852306e+002
1.662000 4.845007e+002
1.664000 4.837722e+002
1.666000 4.830451e+002
1.668000 4.823194e+002
1.670000 4.815951e+002
1.672000 4.808723e+002
1.674000 4.801509e+002
1.676000 4.794310e+002
1.678000 4.787125e+002
1.680000 4.779955e+002
1.682000 4.772799e+002
1.684000 4.765658e+002
1.686000 4.758532e+002
1.688000 4.751420e+002
1.690000 4.744324e+002
1.692000 4.737242e+002
1.694000 4.730175e+002
1.696000 4.723124e+002
1.698000 4.716087e+002
1.700000 4.709066e+002
1.702000 4.702060e+002
1.704000 4.695069e+002
1.706000 4.688093e+002
1.708000 4.681132e+002
1.710000 4.674188e+002
1.712000 4.667258e+002
1.714000 4.660344e+002
1.716000 4.653445e+002
1.718000 4.646563e+002
1.720000 4.639695e+002
1.722000 4.632844e+002
1.724000 4.626008e+002
1.726000 4.619188e+002
1.728000 4.612383e+002
1.730000 4.605595e+002
1.732000 4.598822e+002
1.734000 4.592066e+002
1.736000 4.585325e+002
1.738000 4.578601e+002
1.740000 4.571892e+002
1.742000 4.565200e+002
1.744000 4.558524e+002
1.746000 4.551864e+002
1.748000 4.545220e+002
1.750000 4.538592e+002
1.752000 4.531981e+002
1.754000 4.525386e+002
1.756000 4.518807e+002
1.758000 4.512245e+002
1.760000 4.505700e+002
1.762000 4.499170e+002
1.764000 4.492658e+002
1.766000 4.486162e+002
1.768000 4.479682e+002
1.770000 4.473219e+002
1.772000 4.466773e+002
1.774000 4.460343e+002
1.776000 4.453930e+002
1.778000 4.447534e+002
1.780000 4.441155e+002
1.782000 4.434792e+002
1.784000 4.428446e+002
1.786000 4.422117e+002
1.788000 4.415805e+002
1.790000 4.409510e+002
1.792000 4.403232e+002
1.794000 4.396970e+002
1.796000 4.390726e+002
1.798000 4.384498e+002
1.800000 4.378288e+002
1.802000 4.372095e+002
1.804000 4.365919e+002
1.806000 4.359759e+002
1.808000 4.353617e+002
1.810000 4.347493e+002
1.812000 4.341385e+002
1.814000 4.335294e+002
1.816000 4.329221e+002
1.818000 4.323165e+002
1.820000 4.317126e+002
1.822000 4.311104e+002
1.824000 4.305100e+002
1.826000 4.299113e+002
1.828000 4.293143e+002
1.830000 4.287190e+002
1.832000 4.281255e+002
1.834000 4.275337e+002
1.836000 4.269437e+002
1.838000 4.263554e+002
1.840000 4.257688e+002
1.842000 4.251839e+002
1.844000 4.246008e+002
1.846000 4.240195e+002
1.848000 4.234399e+002
1.850000 4.228620e+002
1.852000 4.222859e+002
1.854000 4.217115e+002
1.856000 4.211389e+002
1.858000 4.205680e+002
1.860000 4.199989e+002
1.862000 4.194315e+002
1.864000 4.188659e+002
1.866000 4.183020e+002
1.868000 4.177399e+002
1.870000 4.171795e+002
1.872000 4.166209e+002
1.874000 4.160640e+002
1.876000 4.155089e+002
1.878000 4.149555e+002
1.880000 4.144039e+002
1.882000 4.138541e+002
1.884000 4.133060e+002
1.886000 4.127596e+002
1.888000 4.122151e+002
1.890000 4.116722e+002
1.892000 4.111312e+002
1.894000 4.105918e+002
1.896000 4.100543e+002
1.898000 4.095185e+002
1.900000 4.089844e+002
1.902000 4.084521e+002
1.904000 4.079216e+002
1.906000 4.073928e+002
1.908000 4.068658e+002
1.910000 4.063405e+002
1.912000 4.058170e+002
1.914000 4.052952e+002
1.916000 4.047752e+002
1.918000 4.042569e+002
1.920000 4.037404e+002
1.922000 4.032257e+002
1.924000 4.027126e+002
1.926000 4.022014e+002
1.928000 4.016919e+002
1.930000 4.011841e+002
1.932000 4.006781e+002
1.934000 4.001739e+002
1.936000 3.996714e+002
1.938000 3.991706e+002
1.940000 3.986716e+002
1.942000 3.981743e+002
1.944000 3.976788e+002
1.946000 3.971850e+002
1.948000 3.966929e+002
1.950000 3.962026e+002
1.952000 3.957140e+002
1.954000 3.952272e+002
1.956000 3.947421e+002
1.958000 3.942588e+002
1.960000 3.937771e+002
1.962000 3.932972e+002
1.964000 3.928191e+002
1.966000 3.923426e+002
1.968000 3.918679e+002
1.970000 3.913950e+002
1.972000 3.909237e+002
1.974000 3.904542e+002
1.976000 3.899864e+002
1.978000 3.895203e+002
1.980000 3.890560e+002
1.982000 3.885933e+002
1.984000 3.881324e+002
1.986000 3.876732e+002
1.988000 3.872157e+002
1.990000 3.867599e+002
1.992000 3.863058e+002
1.994000 3.858534e+002
1.996000 3.854028e+002
1.998000 3.849538e+002
2.000000 3.845066e+002
2.002000 3.840610e+002
2.004000 3.836171e+002
2.006000 3.831750e+002
2.008000 3.827345e+002
2.010000 3.822957e+002
2.012000 3.818586e+002
2.014000 3.814232e+002
2.016000 3.809895e+002
2.018000 3.805575e+002
2.020000 3.801271e+002
2.022000 3.796985e+002
2.024000 3.792715e+002
2.026000 3.788461e+002
2.028000 3.784225e+002
2.030000 3.780005e+002
2.032000 3.775802e+002
2.034000 3.771615e+002
2.036000 3.767445e+002
2.038000 3.763292e+002
2.040000 3.759155e+002
2.042000 3.755035e+002
2.044000 3.750931e+002
2.046000 3.746844e+002
2.048000 3.742774e+002
2.050000 3.738719e+002
2.052000 3.734682e+002
2.054000 3.730660e+002
2.056000 3.726655e+002
2.058000 3.722666e+002
2.060000 3.718694e+002
2.062000 3.714738e+002
2.064000 3.710798e+002
2.066000 3.706874e+002
2.068000 3.702966e+002
2.070000 3.699075e+002
2.072000 3.695200e+002
2.074000 3.691341e+002
2.076000 3.687498e+002
2.078000 3.683671e+002
2.080000 3.679860e+002
2.082000 3.676065e+002
2.084000 3.672286e+002
2.086000 3.668523e+002
2.088000 3.664776e+002
2.090000 3.661044e+002
2.092000 3.657329e+002
2.094000 3.653629e+002
2.096000 3.649945e+002
2.098000 3.646277e+002
2.100000 3.642625e+002
2.102000 3.638988e+002
2.104000 3.635367e+002
2.106000 3.631761e+002
2.108000 3.628172e+002
2.110000 3.624597e+002
2.112000 3.621038e+002
2.114000 3.617495e+002
2.116000 3.613967e+002
2.118000 3.610455e+002
2.120000 3.606957e+002
2.122000 3.603476e+002
2.124000 3.600009e+002
2.126000 3.596558e+002
2.128000 3.593122e+002
2.130000 3.589701e+002
2.132000 3.586296e+002
2.134000 3.582905e+002
2.136000 3.579530e+002
2.138000 3.576170e+002
2.140000 3.572825e+002
2.142000 3.569495e+002
2.144000 3.566179e+002
2.146000 3.562879e+002
2.148000 3.559594e+002
2.150000 3.556323e+002
2.152000 3.553067e+002
2.154000 3.549827e+002
2.156000 3.546600e+002
2.158000 3.543389e+002
2.160000 3.540192e+002
2.162000 3.537010e+002
2.164000 3.533842e+002
2.166000 3.530689e+002
2.168000 3.527551e+002
2.170000 3.524427e+002
2.172000 3.521318e+002
2.174000 3.518222e+002
2.176000 3.515142e+002
2.178000 3.512075e+002
2.180000 3.509023e+002
2.182000 3.505986e+002
2.184000 3.502962e+002
2.186000 3.499953e+002
2.188000 3.496957e+002
2.190000 3.493976e+002
2.192000 3.491009e+002
2.194000 3.488056e+002
2.196000 3.485117e+002
2.198000 3.482192e+002
2.200000 3.479281e+002
2.202000 3.476384e+002
2.204000 3.473500e+002
2.206000 3.470631e+002
2.208000 3.467775e+002
2.210000 3.464933e+002
2.212000 3.462104e+002
2.214000 3.459290e+002
2.216000 3.456488e+002
2.218000 3.453701e+002
2.220000 3.450927e+002
2.222000 3.448166e+002
2.224000 3.445419e+002
2.226000 3.442685e+002
2.228000 3.439965e+002
2.230000 3.437258e+002
2.232000 3.434564e+002
2.234000 3.431884e+002
2.236000 3.429216e+002
2.238000 3.426562e+002
2.240000 3.423921e+002
2.242000 3.421293e+002
2.244000 3.418678e+002
2.246000 3.416076e+002
2.248000 3.413487e+002
2.250000 3.410911e+002
2.252000 3.408348e+002
2.254000 3.405798e+002
2.256000 3.403260e+002
2.258000 3.400736e+002
2.260000 3.398224e+002
2.262000 3.395724e+002
2.264000 3.393238e+002
2.266000 3.390764e+002
2.268000 3.388302e+002
2.270000 3.385853e+002
2.272000 3.383417e+002
2.274000 3.380992e+002
2.276000 3.378581e+002
2.278000 3.376181e+002
2.280000 3.373794e+002
2.282000 3.371420e+002
2.284000 3.369057e+002
2.286000 3.366707e+002
2.288000 3.364368e+002
2.290000 3.362042e+002
2.292000 3.359728e+002
2.294000 3.357426e+002
2.296000 3.355136e+002
2.298000 3.352858e+002
2.300000 3.350592e+002
2.302000 3.348337e+002
2.304000 3.346095e+002
2.306000 3.343864e+002
2.308000 3.341645e+002
2.310000 3.339437e+002
2.312000 3.337242e+002
2.314000 3.335057e+002
2.316000 3.332885e+002
2.318000 3.330724e+002
2.320000 3.328574e+002
2.322000 3.326436e+002
2.324000 3.324309e+002
2.326000 3.322194e+002
2.328000 3.320090e+002
2.330000 3.317997e+002
2.332000 3.315916e+002
2.334000 3.313845e+002
2.336000 3.311786e+002
2.338000 3.309738e+002
2.340000 3.307701e+002
2.342000 3.305675e+002
2.344000 3.303660e+002
2.346000 3.301656e+002
2.348000 3.299663e+002
2.350000 3.297681e+002
2.352000 3.295709e+002
2.354000 3.293748e+002
2.356000 3.291798e+002
2.358000 3.289859e+002
2.360000 3.287931e+002
2.362000 3.286013e+002
2.364000 3.284105e+002
2.366000 3.282208e+002
2.368000 3.280322e+002
2.370000 3.278446e+002
2.372000 3.276580e+002
2.374000 3.274725e+002
2.376000 3.272880e+002
2.378000 3.271046e+002
2.380000 3.269221e+002
2.382000 3.267407e+002
2.384000 3.265603e+002
2.386000 3.263810e+002
2.388000 3.262026e+002
2.390000 3.260252e+002
2.392000 3.258488e+002
2.394000 3.256735e+002
2.396000 3.254991e+002
2.398000 3.253257e+002
2.400000 3.251533e+002
2.402000 3.249819e+002
2.404000 3.248114e+002
2.406000 3.246419e+002
2.408000 3.244734e+002
2.410000 3.243059e+002
2.412000 3.241393e+002
2.414000 3.239736e+002
2.416000 3.238090e+002
2.418000 3.236452e+002
2.420000 3.234824e+002
2.422000 3.233206e+002
2.424000 3.231597e+002
2.426000 3.229997e+002
2.428000 3.228406e+002
2.430000 3.226825e+002
2.432000 3.225253e+002
2.434000 3.223690e+002
2.436000 3.222136e+002
2.438000 3.220591e+002
2.440000 3.219056e+002
2.442000 3.217529e+002
2.444000 3.216011e+002
2.446000 3.214502e+002
2.448000 3.213003e+002
2.450000 3.211511e+002
2.452000 3.210029e+002
2.454000 3.208556e+002
2.456000 3.207091e+002
2.458000 3.205635e+002
2.460000 3.204187e+002
2.462000 3.202749e+002
2.464000 3.201318e+002
2.466000 3.199897e+002
2.468000 3.198483e+002
2.470000 3.197079e+002
2.472000 3.195682e+002
2.474000 3.194295e+002
2.476000 3.192915e+002
2.478000 3.191544e+002
2.480000 3.190181e+002
2.482000 3.188826e+002
2.484000 3.187479e+002
2.486000 3.186141e+002
2.488000 3.184811e+002
2.490000 3.183488e+002
2.492000 3.182174e+002
2.494000 3.180868e+002
2.496000 3.179570e+002
2.498000 3.178280e+002
2.500000 3.176997e+002
2.502000 3.175723e+002
2.504000 3.174456e+002
2.506000 3.173197e+002
2.508000 3.171946e+002
2.510000 3.170703e+002
2.512000 3.169467e+002
2.514000 3.168239e+002
2.516000 3.167018e+002
2.518000 3.165805e+002
2.520000 3.164600e+002
2.522000 3.163402e+002
2.524000 3.162212e+002
2.526000 3.161029e+002
2.528000 3.159853e+002
2.530000 3.158685e+002
2.532000 3.157524e+002
2.534000 3.156370e+002
2.536000 3.155223e+002
2.538000 3.154084e+002
2.540000 3.152952e+002
2.542000 3.151827e+002
2.544000 3.150709e+002
2.546000 3.149599e+002
2.548000 3.148495e+002
2.550000 3.147398e+002
2.552000 3.146308e+002
2.554000 3.145226e+002
2.556000 3.144150e+002
2.558000 3.143080e+002
2.560000 3.142018e+002
2.562000 3.140963e+002
2.564000 3.139914e+002
2.566000 3.138872e+002
2.568000 3.137837e+002
2.570000 3.136808e+002
2.572000 3.135786e+002
2.574000 3.134771e+002
2.576000 3.133762e+002
2.578000 3.132759e+002
2.580000 3.131763e+002
2.582000 3.130774e+002
2.584000 3.129791e+002
2.586000 3.128814e+002
2.588000 3.127844e+002
2.590000 3.126880e+002
2.592000 3.125923e+002
2.594000 3.124971e+002
2.596000 3.124026e+002
2.598000 3.123087e+002
2.600000 3.122154e+002
2.602000 3.121227e+002
2.604000 3.120307e+002
2.606000 3.119392e+002
2.608000 3.118484e+002
2.610000 3.117581e+002
2.612000 3.116685e+002
2.614000 3.115794e+002
2.616000 3.114909e+002
2.618000 3.114031e+002
2.620000 3.113158e+002
2.622000 3.112290e+002
2.624000 3.111429e+002
2.626000 3.110573e+002
2.628000 3.109723e+002
2.630000 3.108879e+002
2.632000 3.108041e+002
2.634000 3.107208e+002
2.636000 3.106380e+002
2.638000 3.105558e+002
2.640000 3.104742e+002
2.642000 3.103931e+002
2.644000 3.103126e+002
2.646000 3.102326e+002
2.648000 3.101532e+002
2.650000 3.100743e+002
2.652000 3.099959e+002
2.654000 3.099181e+002
2.656000 3.098408e+002
2.658000 3.097640e+002
2.660000 3.096877e+002
2.662000 3.096120e+002
2.664000 3.095368e+002
2.666000 3.094621e+002
2.668000 3.093879e+002
2.670000 3.093142e+002
2.672000 3.092410e+002
2.674000 3.091683e+002
2.676000 3.090961e+002
2.678000 3.090245e+002
2.680000 3.089533e+002
2.682000 3.088826e+002
2.684000 3.088124e+002
2.686000 3.087427e+002
2.688000 3.086735e+002
2.690000 3.086047e+002
2.692000 3.085365e+002
2.694000 3.084687e+002
2.696000 3.084013e+002
2.698000 3.083345e+002
2.700000 3.082681e+002
2.702000 3.082022e+002
2.704000 3.081367e+002
2.706000 3.080717e+002
2.708000 3.080072e+002
2.710000 3.079431e+002
2.712000 3.078795e+002
2.714000 3.078163e+002
2.716000 3.077536e+002
2.718000 3.076913e+002
2.720000 3.076294e+002
2.722000 3.075680e+002
2.724000 3.075070e+002
2.726000 3.074465e+002
2.728000 3.073864e+002
2.730000 3.073267e+002
2.732000 3.072674e+002
2.734000 3.072086e+002
2.736000 3.071502e+002
2.738000 3.070922e+002
2.740000 3.070346e+002
2.742000 3.069774e+002
2.744000 3.069206e+002
2.746000 3.068643e+002
2.748000 3.068083e+002
2.750000 3.067528e+002
2.752000 3.066977e+002
2.754000 3.066429e+002
2.756000 3.065886e+002
2.758000 3.065346e+002
2.760000 3.064811e+002
2.762000 3.064279e+002
2.764000 3.063751e+002
2.766000 3.063227e+002
2.768000 3.062707e+002
2.770000 3.062190e+002
2.772000 3.061678e+002
2.774000 3.061169e+002
2.776000 3.060664e+002
2.778000 3.060162e+002
2.780000 3.059664e+002
2.782000 3.059170e+002
2.784000 3.058680e+002
2.786000 3.058193e+002
2.788000 3.057709e+002
2.790000 3.057230e+002
2.792000 3.056754e+002
2.794000 3.056281e+002
2.796000 3.055812e+002
2.798000 3.055346e+002
2.800000 3.054884e+002
2.802000 3.054425e+002
2.804000 3.053970e+002
2.806000 3.053518e+002
2.808000 3.053069e+002
2.810000 3.052624e+002
2.812000 3.052182e+002
2.814000 3.051743e+002
2.816000 3.051308e+002
2.818000 3.050876e+002
2.820000 3.050447e+002
2.822000 3.050021e+002
2.824000 3.049599e+002
2.826000 3.049180e+002
2.828000 3.048764e+002
2.830000 3.048351e+002
2.832000 3.047941e+002
2.834000 3.047534e+002
2.836000 3.047131e+002
2.838000 3.046730e+002
2.840000 3.046333e+002
2.842000 3.045938e+002
2.844000 3.045547e+002
2.846000 3.045158e+002
2.848000 3.044773e+002
2.850000 3.044390e+002
2.852000 3.044010e+002
2.854000 3.043634e+002
2.856000 3.043260e+002
2.858000 3.042889e+002
2.860000 3.042521e+002
2.862000 3.042155e+002
2.864000 3.041793e+002
2.866000 3.041433e+002
2.868000 3.041076e+002
2.870000 3.040722e+002
2.872000 3.040370e+002
2.874000 3.040022e+002
2.876000 3.039676e+002
2.878000 3.039332e+002
2.880000 3.038992e+002
2.882000 3.038654e+002
2.884000 3.038318e+002
2.886000 3.037985e+002
2.888000 3.037655e+002
2.890000 3.037328e+002
2.892000 3.037003e+002
2.894000 3.036680e+002
2.896000 3.036360e+002
2.898000 3.036043e+002
2.900000 3.035728e+002
2.902000 3.035415e+002
2.904000 3.035105e+002
2.906000 3.034798e+002
2.908000 3.034492e+002
2.910000 3.034190e+002
2.912000 3.033889e+002
2.914000 3.033591e+002
2.916000 3.033296e+002
2.918000 3.033002e+002
2.920000 3.032711e+002
2.922000 3.032423e+002
2.924000 3.032136e+002
2.926000 3.031852e+002
2.928000 3.031570e+002
2.930000 3.031291e+002
2.932000 3.031013e+002
2.934000 3.030738e+002
2.936000 3.030465e+002
2.938000 3.030195e+002
2.940000 3.029926e+002
2.942000 3.029660e+002
2.944000 3.029395e+002
2.946000 3.029133e+002
2.948000 3.028873e+002
2.950000 3.028615e+002
2.952000 3.028360e+002
2.954000 3.028106e+002
2.956000 3.027854e+002
2.958000 3.027604e+002
2.960000 3.027357e+002
2.962000 3.027111e+002
2.964000 3.026867e+002
2.966000 3.026626e+002
2.968000 3.026386e+002
2.970000 3.026148e+002
2.972000 3.025912e+002
2.974000 3.025679e+002
2.976000 3.025447e+002
2.978000 3.025216e+002
2.980000 3.024988e+002
2.982000 3.024762e+002
2.984000 3.024537e+002
2.986000 3.024315e+002
2.988000 3.024094e+002
2.990000 3.023875e+002
2.992000 3.023658e+002
2.994000 3.023443e+002
2.996000 3.023229e+002
2.998000 3.023017e+002
3.000000 3.022807e+002
3.002000 3.022599e+002
3.004000 3.022392e+002
3.006000 3.022187e+002
3.008000 3.021984e+002
3.010000 3.021782e+002
3.012000 3.021583e+002
3.014000 3.021384e+002
3.016000 3.021188e+002
3.018000 3.020993e+002
3.020000 3.020800e+002
3.022000 3.020608e+002
3.024000 3.020418e+002
3.026000 3.020230e+002
3.028000 3.020043e+002
3.030000 3.019858e+002
3.032000 3.019674e+002
3.034000 3.019492e+002
3.036000 3.019311e+002
3.038000 3.019132e+002
3.040000 3.018954e+002
3.042000 3.018778e+002
3.044000 3.018604e+002
3.046000 3.018431e+002
3.048000 3.018259e+002
3.050000 3.018089e+002
3.052000 3.017920e+002
3.054000 3.017753e+002
3.056000 3.017587e+002
3.058000 3.017422e+002
3.060000 3.017259e+002
3.062000 3.017097e+002
3.064000 3.016937e+002
3.066000 3.016778e+002
3.068000 3.016621e+002
3.070000 3.016464e+002
3.072000 3.016309e+002
3.074000 3.016156e+002
3.076000 3.016004e+002
3.078000 3.015853e+002
3.080000 3.015703e+002
3.082000 3.015555e+002
3.084000 3.015408e+002
3.086000 3.015262e+002
3.088000 3.015117e+002
3.090000 3.014974e+002
3.092000 3.014832e+002
3.094000 3.014691e+002
3.096000 3.014552e+002
3.098000 3.014413e+002
3.100000 3.014276e+002
3.102000 3.014140e+002
3.104000 3.014005e+002
3.106000 3.013872e+002
3.108000 3.013739e+002
3.110000 3.013608e+002
3.112000 3.013478e+002
3.114000 3.013349e+002
3.116000 3.013221e+002
3.118000 3.013094e+002
3.120000 3.012969e+002
3.122000 3.012844e+002
3.124000 3.012721e+002
3.126000 3.012598e+002
3.128000 3.012477e+002
3.130000 3.012357e+002
3.132000 3.012238e+002
3.134000 3.012120e+002
3.136000 3.012003e+002
3.138000 3.011887e+002
3.140000 3.011772e+002
3.142000 3.011658e+002
3.144000 3.011545e+002
3.146000 3.011433e+002
3.148000 3.011322e+002
3.150000 3.011212e+002
3.152000 3.011103e+002
3.154000 3.010995e+002
3.156000 3.010888e+002
3.158000 3.010782e+002
3.160000 3.010677e+002
3.162000 3.010573e+002
3.164000 3.010469e+002
3.166000 3.010367e+002
3.168000 3.010266e+002
3.170000 3.010165e+002
3.172000 3.010066e+002
3.174000 3.009967e+002
3.176000 3.009869e+002
3.178000 3.009772e+002
3.180000 3.009676e+002
3.182000 3.009581e+002
3.184000 3.009487e+002
3.186000 3.009393e+002
3.188000 3.009301e+002
3.190000 3.009209e+002
3.192000 3.009118e+002
3.194000 3.009028e+002
3.196000 3.008939e+002
3.198000 3.008850e+002
3.200000 3.008762e+002
3.202000 3.008676e+002
3.204000 3.008590e+002
3.206000 3.008504e+002
3.208000 3.008420e+002
3.210000 3.008336e+002
3.212000 3.008253e+002
3.214000 3.008171e+002
3.216000 3.008089e+002
3.218000 3.008009e+002
3.220000 3.007929e+002
3.222000 3.007850e+002
3.224000 3.007771e+002
3.226000 3.007693e+002
3.228000 3.007616e+002
3.230000 3.007540e+002
3.232000 3.007464e+002
3.234000 3.007389e+002
3.236000 3.007315e+002
3.238000 3.007242e+002
3.240000 3.007169e+002
3.242000 3.007097e+002
3.244000 3.007025e+002
3.246000 3.006954e+002
3.248000 3.006884e+002
3.250000 3.006814e+002
3.252000 3.006746e+002
3.254000 3.006677e+002
3.256000 3.006610e+002
3.258000 3.006543e+002
3.260000 3.006476e+002
3.262000 3.006411e+002
3.264000 3.006346e+002
3.266000 3.006281e+002
3.268000 3.006217e+002
3.270000 3.006154e+002
3.272000 3.006091e+002
3.274000 3.006029e+002
3.276000 3.005968e+002
3.278000 3.005907e+002
3.280000 3.005846e+002
3.282000 3.005787e+002
3.284000 3.005727e+002
3.286000 3.005669e+002
3.288000 3.005611e+002
3.290000 3.005553e+002
3.292000 3.005496e+002
3.294000 3.005440e+002
3.296000 3.005384e+002
3.298000 3.005328e+002
3.300000 3.005274e+002
3.302000 3.005219e+002
3.304000 3.005165e+002
3.306000 3.005112e+002
3.308000 3.005059e+002
3.310000 3.005007e+002
3.312000 3.004955e+002
3.314000 3.004904e+002
3.316000 3.004853e+002
3.318000 3.004803e+002
3.320000 3.004753e+002
3.322000 3.004704e+002
3.324000 3.004655e+002
3.326000 3.004607e+002
3.328000 3.004559e+002
3.330000 3.004511e+002
3.332000 3.004464e+002
3.334000 3.004418e+002
3.336000 3.004372e+002
3.338000 3.004326e+002
3.340000 3.004281e+002
3.342000 3.004236e+002
3.344000 3.004192e+002
3.346000 3.004148e+002
3.348000 3.004104e+002
3.350000 3.004061e+002
3.352000 3.004019e+002
3.354000 3.003976e+002
3.356000 3.003935e+002
3.358000 3.003893e+002
3.360000 3.003852e+002
3.362000 3.003812e+002
3.364000 3.003771e+002
3.366000 3.003732e+002
3.368000 3.003692e+002
3.370000 3.003653e+002
3.372000 3.003615e+002
3.374000 3.003576e+002
3.376000 3.003539e+002
3.378000 3.003501e+002
3.380000 3.003464e+002
3.382000 3.003427e+002
3.384000 3.003391e+002
3.386000 3.003355e+002
3.388000 3.003319e+002
3.390000 3.003284e+002
3.392000 3.003249e+002
3.394000 3.003214e+002
3.396000 3.003180e+002
3.398000 3.003146e+002
3.400000 3.003112e+002
3.402000 3.003079e+002
3.404000 3.003046e+002
3.406000 3.003014e+002
3.408000 3.002981e+002
3.410000 3.002949e+002
3.412000 3.002918e+002
3.414000 3.002886e+002
3.416000 3.002855e+002
3.418000 3.002825e+002
3.420000 3.002794e+002
3.422000 3.002764e+002
3.424000 3.002735e+002
3.426000 3.002705e+002
3.428000 3.002676e+002
3.430000 3.002647e+002
3.432000 3.002618e+002
3.434000 3.002590e+002
3.436000 3.002562e+002
3.438000 3.002534e+002
3.440000 3.002507e+002
3.442000 3.002480e+002
3.444000 3.002453e+002
3.446000 3.002426e+002
3.448000 3.002400e+002
3.450000 3.002374e+002
3.452000 3.002348e+002
3.454000 3.002323e+002
3.456000 3.002297e+002
3.458000 3.002272e+002
3.460000 3.002247e+002
3.462000 3.002223e+002
3.464000 3.002199e+002
3.466000 3.002175e+002
3.468000 3.002151e+002
3.470000 3.002127e+002
3.472000 3.002104e+002
3.474000 3.002081e+002
3.476000 3.002058e+002
3.478000 3.002036e+002
3.480000 3.002013e+002
3.482000 3.001991e+002
3.484000 3.001969e+002
3.486000 3.001948e+002
3.488000 3.001926e+002
3.490000 3.001905e+002
3.492000 3.001884e+002
3.494000 3.001863e+002
3.496000 3.001843e+002
3.498000 3.001822e+002
3.500000 3.001802e+002
3.502000 3.001782e+002
3.504000 3.001763e+002
3.506000 3.001743e+002
3.508000 3.001724e+002
3.510000 3.001705e+002
3.512000 3.001686e+002
3.514000 3.001667e+002
3.516000 3.001649e+002
3.518000 3.001630e+002
3.520000 3.001612e+002
3.522000 3.001594e+002
3.524000 3.001577e+002
3.526000 3.001559e+002
3.528000 3.001542e+002
3.530000 3.001525e+002
3.532000 3.001508e+002
3.534000 3.001491e+002
3.536000 3.001474e+002
3.538000 3.001458e+002
3.540000 3.001441e+002
3.542000 3.001425e+002
3.544000 3.001409e+002
3.546000 3.001394e+002
3.548000 3.001378e+002
3.550000 3.001362e+002
3.552000 3.001347e+002
3.554000 3.001332e+002
3.556000 3.001317e+002
3.558000 3.001302e+002
3.560000 3.001288e+002
3.562000 3.001273e+002
3.564000 3.001259e+002
3.566000 3.001245e+002
3.568000 3.001231e+002
3.570000 3.001217e+002
3.572000 3.001203e+002
3.574000 3.001190e+002
3.576000 3.001176e+002
3.578000 3.001163e+002
3.580000 3.001150e+002
3.582000 3.001137e+002
3.584000 3.001124e+002
3.586000 3.001111e+002
3.588000 3.001099e+002
3.590000 3.001086e+002
3.592000 3.001074e+002
3.594000 3.001062e+002
3.596000 3.001050e+002
3.598000 3.001038e+002
3.600000 3.001026e+002
3.602000 3.001015e+002
3.604000 3.001003e+002
3.606000 3.000992e+002
3.608000 3.000980e+002
3.610000 3.000969e+002
3.612000 3.000958e+002
3.614000 3.000947e+002
3.616000 3.000937e+002
3.618000 3.000926e+002
3.620000 3.000915e+002
3.622000 3.000905e+002
3.624000 3.000895e+002
3.626000 3.000885e+002
3.628000 3.000875e+002
3.630000 3.000865e+002
3.632000 3.000855e+002
3.634000 3.000845e+002
3.636000 3.000835e+002
3.638000 3.000826e+002
3.640000 3.000816e+002
3.642000 3.000807e+002
3.644000 3.000798e+002
3.646000 3.000789e+002
3.648000 3.000780e+002
3.650000 3.000771e+002
3.652000 3.000762e+002
3.654000 3.000754e+002
3.656000 3.000745e+002
3.658000 3.000736e+002
3.660000 3.000728e+002
3.662000 3.000720e+002
3.664000 3.000712e+002
3.666000 3.000703e+002
3.668000 3.000695e+002
3.670000 3.000687e+002
3.672000 3.000680e+002
3.674000 3.000672e+002
3.676000 3.000664e+002
3.678000 3.000657e+002
3.680000 3.000649e+002
3.682000 3.000642e+002
3.684000 3.000635e+002
3.686000 3.000627e+002
3.688000 3.000620e+002
3.690000 3.000613e+002
3.692000 3.000606e+002
3.694000 3.000599e+002
3.696000 3.000592e+002
3.698000 3.000586e+002
3.700000 3.000579e+002
3.702000 3.000573e+002
3.704000 3.000566e+002
3.706000 3.000560e+002
3.708000 3.000553e+002
3.710000 3.000547e+002
3.712000 3.000541e+002
3.714000 3.000535e+002
3.716000 3.000529e+002
3.718000 3.000523e+002
3.720000 3.000517e+002
3.722000 3.000511e+002
3.724000 3.000505e+002
3.726000 3.000500e+002
3.728000 3.000494e+002
3.730000 3.000488e+002
3.732000 3.000483e+002
3.734000 3.000478e+002
3.736000 3.000472e+002
3.738000 3.000467e+002
3.740000 3.000462e+002
3.742000 3.000457e+002
3.744000 3.000452e+002
3.746000 3.000446e+002
3.748000 3.000442e+002
3.750000 3.000437e+002
3.752000 3.000432e+002
3.754000 3.000427e+002
3.756000 3.000422e+002
3.758000 3.000418e+002
3.760000 3.000413e+002
3.762000 3.000409e+002
3.764000 3.000404e+002
3.766000 3.000400e+002
3.768000 3.000395e+002
3.770000 3.000391e+002
3.772000 3.000387e+002
3.774000 3.000383e+002
3.776000 3.000378e+002
3.778000 3.000374e+002
3.780000 3.000370e+002
3.782000 3.000366e+002
3.784000 3.000362e+002
3.786000 3.000359e+002
3.788000 3.000355e+002
3.790000 3.000351e+002
3.792000 3.000347e+002
3.794000 3.000344e+002
3.796000 3.000340e+002
3.798000 3.000337e+002
3.800000 3.000333e+002
3.802000 3.000330e+002
3.804000 3.000326e+002
3.806000 3.000323e+002
3.808000 3.000319e+002
3.810000 3.000316e+002
3.812000 3.000313e+002
3.814000 3.000310e+002
3.816000 3.000307e+002
3.818000 3.000304e+002
3.820000 3.000301e+002
3.822000 3.000298e+002
3.824000 3.000295e+002
3.826000 3.000292e+002
3.828000 3.000289e+002
3.830000 3.000286e+002
3.832000 3.000283e+002
3.834000 3.000281e+002
3.836000 3.000278e+002
3.838000 3.000275e+002
3.840000 3.000273e+002
3.842000 3.000270e+002
3.844000 3.000268e+002
3.846000 3.000265e+002
3.848000 3.000263e+002
3.850000 3.000260e+002
3.852000 3.000258e+002
3.854000 3.000256e+002
3.856000 3.000253e+002
3.858000 3.000251e+002
3.860000 3.000249e+002
3.862000 3.000247e+002
3.864000 3.000245e+002
3.866000 3.000242e+002
3.868000 3.000240e+002
3.870000 3.000238e+002
3.872000 3.000236e+002
3.874000 3.000235e+002
3.876000 3.000233e+002
3.878000 3.000231e+002
3.880000 3.000229e+002
3.882000 3.000227e+002
3.884000 3.000225e+002
3.886000 3.000224e+002
3.888000 3.000222e+002
3.890000 3.000220e+002
3.892000 3.000219e+002
3.894000 3.000217e+002
3.896000 3.000216e+002
3.898000 3.000214e+002
3.900000 3.000213e+002
3.902000 3.000211e+002
3.904000 3.000210e+002
3.906000 3.000208e+002
3.908000 3.000207e+002
3.910000 3.000206e+002
3.912000 3.000204e+002
3.914000 3.000203e+002
3.916000 3.000202e+002
3.918000 3.000201e+002
3.920000 3.000200e+002
3.922000 3.000198e+002
3.924000 3.000197e+002
3.926000 3.000196e+002
3.928000 3.000195e+002
3.930000 3.000194e+002
3.932000 3.000193e+002
3.934000 3.000192e+002
3.936000 3.000192e+002
3.938000 3.000191e+002
3.940000 3.000190e+002
3.942000 3.000189e+002
3.944000 3.000188e+002
3.946000 3.000188e+002
3.948000 3.000187e+002
3.950000 3.000186e+002
3.952000 3.000185e+002
3.954000 3.000185e+002
3.956000 3.000184e+002
3.958000 3.000184e+002
3.960000 3.000183e+002
3.962000 3.000183e+002
3.964000 3.000182e+002
3.966000 3.000182e+002
3.968000 3.000181e+002
3.970000 3.000181e+002
3.972000 3.000181e+002
3.974000 3.000180e+002
3.976000 3.000180e+002
3.978000 3.000180e+002
3.980000 3.000179e+002
3.982000 3.000179e+002
3.984000 3.000179e+002
3.986000 3.000179e+002
3.988000 3.000179e+002
3.990000 3.000179e+002
3.992000 3.000179e+002
3.994000 3.000179e+002
3.996000 3.000179e+002
3.998000 3.000000e+002
