0.000000 3.208320e+002
0.002000 3.231246e+002
0.004000 3.254168e+002
0.006000 3.277084e+002
0.008000 3.299995e+002
0.010000 3.322900e+002
0.012000 3.345798e+002
0.014000 3.368689e+002
0.016000 3.391573e+002
0.018000 3.414449e+002
0.020000 3.437316e+002
0.022000 3.460175e+002
0.024000 3.483024e+002
0.026000 3.505864e+002
0.028000 3.528693e+002
0.030000 3.551512e+002
0.032000 3.574319e+002
0.034000 3.597115e+002
0.036000 3.619899e+002
0.038000 3.642670e+002
0.040000 3.665429e+002
0.042000 3.688173e+002
0.044000 3.710904e+002
0.046000 3.733621e+002
0.048000 3.756322e+002
0.050000 3.779009e+002
0.052000 3.801679e+002
0.054000 3.824334e+002
0.056000 3.846972e+002
0.058000 3.869592e+002
0.060000 3.892195e+002
0.062000 3.914780e+002
0.064000 3.937347e+002
0.066000 3.959894e+002
0.068000 3.982422e+002
0.070000 4.004931e+002
0.072000 4.027419e+002
0.074000 4.049886e+002
0.076000 4.072332e+002
0.078000 4.094756e+002
0.080000 4.117159e+002
0.082000 4.139538e+002
0.084000 4.161895e+002
0.086000 4.184228e+002
0.088000 4.206538e+002
0.090000 4.228823e+002
0.092000 4.251083e+002
0.094000 4.273318e+002
0.096000 4.295528e+002
0.098000 4.317711e+002
0.100000 4.339867e+002
0.102000 4.361997e+002
0.104000 4.384099e+002
0.106000 4.406174e+002
0.108000 4.428220e+002
0.110000 4.450237e+002
0.112000 4.472225e+002
0.114000 4.494184e+002
0.116000 4.516112e+002
0.118000 4.538010e+002
0.120000 4.559877e+002
0.122000 4.581713e+002
0.124000 4.603517e+002
0.126000 4.625289e+002
0.128000 4.647028e+002
0.130000 4.668734e+002
0.132000 4.690406e+002
0.134000 4.712045e+002
0.136000 4.733649e+002
0.138000 4.755219e+002
0.140000 4.776753e+002
0.142000 4.798252e+002
0.144000 4.819715e+002
0.146000 4.841141e+002
0.148000 4.862530e+002
0.150000 4.883882e+002
0.152000 4.905197e+002
0.154000 4.926473e+002
0.156000 4.947711e+002
0.158000 4.968910e+002
0.160000 4.990070e+002
0.162000 5.011189e+002
0.164000 5.032269e+002
0.166000 5.053308e+002
0.168000 5.074306e+002
0.170000 5.095263e+002
0.172000 5.116178e+002
0.174000 5.137051e+002
0.176000 5.157881e+002
0.178000 5.178669e+002
0.180000 5.199413e+002
0.182000 5.220113e+002
0.184000 5.240769e+002
0.186000 5.261381e+002
0.188000 5.281947e+002
0.190000 5.302468e+002
0.192000 5.322944e+002
0.194000 5.343374e+002
0.196000 5.363757e+002
0.198000 5.384093e+002
0.200000 5.404382e+002
0.202000 5.424623e+002
0.204000 5.444816e+002
0.206000 5.464961e+002
0.208000 5.485058e+002
0.210000 5.505105e+002
0.212000 5.525102e+002
0.214000 5.545050e+002
0.216000 5.564947e+002
0.218000 5.584794e+002
0.220000 5.604590e+002
0.222000 5.624335e+002
0.224000 5.644027e+002
0.226000 5.663668e+002
0.228000 5.683257e+002
0.230000 5.702792e+002
0.232000 5.722275e+002
0.234000 5.741704e+002
0.236000 5.761079e+002
0.238000 5.780400e+002
0.240000 5.799666e+002
0.242000 5.818878e+002
0.244000 5.838034e+002
0.246000 5.857135e+002
0.248000 5.876179e+002
0.250000 5.895168e+002
0.252000 5.914100e+002
0.254000 5.932975e+002
0.256000 5.951792e+002
0.258000 5.970552e+002
0.260000 5.989255e+002
0.262000 6.007898e+002
0.264000 6.026484e+002
0.266000 6.045010e+002
0.268000 6.063477e+002
0.270000 6.081885e+002
0.272000 6.100232e+002
0.274000 6.118520e+002
0.276000 6.136747e+002
0.278000 6.154913e+002
0.280000 6.173018e+002
0.282000 6.191061e+002
0.284000 6.209043e+002
0.286000 6.226963e+002
0.288000 6.244820e+002
0.290000 6.262614e+002
0.292000 6.280346e+002
0.294000 6.298014e+002
0.296000 6.315619e+002
0.298000 6.333160e+002
0.300000 6.350637e+002
0.302000 6.368049e+002
0.304000 6.385396e+002
0.306000 6.402679e+002
0.308000 6.419896e+002
0.310000 6.437047e+002
0.312000 6.454133e+002
0.314000 6.471152e+002
0.316000 6.488105e+002
0.318000 6.504991e+002
0.320000 6.521811e+002
0.322000 6.538563e+002
0.324000 6.555247e+002
0.326000 6.571864e+002
0.328000 6.588412e+002
0.330000 6.604893e+002
0.332000 6.621304e+002
0.334000 6.637647e+002
0.336000 6.653921e+002
0.338000 6.670125e+002
0.340000 6.686260e+002
0.342000 6.702325e+002
0.344000 6.718320e+002
0.346000 6.734244e+002
0.348000 6.750098e+002
0.350000 6.765881e+002
0.352000 6.781593e+002
0.354000 6.797234e+002
0.356000 6.812803e+002
0.358000 6.828300e+002
0.360000 6.843725e+002
0.362000 6.859079e+002
0.364000 6.874359e+002
0.366000 6.889567e+002
0.368000 6.904702e+002
0.370000 6.919764e+002
0.372000 6.934753e+002
0.374000 6.949668e+002
0.376000 6.964509e+002
0.378000 6.979276e+002
0.380000 6.993969e+002
0.382000 7.008588e+002
0.384000 7.023132e+002
0.386000 7.037602e+002
0.388000 7.051996e+002
0.390000 7.066315e+002
0.392000 7.080559e+002
0.394000 7.094727e+002
0.396000 7.108819e+002
0.398000 7.122836e+002
0.400000 7.136776e+002
0.402000 7.150640e+002
0.404000 7.164427e+002
0.406000 7.178138e+002
0.408000 7.191772e+002
0.410000 7.205329e+002
0.412000 7.218809e+002
0.414000 7.232211e+002
0.416000 7.245536e+002
0.418000 7.258783e+002
0.420000 7.271952e+002
0.422000 7.285043e+002
0.424000 7.298056e+002
0.426000 7.310991e+002
0.428000 7.323847e+002
0.430000 7.336624e+002
0.432000 7.349323e+002
0.434000 7.361942e+002
0.436000 7.374483e+002
0.438000 7.386945e+002
0.440000 7.399327e+002
0.442000 7.411629e+002
0.444000 7.423852e+002
0.446000 7.435995e+002
0.448000 7.448058e+002
0.450000 7.460041e+002
0.452000 7.471944e+002
0.454000 7.483767e+002
0.456000 7.495510e+002
0.458000 7.507171e+002
0.460000 7.518753e+002
0.462000 7.530253e+002
0.464000 7.541673e+002
0.466000 7.553011e+002
0.468000 7.564269e+002
0.470000 7.575445e+002
0.472000 7.586540e+002
0.474000 7.597554e+002
0.476000 7.608486e+002
0.478000 7.619337e+002
0.480000 7.630106e+002
0.482000 7.640793e+002
0.484000 7.651399e+002
0.486000 7.661922e+002
0.488000 7.672364e+002
0.490000 7.682723e+002
0.492000 7.693000e+002
0.494000 7.703195e+002
0.496000 7.713308e+002
0.498000 7.723338e+002
0.500000 7.733286e+002
0.502000 7.743151e+002
0.504000 7.752934e+002
0.506000 7.762633e+002
0.508000 7.772251e+002
0.510000 7.781785e+002
0.512000 7.791237e+002
0.514000 7.800606e+002
0.516000 7.809892e+002
0.518000 7.819094e+002
0.520000 7.828214e+002
0.522000 7.837251e+002
0.524000 7.846205e+002
0.526000 7.855075e+002
0.528000 7.863862e+002
0.530000 7.872567e+002
0.532000 7.881187e+002
0.534000 7.889725e+002
0.536000 7.898179e+002
0.538000 7.906550e+002
0.540000 7.914837e+002
0.542000 7.923042e+002
0.544000 7.931162e+002
0.546000 7.939200e+002
0.548000 7.947154e+002
0.550000 7.955024e+002
0.552000 7.962811e+002
0.554000 7.970514e+002
0.556000 7.978134e+002
0.558000 7.985671e+002
0.560000 7.993124e+002
0.562000 8.000494e+002
0.564000 8.007780e+002
0.566000 8.014983e+002
0.568000 8.022102e+002
0.570000 8.029138e+002
0.572000 8.036090e+002
0.574000 8.042959e+002
0.576000 8.049745e+002
0.578000 8.056447e+002
0.580000 8.063066e+002
0.582000 8.069601e+002
0.584000 8.076054e+002
0.586000 8.082423e+002
0.588000 8.088708e+002
0.590000 8.094911e+002
0.592000 8.101030e+002
0.594000 8.107067e+002
0.596000 8.113020e+002
0.598000 8.118890e+002
0.600000 8.124677e+002
0.602000 8.130381e+002
0.604000 8.136002e+002
0.606000 8.141540e+002
0.608000 8.146996e+002
0.610000 8.152368e+002
0.612000 8.157658e+002
0.614000 8.162866e+002
0.616000 8.167991e+002
0.618000 8.173033e+002
0.620000 8.177993e+002
0.622000 8.182870e+002
0.624000 8.187665e+002
0.626000 8.192378e+002
0.628000 8.197009e+002
0.630000 8.201557e+002
0.632000 8.206024e+002
0.634000 8.210408e+002
0.636000 8.214711e+002
0.638000 8.218932e+002
0.640000 8.223071e+002
0.642000 8.227129e+002
0.644000 8.231105e+002
0.646000 8.235000e+002
0.648000 8.238813e+002
0.650000 8.242545e+002
0.652000 8.246196e+002
0.654000 8.249766e+002
0.656000 8.253255e+002
0.658000 8.256663e+002
0.660000 8.259991e+002
0.662000 8.263237e+002
0.664000 8.266404e+002
0.666000 8.269490e+002
0.668000 8.272495e+002
0.670000 8.275421e+002
0.672000 8.278266e+002
0.674000 8.281032e+002
0.676000 8.283717e+002
0.678000 8.286323e+002
0.680000 8.288850e+002
0.682000 8.291297e+002
0.684000 8.293664e+002
0.686000 8.295953e+002
0.688000 8.298162e+002
0.690000 8.300293e+002
0.692000 8.302345e+002
0.694000 8.304318e+002
0.696000 8.306212e+002
0.698000 8.308029e+002
0.700000 8.309767e+002
0.702000 8.311427e+002
0.704000 8.313009e+002
0.706000 8.314513e+002
0.708000 8.315940e+002
0.710000 8.317289e+002
0.712000 8.318561e+002
0.714000 8.319755e+002
0.716000 8.320873e+002
0.718000 8.321914e+002
0.720000 8.322878e+002
0.722000 8.323766e+002
0.724000 8.324577e+002
0.726000 8.325312e+002
0.728000 8.325971e+002
0.730000 8.326555e+002
0.732000 8.327062e+002
0.734000 8.327494e+002
0.736000 8.327851e+002
0.738000 8.328133e+002
0.740000 8.328339e+002
0.742000 8.328471e+002
0.744000 8.328528e+002
0.746000 8.328511e+002
0.748000 8.328419e+002
0.750000 8.328254e+002
0.752000 8.328014e+002
0.754000 8.327701e+002
0.756000 8.327314e+002
0.758000 8.326854e+002
0.760000 8.326321e+002
0.762000 8.325715e+002
0.764000 8.325036e+002
0.766000 8.324285e+002
0.768000 8.323462e+002
0.770000 8.322566e+002
0.772000 8.321598e+002
0.774000 8.320559e+002
0.776000 8.319448e+002
0.778000 8.318266e+002
0.780000 8.317012e+002
0.782000 8.315688e+002
0.784000 8.314293e+002
0.786000 8.312828e+002
0.788000 8.311292e+002
0.790000 8.309686e+002
0.792000 8.308011e+002
0.794000 8.306266e+002
0.796000 8.304451e+002
0.798000 8.302568e+002
0.800000 8.300615e+002
0.802000 8.298594e+002
0.804000 8.296504e+002
0.806000 8.294346e+002
0.808000 8.292119e+002
0.810000 8.289825e+002
0.812000 8.287464e+002
0.814000 8.285035e+002
0.816000 8.282539e+002
0.818000 8.279976e+002
0.820000 8.277346e+002
0.822000 8.274650e+002
0.824000 8.271888e+002
0.826000 8.269060e+002
0.828000 8.266166e+002
0.830000 8.263207e+002
0.832000 8.260182e+002
0.834000 8.257092e+002
0.836000 8.253938e+002
0.838000 8.250719e+002
0.840000 8.247436e+002
0.842000 8.244089e+002
0.844000 8.240678e+002
0.846000 8.237204e+002
0.848000 8.233666e+002
0.850000 8.230066e+002
0.852000 8.226402e+002
0.854000 8.222676e+002
0.856000 8.218888e+002
0.858000 8.215038e+002
0.860000 8.211126e+002
0.862000 8.207153e+002
0.864000 8.203118e+002
0.866000 8.199023e+002
0.868000 8.194867e+002
0.870000 8.190650e+002
0.872000 8.186373e+002
0.874000 8.182036e+002
0.876000 8.177640e+002
0.878000 8.173184e+002
0.880000 8.168669e+002
0.882000 8.164095e+002
0.884000 8.159463e+002
0.886000 8.154772e+002
0.888000 8.150023e+002
0.890000 8.145217e+002
0.892000 8.140353e+002
0.894000 8.135431e+002
0.896000 8.130453e+002
0.898000 8.125418e+002
0.900000 8.120327e+002
0.902000 8.115179e+002
0.904000 8.109976e+002
0.906000 8.104717e+002
0.908000 8.099403e+002
0.910000 8.094033e+002
0.912000 8.088609e+002
0.914000 8.083131e+002
0.916000 8.077598e+002
0.918000 8.072011e+002
0.920000 8.066371e+002
0.922000 8.060677e+002
0.924000 8.054930e+002
0.926000 8.049130e+002
0.928000 8.043278e+002
0.930000 8.037374e+002
0.932000 8.031417e+002
0.934000 8.025409e+002
0.936000 8.019350e+002
0.938000 8.013240e+002
0.940000 8.007078e+002
0.942000 8.000867e+002
0.944000 7.994604e+002
0.946000 7.988293e+002
0.948000 7.981931e+002
0.950000 7.975520e+002
0.952000 7.969060e+002
0.954000 7.962551e+002
0.956000 7.955994e+002
0.958000 7.949388e+002
0.960000 7.942735e+002
0.962000 7.936034e+002
0.964000 7.929285e+002
0.966000 7.922490e+002
0.968000 7.915647e+002
0.970000 7.908759e+002
0.972000 7.901824e+002
0.974000 7.894843e+002
0.976000 7.887817e+002
0.978000 7.880746e+002
0.980000 7.873629e+002
0.982000 7.866468e+002
0.984000 7.859263e+002
0.986000 7.852013e+002
0.988000 7.844719e+002
0.990000 7.837383e+002
0.992000 7.830002e+002
0.994000 7.822579e+002
0.996000 7.815114e+002
0.998000 7.807606e+002
1.000000 7.800056e+002
1.002000 7.792464e+002
1.004000 7.784831e+002
1.006000 7.777157e+002
1.008000 7.769442e+002
1.010000 7.761686e+002
1.012000 7.753891e+002
1.014000 7.746055e+002
1.016000 7.738180e+002
1.018000 7.730265e+002
1.020000 7.722311e+002
1.022000 7.714319e+002
1.024000 7.706288e+002
1.026000 7.698219e+002
1.028000 7.690112e+002
1.030000 7.681968e+002
1.032000 7.673787e+002
1.034000 7.665568e+002
1.036000 7.657313e+002
1.038000 7.649022e+002
1.040000 7.640694e+002
1.042000 7.632331e+002
1.044000 7.623932e+002
1.046000 7.615499e+002
1.048000 7.607030e+002
1.050000 7.598527e+002
1.052000 7.589990e+002
1.054000 7.581418e+002
1.056000 7.572813e+002
1.058000 7.564175e+002
1.060000 7.555504e+002
1.062000 7.546800e+002
1.064000 7.538063e+002
1.066000 7.529295e+002
1.068000 7.520494e+002
1.070000 7.511662e+002
1.072000 7.502799e+002
1.074000 7.493905e+002
1.076000 7.484980e+002
1.078000 7.476025e+002
1.080000 7.467039e+002
1.082000 7.458024e+002
1.084000 7.448980e+002
1.086000 7.439906e+002
1.088000 7.430804e+002
1.090000 7.421673e+002
1.092000 7.412513e+002
1.094000 7.403326e+002
1.096000 7.394111e+002
1.098000 7.384869e+002
1.100000 7.375599e+002
1.102000 7.366303e+002
1.104000 7.356980e+002
1.106000 7.347631e+002
1.108000 7.338256e+002
1.110000 7.328856e+002
1.112000 7.319430e+002
1.114000 7.309979e+002
1.116000 7.300503e+002
1.118000 7.291003e+002
1.120000 7.281479e+002
1.122000 7.271931e+002
1.124000 7.262359e+002
1.126000 7.252764e+002
1.128000 7.243146e+002
1.130000 7.233506e+002
1.132000 7.223842e+002
1.134000 7.214157e+002
1.136000 7.204450e+002
1.138000 7.194721e+002
1.140000 7.184972e+002
1.142000 7.175201e+002
1.144000 7.165409e+002
1.146000 7.155597e+002
1.148000 7.145765e+002
1.150000 7.135913e+002
1.152000 7.126042e+002
1.154000 7.116151e+002
1.156000 7.106241e+002
1.158000 7.096313e+002
1.160000 7.086366e+002
1.162000 7.076401e+002
1.164000 7.066418e+002
1.166000 7.056417e+002
1.168000 7.046400e+002
1.170000 7.036365e+002
1.172000 7.026313e+002
1.174000 7.016245e+002
1.176000 7.006161e+002
1.178000 6.996061e+002
1.180000 6.985946e+002
1.182000 6.975814e+002
1.184000 6.965668e+002
1.186000 6.955507e+002
1.188000 6.945332e+002
1.190000 6.935142e+002
1.192000 6.924939e+002
1.194000 6.914721e+002
1.196000 6.904490e+002
1.198000 6.894246e+002
1.200000 6.883990e+002
1.202000 6.873720e+002
1.204000 6.863438e+002
1.206000 6.853144e+002
1.208000 6.842838e+002
1.210000 6.832521e+002
1.212000 6.822192e+002
1.214000 6.811853e+002
1.216000 6.801502e+002
1.218000 6.791141e+002
1.220000 6.780770e+002
1.222000 6.770389e+002
1.224000 6.759998e+002
1.226000 6.749597e+002
1.228000 6.739188e+002
1.230000 6.728769e+002
1.232000 6.718342e+002
1.234000 6.707907e+002
1.236000 6.697463e+002
1.238000 6.687011e+002
1.240000 6.676552e+002
1.242000 6.666085e+002
1.244000 6.655611e+002
1.246000 6.645130e+002
1.248000 6.634643e+002
1.250000 6.624149e+002
1.252000 6.613649e+002
1.254000 6.603143e+002
1.256000 6.592632e+002
1.258000 6.582115e+002
1.260000 6.571593e+002
1.262000 6.561066e+002
1.264000 6.550534e+002
1.266000 6.539998e+002
1.268000 6.529458e+002
1.270000 6.518914e+002
1.272000 6.508366e+002
1.274000 6.497814e+002
1.276000 6.487260e+002
1.278000 6.476702e+002
1.280000 6.466142e+002
1.282000 6.455579e+002
1.284000 6.445014e+002
1.286000 6.434447e+002
1.288000 6.423878e+002
1.290000 6.413308e+002
1.292000 6.402736e+002
1.294000 6.392163e+002
1.296000 6.381589e+002
1.298000 6.371015e+002
1.300000 6.360440e+002
1.302000 6.349865e+002
1.304000 6.339290e+002
1.306000 6.328715e+002
1.308000 6.318141e+002
1.310000 6.307568e+002
1.312000 6.296995e+002
1.314000 6.286424e+002
1.316000 6.275854e+002
1.318000 6.265285e+002
1.320000 6.254719e+002
1.322000 6.244154e+002
1.324000 6.233592e+002
1.326000 6.223032e+002
1.328000 6.212474e+002
1.330000 6.201920e+002
1.332000 6.191369e+002
1.334000 6.180821e+002
1.336000 6.170276e+002
1.338000 6.159736e+002
1.340000 6.149199e+002
1.342000 6.138666e+002
1.344000 6.128138e+002
1.346000 6.117614e+002
1.348000 6.107095e+002
1.350000 6.096582e+002
1.352000 6.086073e+002
1.354000 6.075569e+002
1.356000 6.065071e+002
1.358000 6.054579e+002
1.360000 6.044093e+002
1.362000 6.033613e+002
1.364000 6.023139e+002
1.366000 6.012672e+002
1.368000 6.002212e+002
1.370000 5.991759e+002
1.372000 5.981312e+002
1.374000 5.970873e+002
1.376000 5.960442e+002
1.378000 5.950018e+002
1.380000 5.939602e+002
1.382000 5.929194e+002
1.384000 5.918795e+002
1.386000 5.908404e+002
1.388000 5.898021e+002
1.390000 5.887647e+002
1.392000 5.877283e+002
1.394000 5.866927e+002
1.396000 5.856581e+002
1.398000 5.846244e+002
1.400000 5.835917e+002
1.402000 5.825600e+002
1.404000 5.815293e+002
1.406000 5.804996e+002
1.408000 5.794710e+002
1.410000 5.784434e+002
1.412000 5.774168e+002
1.414000 5.763914e+002
1.416000 5.753671e+002
1.418000 5.743439e+002
1.420000 5.733218e+002
1.422000 5.723009e+002
1.424000 5.712812e+002
1.426000 5.702626e+002
1.428000 5.692453e+002
1.430000 5.682292e+002
1.432000 5.672143e+002
1.434000 5.662007e+002
1.436000 5.651883e+002
1.438000 5.641772e+002
1.440000 5.631674e+002
1.442000 5.621590e+002
1.444000 5.611518e+002
1.446000 5.601460e+002
1.448000 5.591416e+002
1.450000 5.581385e+002
1.452000 5.571369e+002
1.454000 5.561366e+002
1.456000 5.551378e+002
1.458000 5.541403e+002
1.460000 5.531444e+002
1.462000 5.521499e+002
1.464000 5.511568e+002
1.466000 5.501653e+002
1.468000 5.491752e+002
1.470000 5.481867e+002
1.472000 5.471997e+002
1.474000 5.462143e+002
1.476000 5.452304e+002
1.478000 5.442481e+002
1.480000 5.432673e+002
1.482000 5.422882e+002
1.484000 5.413107e+002
1.486000 5.403348e+002
1.488000 5.393605e+002
1.490000 5.383879e+002
1.492000 5.374169e+002
1.494000 5.364476e+002
1.496000 5.354800e+002
1.498000 5.345141e+002
1.500000 5.335499e+002
1.502000 5.325875e+002
1.504000 5.316267e+002
1.506000 5.306678e+002
1.508000 5.297105e+002
1.510000 5.287551e+002
1.512000 5.278014e+002
1.514000 5.268495e+002
1.516000 5.258994e+002
1.518000 5.249511e+002
1.520000 5.240047e+002
1.522000 5.230601e+002
1.524000 5.221173e+002
1.526000 5.211764e+002
1.528000 5.202374e+002
1.530000 5.193002e+002
1.532000 5.183650e+002
1.534000 5.174316e+002
1.536000 5.165001e+002
1.538000 5.155706e+002
1.540000 5.146430e+002
1.542000 5.137173e+002
1.544000 5.127936e+002
1.546000 5.118718e+002
1.548000 5.109520e+002
1.550000 5.100342e+002
1.552000 5.091184e+002
1.554000 5.082046e+002
1.556000 5.072927e+002
1.558000 5.063829e+002
1.560000 5.054751e+002
1.562000 5.045694e+002
1.564000 5.036657e+002
1.566000 5.027640e+002
1.568000 5.018644e+002
1.570000 5.009669e+002
1.572000 5.000714e+002
1.574000 4.991780e+002
1.576000 4.982867e+002
1.578000 4.973975e+002
1.580000 4.965104e+002
1.582000 4.956255e+002
1.584000 4.947426e+002
1.586000 4.938619e+002
1.588000 4.929833e+002
1.590000 4.921069e+002
1.592000 4.912326e+002
1.594000 4.903604e+002
1.596000 4.894905e+002
1.598000 4.886227e+002
1.600000 4.877571e+002
1.602000 4.868936e+002
1.604000 4.860324e+002
1.606000 4.851734e+002
1.608000 4.843166e+002
1.610000 4.834619e+002
1.612000 4.826095e+002
1.614000 4.817594e+002
1.616000 4.809114e+002
1.618000 4.800657e+002
1.620000 4.792223e+002
1.622000 4.783810e+002
1.624000 4.775421e+002
1.626000 4.767054e+002
1.628000 4.758710e+002
1.630000 4.750388e+002
1.632000 4.742089e+002
1.634000 4.733813e+002
1.636000 4.725560e+002
1.638000 4.717329e+002
1.640000 4.709122e+002
1.642000 4.700938e+002
1.644000 4.692776e+002
1.646000 4.684638e+002
1.648000 4.676523e+002
1.650000 4.668431e+002
1.652000 4.660363e+002
1.654000 4.652317e+002
1.656000 4.644295e+002
1.658000 4.636297e+002
1.660000 4.628322e+002
1.662000 4.620370e+002
1.664000 4.612441e+002
1.666000 4.604537e+002
1.668000 4.596655e+002
1.670000 4.588798e+002
1.672000 4.580964e+002
1.674000 4.573153e+002
1.676000 4.565366e+002
1.678000 4.557603e+002
1.680000 4.549864e+002
1.682000 4.542149e+002
1.684000 4.534457e+002
1.686000 4.526789e+002
1.688000 4.519145e+002
1.690000 4.511525e+002
1.692000 4.503929e+002
1.694000 4.496357e+002
1.696000 4.488808e+002
1.698000 4.481284e+002
1.700000 4.473784e+002
1.702000 4.466307e+002
1.704000 4.458855e+002
1.706000 4.451427e+002
1.708000 4.444023e+002
1.710000 4.436643e+002
1.712000 4.429288e+002
1.714000 4.421956e+002
1.716000 4.414648e+002
1.718000 4.407365e+002
1.720000 4.400106e+002
1.722000 4.392871e+002
1.724000 4.385661e+002
1.726000 4.378474e+002
1.728000 4.371312e+002
1.730000 4.364174e+002
1.732000 4.357060e+002
1.734000 4.349971e+002
1.736000 4.342906e+002
1.738000 4.335865e+002
1.740000 4.328848e+002
1.742000 4.321856e+002
1.744000 4.314888e+002
1.746000 4.307944e+002
1.748000 4.301025e+002
1.750000 4.294130e+002
1.752000 4.287259e+002
1.754000 4.280413e+002
1.756000 4.273591e+002
1.758000 4.266793e+002
1.760000 4.260020e+002
1.762000 4.253271e+002
1.764000 4.246546e+002
1.766000 4.239846e+002
1.768000 4.233169e+002
1.770000 4.226518e+002
1.772000 4.219890e+002
1.774000 4.213287e+002
1.776000 4.206708e+002
1.778000 4.200153e+002
1.780000 4.193623e+002
1.782000 4.187117e+002
1.784000 4.180635e+002
1.786000 4.174177e+002
1.788000 4.167744e+002
1.790000 4.161335e+002
1.792000 4.154950e+002
1.794000 4.148589e+002
1.796000 4.142252e+002
1.798000 4.135940e+002
1.800000 4.129652e+002
1.802000 4.123388e+002
1.804000 4.117148e+002
1.806000 4.110932e+002
1.808000 4.104740e+002
1.810000 4.098573e+002
1.812000 4.092429e+002
1.814000 4.086310e+002
1.816000 4.080214e+002
1.818000 4.074143e+002
1.820000 4.068096e+002
1.822000 4.062072e+002
1.824000 4.056073e+002
1.826000 4.050097e+002
1.828000 4.044145e+002
1.830000 4.038218e+002
1.832000 4.032314e+002
1.834000 4.026434e+002
1.836000 4.020577e+002
1.838000 4.014745e+002
1.840000 4.008936e+002
1.842000 4.003151e+002
1.844000 3.997390e+002
1.846000 3.991652e+002
1.848000 3.985938e+002
1.850000 3.980248e+002
1.852000 3.974581e+002
1.854000 3.968938e+002
1.856000 3.963319e+002
1.858000 3.957722e+002
1.860000 3.952150e+002
1.862000 3.946601e+002
1.864000 3.941075e+002
1.866000 3.935572e+002
1.868000 3.930093e+002
1.870000 3.924638e+002
1.872000 3.919205e+002
1.874000 3.913796e+002
1.876000 3.908410e+002
1.878000 3.903047e+002
1.880000 3.897708e+002
1.882000 3.892391e+002
1.884000 3.887098e+002
1.886000 3.881827e+002
1.888000 3.876580e+002
1.890000 3.871355e+002
1.892000 3.866154e+002
1.894000 3.860975e+002
1.896000 3.855819e+002
1.898000 3.850686e+002
1.900000 3.845576e+002
1.902000 3.840489e+002
1.904000 3.835424e+002
1.906000 3.830382e+002
1.908000 3.825362e+002
1.910000 3.820365e+002
1.912000 3.815391e+002
1.914000 3.810439e+002
1.916000 3.805509e+002
1.918000 3.800602e+002
1.920000 3.795717e+002
1.922000 3.790854e+002
1.924000 3.786014e+002
1.926000 3.781196e+002
1.928000 3.776400e+002
1.930000 3.771626e+002
1.932000 3.766875e+002
1.934000 3.762145e+002
1.936000 3.757437e+002
1.938000 3.752751e+002
1.940000 3.748088e+002
1.942000 3.743445e+002
1.944000 3.738825e+002
1.946000 3.734227e+002
1.948000 3.729650e+002
1.950000 3.725095e+002
1.952000 3.720561e+002
1.954000 3.716049e+002
1.956000 3.711559e+002
1.958000 3.707090e+002
1.960000 3.702642e+002
1.962000 3.698216e+002
1.964000 3.693811e+002
1.966000 3.689427e+002
1.968000 3.685064e+002
1.970000 3.680723e+002
1.972000 3.676403e+002
1.974000 3.672103e+002
1.976000 3.667825e+002
1.978000 3.663568e+002
1.980000 3.659331e+002
1.982000 3.655115e+002
1.984000 3.650921e+002
1.986000 3.646746e+002
1.988000 3.642593e+002
1.990000 3.638460e+002
1.992000 3.634348e+002
1.994000 3.630256e+002
1.996000 3.626184e+002
1.998000 3.622133e+002
2.000000 3.618103e+002
2.002000 3.614092e+002
2.004000 3.610102e+002
2.006000 3.606132e+002
2.008000 3.602182e+002
2.010000 3.598253e+002
2.012000 3.594343e+002
2.014000 3.590453e+002
2.016000 3.586583e+002
2.018000 3.582733e+002
2.020000 3.578902e+002
2.022000 3.575092e+002
2.024000 3.571301e+002
2.026000 3.567529e+002
2.028000 3.563777e+002
2.030000 3.560045e+002
2.032000 3.556332e+002
2.034000 3.552638e+002
2.036000 3.548964e+002
2.038000 3.545309e+002
2.040000 3.541673e+002
2.042000 3.538056e+002
2.044000 3.534459e+002
2.046000 3.530880e+002
2.048000 3.527320e+002
2.050000 3.523779e+002
2.052000 3.520257e+002
2.054000 3.516754e+002
2.056000 3.513270e+002
2.058000 3.509804e+002
2.060000 3.506357e+002
2.062000 3.502928e+002
2.064000 3.499517e+002
2.066000 3.496126e+002
2.068000 3.492752e+002
2.070000 3.489397e+002
2.072000 3.486060e+002
2.074000 3.482741e+002
2.076000 3.479440e+002
2.078000 3.476157e+002
2.080000 3.472893e+002
2.082000 3.469646e+002
2.084000 3.466417e+002
2.086000 3.463205e+002
2.088000 3.460012e+002
2.090000 3.456836e+002
2.092000 3.453678e+002
2.094000 3.450537e+002
2.096000 3.447414e+002
2.098000 3.444308e+002
2.100000 3.441220e+002
2.102000 3.438149e+002
2.104000 3.435095e+002
2.106000 3.432058e+002
2.108000 3.429039e+002
2.110000 3.426036e+002
2.112000 3.423051e+002
2.114000 3.420082e+002
2.116000 3.417130e+002
2.118000 3.414195e+002
2.120000 3.411277e+002
2.122000 3.408376e+002
2.124000 3.405491e+002
2.126000 3.402622e+002
2.128000 3.399770e+002
2.130000 3.396935e+002
2.132000 3.394116e+002
2.134000 3.391313e+002
2.136000 3.388526e+002
2.138000 3.385756e+002
2.140000 3.383001e+002
2.142000 3.380263e+002
2.144000 3.377541e+002
2.146000 3.374834e+002
2.148000 3.372144e+002
2.150000 3.369469e+002
2.152000 3.366810e+002
2.154000 3.364166e+002
2.156000 3.361538e+002
2.158000 3.358926e+002
2.160000 3.356329e+002
2.162000 3.353748e+002
2.164000 3.351182e+002
2.166000 3.348631e+002
2.168000 3.346096e+002
2.170000 3.343575e+002
2.172000 3.341070e+002
2.174000 3.338580e+002
2.176000 3.336105e+002
2.178000 3.333644e+002
2.180000 3.331199e+002
2.182000 3.328768e+002
2.184000 3.326352e+002
2.186000 3.323951e+002
2.188000 3.321564e+002
2.190000 3.319192e+002
2.192000 3.316835e+002
2.194000 3.314491e+002
2.196000 3.312162e+002
2.198000 3.309848e+002
2.200000 3.307547e+002
2.202000 3.305261e+002
2.204000 3.302989e+002
2.206000 3.300731e+002
2.208000 3.298487e+002
2.210000 3.296256e+002
2.212000 3.294040e+002
2.214000 3.291837e+002
2.216000 3.289649e+002
2.218000 3.287473e+002
2.220000 3.285312e+002
2.222000 3.283164e+002
2.224000 3.281029e+002
2.226000 3.278908e+002
2.228000 3.276800e+002
2.230000 3.274706e+002
2.232000 3.272625e+002
2.234000 3.270557e+002
2.236000 3.268502e+002
2.238000 3.266460e+002
2.240000 3.264431e+002
2.242000 3.262415e+002
2.244000 3.260412e+002
2.246000 3.258422e+002
2.248000 3.256445e+002
2.250000 3.254480e+002
2.252000 3.252528e+002
2.254000 3.250588e+002
2.256000 3.248661e+002
2.258000 3.246747e+002
2.260000 3.244844e+002
2.262000 3.242955e+002
2.264000 3.241077e+002
2.266000 3.239212e+002
2.268000 3.237359e+002
2.270000 3.235518e+002
2.272000 3.233688e+002
2.274000 3.231871e+002
2.276000 3.230066e+002
2.278000 3.228273e+002
2.280000 3.226492e+002
2.282000 3.224722e+002
2.284000 3.222964e+002
2.286000 3.221218e+002
2.288000 3.219483e+002
2.290000 3.217760e+002
2.292000 3.216048e+002
2.294000 3.214347e+002
2.296000 3.212658e+002
2.298000 3.210980e+002
2.300000 3.209314e+002
2.302000 3.207658e+002
2.304000 3.206014e+002
2.306000 3.204381e+002
2.308000 3.202759e+002
2.310000 3.201148e+002
2.312000 3.199547e+002
2.314000 3.197958e+002
2.316000 3.196379e+002
2.318000 3.194811e+002
2.320000 3.193254e+002
2.322000 3.191707e+002
2.324000 3.190171e+002
2.326000 3.188645e+002
2.328000 3.187130e+002
2.330000 3.185625e+002
2.332000 3.184130e+002
2.334000 3.182646e+002
2.336000 3.181172e+002
2.338000 3.179708e+002
2.340000 3.178254e+002
2.342000 3.176811e+002
2.344000 3.175377e+002
2.346000 3.173953e+002
2.348000 3.172540e+002
2.350000 3.171136e+002
2.352000 3.169741e+002
2.354000 3.168357e+002
2.356000 3.166982e+002
2.358000 3.165617e+002
2.360000 3.164262e+002
2.362000 3.162916e+002
2.364000 3.161579e+002
2.366000 3.160252e+002
2.368000 3.158934e+002
2.370000 3.157626e+002
2.372000 3.156327e+002
2.374000 3.155037e+002
2.376000 3.153756e+002
2.378000 3.152485e+002
2.380000 3.151222e+002
2.382000 3.149968e+002
2.384000 3.148724e+002
2.386000 3.147488e+002
2.388000 3.146261e+002
2.390000 3.145043e+002
2.392000 3.143834e+002
2.394000 3.142633e+002
2.396000 3.141442e+002
2.398000 3.140258e+002
2.400000 3.139084e+002
2.402000 3.137917e+002
2.404000 3.136760e+002
2.406000 3.135610e+002
2.408000 3.134469e+002
2.410000 3.133337e+002
2.412000 3.132212e+002
2.414000 3.131096e+002
2.416000 3.129988e+002
2.418000 3.128888e+002
2.420000 3.127796e+002
2.422000 3.126713e+002
2.424000 3.125637e+002
2.426000 3.124569e+002
2.428000 3.123509e+002
2.430000 3.122457e+002
2.432000 3.121413e+002
2.434000 3.120376e+002
2.436000 3.119347e+002
2.438000 3.118326e+002
2.440000 3.117312e+002
2.442000 3.116306e+002
2.444000 3.115308e+002
2.446000 3.114317e+002
2.448000 3.113333e+002
2.450000 3.112357e+002
2.452000 3.111388e+002
2.454000 3.110426e+002
2.456000 3.109472e+002
2.458000 3.108525e+002
2.460000 3.107584e+002
2.462000 3.106652e+002
2.464000 3.105726e+002
2.466000 3.104807e+002
2.468000 3.103895e+002
2.470000 3.102990e+002
2.472000 3.102092e+002
2.474000 3.101201e+002
2.476000 3.100317e+002
2.478000 3.099439e+002
2.480000 3.098568e+002
2.482000 3.097704e+002
2.484000 3.096846e+002
2.486000 3.095996e+002
2.488000 3.095151e+002
2.490000 3.094313e+002
2.492000 3.093482e+002
2.494000 3.092657e+002
2.496000 3.091838e+002
2.498000 3.091026e+002
2.500000 3.090220e+002
2.502000 3.089421e+002
2.504000 3.088627e+002
2.506000 3.087840e+002
2.508000 3.087059e+002
2.510000 3.086284e+002
2.512000 3.085515e+002
2.514000 3.084752e+002
2.516000 3.083996e+002
2.518000 3.083245e+002
2.520000 3.082500e+002
2.522000 3.081761e+002
2.524000 3.081027e+002
2.526000 3.080300e+002
2.528000 3.079578e+002
2.530000 3.078862e+002
2.532000 3.078152e+002
2.534000 3.077447e+002
2.536000 3.076748e+002
2.538000 3.076055e+002
2.540000 3.075367e+002
2.542000 3.074684e+002
2.544000 3.074007e+002
2.546000 3.073336e+002
2.548000 3.072670e+002
2.550000 3.072009e+002
2.552000 3.071353e+002
2.554000 3.070703e+002
2.556000 3.070058e+002
2.558000 3.069419e+002
2.560000 3.068784e+002
2.562000 3.068155e+002
2.564000 3.067530e+002
2.566000 3.066911e+002
2.568000 3.066297e+002
2.570000 3.065688e+002
2.572000 3.065083e+002
2.574000 3.064484e+002
2.576000 3.063890e+002
2.578000 3.063300e+002
2.580000 3.062715e+002
2.582000 3.062136e+002
2.584000 3.061560e+002
2.586000 3.060990e+002
2.588000 3.060424e+002
2.590000 3.059863e+002
2.592000 3.059307e+002
2.594000 3.058755e+002
2.596000 3.058208e+002
2.598000 3.057665e+002
2.600000 3.057127e+002
2.602000 3.056593e+002
2.604000 3.056064e+002
2.606000 3.055539e+002
2.608000 3.055018e+002
2.610000 3.054502e+002
2.612000 3.053991e+002
2.614000 3.053483e+002
2.616000 3.052980e+002
2.618000 3.052481e+002
2.620000 3.051986e+002
2.622000 3.051495e+002
2.624000 3.051009e+002
2.626000 3.050526e+002
2.628000 3.050048e+002
2.630000 3.049573e+002
2.632000 3.049103e+002
2.634000 3.048637e+002
2.636000 3.048174e+002
2.638000 3.047716e+002
2.640000 3.047261e+002
2.642000 3.046811e+002
2.644000 3.046364e+002
2.646000 3.045921e+002
2.648000 3.045482e+002
2.650000 3.045046e+002
2.652000 3.044615e+002
2.654000 3.044187e+002
2.656000 3.043762e+002
2.658000 3.043342e+002
2.660000 3.042925e+002
2.662000 3.042511e+002
2.664000 3.042101e+002
2.666000 3.041695e+002
2.668000 3.041292e+002
2.670000 3.040893e+002
2.672000 3.040497e+002
2.674000 3.040105e+002
2.676000 3.039716e+002
2.678000 3.039330e+002
2.680000 3.038948e+002
2.682000 3.038569e+002
2.684000 3.038194e+002
2.686000 3.037821e+002
2.688000 3.037452e+002
2.690000 3.037086e+002
2.692000 3.036724e+002
2.694000 3.036365e+002
2.696000 3.036008e+002
2.698000 3.035655e+002
2.700000 3.035305e+002
2.702000 3.034958e+002
2.704000 3.034615e+002
2.706000 3.034274e+002
2.708000 3.033936e+002
2.710000 3.033602e+002
2.712000 3.033270e+002
2.714000 3.032941e+002
2.716000 3.032615e+002
2.718000 3.032292e+002
2.720000 3.031972e+002
2.722000 3.031655e+002
2.724000 3.031341e+002
2.726000 3.031029e+002
2.728000 3.030720e+002
2.730000 3.030414e+002
2.732000 3.030111e+002
2.734000 3.029811e+002
2.736000 3.029513e+002
2.738000 3.029218e+002
2.740000 3.028925e+002
2.742000 3.028636e+002
2.744000 3.028349e+002
2.746000 3.028064e+002
2.748000 3.027782e+002
2.750000 3.027503e+002
2.752000 3.027226e+002
2.754000 3.026952e+002
2.756000 3.026680e+002
2.758000 3.026410e+002
2.760000 3.026144e+002
2.762000 3.025879e+002
2.764000 3.025617e+002
2.766000 3.025358e+002
2.768000 3.025100e+002
2.770000 3.024846e+002
2.772000 3.024593e+002
2.774000 3.024343e+002
2.776000 3.024095e+002
2.778000 3.023849e+002
2.780000 3.023606e+002
2.782000 3.023365e+002
2.784000 3.023126e+002
2.786000 3.022890e+002
2.788000 3.022655e+002
2.790000 3.022423e+002
2.792000 3.022193e+002
2.794000 3.021965e+002
2.796000 3.021739e+002
2.798000 3.021516e+002
2.800000 3.021294e+002
2.802000 3.021075e+002
2.804000 3.020857e+002
2.806000 3.020642e+002
2.808000 3.020429e+002
2.810000 3.020217e+002
2.812000 3.020008e+002
2.814000 3.019800e+002
2.816000 3.019595e+002
2.818000 3.019391e+002
2.820000 3.019190e+002
2.822000 3.018990e+002
2.824000 3.018792e+002
2.826000 3.018597e+002
2.828000 3.018403e+002
2.830000 3.018210e+002
2.832000 3.018020e+002
2.834000 3.017831e+002
2.836000 3.017645e+002
2.838000 3.017460e+002
2.840000 3.017277e+002
2.842000 3.017095e+002
2.844000 3.016915e+002
2.846000 3.016738e+002
2.848000 3.016561e+002
2.850000 3.016387e+002
2.852000 3.016214e+002
2.854000 3.016043e+002
2.856000 3.015873e+002
2.858000 3.015705e+002
2.860000 3.015539e+002
2.862000 3.015374e+002
2.864000 3.015211e+002
2.866000 3.015050e+002
2.868000 3.014890e+002
2.870000 3.014731e+002
2.872000 3.014574e+002
2.874000 3.014419e+002
2.876000 3.014265e+002
2.878000 3.014113e+002
2.880000 3.013962e+002
2.882000 3.013813e+002
2.884000 3.013665e+002
2.886000 3.013519e+002
2.888000 3.013374e+002
2.890000 3.013230e+002
2.892000 3.013088e+002
2.894000 3.012947e+002
2.896000 3.012808e+002
2.898000 3.012670e+002
2.900000 3.012533e+002
2.902000 3.012398e+002
2.904000 3.012264e+002
2.906000 3.012131e+002
2.908000 3.012000e+002
2.910000 3.011870e+002
2.912000 3.011741e+002
2.914000 3.011614e+002
2.916000 3.011488e+002
2.918000 3.011363e+002
2.920000 3.011239e+002
2.922000 3.011117e+002
2.924000 3.010996e+002
2.926000 3.010876e+002
2.928000 3.010757e+002
2.930000 3.010640e+002
2.932000 3.010523e+002
2.934000 3.010408e+002
2.936000 3.010294e+002
2.938000 3.010181e+002
2.940000 3.010069e+002
2.942000 3.009959e+002
2.944000 3.009849e+002
2.946000 3.009741e+002
2.948000 3.009633e+002
2.950000 3.009527e+002
2.952000 3.009422e+002
2.954000 3.009318e+002
2.956000 3.009215e+002
2.958000 3.009113e+002
2.960000 3.009012e+002
2.962000 3.008912e+002
2.964000 3.008813e+002
2.966000 3.008715e+002
2.968000 3.008619e+002
2.970000 3.008523e+002
2.972000 3.008428e+002
2.974000 3.008334e+002
2.976000 3.008241e+002
2.978000 3.008149e+002
2.980000 3.008058e+002
2.982000 3.007968e+002
2.984000 3.007879e+002
2.986000 3.007790e+002
2.988000 3.007703e+002
2.990000 3.007617e+002
2.992000 3.007531e+002
2.994000 3.007446e+002
2.996000 3.007363e+002
2.998000 3.007280e+002
3.000000 3.007198e+002
3.002000 3.007117e+002
3.004000 3.007036e+002
3.006000 3.006957e+002
3.008000 3.006878e+002
3.010000 3.006800e+002
3.012000 3.006723e+002
3.014000 3.006647e+002
3.016000 3.006572e+002
3.018000 3.006497e+002
3.020000 3.006423e+002
3.022000 3.006350e+002
3.024000 3.006278e+002
3.026000 3.006206e+002
3.028000 3.006135e+002
3.030000 3.006065e+002
3.032000 3.005996e+002
3.034000 3.005927e+002
3.036000 3.005860e+002
3.038000 3.005792e+002
3.040000 3.005726e+002
3.042000 3.005660e+002
3.044000 3.005595e+002
3.046000 3.005531e+002
3.048000 3.005467e+002
3.050000 3.005404e+002
3.052000 3.005342e+002
3.054000 3.005281e+002
3.056000 3.005220e+002
3.058000 3.005159e+002
3.060000 3.005100e+002
3.062000 3.005041e+002
3.064000 3.004982e+002
3.066000 3.004925e+002
3.068000 3.004867e+002
3.070000 3.004811e+002
3.072000 3.004755e+002
3.074000 3.004700e+002
3.076000 3.004645e+002
3.078000 3.004591e+002
3.080000 3.004537e+002
3.082000 3.004484e+002
3.084000 3.004432e+002
3.086000 3.004380e+002
3.088000 3.004329e+002
3.090000 3.004278e+002
3.092000 3.004228e+002
3.094000 3.004179e+002
3.096000 3.004130e+002
3.098000 3.004081e+002
3.100000 3.004033e+002
3.102000 3.003986e+002
3.104000 3.003939e+002
3.106000 3.003892e+002
3.108000 3.003846e+002
3.110000 3.003801e+002
3.112000 3.003756e+002
3.114000 3.003712e+002
3.116000 3.003668e+002
3.118000 3.003624e+002
3.120000 3.003581e+002
3.122000 3.003539e+002
3.124000 3.003497e+002
3.126000 3.003455e+002
3.128000 3.003414e+002
3.130000 3.003373e+002
3.132000 3.003333e+002
3.134000 3.003293e+002
3.136000 3.003254e+002
3.138000 3.003215e+002
3.140000 3.003177e+002
3.142000 3.003139e+002
3.144000 3.003101e+002
3.146000 3.003064e+002
3.148000 3.003027e+002
3.150000 3.002991e+002
3.152000 3.002955e+002
3.154000 3.002920e+002
3.156000 3.002884e+002
3.158000 3.002850e+002
3.160000 3.002815e+002
3.162000 3.002781e+002
3.164000 3.002748e+002
3.166000 3.002715e+002
3.168000 3.002682e+002
3.170000 3.002649e+002
3.172000 3.002617e+002
3.174000 3.002586e+002
3.176000 3.002554e+002
3.178000 3.002523e+002
3.180000 3.002493e+002
3.182000 3.002462e+002
3.184000 3.002432e+002
3.186000 3.002403e+002
3.188000 3.002373e+002
3.190000 3.002344e+002
3.192000 3.002316e+002
3.194000 3.002288e+002
3.196000 3.002260e+002
3.198000 3.002232e+002
3.200000 3.002205e+002
3.202000 3.002178e+002
3.204000 3.002151e+002
3.206000 3.002124e+002
3.208000 3.002098e+002
3.210000 3.002073e+002
3.212000 3.002047e+002
3.214000 3.002022e+002
3.216000 3.001997e+002
3.218000 3.001972e+002
3.220000 3.001948e+002
3.222000 3.001924e+002
3.224000 3.001900e+002
3.226000 3.001877e+002
3.228000 3.001853e+002
3.230000 3.001830e+002
3.232000 3.001808e+002
3.234000 3.001785e+002
3.236000 3.001763e+002
3.238000 3.001741e+002
3.240000 3.001719e+002
3.242000 3.001698e+002
3.244000 3.001677e+002
3.246000 3.001656e+002
3.248000 3.001635e+002
3.250000 3.001615e+002
3.252000 3.001595e+002
3.254000 3.001575e+002
3.256000 3.001555e+002
3.258000 3.001536e+002
3.260000 3.001516e+002
3.262000 3.001497e+002
3.264000 3.001478e+002
3.266000 3.001460e+002
3.268000 3.001441e+002
3.270000 3.001423e+002
3.272000 3.001405e+002
3.274000 3.001388e+002
3.276000 3.001370e+002
3.278000 3.001353e+002
3.280000 3.001336e+002
3.282000 3.001319e+002
3.284000 3.001302e+002
3.286000 3.001286e+002
3.288000 3.001269e+002
3.290000 3.001253e+002
3.292000 3.001237e+002
3.294000 3.001222e+002
3.296000 3.001206e+002
3.298000 3.001191e+002
3.300000 3.001176e+002
3.302000 3.001161e+002
3.304000 3.001146e+002
3.306000 3.001131e+002
3.308000 3.001117e+002
3.310000 3.001102e+002
3.312000 3.001088e+002
3.314000 3.001074e+002
3.316000 3.001061e+002
3.318000 3.001047e+002
3.320000 3.001034e+002
3.322000 3.001020e+002
3.324000 3.001007e+002
3.326000 3.000994e+002
3.328000 3.000981e+002
3.330000 3.000969e+002
3.332000 3.000956e+002
3.334000 3.000944e+002
3.336000 3.000932e+002
3.338000 3.000920e+002
3.340000 3.000908e+002
3.342000 3.000896e+002
3.344000 3.000884e+002
3.346000 3.000873e+002
3.348000 3.000862e+002
3.350000 3.000850e+002
3.352000 3.000839e+002
3.354000 3.000829e+002
3.356000 3.000818e+002
3.358000 3.000807e+002
3.360000 3.000797e+002
3.362000 3.000786e+002
3.364000 3.000776e+002
3.366000 3.000766e+002
3.368000 3.000756e+002
3.370000 3.000746e+002
3.372000 3.000736e+002
3.374000 3.000726e+002
3.376000 3.000717e+002
3.378000 3.000708e+002
3.380000 3.000698e+002
3.382000 3.000689e+002
3.384000 3.000680e+002
3.386000 3.000671e+002
3.388000 3.000662e+002
3.390000 3.000654e+002
3.392000 3.000645e+002
3.394000 3.000636e+002
3.396000 3.000628e+002
3.398000 3.000620e+002
3.400000 3.000611e+002
3.402000 3.000603e+002
3.404000 3.000595e+002
3.406000 3.000588e+002
3.408000 3.000580e+002
3.410000 3.000572e+002
3.412000 3.000564e+002
3.414000 3.000557e+002
3.416000 3.000550e+002
3.418000 3.000542e+002
3.420000 3.000535e+002
3.422000 3.000528e+002
3.424000 3.000521e+002
3.426000 3.000514e+002
3.428000 3.000507e+002
3.430000 3.000500e+002
3.432000 3.000493e+002
3.434000 3.000487e+002
3.436000 3.000480e+002
3.438000 3.000474e+002
3.440000 3.000468e+002
3.442000 3.000461e+002
3.444000 3.000455e+002
3.446000 3.000449e+002
3.448000 3.000443e+002
3.450000 3.000437e+002
3.452000 3.000431e+002
3.454000 3.000425e+002
3.456000 3.000419e+002
3.458000 3.000414e+002
3.460000 3.000408e+002
3.462000 3.000403e+002
3.464000 3.000397e+002
3.466000 3.000392e+002
3.468000 3.000387e+002
3.470000 3.000381e+002
3.472000 3.000376e+002
3.474000 3.000371e+002
3.476000 3.000366e+002
3.478000 3.000361e+002
3.480000 3.000356e+002
3.482000 3.000351e+002
3.484000 3.000346e+002
3.486000 3.000342e+002
3.488000 3.000337e+002
3.490000 3.000332e+002
3.492000 3.000328e+002
3.494000 3.000323e+002
3.496000 3.000319e+002
3.498000 3.000315e+002
3.500000 3.000310e+002
3.502000 3.000306e+002
3.504000 3.000302e+002
3.506000 3.000298e+002
3.508000 3.000294e+002
3.510000 3.000290e+002
3.512000 3.000286e+002
3.514000 3.000282e+002
3.516000 3.000278e+002
3.518000 3.000274e+002
3.520000 3.000270e+002
3.522000 3.000266e+002
3.524000 3.000263e+002
3.526000 3.000259e+002
3.528000 3.000255e+002
3.530000 3.000252e+002
3.532000 3.000248e+002
3.534000 3.000245e+002
3.536000 3.000242e+002
3.538000 3.000238e+002
3.540000 3.000235e+002
3.542000 3.000232e+002
3.544000 3.000228e+002
3.546000 3.000225e+002
3.548000 3.000222e+002
3.550000 3.000219e+002
3.552000 3.000216e+002
3.554000 3.000213e+002
3.556000 3.000210e+002
3.558000 3.000207e+002
3.560000 3.000204e+002
3.562000 3.000201e+002
3.564000 3.000198e+002
3.566000 3.000196e+002
3.568000 3.000193e+002
3.570000 3.000190e+002
3.572000 3.000188e+002
3.574000 3.000185e+002
3.576000 3.000182e+002
3.578000 3.000180e+002
3.580000 3.000177e+002
3.582000 3.000175e+002
3.584000 3.000172e+002
3.586000 3.000170e+002
3.588000 3.000167e+002
3.590000 3.000165e+002
3.592000 3.000163e+002
3.594000 3.000160e+002
3.596000 3.000158e+002
3.598000 3.000156e+002
3.600000 3.000154e+002
3.602000 3.000152e+002
3.604000 3.000149e+002
3.606000 3.000147e+002
3.608000 3.000145e+002
3.610000 3.000143e+002
3.612000 3.000141e+002
3.614000 3.000139e+002
3.616000 3.000137e+002
3.618000 3.000135e+002
3.620000 3.000133e+002
3.622000 3.000131e+002
3.624000 3.000129e+002
3.626000 3.000128e+002
3.628000 3.000126e+002
3.630000 3.000124e+002
3.632000 3.000122e+002
3.634000 3.000120e+002
3.636000 3.000119e+002
3.638000 3.000117e+002
3.640000 3.000115e+002
3.642000 3.000114e+002
3.644000 3.000112e+002
3.646000 3.000110e+002
3.648000 3.000109e+002
3.650000 3.000107e+002
3.652000 3.000106e+002
3.654000 3.000104e+002
3.656000 3.000103e+002
3.658000 3.000101e+002
3.660000 3.000100e+002
3.662000 3.000098e+002
3.664000 3.000097e+002
3.666000 3.000096e+002
3.668000 3.000094e+002
3.670000 3.000093e+002
3.672000 3.000092e+002
3.674000 3.000090e+002
3.676000 3.000089e+002
3.678000 3.000088e+002
3.680000 3.000086e+002
3.682000 3.000085e+002
3.684000 3.000084e+002
3.686000 3.000083e+002
3.688000 3.000081e+002
3.690000 3.000080e+002
3.692000 3.000079e+002
3.694000 3.000078e+002
3.696000 3.000077e+002
3.698000 3.000076e+002
3.700000 3.000075e+002
3.702000 3.000074e+002
3.704000 3.000073e+002
3.706000 3.000071e+002
3.708000 3.000070e+002
3.710000 3.000069e+002
3.712000 3.000068e+002
3.714000 3.000067e+002
3.716000 3.000066e+002
3.718000 3.000065e+002
3.720000 3.000065e+002
3.722000 3.000064e+002
3.724000 3.000063e+002
3.726000 3.000062e+002
3.728000 3.000061e+002
3.730000 3.000060e+002
3.732000 3.000059e+002
3.734000 3.000058e+002
3.736000 3.000057e+002
3.738000 3.000057e+002
3.740000 3.000056e+002
3.742000 3.000055e+002
3.744000 3.000054e+002
3.746000 3.000053e+002
3.748000 3.000053e+002
3.750000 3.000052e+002
3.752000 3.000051e+002
3.754000 3.000050e+002
3.756000 3.000050e+002
3.758000 3.000049e+002
3.760000 3.000048e+002
3.762000 3.000048e+002
3.764000 3.000047e+002
3.766000 3.000046e+002
3.768000 3.000046e+002
3.770000 3.000045e+002
3.772000 3.000044e+002
3.774000 3.000044e+002
3.776000 3.000043e+002
3.778000 3.000042e+002
3.780000 3.000042e+002
3.782000 3.000041e+002
3.784000 3.000041e+002
3.786000 3.000040e+002
3.788000 3.000039e+002
3.790000 3.000039e+002
3.792000 3.000038e+002
3.794000 3.000038e+002
3.796000 3.000037e+002
3.798000 3.000037e+002
3.800000 3.000036e+002
3.802000 3.000036e+002
3.804000 3.000035e+002
3.806000 3.000035e+002
3.808000 3.000034e+002
3.810000 3.000034e+002
3.812000 3.000033e+002
3.814000 3.000033e+002
3.816000 3.000032e+002
3.818000 3.000032e+002
3.820000 3.000032e+002
3.822000 3.000031e+002
3.824000 3.000031e+002
3.826000 3.000030e+002
3.828000 3.000030e+002
3.830000 3.000030e+002
3.832000 3.000029e+002
3.834000 3.000029e+002
3.836000 3.000028e+002
3.838000 3.000028e+002
3.840000 3.000028e+002
3.842000 3.000027e+002
3.844000 3.000027e+002
3.846000 3.000027e+002
3.848000 3.000026e+002
3.850000 3.000026e+002
3.852000 3.000026e+002
3.854000 3.000025e+002
3.856000 3.000025e+002
3.858000 3.000025e+002
3.860000 3.000024e+002
3.862000 3.000024e+002
3.864000 3.000024e+002
3.866000 3.000023e+002
3.868000 3.000023e+002
3.870000 3.000023e+002
3.872000 3.000023e+002
3.874000 3.000022e+002
3.876000 3.000022e+002
3.878000 3.000022e+002
3.880000 3.000022e+002
3.882000 3.000021e+002
3.884000 3.000021e+002
3.886000 3.000021e+002
3.888000 3.000021e+002
3.890000 3.000020e+002
3.892000 3.000020e+002
3.894000 3.000020e+002
3.896000 3.000020e+002
3.898000 3.000020e+002
3.900000 3.000019e+002
3.902000 3.000019e+002
3.904000 3.000019e+002
3.906000 3.000019e+002
3.908000 3.000019e+002
3.910000 3.000018e+002
3.912000 3.000018e+002
3.914000 3.000018e+002
3.916000 3.000018e+002
3.918000 3.000018e+002
3.920000 3.000018e+002
3.922000 3.000018e+002
3.924000 3.000017e+002
3.926000 3.000017e+002
3.928000 3.000017e+002
3.930000 3.000017e+002
3.932000 3.000017e+002
3.934000 3.000017e+002
3.936000 3.000017e+002
3.938000 3.000016e+002
3.940000 3.000016e+002
3.942000 3.000016e+002
3.944000 3.000016e+002
3.946000 3.000016e+002
3.948000 3.000016e+002
3.950000 3.000016e+002
3.952000 3.000016e+002
3.954000 3.000016e+002
3.956000 3.000016e+002
3.958000 3.000016e+002
3.960000 3.000015e+002
3.962000 3.000015e+002
3.964000 3.000015e+002
3.966000 3.000015e+002
3.968000 3.000015e+002
3.970000 3.000015e+002
3.972000 3.000015e+002
3.974000 3.000015e+002
3.976000 3.000015e+002
3.978000 3.000015e+002
3.980000 3.000015e+002
3.982000 3.000015e+002
3.984000 3.000015e+002
3.986000 3.000015e+002
3.988000 3.000015e+002
3.990000 3.000015e+002
3.992000 3.000015e+002
3.994000 3.000015e+002
3.996000 3.000015e+002
3.998000 3.000000e+002
