0.000000 3.056893e+002
0.002000 3.063113e+002
0.004000 3.069332e+002
0.006000 3.075551e+002
0.008000 3.081769e+002
0.010000 3.087986e+002
0.012000 3.094203e+002
0.014000 3.100418e+002
0.016000 3.106633e+002
0.018000 3.112847e+002
0.020000 3.119060e+002
0.022000 3.125272e+002
0.024000 3.131483e+002
0.026000 3.137692e+002
0.028000 3.143901e+002
0.030000 3.150108e+002
0.032000 3.156314e+002
0.034000 3.162518e+002
0.036000 3.168721e+002
0.038000 3.174923e+002
0.040000 3.181123e+002
0.042000 3.187321e+002
0.044000 3.193518e+002
0.046000 3.199713e+002
0.048000 3.205906e+002
0.050000 3.212098e+002
0.052000 3.218288e+002
0.054000 3.224475e+002
0.056000 3.230661e+002
0.058000 3.236845e+002
0.060000 3.243027e+002
0.062000 3.249206e+002
0.064000 3.255384e+002
0.066000 3.261559e+002
0.068000 3.267732e+002
0.070000 3.273902e+002
0.072000 3.280071e+002
0.074000 3.286236e+002
0.076000 3.292400e+002
0.078000 3.298560e+002
0.080000 3.304718e+002
0.082000 3.310874e+002
0.084000 3.317026e+002
0.086000 3.323176e+002
0.088000 3.329323e+002
0.090000 3.335468e+002
0.092000 3.341609e+002
0.094000 3.347747e+002
0.096000 3.353883e+002
0.098000 3.360015e+002
0.100000 3.366144e+002
0.102000 3.372270e+002
0.104000 3.378392e+002
0.106000 3.384511e+002
0.108000 3.390627e+002
0.110000 3.396740e+002
0.112000 3.402849e+002
0.114000 3.408954e+002
0.116000 3.415056e+002
0.118000 3.421155e+002
0.120000 3.427249e+002
0.122000 3.433340e+002
0.124000 3.439428e+002
0.126000 3.445511e+002
0.128000 3.451590e+002
0.130000 3.457666e+002
0.132000 3.463737e+002
0.134000 3.469805e+002
0.136000 3.475868e+002
0.138000 3.481927e+002
0.140000 3.487983e+002
0.142000 3.494033e+002
0.144000 3.500080e+002
0.146000 3.506122e+002
0.148000 3.512160e+002
0.150000 3.518193e+002
0.152000 3.524222e+002
0.154000 3.530246e+002
0.156000 3.536266e+002
0.158000 3.542281e+002
0.160000 3.548291e+002
0.162000 3.554296e+002
0.164000 3.560297e+002
0.166000 3.566293e+002
0.168000 3.572283e+002
0.170000 3.578269e+002
0.172000 3.584250e+002
0.174000 3.590226e+002
0.176000 3.596197e+002
0.178000 3.602162e+002
0.180000 3.608122e+002
0.182000 3.614077e+002
0.184000 3.620027e+002
0.186000 3.625971e+002
0.188000 3.631910e+002
0.190000 3.637843e+002
0.192000 3.643771e+002
0.194000 3.649693e+002
0.196000 3.655610e+002
0.198000 3.661521e+002
0.200000 3.667426e+002
0.202000 3.673325e+002
0.204000 3.679219e+002
0.206000 3.685107e+002
0.208000 3.690989e+002
0.210000 3.696864e+002
0.212000 3.702734e+002
0.214000 3.708598e+002
0.216000 3.714455e+002
0.218000 3.720307e+002
0.220000 3.726152e+002
0.222000 3.731991e+002
0.224000 3.737823e+002
0.226000 3.743649e+002
0.228000 3.749469e+002
0.230000 3.755282e+002
0.232000 3.761089e+002
0.234000 3.766889e+002
0.236000 3.772683e+002
0.238000 3.778470e+002
0.240000 3.784250e+002
0.242000 3.790023e+002
0.244000 3.795790e+002
0.246000 3.801550e+002
0.248000 3.807303e+002
0.250000 3.813049e+002
0.252000 3.818788e+002
0.254000 3.824519e+002
0.256000 3.830244e+002
0.258000 3.835962e+002
0.260000 3.841672e+002
0.262000 3.847375e+002
0.264000 3.853071e+002
0.266000 3.858760e+002
0.268000 3.864441e+002
0.270000 3.870115e+002
0.272000 3.875781e+002
0.274000 3.881440e+002
0.276000 3.887091e+002
0.278000 3.892735e+002
0.280000 3.898371e+002
0.282000 3.903999e+002
0.284000 3.909619e+002
0.286000 3.915232e+002
0.288000 3.920837e+002
0.290000 3.926434e+002
0.292000 3.932023e+002
0.294000 3.937604e+002
0.296000 3.943177e+002
0.298000 3.948742e+002
0.300000 3.954299e+002
0.302000 3.959847e+002
0.304000 3.965388e+002
0.306000 3.970920e+002
0.308000 3.976444e+002
0.310000 3.981960e+002
0.312000 3.987467e+002
0.314000 3.992966e+002
0.316000 3.998456e+002
0.318000 4.003938e+002
0.320000 4.009411e+002
0.322000 4.014876e+002
0.324000 4.020332e+002
0.326000 4.025779e+002
0.328000 4.031218e+002
0.330000 4.036647e+002
0.332000 4.042068e+002
0.334000 4.047481e+002
0.336000 4.052884e+002
0.338000 4.058278e+002
0.340000 4.063663e+002
0.342000 4.069040e+002
0.344000 4.074407e+002
0.346000 4.079765e+002
0.348000 4.085114e+002
0.350000 4.090453e+002
0.352000 4.095784e+002
0.354000 4.101105e+002
0.356000 4.106417e+002
0.358000 4.111719e+002
0.360000 4.117012e+002
0.362000 4.122296e+002
0.364000 4.127570e+002
0.366000 4.132835e+002
0.368000 4.138090e+002
0.370000 4.143335e+002
0.372000 4.148571e+002
0.374000 4.153797e+002
0.376000 4.159013e+002
0.378000 4.164220e+002
0.380000 4.169417e+002
0.382000 4.174603e+002
0.384000 4.179780e+002
0.386000 4.184947e+002
0.388000 4.190105e+002
0.390000 4.195252e+002
0.392000 4.200389e+002
0.394000 4.205515e+002
0.396000 4.210632e+002
0.398000 4.215739e+002
0.400000 4.220835e+002
0.402000 4.225921e+002
0.404000 4.230997e+002
0.406000 4.236063e+002
0.408000 4.241118e+002
0.410000 4.246163e+002
0.412000 4.251197e+002
0.414000 4.256221e+002
0.416000 4.261234e+002
0.418000 4.266237e+002
0.420000 4.271229e+002
0.422000 4.276211e+002
0.424000 4.281182e+002
0.426000 4.286142e+002
0.428000 4.291091e+002
0.430000 4.296030e+002
0.432000 4.300958e+002
0.434000 4.305875e+002
0.436000 4.310781e+002
0.438000 4.315676e+002
0.440000 4.320561e+002
0.442000 4.325434e+002
0.444000 4.330296e+002
0.446000 4.335148e+002
0.448000 4.339988e+002
0.450000 4.344817e+002
0.452000 4.349635e+002
0.454000 4.354441e+002
0.456000 4.359237e+002
0.458000 4.364021e+002
0.460000 4.368794e+002
0.462000 4.373555e+002
0.464000 4.378305e+002
0.466000 4.383044e+002
0.468000 4.387771e+002
0.470000 4.392487e+002
0.472000 4.397192e+002
0.474000 4.401884e+002
0.476000 4.406566e+002
0.478000 4.411235e+002
0.480000 4.415893e+002
0.482000 4.420540e+002
0.484000 4.425174e+002
0.486000 4.429797e+002
0.488000 4.434408e+002
0.490000 4.439008e+002
0.492000 4.443595e+002
0.494000 4.448171e+002
0.496000 4.452735e+002
0.498000 4.457287e+002
0.500000 4.461827e+002
0.502000 4.466355e+002
0.504000 4.470870e+002
0.506000 4.475374e+002
0.508000 4.479866e+002
0.510000 4.484346e+002
0.512000 4.488813e+002
0.514000 4.493269e+002
0.516000 4.497712e+002
0.518000 4.502143e+002
0.520000 4.506562e+002
0.522000 4.510968e+002
0.524000 4.515362e+002
0.526000 4.519744e+002
0.528000 4.524114e+002
0.530000 4.528471e+002
0.532000 4.532815e+002
0.534000 4.537148e+002
0.536000 4.541467e+002
0.538000 4.545774e+002
0.540000 4.550069e+002
0.542000 4.554351e+002
0.544000 4.558621e+002
0.546000 4.562878e+002
0.548000 4.567122e+002
0.550000 4.571353e+002
0.552000 4.575572e+002
0.554000 4.579778e+002
0.556000 4.583972e+002
0.558000 4.588152e+002
0.560000 4.592320e+002
0.562000 4.596475e+002
0.564000 4.600617e+002
0.566000 4.604747e+002
0.568000 4.608863e+002
0.570000 4.612966e+002
0.572000 4.617057e+002
0.574000 4.621134e+002
0.576000 4.625199e+002
0.578000 4.629250e+002
0.580000 4.633288e+002
0.582000 4.637314e+002
0.584000 4.641326e+002
0.586000 4.645325e+002
0.588000 4.649311e+002
0.590000 4.653284e+002
0.592000 4.657243e+002
0.594000 4.661190e+002
0.596000 4.665123e+002
0.598000 4.669042e+002
0.600000 4.672949e+002
0.602000 4.676842e+002
0.604000 4.680722e+002
0.606000 4.684589e+002
0.608000 4.688442e+002
0.610000 4.692282e+002
0.612000 4.696108e+002
0.614000 4.699921e+002
0.616000 4.703720e+002
0.618000 4.707506e+002
0.620000 4.711279e+002
0.622000 4.715038e+002
0.624000 4.718783e+002
0.626000 4.722515e+002
0.628000 4.726233e+002
0.630000 4.729938e+002
0.632000 4.733629e+002
0.634000 4.737306e+002
0.636000 4.740970e+002
0.638000 4.744620e+002
0.640000 4.748256e+002
0.642000 4.751879e+002
0.644000 4.755488e+002
0.646000 4.759083e+002
0.648000 4.762664e+002
0.650000 4.766232e+002
0.652000 4.769785e+002
0.654000 4.773325e+002
0.656000 4.776851e+002
0.658000 4.780363e+002
0.660000 4.783862e+002
0.662000 4.787346e+002
0.664000 4.790817e+002
0.666000 4.794273e+002
0.668000 4.797716e+002
0.670000 4.801144e+002
0.672000 4.804559e+002
0.674000 4.807960e+002
0.676000 4.811346e+002
0.678000 4.814719e+002
0.680000 4.818078e+002
0.682000 4.821422e+002
0.684000 4.824753e+002
0.686000 4.828069e+002
0.688000 4.831371e+002
0.690000 4.834659e+002
0.692000 4.837933e+002
0.694000 4.841193e+002
0.696000 4.844439e+002
0.698000 4.847670e+002
0.700000 4.850888e+002
0.702000 4.854091e+002
0.704000 4.857280e+002
0.706000 4.860454e+002
0.708000 4.863615e+002
0.710000 4.866761e+002
0.712000 4.869893e+002
0.714000 4.873011e+002
0.716000 4.876114e+002
0.718000 4.879203e+002
0.720000 4.882278e+002
0.722000 4.885338e+002
0.724000 4.888384e+002
0.726000 4.891416e+002
0.728000 4.894433e+002
0.730000 4.897436e+002
0.732000 4.900425e+002
0.734000 4.903399e+002
0.736000 4.906359e+002
0.738000 4.909304e+002
0.740000 4.912235e+002
0.742000 4.915152e+002
0.744000 4.918054e+002
0.746000 4.920942e+002
0.748000 4.923815e+002
0.750000 4.926673e+002
0.752000 4.929518e+002
0.754000 4.932347e+002
0.756000 4.935163e+002
0.758000 4.937963e+002
0.760000 4.940750e+002
0.762000 4.943521e+002
0.764000 4.946278e+002
0.766000 4.949021e+002
0.768000 4.951749e+002
0.770000 4.954463e+002
0.772000 4.957162e+002
0.774000 4.959846e+002
0.776000 4.962516e+002
0.778000 4.965171e+002
0.780000 4.967812e+002
0.782000 4.970438e+002
0.784000 4.973049e+002
0.786000 4.975646e+002
0.788000 4.978228e+002
0.790000 4.980796e+002
0.792000 4.983349e+002
0.794000 4.985887e+002
0.796000 4.988411e+002
0.798000 4.990920e+002
0.800000 4.993415e+002
0.802000 4.995895e+002
0.804000 4.998360e+002
0.806000 5.000810e+002
0.808000 5.003246e+002
0.810000 5.005667e+002
0.812000 5.008074e+002
0.814000 5.010466e+002
0.816000 5.012843e+002
0.818000 5.015205e+002
0.820000 5.017553e+002
0.822000 5.019886e+002
0.824000 5.022205e+002
0.826000 5.024509e+002
0.828000 5.026798e+002
0.830000 5.029072e+002
0.832000 5.031332e+002
0.834000 5.033577e+002
0.836000 5.035807e+002
0.838000 5.038023e+002
0.840000 5.040224e+002
0.842000 5.042410e+002
0.844000 5.044581e+002
0.846000 5.046738e+002
0.848000 5.048880e+002
0.850000 5.051008e+002
0.852000 5.053120e+002
0.854000 5.055218e+002
0.856000 5.057302e+002
0.858000 5.059370e+002
0.860000 5.061424e+002
0.862000 5.063463e+002
0.864000 5.065488e+002
0.866000 5.067498e+002
0.868000 5.069493e+002
0.870000 5.071473e+002
0.872000 5.073439e+002
0.874000 5.075390e+002
0.876000 5.077326e+002
0.878000 5.079248e+002
0.880000 5.081155e+002
0.882000 5.083047e+002
0.884000 5.084924e+002
0.886000 5.086787e+002
0.888000 5.088636e+002
0.890000 5.090469e+002
0.892000 5.092288e+002
0.894000 5.094092e+002
0.896000 5.095882e+002
0.898000 5.097657e+002
0.900000 5.099417e+002
0.902000 5.101162e+002
0.904000 5.102893e+002
0.906000 5.104610e+002
0.908000 5.106311e+002
0.910000 5.107998e+002
0.912000 5.109671e+002
0.914000 5.111328e+002
0.916000 5.112971e+002
0.918000 5.114600e+002
0.920000 5.116214e+002
0.922000 5.117813e+002
0.924000 5.119398e+002
0.926000 5.120968e+002
0.928000 5.122523e+002
0.930000 5.124064e+002
0.932000 5.125591e+002
0.934000 5.127103e+002
0.936000 5.128600e+002
0.938000 5.130083e+002
0.940000 5.131551e+002
0.942000 5.133004e+002
0.944000 5.134443e+002
0.946000 5.135868e+002
0.948000 5.137278e+002
0.950000 5.138674e+002
0.952000 5.140055e+002
0.954000 5.141421e+002
0.956000 5.142773e+002
0.958000 5.144111e+002
0.960000 5.145434e+002
0.962000 5.146743e+002
0.964000 5.148037e+002
0.966000 5.149317e+002
0.968000 5.150582e+002
0.970000 5.151833e+002
0.972000 5.153070e+002
0.974000 5.154292e+002
0.976000 5.155500e+002
0.978000 5.156693e+002
0.980000 5.157872e+002
0.982000 5.159037e+002
0.984000 5.160187e+002
0.986000 5.161323e+002
0.988000 5.162445e+002
0.990000 5.163552e+002
0.992000 5.164645e+002
0.994000 5.165724e+002
0.996000 5.166788e+002
0.998000 5.167839e+002
1.000000 5.168874e+002
1.002000 5.169896e+002
1.004000 5.170904e+002
1.006000 5.171897e+002
1.008000 5.172876e+002
1.010000 5.173841e+002
1.012000 5.174791e+002
1.014000 5.175728e+002
1.016000 5.176650e+002
1.018000 5.177558e+002
1.020000 5.178452e+002
1.022000 5.179332e+002
1.024000 5.180198e+002
1.026000 5.181050e+002
1.028000 5.181888e+002
1.030000 5.182711e+002
1.032000 5.183521e+002
1.034000 5.184316e+002
1.036000 5.185098e+002
1.038000 5.185865e+002
1.040000 5.186619e+002
1.042000 5.187358e+002
1.044000 5.188084e+002
1.046000 5.188796e+002
1.048000 5.189493e+002
1.050000 5.190177e+002
1.052000 5.190847e+002
1.054000 5.191503e+002
1.056000 5.192145e+002
1.058000 5.192773e+002
1.060000 5.193388e+002
1.062000 5.193988e+002
1.064000 5.194575e+002
1.066000 5.195148e+002
1.068000 5.195708e+002
1.070000 5.196253e+002
1.072000 5.196785e+002
1.074000 5.197303e+002
1.076000 5.197807e+002
1.078000 5.198298e+002
1.080000 5.198775e+002
1.082000 5.199238e+002
1.084000 5.199688e+002
1.086000 5.200124e+002
1.088000 5.200547e+002
1.090000 5.200956e+002
1.092000 5.201351e+002
1.094000 5.201733e+002
1.096000 5.202101e+002
1.098000 5.202456e+002
1.100000 5.202797e+002
1.102000 5.203125e+002
1.104000 5.203439e+002
1.106000 5.203740e+002
1.108000 5.204028e+002
1.110000 5.204302e+002
1.112000 5.204563e+002
1.114000 5.204810e+002
1.116000 5.205045e+002
1.118000 5.205265e+002
1.120000 5.205473e+002
1.122000 5.205667e+002
1.124000 5.205848e+002
1.126000 5.206016e+002
1.128000 5.206170e+002
1.130000 5.206312e+002
1.132000 5.206440e+002
1.134000 5.206555e+002
1.136000 5.206657e+002
1.138000 5.206746e+002
1.140000 5.206822e+002
1.142000 5.206884e+002
1.144000 5.206934e+002
1.146000 5.206970e+002
1.148000 5.206994e+002
1.150000 5.207005e+002
1.152000 5.207002e+002
1.154000 5.206987e+002
1.156000 5.206959e+002
1.158000 5.206918e+002
1.160000 5.206864e+002
1.162000 5.206797e+002
1.164000 5.206718e+002
1.166000 5.206625e+002
1.168000 5.206520e+002
1.170000 5.206402e+002
1.172000 5.206271e+002
1.174000 5.206128e+002
1.176000 5.205972e+002
1.178000 5.205803e+002
1.180000 5.205622e+002
1.182000 5.205428e+002
1.184000 5.205222e+002
1.186000 5.205002e+002
1.188000 5.204771e+002
1.190000 5.204527e+002
1.192000 5.204270e+002
1.194000 5.204001e+002
1.196000 5.203719e+002
1.198000 5.203425e+002
1.200000 5.203119e+002
1.202000 5.202800e+002
1.204000 5.202469e+002
1.206000 5.202126e+002
1.208000 5.201770e+002
1.210000 5.201402e+002
1.212000 5.201021e+002
1.214000 5.200629e+002
1.216000 5.200224e+002
1.218000 5.199807e+002
1.220000 5.199378e+002
1.222000 5.198937e+002
1.224000 5.198484e+002
1.226000 5.198019e+002
1.228000 5.197542e+002
1.230000 5.197052e+002
1.232000 5.196551e+002
1.234000 5.196038e+002
1.236000 5.195512e+002
1.238000 5.194975e+002
1.240000 5.194426e+002
1.242000 5.193865e+002
1.244000 5.193292e+002
1.246000 5.192708e+002
1.248000 5.192112e+002
1.250000 5.191504e+002
1.252000 5.190884e+002
1.254000 5.190252e+002
1.256000 5.189609e+002
1.258000 5.188954e+002
1.260000 5.188288e+002
1.262000 5.187610e+002
1.264000 5.186920e+002
1.266000 5.186219e+002
1.268000 5.185506e+002
1.270000 5.184782e+002
1.272000 5.184047e+002
1.274000 5.183300e+002
1.276000 5.182541e+002
1.278000 5.181772e+002
1.280000 5.180990e+002
1.282000 5.180198e+002
1.284000 5.179394e+002
1.286000 5.178579e+002
1.288000 5.177753e+002
1.290000 5.176916e+002
1.292000 5.176067e+002
1.294000 5.175208e+002
1.296000 5.174337e+002
1.298000 5.173455e+002
1.300000 5.172562e+002
1.302000 5.171658e+002
1.304000 5.170743e+002
1.306000 5.169817e+002
1.308000 5.168880e+002
1.310000 5.167933e+002
1.312000 5.166974e+002
1.314000 5.166005e+002
1.316000 5.165024e+002
1.318000 5.164033e+002
1.320000 5.163031e+002
1.322000 5.162019e+002
1.324000 5.160995e+002
1.326000 5.159961e+002
1.328000 5.158917e+002
1.330000 5.157862e+002
1.332000 5.156796e+002
1.334000 5.155719e+002
1.336000 5.154632e+002
1.338000 5.153535e+002
1.340000 5.152427e+002
1.342000 5.151309e+002
1.344000 5.150180e+002
1.346000 5.149041e+002
1.348000 5.147892e+002
1.350000 5.146732e+002
1.352000 5.145562e+002
1.354000 5.144382e+002
1.356000 5.143192e+002
1.358000 5.141991e+002
1.360000 5.140780e+002
1.362000 5.139559e+002
1.364000 5.138328e+002
1.366000 5.137087e+002
1.368000 5.135836e+002
1.370000 5.134575e+002
1.372000 5.133304e+002
1.374000 5.132023e+002
1.376000 5.130732e+002
1.378000 5.129431e+002
1.380000 5.128121e+002
1.382000 5.126800e+002
1.384000 5.125470e+002
1.386000 5.124130e+002
1.388000 5.122781e+002
1.390000 5.121421e+002
1.392000 5.120052e+002
1.394000 5.118674e+002
1.396000 5.117285e+002
1.398000 5.115888e+002
1.400000 5.114480e+002
1.402000 5.113064e+002
1.404000 5.111637e+002
1.406000 5.110202e+002
1.408000 5.108757e+002
1.410000 5.107302e+002
1.412000 5.105838e+002
1.414000 5.104365e+002
1.416000 5.102883e+002
1.418000 5.101391e+002
1.420000 5.099890e+002
1.422000 5.098380e+002
1.424000 5.096861e+002
1.426000 5.095333e+002
1.428000 5.093796e+002
1.430000 5.092250e+002
1.432000 5.090694e+002
1.434000 5.089130e+002
1.436000 5.087557e+002
1.438000 5.085974e+002
1.440000 5.084383e+002
1.442000 5.082783e+002
1.444000 5.081175e+002
1.446000 5.079557e+002
1.448000 5.077931e+002
1.450000 5.076296e+002
1.452000 5.074652e+002
1.454000 5.073000e+002
1.456000 5.071339e+002
1.458000 5.069670e+002
1.460000 5.067992e+002
1.462000 5.066305e+002
1.464000 5.064610e+002
1.466000 5.062907e+002
1.468000 5.061195e+002
1.470000 5.059474e+002
1.472000 5.057746e+002
1.474000 5.056009e+002
1.476000 5.054264e+002
1.478000 5.052510e+002
1.480000 5.050748e+002
1.482000 5.048978e+002
1.484000 5.047200e+002
1.486000 5.045414e+002
1.488000 5.043620e+002
1.490000 5.041818e+002
1.492000 5.040007e+002
1.494000 5.038189e+002
1.496000 5.036363e+002
1.498000 5.034529e+002
1.500000 5.032687e+002
1.502000 5.030837e+002
1.504000 5.028979e+002
1.506000 5.027114e+002
1.508000 5.025240e+002
1.510000 5.023359e+002
1.512000 5.021471e+002
1.514000 5.019574e+002
1.516000 5.017671e+002
1.518000 5.015759e+002
1.520000 5.013840e+002
1.522000 5.011913e+002
1.524000 5.009979e+002
1.526000 5.008038e+002
1.528000 5.006089e+002
1.530000 5.004133e+002
1.532000 5.002169e+002
1.534000 5.000198e+002
1.536000 4.998220e+002
1.538000 4.996235e+002
1.540000 4.994242e+002
1.542000 4.992242e+002
1.544000 4.990235e+002
1.546000 4.988221e+002
1.548000 4.986200e+002
1.550000 4.984172e+002
1.552000 4.982137e+002
1.554000 4.980095e+002
1.556000 4.978046e+002
1.558000 4.975990e+002
1.560000 4.973927e+002
1.562000 4.971857e+002
1.564000 4.969781e+002
1.566000 4.967697e+002
1.568000 4.965607e+002
1.570000 4.963511e+002
1.572000 4.961407e+002
1.574000 4.959297e+002
1.576000 4.957181e+002
1.578000 4.955057e+002
1.580000 4.952928e+002
1.582000 4.950792e+002
1.584000 4.948649e+002
1.586000 4.946500e+002
1.588000 4.944344e+002
1.590000 4.942182e+002
1.592000 4.940014e+002
1.594000 4.937840e+002
1.596000 4.935659e+002
1.598000 4.933472e+002
1.600000 4.931279e+002
1.602000 4.929080e+002
1.604000 4.926874e+002
1.606000 4.924663e+002
1.608000 4.922445e+002
1.610000 4.920221e+002
1.612000 4.917992e+002
1.614000 4.915756e+002
1.616000 4.913515e+002
1.618000 4.911267e+002
1.620000 4.909014e+002
1.622000 4.906755e+002
1.624000 4.904490e+002
1.626000 4.902220e+002
1.628000 4.899944e+002
1.630000 4.897662e+002
1.632000 4.895374e+002
1.634000 4.893081e+002
1.636000 4.890782e+002
1.638000 4.888477e+002
1.640000 4.886167e+002
1.642000 4.883852e+002
1.644000 4.881531e+002
1.646000 4.879205e+002
1.648000 4.876873e+002
1.650000 4.874536e+002
1.652000 4.872194e+002
1.654000 4.869846e+002
1.656000 4.867494e+002
1.658000 4.865136e+002
1.660000 4.862772e+002
1.662000 4.860404e+002
1.664000 4.858030e+002
1.666000 4.855652e+002
1.668000 4.853268e+002
1.670000 4.850880e+002
1.672000 4.848486e+002
1.674000 4.846087e+002
1.676000 4.843684e+002
1.678000 4.841275e+002
1.680000 4.838862e+002
1.682000 4.836444e+002
1.684000 4.834021e+002
1.686000 4.831594e+002
1.688000 4.829161e+002
1.690000 4.826724e+002
1.692000 4.824283e+002
1.694000 4.821837e+002
1.696000 4.819386e+002
1.698000 4.816930e+002
1.700000 4.814470e+002
1.702000 4.812006e+002
1.704000 4.809537e+002
1.706000 4.807064e+002
1.708000 4.804586e+002
1.710000 4.802104e+002
1.712000 4.799618e+002
1.714000 4.797127e+002
1.716000 4.794633e+002
1.718000 4.792133e+002
1.720000 4.789630e+002
1.722000 4.787123e+002
1.724000 4.784611e+002
1.726000 4.782095e+002
1.728000 4.779576e+002
1.730000 4.777052e+002
1.732000 4.774524e+002
1.734000 4.771993e+002
1.736000 4.769457e+002
1.738000 4.766917e+002
1.740000 4.764374e+002
1.742000 4.761827e+002
1.744000 4.759276e+002
1.746000 4.756721e+002
1.748000 4.754162e+002
1.750000 4.751600e+002
1.752000 4.749034e+002
1.754000 4.746465e+002
1.756000 4.743892e+002
1.758000 4.741315e+002
1.760000 4.738734e+002
1.762000 4.736151e+002
1.764000 4.733563e+002
1.766000 4.730973e+002
1.768000 4.728378e+002
1.770000 4.725781e+002
1.772000 4.723180e+002
1.774000 4.720576e+002
1.776000 4.717968e+002
1.778000 4.715358e+002
1.780000 4.712744e+002
1.782000 4.710126e+002
1.784000 4.707506e+002
1.786000 4.704883e+002
1.788000 4.702256e+002
1.790000 4.699626e+002
1.792000 4.696994e+002
1.794000 4.694358e+002
1.796000 4.691719e+002
1.798000 4.689078e+002
1.800000 4.686433e+002
1.802000 4.683786e+002
1.804000 4.681135e+002
1.806000 4.678482e+002
1.808000 4.675826e+002
1.810000 4.673168e+002
1.812000 4.670506e+002
1.814000 4.667842e+002
1.816000 4.665175e+002
1.818000 4.662506e+002
1.820000 4.659834e+002
1.822000 4.657159e+002
1.824000 4.654482e+002
1.826000 4.651802e+002
1.828000 4.649120e+002
1.830000 4.646436e+002
1.832000 4.643749e+002
1.834000 4.641059e+002
1.836000 4.638367e+002
1.838000 4.635673e+002
1.840000 4.632977e+002
1.842000 4.630278e+002
1.844000 4.627577e+002
1.846000 4.624874e+002
1.848000 4.622169e+002
1.850000 4.619461e+002
1.852000 4.616752e+002
1.854000 4.614040e+002
1.856000 4.611326e+002
1.858000 4.608610e+002
1.860000 4.605892e+002
1.862000 4.603173e+002
1.864000 4.600451e+002
1.866000 4.597727e+002
1.868000 4.595001e+002
1.870000 4.592274e+002
1.872000 4.589545e+002
1.874000 4.586814e+002
1.876000 4.584081e+002
1.878000 4.581346e+002
1.880000 4.578610e+002
1.882000 4.575872e+002
1.884000 4.573132e+002
1.886000 4.570391e+002
1.888000 4.567648e+002
1.890000 4.564904e+002
1.892000 4.562157e+002
1.894000 4.559410e+002
1.896000 4.556661e+002
1.898000 4.553910e+002
1.900000 4.551159e+002
1.902000 4.548405e+002
1.904000 4.545651e+002
1.906000 4.542895e+002
1.908000 4.540137e+002
1.910000 4.537379e+002
1.912000 4.534619e+002
1.914000 4.531857e+002
1.916000 4.529095e+002
1.918000 4.526332e+002
1.920000 4.523567e+002
1.922000 4.520801e+002
1.924000 4.518034e+002
1.926000 4.515266e+002
1.928000 4.512497e+002
1.930000 4.509727e+002
1.932000 4.506956e+002
1.934000 4.504184e+002
1.936000 4.501411e+002
1.938000 4.498638e+002
1.940000 4.495863e+002
1.942000 4.493087e+002
1.944000 4.490311e+002
1.946000 4.487534e+002
1.948000 4.484756e+002
1.950000 4.481977e+002
1.952000 4.479198e+002
1.954000 4.476418e+002
1.956000 4.473637e+002
1.958000 4.470856e+002
1.960000 4.468074e+002
1.962000 4.465291e+002
1.964000 4.462508e+002
1.966000 4.459724e+002
1.968000 4.456940e+002
1.970000 4.454155e+002
1.972000 4.451370e+002
1.974000 4.448585e+002
1.976000 4.445799e+002
1.978000 4.443012e+002
1.980000 4.440226e+002
1.982000 4.437439e+002
1.984000 4.434652e+002
1.986000 4.431864e+002
1.988000 4.429076e+002
1.990000 4.426288e+002
1.992000 4.423500e+002
1.994000 4.420711e+002
1.996000 4.417923e+002
1.998000 4.415134e+002
2.000000 4.412345e+002
2.002000 4.409556e+002
2.004000 4.406767e+002
2.006000 4.403979e+002
2.008000 4.401190e+002
2.010000 4.398401e+002
2.012000 4.395612e+002
2.014000 4.392823e+002
2.016000 4.390034e+002
2.018000 4.387246e+002
2.020000 4.384457e+002
2.022000 4.381669e+002
2.024000 4.378881e+002
2.026000 4.376093e+002
2.028000 4.373305e+002
2.030000 4.370518e+002
2.032000 4.367731e+002
2.034000 4.364944e+002
2.036000 4.362158e+002
2.038000 4.359372e+002
2.040000 4.356586e+002
2.042000 4.353801e+002
2.044000 4.351016e+002
2.046000 4.348232e+002
2.048000 4.345448e+002
2.050000 4.342664e+002
2.052000 4.339882e+002
2.054000 4.337099e+002
2.056000 4.334317e+002
2.058000 4.331536e+002
2.060000 4.328756e+002
2.062000 4.325976e+002
2.064000 4.323197e+002
2.066000 4.320418e+002
2.068000 4.317640e+002
2.070000 4.314863e+002
2.072000 4.312087e+002
2.074000 4.309311e+002
2.076000 4.306536e+002
2.078000 4.303762e+002
2.080000 4.300989e+002
2.082000 4.298217e+002
2.084000 4.295445e+002
2.086000 4.292675e+002
2.088000 4.289905e+002
2.090000 4.287137e+002
2.092000 4.284369e+002
2.094000 4.281602e+002
2.096000 4.278837e+002
2.098000 4.276072e+002
2.100000 4.273308e+002
2.102000 4.270546e+002
2.104000 4.267785e+002
2.106000 4.265024e+002
2.108000 4.262265e+002
2.110000 4.259507e+002
2.112000 4.256750e+002
2.114000 4.253995e+002
2.116000 4.251240e+002
2.118000 4.248487e+002
2.120000 4.245735e+002
2.122000 4.242985e+002
2.124000 4.240235e+002
2.126000 4.237487e+002
2.128000 4.234741e+002
2.130000 4.231995e+002
2.132000 4.229251e+002
2.134000 4.226509e+002
2.136000 4.223768e+002
2.138000 4.221028e+002
2.140000 4.218290e+002
2.142000 4.215553e+002
2.144000 4.212818e+002
2.146000 4.210085e+002
2.148000 4.207352e+002
2.150000 4.204622e+002
2.152000 4.201893e+002
2.154000 4.199166e+002
2.156000 4.196440e+002
2.158000 4.193716e+002
2.160000 4.190993e+002
2.162000 4.188272e+002
2.164000 4.185553e+002
2.166000 4.182836e+002
2.168000 4.180120e+002
2.170000 4.177406e+002
2.172000 4.174694e+002
2.174000 4.171984e+002
2.176000 4.169275e+002
2.178000 4.166568e+002
2.180000 4.163863e+002
2.182000 4.161160e+002
2.184000 4.158459e+002
2.186000 4.155760e+002
2.188000 4.153062e+002
2.190000 4.150367e+002
2.192000 4.147673e+002
2.194000 4.144982e+002
2.196000 4.142292e+002
2.198000 4.139605e+002
2.200000 4.136919e+002
2.202000 4.134236e+002
2.204000 4.131554e+002
2.206000 4.128875e+002
2.208000 4.126198e+002
2.210000 4.123522e+002
2.212000 4.120849e+002
2.214000 4.118178e+002
2.216000 4.115509e+002
2.218000 4.112843e+002
2.220000 4.110178e+002
2.222000 4.107516e+002
2.224000 4.104856e+002
2.226000 4.102198e+002
2.228000 4.099543e+002
2.230000 4.096889e+002
2.232000 4.094238e+002
2.234000 4.091589e+002
2.236000 4.088943e+002
2.238000 4.086299e+002
2.240000 4.083657e+002
2.242000 4.081018e+002
2.244000 4.078381e+002
2.246000 4.075746e+002
2.248000 4.073114e+002
2.250000 4.070484e+002
2.252000 4.067857e+002
2.254000 4.065232e+002
2.256000 4.062609e+002
2.258000 4.059990e+002
2.260000 4.057372e+002
2.262000 4.054757e+002
2.264000 4.052145e+002
2.266000 4.049535e+002
2.268000 4.046928e+002
2.270000 4.044323e+002
2.272000 4.041721e+002
2.274000 4.039121e+002
2.276000 4.036524e+002
2.278000 4.033930e+002
2.280000 4.031338e+002
2.282000 4.028749e+002
2.284000 4.026163e+002
2.286000 4.023579e+002
2.288000 4.020998e+002
2.290000 4.018420e+002
2.292000 4.015844e+002
2.294000 4.013272e+002
2.296000 4.010701e+002
2.298000 4.008134e+002
2.300000 4.005570e+002
2.302000 4.003008e+002
2.304000 4.000449e+002
2.306000 3.997893e+002
2.308000 3.995340e+002
2.310000 3.992789e+002
2.312000 3.990242e+002
2.314000 3.987697e+002
2.316000 3.985155e+002
2.318000 3.982616e+002
2.320000 3.980081e+002
2.322000 3.977547e+002
2.324000 3.975017e+002
2.326000 3.972490e+002
2.328000 3.969966e+002
2.330000 3.967445e+002
2.332000 3.964926e+002
2.334000 3.962411e+002
2.336000 3.959899e+002
2.338000 3.957390e+002
2.340000 3.954883e+002
2.342000 3.952380e+002
2.344000 3.949880e+002
2.346000 3.947383e+002
2.348000 3.944889e+002
2.350000 3.942398e+002
2.352000 3.939910e+002
2.354000 3.937426e+002
2.356000 3.934944e+002
2.358000 3.932466e+002
2.360000 3.929991e+002
2.362000 3.927518e+002
2.364000 3.925049e+002
2.366000 3.922584e+002
2.368000 3.920121e+002
2.370000 3.917662e+002
2.372000 3.915206e+002
2.374000 3.912753e+002
2.376000 3.910303e+002
2.378000 3.907856e+002
2.380000 3.905413e+002
2.382000 3.902973e+002
2.384000 3.900537e+002
2.386000 3.898103e+002
2.388000 3.895673e+002
2.390000 3.893246e+002
2.392000 3.890823e+002
2.394000 3.888403e+002
2.396000 3.885986e+002
2.398000 3.883572e+002
2.400000 3.881162e+002
2.402000 3.878755e+002
2.404000 3.876352e+002
2.406000 3.873952e+002
2.408000 3.871555e+002
2.410000 3.869162e+002
2.412000 3.866772e+002
2.414000 3.864386e+002
2.416000 3.862003e+002
2.418000 3.859623e+002
2.420000 3.857247e+002
2.422000 3.854874e+002
2.424000 3.852505e+002
2.426000 3.850139e+002
2.428000 3.847777e+002
2.430000 3.845418e+002
2.432000 3.843063e+002
2.434000 3.840711e+002
2.436000 3.838363e+002
2.438000 3.836018e+002
2.440000 3.833677e+002
2.442000 3.831340e+002
2.444000 3.829005e+002
2.446000 3.826675e+002
2.448000 3.824348e+002
2.450000 3.822024e+002
2.452000 3.819705e+002
2.454000 3.817388e+002
2.456000 3.815076e+002
2.458000 3.812767e+002
2.460000 3.810461e+002
2.462000 3.808159e+002
2.464000 3.805861e+002
2.466000 3.803566e+002
2.468000 3.801275e+002
2.470000 3.798988e+002
2.472000 3.796704e+002
2.474000 3.794424e+002
2.476000 3.792148e+002
2.478000 3.789875e+002
2.480000 3.787606e+002
2.482000 3.785341e+002
2.484000 3.783079e+002
2.486000 3.780821e+002
2.488000 3.778567e+002
2.490000 3.776317e+002
2.492000 3.774070e+002
2.494000 3.771827e+002
2.496000 3.769588e+002
2.498000 3.767352e+002
2.500000 3.765120e+002
2.502000 3.762892e+002
2.504000 3.760668e+002
2.506000 3.758447e+002
2.508000 3.756230e+002
2.510000 3.754017e+002
2.512000 3.751808e+002
2.514000 3.749602e+002
2.516000 3.747401e+002
2.518000 3.745203e+002
2.520000 3.743009e+002
2.522000 3.740818e+002
2.524000 3.738632e+002
2.526000 3.736449e+002
2.528000 3.734270e+002
2.530000 3.732095e+002
2.532000 3.729924e+002
2.534000 3.727757e+002
2.536000 3.725593e+002
2.538000 3.723434e+002
2.540000 3.721278e+002
2.542000 3.719126e+002
2.544000 3.716978e+002
2.546000 3.714834e+002
2.548000 3.712693e+002
2.550000 3.710557e+002
2.552000 3.708424e+002
2.554000 3.706296e+002
2.556000 3.704171e+002
2.558000 3.702050e+002
2.560000 3.699933e+002
2.562000 3.697820e+002
2.564000 3.695711e+002
2.566000 3.693605e+002
2.568000 3.691504e+002
2.570000 3.689407e+002
2.572000 3.687313e+002
2.574000 3.685223e+002
2.576000 3.683138e+002
2.578000 3.681056e+002
2.580000 3.678978e+002
2.582000 3.676904e+002
2.584000 3.674835e+002
2.586000 3.672769e+002
2.588000 3.670707e+002
2.590000 3.668648e+002
2.592000 3.666594e+002
2.594000 3.664544e+002
2.596000 3.662498e+002
2.598000 3.660456e+002
2.600000 3.658418e+002
2.602000 3.656383e+002
2.604000 3.654353e+002
2.606000 3.652327e+002
2.608000 3.650304e+002
2.610000 3.648286e+002
2.612000 3.646272e+002
2.614000 3.644261e+002
2.616000 3.642255e+002
2.618000 3.640253e+002
2.620000 3.638254e+002
2.622000 3.636260e+002
2.624000 3.634270e+002
2.626000 3.632283e+002
2.628000 3.630301e+002
2.630000 3.628323e+002
2.632000 3.626348e+002
2.634000 3.624378e+002
2.636000 3.622412e+002
2.638000 3.620449e+002
2.640000 3.618491e+002
2.642000 3.616537e+002
2.644000 3.614587e+002
2.646000 3.612641e+002
2.648000 3.610699e+002
2.650000 3.608760e+002
2.652000 3.606826e+002
2.654000 3.604896e+002
2.656000 3.602970e+002
2.658000 3.601048e+002
2.660000 3.599130e+002
2.662000 3.597217e+002
2.664000 3.595307e+002
2.666000 3.593401e+002
2.668000 3.591499e+002
2.670000 3.589601e+002
2.672000 3.587708e+002
2.674000 3.585818e+002
2.676000 3.583933e+002
2.678000 3.582051e+002
2.680000 3.580174e+002
2.682000 3.578300e+002
2.684000 3.576431e+002
2.686000 3.574565e+002
2.688000 3.572704e+002
2.690000 3.570847e+002
2.692000 3.568994e+002
2.694000 3.567145e+002
2.696000 3.565300e+002
2.698000 3.563459e+002
2.700000 3.561622e+002
2.702000 3.559789e+002
2.704000 3.557960e+002
2.706000 3.556135e+002
2.708000 3.554315e+002
2.710000 3.552498e+002
2.712000 3.550685e+002
2.714000 3.548877e+002
2.716000 3.547072e+002
2.718000 3.545272e+002
2.720000 3.543476e+002
2.722000 3.541683e+002
2.724000 3.539895e+002
2.726000 3.538111e+002
2.728000 3.536331e+002
2.730000 3.534555e+002
2.732000 3.532783e+002
2.734000 3.531015e+002
2.736000 3.529251e+002
2.738000 3.527491e+002
2.740000 3.525735e+002
2.742000 3.523984e+002
2.744000 3.522236e+002
2.746000 3.520493e+002
2.748000 3.518753e+002
2.750000 3.517018e+002
2.752000 3.515286e+002
2.754000 3.513559e+002
2.756000 3.511835e+002
2.758000 3.510116e+002
2.760000 3.508401e+002
2.762000 3.506690e+002
2.764000 3.504983e+002
2.766000 3.503280e+002
2.768000 3.501580e+002
2.770000 3.499885e+002
2.772000 3.498195e+002
2.774000 3.496508e+002
2.776000 3.494825e+002
2.778000 3.493146e+002
2.780000 3.491471e+002
2.782000 3.489800e+002
2.784000 3.488134e+002
2.786000 3.486471e+002
2.788000 3.484812e+002
2.790000 3.483158e+002
2.792000 3.481507e+002
2.794000 3.479861e+002
2.796000 3.478218e+002
2.798000 3.476580e+002
2.800000 3.474945e+002
2.802000 3.473315e+002
2.804000 3.471688e+002
2.806000 3.470066e+002
2.808000 3.468447e+002
2.810000 3.466833e+002
2.812000 3.465223e+002
2.814000 3.463616e+002
2.816000 3.462014e+002
2.818000 3.460416e+002
2.820000 3.458821e+002
2.822000 3.457231e+002
2.824000 3.455645e+002
2.826000 3.454062e+002
2.828000 3.452484e+002
2.830000 3.450910e+002
2.832000 3.449339e+002
2.834000 3.447773e+002
2.836000 3.446211e+002
2.838000 3.444652e+002
2.840000 3.443098e+002
2.842000 3.441547e+002
2.844000 3.440001e+002
2.846000 3.438459e+002
2.848000 3.436920e+002
2.850000 3.435386e+002
2.852000 3.433855e+002
2.854000 3.432328e+002
2.856000 3.430806e+002
2.858000 3.429287e+002
2.860000 3.427772e+002
2.862000 3.426262e+002
2.864000 3.424755e+002
2.866000 3.423252e+002
2.868000 3.421753e+002
2.870000 3.420258e+002
2.872000 3.418767e+002
2.874000 3.417280e+002
2.876000 3.415797e+002
2.878000 3.414318e+002
2.880000 3.412842e+002
2.882000 3.411371e+002
2.884000 3.409903e+002
2.886000 3.408440e+002
2.888000 3.406980e+002
2.890000 3.405525e+002
2.892000 3.404073e+002
2.894000 3.402625e+002
2.896000 3.401181e+002
2.898000 3.399741e+002
2.900000 3.398305e+002
2.902000 3.396872e+002
2.904000 3.395444e+002
2.906000 3.394019e+002
2.908000 3.392599e+002
2.910000 3.391182e+002
2.912000 3.389769e+002
2.914000 3.388360e+002
2.916000 3.386955e+002
2.918000 3.385554e+002
2.920000 3.384156e+002
2.922000 3.382763e+002
2.924000 3.381373e+002
2.926000 3.379987e+002
2.928000 3.378605e+002
2.930000 3.377227e+002
2.932000 3.375853e+002
2.934000 3.374482e+002
2.936000 3.373116e+002
2.938000 3.371753e+002
2.940000 3.370394e+002
2.942000 3.369039e+002
2.944000 3.367687e+002
2.946000 3.366340e+002
2.948000 3.364996e+002
2.950000 3.363656e+002
2.952000 3.362320e+002
2.954000 3.360988e+002
2.956000 3.359659e+002
2.958000 3.358334e+002
2.960000 3.357013e+002
2.962000 3.355696e+002
2.964000 3.354383e+002
2.966000 3.353073e+002
2.968000 3.351767e+002
2.970000 3.350465e+002
2.972000 3.349167e+002
2.974000 3.347872e+002
2.976000 3.346581e+002
2.978000 3.345294e+002
2.980000 3.344011e+002
2.982000 3.342731e+002
2.984000 3.341455e+002
2.986000 3.340183e+002
2.988000 3.338915e+002
2.990000 3.337650e+002
2.992000 3.336389e+002
2.994000 3.335132e+002
2.996000 3.333878e+002
2.998000 3.332628e+002
3.000000 3.331382e+002
3.002000 3.330139e+002
3.004000 3.328901e+002
3.006000 3.327666e+002
3.008000 3.326434e+002
3.010000 3.325206e+002
3.012000 3.323982e+002
3.014000 3.322762e+002
3.016000 3.321545e+002
3.018000 3.320332e+002
3.020000 3.319123e+002
3.022000 3.317917e+002
3.024000 3.316715e+002
3.026000 3.315516e+002
3.028000 3.314321e+002
3.030000 3.313130e+002
3.032000 3.311942e+002
3.034000 3.310758e+002
3.036000 3.309578e+002
3.038000 3.308401e+002
3.040000 3.307228e+002
3.042000 3.306058e+002
3.044000 3.304892e+002
3.046000 3.303730e+002
3.048000 3.302571e+002
3.050000 3.301416e+002
3.052000 3.300264e+002
3.054000 3.299116e+002
3.056000 3.297971e+002
3.058000 3.296831e+002
3.060000 3.295693e+002
3.062000 3.294559e+002
3.064000 3.293429e+002
3.066000 3.292302e+002
3.068000 3.291179e+002
3.070000 3.290059e+002
3.072000 3.288943e+002
3.074000 3.287830e+002
3.076000 3.286721e+002
3.078000 3.285615e+002
3.080000 3.284513e+002
3.082000 3.283415e+002
3.084000 3.282320e+002
3.086000 3.281228e+002
3.088000 3.280140e+002
3.090000 3.279055e+002
3.092000 3.277974e+002
3.094000 3.276896e+002
3.096000 3.275822e+002
3.098000 3.274751e+002
3.100000 3.273684e+002
3.102000 3.272620e+002
3.104000 3.271559e+002
3.106000 3.270502e+002
3.108000 3.269448e+002
3.110000 3.268398e+002
3.112000 3.267351e+002
3.114000 3.266308e+002
3.116000 3.265268e+002
3.118000 3.264232e+002
3.120000 3.263198e+002
3.122000 3.262169e+002
3.124000 3.261142e+002
3.126000 3.260119e+002
3.128000 3.259100e+002
3.130000 3.258083e+002
3.132000 3.257071e+002
3.134000 3.256061e+002
3.136000 3.255055e+002
3.138000 3.254052e+002
3.140000 3.253053e+002
3.142000 3.252057e+002
3.144000 3.251064e+002
3.146000 3.250074e+002
3.148000 3.249088e+002
3.150000 3.248105e+002
3.152000 3.247126e+002
3.154000 3.246150e+002
3.156000 3.245177e+002
3.158000 3.244207e+002
3.160000 3.243241e+002
3.162000 3.242278e+002
3.164000 3.241318e+002
3.166000 3.240362e+002
3.168000 3.239409e+002
3.170000 3.238459e+002
3.172000 3.237512e+002
3.174000 3.236569e+002
3.176000 3.235629e+002
3.178000 3.234692e+002
3.180000 3.233758e+002
3.182000 3.232827e+002
3.184000 3.231900e+002
3.186000 3.230976e+002
3.188000 3.230055e+002
3.190000 3.229138e+002
3.192000 3.228223e+002
3.194000 3.227312e+002
3.196000 3.226404e+002
3.198000 3.225499e+002
3.200000 3.224598e+002
3.202000 3.223699e+002
3.204000 3.222804e+002
3.206000 3.221912e+002
3.208000 3.221023e+002
3.210000 3.220137e+002
3.212000 3.219255e+002
3.214000 3.218375e+002
3.216000 3.217499e+002
3.218000 3.216625e+002
3.220000 3.215755e+002
3.222000 3.214888e+002
3.224000 3.214024e+002
3.226000 3.213164e+002
3.228000 3.212306e+002
3.230000 3.211451e+002
3.232000 3.210600e+002
3.234000 3.209751e+002
3.236000 3.208906e+002
3.238000 3.208064e+002
3.240000 3.207225e+002
3.242000 3.206388e+002
3.244000 3.205555e+002
3.246000 3.204725e+002
3.248000 3.203898e+002
3.250000 3.203074e+002
3.252000 3.202254e+002
3.254000 3.201436e+002
3.256000 3.200621e+002
3.258000 3.199809e+002
3.260000 3.199000e+002
3.262000 3.198194e+002
3.264000 3.197392e+002
3.266000 3.196592e+002
3.268000 3.195795e+002
3.270000 3.195001e+002
3.272000 3.194210e+002
3.274000 3.193422e+002
3.276000 3.192637e+002
3.278000 3.191855e+002
3.280000 3.191076e+002
3.282000 3.190300e+002
3.284000 3.189527e+002
3.286000 3.188757e+002
3.288000 3.187990e+002
3.290000 3.187226e+002
3.292000 3.186464e+002
3.294000 3.185706e+002
3.296000 3.184950e+002
3.298000 3.184198e+002
3.300000 3.183448e+002
3.302000 3.182701e+002
3.304000 3.181957e+002
3.306000 3.181216e+002
3.308000 3.180478e+002
3.310000 3.179742e+002
3.312000 3.179010e+002
3.314000 3.178280e+002
3.316000 3.177554e+002
3.318000 3.176830e+002
3.320000 3.176109e+002
3.322000 3.175390e+002
3.324000 3.174675e+002
3.326000 3.173962e+002
3.328000 3.173253e+002
3.330000 3.172546e+002
3.332000 3.171842e+002
3.334000 3.171140e+002
3.336000 3.170442e+002
3.338000 3.169746e+002
3.340000 3.169053e+002
3.342000 3.168363e+002
3.344000 3.167676e+002
3.346000 3.166991e+002
3.348000 3.166310e+002
3.350000 3.165631e+002
3.352000 3.164954e+002
3.354000 3.164281e+002
3.356000 3.163610e+002
3.358000 3.162942e+002
3.360000 3.162277e+002
3.362000 3.161614e+002
3.364000 3.160954e+002
3.366000 3.160297e+002
3.368000 3.159643e+002
3.370000 3.158991e+002
3.372000 3.158342e+002
3.374000 3.157696e+002
3.376000 3.157052e+002
3.378000 3.156411e+002
3.380000 3.155773e+002
3.382000 3.155137e+002
3.384000 3.154504e+002
3.386000 3.153874e+002
3.388000 3.153247e+002
3.390000 3.152622e+002
3.392000 3.151999e+002
3.394000 3.151380e+002
3.396000 3.150763e+002
3.398000 3.150148e+002
3.400000 3.149537e+002
3.402000 3.148928e+002
3.404000 3.148321e+002
3.406000 3.147717e+002
3.408000 3.147116e+002
3.410000 3.146517e+002
3.412000 3.145921e+002
3.414000 3.145328e+002
3.416000 3.144737e+002
3.418000 3.144149e+002
3.420000 3.143563e+002
3.422000 3.142980e+002
3.424000 3.142399e+002
3.426000 3.141821e+002
3.428000 3.141246e+002
3.430000 3.140673e+002
3.432000 3.140102e+002
3.434000 3.139534e+002
3.436000 3.138969e+002
3.438000 3.138406e+002
3.440000 3.137846e+002
3.442000 3.137288e+002
3.444000 3.136733e+002
3.446000 3.136181e+002
3.448000 3.135630e+002
3.450000 3.135083e+002
3.452000 3.134537e+002
3.454000 3.133995e+002
3.456000 3.133455e+002
3.458000 3.132917e+002
3.460000 3.132382e+002
3.462000 3.131849e+002
3.464000 3.131318e+002
3.466000 3.130791e+002
3.468000 3.130265e+002
3.470000 3.129742e+002
3.472000 3.129222e+002
3.474000 3.128704e+002
3.476000 3.128188e+002
3.478000 3.127675e+002
3.480000 3.127164e+002
3.482000 3.126656e+002
3.484000 3.126150e+002
3.486000 3.125646e+002
3.488000 3.125145e+002
3.490000 3.124646e+002
3.492000 3.124150e+002
3.494000 3.123656e+002
3.496000 3.123164e+002
3.498000 3.122675e+002
3.500000 3.122188e+002
3.502000 3.121704e+002
3.504000 3.121222e+002
3.506000 3.120742e+002
3.508000 3.120265e+002
3.510000 3.119790e+002
3.512000 3.119317e+002
3.514000 3.118847e+002
3.516000 3.118379e+002
3.518000 3.117913e+002
3.520000 3.117450e+002
3.522000 3.116989e+002
3.524000 3.116531e+002
3.526000 3.116074e+002
3.528000 3.115620e+002
3.530000 3.115169e+002
3.532000 3.114719e+002
3.534000 3.114272e+002
3.536000 3.113827e+002
3.538000 3.113385e+002
3.540000 3.112945e+002
3.542000 3.112507e+002
3.544000 3.112071e+002
3.546000 3.111638e+002
3.548000 3.111207e+002
3.550000 3.110778e+002
3.552000 3.110351e+002
3.554000 3.109927e+002
3.556000 3.109505e+002
3.558000 3.109085e+002
3.560000 3.108668e+002
3.562000 3.108252e+002
3.564000 3.107839e+002
3.566000 3.107428e+002
3.568000 3.107020e+002
3.570000 3.106613e+002
3.572000 3.106209e+002
3.574000 3.105807e+002
3.576000 3.105407e+002
3.578000 3.105010e+002
3.580000 3.104614e+002
3.582000 3.104221e+002
3.584000 3.103830e+002
3.586000 3.103441e+002
3.588000 3.103055e+002
3.590000 3.102670e+002
3.592000 3.102288e+002
3.594000 3.101908e+002
3.596000 3.101530e+002
3.598000 3.101154e+002
3.600000 3.100781e+002
3.602000 3.100409e+002
3.604000 3.100040e+002
3.606000 3.099673e+002
3.608000 3.099308e+002
3.610000 3.098945e+002
3.612000 3.098584e+002
3.614000 3.098226e+002
3.616000 3.097869e+002
3.618000 3.097515e+002
3.620000 3.097163e+002
3.622000 3.096813e+002
3.624000 3.096465e+002
3.626000 3.096119e+002
3.628000 3.095775e+002
3.630000 3.095433e+002
3.632000 3.095094e+002
3.634000 3.094756e+002
3.636000 3.094421e+002
3.638000 3.094088e+002
3.640000 3.093756e+002
3.642000 3.093427e+002
3.644000 3.093100e+002
3.646000 3.092775e+002
3.648000 3.092452e+002
3.650000 3.092132e+002
3.652000 3.091813e+002
3.654000 3.091496e+002
3.656000 3.091181e+002
3.658000 3.090869e+002
3.660000 3.090558e+002
3.662000 3.090250e+002
3.664000 3.089943e+002
3.666000 3.089639e+002
3.668000 3.089336e+002
3.670000 3.089036e+002
3.672000 3.088738e+002
3.674000 3.088441e+002
3.676000 3.088147e+002
3.678000 3.087855e+002
3.680000 3.087565e+002
3.682000 3.087276e+002
3.684000 3.086990e+002
3.686000 3.086706e+002
3.688000 3.086424e+002
3.690000 3.086143e+002
3.692000 3.085865e+002
3.694000 3.085589e+002
3.696000 3.085315e+002
3.698000 3.085042e+002
3.700000 3.084772e+002
3.702000 3.084504e+002
3.704000 3.084237e+002
3.706000 3.083973e+002
3.708000 3.083711e+002
3.710000 3.083450e+002
3.712000 3.083192e+002
3.714000 3.082935e+002
3.716000 3.082681e+002
3.718000 3.082428e+002
3.720000 3.082178e+002
3.722000 3.081929e+002
3.724000 3.081682e+002
3.726000 3.081437e+002
3.728000 3.081195e+002
3.730000 3.080954e+002
3.732000 3.080715e+002
3.734000 3.080478e+002
3.736000 3.080242e+002
3.738000 3.080009e+002
3.740000 3.079778e+002
3.742000 3.079549e+002
3.744000 3.079321e+002
3.746000 3.079096e+002
3.748000 3.078872e+002
3.750000 3.078651e+002
3.752000 3.078431e+002
3.754000 3.078213e+002
3.756000 3.077997e+002
3.758000 3.077783e+002
3.760000 3.077571e+002
3.762000 3.077361e+002
3.764000 3.077152e+002
3.766000 3.076946e+002
3.768000 3.076741e+002
3.770000 3.076538e+002
3.772000 3.076338e+002
3.774000 3.076139e+002
3.776000 3.075942e+002
3.778000 3.075746e+002
3.780000 3.075553e+002
3.782000 3.075362e+002
3.784000 3.075172e+002
3.786000 3.074984e+002
3.788000 3.074799e+002
3.790000 3.074615e+002
3.792000 3.074433e+002
3.794000 3.074252e+002
3.796000 3.074074e+002
3.798000 3.073897e+002
3.800000 3.073723e+002
3.802000 3.073550e+002
3.804000 3.073379e+002
3.806000 3.073210e+002
3.808000 3.073043e+002
3.810000 3.072877e+002
3.812000 3.072714e+002
3.814000 3.072552e+002
3.816000 3.072392e+002
3.818000 3.072234e+002
3.820000 3.072077e+002
3.822000 3.071923e+002
3.824000 3.071770e+002
3.826000 3.071620e+002
3.828000 3.071471e+002
3.830000 3.071324e+002
3.832000 3.071178e+002
3.834000 3.071035e+002
3.836000 3.070893e+002
3.838000 3.070753e+002
3.840000 3.070615e+002
3.842000 3.070479e+002
3.844000 3.070345e+002
3.846000 3.070212e+002
3.848000 3.070081e+002
3.850000 3.069952e+002
3.852000 3.069825e+002
3.854000 3.069700e+002
3.856000 3.069576e+002
3.858000 3.069454e+002
3.860000 3.069334e+002
3.862000 3.069216e+002
3.864000 3.069100e+002
3.866000 3.068985e+002
3.868000 3.068872e+002
3.870000 3.068761e+002
3.872000 3.068652e+002
3.874000 3.068545e+002
3.876000 3.068439e+002
3.878000 3.068335e+002
3.880000 3.068233e+002
3.882000 3.068133e+002
3.884000 3.068034e+002
3.886000 3.067937e+002
3.888000 3.067843e+002
3.890000 3.067749e+002
3.892000 3.067658e+002
3.894000 3.067568e+002
3.896000 3.067481e+002
3.898000 3.067394e+002
3.900000 3.067310e+002
3.902000 3.067228e+002
3.904000 3.067147e+002
3.906000 3.067068e+002
3.908000 3.066991e+002
3.910000 3.066915e+002
3.912000 3.066842e+002
3.914000 3.066770e+002
3.916000 3.066700e+002
3.918000 3.066631e+002
3.920000 3.066565e+002
3.922000 3.066500e+002
3.924000 3.066437e+002
3.926000 3.066375e+002
3.928000 3.066316e+002
3.930000 3.066258e+002
3.932000 3.066202e+002
3.934000 3.066148e+002
3.936000 3.066095e+002
3.938000 3.066044e+002
3.940000 3.065995e+002
3.942000 3.065948e+002
3.944000 3.065903e+002
3.946000 3.065859e+002
3.948000 3.065817e+002
3.950000 3.065777e+002
3.952000 3.065738e+002
3.954000 3.065701e+002
3.956000 3.065666e+002
3.958000 3.065633e+002
3.960000 3.065602e+002
3.962000 3.065572e+002
3.964000 3.065544e+002
3.966000 3.065518e+002
3.968000 3.065493e+002
3.970000 3.065470e+002
3.972000 3.065450e+002
3.974000 3.065430e+002
3.976000 3.065413e+002
3.978000 3.065397e+002
3.980000 3.065383e+002
3.982000 3.065371e+002
3.984000 3.065360e+002
3.986000 3.065352e+002
3.988000 3.065345e+002
3.990000 3.065339e+002
3.992000 3.065336e+002
3.994000 3.065334e+002
3.996000 3.065334e+002
3.998000 3.000000e+002
