0.000000 3.284455e+002
0.002000 3.315869e+002
0.004000 3.347276e+002
0.006000 3.378674e+002
0.008000 3.410063e+002
0.010000 3.441441e+002
0.012000 3.472809e+002
0.014000 3.504166e+002
0.016000 3.535510e+002
0.018000 3.566841e+002
0.020000 3.598159e+002
0.022000 3.629461e+002
0.024000 3.660749e+002
0.026000 3.692020e+002
0.028000 3.723274e+002
0.030000 3.754511e+002
0.032000 3.785729e+002
0.034000 3.816928e+002
0.036000 3.848106e+002
0.038000 3.879265e+002
0.040000 3.910401e+002
0.042000 3.941515e+002
0.044000 3.972607e+002
0.046000 4.003674e+002
0.048000 4.034717e+002
0.050000 4.065735e+002
0.052000 4.096726e+002
0.054000 4.127691e+002
0.056000 4.158628e+002
0.058000 4.189537e+002
0.060000 4.220417e+002
0.062000 4.251267e+002
0.064000 4.282086e+002
0.066000 4.312874e+002
0.068000 4.343630e+002
0.070000 4.374353e+002
0.072000 4.405042e+002
0.074000 4.435697e+002
0.076000 4.466317e+002
0.078000 4.496901e+002
0.080000 4.527449e+002
0.082000 4.557959e+002
0.084000 4.588432e+002
0.086000 4.618865e+002
0.088000 4.649259e+002
0.090000 4.679613e+002
0.092000 4.709926e+002
0.094000 4.740197e+002
0.096000 4.770426e+002
0.098000 4.800611e+002
0.100000 4.830753e+002
0.102000 4.860850e+002
0.104000 4.890902e+002
0.106000 4.920908e+002
0.108000 4.950867e+002
0.110000 4.980778e+002
0.112000 5.010641e+002
0.114000 5.040456e+002
0.116000 5.070221e+002
0.118000 5.099935e+002
0.120000 5.129599e+002
0.122000 5.159210e+002
0.124000 5.188770e+002
0.126000 5.218276e+002
0.128000 5.247728e+002
0.130000 5.277126e+002
0.132000 5.306469e+002
0.134000 5.335755e+002
0.136000 5.364985e+002
0.138000 5.394158e+002
0.140000 5.423273e+002
0.142000 5.452329e+002
0.144000 5.481326e+002
0.146000 5.510263e+002
0.148000 5.539139e+002
0.150000 5.567953e+002
0.152000 5.596706e+002
0.154000 5.625396e+002
0.156000 5.654023e+002
0.158000 5.682585e+002
0.160000 5.711083e+002
0.162000 5.739516e+002
0.164000 5.767882e+002
0.166000 5.796182e+002
0.168000 5.824415e+002
0.170000 5.852579e+002
0.172000 5.880675e+002
0.174000 5.908702e+002
0.176000 5.936658e+002
0.178000 5.964545e+002
0.180000 5.992360e+002
0.182000 6.020103e+002
0.184000 6.047774e+002
0.186000 6.075371e+002
0.188000 6.102895e+002
0.190000 6.130345e+002
0.192000 6.157720e+002
0.194000 6.185019e+002
0.196000 6.212242e+002
0.198000 6.239388e+002
0.200000 6.266457e+002
0.202000 6.293448e+002
0.204000 6.320360e+002
0.206000 6.347194e+002
0.208000 6.373947e+002
0.210000 6.400620e+002
0.212000 6.427212e+002
0.214000 6.453723e+002
0.216000 6.480151e+002
0.218000 6.506497e+002
0.220000 6.532759e+002
0.222000 6.558937e+002
0.224000 6.585032e+002
0.226000 6.611041e+002
0.228000 6.636964e+002
0.230000 6.662802e+002
0.232000 6.688552e+002
0.234000 6.714216e+002
0.236000 6.739792e+002
0.238000 6.765279e+002
0.240000 6.790678e+002
0.242000 6.815987e+002
0.244000 6.841206e+002
0.246000 6.866335e+002
0.248000 6.891372e+002
0.250000 6.916318e+002
0.252000 6.941172e+002
0.254000 6.965934e+002
0.256000 6.990602e+002
0.258000 7.015177e+002
0.260000 7.039658e+002
0.262000 7.064044e+002
0.264000 7.088334e+002
0.266000 7.112530e+002
0.268000 7.136629e+002
0.270000 7.160631e+002
0.272000 7.184537e+002
0.274000 7.208344e+002
0.276000 7.232054e+002
0.278000 7.255665e+002
0.280000 7.279177e+002
0.282000 7.302590e+002
0.284000 7.325903e+002
0.286000 7.349115e+002
0.288000 7.372226e+002
0.290000 7.395236e+002
0.292000 7.418145e+002
0.294000 7.440951e+002
0.296000 7.463654e+002
0.298000 7.486254e+002
0.300000 7.508751e+002
0.302000 7.531143e+002
0.304000 7.553432e+002
0.306000 7.575615e+002
0.308000 7.597693e+002
0.310000 7.619666e+002
0.312000 7.641532e+002
0.314000 7.663292e+002
0.316000 7.684945e+002
0.318000 7.706491e+002
0.320000 7.727929e+002
0.322000 7.749259e+002
0.324000 7.770480e+002
0.326000 7.791592e+002
0.328000 7.812596e+002
0.330000 7.833489e+002
0.332000 7.854273e+002
0.334000 7.874946e+002
0.336000 7.895509e+002
0.338000 7.915960e+002
0.340000 7.936300e+002
0.342000 7.956528e+002
0.344000 7.976644e+002
0.346000 7.996648e+002
0.348000 8.016539e+002
0.350000 8.036316e+002
0.352000 8.055980e+002
0.354000 8.075530e+002
0.356000 8.094966e+002
0.358000 8.114287e+002
0.360000 8.133494e+002
0.362000 8.152586e+002
0.364000 8.171562e+002
0.366000 8.190422e+002
0.368000 8.209167e+002
0.370000 8.227795e+002
0.372000 8.246306e+002
0.374000 8.264700e+002
0.376000 8.282978e+002
0.378000 8.301138e+002
0.380000 8.319180e+002
0.382000 8.337104e+002
0.384000 8.354910e+002
0.386000 8.372597e+002
0.388000 8.390165e+002
0.390000 8.407615e+002
0.392000 8.424945e+002
0.394000 8.442156e+002
0.396000 8.459246e+002
0.398000 8.476217e+002
0.400000 8.493068e+002
0.402000 8.509798e+002
0.404000 8.526407e+002
0.406000 8.542895e+002
0.408000 8.559263e+002
0.410000 8.575508e+002
0.412000 8.591633e+002
0.414000 8.607635e+002
0.416000 8.623516e+002
0.418000 8.639274e+002
0.420000 8.654910e+002
0.422000 8.670424e+002
0.424000 8.685814e+002
0.426000 8.701082e+002
0.428000 8.716227e+002
0.430000 8.731248e+002
0.432000 8.746146e+002
0.434000 8.760921e+002
0.436000 8.775572e+002
0.438000 8.790099e+002
0.440000 8.804502e+002
0.442000 8.818780e+002
0.444000 8.832935e+002
0.446000 8.846965e+002
0.448000 8.860870e+002
0.450000 8.874651e+002
0.452000 8.888306e+002
0.454000 8.901837e+002
0.456000 8.915243e+002
0.458000 8.928524e+002
0.460000 8.941679e+002
0.462000 8.954709e+002
0.464000 8.967614e+002
0.466000 8.980393e+002
0.468000 8.993046e+002
0.470000 9.005573e+002
0.472000 9.017975e+002
0.474000 9.030251e+002
0.476000 9.042401e+002
0.478000 9.054424e+002
0.480000 9.066322e+002
0.482000 9.078093e+002
0.484000 9.089739e+002
0.486000 9.101258e+002
0.488000 9.112650e+002
0.490000 9.123917e+002
0.492000 9.135057e+002
0.494000 9.146070e+002
0.496000 9.156957e+002
0.498000 9.167717e+002
0.500000 9.178351e+002
0.502000 9.188859e+002
0.504000 9.199240e+002
0.506000 9.209494e+002
0.508000 9.219622e+002
0.510000 9.229623e+002
0.512000 9.239498e+002
0.514000 9.249246e+002
0.516000 9.258867e+002
0.518000 9.268362e+002
0.520000 9.277731e+002
0.522000 9.286972e+002
0.524000 9.296088e+002
0.526000 9.305077e+002
0.528000 9.313940e+002
0.530000 9.322676e+002
0.532000 9.331286e+002
0.534000 9.339770e+002
0.536000 9.348127e+002
0.538000 9.356358e+002
0.540000 9.364464e+002
0.542000 9.372443e+002
0.544000 9.380296e+002
0.546000 9.388023e+002
0.548000 9.395625e+002
0.550000 9.403100e+002
0.552000 9.410450e+002
0.554000 9.417675e+002
0.556000 9.424774e+002
0.558000 9.431747e+002
0.560000 9.438595e+002
0.562000 9.445318e+002
0.564000 9.451916e+002
0.566000 9.458389e+002
0.568000 9.464737e+002
0.570000 9.470960e+002
0.572000 9.477059e+002
0.574000 9.483033e+002
0.576000 9.488883e+002
0.578000 9.494608e+002
0.580000 9.500209e+002
0.582000 9.505687e+002
0.584000 9.511040e+002
0.586000 9.516270e+002
0.588000 9.521376e+002
0.590000 9.526359e+002
0.592000 9.531219e+002
0.594000 9.535956e+002
0.596000 9.540569e+002
0.598000 9.545060e+002
0.600000 9.549429e+002
0.602000 9.553675e+002
0.604000 9.557799e+002
0.606000 9.561800e+002
0.608000 9.565680e+002
0.610000 9.569439e+002
0.612000 9.573076e+002
0.614000 9.576591e+002
0.616000 9.579986e+002
0.618000 9.583260e+002
0.620000 9.586413e+002
0.622000 9.589445e+002
0.624000 9.592358e+002
0.626000 9.595150e+002
0.628000 9.597823e+002
0.630000 9.600376e+002
0.632000 9.602810e+002
0.634000 9.605124e+002
0.636000 9.607320e+002
0.638000 9.609398e+002
0.640000 9.611356e+002
0.642000 9.613197e+002
0.644000 9.614920e+002
0.646000 9.616525e+002
0.648000 9.618013e+002
0.650000 9.619384e+002
0.652000 9.620638e+002
0.654000 9.621775e+002
0.656000 9.622796e+002
0.658000 9.623701e+002
0.660000 9.624490e+002
0.662000 9.625163e+002
0.664000 9.625722e+002
0.666000 9.626165e+002
0.668000 9.626494e+002
0.670000 9.626708e+002
0.672000 9.626808e+002
0.674000 9.626795e+002
0.676000 9.626668e+002
0.678000 9.626428e+002
0.680000 9.626074e+002
0.682000 9.625609e+002
0.684000 9.625031e+002
0.686000 9.624341e+002
0.688000 9.623539e+002
0.690000 9.622627e+002
0.692000 9.621603e+002
0.694000 9.620468e+002
0.696000 9.619223e+002
0.698000 9.617868e+002
0.700000 9.616404e+002
0.702000 9.614830e+002
0.704000 9.613147e+002
0.706000 9.611355e+002
0.708000 9.609455e+002
0.710000 9.607447e+002
0.712000 9.605332e+002
0.714000 9.603109e+002
0.716000 9.600779e+002
0.718000 9.598343e+002
0.720000 9.595800e+002
0.722000 9.593151e+002
0.724000 9.590397e+002
0.726000 9.587538e+002
0.728000 9.584574e+002
0.730000 9.581506e+002
0.732000 9.578334e+002
0.734000 9.575058e+002
0.736000 9.571678e+002
0.738000 9.568196e+002
0.740000 9.564611e+002
0.742000 9.560925e+002
0.744000 9.557136e+002
0.746000 9.553246e+002
0.748000 9.549256e+002
0.750000 9.545164e+002
0.752000 9.540973e+002
0.754000 9.536681e+002
0.756000 9.532291e+002
0.758000 9.527801e+002
0.760000 9.523213e+002
0.762000 9.518527e+002
0.764000 9.513743e+002
0.766000 9.508861e+002
0.768000 9.503883e+002
0.770000 9.498808e+002
0.772000 9.493637e+002
0.774000 9.488371e+002
0.776000 9.483009e+002
0.778000 9.477552e+002
0.780000 9.472001e+002
0.782000 9.466356e+002
0.784000 9.460618e+002
0.786000 9.454786e+002
0.788000 9.448862e+002
0.790000 9.442845e+002
0.792000 9.436737e+002
0.794000 9.430537e+002
0.796000 9.424247e+002
0.798000 9.417866e+002
0.800000 9.411395e+002
0.802000 9.404834e+002
0.804000 9.398184e+002
0.806000 9.391445e+002
0.808000 9.384618e+002
0.810000 9.377704e+002
0.812000 9.370702e+002
0.814000 9.363613e+002
0.816000 9.356437e+002
0.818000 9.349176e+002
0.820000 9.341829e+002
0.822000 9.334397e+002
0.824000 9.326881e+002
0.826000 9.319280e+002
0.828000 9.311596e+002
0.830000 9.303828e+002
0.832000 9.295978e+002
0.834000 9.288045e+002
0.836000 9.280031e+002
0.838000 9.271935e+002
0.840000 9.263759e+002
0.842000 9.255502e+002
0.844000 9.247165e+002
0.846000 9.238748e+002
0.848000 9.230253e+002
0.850000 9.221679e+002
0.852000 9.213027e+002
0.854000 9.204298e+002
0.856000 9.195492e+002
0.858000 9.186609e+002
0.860000 9.177650e+002
0.862000 9.168615e+002
0.864000 9.159506e+002
0.866000 9.150321e+002
0.868000 9.141063e+002
0.870000 9.131731e+002
0.872000 9.122325e+002
0.874000 9.112847e+002
0.876000 9.103297e+002
0.878000 9.093675e+002
0.880000 9.083982e+002
0.882000 9.074219e+002
0.884000 9.064385e+002
0.886000 9.054481e+002
0.888000 9.044508e+002
0.890000 9.034467e+002
0.892000 9.024357e+002
0.894000 9.014179e+002
0.896000 9.003934e+002
0.898000 8.993623e+002
0.900000 8.983245e+002
0.902000 8.972802e+002
0.904000 8.962293e+002
0.906000 8.951720e+002
0.908000 8.941082e+002
0.910000 8.930380e+002
0.912000 8.919616e+002
0.914000 8.908788e+002
0.916000 8.897899e+002
0.918000 8.886947e+002
0.920000 8.875935e+002
0.922000 8.864862e+002
0.924000 8.853728e+002
0.926000 8.842535e+002
0.928000 8.831283e+002
0.930000 8.819972e+002
0.932000 8.808602e+002
0.934000 8.797175e+002
0.936000 8.785691e+002
0.938000 8.774151e+002
0.940000 8.762554e+002
0.942000 8.750901e+002
0.944000 8.739193e+002
0.946000 8.727431e+002
0.948000 8.715614e+002
0.950000 8.703744e+002
0.952000 8.691821e+002
0.954000 8.679845e+002
0.956000 8.667817e+002
0.958000 8.655737e+002
0.960000 8.643606e+002
0.962000 8.631425e+002
0.964000 8.619194e+002
0.966000 8.606913e+002
0.968000 8.594583e+002
0.970000 8.582204e+002
0.972000 8.569777e+002
0.974000 8.557303e+002
0.976000 8.544782e+002
0.978000 8.532214e+002
0.980000 8.519600e+002
0.982000 8.506940e+002
0.984000 8.494236e+002
0.986000 8.481487e+002
0.988000 8.468694e+002
0.990000 8.455857e+002
0.992000 8.442977e+002
0.994000 8.430055e+002
0.996000 8.417091e+002
0.998000 8.404085e+002
1.000000 8.391039e+002
1.002000 8.377951e+002
1.004000 8.364824e+002
1.006000 8.351657e+002
1.008000 8.338452e+002
1.010000 8.325207e+002
1.012000 8.311925e+002
1.014000 8.298605e+002
1.016000 8.285248e+002
1.018000 8.271855e+002
1.020000 8.258425e+002
1.022000 8.244960e+002
1.024000 8.231460e+002
1.026000 8.217926e+002
1.028000 8.204357e+002
1.030000 8.190755e+002
1.032000 8.177120e+002
1.034000 8.163452e+002
1.036000 8.149752e+002
1.038000 8.136020e+002
1.040000 8.122258e+002
1.042000 8.108464e+002
1.044000 8.094641e+002
1.046000 8.080788e+002
1.048000 8.066906e+002
1.050000 8.052995e+002
1.052000 8.039055e+002
1.054000 8.025089e+002
1.056000 8.011094e+002
1.058000 7.997074e+002
1.060000 7.983026e+002
1.062000 7.968953e+002
1.064000 7.954855e+002
1.066000 7.940732e+002
1.068000 7.926584e+002
1.070000 7.912413e+002
1.072000 7.898218e+002
1.074000 7.884000e+002
1.076000 7.869760e+002
1.078000 7.855497e+002
1.080000 7.841213e+002
1.082000 7.826908e+002
1.084000 7.812583e+002
1.086000 7.798237e+002
1.088000 7.783871e+002
1.090000 7.769487e+002
1.092000 7.755083e+002
1.094000 7.740661e+002
1.096000 7.726222e+002
1.098000 7.711765e+002
1.100000 7.697291e+002
1.102000 7.682800e+002
1.104000 7.668294e+002
1.106000 7.653772e+002
1.108000 7.639234e+002
1.110000 7.624683e+002
1.112000 7.610117e+002
1.114000 7.595537e+002
1.116000 7.580944e+002
1.118000 7.566337e+002
1.120000 7.551719e+002
1.122000 7.537088e+002
1.124000 7.522446e+002
1.126000 7.507793e+002
1.128000 7.493129e+002
1.130000 7.478455e+002
1.132000 7.463771e+002
1.134000 7.449078e+002
1.136000 7.434375e+002
1.138000 7.419664e+002
1.140000 7.404945e+002
1.142000 7.390219e+002
1.144000 7.375485e+002
1.146000 7.360744e+002
1.148000 7.345997e+002
1.150000 7.331244e+002
1.152000 7.316485e+002
1.154000 7.301721e+002
1.156000 7.286953e+002
1.158000 7.272180e+002
1.160000 7.257403e+002
1.162000 7.242623e+002
1.164000 7.227839e+002
1.166000 7.213053e+002
1.168000 7.198265e+002
1.170000 7.183474e+002
1.172000 7.168683e+002
1.174000 7.153890e+002
1.176000 7.139096e+002
1.178000 7.124302e+002
1.180000 7.109509e+002
1.182000 7.094715e+002
1.184000 7.079923e+002
1.186000 7.065132e+002
1.188000 7.050343e+002
1.190000 7.035555e+002
1.192000 7.020770e+002
1.194000 7.005988e+002
1.196000 6.991209e+002
1.198000 6.976434e+002
1.200000 6.961663e+002
1.202000 6.946896e+002
1.204000 6.932133e+002
1.206000 6.917376e+002
1.208000 6.902624e+002
1.210000 6.887878e+002
1.212000 6.873138e+002
1.214000 6.858405e+002
1.216000 6.843679e+002
1.218000 6.828959e+002
1.220000 6.814248e+002
1.222000 6.799544e+002
1.224000 6.784849e+002
1.226000 6.770162e+002
1.228000 6.755485e+002
1.230000 6.740816e+002
1.232000 6.726158e+002
1.234000 6.711509e+002
1.236000 6.696871e+002
1.238000 6.682244e+002
1.240000 6.667628e+002
1.242000 6.653023e+002
1.244000 6.638430e+002
1.246000 6.623848e+002
1.248000 6.609280e+002
1.250000 6.594724e+002
1.252000 6.580181e+002
1.254000 6.565652e+002
1.256000 6.551136e+002
1.258000 6.536634e+002
1.260000 6.522147e+002
1.262000 6.507674e+002
1.264000 6.493216e+002
1.266000 6.478773e+002
1.268000 6.464346e+002
1.270000 6.449935e+002
1.272000 6.435541e+002
1.274000 6.421162e+002
1.276000 6.406801e+002
1.278000 6.392456e+002
1.280000 6.378129e+002
1.282000 6.363820e+002
1.284000 6.349528e+002
1.286000 6.335255e+002
1.288000 6.321001e+002
1.290000 6.306765e+002
1.292000 6.292549e+002
1.294000 6.278352e+002
1.296000 6.264174e+002
1.298000 6.250017e+002
1.300000 6.235880e+002
1.302000 6.221763e+002
1.304000 6.207667e+002
1.306000 6.193592e+002
1.308000 6.179539e+002
1.310000 6.165507e+002
1.312000 6.151497e+002
1.314000 6.137509e+002
1.316000 6.123543e+002
1.318000 6.109601e+002
1.320000 6.095681e+002
1.322000 6.081784e+002
1.324000 6.067910e+002
1.326000 6.054060e+002
1.328000 6.040235e+002
1.330000 6.026433e+002
1.332000 6.012655e+002
1.334000 5.998903e+002
1.336000 5.985175e+002
1.338000 5.971472e+002
1.340000 5.957794e+002
1.342000 5.944142e+002
1.344000 5.930516e+002
1.346000 5.916916e+002
1.348000 5.903342e+002
1.350000 5.889794e+002
1.352000 5.876274e+002
1.354000 5.862780e+002
1.356000 5.849313e+002
1.358000 5.835873e+002
1.360000 5.822461e+002
1.362000 5.809077e+002
1.364000 5.795721e+002
1.366000 5.782393e+002
1.368000 5.769093e+002
1.370000 5.755822e+002
1.372000 5.742580e+002
1.374000 5.729366e+002
1.376000 5.716182e+002
1.378000 5.703027e+002
1.380000 5.689901e+002
1.382000 5.676806e+002
1.384000 5.663740e+002
1.386000 5.650704e+002
1.388000 5.637699e+002
1.390000 5.624724e+002
1.392000 5.611780e+002
1.394000 5.598866e+002
1.396000 5.585984e+002
1.398000 5.573132e+002
1.400000 5.560312e+002
1.402000 5.547524e+002
1.404000 5.534767e+002
1.406000 5.522042e+002
1.408000 5.509349e+002
1.410000 5.496688e+002
1.412000 5.484060e+002
1.414000 5.471464e+002
1.416000 5.458900e+002
1.418000 5.446369e+002
1.420000 5.433872e+002
1.422000 5.421407e+002
1.424000 5.408975e+002
1.426000 5.396577e+002
1.428000 5.384213e+002
1.430000 5.371881e+002
1.432000 5.359584e+002
1.434000 5.347321e+002
1.436000 5.335092e+002
1.438000 5.322896e+002
1.440000 5.310736e+002
1.442000 5.298609e+002
1.444000 5.286517e+002
1.446000 5.274460e+002
1.448000 5.262438e+002
1.450000 5.250450e+002
1.452000 5.238498e+002
1.454000 5.226580e+002
1.456000 5.214698e+002
1.458000 5.202852e+002
1.460000 5.191040e+002
1.462000 5.179265e+002
1.464000 5.167525e+002
1.466000 5.155821e+002
1.468000 5.144152e+002
1.470000 5.132520e+002
1.472000 5.120924e+002
1.474000 5.109364e+002
1.476000 5.097841e+002
1.478000 5.086353e+002
1.480000 5.074902e+002
1.482000 5.063488e+002
1.484000 5.052111e+002
1.486000 5.040770e+002
1.488000 5.029466e+002
1.490000 5.018198e+002
1.492000 5.006968e+002
1.494000 4.995775e+002
1.496000 4.984619e+002
1.498000 4.973500e+002
1.500000 4.962419e+002
1.502000 4.951374e+002
1.504000 4.940367e+002
1.506000 4.929398e+002
1.508000 4.918466e+002
1.510000 4.907572e+002
1.512000 4.896716e+002
1.514000 4.885897e+002
1.516000 4.875116e+002
1.518000 4.864372e+002
1.520000 4.853667e+002
1.522000 4.843000e+002
1.524000 4.832370e+002
1.526000 4.821779e+002
1.528000 4.811226e+002
1.530000 4.800711e+002
1.532000 4.790234e+002
1.534000 4.779795e+002
1.536000 4.769394e+002
1.538000 4.759032e+002
1.540000 4.748708e+002
1.542000 4.738423e+002
1.544000 4.728176e+002
1.546000 4.717967e+002
1.548000 4.707797e+002
1.550000 4.697665e+002
1.552000 4.687572e+002
1.554000 4.677518e+002
1.556000 4.667501e+002
1.558000 4.657524e+002
1.560000 4.647585e+002
1.562000 4.637685e+002
1.564000 4.627823e+002
1.566000 4.618001e+002
1.568000 4.608216e+002
1.570000 4.598471e+002
1.572000 4.588764e+002
1.574000 4.579096e+002
1.576000 4.569467e+002
1.578000 4.559876e+002
1.580000 4.550324e+002
1.582000 4.540811e+002
1.584000 4.531337e+002
1.586000 4.521901e+002
1.588000 4.512504e+002
1.590000 4.503146e+002
1.592000 4.493827e+002
1.594000 4.484546e+002
1.596000 4.475304e+002
1.598000 4.466101e+002
1.600000 4.456936e+002
1.602000 4.447811e+002
1.604000 4.438724e+002
1.606000 4.429675e+002
1.608000 4.420665e+002
1.610000 4.411694e+002
1.612000 4.402762e+002
1.614000 4.393868e+002
1.616000 4.385013e+002
1.618000 4.376196e+002
1.620000 4.367418e+002
1.622000 4.358678e+002
1.624000 4.349977e+002
1.626000 4.341315e+002
1.628000 4.332690e+002
1.630000 4.324105e+002
1.632000 4.315557e+002
1.634000 4.307048e+002
1.636000 4.298578e+002
1.638000 4.290145e+002
1.640000 4.281751e+002
1.642000 4.273395e+002
1.644000 4.265078e+002
1.646000 4.256798e+002
1.648000 4.248556e+002
1.650000 4.240353e+002
1.652000 4.232188e+002
1.654000 4.224060e+002
1.656000 4.215971e+002
1.658000 4.207919e+002
1.660000 4.199906e+002
1.662000 4.191930e+002
1.664000 4.183991e+002
1.666000 4.176091e+002
1.668000 4.168228e+002
1.670000 4.160403e+002
1.672000 4.152615e+002
1.674000 4.144865e+002
1.676000 4.137152e+002
1.678000 4.129477e+002
1.680000 4.121839e+002
1.682000 4.114238e+002
1.684000 4.106674e+002
1.686000 4.099148e+002
1.688000 4.091658e+002
1.690000 4.084206e+002
1.692000 4.076790e+002
1.694000 4.069412e+002
1.696000 4.062070e+002
1.698000 4.054765e+002
1.700000 4.047497e+002
1.702000 4.040265e+002
1.704000 4.033070e+002
1.706000 4.025912e+002
1.708000 4.018789e+002
1.710000 4.011704e+002
1.712000 4.004654e+002
1.714000 3.997641e+002
1.716000 3.990664e+002
1.718000 3.983722e+002
1.720000 3.976817e+002
1.722000 3.969948e+002
1.724000 3.963114e+002
1.726000 3.956317e+002
1.728000 3.949555e+002
1.730000 3.942828e+002
1.732000 3.936137e+002
1.734000 3.929482e+002
1.736000 3.922861e+002
1.738000 3.916276e+002
1.740000 3.909727e+002
1.742000 3.903212e+002
1.744000 3.896732e+002
1.746000 3.890288e+002
1.748000 3.883878e+002
1.750000 3.877503e+002
1.752000 3.871162e+002
1.754000 3.864856e+002
1.756000 3.858585e+002
1.758000 3.852348e+002
1.760000 3.846145e+002
1.762000 3.839976e+002
1.764000 3.833842e+002
1.766000 3.827742e+002
1.768000 3.821675e+002
1.770000 3.815643e+002
1.772000 3.809644e+002
1.774000 3.803679e+002
1.776000 3.797747e+002
1.778000 3.791849e+002
1.780000 3.785984e+002
1.782000 3.780153e+002
1.784000 3.774354e+002
1.786000 3.768589e+002
1.788000 3.762857e+002
1.790000 3.757157e+002
1.792000 3.751491e+002
1.794000 3.745857e+002
1.796000 3.740255e+002
1.798000 3.734687e+002
1.800000 3.729150e+002
1.802000 3.723646e+002
1.804000 3.718174e+002
1.806000 3.712734e+002
1.808000 3.707326e+002
1.810000 3.701950e+002
1.812000 3.696605e+002
1.814000 3.691293e+002
1.816000 3.686011e+002
1.818000 3.680762e+002
1.820000 3.675543e+002
1.822000 3.670356e+002
1.824000 3.665200e+002
1.826000 3.660075e+002
1.828000 3.654981e+002
1.830000 3.649918e+002
1.832000 3.644885e+002
1.834000 3.639883e+002
1.836000 3.634912e+002
1.838000 3.629971e+002
1.840000 3.625060e+002
1.842000 3.620179e+002
1.844000 3.615328e+002
1.846000 3.610508e+002
1.848000 3.605717e+002
1.850000 3.600956e+002
1.852000 3.596224e+002
1.854000 3.591522e+002
1.856000 3.586849e+002
1.858000 3.582206e+002
1.860000 3.577592e+002
1.862000 3.573006e+002
1.864000 3.568450e+002
1.866000 3.563923e+002
1.868000 3.559424e+002
1.870000 3.554954e+002
1.872000 3.550512e+002
1.874000 3.546099e+002
1.876000 3.541714e+002
1.878000 3.537357e+002
1.880000 3.533028e+002
1.882000 3.528727e+002
1.884000 3.524454e+002
1.886000 3.520209e+002
1.888000 3.515991e+002
1.890000 3.511801e+002
1.892000 3.507638e+002
1.894000 3.503502e+002
1.896000 3.499393e+002
1.898000 3.495312e+002
1.900000 3.491257e+002
1.902000 3.487229e+002
1.904000 3.483228e+002
1.906000 3.479253e+002
1.908000 3.475304e+002
1.910000 3.471382e+002
1.912000 3.467487e+002
1.914000 3.463617e+002
1.916000 3.459773e+002
1.918000 3.455955e+002
1.920000 3.452163e+002
1.922000 3.448396e+002
1.924000 3.444655e+002
1.926000 3.440940e+002
1.928000 3.437249e+002
1.930000 3.433584e+002
1.932000 3.429944e+002
1.934000 3.426329e+002
1.936000 3.422738e+002
1.938000 3.419172e+002
1.940000 3.415631e+002
1.942000 3.412115e+002
1.944000 3.408622e+002
1.946000 3.405154e+002
1.948000 3.401710e+002
1.950000 3.398290e+002
1.952000 3.394894e+002
1.954000 3.391522e+002
1.956000 3.388173e+002
1.958000 3.384848e+002
1.960000 3.381546e+002
1.962000 3.378268e+002
1.964000 3.375013e+002
1.966000 3.371781e+002
1.968000 3.368571e+002
1.970000 3.365385e+002
1.972000 3.362222e+002
1.974000 3.359081e+002
1.976000 3.355962e+002
1.978000 3.352867e+002
1.980000 3.349793e+002
1.982000 3.346741e+002
1.984000 3.343712e+002
1.986000 3.340704e+002
1.988000 3.337719e+002
1.990000 3.334755e+002
1.992000 3.331812e+002
1.994000 3.328892e+002
1.996000 3.325992e+002
1.998000 3.323114e+002
2.000000 3.320257e+002
2.002000 3.317421e+002
2.004000 3.314606e+002
2.006000 3.311812e+002
2.008000 3.309038e+002
2.010000 3.306285e+002
2.012000 3.303553e+002
2.014000 3.300841e+002
2.016000 3.298149e+002
2.018000 3.295477e+002
2.020000 3.292825e+002
2.022000 3.290194e+002
2.024000 3.287582e+002
2.026000 3.284990e+002
2.028000 3.282417e+002
2.030000 3.279864e+002
2.032000 3.277330e+002
2.034000 3.274816e+002
2.036000 3.272321e+002
2.038000 3.269845e+002
2.040000 3.267387e+002
2.042000 3.264949e+002
2.044000 3.262529e+002
2.046000 3.260128e+002
2.048000 3.257746e+002
2.050000 3.255382e+002
2.052000 3.253036e+002
2.054000 3.250708e+002
2.056000 3.248399e+002
2.058000 3.246107e+002
2.060000 3.243834e+002
2.062000 3.241578e+002
2.064000 3.239339e+002
2.066000 3.237119e+002
2.068000 3.234916e+002
2.070000 3.232730e+002
2.072000 3.230561e+002
2.074000 3.228410e+002
2.076000 3.226276e+002
2.078000 3.224158e+002
2.080000 3.222058e+002
2.082000 3.219974e+002
2.084000 3.217907e+002
2.086000 3.215856e+002
2.088000 3.213822e+002
2.090000 3.211804e+002
2.092000 3.209802e+002
2.094000 3.207817e+002
2.096000 3.205847e+002
2.098000 3.203894e+002
2.100000 3.201956e+002
2.102000 3.200034e+002
2.104000 3.198128e+002
2.106000 3.196237e+002
2.108000 3.194361e+002
2.110000 3.192501e+002
2.112000 3.190657e+002
2.114000 3.188827e+002
2.116000 3.187012e+002
2.118000 3.185213e+002
2.120000 3.183428e+002
2.122000 3.181658e+002
2.124000 3.179902e+002
2.126000 3.178162e+002
2.128000 3.176435e+002
2.130000 3.174723e+002
2.132000 3.173026e+002
2.134000 3.171342e+002
2.136000 3.169673e+002
2.138000 3.168018e+002
2.140000 3.166376e+002
2.142000 3.164748e+002
2.144000 3.163135e+002
2.146000 3.161534e+002
2.148000 3.159947e+002
2.150000 3.158374e+002
2.152000 3.156814e+002
2.154000 3.155268e+002
2.156000 3.153734e+002
2.158000 3.152214e+002
2.160000 3.150706e+002
2.162000 3.149212e+002
2.164000 3.147730e+002
2.166000 3.146262e+002
2.168000 3.144805e+002
2.170000 3.143362e+002
2.172000 3.141931e+002
2.174000 3.140512e+002
2.176000 3.139105e+002
2.178000 3.137711e+002
2.180000 3.136329e+002
2.182000 3.134959e+002
2.184000 3.133601e+002
2.186000 3.132254e+002
2.188000 3.130920e+002
2.190000 3.129597e+002
2.192000 3.128286e+002
2.194000 3.126987e+002
2.196000 3.125699e+002
2.198000 3.124422e+002
2.200000 3.123157e+002
2.202000 3.121902e+002
2.204000 3.120659e+002
2.206000 3.119427e+002
2.208000 3.118206e+002
2.210000 3.116996e+002
2.212000 3.115797e+002
2.214000 3.114609e+002
2.216000 3.113431e+002
2.218000 3.112263e+002
2.220000 3.111107e+002
2.222000 3.109960e+002
2.224000 3.108824e+002
2.226000 3.107699e+002
2.228000 3.106583e+002
2.230000 3.105478e+002
2.232000 3.104382e+002
2.234000 3.103297e+002
2.236000 3.102222e+002
2.238000 3.101156e+002
2.240000 3.100100e+002
2.242000 3.099054e+002
2.244000 3.098017e+002
2.246000 3.096990e+002
2.248000 3.095973e+002
2.250000 3.094965e+002
2.252000 3.093966e+002
2.254000 3.092976e+002
2.256000 3.091995e+002
2.258000 3.091024e+002
2.260000 3.090062e+002
2.262000 3.089108e+002
2.264000 3.088164e+002
2.266000 3.087228e+002
2.268000 3.086301e+002
2.270000 3.085383e+002
2.272000 3.084474e+002
2.274000 3.083573e+002
2.276000 3.082680e+002
2.278000 3.081796e+002
2.280000 3.080920e+002
2.282000 3.080053e+002
2.284000 3.079193e+002
2.286000 3.078342e+002
2.288000 3.077499e+002
2.290000 3.076664e+002
2.292000 3.075837e+002
2.294000 3.075018e+002
2.296000 3.074207e+002
2.298000 3.073403e+002
2.300000 3.072607e+002
2.302000 3.071819e+002
2.304000 3.071039e+002
2.306000 3.070266e+002
2.308000 3.069500e+002
2.310000 3.068742e+002
2.312000 3.067991e+002
2.314000 3.067248e+002
2.316000 3.066511e+002
2.318000 3.065782e+002
2.320000 3.065060e+002
2.322000 3.064345e+002
2.324000 3.063637e+002
2.326000 3.062936e+002
2.328000 3.062242e+002
2.330000 3.061554e+002
2.332000 3.060874e+002
2.334000 3.060200e+002
2.336000 3.059533e+002
2.338000 3.058872e+002
2.340000 3.058218e+002
2.342000 3.057570e+002
2.344000 3.056929e+002
2.346000 3.056294e+002
2.348000 3.055666e+002
2.350000 3.055043e+002
2.352000 3.054427e+002
2.354000 3.053817e+002
2.356000 3.053213e+002
2.358000 3.052616e+002
2.360000 3.052024e+002
2.362000 3.051438e+002
2.364000 3.050858e+002
2.366000 3.050284e+002
2.368000 3.049716e+002
2.370000 3.049154e+002
2.372000 3.048597e+002
2.374000 3.048046e+002
2.376000 3.047500e+002
2.378000 3.046960e+002
2.380000 3.046426e+002
2.382000 3.045897e+002
2.384000 3.045373e+002
2.386000 3.044855e+002
2.388000 3.044342e+002
2.390000 3.043834e+002
2.392000 3.043332e+002
2.394000 3.042834e+002
2.396000 3.042342e+002
2.398000 3.041855e+002
2.400000 3.041373e+002
2.402000 3.040896e+002
2.404000 3.040424e+002
2.406000 3.039956e+002
2.408000 3.039494e+002
2.410000 3.039037e+002
2.412000 3.038584e+002
2.414000 3.038136e+002
2.416000 3.037692e+002
2.418000 3.037254e+002
2.420000 3.036820e+002
2.422000 3.036390e+002
2.424000 3.035965e+002
2.426000 3.035544e+002
2.428000 3.035128e+002
2.430000 3.034717e+002
2.432000 3.034309e+002
2.434000 3.033906e+002
2.436000 3.033507e+002
2.438000 3.033113e+002
2.440000 3.032722e+002
2.442000 3.032336e+002
2.444000 3.031954e+002
2.446000 3.031576e+002
2.448000 3.031202e+002
2.450000 3.030832e+002
2.452000 3.030466e+002
2.454000 3.030104e+002
2.456000 3.029746e+002
2.458000 3.029392e+002
2.460000 3.029041e+002
2.462000 3.028694e+002
2.464000 3.028351e+002
2.466000 3.028012e+002
2.468000 3.027677e+002
2.470000 3.027345e+002
2.472000 3.027016e+002
2.474000 3.026692e+002
2.476000 3.026370e+002
2.478000 3.026053e+002
2.480000 3.025739e+002
2.482000 3.025428e+002
2.484000 3.025120e+002
2.486000 3.024816e+002
2.488000 3.024516e+002
2.490000 3.024218e+002
2.492000 3.023924e+002
2.494000 3.023633e+002
2.496000 3.023346e+002
2.498000 3.023061e+002
2.500000 3.022780e+002
2.502000 3.022502e+002
2.504000 3.022227e+002
2.506000 3.021955e+002
2.508000 3.021686e+002
2.510000 3.021420e+002
2.512000 3.021157e+002
2.514000 3.020897e+002
2.516000 3.020640e+002
2.518000 3.020385e+002
2.520000 3.020134e+002
2.522000 3.019885e+002
2.524000 3.019640e+002
2.526000 3.019396e+002
2.528000 3.019156e+002
2.530000 3.018919e+002
2.532000 3.018684e+002
2.534000 3.018452e+002
2.536000 3.018222e+002
2.538000 3.017995e+002
2.540000 3.017771e+002
2.542000 3.017549e+002
2.544000 3.017329e+002
2.546000 3.017113e+002
2.548000 3.016898e+002
2.550000 3.016686e+002
2.552000 3.016477e+002
2.554000 3.016270e+002
2.556000 3.016065e+002
2.558000 3.015863e+002
2.560000 3.015663e+002
2.562000 3.015465e+002
2.564000 3.015270e+002
2.566000 3.015077e+002
2.568000 3.014886e+002
2.570000 3.014697e+002
2.572000 3.014511e+002
2.574000 3.014326e+002
2.576000 3.014144e+002
2.578000 3.013964e+002
2.580000 3.013786e+002
2.582000 3.013610e+002
2.584000 3.013436e+002
2.586000 3.013265e+002
2.588000 3.013095e+002
2.590000 3.012927e+002
2.592000 3.012761e+002
2.594000 3.012597e+002
2.596000 3.012435e+002
2.598000 3.012275e+002
2.600000 3.012117e+002
2.602000 3.011961e+002
2.604000 3.011807e+002
2.606000 3.011654e+002
2.608000 3.011503e+002
2.610000 3.011354e+002
2.612000 3.011207e+002
2.614000 3.011062e+002
2.616000 3.010918e+002
2.618000 3.010776e+002
2.620000 3.010636e+002
2.622000 3.010497e+002
2.624000 3.010360e+002
2.626000 3.010225e+002
2.628000 3.010091e+002
2.630000 3.009959e+002
2.632000 3.009829e+002
2.634000 3.009700e+002
2.636000 3.009573e+002
2.638000 3.009447e+002
2.640000 3.009322e+002
2.642000 3.009200e+002
2.644000 3.009078e+002
2.646000 3.008959e+002
2.648000 3.008840e+002
2.650000 3.008723e+002
2.652000 3.008608e+002
2.654000 3.008494e+002
2.656000 3.008381e+002
2.658000 3.008270e+002
2.660000 3.008160e+002
2.662000 3.008051e+002
2.664000 3.007944e+002
2.666000 3.007838e+002
2.668000 3.007734e+002
2.670000 3.007630e+002
2.672000 3.007528e+002
2.674000 3.007427e+002
2.676000 3.007328e+002
2.678000 3.007229e+002
2.680000 3.007132e+002
2.682000 3.007036e+002
2.684000 3.006942e+002
2.686000 3.006848e+002
2.688000 3.006756e+002
2.690000 3.006665e+002
2.692000 3.006575e+002
2.694000 3.006486e+002
2.696000 3.006398e+002
2.698000 3.006311e+002
2.700000 3.006226e+002
2.702000 3.006141e+002
2.704000 3.006058e+002
2.706000 3.005975e+002
2.708000 3.005894e+002
2.710000 3.005813e+002
2.712000 3.005734e+002
2.714000 3.005656e+002
2.716000 3.005578e+002
2.718000 3.005502e+002
2.720000 3.005426e+002
2.722000 3.005352e+002
2.724000 3.005278e+002
2.726000 3.005206e+002
2.728000 3.005134e+002
2.730000 3.005064e+002
2.732000 3.004994e+002
2.734000 3.004925e+002
2.736000 3.004857e+002
2.738000 3.004790e+002
2.740000 3.004723e+002
2.742000 3.004658e+002
2.744000 3.004593e+002
2.746000 3.004529e+002
2.748000 3.004467e+002
2.750000 3.004404e+002
2.752000 3.004343e+002
2.754000 3.004282e+002
2.756000 3.004223e+002
2.758000 3.004164e+002
2.760000 3.004106e+002
2.762000 3.004048e+002
2.764000 3.003991e+002
2.766000 3.003935e+002
2.768000 3.003880e+002
2.770000 3.003826e+002
2.772000 3.003772e+002
2.774000 3.003719e+002
2.776000 3.003666e+002
2.778000 3.003615e+002
2.780000 3.003564e+002
2.782000 3.003513e+002
2.784000 3.003463e+002
2.786000 3.003414e+002
2.788000 3.003366e+002
2.790000 3.003318e+002
2.792000 3.003271e+002
2.794000 3.003225e+002
2.796000 3.003179e+002
2.798000 3.003133e+002
2.800000 3.003089e+002
2.802000 3.003045e+002
2.804000 3.003001e+002
2.806000 3.002958e+002
2.808000 3.002916e+002
2.810000 3.002874e+002
2.812000 3.002833e+002
2.814000 3.002792e+002
2.816000 3.002752e+002
2.818000 3.002713e+002
2.820000 3.002674e+002
2.822000 3.002635e+002
2.824000 3.002597e+002
2.826000 3.002560e+002
2.828000 3.002523e+002
2.830000 3.002486e+002
2.832000 3.002450e+002
2.834000 3.002415e+002
2.836000 3.002379e+002
2.838000 3.002345e+002
2.840000 3.002311e+002
2.842000 3.002277e+002
2.844000 3.002244e+002
2.846000 3.002211e+002
2.848000 3.002179e+002
2.850000 3.002147e+002
2.852000 3.002116e+002
2.854000 3.002085e+002
2.856000 3.002054e+002
2.858000 3.002024e+002
2.860000 3.001995e+002
2.862000 3.001965e+002
2.864000 3.001936e+002
2.866000 3.001908e+002
2.868000 3.001880e+002
2.870000 3.001852e+002
2.872000 3.001825e+002
2.874000 3.001798e+002
2.876000 3.001771e+002
2.878000 3.001745e+002
2.880000 3.001719e+002
2.882000 3.001694e+002
2.884000 3.001669e+002
2.886000 3.001644e+002
2.888000 3.001619e+002
2.890000 3.001595e+002
2.892000 3.001571e+002
2.894000 3.001548e+002
2.896000 3.001525e+002
2.898000 3.001502e+002
2.900000 3.001480e+002
2.902000 3.001458e+002
2.904000 3.001436e+002
2.906000 3.001414e+002
2.908000 3.001393e+002
2.910000 3.001372e+002
2.912000 3.001351e+002
2.914000 3.001331e+002
2.916000 3.001311e+002
2.918000 3.001291e+002
2.920000 3.001272e+002
2.922000 3.001253e+002
2.924000 3.001234e+002
2.926000 3.001215e+002
2.928000 3.001197e+002
2.930000 3.001178e+002
2.932000 3.001161e+002
2.934000 3.001143e+002
2.936000 3.001126e+002
2.938000 3.001108e+002
2.940000 3.001092e+002
2.942000 3.001075e+002
2.944000 3.001059e+002
2.946000 3.001042e+002
2.948000 3.001026e+002
2.950000 3.001011e+002
2.952000 3.000995e+002
2.954000 3.000980e+002
2.956000 3.000965e+002
2.958000 3.000950e+002
2.960000 3.000936e+002
2.962000 3.000921e+002
2.964000 3.000907e+002
2.966000 3.000893e+002
2.968000 3.000879e+002
2.970000 3.000866e+002
2.972000 3.000852e+002
2.974000 3.000839e+002
2.976000 3.000826e+002
2.978000 3.000813e+002
2.980000 3.000801e+002
2.982000 3.000788e+002
2.984000 3.000776e+002
2.986000 3.000764e+002
2.988000 3.000752e+002
2.990000 3.000740e+002
2.992000 3.000729e+002
2.994000 3.000717e+002
2.996000 3.000706e+002
2.998000 3.000695e+002
3.000000 3.000684e+002
3.002000 3.000674e+002
3.004000 3.000663e+002
3.006000 3.000653e+002
3.008000 3.000642e+002
3.010000 3.000632e+002
3.012000 3.000622e+002
3.014000 3.000613e+002
3.016000 3.000603e+002
3.018000 3.000593e+002
3.020000 3.000584e+002
3.022000 3.000575e+002
3.024000 3.000566e+002
3.026000 3.000557e+002
3.028000 3.000548e+002
3.030000 3.000539e+002
3.032000 3.000531e+002
3.034000 3.000522e+002
3.036000 3.000514e+002
3.038000 3.000506e+002
3.040000 3.000498e+002
3.042000 3.000490e+002
3.044000 3.000482e+002
3.046000 3.000474e+002
3.048000 3.000467e+002
3.050000 3.000459e+002
3.052000 3.000452e+002
3.054000 3.000445e+002
3.056000 3.000438e+002
3.058000 3.000430e+002
3.060000 3.000424e+002
3.062000 3.000417e+002
3.064000 3.000410e+002
3.066000 3.000403e+002
3.068000 3.000397e+002
3.070000 3.000391e+002
3.072000 3.000384e+002
3.074000 3.000378e+002
3.076000 3.000372e+002
3.078000 3.000366e+002
3.080000 3.000360e+002
3.082000 3.000354e+002
3.084000 3.000348e+002
3.086000 3.000343e+002
3.088000 3.000337e+002
3.090000 3.000332e+002
3.092000 3.000326e+002
3.094000 3.000321e+002
3.096000 3.000316e+002
3.098000 3.000311e+002
3.100000 3.000305e+002
3.102000 3.000300e+002
3.104000 3.000296e+002
3.106000 3.000291e+002
3.108000 3.000286e+002
3.110000 3.000281e+002
3.112000 3.000277e+002
3.114000 3.000272e+002
3.116000 3.000268e+002
3.118000 3.000263e+002
3.120000 3.000259e+002
3.122000 3.000255e+002
3.124000 3.000250e+002
3.126000 3.000246e+002
3.128000 3.000242e+002
3.130000 3.000238e+002
3.132000 3.000234e+002
3.134000 3.000230e+002
3.136000 3.000227e+002
3.138000 3.000223e+002
3.140000 3.000219e+002
3.142000 3.000215e+002
3.144000 3.000212e+002
3.146000 3.000208e+002
3.148000 3.000205e+002
3.150000 3.000201e+002
3.152000 3.000198e+002
3.154000 3.000195e+002
3.156000 3.000191e+002
3.158000 3.000188e+002
3.160000 3.000185e+002
3.162000 3.000182e+002
3.164000 3.000179e+002
3.166000 3.000176e+002
3.168000 3.000173e+002
3.170000 3.000170e+002
3.172000 3.000167e+002
3.174000 3.000164e+002
3.176000 3.000162e+002
3.178000 3.000159e+002
3.180000 3.000156e+002
3.182000 3.000154e+002
3.184000 3.000151e+002
3.186000 3.000148e+002
3.188000 3.000146e+002
3.190000 3.000143e+002
3.192000 3.000141e+002
3.194000 3.000139e+002
3.196000 3.000136e+002
3.198000 3.000134e+002
3.200000 3.000132e+002
3.202000 3.000129e+002
3.204000 3.000127e+002
3.206000 3.000125e+002
3.208000 3.000123e+002
3.210000 3.000121e+002
3.212000 3.000119e+002
3.214000 3.000117e+002
3.216000 3.000115e+002
3.218000 3.000113e+002
3.220000 3.000111e+002
3.222000 3.000109e+002
3.224000 3.000107e+002
3.226000 3.000105e+002
3.228000 3.000103e+002
3.230000 3.000102e+002
3.232000 3.000100e+002
3.234000 3.000098e+002
3.236000 3.000096e+002
3.238000 3.000095e+002
3.240000 3.000093e+002
3.242000 3.000091e+002
3.244000 3.000090e+002
3.246000 3.000088e+002
3.248000 3.000087e+002
3.250000 3.000085e+002
3.252000 3.000084e+002
3.254000 3.000082e+002
3.256000 3.000081e+002
3.258000 3.000079e+002
3.260000 3.000078e+002
3.262000 3.000077e+002
3.264000 3.000075e+002
3.266000 3.000074e+002
3.268000 3.000073e+002
3.270000 3.000071e+002
3.272000 3.000070e+002
3.274000 3.000069e+002
3.276000 3.000068e+002
3.278000 3.000067e+002
3.280000 3.000065e+002
3.282000 3.000064e+002
3.284000 3.000063e+002
3.286000 3.000062e+002
3.288000 3.000061e+002
3.290000 3.000060e+002
3.292000 3.000059e+002
3.294000 3.000058e+002
3.296000 3.000057e+002
3.298000 3.000056e+002
3.300000 3.000055e+002
3.302000 3.000054e+002
3.304000 3.000053e+002
3.306000 3.000052e+002
3.308000 3.000051e+002
3.310000 3.000050e+002
3.312000 3.000049e+002
3.314000 3.000048e+002
3.316000 3.000047e+002
3.318000 3.000047e+002
3.320000 3.000046e+002
3.322000 3.000045e+002
3.324000 3.000044e+002
3.326000 3.000043e+002
3.328000 3.000043e+002
3.330000 3.000042e+002
3.332000 3.000041e+002
3.334000 3.000040e+002
3.336000 3.000040e+002
3.338000 3.000039e+002
3.340000 3.000038e+002
3.342000 3.000037e+002
3.344000 3.000037e+002
3.346000 3.000036e+002
3.348000 3.000035e+002
3.350000 3.000035e+002
3.352000 3.000034e+002
3.354000 3.000034e+002
3.356000 3.000033e+002
3.358000 3.000032e+002
3.360000 3.000032e+002
3.362000 3.000031e+002
3.364000 3.000031e+002
3.366000 3.000030e+002
3.368000 3.000030e+002
3.370000 3.000029e+002
3.372000 3.000028e+002
3.374000 3.000028e+002
3.376000 3.000027e+002
3.378000 3.000027e+002
3.380000 3.000026e+002
3.382000 3.000026e+002
3.384000 3.000025e+002
3.386000 3.000025e+002
3.388000 3.000025e+002
3.390000 3.000024e+002
3.392000 3.000024e+002
3.394000 3.000023e+002
3.396000 3.000023e+002
3.398000 3.000022e+002
3.400000 3.000022e+002
3.402000 3.000022e+002
3.404000 3.000021e+002
3.406000 3.000021e+002
3.408000 3.000020e+002
3.410000 3.000020e+002
3.412000 3.000020e+002
3.414000 3.000019e+002
3.416000 3.000019e+002
3.418000 3.000019e+002
3.420000 3.000018e+002
3.422000 3.000018e+002
3.424000 3.000018e+002
3.426000 3.000017e+002
3.428000 3.000017e+002
3.430000 3.000017e+002
3.432000 3.000016e+002
3.434000 3.000016e+002
3.436000 3.000016e+002
3.438000 3.000015e+002
3.440000 3.000015e+002
3.442000 3.000015e+002
3.444000 3.000015e+002
3.446000 3.000014e+002
3.448000 3.000014e+002
3.450000 3.000014e+002
3.452000 3.000013e+002
3.454000 3.000013e+002
3.456000 3.000013e+002
3.458000 3.000013e+002
3.460000 3.000012e+002
3.462000 3.000012e+002
3.464000 3.000012e+002
3.466000 3.000012e+002
3.468000 3.000012e+002
3.470000 3.000011e+002
3.472000 3.000011e+002
3.474000 3.000011e+002
3.476000 3.000011e+002
3.478000 3.000011e+002
3.480000 3.000010e+002
3.482000 3.000010e+002
3.484000 3.000010e+002
3.486000 3.000010e+002
3.488000 3.000010e+002
3.490000 3.000009e+002
3.492000 3.000009e+002
3.494000 3.000009e+002
3.496000 3.000009e+002
3.498000 3.000009e+002
3.500000 3.000008e+002
3.502000 3.000008e+002
3.504000 3.000008e+002
3.506000 3.000008e+002
3.508000 3.000008e+002
3.510000 3.000008e+002
3.512000 3.000008e+002
3.514000 3.000007e+002
3.516000 3.000007e+002
3.518000 3.000007e+002
3.520000 3.000007e+002
3.522000 3.000007e+002
3.524000 3.000007e+002
3.526000 3.000007e+002
3.528000 3.000006e+002
3.530000 3.000006e+002
3.532000 3.000006e+002
3.534000 3.000006e+002
3.536000 3.000006e+002
3.538000 3.000006e+002
3.540000 3.000006e+002
3.542000 3.000006e+002
3.544000 3.000006e+002
3.546000 3.000005e+002
3.548000 3.000005e+002
3.550000 3.000005e+002
3.552000 3.000005e+002
3.554000 3.000005e+002
3.556000 3.000005e+002
3.558000 3.000005e+002
3.560000 3.000005e+002
3.562000 3.000005e+002
3.564000 3.000005e+002
3.566000 3.000004e+002
3.568000 3.000004e+002
3.570000 3.000004e+002
3.572000 3.000004e+002
3.574000 3.000004e+002
3.576000 3.000004e+002
3.578000 3.000004e+002
3.580000 3.000004e+002
3.582000 3.000004e+002
3.584000 3.000004e+002
3.586000 3.000004e+002
3.588000 3.000004e+002
3.590000 3.000004e+002
3.592000 3.000003e+002
3.594000 3.000003e+002
3.596000 3.000003e+002
3.598000 3.000003e+002
3.600000 3.000003e+002
3.602000 3.000003e+002
3.604000 3.000003e+002
3.606000 3.000003e+002
3.608000 3.000003e+002
3.610000 3.000003e+002
3.612000 3.000003e+002
3.614000 3.000003e+002
3.616000 3.000003e+002
3.618000 3.000003e+002
3.620000 3.000003e+002
3.622000 3.000003e+002
3.624000 3.000002e+002
3.626000 3.000002e+002
3.628000 3.000002e+002
3.630000 3.000002e+002
3.632000 3.000002e+002
3.634000 3.000002e+002
3.636000 3.000002e+002
3.638000 3.000002e+002
3.640000 3.000002e+002
3.642000 3.000002e+002
3.644000 3.000002e+002
3.646000 3.000002e+002
3.648000 3.000002e+002
3.650000 3.000002e+002
3.652000 3.000002e+002
3.654000 3.000002e+002
3.656000 3.000002e+002
3.658000 3.000002e+002
3.660000 3.000002e+002
3.662000 3.000002e+002
3.664000 3.000002e+002
3.666000 3.000002e+002
3.668000 3.000002e+002
3.670000 3.000002e+002
3.672000 3.000002e+002
3.674000 3.000001e+002
3.676000 3.000001e+002
3.678000 3.000001e+002
3.680000 3.000001e+002
3.682000 3.000001e+002
3.684000 3.000001e+002
3.686000 3.000001e+002
3.688000 3.000001e+002
3.690000 3.000001e+002
3.692000 3.000001e+002
3.694000 3.000001e+002
3.696000 3.000001e+002
3.698000 3.000001e+002
3.700000 3.000001e+002
3.702000 3.000001e+002
3.704000 3.000001e+002
3.706000 3.000001e+002
3.708000 3.000001e+002
3.710000 3.000001e+002
3.712000 3.000001e+002
3.714000 3.000001e+002
3.716000 3.000001e+002
3.718000 3.000001e+002
3.720000 3.000001e+002
3.722000 3.000001e+002
3.724000 3.000001e+002
3.726000 3.000001e+002
3.728000 3.000001e+002
3.730000 3.000001e+002
3.732000 3.000001e+002
3.734000 3.000001e+002
3.736000 3.000001e+002
3.738000 3.000001e+002
3.740000 3.000001e+002
3.742000 3.000001e+002
3.744000 3.000001e+002
3.746000 3.000001e+002
3.748000 3.000001e+002
3.750000 3.000001e+002
3.752000 3.000001e+002
3.754000 3.000001e+002
3.756000 3.000001e+002
3.758000 3.000001e+002
3.760000 3.000001e+002
3.762000 3.000001e+002
3.764000 3.000001e+002
3.766000 3.000001e+002
3.768000 3.000001e+002
3.770000 3.000001e+002
3.772000 3.000001e+002
3.774000 3.000001e+002
3.776000 3.000001e+002
3.778000 3.000001e+002
3.780000 3.000000e+002
3.782000 3.000000e+002
3.784000 3.000000e+002
3.786000 3.000000e+002
3.788000 3.000000e+002
3.790000 3.000000e+002
3.792000 3.000000e+002
3.794000 3.000000e+002
3.796000 3.000000e+002
3.798000 3.000000e+002
3.800000 3.000000e+002
3.802000 3.000000e+002
3.804000 3.000000e+002
3.806000 3.000000e+002
3.808000 3.000000e+002
3.810000 3.000000e+002
3.812000 3.000000e+002
3.814000 3.000000e+002
3.816000 3.000000e+002
3.818000 3.000000e+002
3.820000 3.000000e+002
3.822000 3.000000e+002
3.824000 3.000000e+002
3.826000 3.000000e+002
3.828000 3.000000e+002
3.830000 3.000000e+002
3.832000 3.000000e+002
3.834000 3.000000e+002
3.836000 3.000000e+002
3.838000 3.000000e+002
3.840000 3.000000e+002
3.842000 3.000000e+002
3.844000 3.000000e+002
3.846000 3.000000e+002
3.848000 3.000000e+002
3.850000 3.000000e+002
3.852000 3.000000e+002
3.854000 3.000000e+002
3.856000 3.000000e+002
3.858000 3.000000e+002
3.860000 3.000000e+002
3.862000 3.000000e+002
3.864000 3.000000e+002
3.866000 3.000000e+002
3.868000 3.000000e+002
3.870000 3.000000e+002
3.872000 3.000000e+002
3.874000 3.000000e+002
3.876000 3.000000e+002
3.878000 3.000000e+002
3.880000 3.000000e+002
3.882000 3.000000e+002
3.884000 3.000000e+002
3.886000 3.000000e+002
3.888000 3.000000e+002
3.890000 3.000000e+002
3.892000 3.000000e+002
3.894000 3.000000e+002
3.896000 3.000000e+002
3.898000 3.000000e+002
3.900000 3.000000e+002
3.902000 3.000000e+002
3.904000 3.000000e+002
3.906000 3.000000e+002
3.908000 3.000000e+002
3.910000 3.000000e+002
3.912000 3.000000e+002
3.914000 3.000000e+002
3.916000 3.000000e+002
3.918000 3.000000e+002
3.920000 3.000000e+002
3.922000 3.000000e+002
3.924000 3.000000e+002
3.926000 3.000000e+002
3.928000 3.000000e+002
3.930000 3.000000e+002
3.932000 3.000000e+002
3.934000 3.000000e+002
3.936000 3.000000e+002
3.938000 3.000000e+002
3.940000 3.000000e+002
3.942000 3.000000e+002
3.944000 3.000000e+002
3.946000 3.000000e+002
3.948000 3.000000e+002
3.950000 3.000000e+002
3.952000 3.000000e+002
3.954000 3.000000e+002
3.956000 3.000000e+002
3.958000 3.000000e+002
3.960000 3.000000e+002
3.962000 3.000000e+002
3.964000 3.000000e+002
3.966000 3.000000e+002
3.968000 3.000000e+002
3.970000 3.000000e+002
3.972000 3.000000e+002
3.974000 3.000000e+002
3.976000 3.000000e+002
3.978000 3.000000e+002
3.980000 3.000000e+002
3.982000 3.000000e+002
3.984000 3.000000e+002
3.986000 3.000000e+002
3.988000 3.000000e+002
3.990000 3.000000e+002
3.992000 3.000000e+002
3.994000 3.000000e+002
3.996000 3.000000e+002
3.998000 3.000000e+002
