0.000000 4.311800e+002
0.002000 4.465207e+002
0.004000 4.618259e+002
0.006000 4.770917e+002
0.008000 4.923143e+002
0.010000 5.074896e+002
0.012000 5.226139e+002
0.014000 5.376833e+002
0.016000 5.526940e+002
0.018000 5.676422e+002
0.020000 5.825244e+002
0.022000 5.973369e+002
0.024000 6.120759e+002
0.026000 6.267382e+002
0.028000 6.413200e+002
0.030000 6.558181e+002
0.032000 6.702291e+002
0.034000 6.845497e+002
0.036000 6.987766e+002
0.038000 7.129068e+002
0.040000 7.269371e+002
0.042000 7.408645e+002
0.044000 7.546862e+002
0.046000 7.683992e+002
0.048000 7.820008e+002
0.050000 7.954882e+002
0.052000 8.088590e+002
0.054000 8.221105e+002
0.056000 8.352403e+002
0.058000 8.482461e+002
0.060000 8.611255e+002
0.062000 8.738765e+002
0.064000 8.864968e+002
0.066000 8.989846e+002
0.068000 9.113379e+002
0.070000 9.235549e+002
0.072000 9.356338e+002
0.074000 9.475730e+002
0.076000 9.593711e+002
0.078000 9.710264e+002
0.080000 9.825378e+002
0.082000 9.939038e+002
0.084000 1.005123e+003
0.086000 1.016195e+003
0.088000 1.027119e+003
0.090000 1.037893e+003
0.092000 1.048517e+003
0.094000 1.058990e+003
0.096000 1.069311e+003
0.098000 1.079480e+003
0.100000 1.089497e+003
0.102000 1.099361e+003
0.104000 1.109071e+003
0.106000 1.118629e+003
0.108000 1.128032e+003
0.110000 1.137283e+003
0.112000 1.146379e+003
0.114000 1.155323e+003
0.116000 1.164113e+003
0.118000 1.172751e+003
0.120000 1.181236e+003
0.122000 1.189570e+003
0.124000 1.197751e+003
0.126000 1.205783e+003
0.128000 1.213663e+003
0.130000 1.221395e+003
0.132000 1.228978e+003
0.134000 1.236413e+003
0.136000 1.243701e+003
0.138000 1.250843e+003
0.140000 1.257840e+003
0.142000 1.264694e+003
0.144000 1.271405e+003
0.146000 1.277974e+003
0.148000 1.284403e+003
0.150000 1.290694e+003
0.152000 1.296846e+003
0.154000 1.302863e+003
0.156000 1.308745e+003
0.158000 1.314494e+003
0.160000 1.320111e+003
0.162000 1.325597e+003
0.164000 1.330955e+003
0.166000 1.336186e+003
0.168000 1.341292e+003
0.170000 1.346274e+003
0.172000 1.351133e+003
0.174000 1.355873e+003
0.176000 1.360493e+003
0.178000 1.364997e+003
0.180000 1.369386e+003
0.182000 1.373661e+003
0.184000 1.377825e+003
0.186000 1.381880e+003
0.188000 1.385826e+003
0.190000 1.389666e+003
0.192000 1.393402e+003
0.194000 1.397036e+003
0.196000 1.400569e+003
0.198000 1.404004e+003
0.200000 1.407342e+003
0.202000 1.410585e+003
0.204000 1.413734e+003
0.206000 1.416793e+003
0.208000 1.419762e+003
0.210000 1.422643e+003
0.212000 1.425439e+003
0.214000 1.428151e+003
0.216000 1.430780e+003
0.218000 1.433329e+003
0.220000 1.435800e+003
0.222000 1.438194e+003
0.224000 1.440513e+003
0.226000 1.442758e+003
0.228000 1.444933e+003
0.230000 1.447037e+003
0.232000 1.449073e+003
0.234000 1.451042e+003
0.236000 1.452947e+003
0.238000 1.454789e+003
0.240000 1.456569e+003
0.242000 1.458289e+003
0.244000 1.459950e+003
0.246000 1.461555e+003
0.248000 1.463104e+003
0.250000 1.464600e+003
0.252000 1.466043e+003
0.254000 1.467435e+003
0.256000 1.468778e+003
0.258000 1.470073e+003
0.260000 1.471321e+003
0.262000 1.472524e+003
0.264000 1.473682e+003
0.266000 1.474798e+003
0.268000 1.475873e+003
0.270000 1.476907e+003
0.272000 1.477903e+003
0.274000 1.478861e+003
0.276000 1.479782e+003
0.278000 1.480668e+003
0.280000 1.481520e+003
0.282000 1.482338e+003
0.284000 1.483125e+003
0.286000 1.483880e+003
0.288000 1.484605e+003
0.290000 1.485302e+003
0.292000 1.485970e+003
0.294000 1.486611e+003
0.296000 1.487227e+003
0.298000 1.487816e+003
0.300000 1.488382e+003
0.302000 1.488924e+003
0.304000 1.489444e+003
0.306000 1.489941e+003
0.308000 1.490418e+003
0.310000 1.490874e+003
0.312000 1.491310e+003
0.314000 1.491728e+003
0.316000 1.492128e+003
0.318000 1.492510e+003
0.320000 1.492876e+003
0.322000 1.493225e+003
0.324000 1.493559e+003
0.326000 1.493878e+003
0.328000 1.494183e+003
0.330000 1.494473e+003
0.332000 1.494751e+003
0.334000 1.495016e+003
0.336000 1.495269e+003
0.338000 1.495510e+003
0.340000 1.495740e+003
0.342000 1.495959e+003
0.344000 1.496168e+003
0.346000 1.496366e+003
0.348000 1.496556e+003
0.350000 1.496736e+003
0.352000 1.496908e+003
0.354000 1.497072e+003
0.356000 1.497227e+003
0.358000 1.497375e+003
0.360000 1.497516e+003
0.362000 1.497650e+003
0.364000 1.497777e+003
0.366000 1.497897e+003
0.368000 1.498012e+003
0.370000 1.498121e+003
0.372000 1.498224e+003
0.374000 1.498323e+003
0.376000 1.498416e+003
0.378000 1.498504e+003
0.380000 1.498588e+003
0.382000 1.498667e+003
0.384000 1.498742e+003
0.386000 1.498814e+003
0.388000 1.498881e+003
0.390000 1.498945e+003
0.392000 1.499006e+003
0.394000 1.499063e+003
0.396000 1.499117e+003
0.398000 1.499169e+003
0.400000 1.499217e+003
0.402000 1.499263e+003
0.404000 1.499306e+003
0.406000 1.499347e+003
0.408000 1.499386e+003
0.410000 1.499423e+003
0.412000 1.499457e+003
0.414000 1.499490e+003
0.416000 1.499520e+003
0.418000 1.499549e+003
0.420000 1.499577e+003
0.422000 1.499602e+003
0.424000 1.499627e+003
0.426000 1.499649e+003
0.428000 1.499671e+003
0.430000 1.499691e+003
0.432000 1.499710e+003
0.434000 1.499728e+003
0.436000 1.499745e+003
0.438000 1.499761e+003
0.440000 1.499776e+003
0.442000 1.499789e+003
0.444000 1.499803e+003
0.446000 1.499815e+003
0.448000 1.499826e+003
0.450000 1.499837e+003
0.452000 1.499847e+003
0.454000 1.499857e+003
0.456000 1.499865e+003
0.458000 1.499874e+003
0.460000 1.499881e+003
0.462000 1.499888e+003
0.464000 1.499895e+003
0.466000 1.499901e+003
0.468000 1.499907e+003
0.470000 1.499912e+003
0.472000 1.499917e+003
0.474000 1.499922e+003
0.476000 1.499926e+003
0.478000 1.499930e+003
0.480000 1.499933e+003
0.482000 1.499936e+003
0.484000 1.499939e+003
0.486000 1.499941e+003
0.488000 1.499944e+003
0.490000 1.499946e+003
0.492000 1.499947e+003
0.494000 1.499949e+003
0.496000 1.499950e+003
0.498000 1.499951e+003
0.500000 1.499951e+003
0.502000 1.499952e+003
0.504000 1.499952e+003
0.506000 1.499952e+003
0.508000 1.499952e+003
0.510000 1.499951e+003
0.512000 1.499950e+003
0.514000 1.499949e+003
0.516000 1.499948e+003
0.518000 1.499946e+003
0.520000 1.499944e+003
0.522000 1.499942e+003
0.524000 1.499940e+003
0.526000 1.499937e+003
0.528000 1.499934e+003
0.530000 1.499931e+003
0.532000 1.499927e+003
0.534000 1.499924e+003
0.536000 1.499919e+003
0.538000 1.499915e+003
0.540000 1.499910e+003
0.542000 1.499904e+003
0.544000 1.499898e+003
0.546000 1.499892e+003
0.548000 1.499886e+003
0.550000 1.499878e+003
0.552000 1.499871e+003
0.554000 1.499863e+003
0.556000 1.499854e+003
0.558000 1.499845e+003
0.560000 1.499835e+003
0.562000 1.499824e+003
0.564000 1.499813e+003
0.566000 1.499801e+003
0.568000 1.499788e+003
0.570000 1.499774e+003
0.572000 1.499760e+003
0.574000 1.499745e+003
0.576000 1.499728e+003
0.578000 1.499711e+003
0.580000 1.499693e+003
0.582000 1.499673e+003
0.584000 1.499653e+003
0.586000 1.499631e+003
0.588000 1.499608e+003
0.590000 1.499584e+003
0.592000 1.499558e+003
0.594000 1.499530e+003
0.596000 1.499502e+003
0.598000 1.499471e+003
0.600000 1.499439e+003
0.602000 1.499404e+003
0.604000 1.499368e+003
0.606000 1.499330e+003
0.608000 1.499290e+003
0.610000 1.499248e+003
0.612000 1.499203e+003
0.614000 1.499156e+003
0.616000 1.499106e+003
0.618000 1.499053e+003
0.620000 1.498998e+003
0.622000 1.498940e+003
0.624000 1.498879e+003
0.626000 1.498814e+003
0.628000 1.498746e+003
0.630000 1.498674e+003
0.632000 1.498599e+003
0.634000 1.498520e+003
0.636000 1.498436e+003
0.638000 1.498349e+003
0.640000 1.498257e+003
0.642000 1.498160e+003
0.644000 1.498058e+003
0.646000 1.497952e+003
0.648000 1.497840e+003
0.650000 1.497722e+003
0.652000 1.497599e+003
0.654000 1.497469e+003
0.656000 1.497334e+003
0.658000 1.497192e+003
0.660000 1.497042e+003
0.662000 1.496886e+003
0.664000 1.496723e+003
0.666000 1.496551e+003
0.668000 1.496372e+003
0.670000 1.496185e+003
0.672000 1.495988e+003
0.674000 1.495783e+003
0.676000 1.495568e+003
0.678000 1.495343e+003
0.680000 1.495109e+003
0.682000 1.494864e+003
0.684000 1.494607e+003
0.686000 1.494340e+003
0.688000 1.494061e+003
0.690000 1.493769e+003
0.692000 1.493465e+003
0.694000 1.493148e+003
0.696000 1.492817e+003
0.698000 1.492472e+003
0.700000 1.492112e+003
0.702000 1.491738e+003
0.704000 1.491348e+003
0.706000 1.490941e+003
0.708000 1.490518e+003
0.710000 1.490078e+003
0.712000 1.489619e+003
0.714000 1.489143e+003
0.716000 1.488647e+003
0.718000 1.488131e+003
0.720000 1.487595e+003
0.722000 1.487039e+003
0.724000 1.486460e+003
0.726000 1.485860e+003
0.728000 1.485236e+003
0.730000 1.484589e+003
0.732000 1.483917e+003
0.734000 1.483220e+003
0.736000 1.482497e+003
0.738000 1.481748e+003
0.740000 1.480971e+003
0.742000 1.480166e+003
0.744000 1.479332e+003
0.746000 1.478468e+003
0.748000 1.477574e+003
0.750000 1.476648e+003
0.752000 1.475690e+003
0.754000 1.474699e+003
0.756000 1.473674e+003
0.758000 1.472614e+003
0.760000 1.471518e+003
0.762000 1.470386e+003
0.764000 1.469216e+003
0.766000 1.468008e+003
0.768000 1.466760e+003
0.770000 1.465473e+003
0.772000 1.464143e+003
0.774000 1.462772e+003
0.776000 1.461358e+003
0.778000 1.459899e+003
0.780000 1.458396e+003
0.782000 1.456847e+003
0.784000 1.455250e+003
0.786000 1.453606e+003
0.788000 1.451913e+003
0.790000 1.450170e+003
0.792000 1.448376e+003
0.794000 1.446531e+003
0.796000 1.444632e+003
0.798000 1.442680e+003
0.800000 1.440673e+003
0.802000 1.438611e+003
0.804000 1.436491e+003
0.806000 1.434315e+003
0.808000 1.432079e+003
0.810000 1.429784e+003
0.812000 1.427429e+003
0.814000 1.425012e+003
0.816000 1.422533e+003
0.818000 1.419991e+003
0.820000 1.417385e+003
0.822000 1.414714e+003
0.824000 1.411977e+003
0.826000 1.409173e+003
0.828000 1.406302e+003
0.830000 1.403362e+003
0.832000 1.400354e+003
0.834000 1.397275e+003
0.836000 1.394126e+003
0.838000 1.390905e+003
0.840000 1.387612e+003
0.842000 1.384247e+003
0.844000 1.380808e+003
0.846000 1.377295e+003
0.848000 1.373707e+003
0.850000 1.370044e+003
0.852000 1.366305e+003
0.854000 1.362489e+003
0.856000 1.358597e+003
0.858000 1.354628e+003
0.860000 1.350581e+003
0.862000 1.346455e+003
0.864000 1.342252e+003
0.866000 1.337969e+003
0.868000 1.333607e+003
0.870000 1.329167e+003
0.872000 1.324646e+003
0.874000 1.320046e+003
0.876000 1.315366e+003
0.878000 1.310607e+003
0.880000 1.305767e+003
0.882000 1.300848e+003
0.884000 1.295849e+003
0.886000 1.290770e+003
0.888000 1.285612e+003
0.890000 1.280374e+003
0.892000 1.275057e+003
0.894000 1.269661e+003
0.896000 1.264187e+003
0.898000 1.258635e+003
0.900000 1.253005e+003
0.902000 1.247298e+003
0.904000 1.241515e+003
0.906000 1.235655e+003
0.908000 1.229720e+003
0.910000 1.223710e+003
0.912000 1.217626e+003
0.914000 1.211469e+003
0.916000 1.205239e+003
0.918000 1.198938e+003
0.920000 1.192566e+003
0.922000 1.186125e+003
0.924000 1.179615e+003
0.926000 1.173038e+003
0.928000 1.166394e+003
0.930000 1.159686e+003
0.932000 1.152913e+003
0.934000 1.146077e+003
0.936000 1.139181e+003
0.938000 1.132224e+003
0.940000 1.125208e+003
0.942000 1.118136e+003
0.944000 1.111007e+003
0.946000 1.103825e+003
0.948000 1.096590e+003
0.950000 1.089304e+003
0.952000 1.081969e+003
0.954000 1.074586e+003
0.956000 1.067158e+003
0.958000 1.059685e+003
0.960000 1.052170e+003
0.962000 1.044615e+003
0.964000 1.037021e+003
0.966000 1.029391e+003
0.968000 1.021726e+003
0.970000 1.014028e+003
0.972000 1.006299e+003
0.974000 9.985419e+002
0.976000 9.907578e+002
0.978000 9.829491e+002
0.980000 9.751178e+002
0.982000 9.672659e+002
0.984000 9.593957e+002
0.986000 9.515093e+002
0.988000 9.436087e+002
0.990000 9.356962e+002
0.992000 9.277739e+002
0.994000 9.198440e+002
0.996000 9.119086e+002
0.998000 9.039699e+002
1.000000 8.960301e+002
1.002000 8.880914e+002
1.004000 8.801560e+002
1.006000 8.722261e+002
1.008000 8.643038e+002
1.010000 8.563913e+002
1.012000 8.484907e+002
1.014000 8.406043e+002
1.016000 8.327341e+002
1.018000 8.248822e+002
1.020000 8.170509e+002
1.022000 8.092422e+002
1.024000 8.014581e+002
1.026000 7.937007e+002
1.028000 7.859721e+002
1.030000 7.782742e+002
1.032000 7.706091e+002
1.034000 7.629787e+002
1.036000 7.553849e+002
1.038000 7.478297e+002
1.040000 7.403149e+002
1.042000 7.328423e+002
1.044000 7.254138e+002
1.046000 7.180311e+002
1.048000 7.106960e+002
1.050000 7.034101e+002
1.052000 6.961752e+002
1.054000 6.889927e+002
1.056000 6.818645e+002
1.058000 6.747918e+002
1.060000 6.677764e+002
1.062000 6.608195e+002
1.064000 6.539226e+002
1.066000 6.470871e+002
1.068000 6.403143e+002
1.070000 6.336055e+002
1.072000 6.269619e+002
1.074000 6.203846e+002
1.076000 6.138748e+002
1.078000 6.074336e+002
1.080000 6.010619e+002
1.082000 5.947609e+002
1.084000 5.885313e+002
1.086000 5.823742e+002
1.088000 5.762903e+002
1.090000 5.702804e+002
1.092000 5.643452e+002
1.094000 5.584855e+002
1.096000 5.527018e+002
1.098000 5.469948e+002
1.100000 5.413649e+002
1.102000 5.358127e+002
1.104000 5.303386e+002
1.106000 5.249429e+002
1.108000 5.196261e+002
1.110000 5.143884e+002
1.112000 5.092300e+002
1.114000 5.041512e+002
1.116000 4.991521e+002
1.118000 4.942327e+002
1.120000 4.893933e+002
1.122000 4.846336e+002
1.124000 4.799538e+002
1.126000 4.753538e+002
1.128000 4.708334e+002
1.130000 4.663926e+002
1.132000 4.620310e+002
1.134000 4.577484e+002
1.136000 4.535447e+002
1.138000 4.494194e+002
1.140000 4.453722e+002
1.142000 4.414027e+002
1.144000 4.375106e+002
1.146000 4.336953e+002
1.148000 4.299563e+002
1.150000 4.262932e+002
1.152000 4.227054e+002
1.154000 4.191923e+002
1.156000 4.157533e+002
1.158000 4.123877e+002
1.160000 4.090950e+002
1.162000 4.058743e+002
1.164000 4.027251e+002
1.166000 3.996465e+002
1.168000 3.966378e+002
1.170000 3.936983e+002
1.172000 3.908270e+002
1.174000 3.880233e+002
1.176000 3.852863e+002
1.178000 3.826151e+002
1.180000 3.800089e+002
1.182000 3.774667e+002
1.184000 3.749877e+002
1.186000 3.725710e+002
1.188000 3.702157e+002
1.190000 3.679208e+002
1.192000 3.656854e+002
1.194000 3.635086e+002
1.196000 3.613894e+002
1.198000 3.593268e+002
1.200000 3.573199e+002
1.202000 3.553678e+002
1.204000 3.534694e+002
1.206000 3.516237e+002
1.208000 3.498299e+002
1.210000 3.480870e+002
1.212000 3.463938e+002
1.214000 3.447496e+002
1.216000 3.431533e+002
1.218000 3.416039e+002
1.220000 3.401005e+002
1.222000 3.386421e+002
1.224000 3.372278e+002
1.226000 3.358566e+002
1.228000 3.345275e+002
1.230000 3.332396e+002
1.232000 3.319921e+002
1.234000 3.307838e+002
1.236000 3.296140e+002
1.238000 3.284817e+002
1.240000 3.273861e+002
1.242000 3.263262e+002
1.244000 3.253011e+002
1.246000 3.243100e+002
1.248000 3.233520e+002
1.250000 3.224262e+002
1.252000 3.215319e+002
1.254000 3.206682e+002
1.256000 3.198342e+002
1.258000 3.190292e+002
1.260000 3.182524e+002
1.262000 3.175030e+002
1.264000 3.167802e+002
1.266000 3.160833e+002
1.268000 3.154115e+002
1.270000 3.147641e+002
1.272000 3.141404e+002
1.274000 3.135397e+002
1.276000 3.129613e+002
1.278000 3.124046e+002
1.280000 3.118688e+002
1.282000 3.113533e+002
1.284000 3.108575e+002
1.286000 3.103807e+002
1.288000 3.099225e+002
1.290000 3.094820e+002
1.292000 3.090589e+002
1.294000 3.086525e+002
1.296000 3.082622e+002
1.298000 3.078876e+002
1.300000 3.075281e+002
1.302000 3.071831e+002
1.304000 3.068523e+002
1.306000 3.065350e+002
1.308000 3.062309e+002
1.310000 3.059394e+002
1.312000 3.056601e+002
1.314000 3.053926e+002
1.316000 3.051365e+002
1.318000 3.048913e+002
1.320000 3.046566e+002
1.322000 3.044320e+002
1.324000 3.042172e+002
1.326000 3.040118e+002
1.328000 3.038155e+002
1.330000 3.036278e+002
1.332000 3.034485e+002
1.334000 3.032772e+002
1.336000 3.031136e+002
1.338000 3.029575e+002
1.340000 3.028084e+002
1.342000 3.026662e+002
1.344000 3.025306e+002
1.346000 3.024012e+002
1.348000 3.022779e+002
1.350000 3.021603e+002
1.352000 3.020483e+002
1.354000 3.019416e+002
1.356000 3.018400e+002
1.358000 3.017433e+002
1.360000 3.016512e+002
1.362000 3.015636e+002
1.364000 3.014803e+002
1.366000 3.014010e+002
1.368000 3.013257e+002
1.370000 3.012540e+002
1.372000 3.011860e+002
1.374000 3.011213e+002
1.376000 3.010599e+002
1.378000 3.010016e+002
1.380000 3.009463e+002
1.382000 3.008938e+002
1.384000 3.008440e+002
1.386000 3.007967e+002
1.388000 3.007519e+002
1.390000 3.007095e+002
1.392000 3.006692e+002
1.394000 3.006311e+002
1.396000 3.005950e+002
1.398000 3.005609e+002
1.400000 3.005285e+002
1.402000 3.004979e+002
1.404000 3.004689e+002
1.406000 3.004415e+002
1.408000 3.004156e+002
1.410000 3.003912e+002
1.412000 3.003680e+002
1.414000 3.003462e+002
1.416000 3.003255e+002
1.418000 3.003060e+002
1.420000 3.002876e+002
1.422000 3.002703e+002
1.424000 3.002539e+002
1.426000 3.002384e+002
1.428000 3.002239e+002
1.430000 3.002101e+002
1.432000 3.001972e+002
1.434000 3.001850e+002
1.436000 3.001735e+002
1.438000 3.001627e+002
1.440000 3.001525e+002
1.442000 3.001429e+002
1.444000 3.001339e+002
1.446000 3.001254e+002
1.448000 3.001175e+002
1.450000 3.001100e+002
1.452000 3.001029e+002
1.454000 3.000963e+002
1.456000 3.000901e+002
1.458000 3.000843e+002
1.460000 3.000788e+002
1.462000 3.000736e+002
1.464000 3.000688e+002
1.466000 3.000643e+002
1.468000 3.000601e+002
1.470000 3.000561e+002
1.472000 3.000523e+002
1.474000 3.000489e+002
1.476000 3.000456e+002
1.478000 3.000425e+002
1.480000 3.000396e+002
1.482000 3.000370e+002
1.484000 3.000344e+002
1.486000 3.000321e+002
1.488000 3.000299e+002
1.490000 3.000278e+002
1.492000 3.000259e+002
1.494000 3.000241e+002
1.496000 3.000225e+002
1.498000 3.000209e+002
1.500000 3.000194e+002
1.502000 3.000181e+002
1.504000 3.000168e+002
1.506000 3.000156e+002
1.508000 3.000145e+002
1.510000 3.000135e+002
1.512000 3.000125e+002
1.514000 3.000116e+002
1.516000 3.000108e+002
1.518000 3.000100e+002
1.520000 3.000093e+002
1.522000 3.000086e+002
1.524000 3.000080e+002
1.526000 3.000074e+002
1.528000 3.000069e+002
1.530000 3.000063e+002
1.532000 3.000059e+002
1.534000 3.000054e+002
1.536000 3.000050e+002
1.538000 3.000047e+002
1.540000 3.000043e+002
1.542000 3.000040e+002
1.544000 3.000037e+002
1.546000 3.000034e+002
1.548000 3.000032e+002
1.550000 3.000029e+002
1.552000 3.000027e+002
1.554000 3.000025e+002
1.556000 3.000023e+002
1.558000 3.000021e+002
1.560000 3.000020e+002
1.562000 3.000018e+002
1.564000 3.000017e+002
1.566000 3.000015e+002
1.568000 3.000014e+002
1.570000 3.000013e+002
1.572000 3.000012e+002
1.574000 3.000011e+002
1.576000 3.000010e+002
1.578000 3.000009e+002
1.580000 3.000009e+002
1.582000 3.000008e+002
1.584000 3.000007e+002
1.586000 3.000007e+002
1.588000 3.000006e+002
1.590000 3.000006e+002
1.592000 3.000005e+002
1.594000 3.000005e+002
1.596000 3.000004e+002
1.598000 3.000004e+002
1.600000 3.000004e+002
1.602000 3.000003e+002
1.604000 3.000003e+002
1.606000 3.000003e+002
1.608000 3.000003e+002
1.610000 3.000002e+002
1.612000 3.000002e+002
1.614000 3.000002e+002
1.616000 3.000002e+002
1.618000 3.000002e+002
1.620000 3.000002e+002
1.622000 3.000001e+002
1.624000 3.000001e+002
1.626000 3.000001e+002
1.628000 3.000001e+002
1.630000 3.000001e+002
1.632000 3.000001e+002
1.634000 3.000001e+002
1.636000 3.000001e+002
1.638000 3.000001e+002
1.640000 3.000001e+002
1.642000 3.000001e+002
1.644000 3.000001e+002
1.646000 3.000000e+002
1.648000 3.000000e+002
1.650000 3.000000e+002
1.652000 3.000000e+002
1.654000 3.000000e+002
1.656000 3.000000e+002
1.658000 3.000000e+002
1.660000 3.000000e+002
1.662000 3.000000e+002
1.664000 3.000000e+002
1.666000 3.000000e+002
1.668000 3.000000e+002
1.670000 3.000000e+002
1.672000 3.000000e+002
1.674000 3.000000e+002
1.676000 3.000000e+002
1.678000 3.000000e+002
1.680000 3.000000e+002
1.682000 3.000000e+002
1.684000 3.000000e+002
1.686000 3.000000e+002
1.688000 3.000000e+002
1.690000 3.000000e+002
1.692000 3.000000e+002
1.694000 3.000000e+002
1.696000 3.000000e+002
1.698000 3.000000e+002
1.700000 3.000000e+002
1.702000 3.000000e+002
1.704000 3.000000e+002
1.706000 3.000000e+002
1.708000 3.000000e+002
1.710000 3.000000e+002
1.712000 3.000000e+002
1.714000 3.000000e+002
1.716000 3.000000e+002
1.718000 3.000000e+002
1.720000 3.000000e+002
1.722000 3.000000e+002
1.724000 3.000000e+002
1.726000 3.000000e+002
1.728000 3.000000e+002
1.730000 3.000000e+002
1.732000 3.000000e+002
1.734000 3.000000e+002
1.736000 3.000000e+002
1.738000 3.000000e+002
1.740000 3.000000e+002
1.742000 3.000000e+002
1.744000 3.000000e+002
1.746000 3.000000e+002
1.748000 3.000000e+002
1.750000 3.000000e+002
1.752000 3.000000e+002
1.754000 3.000000e+002
1.756000 3.000000e+002
1.758000 3.000000e+002
1.760000 3.000000e+002
1.762000 3.000000e+002
1.764000 3.000000e+002
1.766000 3.000000e+002
1.768000 3.000000e+002
1.770000 3.000000e+002
1.772000 3.000000e+002
1.774000 3.000000e+002
1.776000 3.000000e+002
1.778000 3.000000e+002
1.780000 3.000000e+002
1.782000 3.000000e+002
1.784000 3.000000e+002
1.786000 3.000000e+002
1.788000 3.000000e+002
1.790000 3.000000e+002
1.792000 3.000000e+002
1.794000 3.000000e+002
1.796000 3.000000e+002
1.798000 3.000000e+002
1.800000 3.000000e+002
1.802000 3.000000e+002
1.804000 3.000000e+002
1.806000 3.000000e+002
1.808000 3.000000e+002
1.810000 3.000000e+002
1.812000 3.000000e+002
1.814000 3.000000e+002
1.816000 3.000000e+002
1.818000 3.000000e+002
1.820000 3.000000e+002
1.822000 3.000000e+002
1.824000 3.000000e+002
1.826000 3.000000e+002
1.828000 3.000000e+002
1.830000 3.000000e+002
1.832000 3.000000e+002
1.834000 3.000000e+002
1.836000 3.000000e+002
1.838000 3.000000e+002
1.840000 3.000000e+002
1.842000 3.000000e+002
1.844000 3.000000e+002
1.846000 3.000000e+002
1.848000 3.000000e+002
1.850000 3.000000e+002
1.852000 3.000000e+002
1.854000 3.000000e+002
1.856000 3.000000e+002
1.858000 3.000000e+002
1.860000 3.000000e+002
1.862000 3.000000e+002
1.864000 3.000000e+002
1.866000 3.000000e+002
1.868000 3.000000e+002
1.870000 3.000000e+002
1.872000 3.000000e+002
1.874000 3.000000e+002
1.876000 3.000000e+002
1.878000 3.000000e+002
1.880000 3.000000e+002
1.882000 3.000000e+002
1.884000 3.000000e+002
1.886000 3.000000e+002
1.888000 3.000000e+002
1.890000 3.000000e+002
1.892000 3.000000e+002
1.894000 3.000000e+002
1.896000 3.000000e+002
1.898000 3.000000e+002
1.900000 3.000000e+002
1.902000 3.000000e+002
1.904000 3.000000e+002
1.906000 3.000000e+002
1.908000 3.000000e+002
1.910000 3.000000e+002
1.912000 3.000000e+002
1.914000 3.000000e+002
1.916000 3.000000e+002
1.918000 3.000000e+002
1.920000 3.000000e+002
1.922000 3.000000e+002
1.924000 3.000000e+002
1.926000 3.000000e+002
1.928000 3.000000e+002
1.930000 3.000000e+002
1.932000 3.000000e+002
1.934000 3.000000e+002
1.936000 3.000000e+002
1.938000 3.000000e+002
1.940000 3.000000e+002
1.942000 3.000000e+002
1.944000 3.000000e+002
1.946000 3.000000e+002
1.948000 3.000000e+002
1.950000 3.000000e+002
1.952000 3.000000e+002
1.954000 3.000000e+002
1.956000 3.000000e+002
1.958000 3.000000e+002
1.960000 3.000000e+002
1.962000 3.000000e+002
1.964000 3.000000e+002
1.966000 3.000000e+002
1.968000 3.000000e+002
1.970000 3.000000e+002
1.972000 3.000000e+002
1.974000 3.000000e+002
1.976000 3.000000e+002
1.978000 3.000000e+002
1.980000 3.000000e+002
1.982000 3.000000e+002
1.984000 3.000000e+002
1.986000 3.000000e+002
1.988000 3.000000e+002
1.990000 3.000000e+002
1.992000 3.000000e+002
1.994000 3.000000e+002
1.996000 3.000000e+002
1.998000 3.000000e+002
2.000000 3.000000e+002
2.002000 3.000000e+002
2.004000 3.000000e+002
2.006000 3.000000e+002
2.008000 3.000000e+002
2.010000 3.000000e+002
2.012000 3.000000e+002
2.014000 3.000000e+002
2.016000 3.000000e+002
2.018000 3.000000e+002
2.020000 3.000000e+002
2.022000 3.000000e+002
2.024000 3.000000e+002
2.026000 3.000000e+002
2.028000 3.000000e+002
2.030000 3.000000e+002
2.032000 3.000000e+002
2.034000 3.000000e+002
2.036000 3.000000e+002
2.038000 3.000000e+002
2.040000 3.000000e+002
2.042000 3.000000e+002
2.044000 3.000000e+002
2.046000 3.000000e+002
2.048000 3.000000e+002
2.050000 3.000000e+002
2.052000 3.000000e+002
2.054000 3.000000e+002
2.056000 3.000000e+002
2.058000 3.000000e+002
2.060000 3.000000e+002
2.062000 3.000000e+002
2.064000 3.000000e+002
2.066000 3.000000e+002
2.068000 3.000000e+002
2.070000 3.000000e+002
2.072000 3.000000e+002
2.074000 3.000000e+002
2.076000 3.000000e+002
2.078000 3.000000e+002
2.080000 3.000000e+002
2.082000 3.000000e+002
2.084000 3.000000e+002
2.086000 3.000000e+002
2.088000 3.000000e+002
2.090000 3.000000e+002
2.092000 3.000000e+002
2.094000 3.000000e+002
2.096000 3.000000e+002
2.098000 3.000000e+002
2.100000 3.000000e+002
2.102000 3.000000e+002
2.104000 3.000000e+002
2.106000 3.000000e+002
2.108000 3.000000e+002
2.110000 3.000000e+002
2.112000 3.000000e+002
2.114000 3.000000e+002
2.116000 3.000000e+002
2.118000 3.000000e+002
2.120000 3.000000e+002
2.122000 3.000000e+002
2.124000 3.000000e+002
2.126000 3.000000e+002
2.128000 3.000000e+002
2.130000 3.000000e+002
2.132000 3.000000e+002
2.134000 3.000000e+002
2.136000 3.000000e+002
2.138000 3.000000e+002
2.140000 3.000000e+002
2.142000 3.000000e+002
2.144000 3.000000e+002
2.146000 3.000000e+002
2.148000 3.000000e+002
2.150000 3.000000e+002
2.152000 3.000000e+002
2.154000 3.000000e+002
2.156000 3.000000e+002
2.158000 3.000000e+002
2.160000 3.000000e+002
2.162000 3.000000e+002
2.164000 3.000000e+002
2.166000 3.000000e+002
2.168000 3.000000e+002
2.170000 3.000000e+002
2.172000 3.000000e+002
2.174000 3.000000e+002
2.176000 3.000000e+002
2.178000 3.000000e+002
2.180000 3.000000e+002
2.182000 3.000000e+002
2.184000 3.000000e+002
2.186000 3.000000e+002
2.188000 3.000000e+002
2.190000 3.000000e+002
2.192000 3.000000e+002
2.194000 3.000000e+002
2.196000 3.000000e+002
2.198000 3.000000e+002
2.200000 3.000000e+002
2.202000 3.000000e+002
2.204000 3.000000e+002
2.206000 3.000000e+002
2.208000 3.000000e+002
2.210000 3.000000e+002
2.212000 3.000000e+002
2.214000 3.000000e+002
2.216000 3.000000e+002
2.218000 3.000000e+002
2.220000 3.000000e+002
2.222000 3.000000e+002
2.224000 3.000000e+002
2.226000 3.000000e+002
2.228000 3.000000e+002
2.230000 3.000000e+002
2.232000 3.000000e+002
2.234000 3.000000e+002
2.236000 3.000000e+002
2.238000 3.000000e+002
2.240000 3.000000e+002
2.242000 3.000000e+002
2.244000 3.000000e+002
2.246000 3.000000e+002
2.248000 3.000000e+002
2.250000 3.000000e+002
2.252000 3.000000e+002
2.254000 3.000000e+002
2.256000 3.000000e+002
2.258000 3.000000e+002
2.260000 3.000000e+002
2.262000 3.000000e+002
2.264000 3.000000e+002
2.266000 3.000000e+002
2.268000 3.000000e+002
2.270000 3.000000e+002
2.272000 3.000000e+002
2.274000 3.000000e+002
2.276000 3.000000e+002
2.278000 3.000000e+002
2.280000 3.000000e+002
2.282000 3.000000e+002
2.284000 3.000000e+002
2.286000 3.000000e+002
2.288000 3.000000e+002
2.290000 3.000000e+002
2.292000 3.000000e+002
2.294000 3.000000e+002
2.296000 3.000000e+002
2.298000 3.000000e+002
2.300000 3.000000e+002
2.302000 3.000000e+002
2.304000 3.000000e+002
2.306000 3.000000e+002
2.308000 3.000000e+002
2.310000 3.000000e+002
2.312000 3.000000e+002
2.314000 3.000000e+002
2.316000 3.000000e+002
2.318000 3.000000e+002
2.320000 3.000000e+002
2.322000 3.000000e+002
2.324000 3.000000e+002
2.326000 3.000000e+002
2.328000 3.000000e+002
2.330000 3.000000e+002
2.332000 3.000000e+002
2.334000 3.000000e+002
2.336000 3.000000e+002
2.338000 3.000000e+002
2.340000 3.000000e+002
2.342000 3.000000e+002
2.344000 3.000000e+002
2.346000 3.000000e+002
2.348000 3.000000e+002
2.350000 3.000000e+002
2.352000 3.000000e+002
2.354000 3.000000e+002
2.356000 3.000000e+002
2.358000 3.000000e+002
2.360000 3.000000e+002
2.362000 3.000000e+002
2.364000 3.000000e+002
2.366000 3.000000e+002
2.368000 3.000000e+002
2.370000 3.000000e+002
2.372000 3.000000e+002
2.374000 3.000000e+002
2.376000 3.000000e+002
2.378000 3.000000e+002
2.380000 3.000000e+002
2.382000 3.000000e+002
2.384000 3.000000e+002
2.386000 3.000000e+002
2.388000 3.000000e+002
2.390000 3.000000e+002
2.392000 3.000000e+002
2.394000 3.000000e+002
2.396000 3.000000e+002
2.398000 3.000000e+002
2.400000 3.000000e+002
2.402000 3.000000e+002
2.404000 3.000000e+002
2.406000 3.000000e+002
2.408000 3.000000e+002
2.410000 3.000000e+002
2.412000 3.000000e+002
2.414000 3.000000e+002
2.416000 3.000000e+002
2.418000 3.000000e+002
2.420000 3.000000e+002
2.422000 3.000000e+002
2.424000 3.000000e+002
2.426000 3.000000e+002
2.428000 3.000000e+002
2.430000 3.000000e+002
2.432000 3.000000e+002
2.434000 3.000000e+002
2.436000 3.000000e+002
2.438000 3.000000e+002
2.440000 3.000000e+002
2.442000 3.000000e+002
2.444000 3.000000e+002
2.446000 3.000000e+002
2.448000 3.000000e+002
2.450000 3.000000e+002
2.452000 3.000000e+002
2.454000 3.000000e+002
2.456000 3.000000e+002
2.458000 3.000000e+002
2.460000 3.000000e+002
2.462000 3.000000e+002
2.464000 3.000000e+002
2.466000 3.000000e+002
2.468000 3.000000e+002
2.470000 3.000000e+002
2.472000 3.000000e+002
2.474000 3.000000e+002
2.476000 3.000000e+002
2.478000 3.000000e+002
2.480000 3.000000e+002
2.482000 3.000000e+002
2.484000 3.000000e+002
2.486000 3.000000e+002
2.488000 3.000000e+002
2.490000 3.000000e+002
2.492000 3.000000e+002
2.494000 3.000000e+002
2.496000 3.000000e+002
2.498000 3.000000e+002
2.500000 3.000000e+002
2.502000 3.000000e+002
2.504000 3.000000e+002
2.506000 3.000000e+002
2.508000 3.000000e+002
2.510000 3.000000e+002
2.512000 3.000000e+002
2.514000 3.000000e+002
2.516000 3.000000e+002
2.518000 3.000000e+002
2.520000 3.000000e+002
2.522000 3.000000e+002
2.524000 3.000000e+002
2.526000 3.000000e+002
2.528000 3.000000e+002
2.530000 3.000000e+002
2.532000 3.000000e+002
2.534000 3.000000e+002
2.536000 3.000000e+002
2.538000 3.000000e+002
2.540000 3.000000e+002
2.542000 3.000000e+002
2.544000 3.000000e+002
2.546000 3.000000e+002
2.548000 3.000000e+002
2.550000 3.000000e+002
2.552000 3.000000e+002
2.554000 3.000000e+002
2.556000 3.000000e+002
2.558000 3.000000e+002
2.560000 3.000000e+002
2.562000 3.000000e+002
2.564000 3.000000e+002
2.566000 3.000000e+002
2.568000 3.000000e+002
2.570000 3.000000e+002
2.572000 3.000000e+002
2.574000 3.000000e+002
2.576000 3.000000e+002
2.578000 3.000000e+002
2.580000 3.000000e+002
2.582000 3.000000e+002
2.584000 3.000000e+002
2.586000 3.000000e+002
2.588000 3.000000e+002
2.590000 3.000000e+002
2.592000 3.000000e+002
2.594000 3.000000e+002
2.596000 3.000000e+002
2.598000 3.000000e+002
2.600000 3.000000e+002
2.602000 3.000000e+002
2.604000 3.000000e+002
2.606000 3.000000e+002
2.608000 3.000000e+002
2.610000 3.000000e+002
2.612000 3.000000e+002
2.614000 3.000000e+002
2.616000 3.000000e+002
2.618000 3.000000e+002
2.620000 3.000000e+002
2.622000 3.000000e+002
2.624000 3.000000e+002
2.626000 3.000000e+002
2.628000 3.000000e+002
2.630000 3.000000e+002
2.632000 3.000000e+002
2.634000 3.000000e+002
2.636000 3.000000e+002
2.638000 3.000000e+002
2.640000 3.000000e+002
2.642000 3.000000e+002
2.644000 3.000000e+002
2.646000 3.000000e+002
2.648000 3.000000e+002
2.650000 3.000000e+002
2.652000 3.000000e+002
2.654000 3.000000e+002
2.656000 3.000000e+002
2.658000 3.000000e+002
2.660000 3.000000e+002
2.662000 3.000000e+002
2.664000 3.000000e+002
2.666000 3.000000e+002
2.668000 3.000000e+002
2.670000 3.000000e+002
2.672000 3.000000e+002
2.674000 3.000000e+002
2.676000 3.000000e+002
2.678000 3.000000e+002
2.680000 3.000000e+002
2.682000 3.000000e+002
2.684000 3.000000e+002
2.686000 3.000000e+002
2.688000 3.000000e+002
2.690000 3.000000e+002
2.692000 3.000000e+002
2.694000 3.000000e+002
2.696000 3.000000e+002
2.698000 3.000000e+002
2.700000 3.000000e+002
2.702000 3.000000e+002
2.704000 3.000000e+002
2.706000 3.000000e+002
2.708000 3.000000e+002
2.710000 3.000000e+002
2.712000 3.000000e+002
2.714000 3.000000e+002
2.716000 3.000000e+002
2.718000 3.000000e+002
2.720000 3.000000e+002
2.722000 3.000000e+002
2.724000 3.000000e+002
2.726000 3.000000e+002
2.728000 3.000000e+002
2.730000 3.000000e+002
2.732000 3.000000e+002
2.734000 3.000000e+002
2.736000 3.000000e+002
2.738000 3.000000e+002
2.740000 3.000000e+002
2.742000 3.000000e+002
2.744000 3.000000e+002
2.746000 3.000000e+002
2.748000 3.000000e+002
2.750000 3.000000e+002
2.752000 3.000000e+002
2.754000 3.000000e+002
2.756000 3.000000e+002
2.758000 3.000000e+002
2.760000 3.000000e+002
2.762000 3.000000e+002
2.764000 3.000000e+002
2.766000 3.000000e+002
2.768000 3.000000e+002
2.770000 3.000000e+002
2.772000 3.000000e+002
2.774000 3.000000e+002
2.776000 3.000000e+002
2.778000 3.000000e+002
2.780000 3.000000e+002
2.782000 3.000000e+002
2.784000 3.000000e+002
2.786000 3.000000e+002
2.788000 3.000000e+002
2.790000 3.000000e+002
2.792000 3.000000e+002
2.794000 3.000000e+002
2.796000 3.000000e+002
2.798000 3.000000e+002
2.800000 3.000000e+002
2.802000 3.000000e+002
2.804000 3.000000e+002
2.806000 3.000000e+002
2.808000 3.000000e+002
2.810000 3.000000e+002
2.812000 3.000000e+002
2.814000 3.000000e+002
2.816000 3.000000e+002
2.818000 3.000000e+002
2.820000 3.000000e+002
2.822000 3.000000e+002
2.824000 3.000000e+002
2.826000 3.000000e+002
2.828000 3.000000e+002
2.830000 3.000000e+002
2.832000 3.000000e+002
2.834000 3.000000e+002
2.836000 3.000000e+002
2.838000 3.000000e+002
2.840000 3.000000e+002
2.842000 3.000000e+002
2.844000 3.000000e+002
2.846000 3.000000e+002
2.848000 3.000000e+002
2.850000 3.000000e+002
2.852000 3.000000e+002
2.854000 3.000000e+002
2.856000 3.000000e+002
2.858000 3.000000e+002
2.860000 3.000000e+002
2.862000 3.000000e+002
2.864000 3.000000e+002
2.866000 3.000000e+002
2.868000 3.000000e+002
2.870000 3.000000e+002
2.872000 3.000000e+002
2.874000 3.000000e+002
2.876000 3.000000e+002
2.878000 3.000000e+002
2.880000 3.000000e+002
2.882000 3.000000e+002
2.884000 3.000000e+002
2.886000 3.000000e+002
2.888000 3.000000e+002
2.890000 3.000000e+002
2.892000 3.000000e+002
2.894000 3.000000e+002
2.896000 3.000000e+002
2.898000 3.000000e+002
2.900000 3.000000e+002
2.902000 3.000000e+002
2.904000 3.000000e+002
2.906000 3.000000e+002
2.908000 3.000000e+002
2.910000 3.000000e+002
2.912000 3.000000e+002
2.914000 3.000000e+002
2.916000 3.000000e+002
2.918000 3.000000e+002
2.920000 3.000000e+002
2.922000 3.000000e+002
2.924000 3.000000e+002
2.926000 3.000000e+002
2.928000 3.000000e+002
2.930000 3.000000e+002
2.932000 3.000000e+002
2.934000 3.000000e+002
2.936000 3.000000e+002
2.938000 3.000000e+002
2.940000 3.000000e+002
2.942000 3.000000e+002
2.944000 3.000000e+002
2.946000 3.000000e+002
2.948000 3.000000e+002
2.950000 3.000000e+002
2.952000 3.000000e+002
2.954000 3.000000e+002
2.956000 3.000000e+002
2.958000 3.000000e+002
2.960000 3.000000e+002
2.962000 3.000000e+002
2.964000 3.000000e+002
2.966000 3.000000e+002
2.968000 3.000000e+002
2.970000 3.000000e+002
2.972000 3.000000e+002
2.974000 3.000000e+002
2.976000 3.000000e+002
2.978000 3.000000e+002
2.980000 3.000000e+002
2.982000 3.000000e+002
2.984000 3.000000e+002
2.986000 3.000000e+002
2.988000 3.000000e+002
2.990000 3.000000e+002
2.992000 3.000000e+002
2.994000 3.000000e+002
2.996000 3.000000e+002
2.998000 3.000000e+002
3.000000 3.000000e+002
3.002000 3.000000e+002
3.004000 3.000000e+002
3.006000 3.000000e+002
3.008000 3.000000e+002
3.010000 3.000000e+002
3.012000 3.000000e+002
3.014000 3.000000e+002
3.016000 3.000000e+002
3.018000 3.000000e+002
3.020000 3.000000e+002
3.022000 3.000000e+002
3.024000 3.000000e+002
3.026000 3.000000e+002
3.028000 3.000000e+002
3.030000 3.000000e+002
3.032000 3.000000e+002
3.034000 3.000000e+002
3.036000 3.000000e+002
3.038000 3.000000e+002
3.040000 3.000000e+002
3.042000 3.000000e+002
3.044000 3.000000e+002
3.046000 3.000000e+002
3.048000 3.000000e+002
3.050000 3.000000e+002
3.052000 3.000000e+002
3.054000 3.000000e+002
3.056000 3.000000e+002
3.058000 3.000000e+002
3.060000 3.000000e+002
3.062000 3.000000e+002
3.064000 3.000000e+002
3.066000 3.000000e+002
3.068000 3.000000e+002
3.070000 3.000000e+002
3.072000 3.000000e+002
3.074000 3.000000e+002
3.076000 3.000000e+002
3.078000 3.000000e+002
3.080000 3.000000e+002
3.082000 3.000000e+002
3.084000 3.000000e+002
3.086000 3.000000e+002
3.088000 3.000000e+002
3.090000 3.000000e+002
3.092000 3.000000e+002
3.094000 3.000000e+002
3.096000 3.000000e+002
3.098000 3.000000e+002
3.100000 3.000000e+002
3.102000 3.000000e+002
3.104000 3.000000e+002
3.106000 3.000000e+002
3.108000 3.000000e+002
3.110000 3.000000e+002
3.112000 3.000000e+002
3.114000 3.000000e+002
3.116000 3.000000e+002
3.118000 3.000000e+002
3.120000 3.000000e+002
3.122000 3.000000e+002
3.124000 3.000000e+002
3.126000 3.000000e+002
3.128000 3.000000e+002
3.130000 3.000000e+002
3.132000 3.000000e+002
3.134000 3.000000e+002
3.136000 3.000000e+002
3.138000 3.000000e+002
3.140000 3.000000e+002
3.142000 3.000000e+002
3.144000 3.000000e+002
3.146000 3.000000e+002
3.148000 3.000000e+002
3.150000 3.000000e+002
3.152000 3.000000e+002
3.154000 3.000000e+002
3.156000 3.000000e+002
3.158000 3.000000e+002
3.160000 3.000000e+002
3.162000 3.000000e+002
3.164000 3.000000e+002
3.166000 3.000000e+002
3.168000 3.000000e+002
3.170000 3.000000e+002
3.172000 3.000000e+002
3.174000 3.000000e+002
3.176000 3.000000e+002
3.178000 3.000000e+002
3.180000 3.000000e+002
3.182000 3.000000e+002
3.184000 3.000000e+002
3.186000 3.000000e+002
3.188000 3.000000e+002
3.190000 3.000000e+002
3.192000 3.000000e+002
3.194000 3.000000e+002
3.196000 3.000000e+002
3.198000 3.000000e+002
3.200000 3.000000e+002
3.202000 3.000000e+002
3.204000 3.000000e+002
3.206000 3.000000e+002
3.208000 3.000000e+002
3.210000 3.000000e+002
3.212000 3.000000e+002
3.214000 3.000000e+002
3.216000 3.000000e+002
3.218000 3.000000e+002
3.220000 3.000000e+002
3.222000 3.000000e+002
3.224000 3.000000e+002
3.226000 3.000000e+002
3.228000 3.000000e+002
3.230000 3.000000e+002
3.232000 3.000000e+002
3.234000 3.000000e+002
3.236000 3.000000e+002
3.238000 3.000000e+002
3.240000 3.000000e+002
3.242000 3.000000e+002
3.244000 3.000000e+002
3.246000 3.000000e+002
3.248000 3.000000e+002
3.250000 3.000000e+002
3.252000 3.000000e+002
3.254000 3.000000e+002
3.256000 3.000000e+002
3.258000 3.000000e+002
3.260000 3.000000e+002
3.262000 3.000000e+002
3.264000 3.000000e+002
3.266000 3.000000e+002
3.268000 3.000000e+002
3.270000 3.000000e+002
3.272000 3.000000e+002
3.274000 3.000000e+002
3.276000 3.000000e+002
3.278000 3.000000e+002
3.280000 3.000000e+002
3.282000 3.000000e+002
3.284000 3.000000e+002
3.286000 3.000000e+002
3.288000 3.000000e+002
3.290000 3.000000e+002
3.292000 3.000000e+002
3.294000 3.000000e+002
3.296000 3.000000e+002
3.298000 3.000000e+002
3.300000 3.000000e+002
3.302000 3.000000e+002
3.304000 3.000000e+002
3.306000 3.000000e+002
3.308000 3.000000e+002
3.310000 3.000000e+002
3.312000 3.000000e+002
3.314000 3.000000e+002
3.316000 3.000000e+002
3.318000 3.000000e+002
3.320000 3.000000e+002
3.322000 3.000000e+002
3.324000 3.000000e+002
3.326000 3.000000e+002
3.328000 3.000000e+002
3.330000 3.000000e+002
3.332000 3.000000e+002
3.334000 3.000000e+002
3.336000 3.000000e+002
3.338000 3.000000e+002
3.340000 3.000000e+002
3.342000 3.000000e+002
3.344000 3.000000e+002
3.346000 3.000000e+002
3.348000 3.000000e+002
3.350000 3.000000e+002
3.352000 3.000000e+002
3.354000 3.000000e+002
3.356000 3.000000e+002
3.358000 3.000000e+002
3.360000 3.000000e+002
3.362000 3.000000e+002
3.364000 3.000000e+002
3.366000 3.000000e+002
3.368000 3.000000e+002
3.370000 3.000000e+002
3.372000 3.000000e+002
3.374000 3.000000e+002
3.376000 3.000000e+002
3.378000 3.000000e+002
3.380000 3.000000e+002
3.382000 3.000000e+002
3.384000 3.000000e+002
3.386000 3.000000e+002
3.388000 3.000000e+002
3.390000 3.000000e+002
3.392000 3.000000e+002
3.394000 3.000000e+002
3.396000 3.000000e+002
3.398000 3.000000e+002
3.400000 3.000000e+002
3.402000 3.000000e+002
3.404000 3.000000e+002
3.406000 3.000000e+002
3.408000 3.000000e+002
3.410000 3.000000e+002
3.412000 3.000000e+002
3.414000 3.000000e+002
3.416000 3.000000e+002
3.418000 3.000000e+002
3.420000 3.000000e+002
3.422000 3.000000e+002
3.424000 3.000000e+002
3.426000 3.000000e+002
3.428000 3.000000e+002
3.430000 3.000000e+002
3.432000 3.000000e+002
3.434000 3.000000e+002
3.436000 3.000000e+002
3.438000 3.000000e+002
3.440000 3.000000e+002
3.442000 3.000000e+002
3.444000 3.000000e+002
3.446000 3.000000e+002
3.448000 3.000000e+002
3.450000 3.000000e+002
3.452000 3.000000e+002
3.454000 3.000000e+002
3.456000 3.000000e+002
3.458000 3.000000e+002
3.460000 3.000000e+002
3.462000 3.000000e+002
3.464000 3.000000e+002
3.466000 3.000000e+002
3.468000 3.000000e+002
3.470000 3.000000e+002
3.472000 3.000000e+002
3.474000 3.000000e+002
3.476000 3.000000e+002
3.478000 3.000000e+002
3.480000 3.000000e+002
3.482000 3.000000e+002
3.484000 3.000000e+002
3.486000 3.000000e+002
3.488000 3.000000e+002
3.490000 3.000000e+002
3.492000 3.000000e+002
3.494000 3.000000e+002
3.496000 3.000000e+002
3.498000 3.000000e+002
3.500000 3.000000e+002
3.502000 3.000000e+002
3.504000 3.000000e+002
3.506000 3.000000e+002
3.508000 3.000000e+002
3.510000 3.000000e+002
3.512000 3.000000e+002
3.514000 3.000000e+002
3.516000 3.000000e+002
3.518000 3.000000e+002
3.520000 3.000000e+002
3.522000 3.000000e+002
3.524000 3.000000e+002
3.526000 3.000000e+002
3.528000 3.000000e+002
3.530000 3.000000e+002
3.532000 3.000000e+002
3.534000 3.000000e+002
3.536000 3.000000e+002
3.538000 3.000000e+002
3.540000 3.000000e+002
3.542000 3.000000e+002
3.544000 3.000000e+002
3.546000 3.000000e+002
3.548000 3.000000e+002
3.550000 3.000000e+002
3.552000 3.000000e+002
3.554000 3.000000e+002
3.556000 3.000000e+002
3.558000 3.000000e+002
3.560000 3.000000e+002
3.562000 3.000000e+002
3.564000 3.000000e+002
3.566000 3.000000e+002
3.568000 3.000000e+002
3.570000 3.000000e+002
3.572000 3.000000e+002
3.574000 3.000000e+002
3.576000 3.000000e+002
3.578000 3.000000e+002
3.580000 3.000000e+002
3.582000 3.000000e+002
3.584000 3.000000e+002
3.586000 3.000000e+002
3.588000 3.000000e+002
3.590000 3.000000e+002
3.592000 3.000000e+002
3.594000 3.000000e+002
3.596000 3.000000e+002
3.598000 3.000000e+002
3.600000 3.000000e+002
3.602000 3.000000e+002
3.604000 3.000000e+002
3.606000 3.000000e+002
3.608000 3.000000e+002
3.610000 3.000000e+002
3.612000 3.000000e+002
3.614000 3.000000e+002
3.616000 3.000000e+002
3.618000 3.000000e+002
3.620000 3.000000e+002
3.622000 3.000000e+002
3.624000 3.000000e+002
3.626000 3.000000e+002
3.628000 3.000000e+002
3.630000 3.000000e+002
3.632000 3.000000e+002
3.634000 3.000000e+002
3.636000 3.000000e+002
3.638000 3.000000e+002
3.640000 3.000000e+002
3.642000 3.000000e+002
3.644000 3.000000e+002
3.646000 3.000000e+002
3.648000 3.000000e+002
3.650000 3.000000e+002
3.652000 3.000000e+002
3.654000 3.000000e+002
3.656000 3.000000e+002
3.658000 3.000000e+002
3.660000 3.000000e+002
3.662000 3.000000e+002
3.664000 3.000000e+002
3.666000 3.000000e+002
3.668000 3.000000e+002
3.670000 3.000000e+002
3.672000 3.000000e+002
3.674000 3.000000e+002
3.676000 3.000000e+002
3.678000 3.000000e+002
3.680000 3.000000e+002
3.682000 3.000000e+002
3.684000 3.000000e+002
3.686000 3.000000e+002
3.688000 3.000000e+002
3.690000 3.000000e+002
3.692000 3.000000e+002
3.694000 3.000000e+002
3.696000 3.000000e+002
3.698000 3.000000e+002
3.700000 3.000000e+002
3.702000 3.000000e+002
3.704000 3.000000e+002
3.706000 3.000000e+002
3.708000 3.000000e+002
3.710000 3.000000e+002
3.712000 3.000000e+002
3.714000 3.000000e+002
3.716000 3.000000e+002
3.718000 3.000000e+002
3.720000 3.000000e+002
3.722000 3.000000e+002
3.724000 3.000000e+002
3.726000 3.000000e+002
3.728000 3.000000e+002
3.730000 3.000000e+002
3.732000 3.000000e+002
3.734000 3.000000e+002
3.736000 3.000000e+002
3.738000 3.000000e+002
3.740000 3.000000e+002
3.742000 3.000000e+002
3.744000 3.000000e+002
3.746000 3.000000e+002
3.748000 3.000000e+002
3.750000 3.000000e+002
3.752000 3.000000e+002
3.754000 3.000000e+002
3.756000 3.000000e+002
3.758000 3.000000e+002
3.760000 3.000000e+002
3.762000 3.000000e+002
3.764000 3.000000e+002
3.766000 3.000000e+002
3.768000 3.000000e+002
3.770000 3.000000e+002
3.772000 3.000000e+002
3.774000 3.000000e+002
3.776000 3.000000e+002
3.778000 3.000000e+002
3.780000 3.000000e+002
3.782000 3.000000e+002
3.784000 3.000000e+002
3.786000 3.000000e+002
3.788000 3.000000e+002
3.790000 3.000000e+002
3.792000 3.000000e+002
3.794000 3.000000e+002
3.796000 3.000000e+002
3.798000 3.000000e+002
3.800000 3.000000e+002
3.802000 3.000000e+002
3.804000 3.000000e+002
3.806000 3.000000e+002
3.808000 3.000000e+002
3.810000 3.000000e+002
3.812000 3.000000e+002
3.814000 3.000000e+002
3.816000 3.000000e+002
3.818000 3.000000e+002
3.820000 3.000000e+002
3.822000 3.000000e+002
3.824000 3.000000e+002
3.826000 3.000000e+002
3.828000 3.000000e+002
3.830000 3.000000e+002
3.832000 3.000000e+002
3.834000 3.000000e+002
3.836000 3.000000e+002
3.838000 3.000000e+002
3.840000 3.000000e+002
3.842000 3.000000e+002
3.844000 3.000000e+002
3.846000 3.000000e+002
3.848000 3.000000e+002
3.850000 3.000000e+002
3.852000 3.000000e+002
3.854000 3.000000e+002
3.856000 3.000000e+002
3.858000 3.000000e+002
3.860000 3.000000e+002
3.862000 3.000000e+002
3.864000 3.000000e+002
3.866000 3.000000e+002
3.868000 3.000000e+002
3.870000 3.000000e+002
3.872000 3.000000e+002
3.874000 3.000000e+002
3.876000 3.000000e+002
3.878000 3.000000e+002
3.880000 3.000000e+002
3.882000 3.000000e+002
3.884000 3.000000e+002
3.886000 3.000000e+002
3.888000 3.000000e+002
3.890000 3.000000e+002
3.892000 3.000000e+002
3.894000 3.000000e+002
3.896000 3.000000e+002
3.898000 3.000000e+002
3.900000 3.000000e+002
3.902000 3.000000e+002
3.904000 3.000000e+002
3.906000 3.000000e+002
3.908000 3.000000e+002
3.910000 3.000000e+002
3.912000 3.000000e+002
3.914000 3.000000e+002
3.916000 3.000000e+002
3.918000 3.000000e+002
3.920000 3.000000e+002
3.922000 3.000000e+002
3.924000 3.000000e+002
3.926000 3.000000e+002
3.928000 3.000000e+002
3.930000 3.000000e+002
3.932000 3.000000e+002
3.934000 3.000000e+002
3.936000 3.000000e+002
3.938000 3.000000e+002
3.940000 3.000000e+002
3.942000 3.000000e+002
3.944000 3.000000e+002
3.946000 3.000000e+002
3.948000 3.000000e+002
3.950000 3.000000e+002
3.952000 3.000000e+002
3.954000 3.000000e+002
3.956000 3.000000e+002
3.958000 3.000000e+002
3.960000 3.000000e+002
3.962000 3.000000e+002
3.964000 3.000000e+002
3.966000 3.000000e+002
3.968000 3.000000e+002
3.970000 3.000000e+002
3.972000 3.000000e+002
3.974000 3.000000e+002
3.976000 3.000000e+002
3.978000 3.000000e+002
3.980000 3.000000e+002
3.982000 3.000000e+002
3.984000 3.000000e+002
3.986000 3.000000e+002
3.988000 3.000000e+002
3.990000 3.000000e+002
3.992000 3.000000e+002
3.994000 3.000000e+002
3.996000 3.000000e+002
3.998000 3.000000e+002
