0.000000 3.665057e+002
0.002000 3.739909e+002
0.004000 3.814716e+002
0.006000 3.889475e+002
0.008000 3.964181e+002
0.010000 4.038828e+002
0.012000 4.113414e+002
0.014000 4.187931e+002
0.016000 4.262378e+002
0.018000 4.336748e+002
0.020000 4.411037e+002
0.022000 4.485241e+002
0.024000 4.559355e+002
0.026000 4.633375e+002
0.028000 4.707297e+002
0.030000 4.781115e+002
0.032000 4.854825e+002
0.034000 4.928424e+002
0.036000 5.001906e+002
0.038000 5.075267e+002
0.040000 5.148504e+002
0.042000 5.221611e+002
0.044000 5.294584e+002
0.046000 5.367419e+002
0.048000 5.440112e+002
0.050000 5.512658e+002
0.052000 5.585053e+002
0.054000 5.657294e+002
0.056000 5.729376e+002
0.058000 5.801294e+002
0.060000 5.873045e+002
0.062000 5.944625e+002
0.064000 6.016030e+002
0.066000 6.087255e+002
0.068000 6.158297e+002
0.070000 6.229151e+002
0.072000 6.299814e+002
0.074000 6.370282e+002
0.076000 6.440551e+002
0.078000 6.510618e+002
0.080000 6.580478e+002
0.082000 6.650127e+002
0.084000 6.719563e+002
0.086000 6.788781e+002
0.088000 6.857778e+002
0.090000 6.926549e+002
0.092000 6.995093e+002
0.094000 7.063404e+002
0.096000 7.131480e+002
0.098000 7.199317e+002
0.100000 7.266912e+002
0.102000 7.334261e+002
0.104000 7.401361e+002
0.106000 7.468209e+002
0.108000 7.534802e+002
0.110000 7.601135e+002
0.112000 7.667207e+002
0.114000 7.733014e+002
0.116000 7.798553e+002
0.118000 7.863821e+002
0.120000 7.928815e+002
0.122000 7.993532e+002
0.124000 8.057969e+002
0.126000 8.122124e+002
0.128000 8.185993e+002
0.130000 8.249573e+002
0.132000 8.312863e+002
0.134000 8.375859e+002
0.136000 8.438559e+002
0.138000 8.500960e+002
0.140000 8.563060e+002
0.142000 8.624856e+002
0.144000 8.686346e+002
0.146000 8.747527e+002
0.148000 8.808397e+002
0.150000 8.868953e+002
0.152000 8.929195e+002
0.154000 8.989118e+002
0.156000 9.048722e+002
0.158000 9.108003e+002
0.160000 9.166961e+002
0.162000 9.225593e+002
0.164000 9.283896e+002
0.166000 9.341870e+002
0.168000 9.399512e+002
0.170000 9.456821e+002
0.172000 9.513794e+002
0.174000 9.570430e+002
0.176000 9.626727e+002
0.178000 9.682684e+002
0.180000 9.738299e+002
0.182000 9.793571e+002
0.184000 9.848498e+002
0.186000 9.903078e+002
0.188000 9.957311e+002
0.190000 1.001119e+003
0.192000 1.006473e+003
0.194000 1.011791e+003
0.196000 1.017074e+003
0.198000 1.022321e+003
0.200000 1.027533e+003
0.202000 1.032710e+003
0.204000 1.037850e+003
0.206000 1.042955e+003
0.208000 1.048024e+003
0.210000 1.053057e+003
0.212000 1.058054e+003
0.214000 1.063015e+003
0.216000 1.067940e+003
0.218000 1.072828e+003
0.220000 1.077680e+003
0.222000 1.082495e+003
0.224000 1.087274e+003
0.226000 1.092017e+003
0.228000 1.096723e+003
0.230000 1.101392e+003
0.232000 1.106025e+003
0.234000 1.110621e+003
0.236000 1.115180e+003
0.238000 1.119703e+003
0.240000 1.124188e+003
0.242000 1.128637e+003
0.244000 1.133050e+003
0.246000 1.137425e+003
0.248000 1.141764e+003
0.250000 1.146066e+003
0.252000 1.150331e+003
0.254000 1.154559e+003
0.256000 1.158750e+003
0.258000 1.162905e+003
0.260000 1.167022e+003
0.262000 1.171104e+003
0.264000 1.175148e+003
0.266000 1.179156e+003
0.268000 1.183127e+003
0.270000 1.187061e+003
0.272000 1.190959e+003
0.274000 1.194820e+003
0.276000 1.198645e+003
0.278000 1.202433e+003
0.280000 1.206185e+003
0.282000 1.209900e+003
0.284000 1.213579e+003
0.286000 1.217222e+003
0.288000 1.220829e+003
0.290000 1.224399e+003
0.292000 1.227934e+003
0.294000 1.231433e+003
0.296000 1.234895e+003
0.298000 1.238322e+003
0.300000 1.241713e+003
0.302000 1.245069e+003
0.304000 1.248389e+003
0.306000 1.251673e+003
0.308000 1.254922e+003
0.310000 1.258135e+003
0.312000 1.261314e+003
0.314000 1.264457e+003
0.316000 1.267565e+003
0.318000 1.270639e+003
0.320000 1.273677e+003
0.322000 1.276681e+003
0.324000 1.279650e+003
0.326000 1.282585e+003
0.328000 1.285485e+003
0.330000 1.288351e+003
0.332000 1.291183e+003
0.334000 1.293981e+003
0.336000 1.296744e+003
0.338000 1.299474e+003
0.340000 1.302170e+003
0.342000 1.304833e+003
0.344000 1.307462e+003
0.346000 1.310058e+003
0.348000 1.312621e+003
0.350000 1.315150e+003
0.352000 1.317647e+003
0.354000 1.320111e+003
0.356000 1.322542e+003
0.358000 1.324940e+003
0.360000 1.327306e+003
0.362000 1.329640e+003
0.364000 1.331941e+003
0.366000 1.334211e+003
0.368000 1.336449e+003
0.370000 1.338654e+003
0.372000 1.340828e+003
0.374000 1.342971e+003
0.376000 1.345082e+003
0.378000 1.347162e+003
0.380000 1.349211e+003
0.382000 1.351229e+003
0.384000 1.353217e+003
0.386000 1.355173e+003
0.388000 1.357099e+003
0.390000 1.358995e+003
0.392000 1.360860e+003
0.394000 1.362695e+003
0.396000 1.364500e+003
0.398000 1.366275e+003
0.400000 1.368021e+003
0.402000 1.369737e+003
0.404000 1.371424e+003
0.406000 1.373081e+003
0.408000 1.374709e+003
0.410000 1.376308e+003
0.412000 1.377878e+003
0.414000 1.379420e+003
0.416000 1.380933e+003
0.418000 1.382417e+003
0.420000 1.383873e+003
0.422000 1.385301e+003
0.424000 1.386701e+003
0.426000 1.388072e+003
0.428000 1.389416e+003
0.430000 1.390733e+003
0.432000 1.392021e+003
0.434000 1.393283e+003
0.436000 1.394517e+003
0.438000 1.395724e+003
0.440000 1.396903e+003
0.442000 1.398056e+003
0.444000 1.399183e+003
0.446000 1.400282e+003
0.448000 1.401355e+003
0.450000 1.402402e+003
0.452000 1.403422e+003
0.454000 1.404416e+003
0.456000 1.405384e+003
0.458000 1.406326e+003
0.460000 1.407242e+003
0.462000 1.408133e+003
0.464000 1.408998e+003
0.466000 1.409837e+003
0.468000 1.410651e+003
0.470000 1.411440e+003
0.472000 1.412204e+003
0.474000 1.412943e+003
0.476000 1.413656e+003
0.478000 1.414345e+003
0.480000 1.415010e+003
0.482000 1.415649e+003
0.484000 1.416264e+003
0.486000 1.416855e+003
0.488000 1.417421e+003
0.490000 1.417964e+003
0.492000 1.418482e+003
0.494000 1.418975e+003
0.496000 1.419446e+003
0.498000 1.419892e+003
0.500000 1.420314e+003
0.502000 1.420713e+003
0.504000 1.421088e+003
0.506000 1.421440e+003
0.508000 1.421768e+003
0.510000 1.422073e+003
0.512000 1.422354e+003
0.514000 1.422613e+003
0.516000 1.422848e+003
0.518000 1.423060e+003
0.520000 1.423250e+003
0.522000 1.423416e+003
0.524000 1.423560e+003
0.526000 1.423681e+003
0.528000 1.423779e+003
0.530000 1.423855e+003
0.532000 1.423908e+003
0.534000 1.423938e+003
0.536000 1.423946e+003
0.538000 1.423932e+003
0.540000 1.423896e+003
0.542000 1.423837e+003
0.544000 1.423756e+003
0.546000 1.423653e+003
0.548000 1.423528e+003
0.550000 1.423381e+003
0.552000 1.423211e+003
0.554000 1.423020e+003
0.556000 1.422807e+003
0.558000 1.422573e+003
0.560000 1.422316e+003
0.562000 1.422037e+003
0.564000 1.421737e+003
0.566000 1.421416e+003
0.568000 1.421072e+003
0.570000 1.420707e+003
0.572000 1.420320e+003
0.574000 1.419912e+003
0.576000 1.419483e+003
0.578000 1.419032e+003
0.580000 1.418559e+003
0.582000 1.418065e+003
0.584000 1.417550e+003
0.586000 1.417013e+003
0.588000 1.416455e+003
0.590000 1.415876e+003
0.592000 1.415275e+003
0.594000 1.414653e+003
0.596000 1.414010e+003
0.598000 1.413346e+003
0.600000 1.412661e+003
0.602000 1.411954e+003
0.604000 1.411226e+003
0.606000 1.410477e+003
0.608000 1.409707e+003
0.610000 1.408916e+003
0.612000 1.408104e+003
0.614000 1.407271e+003
0.616000 1.406416e+003
0.618000 1.405541e+003
0.620000 1.404645e+003
0.622000 1.403727e+003
0.624000 1.402789e+003
0.626000 1.401829e+003
0.628000 1.400849e+003
0.630000 1.399848e+003
0.632000 1.398825e+003
0.634000 1.397782e+003
0.636000 1.396718e+003
0.638000 1.395632e+003
0.640000 1.394526e+003
0.642000 1.393399e+003
0.644000 1.392251e+003
0.646000 1.391082e+003
0.648000 1.389892e+003
0.650000 1.388682e+003
0.652000 1.387450e+003
0.654000 1.386197e+003
0.656000 1.384924e+003
0.658000 1.383629e+003
0.660000 1.382314e+003
0.662000 1.380978e+003
0.664000 1.379621e+003
0.666000 1.378243e+003
0.668000 1.376844e+003
0.670000 1.375425e+003
0.672000 1.373984e+003
0.674000 1.372523e+003
0.676000 1.371041e+003
0.678000 1.369538e+003
0.680000 1.368015e+003
0.682000 1.366470e+003
0.684000 1.364905e+003
0.686000 1.363319e+003
0.688000 1.361712e+003
0.690000 1.360084e+003
0.692000 1.358435e+003
0.694000 1.356766e+003
0.696000 1.355076e+003
0.698000 1.353366e+003
0.700000 1.351634e+003
0.702000 1.349882e+003
0.704000 1.348110e+003
0.706000 1.346316e+003
0.708000 1.344502e+003
0.710000 1.342667e+003
0.712000 1.340812e+003
0.714000 1.338936e+003
0.716000 1.337040e+003
0.718000 1.335123e+003
0.720000 1.333185e+003
0.722000 1.331227e+003
0.724000 1.329248e+003
0.726000 1.327249e+003
0.728000 1.325230e+003
0.730000 1.323190e+003
0.732000 1.321130e+003
0.734000 1.319049e+003
0.736000 1.316948e+003
0.738000 1.314827e+003
0.740000 1.312686e+003
0.742000 1.310524e+003
0.744000 1.308343e+003
0.746000 1.306141e+003
0.748000 1.303919e+003
0.750000 1.301677e+003
0.752000 1.299415e+003
0.754000 1.297133e+003
0.756000 1.294831e+003
0.758000 1.292509e+003
0.760000 1.290168e+003
0.762000 1.287806e+003
0.764000 1.285425e+003
0.766000 1.283025e+003
0.768000 1.280604e+003
0.770000 1.278165e+003
0.772000 1.275705e+003
0.774000 1.273227e+003
0.776000 1.270729e+003
0.778000 1.268212e+003
0.780000 1.265675e+003
0.782000 1.263120e+003
0.784000 1.260545e+003
0.786000 1.257951e+003
0.788000 1.255339e+003
0.790000 1.252707e+003
0.792000 1.250057e+003
0.794000 1.247388e+003
0.796000 1.244701e+003
0.798000 1.241995e+003
0.800000 1.239271e+003
0.802000 1.236528e+003
0.804000 1.233767e+003
0.806000 1.230988e+003
0.808000 1.228191e+003
0.810000 1.225376e+003
0.812000 1.222543e+003
0.814000 1.219693e+003
0.816000 1.216824e+003
0.818000 1.213938e+003
0.820000 1.211035e+003
0.822000 1.208115e+003
0.824000 1.205177e+003
0.826000 1.202222e+003
0.828000 1.199251e+003
0.830000 1.196262e+003
0.832000 1.193257e+003
0.834000 1.190235e+003
0.836000 1.187196e+003
0.838000 1.184142e+003
0.840000 1.181071e+003
0.842000 1.177984e+003
0.844000 1.174881e+003
0.846000 1.171762e+003
0.848000 1.168628e+003
0.850000 1.165478e+003
0.852000 1.162312e+003
0.854000 1.159132e+003
0.856000 1.155936e+003
0.858000 1.152725e+003
0.860000 1.149500e+003
0.862000 1.146260e+003
0.864000 1.143006e+003
0.866000 1.139737e+003
0.868000 1.136454e+003
0.870000 1.133157e+003
0.872000 1.129846e+003
0.874000 1.126521e+003
0.876000 1.123183e+003
0.878000 1.119832e+003
0.880000 1.116468e+003
0.882000 1.113090e+003
0.884000 1.109700e+003
0.886000 1.106297e+003
0.888000 1.102882e+003
0.890000 1.099454e+003
0.892000 1.096014e+003
0.894000 1.092563e+003
0.896000 1.089100e+003
0.898000 1.085625e+003
0.900000 1.082139e+003
0.902000 1.078641e+003
0.904000 1.075133e+003
0.906000 1.071614e+003
0.908000 1.068085e+003
0.910000 1.064545e+003
0.912000 1.060995e+003
0.914000 1.057435e+003
0.916000 1.053865e+003
0.918000 1.050286e+003
0.920000 1.046697e+003
0.922000 1.043100e+003
0.924000 1.039493e+003
0.926000 1.035878e+003
0.928000 1.032254e+003
0.930000 1.028622e+003
0.932000 1.024982e+003
0.934000 1.021334e+003
0.936000 1.017678e+003
0.938000 1.014015e+003
0.940000 1.010345e+003
0.942000 1.006668e+003
0.944000 1.002984e+003
0.946000 9.992939e+002
0.948000 9.955972e+002
0.950000 9.918945e+002
0.952000 9.881860e+002
0.954000 9.844718e+002
0.956000 9.807523e+002
0.958000 9.770276e+002
0.960000 9.732980e+002
0.962000 9.695637e+002
0.964000 9.658250e+002
0.966000 9.620820e+002
0.968000 9.583351e+002
0.970000 9.545844e+002
0.972000 9.508302e+002
0.974000 9.470726e+002
0.976000 9.433121e+002
0.978000 9.395487e+002
0.980000 9.357828e+002
0.982000 9.320145e+002
0.984000 9.282441e+002
0.986000 9.244718e+002
0.988000 9.206979e+002
0.990000 9.169226e+002
0.992000 9.131462e+002
0.994000 9.093688e+002
0.996000 9.055908e+002
0.998000 9.018124e+002
1.000000 8.980337e+002
1.002000 8.942551e+002
1.004000 8.904767e+002
1.006000 8.866989e+002
1.008000 8.829218e+002
1.010000 8.791457e+002
1.012000 8.753709e+002
1.014000 8.715975e+002
1.016000 8.678258e+002
1.018000 8.640560e+002
1.020000 8.602884e+002
1.022000 8.565232e+002
1.024000 8.527607e+002
1.026000 8.490011e+002
1.028000 8.452445e+002
1.030000 8.414913e+002
1.032000 8.377417e+002
1.034000 8.339959e+002
1.036000 8.302541e+002
1.038000 8.265166e+002
1.040000 8.227837e+002
1.042000 8.190554e+002
1.044000 8.153321e+002
1.046000 8.116140e+002
1.048000 8.079012e+002
1.050000 8.041942e+002
1.052000 8.004929e+002
1.054000 7.967978e+002
1.056000 7.931090e+002
1.058000 7.894266e+002
1.060000 7.857511e+002
1.062000 7.820824e+002
1.064000 7.784210e+002
1.066000 7.747669e+002
1.068000 7.711205e+002
1.070000 7.674818e+002
1.072000 7.638512e+002
1.074000 7.602288e+002
1.076000 7.566148e+002
1.078000 7.530095e+002
1.080000 7.494131e+002
1.082000 7.458257e+002
1.084000 7.422475e+002
1.086000 7.386788e+002
1.088000 7.351198e+002
1.090000 7.315706e+002
1.092000 7.280315e+002
1.094000 7.245025e+002
1.096000 7.209840e+002
1.098000 7.174762e+002
1.100000 7.139791e+002
1.102000 7.104930e+002
1.104000 7.070181e+002
1.106000 7.035545e+002
1.108000 7.001024e+002
1.110000 6.966621e+002
1.112000 6.932336e+002
1.114000 6.898172e+002
1.116000 6.864130e+002
1.118000 6.830212e+002
1.120000 6.796420e+002
1.122000 6.762754e+002
1.124000 6.729218e+002
1.126000 6.695812e+002
1.128000 6.662537e+002
1.130000 6.629397e+002
1.132000 6.596391e+002
1.134000 6.563522e+002
1.136000 6.530791e+002
1.138000 6.498200e+002
1.140000 6.465749e+002
1.142000 6.433441e+002
1.144000 6.401277e+002
1.146000 6.369257e+002
1.148000 6.337384e+002
1.150000 6.305659e+002
1.152000 6.274083e+002
1.154000 6.242656e+002
1.156000 6.211382e+002
1.158000 6.180260e+002
1.160000 6.149292e+002
1.162000 6.118480e+002
1.164000 6.087823e+002
1.166000 6.057324e+002
1.168000 6.026983e+002
1.170000 5.996802e+002
1.172000 5.966781e+002
1.174000 5.936921e+002
1.176000 5.907225e+002
1.178000 5.877691e+002
1.180000 5.848322e+002
1.182000 5.819119e+002
1.184000 5.790081e+002
1.186000 5.761211e+002
1.188000 5.732508e+002
1.190000 5.703974e+002
1.192000 5.675610e+002
1.194000 5.647416e+002
1.196000 5.619393e+002
1.198000 5.591541e+002
1.200000 5.563862e+002
1.202000 5.536355e+002
1.204000 5.509023e+002
1.206000 5.481864e+002
1.208000 5.454880e+002
1.210000 5.428072e+002
1.212000 5.401439e+002
1.214000 5.374983e+002
1.216000 5.348704e+002
1.218000 5.322602e+002
1.220000 5.296677e+002
1.222000 5.270931e+002
1.224000 5.245363e+002
1.226000 5.219974e+002
1.228000 5.194764e+002
1.230000 5.169733e+002
1.232000 5.144882e+002
1.234000 5.120211e+002
1.236000 5.095720e+002
1.238000 5.071410e+002
1.240000 5.047280e+002
1.242000 5.023331e+002
1.244000 4.999562e+002
1.246000 4.975975e+002
1.248000 4.952569e+002
1.250000 4.929343e+002
1.252000 4.906299e+002
1.254000 4.883436e+002
1.256000 4.860754e+002
1.258000 4.838253e+002
1.260000 4.815933e+002
1.262000 4.793794e+002
1.264000 4.771836e+002
1.266000 4.750059e+002
1.268000 4.728463e+002
1.270000 4.707046e+002
1.272000 4.685810e+002
1.274000 4.664755e+002
1.276000 4.643879e+002
1.278000 4.623182e+002
1.280000 4.602665e+002
1.282000 4.582327e+002
1.284000 4.562168e+002
1.286000 4.542187e+002
1.288000 4.522384e+002
1.290000 4.502759e+002
1.292000 4.483311e+002
1.294000 4.464040e+002
1.296000 4.444946e+002
1.298000 4.426028e+002
1.300000 4.407285e+002
1.302000 4.388717e+002
1.304000 4.370325e+002
1.306000 4.352106e+002
1.308000 4.334061e+002
1.310000 4.316189e+002
1.312000 4.298489e+002
1.314000 4.280962e+002
1.316000 4.263606e+002
1.318000 4.246420e+002
1.320000 4.229405e+002
1.322000 4.212560e+002
1.324000 4.195883e+002
1.326000 4.179374e+002
1.328000 4.163033e+002
1.330000 4.146859e+002
1.332000 4.130851e+002
1.334000 4.115008e+002
1.336000 4.099330e+002
1.338000 4.083816e+002
1.340000 4.068465e+002
1.342000 4.053277e+002
1.344000 4.038250e+002
1.346000 4.023384e+002
1.348000 4.008678e+002
1.350000 3.994131e+002
1.352000 3.979743e+002
1.354000 3.965512e+002
1.356000 3.951438e+002
1.358000 3.937520e+002
1.360000 3.923757e+002
1.362000 3.910148e+002
1.364000 3.896692e+002
1.366000 3.883388e+002
1.368000 3.870236e+002
1.370000 3.857235e+002
1.372000 3.844383e+002
1.374000 3.831679e+002
1.376000 3.819124e+002
1.378000 3.806715e+002
1.380000 3.794452e+002
1.382000 3.782334e+002
1.384000 3.770360e+002
1.386000 3.758528e+002
1.388000 3.746839e+002
1.390000 3.735291e+002
1.392000 3.723883e+002
1.394000 3.712613e+002
1.396000 3.701482e+002
1.398000 3.690488e+002
1.400000 3.679629e+002
1.402000 3.668906e+002
1.404000 3.658317e+002
1.406000 3.647860e+002
1.408000 3.637536e+002
1.410000 3.627342e+002
1.412000 3.617278e+002
1.414000 3.607343e+002
1.416000 3.597536e+002
1.418000 3.587856e+002
1.420000 3.578301e+002
1.422000 3.568871e+002
1.424000 3.559564e+002
1.426000 3.550380e+002
1.428000 3.541318e+002
1.430000 3.532376e+002
1.432000 3.523553e+002
1.434000 3.514849e+002
1.436000 3.506262e+002
1.438000 3.497792e+002
1.440000 3.489436e+002
1.442000 3.481195e+002
1.444000 3.473067e+002
1.446000 3.465051e+002
1.448000 3.457146e+002
1.450000 3.449351e+002
1.452000 3.441664e+002
1.454000 3.434086e+002
1.456000 3.426614e+002
1.458000 3.419248e+002
1.460000 3.411987e+002
1.462000 3.404830e+002
1.464000 3.397775e+002
1.466000 3.390822e+002
1.468000 3.383969e+002
1.470000 3.377216e+002
1.472000 3.370561e+002
1.474000 3.364004e+002
1.476000 3.357543e+002
1.478000 3.351178e+002
1.480000 3.344907e+002
1.482000 3.338729e+002
1.484000 3.332644e+002
1.486000 3.326650e+002
1.488000 3.320747e+002
1.490000 3.314933e+002
1.492000 3.309207e+002
1.494000 3.303569e+002
1.496000 3.298017e+002
1.498000 3.292550e+002
1.500000 3.287168e+002
1.502000 3.281870e+002
1.504000 3.276653e+002
1.506000 3.271519e+002
1.508000 3.266465e+002
1.510000 3.261490e+002
1.512000 3.256595e+002
1.514000 3.251776e+002
1.516000 3.247035e+002
1.518000 3.242370e+002
1.520000 3.237779e+002
1.522000 3.233263e+002
1.524000 3.228819e+002
1.526000 3.224448e+002
1.528000 3.220148e+002
1.530000 3.215919e+002
1.532000 3.211759e+002
1.534000 3.207667e+002
1.536000 3.203643e+002
1.538000 3.199686e+002
1.540000 3.195795e+002
1.542000 3.191969e+002
1.544000 3.188208e+002
1.546000 3.184510e+002
1.548000 3.180874e+002
1.550000 3.177300e+002
1.552000 3.173787e+002
1.554000 3.170334e+002
1.556000 3.166941e+002
1.558000 3.163605e+002
1.560000 3.160328e+002
1.562000 3.157107e+002
1.564000 3.153943e+002
1.566000 3.150833e+002
1.568000 3.147779e+002
1.570000 3.144778e+002
1.572000 3.141829e+002
1.574000 3.138934e+002
1.576000 3.136089e+002
1.578000 3.133296e+002
1.580000 3.130552e+002
1.582000 3.127858e+002
1.584000 3.125212e+002
1.586000 3.122614e+002
1.588000 3.120063e+002
1.590000 3.117559e+002
1.592000 3.115100e+002
1.594000 3.112687e+002
1.596000 3.110317e+002
1.598000 3.107992e+002
1.600000 3.105710e+002
1.602000 3.103469e+002
1.604000 3.101271e+002
1.606000 3.099114e+002
1.608000 3.096997e+002
1.610000 3.094920e+002
1.612000 3.092883e+002
1.614000 3.090884e+002
1.616000 3.088923e+002
1.618000 3.086999e+002
1.620000 3.085112e+002
1.622000 3.083261e+002
1.624000 3.081446e+002
1.626000 3.079666e+002
1.628000 3.077921e+002
1.630000 3.076209e+002
1.632000 3.074531e+002
1.634000 3.072885e+002
1.636000 3.071272e+002
1.638000 3.069691e+002
1.640000 3.068140e+002
1.642000 3.066621e+002
1.644000 3.065131e+002
1.646000 3.063672e+002
1.648000 3.062241e+002
1.650000 3.060839e+002
1.652000 3.059466e+002
1.654000 3.058120e+002
1.656000 3.056801e+002
1.658000 3.055509e+002
1.660000 3.054243e+002
1.662000 3.053003e+002
1.664000 3.051789e+002
1.666000 3.050599e+002
1.668000 3.049434e+002
1.670000 3.048293e+002
1.672000 3.047176e+002
1.674000 3.046082e+002
1.676000 3.045010e+002
1.678000 3.043961e+002
1.680000 3.042934e+002
1.682000 3.041929e+002
1.684000 3.040945e+002
1.686000 3.039981e+002
1.688000 3.039038e+002
1.690000 3.038115e+002
1.692000 3.037212e+002
1.694000 3.036328e+002
1.696000 3.035463e+002
1.698000 3.034617e+002
1.700000 3.033789e+002
1.702000 3.032979e+002
1.704000 3.032186e+002
1.706000 3.031411e+002
1.708000 3.030652e+002
1.710000 3.029910e+002
1.712000 3.029185e+002
1.714000 3.028475e+002
1.716000 3.027781e+002
1.718000 3.027102e+002
1.720000 3.026439e+002
1.722000 3.025790e+002
1.724000 3.025156e+002
1.726000 3.024536e+002
1.728000 3.023929e+002
1.730000 3.023337e+002
1.732000 3.022757e+002
1.734000 3.022191e+002
1.736000 3.021638e+002
1.738000 3.021097e+002
1.740000 3.020569e+002
1.742000 3.020052e+002
1.744000 3.019548e+002
1.746000 3.019055e+002
1.748000 3.018573e+002
1.750000 3.018103e+002
1.752000 3.017643e+002
1.754000 3.017194e+002
1.756000 3.016756e+002
1.758000 3.016328e+002
1.760000 3.015910e+002
1.762000 3.015501e+002
1.764000 3.015102e+002
1.766000 3.014713e+002
1.768000 3.014333e+002
1.770000 3.013962e+002
1.772000 3.013599e+002
1.774000 3.013246e+002
1.776000 3.012901e+002
1.778000 3.012564e+002
1.780000 3.012235e+002
1.782000 3.011914e+002
1.784000 3.011600e+002
1.786000 3.011295e+002
1.788000 3.010997e+002
1.790000 3.010706e+002
1.792000 3.010422e+002
1.794000 3.010145e+002
1.796000 3.009875e+002
1.798000 3.009611e+002
1.800000 3.009354e+002
1.802000 3.009103e+002
1.804000 3.008859e+002
1.806000 3.008620e+002
1.808000 3.008388e+002
1.810000 3.008161e+002
1.812000 3.007940e+002
1.814000 3.007725e+002
1.816000 3.007514e+002
1.818000 3.007310e+002
1.820000 3.007110e+002
1.822000 3.006915e+002
1.824000 3.006726e+002
1.826000 3.006541e+002
1.828000 3.006361e+002
1.830000 3.006185e+002
1.832000 3.006014e+002
1.834000 3.005847e+002
1.836000 3.005685e+002
1.838000 3.005527e+002
1.840000 3.005373e+002
1.842000 3.005223e+002
1.844000 3.005076e+002
1.846000 3.004934e+002
1.848000 3.004795e+002
1.850000 3.004660e+002
1.852000 3.004529e+002
1.854000 3.004401e+002
1.856000 3.004276e+002
1.858000 3.004155e+002
1.860000 3.004036e+002
1.862000 3.003921e+002
1.864000 3.003809e+002
1.866000 3.003700e+002
1.868000 3.003594e+002
1.870000 3.003491e+002
1.872000 3.003390e+002
1.874000 3.003293e+002
1.876000 3.003197e+002
1.878000 3.003105e+002
1.880000 3.003015e+002
1.882000 3.002927e+002
1.884000 3.002842e+002
1.886000 3.002759e+002
1.888000 3.002678e+002
1.890000 3.002600e+002
1.892000 3.002523e+002
1.894000 3.002449e+002
1.896000 3.002377e+002
1.898000 3.002307e+002
1.900000 3.002238e+002
1.902000 3.002172e+002
1.904000 3.002107e+002
1.906000 3.002045e+002
1.908000 3.001984e+002
1.910000 3.001924e+002
1.912000 3.001867e+002
1.914000 3.001811e+002
1.916000 3.001756e+002
1.918000 3.001703e+002
1.920000 3.001652e+002
1.922000 3.001602e+002
1.924000 3.001554e+002
1.926000 3.001507e+002
1.928000 3.001461e+002
1.930000 3.001416e+002
1.932000 3.001373e+002
1.934000 3.001331e+002
1.936000 3.001290e+002
1.938000 3.001251e+002
1.940000 3.001212e+002
1.942000 3.001175e+002
1.944000 3.001139e+002
1.946000 3.001103e+002
1.948000 3.001069e+002
1.950000 3.001036e+002
1.952000 3.001004e+002
1.954000 3.000973e+002
1.956000 3.000942e+002
1.958000 3.000913e+002
1.960000 3.000884e+002
1.962000 3.000857e+002
1.964000 3.000830e+002
1.966000 3.000803e+002
1.968000 3.000778e+002
1.970000 3.000754e+002
1.972000 3.000730e+002
1.974000 3.000707e+002
1.976000 3.000684e+002
1.978000 3.000662e+002
1.980000 3.000641e+002
1.982000 3.000621e+002
1.984000 3.000601e+002
1.986000 3.000582e+002
1.988000 3.000563e+002
1.990000 3.000545e+002
1.992000 3.000527e+002
1.994000 3.000510e+002
1.996000 3.000494e+002
1.998000 3.000478e+002
2.000000 3.000462e+002
2.002000 3.000447e+002
2.004000 3.000433e+002
2.006000 3.000418e+002
2.008000 3.000405e+002
2.010000 3.000392e+002
2.012000 3.000379e+002
2.014000 3.000366e+002
2.016000 3.000354e+002
2.018000 3.000343e+002
2.020000 3.000331e+002
2.022000 3.000320e+002
2.024000 3.000310e+002
2.026000 3.000299e+002
2.028000 3.000289e+002
2.030000 3.000280e+002
2.032000 3.000270e+002
2.034000 3.000261e+002
2.036000 3.000253e+002
2.038000 3.000244e+002
2.040000 3.000236e+002
2.042000 3.000228e+002
2.044000 3.000220e+002
2.046000 3.000213e+002
2.048000 3.000206e+002
2.050000 3.000199e+002
2.052000 3.000192e+002
2.054000 3.000185e+002
2.056000 3.000179e+002
2.058000 3.000173e+002
2.060000 3.000167e+002
2.062000 3.000161e+002
2.064000 3.000156e+002
2.066000 3.000150e+002
2.068000 3.000145e+002
2.070000 3.000140e+002
2.072000 3.000135e+002
2.074000 3.000131e+002
2.076000 3.000126e+002
2.078000 3.000122e+002
2.080000 3.000118e+002
2.082000 3.000113e+002
2.084000 3.000110e+002
2.086000 3.000106e+002
2.088000 3.000102e+002
2.090000 3.000098e+002
2.092000 3.000095e+002
2.094000 3.000092e+002
2.096000 3.000088e+002
2.098000 3.000085e+002
2.100000 3.000082e+002
2.102000 3.000079e+002
2.104000 3.000077e+002
2.106000 3.000074e+002
2.108000 3.000071e+002
2.110000 3.000069e+002
2.112000 3.000066e+002
2.114000 3.000064e+002
2.116000 3.000062e+002
2.118000 3.000059e+002
2.120000 3.000057e+002
2.122000 3.000055e+002
2.124000 3.000053e+002
2.126000 3.000051e+002
2.128000 3.000049e+002
2.130000 3.000048e+002
2.132000 3.000046e+002
2.134000 3.000044e+002
2.136000 3.000043e+002
2.138000 3.000041e+002
2.140000 3.000040e+002
2.142000 3.000038e+002
2.144000 3.000037e+002
2.146000 3.000035e+002
2.148000 3.000034e+002
2.150000 3.000033e+002
2.152000 3.000032e+002
2.154000 3.000030e+002
2.156000 3.000029e+002
2.158000 3.000028e+002
2.160000 3.000027e+002
2.162000 3.000026e+002
2.164000 3.000025e+002
2.166000 3.000024e+002
2.168000 3.000023e+002
2.170000 3.000022e+002
2.172000 3.000022e+002
2.174000 3.000021e+002
2.176000 3.000020e+002
2.178000 3.000019e+002
2.180000 3.000019e+002
2.182000 3.000018e+002
2.184000 3.000017e+002
2.186000 3.000017e+002
2.188000 3.000016e+002
2.190000 3.000015e+002
2.192000 3.000015e+002
2.194000 3.000014e+002
2.196000 3.000014e+002
2.198000 3.000013e+002
2.200000 3.000013e+002
2.202000 3.000012e+002
2.204000 3.000012e+002
2.206000 3.000011e+002
2.208000 3.000011e+002
2.210000 3.000010e+002
2.212000 3.000010e+002
2.214000 3.000010e+002
2.216000 3.000009e+002
2.218000 3.000009e+002
2.220000 3.000009e+002
2.222000 3.000008e+002
2.224000 3.000008e+002
2.226000 3.000008e+002
2.228000 3.000007e+002
2.230000 3.000007e+002
2.232000 3.000007e+002
2.234000 3.000006e+002
2.236000 3.000006e+002
2.238000 3.000006e+002
2.240000 3.000006e+002
2.242000 3.000005e+002
2.244000 3.000005e+002
2.246000 3.000005e+002
2.248000 3.000005e+002
2.250000 3.000005e+002
2.252000 3.000004e+002
2.254000 3.000004e+002
2.256000 3.000004e+002
2.258000 3.000004e+002
2.260000 3.000004e+002
2.262000 3.000004e+002
2.264000 3.000004e+002
2.266000 3.000003e+002
2.268000 3.000003e+002
2.270000 3.000003e+002
2.272000 3.000003e+002
2.274000 3.000003e+002
2.276000 3.000003e+002
2.278000 3.000003e+002
2.280000 3.000003e+002
2.282000 3.000002e+002
2.284000 3.000002e+002
2.286000 3.000002e+002
2.288000 3.000002e+002
2.290000 3.000002e+002
2.292000 3.000002e+002
2.294000 3.000002e+002
2.296000 3.000002e+002
2.298000 3.000002e+002
2.300000 3.000002e+002
2.302000 3.000002e+002
2.304000 3.000002e+002
2.306000 3.000001e+002
2.308000 3.000001e+002
2.310000 3.000001e+002
2.312000 3.000001e+002
2.314000 3.000001e+002
2.316000 3.000001e+002
2.318000 3.000001e+002
2.320000 3.000001e+002
2.322000 3.000001e+002
2.324000 3.000001e+002
2.326000 3.000001e+002
2.328000 3.000001e+002
2.330000 3.000001e+002
2.332000 3.000001e+002
2.334000 3.000001e+002
2.336000 3.000001e+002
2.338000 3.000001e+002
2.340000 3.000001e+002
2.342000 3.000001e+002
2.344000 3.000001e+002
2.346000 3.000001e+002
2.348000 3.000001e+002
2.350000 3.000001e+002
2.352000 3.000001e+002
2.354000 3.000001e+002
2.356000 3.000000e+002
2.358000 3.000000e+002
2.360000 3.000000e+002
2.362000 3.000000e+002
2.364000 3.000000e+002
2.366000 3.000000e+002
2.368000 3.000000e+002
2.370000 3.000000e+002
2.372000 3.000000e+002
2.374000 3.000000e+002
2.376000 3.000000e+002
2.378000 3.000000e+002
2.380000 3.000000e+002
2.382000 3.000000e+002
2.384000 3.000000e+002
2.386000 3.000000e+002
2.388000 3.000000e+002
2.390000 3.000000e+002
2.392000 3.000000e+002
2.394000 3.000000e+002
2.396000 3.000000e+002
2.398000 3.000000e+002
2.400000 3.000000e+002
2.402000 3.000000e+002
2.404000 3.000000e+002
2.406000 3.000000e+002
2.408000 3.000000e+002
2.410000 3.000000e+002
2.412000 3.000000e+002
2.414000 3.000000e+002
2.416000 3.000000e+002
2.418000 3.000000e+002
2.420000 3.000000e+002
2.422000 3.000000e+002
2.424000 3.000000e+002
2.426000 3.000000e+002
2.428000 3.000000e+002
2.430000 3.000000e+002
2.432000 3.000000e+002
2.434000 3.000000e+002
2.436000 3.000000e+002
2.438000 3.000000e+002
2.440000 3.000000e+002
2.442000 3.000000e+002
2.444000 3.000000e+002
2.446000 3.000000e+002
2.448000 3.000000e+002
2.450000 3.000000e+002
2.452000 3.000000e+002
2.454000 3.000000e+002
2.456000 3.000000e+002
2.458000 3.000000e+002
2.460000 3.000000e+002
2.462000 3.000000e+002
2.464000 3.000000e+002
2.466000 3.000000e+002
2.468000 3.000000e+002
2.470000 3.000000e+002
2.472000 3.000000e+002
2.474000 3.000000e+002
2.476000 3.000000e+002
2.478000 3.000000e+002
2.480000 3.000000e+002
2.482000 3.000000e+002
2.484000 3.000000e+002
2.486000 3.000000e+002
2.488000 3.000000e+002
2.490000 3.000000e+002
2.492000 3.000000e+002
2.494000 3.000000e+002
2.496000 3.000000e+002
2.498000 3.000000e+002
2.500000 3.000000e+002
2.502000 3.000000e+002
2.504000 3.000000e+002
2.506000 3.000000e+002
2.508000 3.000000e+002
2.510000 3.000000e+002
2.512000 3.000000e+002
2.514000 3.000000e+002
2.516000 3.000000e+002
2.518000 3.000000e+002
2.520000 3.000000e+002
2.522000 3.000000e+002
2.524000 3.000000e+002
2.526000 3.000000e+002
2.528000 3.000000e+002
2.530000 3.000000e+002
2.532000 3.000000e+002
2.534000 3.000000e+002
2.536000 3.000000e+002
2.538000 3.000000e+002
2.540000 3.000000e+002
2.542000 3.000000e+002
2.544000 3.000000e+002
2.546000 3.000000e+002
2.548000 3.000000e+002
2.550000 3.000000e+002
2.552000 3.000000e+002
2.554000 3.000000e+002
2.556000 3.000000e+002
2.558000 3.000000e+002
2.560000 3.000000e+002
2.562000 3.000000e+002
2.564000 3.000000e+002
2.566000 3.000000e+002
2.568000 3.000000e+002
2.570000 3.000000e+002
2.572000 3.000000e+002
2.574000 3.000000e+002
2.576000 3.000000e+002
2.578000 3.000000e+002
2.580000 3.000000e+002
2.582000 3.000000e+002
2.584000 3.000000e+002
2.586000 3.000000e+002
2.588000 3.000000e+002
2.590000 3.000000e+002
2.592000 3.000000e+002
2.594000 3.000000e+002
2.596000 3.000000e+002
2.598000 3.000000e+002
2.600000 3.000000e+002
2.602000 3.000000e+002
2.604000 3.000000e+002
2.606000 3.000000e+002
2.608000 3.000000e+002
2.610000 3.000000e+002
2.612000 3.000000e+002
2.614000 3.000000e+002
2.616000 3.000000e+002
2.618000 3.000000e+002
2.620000 3.000000e+002
2.622000 3.000000e+002
2.624000 3.000000e+002
2.626000 3.000000e+002
2.628000 3.000000e+002
2.630000 3.000000e+002
2.632000 3.000000e+002
2.634000 3.000000e+002
2.636000 3.000000e+002
2.638000 3.000000e+002
2.640000 3.000000e+002
2.642000 3.000000e+002
2.644000 3.000000e+002
2.646000 3.000000e+002
2.648000 3.000000e+002
2.650000 3.000000e+002
2.652000 3.000000e+002
2.654000 3.000000e+002
2.656000 3.000000e+002
2.658000 3.000000e+002
2.660000 3.000000e+002
2.662000 3.000000e+002
2.664000 3.000000e+002
2.666000 3.000000e+002
2.668000 3.000000e+002
2.670000 3.000000e+002
2.672000 3.000000e+002
2.674000 3.000000e+002
2.676000 3.000000e+002
2.678000 3.000000e+002
2.680000 3.000000e+002
2.682000 3.000000e+002
2.684000 3.000000e+002
2.686000 3.000000e+002
2.688000 3.000000e+002
2.690000 3.000000e+002
2.692000 3.000000e+002
2.694000 3.000000e+002
2.696000 3.000000e+002
2.698000 3.000000e+002
2.700000 3.000000e+002
2.702000 3.000000e+002
2.704000 3.000000e+002
2.706000 3.000000e+002
2.708000 3.000000e+002
2.710000 3.000000e+002
2.712000 3.000000e+002
2.714000 3.000000e+002
2.716000 3.000000e+002
2.718000 3.000000e+002
2.720000 3.000000e+002
2.722000 3.000000e+002
2.724000 3.000000e+002
2.726000 3.000000e+002
2.728000 3.000000e+002
2.730000 3.000000e+002
2.732000 3.000000e+002
2.734000 3.000000e+002
2.736000 3.000000e+002
2.738000 3.000000e+002
2.740000 3.000000e+002
2.742000 3.000000e+002
2.744000 3.000000e+002
2.746000 3.000000e+002
2.748000 3.000000e+002
2.750000 3.000000e+002
2.752000 3.000000e+002
2.754000 3.000000e+002
2.756000 3.000000e+002
2.758000 3.000000e+002
2.760000 3.000000e+002
2.762000 3.000000e+002
2.764000 3.000000e+002
2.766000 3.000000e+002
2.768000 3.000000e+002
2.770000 3.000000e+002
2.772000 3.000000e+002
2.774000 3.000000e+002
2.776000 3.000000e+002
2.778000 3.000000e+002
2.780000 3.000000e+002
2.782000 3.000000e+002
2.784000 3.000000e+002
2.786000 3.000000e+002
2.788000 3.000000e+002
2.790000 3.000000e+002
2.792000 3.000000e+002
2.794000 3.000000e+002
2.796000 3.000000e+002
2.798000 3.000000e+002
2.800000 3.000000e+002
2.802000 3.000000e+002
2.804000 3.000000e+002
2.806000 3.000000e+002
2.808000 3.000000e+002
2.810000 3.000000e+002
2.812000 3.000000e+002
2.814000 3.000000e+002
2.816000 3.000000e+002
2.818000 3.000000e+002
2.820000 3.000000e+002
2.822000 3.000000e+002
2.824000 3.000000e+002
2.826000 3.000000e+002
2.828000 3.000000e+002
2.830000 3.000000e+002
2.832000 3.000000e+002
2.834000 3.000000e+002
2.836000 3.000000e+002
2.838000 3.000000e+002
2.840000 3.000000e+002
2.842000 3.000000e+002
2.844000 3.000000e+002
2.846000 3.000000e+002
2.848000 3.000000e+002
2.850000 3.000000e+002
2.852000 3.000000e+002
2.854000 3.000000e+002
2.856000 3.000000e+002
2.858000 3.000000e+002
2.860000 3.000000e+002
2.862000 3.000000e+002
2.864000 3.000000e+002
2.866000 3.000000e+002
2.868000 3.000000e+002
2.870000 3.000000e+002
2.872000 3.000000e+002
2.874000 3.000000e+002
2.876000 3.000000e+002
2.878000 3.000000e+002
2.880000 3.000000e+002
2.882000 3.000000e+002
2.884000 3.000000e+002
2.886000 3.000000e+002
2.888000 3.000000e+002
2.890000 3.000000e+002
2.892000 3.000000e+002
2.894000 3.000000e+002
2.896000 3.000000e+002
2.898000 3.000000e+002
2.900000 3.000000e+002
2.902000 3.000000e+002
2.904000 3.000000e+002
2.906000 3.000000e+002
2.908000 3.000000e+002
2.910000 3.000000e+002
2.912000 3.000000e+002
2.914000 3.000000e+002
2.916000 3.000000e+002
2.918000 3.000000e+002
2.920000 3.000000e+002
2.922000 3.000000e+002
2.924000 3.000000e+002
2.926000 3.000000e+002
2.928000 3.000000e+002
2.930000 3.000000e+002
2.932000 3.000000e+002
2.934000 3.000000e+002
2.936000 3.000000e+002
2.938000 3.000000e+002
2.940000 3.000000e+002
2.942000 3.000000e+002
2.944000 3.000000e+002
2.946000 3.000000e+002
2.948000 3.000000e+002
2.950000 3.000000e+002
2.952000 3.000000e+002
2.954000 3.000000e+002
2.956000 3.000000e+002
2.958000 3.000000e+002
2.960000 3.000000e+002
2.962000 3.000000e+002
2.964000 3.000000e+002
2.966000 3.000000e+002
2.968000 3.000000e+002
2.970000 3.000000e+002
2.972000 3.000000e+002
2.974000 3.000000e+002
2.976000 3.000000e+002
2.978000 3.000000e+002
2.980000 3.000000e+002
2.982000 3.000000e+002
2.984000 3.000000e+002
2.986000 3.000000e+002
2.988000 3.000000e+002
2.990000 3.000000e+002
2.992000 3.000000e+002
2.994000 3.000000e+002
2.996000 3.000000e+002
2.998000 3.000000e+002
3.000000 3.000000e+002
3.002000 3.000000e+002
3.004000 3.000000e+002
3.006000 3.000000e+002
3.008000 3.000000e+002
3.010000 3.000000e+002
3.012000 3.000000e+002
3.014000 3.000000e+002
3.016000 3.000000e+002
3.018000 3.000000e+002
3.020000 3.000000e+002
3.022000 3.000000e+002
3.024000 3.000000e+002
3.026000 3.000000e+002
3.028000 3.000000e+002
3.030000 3.000000e+002
3.032000 3.000000e+002
3.034000 3.000000e+002
3.036000 3.000000e+002
3.038000 3.000000e+002
3.040000 3.000000e+002
3.042000 3.000000e+002
3.044000 3.000000e+002
3.046000 3.000000e+002
3.048000 3.000000e+002
3.050000 3.000000e+002
3.052000 3.000000e+002
3.054000 3.000000e+002
3.056000 3.000000e+002
3.058000 3.000000e+002
3.060000 3.000000e+002
3.062000 3.000000e+002
3.064000 3.000000e+002
3.066000 3.000000e+002
3.068000 3.000000e+002
3.070000 3.000000e+002
3.072000 3.000000e+002
3.074000 3.000000e+002
3.076000 3.000000e+002
3.078000 3.000000e+002
3.080000 3.000000e+002
3.082000 3.000000e+002
3.084000 3.000000e+002
3.086000 3.000000e+002
3.088000 3.000000e+002
3.090000 3.000000e+002
3.092000 3.000000e+002
3.094000 3.000000e+002
3.096000 3.000000e+002
3.098000 3.000000e+002
3.100000 3.000000e+002
3.102000 3.000000e+002
3.104000 3.000000e+002
3.106000 3.000000e+002
3.108000 3.000000e+002
3.110000 3.000000e+002
3.112000 3.000000e+002
3.114000 3.000000e+002
3.116000 3.000000e+002
3.118000 3.000000e+002
3.120000 3.000000e+002
3.122000 3.000000e+002
3.124000 3.000000e+002
3.126000 3.000000e+002
3.128000 3.000000e+002
3.130000 3.000000e+002
3.132000 3.000000e+002
3.134000 3.000000e+002
3.136000 3.000000e+002
3.138000 3.000000e+002
3.140000 3.000000e+002
3.142000 3.000000e+002
3.144000 3.000000e+002
3.146000 3.000000e+002
3.148000 3.000000e+002
3.150000 3.000000e+002
3.152000 3.000000e+002
3.154000 3.000000e+002
3.156000 3.000000e+002
3.158000 3.000000e+002
3.160000 3.000000e+002
3.162000 3.000000e+002
3.164000 3.000000e+002
3.166000 3.000000e+002
3.168000 3.000000e+002
3.170000 3.000000e+002
3.172000 3.000000e+002
3.174000 3.000000e+002
3.176000 3.000000e+002
3.178000 3.000000e+002
3.180000 3.000000e+002
3.182000 3.000000e+002
3.184000 3.000000e+002
3.186000 3.000000e+002
3.188000 3.000000e+002
3.190000 3.000000e+002
3.192000 3.000000e+002
3.194000 3.000000e+002
3.196000 3.000000e+002
3.198000 3.000000e+002
3.200000 3.000000e+002
3.202000 3.000000e+002
3.204000 3.000000e+002
3.206000 3.000000e+002
3.208000 3.000000e+002
3.210000 3.000000e+002
3.212000 3.000000e+002
3.214000 3.000000e+002
3.216000 3.000000e+002
3.218000 3.000000e+002
3.220000 3.000000e+002
3.222000 3.000000e+002
3.224000 3.000000e+002
3.226000 3.000000e+002
3.228000 3.000000e+002
3.230000 3.000000e+002
3.232000 3.000000e+002
3.234000 3.000000e+002
3.236000 3.000000e+002
3.238000 3.000000e+002
3.240000 3.000000e+002
3.242000 3.000000e+002
3.244000 3.000000e+002
3.246000 3.000000e+002
3.248000 3.000000e+002
3.250000 3.000000e+002
3.252000 3.000000e+002
3.254000 3.000000e+002
3.256000 3.000000e+002
3.258000 3.000000e+002
3.260000 3.000000e+002
3.262000 3.000000e+002
3.264000 3.000000e+002
3.266000 3.000000e+002
3.268000 3.000000e+002
3.270000 3.000000e+002
3.272000 3.000000e+002
3.274000 3.000000e+002
3.276000 3.000000e+002
3.278000 3.000000e+002
3.280000 3.000000e+002
3.282000 3.000000e+002
3.284000 3.000000e+002
3.286000 3.000000e+002
3.288000 3.000000e+002
3.290000 3.000000e+002
3.292000 3.000000e+002
3.294000 3.000000e+002
3.296000 3.000000e+002
3.298000 3.000000e+002
3.300000 3.000000e+002
3.302000 3.000000e+002
3.304000 3.000000e+002
3.306000 3.000000e+002
3.308000 3.000000e+002
3.310000 3.000000e+002
3.312000 3.000000e+002
3.314000 3.000000e+002
3.316000 3.000000e+002
3.318000 3.000000e+002
3.320000 3.000000e+002
3.322000 3.000000e+002
3.324000 3.000000e+002
3.326000 3.000000e+002
3.328000 3.000000e+002
3.330000 3.000000e+002
3.332000 3.000000e+002
3.334000 3.000000e+002
3.336000 3.000000e+002
3.338000 3.000000e+002
3.340000 3.000000e+002
3.342000 3.000000e+002
3.344000 3.000000e+002
3.346000 3.000000e+002
3.348000 3.000000e+002
3.350000 3.000000e+002
3.352000 3.000000e+002
3.354000 3.000000e+002
3.356000 3.000000e+002
3.358000 3.000000e+002
3.360000 3.000000e+002
3.362000 3.000000e+002
3.364000 3.000000e+002
3.366000 3.000000e+002
3.368000 3.000000e+002
3.370000 3.000000e+002
3.372000 3.000000e+002
3.374000 3.000000e+002
3.376000 3.000000e+002
3.378000 3.000000e+002
3.380000 3.000000e+002
3.382000 3.000000e+002
3.384000 3.000000e+002
3.386000 3.000000e+002
3.388000 3.000000e+002
3.390000 3.000000e+002
3.392000 3.000000e+002
3.394000 3.000000e+002
3.396000 3.000000e+002
3.398000 3.000000e+002
3.400000 3.000000e+002
3.402000 3.000000e+002
3.404000 3.000000e+002
3.406000 3.000000e+002
3.408000 3.000000e+002
3.410000 3.000000e+002
3.412000 3.000000e+002
3.414000 3.000000e+002
3.416000 3.000000e+002
3.418000 3.000000e+002
3.420000 3.000000e+002
3.422000 3.000000e+002
3.424000 3.000000e+002
3.426000 3.000000e+002
3.428000 3.000000e+002
3.430000 3.000000e+002
3.432000 3.000000e+002
3.434000 3.000000e+002
3.436000 3.000000e+002
3.438000 3.000000e+002
3.440000 3.000000e+002
3.442000 3.000000e+002
3.444000 3.000000e+002
3.446000 3.000000e+002
3.448000 3.000000e+002
3.450000 3.000000e+002
3.452000 3.000000e+002
3.454000 3.000000e+002
3.456000 3.000000e+002
3.458000 3.000000e+002
3.460000 3.000000e+002
3.462000 3.000000e+002
3.464000 3.000000e+002
3.466000 3.000000e+002
3.468000 3.000000e+002
3.470000 3.000000e+002
3.472000 3.000000e+002
3.474000 3.000000e+002
3.476000 3.000000e+002
3.478000 3.000000e+002
3.480000 3.000000e+002
3.482000 3.000000e+002
3.484000 3.000000e+002
3.486000 3.000000e+002
3.488000 3.000000e+002
3.490000 3.000000e+002
3.492000 3.000000e+002
3.494000 3.000000e+002
3.496000 3.000000e+002
3.498000 3.000000e+002
3.500000 3.000000e+002
3.502000 3.000000e+002
3.504000 3.000000e+002
3.506000 3.000000e+002
3.508000 3.000000e+002
3.510000 3.000000e+002
3.512000 3.000000e+002
3.514000 3.000000e+002
3.516000 3.000000e+002
3.518000 3.000000e+002
3.520000 3.000000e+002
3.522000 3.000000e+002
3.524000 3.000000e+002
3.526000 3.000000e+002
3.528000 3.000000e+002
3.530000 3.000000e+002
3.532000 3.000000e+002
3.534000 3.000000e+002
3.536000 3.000000e+002
3.538000 3.000000e+002
3.540000 3.000000e+002
3.542000 3.000000e+002
3.544000 3.000000e+002
3.546000 3.000000e+002
3.548000 3.000000e+002
3.550000 3.000000e+002
3.552000 3.000000e+002
3.554000 3.000000e+002
3.556000 3.000000e+002
3.558000 3.000000e+002
3.560000 3.000000e+002
3.562000 3.000000e+002
3.564000 3.000000e+002
3.566000 3.000000e+002
3.568000 3.000000e+002
3.570000 3.000000e+002
3.572000 3.000000e+002
3.574000 3.000000e+002
3.576000 3.000000e+002
3.578000 3.000000e+002
3.580000 3.000000e+002
3.582000 3.000000e+002
3.584000 3.000000e+002
3.586000 3.000000e+002
3.588000 3.000000e+002
3.590000 3.000000e+002
3.592000 3.000000e+002
3.594000 3.000000e+002
3.596000 3.000000e+002
3.598000 3.000000e+002
3.600000 3.000000e+002
3.602000 3.000000e+002
3.604000 3.000000e+002
3.606000 3.000000e+002
3.608000 3.000000e+002
3.610000 3.000000e+002
3.612000 3.000000e+002
3.614000 3.000000e+002
3.616000 3.000000e+002
3.618000 3.000000e+002
3.620000 3.000000e+002
3.622000 3.000000e+002
3.624000 3.000000e+002
3.626000 3.000000e+002
3.628000 3.000000e+002
3.630000 3.000000e+002
3.632000 3.000000e+002
3.634000 3.000000e+002
3.636000 3.000000e+002
3.638000 3.000000e+002
3.640000 3.000000e+002
3.642000 3.000000e+002
3.644000 3.000000e+002
3.646000 3.000000e+002
3.648000 3.000000e+002
3.650000 3.000000e+002
3.652000 3.000000e+002
3.654000 3.000000e+002
3.656000 3.000000e+002
3.658000 3.000000e+002
3.660000 3.000000e+002
3.662000 3.000000e+002
3.664000 3.000000e+002
3.666000 3.000000e+002
3.668000 3.000000e+002
3.670000 3.000000e+002
3.672000 3.000000e+002
3.674000 3.000000e+002
3.676000 3.000000e+002
3.678000 3.000000e+002
3.680000 3.000000e+002
3.682000 3.000000e+002
3.684000 3.000000e+002
3.686000 3.000000e+002
3.688000 3.000000e+002
3.690000 3.000000e+002
3.692000 3.000000e+002
3.694000 3.000000e+002
3.696000 3.000000e+002
3.698000 3.000000e+002
3.700000 3.000000e+002
3.702000 3.000000e+002
3.704000 3.000000e+002
3.706000 3.000000e+002
3.708000 3.000000e+002
3.710000 3.000000e+002
3.712000 3.000000e+002
3.714000 3.000000e+002
3.716000 3.000000e+002
3.718000 3.000000e+002
3.720000 3.000000e+002
3.722000 3.000000e+002
3.724000 3.000000e+002
3.726000 3.000000e+002
3.728000 3.000000e+002
3.730000 3.000000e+002
3.732000 3.000000e+002
3.734000 3.000000e+002
3.736000 3.000000e+002
3.738000 3.000000e+002
3.740000 3.000000e+002
3.742000 3.000000e+002
3.744000 3.000000e+002
3.746000 3.000000e+002
3.748000 3.000000e+002
3.750000 3.000000e+002
3.752000 3.000000e+002
3.754000 3.000000e+002
3.756000 3.000000e+002
3.758000 3.000000e+002
3.760000 3.000000e+002
3.762000 3.000000e+002
3.764000 3.000000e+002
3.766000 3.000000e+002
3.768000 3.000000e+002
3.770000 3.000000e+002
3.772000 3.000000e+002
3.774000 3.000000e+002
3.776000 3.000000e+002
3.778000 3.000000e+002
3.780000 3.000000e+002
3.782000 3.000000e+002
3.784000 3.000000e+002
3.786000 3.000000e+002
3.788000 3.000000e+002
3.790000 3.000000e+002
3.792000 3.000000e+002
3.794000 3.000000e+002
3.796000 3.000000e+002
3.798000 3.000000e+002
3.800000 3.000000e+002
3.802000 3.000000e+002
3.804000 3.000000e+002
3.806000 3.000000e+002
3.808000 3.000000e+002
3.810000 3.000000e+002
3.812000 3.000000e+002
3.814000 3.000000e+002
3.816000 3.000000e+002
3.818000 3.000000e+002
3.820000 3.000000e+002
3.822000 3.000000e+002
3.824000 3.000000e+002
3.826000 3.000000e+002
3.828000 3.000000e+002
3.830000 3.000000e+002
3.832000 3.000000e+002
3.834000 3.000000e+002
3.836000 3.000000e+002
3.838000 3.000000e+002
3.840000 3.000000e+002
3.842000 3.000000e+002
3.844000 3.000000e+002
3.846000 3.000000e+002
3.848000 3.000000e+002
3.850000 3.000000e+002
3.852000 3.000000e+002
3.854000 3.000000e+002
3.856000 3.000000e+002
3.858000 3.000000e+002
3.860000 3.000000e+002
3.862000 3.000000e+002
3.864000 3.000000e+002
3.866000 3.000000e+002
3.868000 3.000000e+002
3.870000 3.000000e+002
3.872000 3.000000e+002
3.874000 3.000000e+002
3.876000 3.000000e+002
3.878000 3.000000e+002
3.880000 3.000000e+002
3.882000 3.000000e+002
3.884000 3.000000e+002
3.886000 3.000000e+002
3.888000 3.000000e+002
3.890000 3.000000e+002
3.892000 3.000000e+002
3.894000 3.000000e+002
3.896000 3.000000e+002
3.898000 3.000000e+002
3.900000 3.000000e+002
3.902000 3.000000e+002
3.904000 3.000000e+002
3.906000 3.000000e+002
3.908000 3.000000e+002
3.910000 3.000000e+002
3.912000 3.000000e+002
3.914000 3.000000e+002
3.916000 3.000000e+002
3.918000 3.000000e+002
3.920000 3.000000e+002
3.922000 3.000000e+002
3.924000 3.000000e+002
3.926000 3.000000e+002
3.928000 3.000000e+002
3.930000 3.000000e+002
3.932000 3.000000e+002
3.934000 3.000000e+002
3.936000 3.000000e+002
3.938000 3.000000e+002
3.940000 3.000000e+002
3.942000 3.000000e+002
3.944000 3.000000e+002
3.946000 3.000000e+002
3.948000 3.000000e+002
3.950000 3.000000e+002
3.952000 3.000000e+002
3.954000 3.000000e+002
3.956000 3.000000e+002
3.958000 3.000000e+002
3.960000 3.000000e+002
3.962000 3.000000e+002
3.964000 3.000000e+002
3.966000 3.000000e+002
3.968000 3.000000e+002
3.970000 3.000000e+002
3.972000 3.000000e+002
3.974000 3.000000e+002
3.976000 3.000000e+002
3.978000 3.000000e+002
3.980000 3.000000e+002
3.982000 3.000000e+002
3.984000 3.000000e+002
3.986000 3.000000e+002
3.988000 3.000000e+002
3.990000 3.000000e+002
3.992000 3.000000e+002
3.994000 3.000000e+002
3.996000 3.000000e+002
3.998000 3.000000e+002
