0.000000 3.300179e+002
0.002000 3.333354e+002
0.004000 3.366520e+002
0.006000 3.399678e+002
0.008000 3.432825e+002
0.010000 3.465962e+002
0.012000 3.499086e+002
0.014000 3.532198e+002
0.016000 3.565297e+002
0.018000 3.598381e+002
0.020000 3.631451e+002
0.022000 3.664504e+002
0.024000 3.697541e+002
0.026000 3.730560e+002
0.028000 3.763560e+002
0.030000 3.796541e+002
0.032000 3.829502e+002
0.034000 3.862443e+002
0.036000 3.895361e+002
0.038000 3.928257e+002
0.040000 3.961129e+002
0.042000 3.993977e+002
0.044000 4.026799e+002
0.046000 4.059596e+002
0.048000 4.092366e+002
0.050000 4.125109e+002
0.052000 4.157823e+002
0.054000 4.190507e+002
0.056000 4.223162e+002
0.058000 4.255786e+002
0.060000 4.288378e+002
0.062000 4.320937e+002
0.064000 4.353463e+002
0.066000 4.385955e+002
0.068000 4.418412e+002
0.070000 4.450833e+002
0.072000 4.483217e+002
0.074000 4.515564e+002
0.076000 4.547873e+002
0.078000 4.580142e+002
0.080000 4.612372e+002
0.082000 4.644561e+002
0.084000 4.676709e+002
0.086000 4.708814e+002
0.088000 4.740876e+002
0.090000 4.772895e+002
0.092000 4.804868e+002
0.094000 4.836797e+002
0.096000 4.868679e+002
0.098000 4.900513e+002
0.100000 4.932300e+002
0.102000 4.964039e+002
0.104000 4.995728e+002
0.106000 5.027367e+002
0.108000 5.058954e+002
0.110000 5.090490e+002
0.112000 5.121974e+002
0.114000 5.153404e+002
0.116000 5.184780e+002
0.118000 5.216101e+002
0.120000 5.247367e+002
0.122000 5.278576e+002
0.124000 5.309728e+002
0.126000 5.340822e+002
0.128000 5.371858e+002
0.130000 5.402834e+002
0.132000 5.433750e+002
0.134000 5.464605e+002
0.136000 5.495398e+002
0.138000 5.526128e+002
0.140000 5.556796e+002
0.142000 5.587400e+002
0.144000 5.617939e+002
0.146000 5.648412e+002
0.148000 5.678819e+002
0.150000 5.709160e+002
0.152000 5.739433e+002
0.154000 5.769638e+002
0.156000 5.799773e+002
0.158000 5.829839e+002
0.160000 5.859834e+002
0.162000 5.889758e+002
0.164000 5.919610e+002
0.166000 5.949390e+002
0.168000 5.979096e+002
0.170000 6.008728e+002
0.172000 6.038286e+002
0.174000 6.067768e+002
0.176000 6.097173e+002
0.178000 6.126502e+002
0.180000 6.155754e+002
0.182000 6.184927e+002
0.184000 6.214022e+002
0.186000 6.243037e+002
0.188000 6.271971e+002
0.190000 6.300825e+002
0.192000 6.329597e+002
0.194000 6.358287e+002
0.196000 6.386894e+002
0.198000 6.415417e+002
0.200000 6.443856e+002
0.202000 6.472211e+002
0.204000 6.500479e+002
0.206000 6.528662e+002
0.208000 6.556758e+002
0.210000 6.584766e+002
0.212000 6.612686e+002
0.214000 6.640518e+002
0.216000 6.668260e+002
0.218000 6.695912e+002
0.220000 6.723473e+002
0.222000 6.750943e+002
0.224000 6.778322e+002
0.226000 6.805608e+002
0.228000 6.832801e+002
0.230000 6.859900e+002
0.232000 6.886905e+002
0.234000 6.913815e+002
0.236000 6.940629e+002
0.238000 6.967348e+002
0.240000 6.993970e+002
0.242000 7.020495e+002
0.244000 7.046922e+002
0.246000 7.073250e+002
0.248000 7.099480e+002
0.250000 7.125610e+002
0.252000 7.151640e+002
0.254000 7.177569e+002
0.256000 7.203397e+002
0.258000 7.229124e+002
0.260000 7.254748e+002
0.262000 7.280269e+002
0.264000 7.305687e+002
0.266000 7.331001e+002
0.268000 7.356211e+002
0.270000 7.381316e+002
0.272000 7.406315e+002
0.274000 7.431208e+002
0.276000 7.455995e+002
0.278000 7.480674e+002
0.280000 7.505246e+002
0.282000 7.529710e+002
0.284000 7.554066e+002
0.286000 7.578312e+002
0.288000 7.602449e+002
0.290000 7.626476e+002
0.292000 7.650392e+002
0.294000 7.674198e+002
0.296000 7.697892e+002
0.298000 7.721474e+002
0.300000 7.744944e+002
0.302000 7.768301e+002
0.304000 7.791544e+002
0.306000 7.814674e+002
0.308000 7.837690e+002
0.310000 7.860591e+002
0.312000 7.883377e+002
0.314000 7.906047e+002
0.316000 7.928601e+002
0.318000 7.951039e+002
0.320000 7.973361e+002
0.322000 7.995565e+002
0.324000 8.017651e+002
0.326000 8.039620e+002
0.328000 8.061470e+002
0.330000 8.083201e+002
0.332000 8.104813e+002
0.334000 8.126305e+002
0.336000 8.147677e+002
0.338000 8.168929e+002
0.340000 8.190060e+002
0.342000 8.211070e+002
0.344000 8.231959e+002
0.346000 8.252725e+002
0.348000 8.273370e+002
0.350000 8.293892e+002
0.352000 8.314291e+002
0.354000 8.334566e+002
0.356000 8.354718e+002
0.358000 8.374746e+002
0.360000 8.394650e+002
0.362000 8.414429e+002
0.364000 8.434083e+002
0.366000 8.453612e+002
0.368000 8.473016e+002
0.370000 8.492293e+002
0.372000 8.511444e+002
0.374000 8.530469e+002
0.376000 8.549367e+002
0.378000 8.568138e+002
0.380000 8.586782e+002
0.382000 8.605298e+002
0.384000 8.623686e+002
0.386000 8.641946e+002
0.388000 8.660077e+002
0.390000 8.678080e+002
0.392000 8.695954e+002
0.394000 8.713699e+002
0.396000 8.731314e+002
0.398000 8.748799e+002
0.400000 8.766155e+002
0.402000 8.783380e+002
0.404000 8.800475e+002
0.406000 8.817439e+002
0.408000 8.834272e+002
0.410000 8.850974e+002
0.412000 8.867545e+002
0.414000 8.883985e+002
0.416000 8.900293e+002
0.418000 8.916469e+002
0.420000 8.932512e+002
0.422000 8.948424e+002
0.424000 8.964203e+002
0.426000 8.979850e+002
0.428000 8.995363e+002
0.430000 9.010744e+002
0.432000 9.025992e+002
0.434000 9.041106e+002
0.436000 9.056087e+002
0.438000 9.070934e+002
0.440000 9.085647e+002
0.442000 9.100227e+002
0.444000 9.114672e+002
0.446000 9.128984e+002
0.448000 9.143161e+002
0.450000 9.157204e+002
0.452000 9.171112e+002
0.454000 9.184886e+002
0.456000 9.198524e+002
0.458000 9.212028e+002
0.460000 9.225397e+002
0.462000 9.238631e+002
0.464000 9.251730e+002
0.466000 9.264694e+002
0.468000 9.277522e+002
0.470000 9.290215e+002
0.472000 9.302773e+002
0.474000 9.315195e+002
0.476000 9.327482e+002
0.478000 9.339633e+002
0.480000 9.351648e+002
0.482000 9.363527e+002
0.484000 9.375271e+002
0.486000 9.386879e+002
0.488000 9.398351e+002
0.490000 9.409688e+002
0.492000 9.420888e+002
0.494000 9.431952e+002
0.496000 9.442881e+002
0.498000 9.453674e+002
0.500000 9.464330e+002
0.502000 9.474851e+002
0.504000 9.485236e+002
0.506000 9.495485e+002
0.508000 9.505598e+002
0.510000 9.515575e+002
0.512000 9.525416e+002
0.514000 9.535121e+002
0.516000 9.544691e+002
0.518000 9.554124e+002
0.520000 9.563422e+002
0.522000 9.572584e+002
0.524000 9.581611e+002
0.526000 9.590502e+002
0.528000 9.599257e+002
0.530000 9.607877e+002
0.532000 9.616361e+002
0.534000 9.624710e+002
0.536000 9.632924e+002
0.538000 9.641003e+002
0.540000 9.648946e+002
0.542000 9.656754e+002
0.544000 9.664428e+002
0.546000 9.671966e+002
0.548000 9.679370e+002
0.550000 9.686639e+002
0.552000 9.693774e+002
0.554000 9.700774e+002
0.556000 9.707640e+002
0.558000 9.714371e+002
0.560000 9.720969e+002
0.562000 9.727432e+002
0.564000 9.733762e+002
0.566000 9.739958e+002
0.568000 9.746021e+002
0.570000 9.751950e+002
0.572000 9.757746e+002
0.574000 9.763409e+002
0.576000 9.768939e+002
0.578000 9.774336e+002
0.580000 9.779600e+002
0.582000 9.784732e+002
0.584000 9.789732e+002
0.586000 9.794600e+002
0.588000 9.799336e+002
0.590000 9.803940e+002
0.592000 9.808413e+002
0.594000 9.812754e+002
0.596000 9.816964e+002
0.598000 9.821044e+002
0.600000 9.824992e+002
0.602000 9.828810e+002
0.604000 9.832498e+002
0.606000 9.836056e+002
0.608000 9.839484e+002
0.610000 9.842782e+002
0.612000 9.845951e+002
0.614000 9.848991e+002
0.616000 9.851901e+002
0.618000 9.854683e+002
0.620000 9.857337e+002
0.622000 9.859862e+002
0.624000 9.862260e+002
0.626000 9.864530e+002
0.628000 9.866672e+002
0.630000 9.868687e+002
0.632000 9.870576e+002
0.634000 9.872337e+002
0.636000 9.873973e+002
0.638000 9.875482e+002
0.640000 9.876865e+002
0.642000 9.878123e+002
0.644000 9.879256e+002
0.646000 9.880264e+002
0.648000 9.881147e+002
0.650000 9.881905e+002
0.652000 9.882540e+002
0.654000 9.883051e+002
0.656000 9.883439e+002
0.658000 9.883703e+002
0.660000 9.883845e+002
0.662000 9.883864e+002
0.664000 9.883761e+002
0.666000 9.883536e+002
0.668000 9.883190e+002
0.670000 9.882722e+002
0.672000 9.882134e+002
0.674000 9.881425e+002
0.676000 9.880596e+002
0.678000 9.879647e+002
0.680000 9.878579e+002
0.682000 9.877391e+002
0.684000 9.876085e+002
0.686000 9.874660e+002
0.688000 9.873118e+002
0.690000 9.871457e+002
0.692000 9.869680e+002
0.694000 9.867785e+002
0.696000 9.865774e+002
0.698000 9.863646e+002
0.700000 9.861403e+002
0.702000 9.859044e+002
0.704000 9.856571e+002
0.706000 9.853982e+002
0.708000 9.851279e+002
0.710000 9.848463e+002
0.712000 9.845533e+002
0.714000 9.842489e+002
0.716000 9.839333e+002
0.718000 9.836065e+002
0.720000 9.832685e+002
0.722000 9.829193e+002
0.724000 9.825590e+002
0.726000 9.821877e+002
0.728000 9.818053e+002
0.730000 9.814120e+002
0.732000 9.810077e+002
0.734000 9.805925e+002
0.736000 9.801665e+002
0.738000 9.797296e+002
0.740000 9.792820e+002
0.742000 9.788236e+002
0.744000 9.783546e+002
0.746000 9.778749e+002
0.748000 9.773847e+002
0.750000 9.768839e+002
0.752000 9.763725e+002
0.754000 9.758507e+002
0.756000 9.753185e+002
0.758000 9.747760e+002
0.760000 9.742231e+002
0.762000 9.736599e+002
0.764000 9.730865e+002
0.766000 9.725029e+002
0.768000 9.719092e+002
0.770000 9.713053e+002
0.772000 9.706914e+002
0.774000 9.700676e+002
0.776000 9.694337e+002
0.778000 9.687900e+002
0.780000 9.681364e+002
0.782000 9.674730e+002
0.784000 9.667998e+002
0.786000 9.661169e+002
0.788000 9.654244e+002
0.790000 9.647222e+002
0.792000 9.640104e+002
0.794000 9.632892e+002
0.796000 9.625584e+002
0.798000 9.618183e+002
0.800000 9.610687e+002
0.802000 9.603099e+002
0.804000 9.595418e+002
0.806000 9.587644e+002
0.808000 9.579779e+002
0.810000 9.571823e+002
0.812000 9.563775e+002
0.814000 9.555638e+002
0.816000 9.547411e+002
0.818000 9.539094e+002
0.820000 9.530689e+002
0.822000 9.522196e+002
0.824000 9.513615e+002
0.826000 9.504947e+002
0.828000 9.496193e+002
0.830000 9.487352e+002
0.832000 9.478425e+002
0.834000 9.469414e+002
0.836000 9.460318e+002
0.838000 9.451138e+002
0.840000 9.441874e+002
0.842000 9.432527e+002
0.844000 9.423098e+002
0.846000 9.413587e+002
0.848000 9.403995e+002
0.850000 9.394322e+002
0.852000 9.384568e+002
0.854000 9.374734e+002
0.856000 9.364822e+002
0.858000 9.354830e+002
0.860000 9.344760e+002
0.862000 9.334613e+002
0.864000 9.324388e+002
0.866000 9.314087e+002
0.868000 9.303710e+002
0.870000 9.293257e+002
0.872000 9.282729e+002
0.874000 9.272127e+002
0.876000 9.261451e+002
0.878000 9.250701e+002
0.880000 9.239879e+002
0.882000 9.228984e+002
0.884000 9.218018e+002
0.886000 9.206980e+002
0.888000 9.195872e+002
0.890000 9.184694e+002
0.892000 9.173446e+002
0.894000 9.162129e+002
0.896000 9.150744e+002
0.898000 9.139290e+002
0.900000 9.127770e+002
0.902000 9.116182e+002
0.904000 9.104529e+002
0.906000 9.092809e+002
0.908000 9.081025e+002
0.910000 9.069176e+002
0.912000 9.057263e+002
0.914000 9.045286e+002
0.916000 9.033246e+002
0.918000 9.021144e+002
0.920000 9.008980e+002
0.922000 8.996755e+002
0.924000 8.984469e+002
0.926000 8.972123e+002
0.928000 8.959717e+002
0.930000 8.947252e+002
0.932000 8.934729e+002
0.934000 8.922148e+002
0.936000 8.909509e+002
0.938000 8.896813e+002
0.940000 8.884062e+002
0.942000 8.871254e+002
0.944000 8.858391e+002
0.946000 8.845473e+002
0.948000 8.832502e+002
0.950000 8.819477e+002
0.952000 8.806399e+002
0.954000 8.793268e+002
0.956000 8.780086e+002
0.958000 8.766852e+002
0.960000 8.753567e+002
0.962000 8.740233e+002
0.964000 8.726848e+002
0.966000 8.713415e+002
0.968000 8.699933e+002
0.970000 8.686402e+002
0.972000 8.672825e+002
0.974000 8.659200e+002
0.976000 8.645530e+002
0.978000 8.631813e+002
0.980000 8.618051e+002
0.982000 8.604244e+002
0.984000 8.590394e+002
0.986000 8.576499e+002
0.988000 8.562562e+002
0.990000 8.548582e+002
0.992000 8.534560e+002
0.994000 8.520497e+002
0.996000 8.506392e+002
0.998000 8.492248e+002
1.000000 8.478063e+002
1.002000 8.463840e+002
1.004000 8.449578e+002
1.006000 8.435277e+002
1.008000 8.420939e+002
1.010000 8.406564e+002
1.012000 8.392152e+002
1.014000 8.377704e+002
1.016000 8.363221e+002
1.018000 8.348703e+002
1.020000 8.334151e+002
1.022000 8.319564e+002
1.024000 8.304945e+002
1.026000 8.290292e+002
1.028000 8.275608e+002
1.030000 8.260891e+002
1.032000 8.246144e+002
1.034000 8.231366e+002
1.036000 8.216557e+002
1.038000 8.201719e+002
1.040000 8.186852e+002
1.042000 8.171957e+002
1.044000 8.157033e+002
1.046000 8.142082e+002
1.048000 8.127104e+002
1.050000 8.112100e+002
1.052000 8.097069e+002
1.054000 8.082014e+002
1.056000 8.066933e+002
1.058000 8.051828e+002
1.060000 8.036699e+002
1.062000 8.021547e+002
1.064000 8.006372e+002
1.066000 7.991174e+002
1.068000 7.975955e+002
1.070000 7.960714e+002
1.072000 7.945453e+002
1.074000 7.930172e+002
1.076000 7.914870e+002
1.078000 7.899550e+002
1.080000 7.884210e+002
1.082000 7.868853e+002
1.084000 7.853477e+002
1.086000 7.838085e+002
1.088000 7.822675e+002
1.090000 7.807249e+002
1.092000 7.791808e+002
1.094000 7.776351e+002
1.096000 7.760879e+002
1.098000 7.745393e+002
1.100000 7.729894e+002
1.102000 7.714381e+002
1.104000 7.698855e+002
1.106000 7.683316e+002
1.108000 7.667766e+002
1.110000 7.652205e+002
1.112000 7.636632e+002
1.114000 7.621049e+002
1.116000 7.605456e+002
1.118000 7.589854e+002
1.120000 7.574243e+002
1.122000 7.558623e+002
1.124000 7.542994e+002
1.126000 7.527359e+002
1.128000 7.511716e+002
1.130000 7.496066e+002
1.132000 7.480410e+002
1.134000 7.464749e+002
1.136000 7.449082e+002
1.138000 7.433410e+002
1.140000 7.417734e+002
1.142000 7.402054e+002
1.144000 7.386370e+002
1.146000 7.370684e+002
1.148000 7.354994e+002
1.150000 7.339303e+002
1.152000 7.323610e+002
1.154000 7.307915e+002
1.156000 7.292220e+002
1.158000 7.276524e+002
1.160000 7.260829e+002
1.162000 7.245133e+002
1.164000 7.229439e+002
1.166000 7.213746e+002
1.168000 7.198055e+002
1.170000 7.182366e+002
1.172000 7.166680e+002
1.174000 7.150996e+002
1.176000 7.135316e+002
1.178000 7.119640e+002
1.180000 7.103968e+002
1.182000 7.088301e+002
1.184000 7.072639e+002
1.186000 7.056982e+002
1.188000 7.041332e+002
1.190000 7.025687e+002
1.192000 7.010050e+002
1.194000 6.994419e+002
1.196000 6.978796e+002
1.198000 6.963181e+002
1.200000 6.947575e+002
1.202000 6.931977e+002
1.204000 6.916388e+002
1.206000 6.900808e+002
1.208000 6.885239e+002
1.210000 6.869679e+002
1.212000 6.854130e+002
1.214000 6.838593e+002
1.216000 6.823066e+002
1.218000 6.807552e+002
1.220000 6.792049e+002
1.222000 6.776560e+002
1.224000 6.761083e+002
1.226000 6.745619e+002
1.228000 6.730168e+002
1.230000 6.714732e+002
1.232000 6.699310e+002
1.234000 6.683903e+002
1.236000 6.668511e+002
1.238000 6.653134e+002
1.240000 6.637773e+002
1.242000 6.622428e+002
1.244000 6.607099e+002
1.246000 6.591787e+002
1.248000 6.576493e+002
1.250000 6.561215e+002
1.252000 6.545956e+002
1.254000 6.530715e+002
1.256000 6.515492e+002
1.258000 6.500288e+002
1.260000 6.485102e+002
1.262000 6.469937e+002
1.264000 6.454791e+002
1.266000 6.439665e+002
1.268000 6.424560e+002
1.270000 6.409475e+002
1.272000 6.394411e+002
1.274000 6.379369e+002
1.276000 6.364348e+002
1.278000 6.349350e+002
1.280000 6.334373e+002
1.282000 6.319419e+002
1.284000 6.304488e+002
1.286000 6.289580e+002
1.288000 6.274695e+002
1.290000 6.259835e+002
1.292000 6.244998e+002
1.294000 6.230185e+002
1.296000 6.215397e+002
1.298000 6.200634e+002
1.300000 6.185896e+002
1.302000 6.171184e+002
1.304000 6.156497e+002
1.306000 6.141836e+002
1.308000 6.127202e+002
1.310000 6.112593e+002
1.312000 6.098012e+002
1.314000 6.083458e+002
1.316000 6.068931e+002
1.318000 6.054431e+002
1.320000 6.039960e+002
1.322000 6.025516e+002
1.324000 6.011101e+002
1.326000 5.996714e+002
1.328000 5.982357e+002
1.330000 5.968028e+002
1.332000 5.953728e+002
1.334000 5.939458e+002
1.336000 5.925218e+002
1.338000 5.911008e+002
1.340000 5.896828e+002
1.342000 5.882678e+002
1.344000 5.868559e+002
1.346000 5.854472e+002
1.348000 5.840415e+002
1.350000 5.826389e+002
1.352000 5.812396e+002
1.354000 5.798434e+002
1.356000 5.784504e+002
1.358000 5.770606e+002
1.360000 5.756740e+002
1.362000 5.742908e+002
1.364000 5.729108e+002
1.366000 5.715341e+002
1.368000 5.701607e+002
1.370000 5.687907e+002
1.372000 5.674240e+002
1.374000 5.660607e+002
1.376000 5.647009e+002
1.378000 5.633444e+002
1.380000 5.619914e+002
1.382000 5.606418e+002
1.384000 5.592957e+002
1.386000 5.579531e+002
1.388000 5.566140e+002
1.390000 5.552784e+002
1.392000 5.539464e+002
1.394000 5.526180e+002
1.396000 5.512931e+002
1.398000 5.499718e+002
1.400000 5.486541e+002
1.402000 5.473400e+002
1.404000 5.460296e+002
1.406000 5.447228e+002
1.408000 5.434197e+002
1.410000 5.421203e+002
1.412000 5.408246e+002
1.414000 5.395326e+002
1.416000 5.382444e+002
1.418000 5.369599e+002
1.420000 5.356791e+002
1.422000 5.344021e+002
1.424000 5.331289e+002
1.426000 5.318595e+002
1.428000 5.305939e+002
1.430000 5.293321e+002
1.432000 5.280742e+002
1.434000 5.268201e+002
1.436000 5.255699e+002
1.438000 5.243236e+002
1.440000 5.230811e+002
1.442000 5.218425e+002
1.444000 5.206079e+002
1.446000 5.193771e+002
1.448000 5.181503e+002
1.450000 5.169274e+002
1.452000 5.157085e+002
1.454000 5.144935e+002
1.456000 5.132825e+002
1.458000 5.120755e+002
1.460000 5.108725e+002
1.462000 5.096734e+002
1.464000 5.084784e+002
1.466000 5.072874e+002
1.468000 5.061004e+002
1.470000 5.049175e+002
1.472000 5.037386e+002
1.474000 5.025637e+002
1.476000 5.013929e+002
1.478000 5.002262e+002
1.480000 4.990635e+002
1.482000 4.979049e+002
1.484000 4.967504e+002
1.486000 4.956000e+002
1.488000 4.944537e+002
1.490000 4.933115e+002
1.492000 4.921734e+002
1.494000 4.910395e+002
1.496000 4.899096e+002
1.498000 4.887839e+002
1.500000 4.876623e+002
1.502000 4.865449e+002
1.504000 4.854316e+002
1.506000 4.843225e+002
1.508000 4.832175e+002
1.510000 4.821167e+002
1.512000 4.810200e+002
1.514000 4.799275e+002
1.516000 4.788392e+002
1.518000 4.777551e+002
1.520000 4.766751e+002
1.522000 4.755993e+002
1.524000 4.745278e+002
1.526000 4.734604e+002
1.528000 4.723971e+002
1.530000 4.713381e+002
1.532000 4.702833e+002
1.534000 4.692327e+002
1.536000 4.681863e+002
1.538000 4.671441e+002
1.540000 4.661061e+002
1.542000 4.650723e+002
1.544000 4.640427e+002
1.546000 4.630173e+002
1.548000 4.619961e+002
1.550000 4.609791e+002
1.552000 4.599664e+002
1.554000 4.589578e+002
1.556000 4.579535e+002
1.558000 4.569534e+002
1.560000 4.559575e+002
1.562000 4.549658e+002
1.564000 4.539783e+002
1.566000 4.529951e+002
1.568000 4.520160e+002
1.570000 4.510412e+002
1.572000 4.500705e+002
1.574000 4.491041e+002
1.576000 4.481419e+002
1.578000 4.471839e+002
1.580000 4.462301e+002
1.582000 4.452805e+002
1.584000 4.443351e+002
1.586000 4.433939e+002
1.588000 4.424569e+002
1.590000 4.415240e+002
1.592000 4.405954e+002
1.594000 4.396710e+002
1.596000 4.387507e+002
1.598000 4.378347e+002
1.600000 4.369228e+002
1.602000 4.360151e+002
1.604000 4.351115e+002
1.606000 4.342122e+002
1.608000 4.333170e+002
1.610000 4.324259e+002
1.612000 4.315391e+002
1.614000 4.306563e+002
1.616000 4.297778e+002
1.618000 4.289033e+002
1.620000 4.280331e+002
1.622000 4.271669e+002
1.624000 4.263049e+002
1.626000 4.254470e+002
1.628000 4.245932e+002
1.630000 4.237436e+002
1.632000 4.228980e+002
1.634000 4.220566e+002
1.636000 4.212193e+002
1.638000 4.203860e+002
1.640000 4.195569e+002
1.642000 4.187318e+002
1.644000 4.179109e+002
1.646000 4.170939e+002
1.648000 4.162811e+002
1.650000 4.154723e+002
1.652000 4.146676e+002
1.654000 4.138669e+002
1.656000 4.130702e+002
1.658000 4.122776e+002
1.660000 4.114890e+002
1.662000 4.107045e+002
1.664000 4.099239e+002
1.666000 4.091474e+002
1.668000 4.083748e+002
1.670000 4.076062e+002
1.672000 4.068416e+002
1.674000 4.060810e+002
1.676000 4.053244e+002
1.678000 4.045717e+002
1.680000 4.038230e+002
1.682000 4.030782e+002
1.684000 4.023373e+002
1.686000 4.016004e+002
1.688000 4.008674e+002
1.690000 4.001383e+002
1.692000 3.994131e+002
1.694000 3.986918e+002
1.696000 3.979743e+002
1.698000 3.972608e+002
1.700000 3.965511e+002
1.702000 3.958453e+002
1.704000 3.951433e+002
1.706000 3.944451e+002
1.708000 3.937508e+002
1.710000 3.930603e+002
1.712000 3.923737e+002
1.714000 3.916908e+002
1.716000 3.910117e+002
1.718000 3.903364e+002
1.720000 3.896648e+002
1.722000 3.889971e+002
1.724000 3.883331e+002
1.726000 3.876728e+002
1.728000 3.870162e+002
1.730000 3.863634e+002
1.732000 3.857143e+002
1.734000 3.850689e+002
1.736000 3.844272e+002
1.738000 3.837891e+002
1.740000 3.831548e+002
1.742000 3.825241e+002
1.744000 3.818970e+002
1.746000 3.812736e+002
1.748000 3.806538e+002
1.750000 3.800376e+002
1.752000 3.794251e+002
1.754000 3.788161e+002
1.756000 3.782107e+002
1.758000 3.776089e+002
1.760000 3.770107e+002
1.762000 3.764160e+002
1.764000 3.758248e+002
1.766000 3.752372e+002
1.768000 3.746531e+002
1.770000 3.740725e+002
1.772000 3.734954e+002
1.774000 3.729217e+002
1.776000 3.723516e+002
1.778000 3.717849e+002
1.780000 3.712216e+002
1.782000 3.706618e+002
1.784000 3.701054e+002
1.786000 3.695525e+002
1.788000 3.690029e+002
1.790000 3.684567e+002
1.792000 3.679139e+002
1.794000 3.673745e+002
1.796000 3.668384e+002
1.798000 3.663057e+002
1.800000 3.657763e+002
1.802000 3.652502e+002
1.804000 3.647274e+002
1.806000 3.642079e+002
1.808000 3.636917e+002
1.810000 3.631787e+002
1.812000 3.626690e+002
1.814000 3.621626e+002
1.816000 3.616594e+002
1.818000 3.611594e+002
1.820000 3.606626e+002
1.822000 3.601690e+002
1.824000 3.596786e+002
1.826000 3.591914e+002
1.828000 3.587073e+002
1.830000 3.582264e+002
1.832000 3.577486e+002
1.834000 3.572739e+002
1.836000 3.568023e+002
1.838000 3.563339e+002
1.840000 3.558685e+002
1.842000 3.554061e+002
1.844000 3.549469e+002
1.846000 3.544906e+002
1.848000 3.540375e+002
1.850000 3.535873e+002
1.852000 3.531401e+002
1.854000 3.526959e+002
1.856000 3.522547e+002
1.858000 3.518165e+002
1.860000 3.513812e+002
1.862000 3.509489e+002
1.864000 3.505195e+002
1.866000 3.500930e+002
1.868000 3.496694e+002
1.870000 3.492488e+002
1.872000 3.488309e+002
1.874000 3.484160e+002
1.876000 3.480039e+002
1.878000 3.475946e+002
1.880000 3.471882e+002
1.882000 3.467846e+002
1.884000 3.463838e+002
1.886000 3.459857e+002
1.888000 3.455905e+002
1.890000 3.451980e+002
1.892000 3.448082e+002
1.894000 3.444212e+002
1.896000 3.440369e+002
1.898000 3.436554e+002
1.900000 3.432765e+002
1.902000 3.429003e+002
1.904000 3.425268e+002
1.906000 3.421559e+002
1.908000 3.417877e+002
1.910000 3.414221e+002
1.912000 3.410591e+002
1.914000 3.406988e+002
1.916000 3.403410e+002
1.918000 3.399858e+002
1.920000 3.396332e+002
1.922000 3.392831e+002
1.924000 3.389356e+002
1.926000 3.385906e+002
1.928000 3.382481e+002
1.930000 3.379082e+002
1.932000 3.375707e+002
1.934000 3.372357e+002
1.936000 3.369031e+002
1.938000 3.365731e+002
1.940000 3.362454e+002
1.942000 3.359202e+002
1.944000 3.355974e+002
1.946000 3.352770e+002
1.948000 3.349590e+002
1.950000 3.346434e+002
1.952000 3.343301e+002
1.954000 3.340192e+002
1.956000 3.337106e+002
1.958000 3.334043e+002
1.960000 3.331004e+002
1.962000 3.327988e+002
1.964000 3.324994e+002
1.966000 3.322023e+002
1.968000 3.319075e+002
1.970000 3.316150e+002
1.972000 3.313246e+002
1.974000 3.310365e+002
1.976000 3.307506e+002
1.978000 3.304670e+002
1.980000 3.301855e+002
1.982000 3.299061e+002
1.984000 3.296290e+002
1.986000 3.293540e+002
1.988000 3.290811e+002
1.990000 3.288104e+002
1.992000 3.285418e+002
1.994000 3.282753e+002
1.996000 3.280108e+002
1.998000 3.277485e+002
2.000000 3.274882e+002
2.002000 3.272300e+002
2.004000 3.269738e+002
2.006000 3.267196e+002
2.008000 3.264675e+002
2.010000 3.262173e+002
2.012000 3.259692e+002
2.014000 3.257230e+002
2.016000 3.254789e+002
2.018000 3.252366e+002
2.020000 3.249964e+002
2.022000 3.247580e+002
2.024000 3.245216e+002
2.026000 3.242871e+002
2.028000 3.240545e+002
2.030000 3.238237e+002
2.032000 3.235949e+002
2.034000 3.233679e+002
2.036000 3.231428e+002
2.038000 3.229195e+002
2.040000 3.226980e+002
2.042000 3.224784e+002
2.044000 3.222606e+002
2.046000 3.220445e+002
2.048000 3.218303e+002
2.050000 3.216178e+002
2.052000 3.214071e+002
2.054000 3.211981e+002
2.056000 3.209909e+002
2.058000 3.207854e+002
2.060000 3.205816e+002
2.062000 3.203796e+002
2.064000 3.201792e+002
2.066000 3.199805e+002
2.068000 3.197835e+002
2.070000 3.195881e+002
2.072000 3.193944e+002
2.074000 3.192023e+002
2.076000 3.190119e+002
2.078000 3.188231e+002
2.080000 3.186359e+002
2.082000 3.184503e+002
2.084000 3.182662e+002
2.086000 3.180838e+002
2.088000 3.179029e+002
2.090000 3.177236e+002
2.092000 3.175458e+002
2.094000 3.173696e+002
2.096000 3.171948e+002
2.098000 3.170216e+002
2.100000 3.168499e+002
2.102000 3.166797e+002
2.104000 3.165110e+002
2.106000 3.163437e+002
2.108000 3.161779e+002
2.110000 3.160135e+002
2.112000 3.158506e+002
2.114000 3.156892e+002
2.116000 3.155291e+002
2.118000 3.153705e+002
2.120000 3.152132e+002
2.122000 3.150574e+002
2.124000 3.149029e+002
2.126000 3.147498e+002
2.128000 3.145981e+002
2.130000 3.144477e+002
2.132000 3.142987e+002
2.134000 3.141510e+002
2.136000 3.140046e+002
2.138000 3.138596e+002
2.140000 3.137158e+002
2.142000 3.135733e+002
2.144000 3.134322e+002
2.146000 3.132923e+002
2.148000 3.131536e+002
2.150000 3.130163e+002
2.152000 3.128801e+002
2.154000 3.127452e+002
2.156000 3.126116e+002
2.158000 3.124792e+002
2.160000 3.123479e+002
2.162000 3.122179e+002
2.164000 3.120891e+002
2.166000 3.119615e+002
2.168000 3.118350e+002
2.170000 3.117097e+002
2.172000 3.115856e+002
2.174000 3.114626e+002
2.176000 3.113408e+002
2.178000 3.112200e+002
2.180000 3.111005e+002
2.182000 3.109820e+002
2.184000 3.108646e+002
2.186000 3.107484e+002
2.188000 3.106332e+002
2.190000 3.105191e+002
2.192000 3.104061e+002
2.194000 3.102941e+002
2.196000 3.101833e+002
2.198000 3.100734e+002
2.200000 3.099646e+002
2.202000 3.098568e+002
2.204000 3.097501e+002
2.206000 3.096443e+002
2.208000 3.095396e+002
2.210000 3.094359e+002
2.212000 3.093332e+002
2.214000 3.092314e+002
2.216000 3.091307e+002
2.218000 3.090309e+002
2.220000 3.089320e+002
2.222000 3.088341e+002
2.224000 3.087372e+002
2.226000 3.086412e+002
2.228000 3.085461e+002
2.230000 3.084520e+002
2.232000 3.083587e+002
2.234000 3.082664e+002
2.236000 3.081750e+002
2.238000 3.080845e+002
2.240000 3.079948e+002
2.242000 3.079061e+002
2.244000 3.078182e+002
2.246000 3.077311e+002
2.248000 3.076450e+002
2.250000 3.075597e+002
2.252000 3.074752e+002
2.254000 3.073915e+002
2.256000 3.073087e+002
2.258000 3.072267e+002
2.260000 3.071456e+002
2.262000 3.070652e+002
2.264000 3.069857e+002
2.266000 3.069069e+002
2.268000 3.068289e+002
2.270000 3.067517e+002
2.272000 3.066753e+002
2.274000 3.065997e+002
2.276000 3.065248e+002
2.278000 3.064506e+002
2.280000 3.063773e+002
2.282000 3.063046e+002
2.284000 3.062327e+002
2.286000 3.061615e+002
2.288000 3.060911e+002
2.290000 3.060214e+002
2.292000 3.059523e+002
2.294000 3.058840e+002
2.296000 3.058164e+002
2.298000 3.057495e+002
2.300000 3.056833e+002
2.302000 3.056177e+002
2.304000 3.055528e+002
2.306000 3.054886e+002
2.308000 3.054251e+002
2.310000 3.053622e+002
2.312000 3.052999e+002
2.314000 3.052383e+002
2.316000 3.051774e+002
2.318000 3.051171e+002
2.320000 3.050574e+002
2.322000 3.049983e+002
2.324000 3.049399e+002
2.326000 3.048820e+002
2.328000 3.048248e+002
2.330000 3.047682e+002
2.332000 3.047121e+002
2.334000 3.046567e+002
2.336000 3.046018e+002
2.338000 3.045476e+002
2.340000 3.044939e+002
2.342000 3.044407e+002
2.344000 3.043882e+002
2.346000 3.043361e+002
2.348000 3.042847e+002
2.350000 3.042338e+002
2.352000 3.041834e+002
2.354000 3.041336e+002
2.356000 3.040843e+002
2.358000 3.040355e+002
2.360000 3.039873e+002
2.362000 3.039396e+002
2.364000 3.038924e+002
2.366000 3.038457e+002
2.368000 3.037995e+002
2.370000 3.037538e+002
2.372000 3.037086e+002
2.374000 3.036639e+002
2.376000 3.036196e+002
2.378000 3.035759e+002
2.380000 3.035326e+002
2.382000 3.034898e+002
2.384000 3.034475e+002
2.386000 3.034057e+002
2.388000 3.033643e+002
2.390000 3.033233e+002
2.392000 3.032828e+002
2.394000 3.032428e+002
2.396000 3.032031e+002
2.398000 3.031640e+002
2.400000 3.031252e+002
2.402000 3.030869e+002
2.404000 3.030490e+002
2.406000 3.030116e+002
2.408000 3.029745e+002
2.410000 3.029379e+002
2.412000 3.029017e+002
2.414000 3.028658e+002
2.416000 3.028304e+002
2.418000 3.027954e+002
2.420000 3.027608e+002
2.422000 3.027265e+002
2.424000 3.026926e+002
2.426000 3.026592e+002
2.428000 3.026261e+002
2.430000 3.025933e+002
2.432000 3.025610e+002
2.434000 3.025290e+002
2.436000 3.024974e+002
2.438000 3.024661e+002
2.440000 3.024352e+002
2.442000 3.024046e+002
2.444000 3.023744e+002
2.446000 3.023445e+002
2.448000 3.023150e+002
2.450000 3.022858e+002
2.452000 3.022570e+002
2.454000 3.022285e+002
2.456000 3.022003e+002
2.458000 3.021724e+002
2.460000 3.021449e+002
2.462000 3.021176e+002
2.464000 3.020907e+002
2.466000 3.020641e+002
2.468000 3.020378e+002
2.470000 3.020118e+002
2.472000 3.019861e+002
2.474000 3.019607e+002
2.476000 3.019357e+002
2.478000 3.019109e+002
2.480000 3.018863e+002
2.482000 3.018621e+002
2.484000 3.018382e+002
2.486000 3.018145e+002
2.488000 3.017911e+002
2.490000 3.017680e+002
2.492000 3.017452e+002
2.494000 3.017226e+002
2.496000 3.017003e+002
2.498000 3.016783e+002
2.500000 3.016565e+002
2.502000 3.016350e+002
2.504000 3.016138e+002
2.506000 3.015928e+002
2.508000 3.015720e+002
2.510000 3.015515e+002
2.512000 3.015312e+002
2.514000 3.015112e+002
2.516000 3.014914e+002
2.518000 3.014719e+002
2.520000 3.014526e+002
2.522000 3.014335e+002
2.524000 3.014147e+002
2.526000 3.013960e+002
2.528000 3.013776e+002
2.530000 3.013595e+002
2.532000 3.013415e+002
2.534000 3.013238e+002
2.536000 3.013063e+002
2.538000 3.012889e+002
2.540000 3.012718e+002
2.542000 3.012550e+002
2.544000 3.012383e+002
2.546000 3.012218e+002
2.548000 3.012055e+002
2.550000 3.011894e+002
2.552000 3.011736e+002
2.554000 3.011579e+002
2.556000 3.011424e+002
2.558000 3.011271e+002
2.560000 3.011119e+002
2.562000 3.010970e+002
2.564000 3.010823e+002
2.566000 3.010677e+002
2.568000 3.010533e+002
2.570000 3.010391e+002
2.572000 3.010251e+002
2.574000 3.010112e+002
2.576000 3.009976e+002
2.578000 3.009841e+002
2.580000 3.009707e+002
2.582000 3.009575e+002
2.584000 3.009445e+002
2.586000 3.009317e+002
2.588000 3.009190e+002
2.590000 3.009065e+002
2.592000 3.008941e+002
2.594000 3.008819e+002
2.596000 3.008698e+002
2.598000 3.008579e+002
2.600000 3.008462e+002
2.602000 3.008345e+002
2.604000 3.008231e+002
2.606000 3.008118e+002
2.608000 3.008006e+002
2.610000 3.007896e+002
2.612000 3.007787e+002
2.614000 3.007679e+002
2.616000 3.007573e+002
2.618000 3.007468e+002
2.620000 3.007365e+002
2.622000 3.007263e+002
2.624000 3.007162e+002
2.626000 3.007062e+002
2.628000 3.006964e+002
2.630000 3.006867e+002
2.632000 3.006771e+002
2.634000 3.006677e+002
2.636000 3.006584e+002
2.638000 3.006492e+002
2.640000 3.006401e+002
2.642000 3.006311e+002
2.644000 3.006222e+002
2.646000 3.006135e+002
2.648000 3.006049e+002
2.650000 3.005964e+002
2.652000 3.005880e+002
2.654000 3.005797e+002
2.656000 3.005715e+002
2.658000 3.005634e+002
2.660000 3.005554e+002
2.662000 3.005476e+002
2.664000 3.005398e+002
2.666000 3.005322e+002
2.668000 3.005246e+002
2.670000 3.005171e+002
2.672000 3.005098e+002
2.674000 3.005025e+002
2.676000 3.004953e+002
2.678000 3.004883e+002
2.680000 3.004813e+002
2.682000 3.004744e+002
2.684000 3.004676e+002
2.686000 3.004609e+002
2.688000 3.004543e+002
2.690000 3.004478e+002
2.692000 3.004413e+002
2.694000 3.004350e+002
2.696000 3.004287e+002
2.698000 3.004225e+002
2.700000 3.004164e+002
2.702000 3.004104e+002
2.704000 3.004045e+002
2.706000 3.003986e+002
2.708000 3.003928e+002
2.710000 3.003871e+002
2.712000 3.003815e+002
2.714000 3.003759e+002
2.716000 3.003705e+002
2.718000 3.003651e+002
2.720000 3.003597e+002
2.722000 3.003545e+002
2.724000 3.003493e+002
2.726000 3.003442e+002
2.728000 3.003392e+002
2.730000 3.003342e+002
2.732000 3.003293e+002
2.734000 3.003244e+002
2.736000 3.003197e+002
2.738000 3.003150e+002
2.740000 3.003103e+002
2.742000 3.003057e+002
2.744000 3.003012e+002
2.746000 3.002968e+002
2.748000 3.002924e+002
2.750000 3.002881e+002
2.752000 3.002838e+002
2.754000 3.002796e+002
2.756000 3.002754e+002
2.758000 3.002713e+002
2.760000 3.002673e+002
2.762000 3.002633e+002
2.764000 3.002594e+002
2.766000 3.002555e+002
2.768000 3.002517e+002
2.770000 3.002479e+002
2.772000 3.002442e+002
2.774000 3.002406e+002
2.776000 3.002369e+002
2.778000 3.002334e+002
2.780000 3.002299e+002
2.782000 3.002264e+002
2.784000 3.002230e+002
2.786000 3.002196e+002
2.788000 3.002163e+002
2.790000 3.002131e+002
2.792000 3.002098e+002
2.794000 3.002067e+002
2.796000 3.002035e+002
2.798000 3.002004e+002
2.800000 3.001974e+002
2.802000 3.001944e+002
2.804000 3.001914e+002
2.806000 3.001885e+002
2.808000 3.001857e+002
2.810000 3.001828e+002
2.812000 3.001800e+002
2.814000 3.001773e+002
2.816000 3.001746e+002
2.818000 3.001719e+002
2.820000 3.001693e+002
2.822000 3.001667e+002
2.824000 3.001641e+002
2.826000 3.001616e+002
2.828000 3.001591e+002
2.830000 3.001566e+002
2.832000 3.001542e+002
2.834000 3.001519e+002
2.836000 3.001495e+002
2.838000 3.001472e+002
2.840000 3.001449e+002
2.842000 3.001427e+002
2.844000 3.001405e+002
2.846000 3.001383e+002
2.848000 3.001361e+002
2.850000 3.001340e+002
2.852000 3.001319e+002
2.854000 3.001299e+002
2.856000 3.001278e+002
2.858000 3.001259e+002
2.860000 3.001239e+002
2.862000 3.001219e+002
2.864000 3.001200e+002
2.866000 3.001182e+002
2.868000 3.001163e+002
2.870000 3.001145e+002
2.872000 3.001127e+002
2.874000 3.001109e+002
2.876000 3.001092e+002
2.878000 3.001074e+002
2.880000 3.001057e+002
2.882000 3.001041e+002
2.884000 3.001024e+002
2.886000 3.001008e+002
2.888000 3.000992e+002
2.890000 3.000976e+002
2.892000 3.000961e+002
2.894000 3.000946e+002
2.896000 3.000931e+002
2.898000 3.000916e+002
2.900000 3.000901e+002
2.902000 3.000887e+002
2.904000 3.000873e+002
2.906000 3.000859e+002
2.908000 3.000845e+002
2.910000 3.000832e+002
2.912000 3.000818e+002
2.914000 3.000805e+002
2.916000 3.000792e+002
2.918000 3.000780e+002
2.920000 3.000767e+002
2.922000 3.000755e+002
2.924000 3.000742e+002
2.926000 3.000731e+002
2.928000 3.000719e+002
2.930000 3.000707e+002
2.932000 3.000696e+002
2.934000 3.000684e+002
2.936000 3.000673e+002
2.938000 3.000662e+002
2.940000 3.000652e+002
2.942000 3.000641e+002
2.944000 3.000631e+002
2.946000 3.000620e+002
2.948000 3.000610e+002
2.950000 3.000600e+002
2.952000 3.000591e+002
2.954000 3.000581e+002
2.956000 3.000571e+002
2.958000 3.000562e+002
2.960000 3.000553e+002
2.962000 3.000544e+002
2.964000 3.000535e+002
2.966000 3.000526e+002
2.968000 3.000518e+002
2.970000 3.000509e+002
2.972000 3.000501e+002
2.974000 3.000492e+002
2.976000 3.000484e+002
2.978000 3.000476e+002
2.980000 3.000468e+002
2.982000 3.000461e+002
2.984000 3.000453e+002
2.986000 3.000446e+002
2.988000 3.000438e+002
2.990000 3.000431e+002
2.992000 3.000424e+002
2.994000 3.000417e+002
2.996000 3.000410e+002
2.998000 3.000403e+002
3.000000 3.000396e+002
3.002000 3.000390e+002
3.004000 3.000383e+002
3.006000 3.000377e+002
3.008000 3.000370e+002
3.010000 3.000364e+002
3.012000 3.000358e+002
3.014000 3.000352e+002
3.016000 3.000346e+002
3.018000 3.000340e+002
3.020000 3.000335e+002
3.022000 3.000329e+002
3.024000 3.000323e+002
3.026000 3.000318e+002
3.028000 3.000313e+002
3.030000 3.000307e+002
3.032000 3.000302e+002
3.034000 3.000297e+002
3.036000 3.000292e+002
3.038000 3.000287e+002
3.040000 3.000282e+002
3.042000 3.000277e+002
3.044000 3.000273e+002
3.046000 3.000268e+002
3.048000 3.000264e+002
3.050000 3.000259e+002
3.052000 3.000255e+002
3.054000 3.000250e+002
3.056000 3.000246e+002
3.058000 3.000242e+002
3.060000 3.000238e+002
3.062000 3.000234e+002
3.064000 3.000230e+002
3.066000 3.000226e+002
3.068000 3.000222e+002
3.070000 3.000218e+002
3.072000 3.000214e+002
3.074000 3.000210e+002
3.076000 3.000207e+002
3.078000 3.000203e+002
3.080000 3.000200e+002
3.082000 3.000196e+002
3.084000 3.000193e+002
3.086000 3.000190e+002
3.088000 3.000186e+002
3.090000 3.000183e+002
3.092000 3.000180e+002
3.094000 3.000177e+002
3.096000 3.000174e+002
3.098000 3.000171e+002
3.100000 3.000168e+002
3.102000 3.000165e+002
3.104000 3.000162e+002
3.106000 3.000159e+002
3.108000 3.000156e+002
3.110000 3.000154e+002
3.112000 3.000151e+002
3.114000 3.000148e+002
3.116000 3.000146e+002
3.118000 3.000143e+002
3.120000 3.000141e+002
3.122000 3.000138e+002
3.124000 3.000136e+002
3.126000 3.000133e+002
3.128000 3.000131e+002
3.130000 3.000129e+002
3.132000 3.000126e+002
3.134000 3.000124e+002
3.136000 3.000122e+002
3.138000 3.000120e+002
3.140000 3.000118e+002
3.142000 3.000116e+002
3.144000 3.000114e+002
3.146000 3.000112e+002
3.148000 3.000110e+002
3.150000 3.000108e+002
3.152000 3.000106e+002
3.154000 3.000104e+002
3.156000 3.000102e+002
3.158000 3.000100e+002
3.160000 3.000098e+002
3.162000 3.000097e+002
3.164000 3.000095e+002
3.166000 3.000093e+002
3.168000 3.000091e+002
3.170000 3.000090e+002
3.172000 3.000088e+002
3.174000 3.000087e+002
3.176000 3.000085e+002
3.178000 3.000084e+002
3.180000 3.000082e+002
3.182000 3.000081e+002
3.184000 3.000079e+002
3.186000 3.000078e+002
3.188000 3.000076e+002
3.190000 3.000075e+002
3.192000 3.000074e+002
3.194000 3.000072e+002
3.196000 3.000071e+002
3.198000 3.000070e+002
3.200000 3.000068e+002
3.202000 3.000067e+002
3.204000 3.000066e+002
3.206000 3.000065e+002
3.208000 3.000064e+002
3.210000 3.000062e+002
3.212000 3.000061e+002
3.214000 3.000060e+002
3.216000 3.000059e+002
3.218000 3.000058e+002
3.220000 3.000057e+002
3.222000 3.000056e+002
3.224000 3.000055e+002
3.226000 3.000054e+002
3.228000 3.000053e+002
3.230000 3.000052e+002
3.232000 3.000051e+002
3.234000 3.000050e+002
3.236000 3.000049e+002
3.238000 3.000048e+002
3.240000 3.000047e+002
3.242000 3.000046e+002
3.244000 3.000045e+002
3.246000 3.000045e+002
3.248000 3.000044e+002
3.250000 3.000043e+002
3.252000 3.000042e+002
3.254000 3.000041e+002
3.256000 3.000041e+002
3.258000 3.000040e+002
3.260000 3.000039e+002
3.262000 3.000038e+002
3.264000 3.000038e+002
3.266000 3.000037e+002
3.268000 3.000036e+002
3.270000 3.000036e+002
3.272000 3.000035e+002
3.274000 3.000034e+002
3.276000 3.000034e+002
3.278000 3.000033e+002
3.280000 3.000032e+002
3.282000 3.000032e+002
3.284000 3.000031e+002
3.286000 3.000031e+002
3.288000 3.000030e+002
3.290000 3.000029e+002
3.292000 3.000029e+002
3.294000 3.000028e+002
3.296000 3.000028e+002
3.298000 3.000027e+002
3.300000 3.000027e+002
3.302000 3.000026e+002
3.304000 3.000026e+002
3.306000 3.000025e+002
3.308000 3.000025e+002
3.310000 3.000024e+002
3.312000 3.000024e+002
3.314000 3.000023e+002
3.316000 3.000023e+002
3.318000 3.000023e+002
3.320000 3.000022e+002
3.322000 3.000022e+002
3.324000 3.000021e+002
3.326000 3.000021e+002
3.328000 3.000020e+002
3.330000 3.000020e+002
3.332000 3.000020e+002
3.334000 3.000019e+002
3.336000 3.000019e+002
3.338000 3.000019e+002
3.340000 3.000018e+002
3.342000 3.000018e+002
3.344000 3.000018e+002
3.346000 3.000017e+002
3.348000 3.000017e+002
3.350000 3.000017e+002
3.352000 3.000016e+002
3.354000 3.000016e+002
3.356000 3.000016e+002
3.358000 3.000015e+002
3.360000 3.000015e+002
3.362000 3.000015e+002
3.364000 3.000014e+002
3.366000 3.000014e+002
3.368000 3.000014e+002
3.370000 3.000014e+002
3.372000 3.000013e+002
3.374000 3.000013e+002
3.376000 3.000013e+002
3.378000 3.000013e+002
3.380000 3.000012e+002
3.382000 3.000012e+002
3.384000 3.000012e+002
3.386000 3.000012e+002
3.388000 3.000011e+002
3.390000 3.000011e+002
3.392000 3.000011e+002
3.394000 3.000011e+002
3.396000 3.000011e+002
3.398000 3.000010e+002
3.400000 3.000010e+002
3.402000 3.000010e+002
3.404000 3.000010e+002
3.406000 3.000010e+002
3.408000 3.000009e+002
3.410000 3.000009e+002
3.412000 3.000009e+002
3.414000 3.000009e+002
3.416000 3.000009e+002
3.418000 3.000008e+002
3.420000 3.000008e+002
3.422000 3.000008e+002
3.424000 3.000008e+002
3.426000 3.000008e+002
3.428000 3.000008e+002
3.430000 3.000007e+002
3.432000 3.000007e+002
3.434000 3.000007e+002
3.436000 3.000007e+002
3.438000 3.000007e+002
3.440000 3.000007e+002
3.442000 3.000007e+002
3.444000 3.000007e+002
3.446000 3.000006e+002
3.448000 3.000006e+002
3.450000 3.000006e+002
3.452000 3.000006e+002
3.454000 3.000006e+002
3.456000 3.000006e+002
3.458000 3.000006e+002
3.460000 3.000006e+002
3.462000 3.000005e+002
3.464000 3.000005e+002
3.466000 3.000005e+002
3.468000 3.000005e+002
3.470000 3.000005e+002
3.472000 3.000005e+002
3.474000 3.000005e+002
3.476000 3.000005e+002
3.478000 3.000005e+002
3.480000 3.000005e+002
3.482000 3.000004e+002
3.484000 3.000004e+002
3.486000 3.000004e+002
3.488000 3.000004e+002
3.490000 3.000004e+002
3.492000 3.000004e+002
3.494000 3.000004e+002
3.496000 3.000004e+002
3.498000 3.000004e+002
3.500000 3.000004e+002
3.502000 3.000004e+002
3.504000 3.000004e+002
3.506000 3.000003e+002
3.508000 3.000003e+002
3.510000 3.000003e+002
3.512000 3.000003e+002
3.514000 3.000003e+002
3.516000 3.000003e+002
3.518000 3.000003e+002
3.520000 3.000003e+002
3.522000 3.000003e+002
3.524000 3.000003e+002
3.526000 3.000003e+002
3.528000 3.000003e+002
3.530000 3.000003e+002
3.532000 3.000003e+002
3.534000 3.000003e+002
3.536000 3.000003e+002
3.538000 3.000002e+002
3.540000 3.000002e+002
3.542000 3.000002e+002
3.544000 3.000002e+002
3.546000 3.000002e+002
3.548000 3.000002e+002
3.550000 3.000002e+002
3.552000 3.000002e+002
3.554000 3.000002e+002
3.556000 3.000002e+002
3.558000 3.000002e+002
3.560000 3.000002e+002
3.562000 3.000002e+002
3.564000 3.000002e+002
3.566000 3.000002e+002
3.568000 3.000002e+002
3.570000 3.000002e+002
3.572000 3.000002e+002
3.574000 3.000002e+002
3.576000 3.000002e+002
3.578000 3.000002e+002
3.580000 3.000002e+002
3.582000 3.000002e+002
3.584000 3.000002e+002
3.586000 3.000001e+002
3.588000 3.000001e+002
3.590000 3.000001e+002
3.592000 3.000001e+002
3.594000 3.000001e+002
3.596000 3.000001e+002
3.598000 3.000001e+002
3.600000 3.000001e+002
3.602000 3.000001e+002
3.604000 3.000001e+002
3.606000 3.000001e+002
3.608000 3.000001e+002
3.610000 3.000001e+002
3.612000 3.000001e+002
3.614000 3.000001e+002
3.616000 3.000001e+002
3.618000 3.000001e+002
3.620000 3.000001e+002
3.622000 3.000001e+002
3.624000 3.000001e+002
3.626000 3.000001e+002
3.628000 3.000001e+002
3.630000 3.000001e+002
3.632000 3.000001e+002
3.634000 3.000001e+002
3.636000 3.000001e+002
3.638000 3.000001e+002
3.640000 3.000001e+002
3.642000 3.000001e+002
3.644000 3.000001e+002
3.646000 3.000001e+002
3.648000 3.000001e+002
3.650000 3.000001e+002
3.652000 3.000001e+002
3.654000 3.000001e+002
3.656000 3.000001e+002
3.658000 3.000001e+002
3.660000 3.000001e+002
3.662000 3.000001e+002
3.664000 3.000001e+002
3.666000 3.000001e+002
3.668000 3.000001e+002
3.670000 3.000001e+002
3.672000 3.000001e+002
3.674000 3.000001e+002
3.676000 3.000001e+002
3.678000 3.000001e+002
3.680000 3.000001e+002
3.682000 3.000001e+002
3.684000 3.000001e+002
3.686000 3.000001e+002
3.688000 3.000000e+002
3.690000 3.000000e+002
3.692000 3.000000e+002
3.694000 3.000000e+002
3.696000 3.000000e+002
3.698000 3.000000e+002
3.700000 3.000000e+002
3.702000 3.000000e+002
3.704000 3.000000e+002
3.706000 3.000000e+002
3.708000 3.000000e+002
3.710000 3.000000e+002
3.712000 3.000000e+002
3.714000 3.000000e+002
3.716000 3.000000e+002
3.718000 3.000000e+002
3.720000 3.000000e+002
3.722000 3.000000e+002
3.724000 3.000000e+002
3.726000 3.000000e+002
3.728000 3.000000e+002
3.730000 3.000000e+002
3.732000 3.000000e+002
3.734000 3.000000e+002
3.736000 3.000000e+002
3.738000 3.000000e+002
3.740000 3.000000e+002
3.742000 3.000000e+002
3.744000 3.000000e+002
3.746000 3.000000e+002
3.748000 3.000000e+002
3.750000 3.000000e+002
3.752000 3.000000e+002
3.754000 3.000000e+002
3.756000 3.000000e+002
3.758000 3.000000e+002
3.760000 3.000000e+002
3.762000 3.000000e+002
3.764000 3.000000e+002
3.766000 3.000000e+002
3.768000 3.000000e+002
3.770000 3.000000e+002
3.772000 3.000000e+002
3.774000 3.000000e+002
3.776000 3.000000e+002
3.778000 3.000000e+002
3.780000 3.000000e+002
3.782000 3.000000e+002
3.784000 3.000000e+002
3.786000 3.000000e+002
3.788000 3.000000e+002
3.790000 3.000000e+002
3.792000 3.000000e+002
3.794000 3.000000e+002
3.796000 3.000000e+002
3.798000 3.000000e+002
3.800000 3.000000e+002
3.802000 3.000000e+002
3.804000 3.000000e+002
3.806000 3.000000e+002
3.808000 3.000000e+002
3.810000 3.000000e+002
3.812000 3.000000e+002
3.814000 3.000000e+002
3.816000 3.000000e+002
3.818000 3.000000e+002
3.820000 3.000000e+002
3.822000 3.000000e+002
3.824000 3.000000e+002
3.826000 3.000000e+002
3.828000 3.000000e+002
3.830000 3.000000e+002
3.832000 3.000000e+002
3.834000 3.000000e+002
3.836000 3.000000e+002
3.838000 3.000000e+002
3.840000 3.000000e+002
3.842000 3.000000e+002
3.844000 3.000000e+002
3.846000 3.000000e+002
3.848000 3.000000e+002
3.850000 3.000000e+002
3.852000 3.000000e+002
3.854000 3.000000e+002
3.856000 3.000000e+002
3.858000 3.000000e+002
3.860000 3.000000e+002
3.862000 3.000000e+002
3.864000 3.000000e+002
3.866000 3.000000e+002
3.868000 3.000000e+002
3.870000 3.000000e+002
3.872000 3.000000e+002
3.874000 3.000000e+002
3.876000 3.000000e+002
3.878000 3.000000e+002
3.880000 3.000000e+002
3.882000 3.000000e+002
3.884000 3.000000e+002
3.886000 3.000000e+002
3.888000 3.000000e+002
3.890000 3.000000e+002
3.892000 3.000000e+002
3.894000 3.000000e+002
3.896000 3.000000e+002
3.898000 3.000000e+002
3.900000 3.000000e+002
3.902000 3.000000e+002
3.904000 3.000000e+002
3.906000 3.000000e+002
3.908000 3.000000e+002
3.910000 3.000000e+002
3.912000 3.000000e+002
3.914000 3.000000e+002
3.916000 3.000000e+002
3.918000 3.000000e+002
3.920000 3.000000e+002
3.922000 3.000000e+002
3.924000 3.000000e+002
3.926000 3.000000e+002
3.928000 3.000000e+002
3.930000 3.000000e+002
3.932000 3.000000e+002
3.934000 3.000000e+002
3.936000 3.000000e+002
3.938000 3.000000e+002
3.940000 3.000000e+002
3.942000 3.000000e+002
3.944000 3.000000e+002
3.946000 3.000000e+002
3.948000 3.000000e+002
3.950000 3.000000e+002
3.952000 3.000000e+002
3.954000 3.000000e+002
3.956000 3.000000e+002
3.958000 3.000000e+002
3.960000 3.000000e+002
3.962000 3.000000e+002
3.964000 3.000000e+002
3.966000 3.000000e+002
3.968000 3.000000e+002
3.970000 3.000000e+002
3.972000 3.000000e+002
3.974000 3.000000e+002
3.976000 3.000000e+002
3.978000 3.000000e+002
3.980000 3.000000e+002
3.982000 3.000000e+002
3.984000 3.000000e+002
3.986000 3.000000e+002
3.988000 3.000000e+002
3.990000 3.000000e+002
3.992000 3.000000e+002
3.994000 3.000000e+002
3.996000 3.000000e+002
3.998000 3.000000e+002
