0.000000 3.303366e+002
0.002000 3.336899e+002
0.004000 3.370423e+002
0.006000 3.403937e+002
0.008000 3.437441e+002
0.010000 3.470934e+002
0.012000 3.504415e+002
0.014000 3.537884e+002
0.016000 3.571338e+002
0.018000 3.604778e+002
0.020000 3.638203e+002
0.022000 3.671612e+002
0.024000 3.705003e+002
0.026000 3.738377e+002
0.028000 3.771732e+002
0.030000 3.805067e+002
0.032000 3.838381e+002
0.034000 3.871675e+002
0.036000 3.904946e+002
0.038000 3.938194e+002
0.040000 3.971418e+002
0.042000 4.004618e+002
0.044000 4.037792e+002
0.046000 4.070940e+002
0.048000 4.104060e+002
0.050000 4.137152e+002
0.052000 4.170215e+002
0.054000 4.203249e+002
0.056000 4.236252e+002
0.058000 4.269223e+002
0.060000 4.302163e+002
0.062000 4.335069e+002
0.064000 4.367941e+002
0.066000 4.400778e+002
0.068000 4.433580e+002
0.070000 4.466345e+002
0.072000 4.499073e+002
0.074000 4.531763e+002
0.076000 4.564414e+002
0.078000 4.597026e+002
0.080000 4.629597e+002
0.082000 4.662126e+002
0.084000 4.694613e+002
0.086000 4.727057e+002
0.088000 4.759458e+002
0.090000 4.791813e+002
0.092000 4.824124e+002
0.094000 4.856388e+002
0.096000 4.888605e+002
0.098000 4.920774e+002
0.100000 4.952894e+002
0.102000 4.984965e+002
0.104000 5.016986e+002
0.106000 5.048955e+002
0.108000 5.080873e+002
0.110000 5.112738e+002
0.112000 5.144550e+002
0.114000 5.176307e+002
0.116000 5.208010e+002
0.118000 5.239656e+002
0.120000 5.271247e+002
0.122000 5.302779e+002
0.124000 5.334254e+002
0.126000 5.365669e+002
0.128000 5.397025e+002
0.130000 5.428321e+002
0.132000 5.459555e+002
0.134000 5.490727e+002
0.136000 5.521837e+002
0.138000 5.552883e+002
0.140000 5.583865e+002
0.142000 5.614782e+002
0.144000 5.645633e+002
0.146000 5.676417e+002
0.148000 5.707134e+002
0.150000 5.737783e+002
0.152000 5.768364e+002
0.154000 5.798875e+002
0.156000 5.829315e+002
0.158000 5.859685e+002
0.160000 5.889983e+002
0.162000 5.920209e+002
0.164000 5.950362e+002
0.166000 5.980440e+002
0.168000 6.010444e+002
0.170000 6.040373e+002
0.172000 6.070226e+002
0.174000 6.100002e+002
0.176000 6.129700e+002
0.178000 6.159321e+002
0.180000 6.188863e+002
0.182000 6.218325e+002
0.184000 6.247707e+002
0.186000 6.277008e+002
0.188000 6.306227e+002
0.190000 6.335365e+002
0.192000 6.364419e+002
0.194000 6.393389e+002
0.196000 6.422276e+002
0.198000 6.451077e+002
0.200000 6.479793e+002
0.202000 6.508422e+002
0.204000 6.536964e+002
0.206000 6.565419e+002
0.208000 6.593786e+002
0.210000 6.622063e+002
0.212000 6.650251e+002
0.214000 6.678349e+002
0.216000 6.706356e+002
0.218000 6.734271e+002
0.220000 6.762095e+002
0.222000 6.789825e+002
0.224000 6.817462e+002
0.226000 6.845006e+002
0.228000 6.872454e+002
0.230000 6.899807e+002
0.232000 6.927065e+002
0.234000 6.954226e+002
0.236000 6.981290e+002
0.238000 7.008256e+002
0.240000 7.035125e+002
0.242000 7.061894e+002
0.244000 7.088564e+002
0.246000 7.115134e+002
0.248000 7.141603e+002
0.250000 7.167971e+002
0.252000 7.194237e+002
0.254000 7.220402e+002
0.256000 7.246463e+002
0.258000 7.272421e+002
0.260000 7.298275e+002
0.262000 7.324024e+002
0.264000 7.349668e+002
0.266000 7.375207e+002
0.268000 7.400640e+002
0.270000 7.425966e+002
0.272000 7.451184e+002
0.274000 7.476295e+002
0.276000 7.501298e+002
0.278000 7.526192e+002
0.280000 7.550976e+002
0.282000 7.575651e+002
0.284000 7.600216e+002
0.286000 7.624669e+002
0.288000 7.649012e+002
0.290000 7.673242e+002
0.292000 7.697361e+002
0.294000 7.721366e+002
0.296000 7.745258e+002
0.298000 7.769037e+002
0.300000 7.792701e+002
0.302000 7.816251e+002
0.304000 7.839685e+002
0.306000 7.863004e+002
0.308000 7.886207e+002
0.310000 7.909294e+002
0.312000 7.932263e+002
0.314000 7.955116e+002
0.316000 7.977850e+002
0.318000 8.000466e+002
0.320000 8.022963e+002
0.322000 8.045342e+002
0.324000 8.067601e+002
0.326000 8.089740e+002
0.328000 8.111758e+002
0.330000 8.133656e+002
0.332000 8.155433e+002
0.334000 8.177088e+002
0.336000 8.198622e+002
0.338000 8.220033e+002
0.340000 8.241321e+002
0.342000 8.262487e+002
0.344000 8.283528e+002
0.346000 8.304447e+002
0.348000 8.325241e+002
0.350000 8.345910e+002
0.352000 8.366455e+002
0.354000 8.386874e+002
0.356000 8.407168e+002
0.358000 8.427336e+002
0.360000 8.447377e+002
0.362000 8.467292e+002
0.364000 8.487081e+002
0.366000 8.506742e+002
0.368000 8.526275e+002
0.370000 8.545681e+002
0.372000 8.564958e+002
0.374000 8.584107e+002
0.376000 8.603128e+002
0.378000 8.622019e+002
0.380000 8.640781e+002
0.382000 8.659413e+002
0.384000 8.677916e+002
0.386000 8.696288e+002
0.388000 8.714530e+002
0.390000 8.732641e+002
0.392000 8.750622e+002
0.394000 8.768471e+002
0.396000 8.786188e+002
0.398000 8.803774e+002
0.400000 8.821228e+002
0.402000 8.838550e+002
0.404000 8.855740e+002
0.406000 8.872797e+002
0.408000 8.889720e+002
0.410000 8.906511e+002
0.412000 8.923169e+002
0.414000 8.939693e+002
0.416000 8.956084e+002
0.418000 8.972340e+002
0.420000 8.988463e+002
0.422000 9.004451e+002
0.424000 9.020305e+002
0.426000 9.036024e+002
0.428000 9.051608e+002
0.430000 9.067058e+002
0.432000 9.082372e+002
0.434000 9.097551e+002
0.436000 9.112595e+002
0.438000 9.127503e+002
0.440000 9.142275e+002
0.442000 9.156911e+002
0.444000 9.171412e+002
0.446000 9.185776e+002
0.448000 9.200004e+002
0.450000 9.214096e+002
0.452000 9.228051e+002
0.454000 9.241869e+002
0.456000 9.255551e+002
0.458000 9.269096e+002
0.460000 9.282504e+002
0.462000 9.295775e+002
0.464000 9.308909e+002
0.466000 9.321906e+002
0.468000 9.334766e+002
0.470000 9.347488e+002
0.472000 9.360073e+002
0.474000 9.372520e+002
0.476000 9.384830e+002
0.478000 9.397002e+002
0.480000 9.409037e+002
0.482000 9.420934e+002
0.484000 9.432693e+002
0.486000 9.444315e+002
0.488000 9.455799e+002
0.490000 9.467145e+002
0.492000 9.478353e+002
0.494000 9.489423e+002
0.496000 9.500356e+002
0.498000 9.511150e+002
0.500000 9.521807e+002
0.502000 9.532326e+002
0.504000 9.542707e+002
0.506000 9.552950e+002
0.508000 9.563056e+002
0.510000 9.573023e+002
0.512000 9.582853e+002
0.514000 9.592545e+002
0.516000 9.602100e+002
0.518000 9.611516e+002
0.520000 9.620795e+002
0.522000 9.629937e+002
0.524000 9.638941e+002
0.526000 9.647807e+002
0.528000 9.656536e+002
0.530000 9.665128e+002
0.532000 9.673582e+002
0.534000 9.681899e+002
0.536000 9.690079e+002
0.538000 9.698122e+002
0.540000 9.706028e+002
0.542000 9.713797e+002
0.544000 9.721430e+002
0.546000 9.728925e+002
0.548000 9.736284e+002
0.550000 9.743507e+002
0.552000 9.750593e+002
0.554000 9.757543e+002
0.556000 9.764357e+002
0.558000 9.771035e+002
0.560000 9.777577e+002
0.562000 9.783984e+002
0.564000 9.790255e+002
0.566000 9.796390e+002
0.568000 9.802390e+002
0.570000 9.808255e+002
0.572000 9.813985e+002
0.574000 9.819580e+002
0.576000 9.825041e+002
0.578000 9.830367e+002
0.580000 9.835558e+002
0.582000 9.840616e+002
0.584000 9.845539e+002
0.586000 9.850329e+002
0.588000 9.854985e+002
0.590000 9.859508e+002
0.592000 9.863898e+002
0.594000 9.868155e+002
0.596000 9.872279e+002
0.598000 9.876270e+002
0.600000 9.880129e+002
0.602000 9.883856e+002
0.604000 9.887451e+002
0.606000 9.890914e+002
0.608000 9.894245e+002
0.610000 9.897446e+002
0.612000 9.900515e+002
0.614000 9.903454e+002
0.616000 9.906262e+002
0.618000 9.908940e+002
0.620000 9.911488e+002
0.622000 9.913906e+002
0.624000 9.916195e+002
0.626000 9.918354e+002
0.628000 9.920385e+002
0.630000 9.922286e+002
0.632000 9.924060e+002
0.634000 9.925705e+002
0.636000 9.927222e+002
0.638000 9.928612e+002
0.640000 9.929874e+002
0.642000 9.931010e+002
0.644000 9.932018e+002
0.646000 9.932901e+002
0.648000 9.933657e+002
0.650000 9.934287e+002
0.652000 9.934792e+002
0.654000 9.935172e+002
0.656000 9.935427e+002
0.658000 9.935557e+002
0.660000 9.935563e+002
0.662000 9.935446e+002
0.664000 9.935204e+002
0.666000 9.934840e+002
0.668000 9.934352e+002
0.670000 9.933743e+002
0.672000 9.933010e+002
0.674000 9.932156e+002
0.676000 9.931181e+002
0.678000 9.930084e+002
0.680000 9.928867e+002
0.682000 9.927529e+002
0.684000 9.926071e+002
0.686000 9.924493e+002
0.688000 9.922796e+002
0.690000 9.920981e+002
0.692000 9.919046e+002
0.694000 9.916993e+002
0.696000 9.914823e+002
0.698000 9.912535e+002
0.700000 9.910130e+002
0.702000 9.907608e+002
0.704000 9.904970e+002
0.706000 9.902216e+002
0.708000 9.899347e+002
0.710000 9.896362e+002
0.712000 9.893263e+002
0.714000 9.890050e+002
0.716000 9.886723e+002
0.718000 9.883282e+002
0.720000 9.879728e+002
0.722000 9.876062e+002
0.724000 9.872283e+002
0.726000 9.868393e+002
0.728000 9.864392e+002
0.730000 9.860279e+002
0.732000 9.856056e+002
0.734000 9.851723e+002
0.736000 9.847281e+002
0.738000 9.842729e+002
0.740000 9.838068e+002
0.742000 9.833299e+002
0.744000 9.828423e+002
0.746000 9.823439e+002
0.748000 9.818348e+002
0.750000 9.813150e+002
0.752000 9.807847e+002
0.754000 9.802438e+002
0.756000 9.796924e+002
0.758000 9.791305e+002
0.760000 9.785582e+002
0.762000 9.779755e+002
0.764000 9.773825e+002
0.766000 9.767793e+002
0.768000 9.761658e+002
0.770000 9.755421e+002
0.772000 9.749083e+002
0.774000 9.742644e+002
0.776000 9.736104e+002
0.778000 9.729465e+002
0.780000 9.722726e+002
0.782000 9.715889e+002
0.784000 9.708952e+002
0.786000 9.701918e+002
0.788000 9.694787e+002
0.790000 9.687559e+002
0.792000 9.680234e+002
0.794000 9.672813e+002
0.796000 9.665297e+002
0.798000 9.657685e+002
0.800000 9.649980e+002
0.802000 9.642180e+002
0.804000 9.634287e+002
0.806000 9.626301e+002
0.808000 9.618223e+002
0.810000 9.610052e+002
0.812000 9.601791e+002
0.814000 9.593438e+002
0.816000 9.584995e+002
0.818000 9.576462e+002
0.820000 9.567840e+002
0.822000 9.559130e+002
0.824000 9.550330e+002
0.826000 9.541444e+002
0.828000 9.532470e+002
0.830000 9.523409e+002
0.832000 9.514262e+002
0.834000 9.505030e+002
0.836000 9.495712e+002
0.838000 9.486310e+002
0.840000 9.476824e+002
0.842000 9.467254e+002
0.844000 9.457601e+002
0.846000 9.447866e+002
0.848000 9.438049e+002
0.850000 9.428151e+002
0.852000 9.418172e+002
0.854000 9.408113e+002
0.856000 9.397974e+002
0.858000 9.387755e+002
0.860000 9.377459e+002
0.862000 9.367084e+002
0.864000 9.356631e+002
0.866000 9.346102e+002
0.868000 9.335496e+002
0.870000 9.324814e+002
0.872000 9.314057e+002
0.874000 9.303226e+002
0.876000 9.292319e+002
0.878000 9.281340e+002
0.880000 9.270287e+002
0.882000 9.259161e+002
0.884000 9.247964e+002
0.886000 9.236695e+002
0.888000 9.225355e+002
0.890000 9.213945e+002
0.892000 9.202465e+002
0.894000 9.190916e+002
0.896000 9.179298e+002
0.898000 9.167612e+002
0.900000 9.155859e+002
0.902000 9.144038e+002
0.904000 9.132151e+002
0.906000 9.120199e+002
0.908000 9.108180e+002
0.910000 9.096098e+002
0.912000 9.083951e+002
0.914000 9.071740e+002
0.916000 9.059466e+002
0.918000 9.047130e+002
0.920000 9.034732e+002
0.922000 9.022272e+002
0.924000 9.009752e+002
0.926000 8.997171e+002
0.928000 8.984531e+002
0.930000 8.971831e+002
0.932000 8.959073e+002
0.934000 8.946257e+002
0.936000 8.933384e+002
0.938000 8.920454e+002
0.940000 8.907467e+002
0.942000 8.894425e+002
0.944000 8.881327e+002
0.946000 8.868175e+002
0.948000 8.854969e+002
0.950000 8.841709e+002
0.952000 8.828397e+002
0.954000 8.815032e+002
0.956000 8.801615e+002
0.958000 8.788147e+002
0.960000 8.774629e+002
0.962000 8.761060e+002
0.964000 8.747442e+002
0.966000 8.733775e+002
0.968000 8.720059e+002
0.970000 8.706295e+002
0.972000 8.692485e+002
0.974000 8.678627e+002
0.976000 8.664723e+002
0.978000 8.650774e+002
0.980000 8.636779e+002
0.982000 8.622740e+002
0.984000 8.608658e+002
0.986000 8.594531e+002
0.988000 8.580362e+002
0.990000 8.566151e+002
0.992000 8.551898e+002
0.994000 8.537603e+002
0.996000 8.523269e+002
0.998000 8.508894e+002
1.000000 8.494479e+002
1.002000 8.480026e+002
1.004000 8.465534e+002
1.006000 8.451004e+002
1.008000 8.436438e+002
1.010000 8.421834e+002
1.012000 8.407194e+002
1.014000 8.392518e+002
1.016000 8.377808e+002
1.018000 8.363063e+002
1.020000 8.348283e+002
1.022000 8.333471e+002
1.024000 8.318625e+002
1.026000 8.303747e+002
1.028000 8.288837e+002
1.030000 8.273896e+002
1.032000 8.258924e+002
1.034000 8.243922e+002
1.036000 8.228890e+002
1.038000 8.213829e+002
1.040000 8.198740e+002
1.042000 8.183622e+002
1.044000 8.168477e+002
1.046000 8.153305e+002
1.048000 8.138106e+002
1.050000 8.122881e+002
1.052000 8.107631e+002
1.054000 8.092356e+002
1.056000 8.077057e+002
1.058000 8.061734e+002
1.060000 8.046387e+002
1.062000 8.031018e+002
1.064000 8.015626e+002
1.066000 8.000213e+002
1.068000 7.984778e+002
1.070000 7.969323e+002
1.072000 7.953847e+002
1.074000 7.938352e+002
1.076000 7.922837e+002
1.078000 7.907304e+002
1.080000 7.891753e+002
1.082000 7.876184e+002
1.084000 7.860598e+002
1.086000 7.844995e+002
1.088000 7.829376e+002
1.090000 7.813741e+002
1.092000 7.798092e+002
1.094000 7.782427e+002
1.096000 7.766749e+002
1.098000 7.751057e+002
1.100000 7.735351e+002
1.102000 7.719633e+002
1.104000 7.703903e+002
1.106000 7.688161e+002
1.108000 7.672408e+002
1.110000 7.656645e+002
1.112000 7.640871e+002
1.114000 7.625087e+002
1.116000 7.609294e+002
1.118000 7.593492e+002
1.120000 7.577682e+002
1.122000 7.561864e+002
1.124000 7.546039e+002
1.126000 7.530207e+002
1.128000 7.514369e+002
1.130000 7.498524e+002
1.132000 7.482674e+002
1.134000 7.466820e+002
1.136000 7.450960e+002
1.138000 7.435097e+002
1.140000 7.419229e+002
1.142000 7.403359e+002
1.144000 7.387486e+002
1.146000 7.371611e+002
1.148000 7.355734e+002
1.150000 7.339855e+002
1.152000 7.323976e+002
1.154000 7.308096e+002
1.156000 7.292216e+002
1.158000 7.276337e+002
1.160000 7.260459e+002
1.162000 7.244581e+002
1.164000 7.228706e+002
1.166000 7.212833e+002
1.168000 7.196962e+002
1.170000 7.181094e+002
1.172000 7.165230e+002
1.174000 7.149370e+002
1.176000 7.133514e+002
1.178000 7.117662e+002
1.180000 7.101816e+002
1.182000 7.085976e+002
1.184000 7.070141e+002
1.186000 7.054313e+002
1.188000 7.038491e+002
1.190000 7.022677e+002
1.192000 7.006871e+002
1.194000 6.991072e+002
1.196000 6.975282e+002
1.198000 6.959501e+002
1.200000 6.943729e+002
1.202000 6.927966e+002
1.204000 6.912214e+002
1.206000 6.896472e+002
1.208000 6.880741e+002
1.210000 6.865021e+002
1.212000 6.849312e+002
1.214000 6.833616e+002
1.216000 6.817931e+002
1.218000 6.802260e+002
1.220000 6.786602e+002
1.222000 6.770957e+002
1.224000 6.755325e+002
1.226000 6.739708e+002
1.228000 6.724106e+002
1.230000 6.708519e+002
1.232000 6.692946e+002
1.234000 6.677390e+002
1.236000 6.661849e+002
1.238000 6.646325e+002
1.240000 6.630818e+002
1.242000 6.615327e+002
1.244000 6.599854e+002
1.246000 6.584399e+002
1.248000 6.568962e+002
1.250000 6.553543e+002
1.252000 6.538143e+002
1.254000 6.522762e+002
1.256000 6.507401e+002
1.258000 6.492059e+002
1.260000 6.476737e+002
1.262000 6.461436e+002
1.264000 6.446156e+002
1.266000 6.430896e+002
1.268000 6.415658e+002
1.270000 6.400442e+002
1.272000 6.385248e+002
1.274000 6.370076e+002
1.276000 6.354927e+002
1.278000 6.339800e+002
1.280000 6.324697e+002
1.282000 6.309618e+002
1.284000 6.294562e+002
1.286000 6.279530e+002
1.288000 6.264523e+002
1.290000 6.249541e+002
1.292000 6.234584e+002
1.294000 6.219651e+002
1.296000 6.204745e+002
1.298000 6.189864e+002
1.300000 6.175010e+002
1.302000 6.160182e+002
1.304000 6.145381e+002
1.306000 6.130607e+002
1.308000 6.115860e+002
1.310000 6.101140e+002
1.312000 6.086448e+002
1.314000 6.071785e+002
1.316000 6.057149e+002
1.318000 6.042543e+002
1.320000 6.027965e+002
1.322000 6.013416e+002
1.324000 5.998896e+002
1.326000 5.984406e+002
1.328000 5.969946e+002
1.330000 5.955516e+002
1.332000 5.941116e+002
1.334000 5.926747e+002
1.336000 5.912409e+002
1.338000 5.898101e+002
1.340000 5.883825e+002
1.342000 5.869581e+002
1.344000 5.855368e+002
1.346000 5.841186e+002
1.348000 5.827038e+002
1.350000 5.812921e+002
1.352000 5.798837e+002
1.354000 5.784786e+002
1.356000 5.770768e+002
1.358000 5.756783e+002
1.360000 5.742831e+002
1.362000 5.728913e+002
1.364000 5.715029e+002
1.366000 5.701179e+002
1.368000 5.687364e+002
1.370000 5.673582e+002
1.372000 5.659836e+002
1.374000 5.646124e+002
1.376000 5.632447e+002
1.378000 5.618805e+002
1.380000 5.605199e+002
1.382000 5.591628e+002
1.384000 5.578093e+002
1.386000 5.564593e+002
1.388000 5.551130e+002
1.390000 5.537703e+002
1.392000 5.524313e+002
1.394000 5.510959e+002
1.396000 5.497642e+002
1.398000 5.484361e+002
1.400000 5.471118e+002
1.402000 5.457912e+002
1.404000 5.444744e+002
1.406000 5.431613e+002
1.408000 5.418519e+002
1.410000 5.405464e+002
1.412000 5.392446e+002
1.414000 5.379466e+002
1.416000 5.366525e+002
1.418000 5.353622e+002
1.420000 5.340758e+002
1.422000 5.327932e+002
1.424000 5.315145e+002
1.426000 5.302397e+002
1.428000 5.289688e+002
1.430000 5.277019e+002
1.432000 5.264388e+002
1.434000 5.251797e+002
1.436000 5.239246e+002
1.438000 5.226734e+002
1.440000 5.214262e+002
1.442000 5.201830e+002
1.444000 5.189438e+002
1.446000 5.177085e+002
1.448000 5.164774e+002
1.450000 5.152502e+002
1.452000 5.140271e+002
1.454000 5.128080e+002
1.456000 5.115930e+002
1.458000 5.103820e+002
1.460000 5.091752e+002
1.462000 5.079724e+002
1.464000 5.067737e+002
1.466000 5.055791e+002
1.468000 5.043887e+002
1.470000 5.032023e+002
1.472000 5.020201e+002
1.474000 5.008420e+002
1.476000 4.996681e+002
1.478000 4.984983e+002
1.480000 4.973327e+002
1.482000 4.961712e+002
1.484000 4.950140e+002
1.486000 4.938609e+002
1.488000 4.927119e+002
1.490000 4.915672e+002
1.492000 4.904267e+002
1.494000 4.892903e+002
1.496000 4.881582e+002
1.498000 4.870303e+002
1.500000 4.859066e+002
1.502000 4.847871e+002
1.504000 4.836719e+002
1.506000 4.825608e+002
1.508000 4.814541e+002
1.510000 4.803515e+002
1.512000 4.792532e+002
1.514000 4.781592e+002
1.516000 4.770694e+002
1.518000 4.759839e+002
1.520000 4.749026e+002
1.522000 4.738256e+002
1.524000 4.727528e+002
1.526000 4.716843e+002
1.528000 4.706201e+002
1.530000 4.695601e+002
1.532000 4.685045e+002
1.534000 4.674530e+002
1.536000 4.664059e+002
1.538000 4.653631e+002
1.540000 4.643245e+002
1.542000 4.632902e+002
1.544000 4.622602e+002
1.546000 4.612345e+002
1.548000 4.602130e+002
1.550000 4.591959e+002
1.552000 4.581830e+002
1.554000 4.571744e+002
1.556000 4.561701e+002
1.558000 4.551700e+002
1.560000 4.541743e+002
1.562000 4.531828e+002
1.564000 4.521956e+002
1.566000 4.512127e+002
1.568000 4.502341e+002
1.570000 4.492598e+002
1.572000 4.482897e+002
1.574000 4.473239e+002
1.576000 4.463624e+002
1.578000 4.454051e+002
1.580000 4.444521e+002
1.582000 4.435034e+002
1.584000 4.425590e+002
1.586000 4.416188e+002
1.588000 4.406828e+002
1.590000 4.397512e+002
1.592000 4.388237e+002
1.594000 4.379006e+002
1.596000 4.369817e+002
1.598000 4.360670e+002
1.600000 4.351565e+002
1.602000 4.342503e+002
1.604000 4.333484e+002
1.606000 4.324506e+002
1.608000 4.315571e+002
1.610000 4.306678e+002
1.612000 4.297828e+002
1.614000 4.289019e+002
1.616000 4.280252e+002
1.618000 4.271528e+002
1.620000 4.262845e+002
1.622000 4.254205e+002
1.624000 4.245606e+002
1.626000 4.237049e+002
1.628000 4.228534e+002
1.630000 4.220060e+002
1.632000 4.211628e+002
1.634000 4.203238e+002
1.636000 4.194890e+002
1.638000 4.186582e+002
1.640000 4.178316e+002
1.642000 4.170092e+002
1.644000 4.161909e+002
1.646000 4.153767e+002
1.648000 4.145666e+002
1.650000 4.137606e+002
1.652000 4.129587e+002
1.654000 4.121610e+002
1.656000 4.113673e+002
1.658000 4.105776e+002
1.660000 4.097921e+002
1.662000 4.090106e+002
1.664000 4.082332e+002
1.666000 4.074598e+002
1.668000 4.066905e+002
1.670000 4.059252e+002
1.672000 4.051639e+002
1.674000 4.044067e+002
1.676000 4.036534e+002
1.678000 4.029042e+002
1.680000 4.021589e+002
1.682000 4.014177e+002
1.684000 4.006804e+002
1.686000 3.999470e+002
1.688000 3.992177e+002
1.690000 3.984923e+002
1.692000 3.977708e+002
1.694000 3.970532e+002
1.696000 3.963396e+002
1.698000 3.956299e+002
1.700000 3.949241e+002
1.702000 3.942222e+002
1.704000 3.935241e+002
1.706000 3.928300e+002
1.708000 3.921397e+002
1.710000 3.914532e+002
1.712000 3.907706e+002
1.714000 3.900919e+002
1.716000 3.894169e+002
1.718000 3.887458e+002
1.720000 3.880785e+002
1.722000 3.874150e+002
1.724000 3.867552e+002
1.726000 3.860993e+002
1.728000 3.854471e+002
1.730000 3.847986e+002
1.732000 3.841539e+002
1.734000 3.835129e+002
1.736000 3.828757e+002
1.738000 3.822421e+002
1.740000 3.816123e+002
1.742000 3.809861e+002
1.744000 3.803636e+002
1.746000 3.797448e+002
1.748000 3.791296e+002
1.750000 3.785181e+002
1.752000 3.779102e+002
1.754000 3.773060e+002
1.756000 3.767053e+002
1.758000 3.761082e+002
1.760000 3.755148e+002
1.762000 3.749249e+002
1.764000 3.743385e+002
1.766000 3.737557e+002
1.768000 3.731765e+002
1.770000 3.726008e+002
1.772000 3.720286e+002
1.774000 3.714599e+002
1.776000 3.708946e+002
1.778000 3.703329e+002
1.780000 3.697747e+002
1.782000 3.692198e+002
1.784000 3.686685e+002
1.786000 3.681206e+002
1.788000 3.675760e+002
1.790000 3.670349e+002
1.792000 3.664972e+002
1.794000 3.659629e+002
1.796000 3.654319e+002
1.798000 3.649043e+002
1.800000 3.643801e+002
1.802000 3.638592e+002
1.804000 3.633416e+002
1.806000 3.628273e+002
1.808000 3.623163e+002
1.810000 3.618086e+002
1.812000 3.613041e+002
1.814000 3.608029e+002
1.816000 3.603050e+002
1.818000 3.598103e+002
1.820000 3.593188e+002
1.822000 3.588305e+002
1.824000 3.583454e+002
1.826000 3.578635e+002
1.828000 3.573848e+002
1.830000 3.569092e+002
1.832000 3.564367e+002
1.834000 3.559674e+002
1.836000 3.555012e+002
1.838000 3.550381e+002
1.840000 3.545781e+002
1.842000 3.541212e+002
1.844000 3.536673e+002
1.846000 3.532165e+002
1.848000 3.527687e+002
1.850000 3.523240e+002
1.852000 3.518822e+002
1.854000 3.514435e+002
1.856000 3.510077e+002
1.858000 3.505749e+002
1.860000 3.501451e+002
1.862000 3.497182e+002
1.864000 3.492943e+002
1.866000 3.488733e+002
1.868000 3.484551e+002
1.870000 3.480399e+002
1.872000 3.476276e+002
1.874000 3.472181e+002
1.876000 3.468115e+002
1.878000 3.464077e+002
1.880000 3.460068e+002
1.882000 3.456086e+002
1.884000 3.452133e+002
1.886000 3.448207e+002
1.888000 3.444310e+002
1.890000 3.440439e+002
1.892000 3.436597e+002
1.894000 3.432781e+002
1.896000 3.428993e+002
1.898000 3.425232e+002
1.900000 3.421498e+002
1.902000 3.417791e+002
1.904000 3.414111e+002
1.906000 3.410457e+002
1.908000 3.406829e+002
1.910000 3.403228e+002
1.912000 3.399653e+002
1.914000 3.396104e+002
1.916000 3.392581e+002
1.918000 3.389084e+002
1.920000 3.385612e+002
1.922000 3.382166e+002
1.924000 3.378745e+002
1.926000 3.375349e+002
1.928000 3.371979e+002
1.930000 3.368634e+002
1.932000 3.365313e+002
1.934000 3.362017e+002
1.936000 3.358746e+002
1.938000 3.355499e+002
1.940000 3.352277e+002
1.942000 3.349078e+002
1.944000 3.345904e+002
1.946000 3.342754e+002
1.948000 3.339628e+002
1.950000 3.336525e+002
1.952000 3.333446e+002
1.954000 3.330390e+002
1.956000 3.327358e+002
1.958000 3.324348e+002
1.960000 3.321362e+002
1.962000 3.318399e+002
1.964000 3.315458e+002
1.966000 3.312541e+002
1.968000 3.309645e+002
1.970000 3.306772e+002
1.972000 3.303922e+002
1.974000 3.301093e+002
1.976000 3.298287e+002
1.978000 3.295503e+002
1.980000 3.292740e+002
1.982000 3.289999e+002
1.984000 3.287279e+002
1.986000 3.284581e+002
1.988000 3.281904e+002
1.990000 3.279249e+002
1.992000 3.276614e+002
1.994000 3.274000e+002
1.996000 3.271407e+002
1.998000 3.268835e+002
2.000000 3.266283e+002
2.002000 3.263752e+002
2.004000 3.261241e+002
2.006000 3.258750e+002
2.008000 3.256279e+002
2.010000 3.253828e+002
2.012000 3.251397e+002
2.014000 3.248986e+002
2.016000 3.246594e+002
2.018000 3.244222e+002
2.020000 3.241869e+002
2.022000 3.239535e+002
2.024000 3.237220e+002
2.026000 3.234924e+002
2.028000 3.232648e+002
2.030000 3.230389e+002
2.032000 3.228150e+002
2.034000 3.225929e+002
2.036000 3.223726e+002
2.038000 3.221542e+002
2.040000 3.219376e+002
2.042000 3.217227e+002
2.044000 3.215097e+002
2.046000 3.212985e+002
2.048000 3.210890e+002
2.050000 3.208813e+002
2.052000 3.206753e+002
2.054000 3.204710e+002
2.056000 3.202685e+002
2.058000 3.200677e+002
2.060000 3.198686e+002
2.062000 3.196712e+002
2.064000 3.194755e+002
2.066000 3.192814e+002
2.068000 3.190890e+002
2.070000 3.188982e+002
2.072000 3.187091e+002
2.074000 3.185216e+002
2.076000 3.183357e+002
2.078000 3.181514e+002
2.080000 3.179687e+002
2.082000 3.177876e+002
2.084000 3.176081e+002
2.086000 3.174301e+002
2.088000 3.172536e+002
2.090000 3.170787e+002
2.092000 3.169054e+002
2.094000 3.167335e+002
2.096000 3.165632e+002
2.098000 3.163943e+002
2.100000 3.162269e+002
2.102000 3.160610e+002
2.104000 3.158966e+002
2.106000 3.157336e+002
2.108000 3.155721e+002
2.110000 3.154120e+002
2.112000 3.152533e+002
2.114000 3.150960e+002
2.116000 3.149402e+002
2.118000 3.147857e+002
2.120000 3.146326e+002
2.122000 3.144809e+002
2.124000 3.143306e+002
2.126000 3.141816e+002
2.128000 3.140339e+002
2.130000 3.138876e+002
2.132000 3.137426e+002
2.134000 3.135990e+002
2.136000 3.134566e+002
2.138000 3.133155e+002
2.140000 3.131758e+002
2.142000 3.130373e+002
2.144000 3.129000e+002
2.146000 3.127640e+002
2.148000 3.126293e+002
2.150000 3.124958e+002
2.152000 3.123635e+002
2.154000 3.122325e+002
2.156000 3.121027e+002
2.158000 3.119740e+002
2.160000 3.118466e+002
2.162000 3.117204e+002
2.164000 3.115953e+002
2.166000 3.114714e+002
2.168000 3.113486e+002
2.170000 3.112270e+002
2.172000 3.111066e+002
2.174000 3.109872e+002
2.176000 3.108690e+002
2.178000 3.107519e+002
2.180000 3.106360e+002
2.182000 3.105211e+002
2.184000 3.104073e+002
2.186000 3.102946e+002
2.188000 3.101829e+002
2.190000 3.100723e+002
2.192000 3.099628e+002
2.194000 3.098543e+002
2.196000 3.097469e+002
2.198000 3.096404e+002
2.200000 3.095350e+002
2.202000 3.094307e+002
2.204000 3.093273e+002
2.206000 3.092249e+002
2.208000 3.091235e+002
2.210000 3.090231e+002
2.212000 3.089237e+002
2.214000 3.088252e+002
2.216000 3.087277e+002
2.218000 3.086312e+002
2.220000 3.085355e+002
2.222000 3.084409e+002
2.224000 3.083471e+002
2.226000 3.082543e+002
2.228000 3.081624e+002
2.230000 3.080713e+002
2.232000 3.079812e+002
2.234000 3.078920e+002
2.236000 3.078036e+002
2.238000 3.077162e+002
2.240000 3.076296e+002
2.242000 3.075438e+002
2.244000 3.074589e+002
2.246000 3.073749e+002
2.248000 3.072917e+002
2.250000 3.072093e+002
2.252000 3.071278e+002
2.254000 3.070471e+002
2.256000 3.069671e+002
2.258000 3.068880e+002
2.260000 3.068097e+002
2.262000 3.067322e+002
2.264000 3.066555e+002
2.266000 3.065795e+002
2.268000 3.065043e+002
2.270000 3.064299e+002
2.272000 3.063562e+002
2.274000 3.062833e+002
2.276000 3.062111e+002
2.278000 3.061397e+002
2.280000 3.060690e+002
2.282000 3.059990e+002
2.284000 3.059298e+002
2.286000 3.058612e+002
2.288000 3.057934e+002
2.290000 3.057263e+002
2.292000 3.056598e+002
2.294000 3.055941e+002
2.296000 3.055290e+002
2.298000 3.054646e+002
2.300000 3.054009e+002
2.302000 3.053378e+002
2.304000 3.052754e+002
2.306000 3.052137e+002
2.308000 3.051526e+002
2.310000 3.050921e+002
2.312000 3.050323e+002
2.314000 3.049731e+002
2.316000 3.049145e+002
2.318000 3.048565e+002
2.320000 3.047992e+002
2.322000 3.047424e+002
2.324000 3.046863e+002
2.326000 3.046308e+002
2.328000 3.045758e+002
2.330000 3.045214e+002
2.332000 3.044677e+002
2.334000 3.044144e+002
2.336000 3.043618e+002
2.338000 3.043097e+002
2.340000 3.042582e+002
2.342000 3.042072e+002
2.344000 3.041568e+002
2.346000 3.041069e+002
2.348000 3.040576e+002
2.350000 3.040088e+002
2.352000 3.039605e+002
2.354000 3.039128e+002
2.356000 3.038655e+002
2.358000 3.038188e+002
2.360000 3.037726e+002
2.362000 3.037269e+002
2.364000 3.036817e+002
2.366000 3.036370e+002
2.368000 3.035927e+002
2.370000 3.035490e+002
2.372000 3.035057e+002
2.374000 3.034630e+002
2.376000 3.034206e+002
2.378000 3.033788e+002
2.380000 3.033374e+002
2.382000 3.032965e+002
2.384000 3.032560e+002
2.386000 3.032160e+002
2.388000 3.031764e+002
2.390000 3.031373e+002
2.392000 3.030986e+002
2.394000 3.030603e+002
2.396000 3.030224e+002
2.398000 3.029850e+002
2.400000 3.029480e+002
2.402000 3.029114e+002
2.404000 3.028753e+002
2.406000 3.028395e+002
2.408000 3.028041e+002
2.410000 3.027692e+002
2.412000 3.027346e+002
2.414000 3.027004e+002
2.416000 3.026666e+002
2.418000 3.026332e+002
2.420000 3.026002e+002
2.422000 3.025675e+002
2.424000 3.025353e+002
2.426000 3.025033e+002
2.428000 3.024718e+002
2.430000 3.024406e+002
2.432000 3.024098e+002
2.434000 3.023793e+002
2.436000 3.023492e+002
2.438000 3.023194e+002
2.440000 3.022900e+002
2.442000 3.022609e+002
2.444000 3.022321e+002
2.446000 3.022037e+002
2.448000 3.021756e+002
2.450000 3.021478e+002
2.452000 3.021204e+002
2.454000 3.020933e+002
2.456000 3.020664e+002
2.458000 3.020399e+002
2.460000 3.020138e+002
2.462000 3.019879e+002
2.464000 3.019623e+002
2.466000 3.019370e+002
2.468000 3.019120e+002
2.470000 3.018873e+002
2.472000 3.018629e+002
2.474000 3.018388e+002
2.476000 3.018150e+002
2.478000 3.017915e+002
2.480000 3.017682e+002
2.482000 3.017452e+002
2.484000 3.017225e+002
2.486000 3.017001e+002
2.488000 3.016779e+002
2.490000 3.016560e+002
2.492000 3.016343e+002
2.494000 3.016129e+002
2.496000 3.015918e+002
2.498000 3.015709e+002
2.500000 3.015503e+002
2.502000 3.015299e+002
2.504000 3.015097e+002
2.506000 3.014898e+002
2.508000 3.014702e+002
2.510000 3.014508e+002
2.512000 3.014316e+002
2.514000 3.014126e+002
2.516000 3.013939e+002
2.518000 3.013754e+002
2.520000 3.013572e+002
2.522000 3.013391e+002
2.524000 3.013213e+002
2.526000 3.013037e+002
2.528000 3.012863e+002
2.530000 3.012691e+002
2.532000 3.012521e+002
2.534000 3.012354e+002
2.536000 3.012188e+002
2.538000 3.012025e+002
2.540000 3.011863e+002
2.542000 3.011704e+002
2.544000 3.011546e+002
2.546000 3.011391e+002
2.548000 3.011237e+002
2.550000 3.011085e+002
2.552000 3.010935e+002
2.554000 3.010787e+002
2.556000 3.010641e+002
2.558000 3.010497e+002
2.560000 3.010354e+002
2.562000 3.010213e+002
2.564000 3.010074e+002
2.566000 3.009937e+002
2.568000 3.009802e+002
2.570000 3.009668e+002
2.572000 3.009536e+002
2.574000 3.009405e+002
2.576000 3.009276e+002
2.578000 3.009149e+002
2.580000 3.009024e+002
2.582000 3.008900e+002
2.584000 3.008777e+002
2.586000 3.008656e+002
2.588000 3.008537e+002
2.590000 3.008419e+002
2.592000 3.008303e+002
2.594000 3.008188e+002
2.596000 3.008074e+002
2.598000 3.007963e+002
2.600000 3.007852e+002
2.602000 3.007743e+002
2.604000 3.007635e+002
2.606000 3.007529e+002
2.608000 3.007424e+002
2.610000 3.007321e+002
2.612000 3.007218e+002
2.614000 3.007117e+002
2.616000 3.007018e+002
2.618000 3.006919e+002
2.620000 3.006822e+002
2.622000 3.006727e+002
2.624000 3.006632e+002
2.626000 3.006539e+002
2.628000 3.006447e+002
2.630000 3.006356e+002
2.632000 3.006266e+002
2.634000 3.006177e+002
2.636000 3.006090e+002
2.638000 3.006004e+002
2.640000 3.005919e+002
2.642000 3.005835e+002
2.644000 3.005752e+002
2.646000 3.005670e+002
2.648000 3.005589e+002
2.650000 3.005510e+002
2.652000 3.005431e+002
2.654000 3.005354e+002
2.656000 3.005277e+002
2.658000 3.005202e+002
2.660000 3.005127e+002
2.662000 3.005054e+002
2.664000 3.004981e+002
2.666000 3.004909e+002
2.668000 3.004839e+002
2.670000 3.004769e+002
2.672000 3.004700e+002
2.674000 3.004633e+002
2.676000 3.004566e+002
2.678000 3.004500e+002
2.680000 3.004435e+002
2.682000 3.004370e+002
2.684000 3.004307e+002
2.686000 3.004244e+002
2.688000 3.004183e+002
2.690000 3.004122e+002
2.692000 3.004062e+002
2.694000 3.004003e+002
2.696000 3.003944e+002
2.698000 3.003887e+002
2.700000 3.003830e+002
2.702000 3.003774e+002
2.704000 3.003718e+002
2.706000 3.003664e+002
2.708000 3.003610e+002
2.710000 3.003557e+002
2.712000 3.003505e+002
2.714000 3.003453e+002
2.716000 3.003402e+002
2.718000 3.003352e+002
2.720000 3.003302e+002
2.722000 3.003254e+002
2.724000 3.003205e+002
2.726000 3.003158e+002
2.728000 3.003111e+002
2.730000 3.003065e+002
2.732000 3.003019e+002
2.734000 3.002974e+002
2.736000 3.002930e+002
2.738000 3.002886e+002
2.740000 3.002843e+002
2.742000 3.002801e+002
2.744000 3.002759e+002
2.746000 3.002718e+002
2.748000 3.002677e+002
2.750000 3.002637e+002
2.752000 3.002597e+002
2.754000 3.002558e+002
2.756000 3.002520e+002
2.758000 3.002482e+002
2.760000 3.002444e+002
2.762000 3.002408e+002
2.764000 3.002371e+002
2.766000 3.002335e+002
2.768000 3.002300e+002
2.770000 3.002265e+002
2.772000 3.002231e+002
2.774000 3.002197e+002
2.776000 3.002164e+002
2.778000 3.002131e+002
2.780000 3.002098e+002
2.782000 3.002066e+002
2.784000 3.002035e+002
2.786000 3.002004e+002
2.788000 3.001973e+002
2.790000 3.001943e+002
2.792000 3.001913e+002
2.794000 3.001884e+002
2.796000 3.001855e+002
2.798000 3.001826e+002
2.800000 3.001798e+002
2.802000 3.001771e+002
2.804000 3.001743e+002
2.806000 3.001717e+002
2.808000 3.001690e+002
2.810000 3.001664e+002
2.812000 3.001638e+002
2.814000 3.001613e+002
2.816000 3.001588e+002
2.818000 3.001563e+002
2.820000 3.001539e+002
2.822000 3.001515e+002
2.824000 3.001491e+002
2.826000 3.001468e+002
2.828000 3.001445e+002
2.830000 3.001423e+002
2.832000 3.001401e+002
2.834000 3.001379e+002
2.836000 3.001357e+002
2.838000 3.001336e+002
2.840000 3.001315e+002
2.842000 3.001294e+002
2.844000 3.001274e+002
2.846000 3.001254e+002
2.848000 3.001234e+002
2.850000 3.001215e+002
2.852000 3.001196e+002
2.854000 3.001177e+002
2.856000 3.001158e+002
2.858000 3.001140e+002
2.860000 3.001122e+002
2.862000 3.001104e+002
2.864000 3.001087e+002
2.866000 3.001069e+002
2.868000 3.001052e+002
2.870000 3.001036e+002
2.872000 3.001019e+002
2.874000 3.001003e+002
2.876000 3.000987e+002
2.878000 3.000971e+002
2.880000 3.000956e+002
2.882000 3.000940e+002
2.884000 3.000925e+002
2.886000 3.000911e+002
2.888000 3.000896e+002
2.890000 3.000882e+002
2.892000 3.000867e+002
2.894000 3.000853e+002
2.896000 3.000840e+002
2.898000 3.000826e+002
2.900000 3.000813e+002
2.902000 3.000800e+002
2.904000 3.000787e+002
2.906000 3.000774e+002
2.908000 3.000762e+002
2.910000 3.000749e+002
2.912000 3.000737e+002
2.914000 3.000725e+002
2.916000 3.000713e+002
2.918000 3.000702e+002
2.920000 3.000690e+002
2.922000 3.000679e+002
2.924000 3.000668e+002
2.926000 3.000657e+002
2.928000 3.000646e+002
2.930000 3.000636e+002
2.932000 3.000625e+002
2.934000 3.000615e+002
2.936000 3.000605e+002
2.938000 3.000595e+002
2.940000 3.000585e+002
2.942000 3.000576e+002
2.944000 3.000566e+002
2.946000 3.000557e+002
2.948000 3.000548e+002
2.950000 3.000539e+002
2.952000 3.000530e+002
2.954000 3.000521e+002
2.956000 3.000512e+002
2.958000 3.000504e+002
2.960000 3.000496e+002
2.962000 3.000487e+002
2.964000 3.000479e+002
2.966000 3.000471e+002
2.968000 3.000463e+002
2.970000 3.000456e+002
2.972000 3.000448e+002
2.974000 3.000441e+002
2.976000 3.000433e+002
2.978000 3.000426e+002
2.980000 3.000419e+002
2.982000 3.000412e+002
2.984000 3.000405e+002
2.986000 3.000398e+002
2.988000 3.000392e+002
2.990000 3.000385e+002
2.992000 3.000378e+002
2.994000 3.000372e+002
2.996000 3.000366e+002
2.998000 3.000360e+002
3.000000 3.000354e+002
3.002000 3.000348e+002
3.004000 3.000342e+002
3.006000 3.000336e+002
3.008000 3.000330e+002
3.010000 3.000325e+002
3.012000 3.000319e+002
3.014000 3.000314e+002
3.016000 3.000308e+002
3.018000 3.000303e+002
3.020000 3.000298e+002
3.022000 3.000293e+002
3.024000 3.000288e+002
3.026000 3.000283e+002
3.028000 3.000278e+002
3.030000 3.000273e+002
3.032000 3.000269e+002
3.034000 3.000264e+002
3.036000 3.000260e+002
3.038000 3.000255e+002
3.040000 3.000251e+002
3.042000 3.000246e+002
3.044000 3.000242e+002
3.046000 3.000238e+002
3.048000 3.000234e+002
3.050000 3.000230e+002
3.052000 3.000226e+002
3.054000 3.000222e+002
3.056000 3.000218e+002
3.058000 3.000214e+002
3.060000 3.000211e+002
3.062000 3.000207e+002
3.064000 3.000203e+002
3.066000 3.000200e+002
3.068000 3.000196e+002
3.070000 3.000193e+002
3.072000 3.000190e+002
3.074000 3.000186e+002
3.076000 3.000183e+002
3.078000 3.000180e+002
3.080000 3.000177e+002
3.082000 3.000174e+002
3.084000 3.000171e+002
3.086000 3.000168e+002
3.088000 3.000165e+002
3.090000 3.000162e+002
3.092000 3.000159e+002
3.094000 3.000156e+002
3.096000 3.000153e+002
3.098000 3.000151e+002
3.100000 3.000148e+002
3.102000 3.000145e+002
3.104000 3.000143e+002
3.106000 3.000140e+002
3.108000 3.000138e+002
3.110000 3.000135e+002
3.112000 3.000133e+002
3.114000 3.000131e+002
3.116000 3.000128e+002
3.118000 3.000126e+002
3.120000 3.000124e+002
3.122000 3.000122e+002
3.124000 3.000119e+002
3.126000 3.000117e+002
3.128000 3.000115e+002
3.130000 3.000113e+002
3.132000 3.000111e+002
3.134000 3.000109e+002
3.136000 3.000107e+002
3.138000 3.000105e+002
3.140000 3.000103e+002
3.142000 3.000102e+002
3.144000 3.000100e+002
3.146000 3.000098e+002
3.148000 3.000096e+002
3.150000 3.000094e+002
3.152000 3.000093e+002
3.154000 3.000091e+002
3.156000 3.000089e+002
3.158000 3.000088e+002
3.160000 3.000086e+002
3.162000 3.000085e+002
3.164000 3.000083e+002
3.166000 3.000082e+002
3.168000 3.000080e+002
3.170000 3.000079e+002
3.172000 3.000077e+002
3.174000 3.000076e+002
3.176000 3.000074e+002
3.178000 3.000073e+002
3.180000 3.000072e+002
3.182000 3.000070e+002
3.184000 3.000069e+002
3.186000 3.000068e+002
3.188000 3.000067e+002
3.190000 3.000065e+002
3.192000 3.000064e+002
3.194000 3.000063e+002
3.196000 3.000062e+002
3.198000 3.000061e+002
3.200000 3.000060e+002
3.202000 3.000059e+002
3.204000 3.000057e+002
3.206000 3.000056e+002
3.208000 3.000055e+002
3.210000 3.000054e+002
3.212000 3.000053e+002
3.214000 3.000052e+002
3.216000 3.000051e+002
3.218000 3.000050e+002
3.220000 3.000049e+002
3.222000 3.000049e+002
3.224000 3.000048e+002
3.226000 3.000047e+002
3.228000 3.000046e+002
3.230000 3.000045e+002
3.232000 3.000044e+002
3.234000 3.000043e+002
3.236000 3.000043e+002
3.238000 3.000042e+002
3.240000 3.000041e+002
3.242000 3.000040e+002
3.244000 3.000039e+002
3.246000 3.000039e+002
3.248000 3.000038e+002
3.250000 3.000037e+002
3.252000 3.000037e+002
3.254000 3.000036e+002
3.256000 3.000035e+002
3.258000 3.000035e+002
3.260000 3.000034e+002
3.262000 3.000033e+002
3.264000 3.000033e+002
3.266000 3.000032e+002
3.268000 3.000031e+002
3.270000 3.000031e+002
3.272000 3.000030e+002
3.274000 3.000030e+002
3.276000 3.000029e+002
3.278000 3.000029e+002
3.280000 3.000028e+002
3.282000 3.000027e+002
3.284000 3.000027e+002
3.286000 3.000026e+002
3.288000 3.000026e+002
3.290000 3.000025e+002
3.292000 3.000025e+002
3.294000 3.000024e+002
3.296000 3.000024e+002
3.298000 3.000024e+002
3.300000 3.000023e+002
3.302000 3.000023e+002
3.304000 3.000022e+002
3.306000 3.000022e+002
3.308000 3.000021e+002
3.310000 3.000021e+002
3.312000 3.000021e+002
3.314000 3.000020e+002
3.316000 3.000020e+002
3.318000 3.000019e+002
3.320000 3.000019e+002
3.322000 3.000019e+002
3.324000 3.000018e+002
3.326000 3.000018e+002
3.328000 3.000018e+002
3.330000 3.000017e+002
3.332000 3.000017e+002
3.334000 3.000017e+002
3.336000 3.000016e+002
3.338000 3.000016e+002
3.340000 3.000016e+002
3.342000 3.000015e+002
3.344000 3.000015e+002
3.346000 3.000015e+002
3.348000 3.000014e+002
3.350000 3.000014e+002
3.352000 3.000014e+002
3.354000 3.000014e+002
3.356000 3.000013e+002
3.358000 3.000013e+002
3.360000 3.000013e+002
3.362000 3.000013e+002
3.364000 3.000012e+002
3.366000 3.000012e+002
3.368000 3.000012e+002
3.370000 3.000012e+002
3.372000 3.000011e+002
3.374000 3.000011e+002
3.376000 3.000011e+002
3.378000 3.000011e+002
3.380000 3.000011e+002
3.382000 3.000010e+002
3.384000 3.000010e+002
3.386000 3.000010e+002
3.388000 3.000010e+002
3.390000 3.000010e+002
3.392000 3.000009e+002
3.394000 3.000009e+002
3.396000 3.000009e+002
3.398000 3.000009e+002
3.400000 3.000009e+002
3.402000 3.000008e+002
3.404000 3.000008e+002
3.406000 3.000008e+002
3.408000 3.000008e+002
3.410000 3.000008e+002
3.412000 3.000008e+002
3.414000 3.000007e+002
3.416000 3.000007e+002
3.418000 3.000007e+002
3.420000 3.000007e+002
3.422000 3.000007e+002
3.424000 3.000007e+002
3.426000 3.000007e+002
3.428000 3.000006e+002
3.430000 3.000006e+002
3.432000 3.000006e+002
3.434000 3.000006e+002
3.436000 3.000006e+002
3.438000 3.000006e+002
3.440000 3.000006e+002
3.442000 3.000006e+002
3.444000 3.000006e+002
3.446000 3.000005e+002
3.448000 3.000005e+002
3.450000 3.000005e+002
3.452000 3.000005e+002
3.454000 3.000005e+002
3.456000 3.000005e+002
3.458000 3.000005e+002
3.460000 3.000005e+002
3.462000 3.000005e+002
3.464000 3.000004e+002
3.466000 3.000004e+002
3.468000 3.000004e+002
3.470000 3.000004e+002
3.472000 3.000004e+002
3.474000 3.000004e+002
3.476000 3.000004e+002
3.478000 3.000004e+002
3.480000 3.000004e+002
3.482000 3.000004e+002
3.484000 3.000004e+002
3.486000 3.000004e+002
3.488000 3.000003e+002
3.490000 3.000003e+002
3.492000 3.000003e+002
3.494000 3.000003e+002
3.496000 3.000003e+002
3.498000 3.000003e+002
3.500000 3.000003e+002
3.502000 3.000003e+002
3.504000 3.000003e+002
3.506000 3.000003e+002
3.508000 3.000003e+002
3.510000 3.000003e+002
3.512000 3.000003e+002
3.514000 3.000003e+002
3.516000 3.000003e+002
3.518000 3.000003e+002
3.520000 3.000003e+002
3.522000 3.000002e+002
3.524000 3.000002e+002
3.526000 3.000002e+002
3.528000 3.000002e+002
3.530000 3.000002e+002
3.532000 3.000002e+002
3.534000 3.000002e+002
3.536000 3.000002e+002
3.538000 3.000002e+002
3.540000 3.000002e+002
3.542000 3.000002e+002
3.544000 3.000002e+002
3.546000 3.000002e+002
3.548000 3.000002e+002
3.550000 3.000002e+002
3.552000 3.000002e+002
3.554000 3.000002e+002
3.556000 3.000002e+002
3.558000 3.000002e+002
3.560000 3.000002e+002
3.562000 3.000002e+002
3.564000 3.000002e+002
3.566000 3.000002e+002
3.568000 3.000002e+002
3.570000 3.000001e+002
3.572000 3.000001e+002
3.574000 3.000001e+002
3.576000 3.000001e+002
3.578000 3.000001e+002
3.580000 3.000001e+002
3.582000 3.000001e+002
3.584000 3.000001e+002
3.586000 3.000001e+002
3.588000 3.000001e+002
3.590000 3.000001e+002
3.592000 3.000001e+002
3.594000 3.000001e+002
3.596000 3.000001e+002
3.598000 3.000001e+002
3.600000 3.000001e+002
3.602000 3.000001e+002
3.604000 3.000001e+002
3.606000 3.000001e+002
3.608000 3.000001e+002
3.610000 3.000001e+002
3.612000 3.000001e+002
3.614000 3.000001e+002
3.616000 3.000001e+002
3.618000 3.000001e+002
3.620000 3.000001e+002
3.622000 3.000001e+002
3.624000 3.000001e+002
3.626000 3.000001e+002
3.628000 3.000001e+002
3.630000 3.000001e+002
3.632000 3.000001e+002
3.634000 3.000001e+002
3.636000 3.000001e+002
3.638000 3.000001e+002
3.640000 3.000001e+002
3.642000 3.000001e+002
3.644000 3.000001e+002
3.646000 3.000001e+002
3.648000 3.000001e+002
3.650000 3.000001e+002
3.652000 3.000001e+002
3.654000 3.000001e+002
3.656000 3.000001e+002
3.658000 3.000001e+002
3.660000 3.000001e+002
3.662000 3.000001e+002
3.664000 3.000001e+002
3.666000 3.000001e+002
3.668000 3.000001e+002
3.670000 3.000000e+002
3.672000 3.000000e+002
3.674000 3.000000e+002
3.676000 3.000000e+002
3.678000 3.000000e+002
3.680000 3.000000e+002
3.682000 3.000000e+002
3.684000 3.000000e+002
3.686000 3.000000e+002
3.688000 3.000000e+002
3.690000 3.000000e+002
3.692000 3.000000e+002
3.694000 3.000000e+002
3.696000 3.000000e+002
3.698000 3.000000e+002
3.700000 3.000000e+002
3.702000 3.000000e+002
3.704000 3.000000e+002
3.706000 3.000000e+002
3.708000 3.000000e+002
3.710000 3.000000e+002
3.712000 3.000000e+002
3.714000 3.000000e+002
3.716000 3.000000e+002
3.718000 3.000000e+002
3.720000 3.000000e+002
3.722000 3.000000e+002
3.724000 3.000000e+002
3.726000 3.000000e+002
3.728000 3.000000e+002
3.730000 3.000000e+002
3.732000 3.000000e+002
3.734000 3.000000e+002
3.736000 3.000000e+002
3.738000 3.000000e+002
3.740000 3.000000e+002
3.742000 3.000000e+002
3.744000 3.000000e+002
3.746000 3.000000e+002
3.748000 3.000000e+002
3.750000 3.000000e+002
3.752000 3.000000e+002
3.754000 3.000000e+002
3.756000 3.000000e+002
3.758000 3.000000e+002
3.760000 3.000000e+002
3.762000 3.000000e+002
3.764000 3.000000e+002
3.766000 3.000000e+002
3.768000 3.000000e+002
3.770000 3.000000e+002
3.772000 3.000000e+002
3.774000 3.000000e+002
3.776000 3.000000e+002
3.778000 3.000000e+002
3.780000 3.000000e+002
3.782000 3.000000e+002
3.784000 3.000000e+002
3.786000 3.000000e+002
3.788000 3.000000e+002
3.790000 3.000000e+002
3.792000 3.000000e+002
3.794000 3.000000e+002
3.796000 3.000000e+002
3.798000 3.000000e+002
3.800000 3.000000e+002
3.802000 3.000000e+002
3.804000 3.000000e+002
3.806000 3.000000e+002
3.808000 3.000000e+002
3.810000 3.000000e+002
3.812000 3.000000e+002
3.814000 3.000000e+002
3.816000 3.000000e+002
3.818000 3.000000e+002
3.820000 3.000000e+002
3.822000 3.000000e+002
3.824000 3.000000e+002
3.826000 3.000000e+002
3.828000 3.000000e+002
3.830000 3.000000e+002
3.832000 3.000000e+002
3.834000 3.000000e+002
3.836000 3.000000e+002
3.838000 3.000000e+002
3.840000 3.000000e+002
3.842000 3.000000e+002
3.844000 3.000000e+002
3.846000 3.000000e+002
3.848000 3.000000e+002
3.850000 3.000000e+002
3.852000 3.000000e+002
3.854000 3.000000e+002
3.856000 3.000000e+002
3.858000 3.000000e+002
3.860000 3.000000e+002
3.862000 3.000000e+002
3.864000 3.000000e+002
3.866000 3.000000e+002
3.868000 3.000000e+002
3.870000 3.000000e+002
3.872000 3.000000e+002
3.874000 3.000000e+002
3.876000 3.000000e+002
3.878000 3.000000e+002
3.880000 3.000000e+002
3.882000 3.000000e+002
3.884000 3.000000e+002
3.886000 3.000000e+002
3.888000 3.000000e+002
3.890000 3.000000e+002
3.892000 3.000000e+002
3.894000 3.000000e+002
3.896000 3.000000e+002
3.898000 3.000000e+002
3.900000 3.000000e+002
3.902000 3.000000e+002
3.904000 3.000000e+002
3.906000 3.000000e+002
3.908000 3.000000e+002
3.910000 3.000000e+002
3.912000 3.000000e+002
3.914000 3.000000e+002
3.916000 3.000000e+002
3.918000 3.000000e+002
3.920000 3.000000e+002
3.922000 3.000000e+002
3.924000 3.000000e+002
3.926000 3.000000e+002
3.928000 3.000000e+002
3.930000 3.000000e+002
3.932000 3.000000e+002
3.934000 3.000000e+002
3.936000 3.000000e+002
3.938000 3.000000e+002
3.940000 3.000000e+002
3.942000 3.000000e+002
3.944000 3.000000e+002
3.946000 3.000000e+002
3.948000 3.000000e+002
3.950000 3.000000e+002
3.952000 3.000000e+002
3.954000 3.000000e+002
3.956000 3.000000e+002
3.958000 3.000000e+002
3.960000 3.000000e+002
3.962000 3.000000e+002
3.964000 3.000000e+002
3.966000 3.000000e+002
3.968000 3.000000e+002
3.970000 3.000000e+002
3.972000 3.000000e+002
3.974000 3.000000e+002
3.976000 3.000000e+002
3.978000 3.000000e+002
3.980000 3.000000e+002
3.982000 3.000000e+002
3.984000 3.000000e+002
3.986000 3.000000e+002
3.988000 3.000000e+002
3.990000 3.000000e+002
3.992000 3.000000e+002
3.994000 3.000000e+002
3.996000 3.000000e+002
3.998000 3.000000e+002
