0.000000 3.709999e+002
0.002000 3.790103e+002
0.004000 3.870152e+002
0.006000 3.950142e+002
0.008000 4.030067e+002
0.010000 4.109922e+002
0.012000 4.189701e+002
0.014000 4.269397e+002
0.016000 4.349007e+002
0.018000 4.428524e+002
0.020000 4.507942e+002
0.022000 4.587257e+002
0.024000 4.666462e+002
0.026000 4.745553e+002
0.028000 4.824524e+002
0.030000 4.903369e+002
0.032000 4.982083e+002
0.034000 5.060661e+002
0.036000 5.139097e+002
0.038000 5.217387e+002
0.040000 5.295524e+002
0.042000 5.373504e+002
0.044000 5.451321e+002
0.046000 5.528971e+002
0.048000 5.606448e+002
0.050000 5.683747e+002
0.052000 5.760863e+002
0.054000 5.837790e+002
0.056000 5.914525e+002
0.058000 5.991062e+002
0.060000 6.067396e+002
0.062000 6.143522e+002
0.064000 6.219436e+002
0.066000 6.295132e+002
0.068000 6.370606e+002
0.070000 6.445854e+002
0.072000 6.520870e+002
0.074000 6.595650e+002
0.076000 6.670190e+002
0.078000 6.744484e+002
0.080000 6.818529e+002
0.082000 6.892320e+002
0.084000 6.965852e+002
0.086000 7.039122e+002
0.088000 7.112126e+002
0.090000 7.184858e+002
0.092000 7.257315e+002
0.094000 7.329492e+002
0.096000 7.401386e+002
0.098000 7.472993e+002
0.100000 7.544309e+002
0.102000 7.615329e+002
0.104000 7.686050e+002
0.106000 7.756469e+002
0.108000 7.826581e+002
0.110000 7.896383e+002
0.112000 7.965871e+002
0.114000 8.035042e+002
0.116000 8.103893e+002
0.118000 8.172419e+002
0.120000 8.240618e+002
0.122000 8.308486e+002
0.124000 8.376020e+002
0.126000 8.443217e+002
0.128000 8.510073e+002
0.130000 8.576587e+002
0.132000 8.642754e+002
0.134000 8.708572e+002
0.136000 8.774037e+002
0.138000 8.839148e+002
0.140000 8.903901e+002
0.142000 8.968294e+002
0.144000 9.032325e+002
0.146000 9.095989e+002
0.148000 9.159286e+002
0.150000 9.222213e+002
0.152000 9.284767e+002
0.154000 9.346946e+002
0.156000 9.408747e+002
0.158000 9.470170e+002
0.160000 9.531211e+002
0.162000 9.591869e+002
0.164000 9.652142e+002
0.166000 9.712027e+002
0.168000 9.771523e+002
0.170000 9.830628e+002
0.172000 9.889341e+002
0.174000 9.947659e+002
0.176000 1.000558e+003
0.178000 1.006311e+003
0.180000 1.012023e+003
0.182000 1.017696e+003
0.184000 1.023329e+003
0.186000 1.028921e+003
0.188000 1.034473e+003
0.190000 1.039984e+003
0.192000 1.045455e+003
0.194000 1.050885e+003
0.196000 1.056274e+003
0.198000 1.061622e+003
0.200000 1.066930e+003
0.202000 1.072196e+003
0.204000 1.077421e+003
0.206000 1.082605e+003
0.208000 1.087748e+003
0.210000 1.092849e+003
0.212000 1.097909e+003
0.214000 1.102928e+003
0.216000 1.107905e+003
0.218000 1.112841e+003
0.220000 1.117736e+003
0.222000 1.122588e+003
0.224000 1.127400e+003
0.226000 1.132170e+003
0.228000 1.136898e+003
0.230000 1.141585e+003
0.232000 1.146230e+003
0.234000 1.150834e+003
0.236000 1.155396e+003
0.238000 1.159917e+003
0.240000 1.164396e+003
0.242000 1.168834e+003
0.244000 1.173231e+003
0.246000 1.177587e+003
0.248000 1.181901e+003
0.250000 1.186174e+003
0.252000 1.190406e+003
0.254000 1.194596e+003
0.256000 1.198746e+003
0.258000 1.202855e+003
0.260000 1.206923e+003
0.262000 1.210950e+003
0.264000 1.214937e+003
0.266000 1.218883e+003
0.268000 1.222788e+003
0.270000 1.226653e+003
0.272000 1.230478e+003
0.274000 1.234262e+003
0.276000 1.238007e+003
0.278000 1.241711e+003
0.280000 1.245375e+003
0.282000 1.249000e+003
0.284000 1.252585e+003
0.286000 1.256131e+003
0.288000 1.259637e+003
0.290000 1.263104e+003
0.292000 1.266532e+003
0.294000 1.269922e+003
0.296000 1.273272e+003
0.298000 1.276583e+003
0.300000 1.279856e+003
0.302000 1.283091e+003
0.304000 1.286288e+003
0.306000 1.289446e+003
0.308000 1.292567e+003
0.310000 1.295649e+003
0.312000 1.298695e+003
0.314000 1.301703e+003
0.316000 1.304673e+003
0.318000 1.307607e+003
0.320000 1.310504e+003
0.322000 1.313364e+003
0.324000 1.316187e+003
0.326000 1.318974e+003
0.328000 1.321725e+003
0.330000 1.324440e+003
0.332000 1.327119e+003
0.334000 1.329763e+003
0.336000 1.332371e+003
0.338000 1.334944e+003
0.340000 1.337482e+003
0.342000 1.339985e+003
0.344000 1.342453e+003
0.346000 1.344887e+003
0.348000 1.347286e+003
0.350000 1.349651e+003
0.352000 1.351983e+003
0.354000 1.354281e+003
0.356000 1.356545e+003
0.358000 1.358776e+003
0.360000 1.360974e+003
0.362000 1.363139e+003
0.364000 1.365271e+003
0.366000 1.367370e+003
0.368000 1.369438e+003
0.370000 1.371473e+003
0.372000 1.373476e+003
0.374000 1.375448e+003
0.376000 1.377388e+003
0.378000 1.379297e+003
0.380000 1.381174e+003
0.382000 1.383021e+003
0.384000 1.384837e+003
0.386000 1.386622e+003
0.388000 1.388377e+003
0.390000 1.390102e+003
0.392000 1.391797e+003
0.394000 1.393462e+003
0.396000 1.395098e+003
0.398000 1.396704e+003
0.400000 1.398281e+003
0.402000 1.399829e+003
0.404000 1.401348e+003
0.406000 1.402839e+003
0.408000 1.404301e+003
0.410000 1.405735e+003
0.412000 1.407141e+003
0.414000 1.408519e+003
0.416000 1.409869e+003
0.418000 1.411192e+003
0.420000 1.412487e+003
0.422000 1.413756e+003
0.424000 1.414997e+003
0.426000 1.416211e+003
0.428000 1.417399e+003
0.430000 1.418561e+003
0.432000 1.419696e+003
0.434000 1.420805e+003
0.436000 1.421888e+003
0.438000 1.422946e+003
0.440000 1.423978e+003
0.442000 1.424984e+003
0.444000 1.425965e+003
0.446000 1.426921e+003
0.448000 1.427852e+003
0.450000 1.428758e+003
0.452000 1.429640e+003
0.454000 1.430497e+003
0.456000 1.431329e+003
0.458000 1.432137e+003
0.460000 1.432922e+003
0.462000 1.433682e+003
0.464000 1.434419e+003
0.466000 1.435131e+003
0.468000 1.435821e+003
0.470000 1.436487e+003
0.472000 1.437129e+003
0.474000 1.437749e+003
0.476000 1.438345e+003
0.478000 1.438919e+003
0.480000 1.439469e+003
0.482000 1.439998e+003
0.484000 1.440503e+003
0.486000 1.440986e+003
0.488000 1.441447e+003
0.490000 1.441886e+003
0.492000 1.442302e+003
0.494000 1.442697e+003
0.496000 1.443069e+003
0.498000 1.443420e+003
0.500000 1.443749e+003
0.502000 1.444056e+003
0.504000 1.444342e+003
0.506000 1.444607e+003
0.508000 1.444850e+003
0.510000 1.445072e+003
0.512000 1.445272e+003
0.514000 1.445452e+003
0.516000 1.445610e+003
0.518000 1.445748e+003
0.520000 1.445865e+003
0.522000 1.445960e+003
0.524000 1.446035e+003
0.526000 1.446090e+003
0.528000 1.446123e+003
0.530000 1.446137e+003
0.532000 1.446129e+003
0.534000 1.446101e+003
0.536000 1.446053e+003
0.538000 1.445984e+003
0.540000 1.445895e+003
0.542000 1.445786e+003
0.544000 1.445656e+003
0.546000 1.445507e+003
0.548000 1.445337e+003
0.550000 1.445147e+003
0.552000 1.444937e+003
0.554000 1.444707e+003
0.556000 1.444456e+003
0.558000 1.444186e+003
0.560000 1.443896e+003
0.562000 1.443586e+003
0.564000 1.443255e+003
0.566000 1.442905e+003
0.568000 1.442535e+003
0.570000 1.442145e+003
0.572000 1.441735e+003
0.574000 1.441306e+003
0.576000 1.440856e+003
0.578000 1.440387e+003
0.580000 1.439897e+003
0.582000 1.439388e+003
0.584000 1.438859e+003
0.586000 1.438310e+003
0.588000 1.437741e+003
0.590000 1.437152e+003
0.592000 1.436543e+003
0.594000 1.435915e+003
0.596000 1.435266e+003
0.598000 1.434598e+003
0.600000 1.433909e+003
0.602000 1.433201e+003
0.604000 1.432473e+003
0.606000 1.431724e+003
0.608000 1.430956e+003
0.610000 1.430168e+003
0.612000 1.429359e+003
0.614000 1.428531e+003
0.616000 1.427682e+003
0.618000 1.426813e+003
0.620000 1.425924e+003
0.622000 1.425015e+003
0.624000 1.424086e+003
0.626000 1.423136e+003
0.628000 1.422166e+003
0.630000 1.421176e+003
0.632000 1.420166e+003
0.634000 1.419135e+003
0.636000 1.418083e+003
0.638000 1.417012e+003
0.640000 1.415919e+003
0.642000 1.414807e+003
0.644000 1.413673e+003
0.646000 1.412519e+003
0.648000 1.411345e+003
0.650000 1.410149e+003
0.652000 1.408933e+003
0.654000 1.407697e+003
0.656000 1.406439e+003
0.658000 1.405161e+003
0.660000 1.403862e+003
0.662000 1.402541e+003
0.664000 1.401200e+003
0.666000 1.399838e+003
0.668000 1.398455e+003
0.670000 1.397051e+003
0.672000 1.395626e+003
0.674000 1.394179e+003
0.676000 1.392712e+003
0.678000 1.391223e+003
0.680000 1.389713e+003
0.682000 1.388182e+003
0.684000 1.386629e+003
0.686000 1.385055e+003
0.688000 1.383459e+003
0.690000 1.381842e+003
0.692000 1.380204e+003
0.694000 1.378544e+003
0.696000 1.376863e+003
0.698000 1.375160e+003
0.700000 1.373435e+003
0.702000 1.371689e+003
0.704000 1.369921e+003
0.706000 1.368132e+003
0.708000 1.366320e+003
0.710000 1.364487e+003
0.712000 1.362632e+003
0.714000 1.360756e+003
0.716000 1.358857e+003
0.718000 1.356937e+003
0.720000 1.354995e+003
0.722000 1.353031e+003
0.724000 1.351045e+003
0.726000 1.349038e+003
0.728000 1.347008e+003
0.730000 1.344956e+003
0.732000 1.342883e+003
0.734000 1.340788e+003
0.736000 1.338670e+003
0.738000 1.336531e+003
0.740000 1.334370e+003
0.742000 1.332186e+003
0.744000 1.329981e+003
0.746000 1.327754e+003
0.748000 1.325505e+003
0.750000 1.323234e+003
0.752000 1.320941e+003
0.754000 1.318626e+003
0.756000 1.316290e+003
0.758000 1.313931e+003
0.760000 1.311551e+003
0.762000 1.309148e+003
0.764000 1.306724e+003
0.766000 1.304278e+003
0.768000 1.301811e+003
0.770000 1.299321e+003
0.772000 1.296810e+003
0.774000 1.294277e+003
0.776000 1.291723e+003
0.778000 1.289147e+003
0.780000 1.286550e+003
0.782000 1.283931e+003
0.784000 1.281290e+003
0.786000 1.278628e+003
0.788000 1.275945e+003
0.790000 1.273241e+003
0.792000 1.270515e+003
0.794000 1.267768e+003
0.796000 1.265000e+003
0.798000 1.262212e+003
0.800000 1.259402e+003
0.802000 1.256571e+003
0.804000 1.253719e+003
0.806000 1.250847e+003
0.808000 1.247954e+003
0.810000 1.245041e+003
0.812000 1.242107e+003
0.814000 1.239153e+003
0.816000 1.236178e+003
0.818000 1.233184e+003
0.820000 1.230169e+003
0.822000 1.227134e+003
0.824000 1.224080e+003
0.826000 1.221005e+003
0.828000 1.217911e+003
0.830000 1.214798e+003
0.832000 1.211665e+003
0.834000 1.208513e+003
0.836000 1.205342e+003
0.838000 1.202151e+003
0.840000 1.198942e+003
0.842000 1.195714e+003
0.844000 1.192468e+003
0.846000 1.189203e+003
0.848000 1.185919e+003
0.850000 1.182618e+003
0.852000 1.179298e+003
0.854000 1.175961e+003
0.856000 1.172606e+003
0.858000 1.169233e+003
0.860000 1.165843e+003
0.862000 1.162435e+003
0.864000 1.159011e+003
0.866000 1.155570e+003
0.868000 1.152112e+003
0.870000 1.148637e+003
0.872000 1.145146e+003
0.874000 1.141639e+003
0.876000 1.138116e+003
0.878000 1.134577e+003
0.880000 1.131023e+003
0.882000 1.127453e+003
0.884000 1.123868e+003
0.886000 1.120268e+003
0.888000 1.116653e+003
0.890000 1.113024e+003
0.892000 1.109380e+003
0.894000 1.105722e+003
0.896000 1.102050e+003
0.898000 1.098364e+003
0.900000 1.094665e+003
0.902000 1.090953e+003
0.904000 1.087227e+003
0.906000 1.083489e+003
0.908000 1.079737e+003
0.910000 1.075974e+003
0.912000 1.072198e+003
0.914000 1.068411e+003
0.916000 1.064612e+003
0.918000 1.060801e+003
0.920000 1.056979e+003
0.922000 1.053146e+003
0.924000 1.049303e+003
0.926000 1.045449e+003
0.928000 1.041585e+003
0.930000 1.037711e+003
0.932000 1.033827e+003
0.934000 1.029934e+003
0.936000 1.026032e+003
0.938000 1.022120e+003
0.940000 1.018201e+003
0.942000 1.014272e+003
0.944000 1.010336e+003
0.946000 1.006392e+003
0.948000 1.002440e+003
0.950000 9.984810e+002
0.952000 9.945149e+002
0.954000 9.905421e+002
0.956000 9.865628e+002
0.958000 9.825773e+002
0.960000 9.785859e+002
0.962000 9.745889e+002
0.964000 9.705865e+002
0.966000 9.665790e+002
0.968000 9.625667e+002
0.970000 9.585500e+002
0.972000 9.545290e+002
0.974000 9.505040e+002
0.976000 9.464754e+002
0.978000 9.424435e+002
0.980000 9.384085e+002
0.982000 9.343707e+002
0.984000 9.303303e+002
0.986000 9.262878e+002
0.988000 9.222434e+002
0.990000 9.181973e+002
0.992000 9.141499e+002
0.994000 9.101014e+002
0.996000 9.060522e+002
0.998000 9.020025e+002
1.000000 8.979527e+002
1.002000 8.939029e+002
1.004000 8.898536e+002
1.006000 8.858049e+002
1.008000 8.817573e+002
1.010000 8.777109e+002
1.012000 8.736661e+002
1.014000 8.696231e+002
1.016000 8.655823e+002
1.018000 8.615439e+002
1.020000 8.575083e+002
1.022000 8.534756e+002
1.024000 8.494463e+002
1.026000 8.454205e+002
1.028000 8.413987e+002
1.030000 8.373809e+002
1.032000 8.333676e+002
1.034000 8.293591e+002
1.036000 8.253555e+002
1.038000 8.213572e+002
1.040000 8.173645e+002
1.042000 8.133776e+002
1.044000 8.093968e+002
1.046000 8.054225e+002
1.048000 8.014548e+002
1.050000 7.974940e+002
1.052000 7.935405e+002
1.054000 7.895944e+002
1.056000 7.856561e+002
1.058000 7.817258e+002
1.060000 7.778038e+002
1.062000 7.738903e+002
1.064000 7.699857e+002
1.066000 7.660901e+002
1.068000 7.622038e+002
1.070000 7.583271e+002
1.072000 7.544602e+002
1.074000 7.506034e+002
1.076000 7.467570e+002
1.078000 7.429211e+002
1.080000 7.390961e+002
1.082000 7.352821e+002
1.084000 7.314794e+002
1.086000 7.276883e+002
1.088000 7.239090e+002
1.090000 7.201417e+002
1.092000 7.163866e+002
1.094000 7.126440e+002
1.096000 7.089141e+002
1.098000 7.051971e+002
1.100000 7.014933e+002
1.102000 6.978028e+002
1.104000 6.941259e+002
1.106000 6.904628e+002
1.108000 6.868137e+002
1.110000 6.831788e+002
1.112000 6.795583e+002
1.114000 6.759525e+002
1.116000 6.723614e+002
1.118000 6.687853e+002
1.120000 6.652245e+002
1.122000 6.616790e+002
1.124000 6.581491e+002
1.126000 6.546350e+002
1.128000 6.511367e+002
1.130000 6.476547e+002
1.132000 6.441888e+002
1.134000 6.407395e+002
1.136000 6.373068e+002
1.138000 6.338909e+002
1.140000 6.304919e+002
1.142000 6.271100e+002
1.144000 6.237454e+002
1.146000 6.203982e+002
1.148000 6.170686e+002
1.150000 6.137567e+002
1.152000 6.104626e+002
1.154000 6.071866e+002
1.156000 6.039286e+002
1.158000 6.006890e+002
1.160000 5.974677e+002
1.162000 5.942649e+002
1.164000 5.910807e+002
1.166000 5.879153e+002
1.168000 5.847688e+002
1.170000 5.816412e+002
1.172000 5.785327e+002
1.174000 5.754434e+002
1.176000 5.723734e+002
1.178000 5.693228e+002
1.180000 5.662917e+002
1.182000 5.632802e+002
1.184000 5.602883e+002
1.186000 5.573161e+002
1.188000 5.543638e+002
1.190000 5.514314e+002
1.192000 5.485190e+002
1.194000 5.456266e+002
1.196000 5.427544e+002
1.198000 5.399023e+002
1.200000 5.370705e+002
1.202000 5.342589e+002
1.204000 5.314678e+002
1.206000 5.286970e+002
1.208000 5.259467e+002
1.210000 5.232169e+002
1.212000 5.205076e+002
1.214000 5.178189e+002
1.216000 5.151508e+002
1.218000 5.125034e+002
1.220000 5.098766e+002
1.222000 5.072706e+002
1.224000 5.046852e+002
1.226000 5.021206e+002
1.228000 4.995768e+002
1.230000 4.970537e+002
1.232000 4.945514e+002
1.234000 4.920699e+002
1.236000 4.896092e+002
1.238000 4.871692e+002
1.240000 4.847501e+002
1.242000 4.823517e+002
1.244000 4.799741e+002
1.246000 4.776172e+002
1.248000 4.752811e+002
1.250000 4.729658e+002
1.252000 4.706711e+002
1.254000 4.683971e+002
1.256000 4.661438e+002
1.258000 4.639112e+002
1.260000 4.616991e+002
1.262000 4.595076e+002
1.264000 4.573366e+002
1.266000 4.551862e+002
1.268000 4.530562e+002
1.270000 4.509466e+002
1.272000 4.488573e+002
1.274000 4.467884e+002
1.276000 4.447398e+002
1.278000 4.427114e+002
1.280000 4.407031e+002
1.282000 4.387149e+002
1.284000 4.367468e+002
1.286000 4.347986e+002
1.288000 4.328704e+002
1.290000 4.309620e+002
1.292000 4.290733e+002
1.294000 4.272044e+002
1.296000 4.253551e+002
1.298000 4.235254e+002
1.300000 4.217152e+002
1.302000 4.199243e+002
1.304000 4.181528e+002
1.306000 4.164005e+002
1.308000 4.146674e+002
1.310000 4.129533e+002
1.312000 4.112582e+002
1.314000 4.095820e+002
1.316000 4.079246e+002
1.318000 4.062859e+002
1.320000 4.046658e+002
1.322000 4.030642e+002
1.324000 4.014810e+002
1.326000 3.999161e+002
1.328000 3.983694e+002
1.330000 3.968409e+002
1.332000 3.953303e+002
1.334000 3.938377e+002
1.336000 3.923628e+002
1.338000 3.909057e+002
1.340000 3.894661e+002
1.342000 3.880439e+002
1.344000 3.866392e+002
1.346000 3.852516e+002
1.348000 3.838813e+002
1.350000 3.825279e+002
1.352000 3.811914e+002
1.354000 3.798717e+002
1.356000 3.785686e+002
1.358000 3.772821e+002
1.360000 3.760121e+002
1.362000 3.747583e+002
1.364000 3.735208e+002
1.366000 3.722992e+002
1.368000 3.710937e+002
1.370000 3.699039e+002
1.372000 3.687299e+002
1.374000 3.675714e+002
1.376000 3.664284e+002
1.378000 3.653007e+002
1.380000 3.641882e+002
1.382000 3.630908e+002
1.384000 3.620083e+002
1.386000 3.609406e+002
1.388000 3.598876e+002
1.390000 3.588492e+002
1.392000 3.578252e+002
1.394000 3.568155e+002
1.396000 3.558200e+002
1.398000 3.548385e+002
1.400000 3.538710e+002
1.402000 3.529173e+002
1.404000 3.519772e+002
1.406000 3.510506e+002
1.408000 3.501374e+002
1.410000 3.492376e+002
1.412000 3.483508e+002
1.414000 3.474771e+002
1.416000 3.466163e+002
1.418000 3.457682e+002
1.420000 3.449327e+002
1.422000 3.441097e+002
1.424000 3.432991e+002
1.426000 3.425008e+002
1.428000 3.417145e+002
1.430000 3.409403e+002
1.432000 3.401779e+002
1.434000 3.394272e+002
1.436000 3.386881e+002
1.438000 3.379605e+002
1.440000 3.372442e+002
1.442000 3.365392e+002
1.444000 3.358452e+002
1.446000 3.351622e+002
1.448000 3.344901e+002
1.450000 3.338287e+002
1.452000 3.331778e+002
1.454000 3.325375e+002
1.456000 3.319075e+002
1.458000 3.312877e+002
1.460000 3.306780e+002
1.462000 3.300783e+002
1.464000 3.294884e+002
1.466000 3.289083e+002
1.468000 3.283378e+002
1.470000 3.277768e+002
1.472000 3.272252e+002
1.474000 3.266828e+002
1.476000 3.261496e+002
1.478000 3.256254e+002
1.480000 3.251101e+002
1.482000 3.246037e+002
1.484000 3.241059e+002
1.486000 3.236166e+002
1.488000 3.231359e+002
1.490000 3.226634e+002
1.492000 3.221992e+002
1.494000 3.217432e+002
1.496000 3.212951e+002
1.498000 3.208549e+002
1.500000 3.204226e+002
1.502000 3.199979e+002
1.504000 3.195808e+002
1.506000 3.191711e+002
1.508000 3.187689e+002
1.510000 3.183739e+002
1.512000 3.179860e+002
1.514000 3.176053e+002
1.516000 3.172314e+002
1.518000 3.168645e+002
1.520000 3.165042e+002
1.522000 3.161507e+002
1.524000 3.158037e+002
1.526000 3.154631e+002
1.528000 3.151290e+002
1.530000 3.148011e+002
1.532000 3.144793e+002
1.534000 3.141637e+002
1.536000 3.138540e+002
1.538000 3.135502e+002
1.540000 3.132523e+002
1.542000 3.129600e+002
1.544000 3.126734e+002
1.546000 3.123923e+002
1.548000 3.121167e+002
1.550000 3.118464e+002
1.552000 3.115814e+002
1.554000 3.113217e+002
1.556000 3.110670e+002
1.558000 3.108173e+002
1.560000 3.105726e+002
1.562000 3.103328e+002
1.564000 3.100977e+002
1.566000 3.098674e+002
1.568000 3.096416e+002
1.570000 3.094205e+002
1.572000 3.092038e+002
1.574000 3.089915e+002
1.576000 3.087835e+002
1.578000 3.085798e+002
1.580000 3.083803e+002
1.582000 3.081848e+002
1.584000 3.079934e+002
1.586000 3.078060e+002
1.588000 3.076225e+002
1.590000 3.074428e+002
1.592000 3.072668e+002
1.594000 3.070946e+002
1.596000 3.069260e+002
1.598000 3.067610e+002
1.600000 3.065994e+002
1.602000 3.064413e+002
1.604000 3.062866e+002
1.606000 3.061352e+002
1.608000 3.059870e+002
1.610000 3.058420e+002
1.612000 3.057002e+002
1.614000 3.055615e+002
1.616000 3.054257e+002
1.618000 3.052930e+002
1.620000 3.051631e+002
1.622000 3.050361e+002
1.624000 3.049119e+002
1.626000 3.047905e+002
1.628000 3.046717e+002
1.630000 3.045556e+002
1.632000 3.044421e+002
1.634000 3.043311e+002
1.636000 3.042227e+002
1.638000 3.041166e+002
1.640000 3.040130e+002
1.642000 3.039117e+002
1.644000 3.038128e+002
1.646000 3.037160e+002
1.648000 3.036215e+002
1.650000 3.035292e+002
1.652000 3.034390e+002
1.654000 3.033509e+002
1.656000 3.032648e+002
1.658000 3.031807e+002
1.660000 3.030986e+002
1.662000 3.030184e+002
1.664000 3.029401e+002
1.666000 3.028636e+002
1.668000 3.027890e+002
1.670000 3.027161e+002
1.672000 3.026449e+002
1.674000 3.025754e+002
1.676000 3.025076e+002
1.678000 3.024414e+002
1.680000 3.023768e+002
1.682000 3.023138e+002
1.684000 3.022522e+002
1.686000 3.021922e+002
1.688000 3.021336e+002
1.690000 3.020765e+002
1.692000 3.020207e+002
1.694000 3.019663e+002
1.696000 3.019133e+002
1.698000 3.018616e+002
1.700000 3.018111e+002
1.702000 3.017619e+002
1.704000 3.017139e+002
1.706000 3.016671e+002
1.708000 3.016215e+002
1.710000 3.015770e+002
1.712000 3.015336e+002
1.714000 3.014914e+002
1.716000 3.014502e+002
1.718000 3.014100e+002
1.720000 3.013709e+002
1.722000 3.013327e+002
1.724000 3.012956e+002
1.726000 3.012594e+002
1.728000 3.012241e+002
1.730000 3.011897e+002
1.732000 3.011562e+002
1.734000 3.011236e+002
1.736000 3.010918e+002
1.738000 3.010609e+002
1.740000 3.010308e+002
1.742000 3.010014e+002
1.744000 3.009729e+002
1.746000 3.009450e+002
1.748000 3.009179e+002
1.750000 3.008916e+002
1.752000 3.008659e+002
1.754000 3.008409e+002
1.756000 3.008166e+002
1.758000 3.007929e+002
1.760000 3.007699e+002
1.762000 3.007475e+002
1.764000 3.007256e+002
1.766000 3.007044e+002
1.768000 3.006838e+002
1.770000 3.006637e+002
1.772000 3.006441e+002
1.774000 3.006251e+002
1.776000 3.006066e+002
1.778000 3.005887e+002
1.780000 3.005712e+002
1.782000 3.005542e+002
1.784000 3.005376e+002
1.786000 3.005216e+002
1.788000 3.005059e+002
1.790000 3.004907e+002
1.792000 3.004760e+002
1.794000 3.004616e+002
1.796000 3.004477e+002
1.798000 3.004341e+002
1.800000 3.004209e+002
1.802000 3.004081e+002
1.804000 3.003957e+002
1.806000 3.003836e+002
1.808000 3.003718e+002
1.810000 3.003604e+002
1.812000 3.003493e+002
1.814000 3.003386e+002
1.816000 3.003281e+002
1.818000 3.003180e+002
1.820000 3.003081e+002
1.822000 3.002985e+002
1.824000 3.002892e+002
1.826000 3.002802e+002
1.828000 3.002714e+002
1.830000 3.002629e+002
1.832000 3.002547e+002
1.834000 3.002467e+002
1.836000 3.002389e+002
1.838000 3.002313e+002
1.840000 3.002240e+002
1.842000 3.002169e+002
1.844000 3.002100e+002
1.846000 3.002033e+002
1.848000 3.001968e+002
1.850000 3.001905e+002
1.852000 3.001844e+002
1.854000 3.001785e+002
1.856000 3.001727e+002
1.858000 3.001672e+002
1.860000 3.001618e+002
1.862000 3.001565e+002
1.864000 3.001514e+002
1.866000 3.001465e+002
1.868000 3.001417e+002
1.870000 3.001371e+002
1.872000 3.001326e+002
1.874000 3.001283e+002
1.876000 3.001241e+002
1.878000 3.001200e+002
1.880000 3.001160e+002
1.882000 3.001122e+002
1.884000 3.001085e+002
1.886000 3.001049e+002
1.888000 3.001014e+002
1.890000 3.000980e+002
1.892000 3.000947e+002
1.894000 3.000916e+002
1.896000 3.000885e+002
1.898000 3.000855e+002
1.900000 3.000827e+002
1.902000 3.000799e+002
1.904000 3.000772e+002
1.906000 3.000746e+002
1.908000 3.000720e+002
1.910000 3.000696e+002
1.912000 3.000672e+002
1.914000 3.000649e+002
1.916000 3.000627e+002
1.918000 3.000606e+002
1.920000 3.000585e+002
1.922000 3.000565e+002
1.924000 3.000545e+002
1.926000 3.000527e+002
1.928000 3.000508e+002
1.930000 3.000491e+002
1.932000 3.000474e+002
1.934000 3.000457e+002
1.936000 3.000441e+002
1.938000 3.000426e+002
1.940000 3.000411e+002
1.942000 3.000397e+002
1.944000 3.000383e+002
1.946000 3.000369e+002
1.948000 3.000356e+002
1.950000 3.000344e+002
1.952000 3.000332e+002
1.954000 3.000320e+002
1.956000 3.000308e+002
1.958000 3.000298e+002
1.960000 3.000287e+002
1.962000 3.000277e+002
1.964000 3.000267e+002
1.966000 3.000257e+002
1.968000 3.000248e+002
1.970000 3.000239e+002
1.972000 3.000230e+002
1.974000 3.000222e+002
1.976000 3.000214e+002
1.978000 3.000206e+002
1.980000 3.000199e+002
1.982000 3.000192e+002
1.984000 3.000185e+002
1.986000 3.000178e+002
1.988000 3.000171e+002
1.990000 3.000165e+002
1.992000 3.000159e+002
1.994000 3.000153e+002
1.996000 3.000148e+002
1.998000 3.000142e+002
2.000000 3.000137e+002
2.002000 3.000132e+002
2.004000 3.000127e+002
2.006000 3.000122e+002
2.008000 3.000118e+002
2.010000 3.000113e+002
2.012000 3.000109e+002
2.014000 3.000105e+002
2.016000 3.000101e+002
2.018000 3.000097e+002
2.020000 3.000094e+002
2.022000 3.000090e+002
2.024000 3.000087e+002
2.026000 3.000083e+002
2.028000 3.000080e+002
2.030000 3.000077e+002
2.032000 3.000074e+002
2.034000 3.000071e+002
2.036000 3.000069e+002
2.038000 3.000066e+002
2.040000 3.000064e+002
2.042000 3.000061e+002
2.044000 3.000059e+002
2.046000 3.000057e+002
2.048000 3.000054e+002
2.050000 3.000052e+002
2.052000 3.000050e+002
2.054000 3.000048e+002
2.056000 3.000046e+002
2.058000 3.000045e+002
2.060000 3.000043e+002
2.062000 3.000041e+002
2.064000 3.000040e+002
2.066000 3.000038e+002
2.068000 3.000037e+002
2.070000 3.000035e+002
2.072000 3.000034e+002
2.074000 3.000032e+002
2.076000 3.000031e+002
2.078000 3.000030e+002
2.080000 3.000029e+002
2.082000 3.000028e+002
2.084000 3.000026e+002
2.086000 3.000025e+002
2.088000 3.000024e+002
2.090000 3.000023e+002
2.092000 3.000023e+002
2.094000 3.000022e+002
2.096000 3.000021e+002
2.098000 3.000020e+002
2.100000 3.000019e+002
2.102000 3.000018e+002
2.104000 3.000018e+002
2.106000 3.000017e+002
2.108000 3.000016e+002
2.110000 3.000016e+002
2.112000 3.000015e+002
2.114000 3.000014e+002
2.116000 3.000014e+002
2.118000 3.000013e+002
2.120000 3.000013e+002
2.122000 3.000012e+002
2.124000 3.000012e+002
2.126000 3.000011e+002
2.128000 3.000011e+002
2.130000 3.000010e+002
2.132000 3.000010e+002
2.134000 3.000009e+002
2.136000 3.000009e+002
2.138000 3.000009e+002
2.140000 3.000008e+002
2.142000 3.000008e+002
2.144000 3.000008e+002
2.146000 3.000007e+002
2.148000 3.000007e+002
2.150000 3.000007e+002
2.152000 3.000006e+002
2.154000 3.000006e+002
2.156000 3.000006e+002
2.158000 3.000006e+002
2.160000 3.000005e+002
2.162000 3.000005e+002
2.164000 3.000005e+002
2.166000 3.000005e+002
2.168000 3.000005e+002
2.170000 3.000004e+002
2.172000 3.000004e+002
2.174000 3.000004e+002
2.176000 3.000004e+002
2.178000 3.000004e+002
2.180000 3.000003e+002
2.182000 3.000003e+002
2.184000 3.000003e+002
2.186000 3.000003e+002
2.188000 3.000003e+002
2.190000 3.000003e+002
2.192000 3.000003e+002
2.194000 3.000003e+002
2.196000 3.000002e+002
2.198000 3.000002e+002
2.200000 3.000002e+002
2.202000 3.000002e+002
2.204000 3.000002e+002
2.206000 3.000002e+002
2.208000 3.000002e+002
2.210000 3.000002e+002
2.212000 3.000002e+002
2.214000 3.000002e+002
2.216000 3.000002e+002
2.218000 3.000001e+002
2.220000 3.000001e+002
2.222000 3.000001e+002
2.224000 3.000001e+002
2.226000 3.000001e+002
2.228000 3.000001e+002
2.230000 3.000001e+002
2.232000 3.000001e+002
2.234000 3.000001e+002
2.236000 3.000001e+002
2.238000 3.000001e+002
2.240000 3.000001e+002
2.242000 3.000001e+002
2.244000 3.000001e+002
2.246000 3.000001e+002
2.248000 3.000001e+002
2.250000 3.000001e+002
2.252000 3.000001e+002
2.254000 3.000001e+002
2.256000 3.000001e+002
2.258000 3.000001e+002
2.260000 3.000001e+002
2.262000 3.000001e+002
2.264000 3.000001e+002
2.266000 3.000000e+002
2.268000 3.000000e+002
2.270000 3.000000e+002
2.272000 3.000000e+002
2.274000 3.000000e+002
2.276000 3.000000e+002
2.278000 3.000000e+002
2.280000 3.000000e+002
2.282000 3.000000e+002
2.284000 3.000000e+002
2.286000 3.000000e+002
2.288000 3.000000e+002
2.290000 3.000000e+002
2.292000 3.000000e+002
2.294000 3.000000e+002
2.296000 3.000000e+002
2.298000 3.000000e+002
2.300000 3.000000e+002
2.302000 3.000000e+002
2.304000 3.000000e+002
2.306000 3.000000e+002
2.308000 3.000000e+002
2.310000 3.000000e+002
2.312000 3.000000e+002
2.314000 3.000000e+002
2.316000 3.000000e+002
2.318000 3.000000e+002
2.320000 3.000000e+002
2.322000 3.000000e+002
2.324000 3.000000e+002
2.326000 3.000000e+002
2.328000 3.000000e+002
2.330000 3.000000e+002
2.332000 3.000000e+002
2.334000 3.000000e+002
2.336000 3.000000e+002
2.338000 3.000000e+002
2.340000 3.000000e+002
2.342000 3.000000e+002
2.344000 3.000000e+002
2.346000 3.000000e+002
2.348000 3.000000e+002
2.350000 3.000000e+002
2.352000 3.000000e+002
2.354000 3.000000e+002
2.356000 3.000000e+002
2.358000 3.000000e+002
2.360000 3.000000e+002
2.362000 3.000000e+002
2.364000 3.000000e+002
2.366000 3.000000e+002
2.368000 3.000000e+002
2.370000 3.000000e+002
2.372000 3.000000e+002
2.374000 3.000000e+002
2.376000 3.000000e+002
2.378000 3.000000e+002
2.380000 3.000000e+002
2.382000 3.000000e+002
2.384000 3.000000e+002
2.386000 3.000000e+002
2.388000 3.000000e+002
2.390000 3.000000e+002
2.392000 3.000000e+002
2.394000 3.000000e+002
2.396000 3.000000e+002
2.398000 3.000000e+002
2.400000 3.000000e+002
2.402000 3.000000e+002
2.404000 3.000000e+002
2.406000 3.000000e+002
2.408000 3.000000e+002
2.410000 3.000000e+002
2.412000 3.000000e+002
2.414000 3.000000e+002
2.416000 3.000000e+002
2.418000 3.000000e+002
2.420000 3.000000e+002
2.422000 3.000000e+002
2.424000 3.000000e+002
2.426000 3.000000e+002
2.428000 3.000000e+002
2.430000 3.000000e+002
2.432000 3.000000e+002
2.434000 3.000000e+002
2.436000 3.000000e+002
2.438000 3.000000e+002
2.440000 3.000000e+002
2.442000 3.000000e+002
2.444000 3.000000e+002
2.446000 3.000000e+002
2.448000 3.000000e+002
2.450000 3.000000e+002
2.452000 3.000000e+002
2.454000 3.000000e+002
2.456000 3.000000e+002
2.458000 3.000000e+002
2.460000 3.000000e+002
2.462000 3.000000e+002
2.464000 3.000000e+002
2.466000 3.000000e+002
2.468000 3.000000e+002
2.470000 3.000000e+002
2.472000 3.000000e+002
2.474000 3.000000e+002
2.476000 3.000000e+002
2.478000 3.000000e+002
2.480000 3.000000e+002
2.482000 3.000000e+002
2.484000 3.000000e+002
2.486000 3.000000e+002
2.488000 3.000000e+002
2.490000 3.000000e+002
2.492000 3.000000e+002
2.494000 3.000000e+002
2.496000 3.000000e+002
2.498000 3.000000e+002
2.500000 3.000000e+002
2.502000 3.000000e+002
2.504000 3.000000e+002
2.506000 3.000000e+002
2.508000 3.000000e+002
2.510000 3.000000e+002
2.512000 3.000000e+002
2.514000 3.000000e+002
2.516000 3.000000e+002
2.518000 3.000000e+002
2.520000 3.000000e+002
2.522000 3.000000e+002
2.524000 3.000000e+002
2.526000 3.000000e+002
2.528000 3.000000e+002
2.530000 3.000000e+002
2.532000 3.000000e+002
2.534000 3.000000e+002
2.536000 3.000000e+002
2.538000 3.000000e+002
2.540000 3.000000e+002
2.542000 3.000000e+002
2.544000 3.000000e+002
2.546000 3.000000e+002
2.548000 3.000000e+002
2.550000 3.000000e+002
2.552000 3.000000e+002
2.554000 3.000000e+002
2.556000 3.000000e+002
2.558000 3.000000e+002
2.560000 3.000000e+002
2.562000 3.000000e+002
2.564000 3.000000e+002
2.566000 3.000000e+002
2.568000 3.000000e+002
2.570000 3.000000e+002
2.572000 3.000000e+002
2.574000 3.000000e+002
2.576000 3.000000e+002
2.578000 3.000000e+002
2.580000 3.000000e+002
2.582000 3.000000e+002
2.584000 3.000000e+002
2.586000 3.000000e+002
2.588000 3.000000e+002
2.590000 3.000000e+002
2.592000 3.000000e+002
2.594000 3.000000e+002
2.596000 3.000000e+002
2.598000 3.000000e+002
2.600000 3.000000e+002
2.602000 3.000000e+002
2.604000 3.000000e+002
2.606000 3.000000e+002
2.608000 3.000000e+002
2.610000 3.000000e+002
2.612000 3.000000e+002
2.614000 3.000000e+002
2.616000 3.000000e+002
2.618000 3.000000e+002
2.620000 3.000000e+002
2.622000 3.000000e+002
2.624000 3.000000e+002
2.626000 3.000000e+002
2.628000 3.000000e+002
2.630000 3.000000e+002
2.632000 3.000000e+002
2.634000 3.000000e+002
2.636000 3.000000e+002
2.638000 3.000000e+002
2.640000 3.000000e+002
2.642000 3.000000e+002
2.644000 3.000000e+002
2.646000 3.000000e+002
2.648000 3.000000e+002
2.650000 3.000000e+002
2.652000 3.000000e+002
2.654000 3.000000e+002
2.656000 3.000000e+002
2.658000 3.000000e+002
2.660000 3.000000e+002
2.662000 3.000000e+002
2.664000 3.000000e+002
2.666000 3.000000e+002
2.668000 3.000000e+002
2.670000 3.000000e+002
2.672000 3.000000e+002
2.674000 3.000000e+002
2.676000 3.000000e+002
2.678000 3.000000e+002
2.680000 3.000000e+002
2.682000 3.000000e+002
2.684000 3.000000e+002
2.686000 3.000000e+002
2.688000 3.000000e+002
2.690000 3.000000e+002
2.692000 3.000000e+002
2.694000 3.000000e+002
2.696000 3.000000e+002
2.698000 3.000000e+002
2.700000 3.000000e+002
2.702000 3.000000e+002
2.704000 3.000000e+002
2.706000 3.000000e+002
2.708000 3.000000e+002
2.710000 3.000000e+002
2.712000 3.000000e+002
2.714000 3.000000e+002
2.716000 3.000000e+002
2.718000 3.000000e+002
2.720000 3.000000e+002
2.722000 3.000000e+002
2.724000 3.000000e+002
2.726000 3.000000e+002
2.728000 3.000000e+002
2.730000 3.000000e+002
2.732000 3.000000e+002
2.734000 3.000000e+002
2.736000 3.000000e+002
2.738000 3.000000e+002
2.740000 3.000000e+002
2.742000 3.000000e+002
2.744000 3.000000e+002
2.746000 3.000000e+002
2.748000 3.000000e+002
2.750000 3.000000e+002
2.752000 3.000000e+002
2.754000 3.000000e+002
2.756000 3.000000e+002
2.758000 3.000000e+002
2.760000 3.000000e+002
2.762000 3.000000e+002
2.764000 3.000000e+002
2.766000 3.000000e+002
2.768000 3.000000e+002
2.770000 3.000000e+002
2.772000 3.000000e+002
2.774000 3.000000e+002
2.776000 3.000000e+002
2.778000 3.000000e+002
2.780000 3.000000e+002
2.782000 3.000000e+002
2.784000 3.000000e+002
2.786000 3.000000e+002
2.788000 3.000000e+002
2.790000 3.000000e+002
2.792000 3.000000e+002
2.794000 3.000000e+002
2.796000 3.000000e+002
2.798000 3.000000e+002
2.800000 3.000000e+002
2.802000 3.000000e+002
2.804000 3.000000e+002
2.806000 3.000000e+002
2.808000 3.000000e+002
2.810000 3.000000e+002
2.812000 3.000000e+002
2.814000 3.000000e+002
2.816000 3.000000e+002
2.818000 3.000000e+002
2.820000 3.000000e+002
2.822000 3.000000e+002
2.824000 3.000000e+002
2.826000 3.000000e+002
2.828000 3.000000e+002
2.830000 3.000000e+002
2.832000 3.000000e+002
2.834000 3.000000e+002
2.836000 3.000000e+002
2.838000 3.000000e+002
2.840000 3.000000e+002
2.842000 3.000000e+002
2.844000 3.000000e+002
2.846000 3.000000e+002
2.848000 3.000000e+002
2.850000 3.000000e+002
2.852000 3.000000e+002
2.854000 3.000000e+002
2.856000 3.000000e+002
2.858000 3.000000e+002
2.860000 3.000000e+002
2.862000 3.000000e+002
2.864000 3.000000e+002
2.866000 3.000000e+002
2.868000 3.000000e+002
2.870000 3.000000e+002
2.872000 3.000000e+002
2.874000 3.000000e+002
2.876000 3.000000e+002
2.878000 3.000000e+002
2.880000 3.000000e+002
2.882000 3.000000e+002
2.884000 3.000000e+002
2.886000 3.000000e+002
2.888000 3.000000e+002
2.890000 3.000000e+002
2.892000 3.000000e+002
2.894000 3.000000e+002
2.896000 3.000000e+002
2.898000 3.000000e+002
2.900000 3.000000e+002
2.902000 3.000000e+002
2.904000 3.000000e+002
2.906000 3.000000e+002
2.908000 3.000000e+002
2.910000 3.000000e+002
2.912000 3.000000e+002
2.914000 3.000000e+002
2.916000 3.000000e+002
2.918000 3.000000e+002
2.920000 3.000000e+002
2.922000 3.000000e+002
2.924000 3.000000e+002
2.926000 3.000000e+002
2.928000 3.000000e+002
2.930000 3.000000e+002
2.932000 3.000000e+002
2.934000 3.000000e+002
2.936000 3.000000e+002
2.938000 3.000000e+002
2.940000 3.000000e+002
2.942000 3.000000e+002
2.944000 3.000000e+002
2.946000 3.000000e+002
2.948000 3.000000e+002
2.950000 3.000000e+002
2.952000 3.000000e+002
2.954000 3.000000e+002
2.956000 3.000000e+002
2.958000 3.000000e+002
2.960000 3.000000e+002
2.962000 3.000000e+002
2.964000 3.000000e+002
2.966000 3.000000e+002
2.968000 3.000000e+002
2.970000 3.000000e+002
2.972000 3.000000e+002
2.974000 3.000000e+002
2.976000 3.000000e+002
2.978000 3.000000e+002
2.980000 3.000000e+002
2.982000 3.000000e+002
2.984000 3.000000e+002
2.986000 3.000000e+002
2.988000 3.000000e+002
2.990000 3.000000e+002
2.992000 3.000000e+002
2.994000 3.000000e+002
2.996000 3.000000e+002
2.998000 3.000000e+002
3.000000 3.000000e+002
3.002000 3.000000e+002
3.004000 3.000000e+002
3.006000 3.000000e+002
3.008000 3.000000e+002
3.010000 3.000000e+002
3.012000 3.000000e+002
3.014000 3.000000e+002
3.016000 3.000000e+002
3.018000 3.000000e+002
3.020000 3.000000e+002
3.022000 3.000000e+002
3.024000 3.000000e+002
3.026000 3.000000e+002
3.028000 3.000000e+002
3.030000 3.000000e+002
3.032000 3.000000e+002
3.034000 3.000000e+002
3.036000 3.000000e+002
3.038000 3.000000e+002
3.040000 3.000000e+002
3.042000 3.000000e+002
3.044000 3.000000e+002
3.046000 3.000000e+002
3.048000 3.000000e+002
3.050000 3.000000e+002
3.052000 3.000000e+002
3.054000 3.000000e+002
3.056000 3.000000e+002
3.058000 3.000000e+002
3.060000 3.000000e+002
3.062000 3.000000e+002
3.064000 3.000000e+002
3.066000 3.000000e+002
3.068000 3.000000e+002
3.070000 3.000000e+002
3.072000 3.000000e+002
3.074000 3.000000e+002
3.076000 3.000000e+002
3.078000 3.000000e+002
3.080000 3.000000e+002
3.082000 3.000000e+002
3.084000 3.000000e+002
3.086000 3.000000e+002
3.088000 3.000000e+002
3.090000 3.000000e+002
3.092000 3.000000e+002
3.094000 3.000000e+002
3.096000 3.000000e+002
3.098000 3.000000e+002
3.100000 3.000000e+002
3.102000 3.000000e+002
3.104000 3.000000e+002
3.106000 3.000000e+002
3.108000 3.000000e+002
3.110000 3.000000e+002
3.112000 3.000000e+002
3.114000 3.000000e+002
3.116000 3.000000e+002
3.118000 3.000000e+002
3.120000 3.000000e+002
3.122000 3.000000e+002
3.124000 3.000000e+002
3.126000 3.000000e+002
3.128000 3.000000e+002
3.130000 3.000000e+002
3.132000 3.000000e+002
3.134000 3.000000e+002
3.136000 3.000000e+002
3.138000 3.000000e+002
3.140000 3.000000e+002
3.142000 3.000000e+002
3.144000 3.000000e+002
3.146000 3.000000e+002
3.148000 3.000000e+002
3.150000 3.000000e+002
3.152000 3.000000e+002
3.154000 3.000000e+002
3.156000 3.000000e+002
3.158000 3.000000e+002
3.160000 3.000000e+002
3.162000 3.000000e+002
3.164000 3.000000e+002
3.166000 3.000000e+002
3.168000 3.000000e+002
3.170000 3.000000e+002
3.172000 3.000000e+002
3.174000 3.000000e+002
3.176000 3.000000e+002
3.178000 3.000000e+002
3.180000 3.000000e+002
3.182000 3.000000e+002
3.184000 3.000000e+002
3.186000 3.000000e+002
3.188000 3.000000e+002
3.190000 3.000000e+002
3.192000 3.000000e+002
3.194000 3.000000e+002
3.196000 3.000000e+002
3.198000 3.000000e+002
3.200000 3.000000e+002
3.202000 3.000000e+002
3.204000 3.000000e+002
3.206000 3.000000e+002
3.208000 3.000000e+002
3.210000 3.000000e+002
3.212000 3.000000e+002
3.214000 3.000000e+002
3.216000 3.000000e+002
3.218000 3.000000e+002
3.220000 3.000000e+002
3.222000 3.000000e+002
3.224000 3.000000e+002
3.226000 3.000000e+002
3.228000 3.000000e+002
3.230000 3.000000e+002
3.232000 3.000000e+002
3.234000 3.000000e+002
3.236000 3.000000e+002
3.238000 3.000000e+002
3.240000 3.000000e+002
3.242000 3.000000e+002
3.244000 3.000000e+002
3.246000 3.000000e+002
3.248000 3.000000e+002
3.250000 3.000000e+002
3.252000 3.000000e+002
3.254000 3.000000e+002
3.256000 3.000000e+002
3.258000 3.000000e+002
3.260000 3.000000e+002
3.262000 3.000000e+002
3.264000 3.000000e+002
3.266000 3.000000e+002
3.268000 3.000000e+002
3.270000 3.000000e+002
3.272000 3.000000e+002
3.274000 3.000000e+002
3.276000 3.000000e+002
3.278000 3.000000e+002
3.280000 3.000000e+002
3.282000 3.000000e+002
3.284000 3.000000e+002
3.286000 3.000000e+002
3.288000 3.000000e+002
3.290000 3.000000e+002
3.292000 3.000000e+002
3.294000 3.000000e+002
3.296000 3.000000e+002
3.298000 3.000000e+002
3.300000 3.000000e+002
3.302000 3.000000e+002
3.304000 3.000000e+002
3.306000 3.000000e+002
3.308000 3.000000e+002
3.310000 3.000000e+002
3.312000 3.000000e+002
3.314000 3.000000e+002
3.316000 3.000000e+002
3.318000 3.000000e+002
3.320000 3.000000e+002
3.322000 3.000000e+002
3.324000 3.000000e+002
3.326000 3.000000e+002
3.328000 3.000000e+002
3.330000 3.000000e+002
3.332000 3.000000e+002
3.334000 3.000000e+002
3.336000 3.000000e+002
3.338000 3.000000e+002
3.340000 3.000000e+002
3.342000 3.000000e+002
3.344000 3.000000e+002
3.346000 3.000000e+002
3.348000 3.000000e+002
3.350000 3.000000e+002
3.352000 3.000000e+002
3.354000 3.000000e+002
3.356000 3.000000e+002
3.358000 3.000000e+002
3.360000 3.000000e+002
3.362000 3.000000e+002
3.364000 3.000000e+002
3.366000 3.000000e+002
3.368000 3.000000e+002
3.370000 3.000000e+002
3.372000 3.000000e+002
3.374000 3.000000e+002
3.376000 3.000000e+002
3.378000 3.000000e+002
3.380000 3.000000e+002
3.382000 3.000000e+002
3.384000 3.000000e+002
3.386000 3.000000e+002
3.388000 3.000000e+002
3.390000 3.000000e+002
3.392000 3.000000e+002
3.394000 3.000000e+002
3.396000 3.000000e+002
3.398000 3.000000e+002
3.400000 3.000000e+002
3.402000 3.000000e+002
3.404000 3.000000e+002
3.406000 3.000000e+002
3.408000 3.000000e+002
3.410000 3.000000e+002
3.412000 3.000000e+002
3.414000 3.000000e+002
3.416000 3.000000e+002
3.418000 3.000000e+002
3.420000 3.000000e+002
3.422000 3.000000e+002
3.424000 3.000000e+002
3.426000 3.000000e+002
3.428000 3.000000e+002
3.430000 3.000000e+002
3.432000 3.000000e+002
3.434000 3.000000e+002
3.436000 3.000000e+002
3.438000 3.000000e+002
3.440000 3.000000e+002
3.442000 3.000000e+002
3.444000 3.000000e+002
3.446000 3.000000e+002
3.448000 3.000000e+002
3.450000 3.000000e+002
3.452000 3.000000e+002
3.454000 3.000000e+002
3.456000 3.000000e+002
3.458000 3.000000e+002
3.460000 3.000000e+002
3.462000 3.000000e+002
3.464000 3.000000e+002
3.466000 3.000000e+002
3.468000 3.000000e+002
3.470000 3.000000e+002
3.472000 3.000000e+002
3.474000 3.000000e+002
3.476000 3.000000e+002
3.478000 3.000000e+002
3.480000 3.000000e+002
3.482000 3.000000e+002
3.484000 3.000000e+002
3.486000 3.000000e+002
3.488000 3.000000e+002
3.490000 3.000000e+002
3.492000 3.000000e+002
3.494000 3.000000e+002
3.496000 3.000000e+002
3.498000 3.000000e+002
3.500000 3.000000e+002
3.502000 3.000000e+002
3.504000 3.000000e+002
3.506000 3.000000e+002
3.508000 3.000000e+002
3.510000 3.000000e+002
3.512000 3.000000e+002
3.514000 3.000000e+002
3.516000 3.000000e+002
3.518000 3.000000e+002
3.520000 3.000000e+002
3.522000 3.000000e+002
3.524000 3.000000e+002
3.526000 3.000000e+002
3.528000 3.000000e+002
3.530000 3.000000e+002
3.532000 3.000000e+002
3.534000 3.000000e+002
3.536000 3.000000e+002
3.538000 3.000000e+002
3.540000 3.000000e+002
3.542000 3.000000e+002
3.544000 3.000000e+002
3.546000 3.000000e+002
3.548000 3.000000e+002
3.550000 3.000000e+002
3.552000 3.000000e+002
3.554000 3.000000e+002
3.556000 3.000000e+002
3.558000 3.000000e+002
3.560000 3.000000e+002
3.562000 3.000000e+002
3.564000 3.000000e+002
3.566000 3.000000e+002
3.568000 3.000000e+002
3.570000 3.000000e+002
3.572000 3.000000e+002
3.574000 3.000000e+002
3.576000 3.000000e+002
3.578000 3.000000e+002
3.580000 3.000000e+002
3.582000 3.000000e+002
3.584000 3.000000e+002
3.586000 3.000000e+002
3.588000 3.000000e+002
3.590000 3.000000e+002
3.592000 3.000000e+002
3.594000 3.000000e+002
3.596000 3.000000e+002
3.598000 3.000000e+002
3.600000 3.000000e+002
3.602000 3.000000e+002
3.604000 3.000000e+002
3.606000 3.000000e+002
3.608000 3.000000e+002
3.610000 3.000000e+002
3.612000 3.000000e+002
3.614000 3.000000e+002
3.616000 3.000000e+002
3.618000 3.000000e+002
3.620000 3.000000e+002
3.622000 3.000000e+002
3.624000 3.000000e+002
3.626000 3.000000e+002
3.628000 3.000000e+002
3.630000 3.000000e+002
3.632000 3.000000e+002
3.634000 3.000000e+002
3.636000 3.000000e+002
3.638000 3.000000e+002
3.640000 3.000000e+002
3.642000 3.000000e+002
3.644000 3.000000e+002
3.646000 3.000000e+002
3.648000 3.000000e+002
3.650000 3.000000e+002
3.652000 3.000000e+002
3.654000 3.000000e+002
3.656000 3.000000e+002
3.658000 3.000000e+002
3.660000 3.000000e+002
3.662000 3.000000e+002
3.664000 3.000000e+002
3.666000 3.000000e+002
3.668000 3.000000e+002
3.670000 3.000000e+002
3.672000 3.000000e+002
3.674000 3.000000e+002
3.676000 3.000000e+002
3.678000 3.000000e+002
3.680000 3.000000e+002
3.682000 3.000000e+002
3.684000 3.000000e+002
3.686000 3.000000e+002
3.688000 3.000000e+002
3.690000 3.000000e+002
3.692000 3.000000e+002
3.694000 3.000000e+002
3.696000 3.000000e+002
3.698000 3.000000e+002
3.700000 3.000000e+002
3.702000 3.000000e+002
3.704000 3.000000e+002
3.706000 3.000000e+002
3.708000 3.000000e+002
3.710000 3.000000e+002
3.712000 3.000000e+002
3.714000 3.000000e+002
3.716000 3.000000e+002
3.718000 3.000000e+002
3.720000 3.000000e+002
3.722000 3.000000e+002
3.724000 3.000000e+002
3.726000 3.000000e+002
3.728000 3.000000e+002
3.730000 3.000000e+002
3.732000 3.000000e+002
3.734000 3.000000e+002
3.736000 3.000000e+002
3.738000 3.000000e+002
3.740000 3.000000e+002
3.742000 3.000000e+002
3.744000 3.000000e+002
3.746000 3.000000e+002
3.748000 3.000000e+002
3.750000 3.000000e+002
3.752000 3.000000e+002
3.754000 3.000000e+002
3.756000 3.000000e+002
3.758000 3.000000e+002
3.760000 3.000000e+002
3.762000 3.000000e+002
3.764000 3.000000e+002
3.766000 3.000000e+002
3.768000 3.000000e+002
3.770000 3.000000e+002
3.772000 3.000000e+002
3.774000 3.000000e+002
3.776000 3.000000e+002
3.778000 3.000000e+002
3.780000 3.000000e+002
3.782000 3.000000e+002
3.784000 3.000000e+002
3.786000 3.000000e+002
3.788000 3.000000e+002
3.790000 3.000000e+002
3.792000 3.000000e+002
3.794000 3.000000e+002
3.796000 3.000000e+002
3.798000 3.000000e+002
3.800000 3.000000e+002
3.802000 3.000000e+002
3.804000 3.000000e+002
3.806000 3.000000e+002
3.808000 3.000000e+002
3.810000 3.000000e+002
3.812000 3.000000e+002
3.814000 3.000000e+002
3.816000 3.000000e+002
3.818000 3.000000e+002
3.820000 3.000000e+002
3.822000 3.000000e+002
3.824000 3.000000e+002
3.826000 3.000000e+002
3.828000 3.000000e+002
3.830000 3.000000e+002
3.832000 3.000000e+002
3.834000 3.000000e+002
3.836000 3.000000e+002
3.838000 3.000000e+002
3.840000 3.000000e+002
3.842000 3.000000e+002
3.844000 3.000000e+002
3.846000 3.000000e+002
3.848000 3.000000e+002
3.850000 3.000000e+002
3.852000 3.000000e+002
3.854000 3.000000e+002
3.856000 3.000000e+002
3.858000 3.000000e+002
3.860000 3.000000e+002
3.862000 3.000000e+002
3.864000 3.000000e+002
3.866000 3.000000e+002
3.868000 3.000000e+002
3.870000 3.000000e+002
3.872000 3.000000e+002
3.874000 3.000000e+002
3.876000 3.000000e+002
3.878000 3.000000e+002
3.880000 3.000000e+002
3.882000 3.000000e+002
3.884000 3.000000e+002
3.886000 3.000000e+002
3.888000 3.000000e+002
3.890000 3.000000e+002
3.892000 3.000000e+002
3.894000 3.000000e+002
3.896000 3.000000e+002
3.898000 3.000000e+002
3.900000 3.000000e+002
3.902000 3.000000e+002
3.904000 3.000000e+002
3.906000 3.000000e+002
3.908000 3.000000e+002
3.910000 3.000000e+002
3.912000 3.000000e+002
3.914000 3.000000e+002
3.916000 3.000000e+002
3.918000 3.000000e+002
3.920000 3.000000e+002
3.922000 3.000000e+002
3.924000 3.000000e+002
3.926000 3.000000e+002
3.928000 3.000000e+002
3.930000 3.000000e+002
3.932000 3.000000e+002
3.934000 3.000000e+002
3.936000 3.000000e+002
3.938000 3.000000e+002
3.940000 3.000000e+002
3.942000 3.000000e+002
3.944000 3.000000e+002
3.946000 3.000000e+002
3.948000 3.000000e+002
3.950000 3.000000e+002
3.952000 3.000000e+002
3.954000 3.000000e+002
3.956000 3.000000e+002
3.958000 3.000000e+002
3.960000 3.000000e+002
3.962000 3.000000e+002
3.964000 3.000000e+002
3.966000 3.000000e+002
3.968000 3.000000e+002
3.970000 3.000000e+002
3.972000 3.000000e+002
3.974000 3.000000e+002
3.976000 3.000000e+002
3.978000 3.000000e+002
3.980000 3.000000e+002
3.982000 3.000000e+002
3.984000 3.000000e+002
3.986000 3.000000e+002
3.988000 3.000000e+002
3.990000 3.000000e+002
3.992000 3.000000e+002
3.994000 3.000000e+002
3.996000 3.000000e+002
3.998000 3.000000e+002
