0.000000 3.508636e+002
0.002000 3.565420e+002
0.004000 3.622184e+002
0.006000 3.678923e+002
0.008000 3.735636e+002
0.010000 3.792321e+002
0.012000 3.848976e+002
0.014000 3.905598e+002
0.016000 3.962185e+002
0.018000 4.018735e+002
0.020000 4.075245e+002
0.022000 4.131715e+002
0.024000 4.188140e+002
0.026000 4.244520e+002
0.028000 4.300852e+002
0.030000 4.357133e+002
0.032000 4.413362e+002
0.034000 4.469537e+002
0.036000 4.525654e+002
0.038000 4.581713e+002
0.040000 4.637711e+002
0.042000 4.693646e+002
0.044000 4.749515e+002
0.046000 4.805317e+002
0.048000 4.861049e+002
0.050000 4.916710e+002
0.052000 4.972296e+002
0.054000 5.027807e+002
0.056000 5.083240e+002
0.058000 5.138592e+002
0.060000 5.193862e+002
0.062000 5.249048e+002
0.064000 5.304147e+002
0.066000 5.359158e+002
0.068000 5.414078e+002
0.070000 5.468906e+002
0.072000 5.523639e+002
0.074000 5.578275e+002
0.076000 5.632813e+002
0.078000 5.687249e+002
0.080000 5.741583e+002
0.082000 5.795812e+002
0.084000 5.849934e+002
0.086000 5.903948e+002
0.088000 5.957850e+002
0.090000 6.011640e+002
0.092000 6.065316e+002
0.094000 6.118874e+002
0.096000 6.172314e+002
0.098000 6.225634e+002
0.100000 6.278831e+002
0.102000 6.331903e+002
0.104000 6.384850e+002
0.106000 6.437668e+002
0.108000 6.490356e+002
0.110000 6.542913e+002
0.112000 6.595335e+002
0.114000 6.647622e+002
0.116000 6.699772e+002
0.118000 6.751782e+002
0.120000 6.803652e+002
0.122000 6.855378e+002
0.124000 6.906960e+002
0.126000 6.958395e+002
0.128000 7.009683e+002
0.130000 7.060820e+002
0.132000 7.111806e+002
0.134000 7.162638e+002
0.136000 7.213315e+002
0.138000 7.263835e+002
0.140000 7.314197e+002
0.142000 7.364398e+002
0.144000 7.414438e+002
0.146000 7.464314e+002
0.148000 7.514025e+002
0.150000 7.563570e+002
0.152000 7.612946e+002
0.154000 7.662152e+002
0.156000 7.711186e+002
0.158000 7.760047e+002
0.160000 7.808734e+002
0.162000 7.857244e+002
0.164000 7.905577e+002
0.166000 7.953730e+002
0.168000 8.001702e+002
0.170000 8.049493e+002
0.172000 8.097099e+002
0.174000 8.144520e+002
0.176000 8.191755e+002
0.178000 8.238801e+002
0.180000 8.285658e+002
0.182000 8.332324e+002
0.184000 8.378798e+002
0.186000 8.425078e+002
0.188000 8.471163e+002
0.190000 8.517051e+002
0.192000 8.562742e+002
0.194000 8.608234e+002
0.196000 8.653525e+002
0.198000 8.698615e+002
0.200000 8.743502e+002
0.202000 8.788185e+002
0.204000 8.832662e+002
0.206000 8.876932e+002
0.208000 8.920995e+002
0.210000 8.964849e+002
0.212000 9.008492e+002
0.214000 9.051924e+002
0.216000 9.095144e+002
0.218000 9.138150e+002
0.220000 9.180940e+002
0.222000 9.223515e+002
0.224000 9.265873e+002
0.226000 9.308013e+002
0.228000 9.349934e+002
0.230000 9.391634e+002
0.232000 9.433113e+002
0.234000 9.474370e+002
0.236000 9.515403e+002
0.238000 9.556212e+002
0.240000 9.596796e+002
0.242000 9.637154e+002
0.244000 9.677284e+002
0.246000 9.717187e+002
0.248000 9.756860e+002
0.250000 9.796303e+002
0.252000 9.835516e+002
0.254000 9.874497e+002
0.256000 9.913245e+002
0.258000 9.951760e+002
0.260000 9.990041e+002
0.262000 1.002809e+003
0.264000 1.006590e+003
0.266000 1.010347e+003
0.268000 1.014081e+003
0.270000 1.017790e+003
0.272000 1.021476e+003
0.274000 1.025138e+003
0.276000 1.028776e+003
0.278000 1.032390e+003
0.280000 1.035979e+003
0.282000 1.039545e+003
0.284000 1.043086e+003
0.286000 1.046603e+003
0.288000 1.050095e+003
0.290000 1.053563e+003
0.292000 1.057006e+003
0.294000 1.060425e+003
0.296000 1.063819e+003
0.298000 1.067188e+003
0.300000 1.070533e+003
0.302000 1.073852e+003
0.304000 1.077147e+003
0.306000 1.080417e+003
0.308000 1.083662e+003
0.310000 1.086882e+003
0.312000 1.090077e+003
0.314000 1.093246e+003
0.316000 1.096391e+003
0.318000 1.099510e+003
0.320000 1.102604e+003
0.322000 1.105673e+003
0.324000 1.108717e+003
0.326000 1.111735e+003
0.328000 1.114728e+003
0.330000 1.117695e+003
0.332000 1.120637e+003
0.334000 1.123554e+003
0.336000 1.126444e+003
0.338000 1.129310e+003
0.340000 1.132150e+003
0.342000 1.134964e+003
0.344000 1.137753e+003
0.346000 1.140515e+003
0.348000 1.143253e+003
0.350000 1.145964e+003
0.352000 1.148650e+003
0.354000 1.151310e+003
0.356000 1.153945e+003
0.358000 1.156554e+003
0.360000 1.159136e+003
0.362000 1.161693e+003
0.364000 1.164225e+003
0.366000 1.166730e+003
0.368000 1.169210e+003
0.370000 1.171664e+003
0.372000 1.174091e+003
0.374000 1.176494e+003
0.376000 1.178870e+003
0.378000 1.181220e+003
0.380000 1.183545e+003
0.382000 1.185843e+003
0.384000 1.188116e+003
0.386000 1.190363e+003
0.388000 1.192584e+003
0.390000 1.194779e+003
0.392000 1.196948e+003
0.394000 1.199091e+003
0.396000 1.201209e+003
0.398000 1.203300e+003
0.400000 1.205366e+003
0.402000 1.207406e+003
0.404000 1.209420e+003
0.406000 1.211408e+003
0.408000 1.213370e+003
0.410000 1.215307e+003
0.412000 1.217217e+003
0.414000 1.219102e+003
0.416000 1.220961e+003
0.418000 1.222795e+003
0.420000 1.224602e+003
0.422000 1.226384e+003
0.424000 1.228140e+003
0.426000 1.229871e+003
0.428000 1.231576e+003
0.430000 1.233255e+003
0.432000 1.234908e+003
0.434000 1.236536e+003
0.436000 1.238138e+003
0.438000 1.239715e+003
0.440000 1.241266e+003
0.442000 1.242792e+003
0.444000 1.244292e+003
0.446000 1.245766e+003
0.448000 1.247215e+003
0.450000 1.248639e+003
0.452000 1.250037e+003
0.454000 1.251410e+003
0.456000 1.252758e+003
0.458000 1.254080e+003
0.460000 1.255377e+003
0.462000 1.256649e+003
0.464000 1.257895e+003
0.466000 1.259117e+003
0.468000 1.260313e+003
0.470000 1.261484e+003
0.472000 1.262630e+003
0.474000 1.263751e+003
0.476000 1.264847e+003
0.478000 1.265918e+003
0.480000 1.266964e+003
0.482000 1.267986e+003
0.484000 1.268982e+003
0.486000 1.269953e+003
0.488000 1.270900e+003
0.490000 1.271822e+003
0.492000 1.272720e+003
0.494000 1.273592e+003
0.496000 1.274440e+003
0.498000 1.275264e+003
0.500000 1.276063e+003
0.502000 1.276838e+003
0.504000 1.277588e+003
0.506000 1.278313e+003
0.508000 1.279015e+003
0.510000 1.279692e+003
0.512000 1.280345e+003
0.514000 1.280974e+003
0.516000 1.281578e+003
0.518000 1.282159e+003
0.520000 1.282715e+003
0.522000 1.283247e+003
0.524000 1.283756e+003
0.526000 1.284240e+003
0.528000 1.284701e+003
0.530000 1.285138e+003
0.532000 1.285551e+003
0.534000 1.285941e+003
0.536000 1.286307e+003
0.538000 1.286649e+003
0.540000 1.286968e+003
0.542000 1.287263e+003
0.544000 1.287535e+003
0.546000 1.287784e+003
0.548000 1.288009e+003
0.550000 1.288211e+003
0.552000 1.288390e+003
0.554000 1.288546e+003
0.556000 1.288678e+003
0.558000 1.288788e+003
0.560000 1.288875e+003
0.562000 1.288938e+003
0.564000 1.288979e+003
0.566000 1.288998e+003
0.568000 1.288993e+003
0.570000 1.288966e+003
0.572000 1.288916e+003
0.574000 1.288844e+003
0.576000 1.288749e+003
0.578000 1.288632e+003
0.580000 1.288492e+003
0.582000 1.288331e+003
0.584000 1.288147e+003
0.586000 1.287941e+003
0.588000 1.287712e+003
0.590000 1.287462e+003
0.592000 1.287190e+003
0.594000 1.286896e+003
0.596000 1.286580e+003
0.598000 1.286243e+003
0.600000 1.285883e+003
0.602000 1.285502e+003
0.604000 1.285100e+003
0.606000 1.284676e+003
0.608000 1.284231e+003
0.610000 1.283764e+003
0.612000 1.283276e+003
0.614000 1.282767e+003
0.616000 1.282237e+003
0.618000 1.281685e+003
0.620000 1.281113e+003
0.622000 1.280520e+003
0.624000 1.279906e+003
0.626000 1.279271e+003
0.628000 1.278615e+003
0.630000 1.277939e+003
0.632000 1.277242e+003
0.634000 1.276525e+003
0.636000 1.275787e+003
0.638000 1.275030e+003
0.640000 1.274251e+003
0.642000 1.273453e+003
0.644000 1.272634e+003
0.646000 1.271796e+003
0.648000 1.270938e+003
0.650000 1.270059e+003
0.652000 1.269161e+003
0.654000 1.268243e+003
0.656000 1.267306e+003
0.658000 1.266349e+003
0.660000 1.265372e+003
0.662000 1.264376e+003
0.664000 1.263361e+003
0.666000 1.262327e+003
0.668000 1.261273e+003
0.670000 1.260200e+003
0.672000 1.259108e+003
0.674000 1.257998e+003
0.676000 1.256868e+003
0.678000 1.255720e+003
0.680000 1.254553e+003
0.682000 1.253368e+003
0.684000 1.252164e+003
0.686000 1.250941e+003
0.688000 1.249701e+003
0.690000 1.248442e+003
0.692000 1.247164e+003
0.694000 1.245869e+003
0.696000 1.244556e+003
0.698000 1.243225e+003
0.700000 1.241876e+003
0.702000 1.240509e+003
0.704000 1.239125e+003
0.706000 1.237723e+003
0.708000 1.236303e+003
0.710000 1.234867e+003
0.712000 1.233413e+003
0.714000 1.231941e+003
0.716000 1.230453e+003
0.718000 1.228947e+003
0.720000 1.227425e+003
0.722000 1.225886e+003
0.724000 1.224330e+003
0.726000 1.222757e+003
0.728000 1.221168e+003
0.730000 1.219563e+003
0.732000 1.217941e+003
0.734000 1.216302e+003
0.736000 1.214648e+003
0.738000 1.212977e+003
0.740000 1.211291e+003
0.742000 1.209588e+003
0.744000 1.207870e+003
0.746000 1.206136e+003
0.748000 1.204386e+003
0.750000 1.202621e+003
0.752000 1.200840e+003
0.754000 1.199044e+003
0.756000 1.197233e+003
0.758000 1.195407e+003
0.760000 1.193566e+003
0.762000 1.191709e+003
0.764000 1.189838e+003
0.766000 1.187953e+003
0.768000 1.186052e+003
0.770000 1.184137e+003
0.772000 1.182208e+003
0.774000 1.180264e+003
0.776000 1.178306e+003
0.778000 1.176334e+003
0.780000 1.174348e+003
0.782000 1.172348e+003
0.784000 1.170334e+003
0.786000 1.168306e+003
0.788000 1.166265e+003
0.790000 1.164210e+003
0.792000 1.162142e+003
0.794000 1.160061e+003
0.796000 1.157966e+003
0.798000 1.155859e+003
0.800000 1.153738e+003
0.802000 1.151604e+003
0.804000 1.149458e+003
0.806000 1.147299e+003
0.808000 1.145128e+003
0.810000 1.142944e+003
0.812000 1.140748e+003
0.814000 1.138539e+003
0.816000 1.136319e+003
0.818000 1.134086e+003
0.820000 1.131842e+003
0.822000 1.129585e+003
0.824000 1.127318e+003
0.826000 1.125038e+003
0.828000 1.122747e+003
0.830000 1.120445e+003
0.832000 1.118132e+003
0.834000 1.115807e+003
0.836000 1.113472e+003
0.838000 1.111125e+003
0.840000 1.108768e+003
0.842000 1.106400e+003
0.844000 1.104022e+003
0.846000 1.101633e+003
0.848000 1.099234e+003
0.850000 1.096825e+003
0.852000 1.094406e+003
0.854000 1.091976e+003
0.856000 1.089537e+003
0.858000 1.087089e+003
0.860000 1.084630e+003
0.862000 1.082162e+003
0.864000 1.079685e+003
0.866000 1.077198e+003
0.868000 1.074703e+003
0.870000 1.072198e+003
0.872000 1.069684e+003
0.874000 1.067162e+003
0.876000 1.064631e+003
0.878000 1.062091e+003
0.880000 1.059543e+003
0.882000 1.056987e+003
0.884000 1.054422e+003
0.886000 1.051850e+003
0.888000 1.049269e+003
0.890000 1.046681e+003
0.892000 1.044085e+003
0.894000 1.041481e+003
0.896000 1.038870e+003
0.898000 1.036252e+003
0.900000 1.033626e+003
0.902000 1.030993e+003
0.904000 1.028354e+003
0.906000 1.025707e+003
0.908000 1.023054e+003
0.910000 1.020394e+003
0.912000 1.017728e+003
0.914000 1.015055e+003
0.916000 1.012376e+003
0.918000 1.009691e+003
0.920000 1.007000e+003
0.922000 1.004303e+003
0.924000 1.001600e+003
0.926000 9.988920e+002
0.928000 9.961782e+002
0.930000 9.934590e+002
0.932000 9.907346e+002
0.934000 9.880051e+002
0.936000 9.852706e+002
0.938000 9.825312e+002
0.940000 9.797870e+002
0.942000 9.770382e+002
0.944000 9.742849e+002
0.946000 9.715272e+002
0.948000 9.687653e+002
0.950000 9.659992e+002
0.952000 9.632291e+002
0.954000 9.604551e+002
0.956000 9.576774e+002
0.958000 9.548960e+002
0.960000 9.521111e+002
0.962000 9.493228e+002
0.964000 9.465313e+002
0.966000 9.437366e+002
0.968000 9.409389e+002
0.970000 9.381383e+002
0.972000 9.353349e+002
0.974000 9.325289e+002
0.976000 9.297203e+002
0.978000 9.269093e+002
0.980000 9.240961e+002
0.982000 9.212807e+002
0.984000 9.184633e+002
0.986000 9.156439e+002
0.988000 9.128228e+002
0.990000 9.100000e+002
0.992000 9.071756e+002
0.994000 9.043498e+002
0.996000 9.015228e+002
0.998000 8.986945e+002
1.000000 8.958652e+002
1.002000 8.930349e+002
1.004000 8.902038e+002
1.006000 8.873721e+002
1.008000 8.845397e+002
1.010000 8.817069e+002
1.012000 8.788738e+002
1.014000 8.760404e+002
1.016000 8.732069e+002
1.018000 8.703735e+002
1.020000 8.675402e+002
1.022000 8.647071e+002
1.024000 8.618745e+002
1.026000 8.590423e+002
1.028000 8.562107e+002
1.030000 8.533799e+002
1.032000 8.505499e+002
1.034000 8.477208e+002
1.036000 8.448929e+002
1.038000 8.420661e+002
1.040000 8.392406e+002
1.042000 8.364166e+002
1.044000 8.335940e+002
1.046000 8.307732e+002
1.048000 8.279541e+002
1.050000 8.251368e+002
1.052000 8.223216e+002
1.054000 8.195085e+002
1.056000 8.166975e+002
1.058000 8.138889e+002
1.060000 8.110827e+002
1.062000 8.082791e+002
1.064000 8.054781e+002
1.066000 8.026799e+002
1.068000 7.998846e+002
1.070000 7.970922e+002
1.072000 7.943029e+002
1.074000 7.915168e+002
1.076000 7.887340e+002
1.078000 7.859546e+002
1.080000 7.831788e+002
1.082000 7.804065e+002
1.084000 7.776379e+002
1.086000 7.748732e+002
1.088000 7.721124e+002
1.090000 7.693557e+002
1.092000 7.666030e+002
1.094000 7.638546e+002
1.096000 7.611106e+002
1.098000 7.583709e+002
1.100000 7.556358e+002
1.102000 7.529053e+002
1.104000 7.501796e+002
1.106000 7.474587e+002
1.108000 7.447427e+002
1.110000 7.420317e+002
1.112000 7.393258e+002
1.114000 7.366251e+002
1.116000 7.339298e+002
1.118000 7.312398e+002
1.120000 7.285553e+002
1.122000 7.258764e+002
1.124000 7.232032e+002
1.126000 7.205357e+002
1.128000 7.178741e+002
1.130000 7.152184e+002
1.132000 7.125688e+002
1.134000 7.099252e+002
1.136000 7.072879e+002
1.138000 7.046568e+002
1.140000 7.020322e+002
1.142000 6.994139e+002
1.144000 6.968022e+002
1.146000 6.941972e+002
1.148000 6.915988e+002
1.150000 6.890072e+002
1.152000 6.864225e+002
1.154000 6.838448e+002
1.156000 6.812740e+002
1.158000 6.787104e+002
1.160000 6.761539e+002
1.162000 6.736047e+002
1.164000 6.710628e+002
1.166000 6.685283e+002
1.168000 6.660013e+002
1.170000 6.634819e+002
1.172000 6.609700e+002
1.174000 6.584659e+002
1.176000 6.559695e+002
1.178000 6.534810e+002
1.180000 6.510003e+002
1.182000 6.485277e+002
1.184000 6.460630e+002
1.186000 6.436065e+002
1.188000 6.411581e+002
1.190000 6.387180e+002
1.192000 6.362862e+002
1.194000 6.338627e+002
1.196000 6.314476e+002
1.198000 6.290411e+002
1.200000 6.266430e+002
1.202000 6.242536e+002
1.204000 6.218728e+002
1.206000 6.195007e+002
1.208000 6.171374e+002
1.210000 6.147829e+002
1.212000 6.124373e+002
1.214000 6.101006e+002
1.216000 6.077729e+002
1.218000 6.054543e+002
1.220000 6.031447e+002
1.222000 6.008443e+002
1.224000 5.985530e+002
1.226000 5.962710e+002
1.228000 5.939983e+002
1.230000 5.917349e+002
1.232000 5.894809e+002
1.234000 5.872363e+002
1.236000 5.850011e+002
1.238000 5.827754e+002
1.240000 5.805593e+002
1.242000 5.783528e+002
1.244000 5.761559e+002
1.246000 5.739687e+002
1.248000 5.717911e+002
1.250000 5.696233e+002
1.252000 5.674653e+002
1.254000 5.653171e+002
1.256000 5.631787e+002
1.258000 5.610503e+002
1.260000 5.589317e+002
1.262000 5.568230e+002
1.264000 5.547244e+002
1.266000 5.526357e+002
1.268000 5.505571e+002
1.270000 5.484885e+002
1.272000 5.464300e+002
1.274000 5.443816e+002
1.276000 5.423434e+002
1.278000 5.403153e+002
1.280000 5.382974e+002
1.282000 5.362898e+002
1.284000 5.342923e+002
1.286000 5.323051e+002
1.288000 5.303282e+002
1.290000 5.283616e+002
1.292000 5.264052e+002
1.294000 5.244592e+002
1.296000 5.225236e+002
1.298000 5.205983e+002
1.300000 5.186833e+002
1.302000 5.167788e+002
1.304000 5.148847e+002
1.306000 5.130009e+002
1.308000 5.111276e+002
1.310000 5.092648e+002
1.312000 5.074123e+002
1.314000 5.055704e+002
1.316000 5.037389e+002
1.318000 5.019178e+002
1.320000 5.001073e+002
1.322000 4.983072e+002
1.324000 4.965176e+002
1.326000 4.947385e+002
1.328000 4.929699e+002
1.330000 4.912117e+002
1.332000 4.894641e+002
1.334000 4.877270e+002
1.336000 4.860004e+002
1.338000 4.842842e+002
1.340000 4.825786e+002
1.342000 4.808835e+002
1.344000 4.791988e+002
1.346000 4.775247e+002
1.348000 4.758610e+002
1.350000 4.742078e+002
1.352000 4.725651e+002
1.354000 4.709328e+002
1.356000 4.693110e+002
1.358000 4.676997e+002
1.360000 4.660988e+002
1.362000 4.645083e+002
1.364000 4.629282e+002
1.366000 4.613586e+002
1.368000 4.597993e+002
1.370000 4.582504e+002
1.372000 4.567120e+002
1.374000 4.551838e+002
1.376000 4.536660e+002
1.378000 4.521586e+002
1.380000 4.506614e+002
1.382000 4.491746e+002
1.384000 4.476980e+002
1.386000 4.462317e+002
1.388000 4.447757e+002
1.390000 4.433298e+002
1.392000 4.418942e+002
1.394000 4.404688e+002
1.396000 4.390535e+002
1.398000 4.376484e+002
1.400000 4.362534e+002
1.402000 4.348684e+002
1.404000 4.334936e+002
1.406000 4.321288e+002
1.408000 4.307741e+002
1.410000 4.294294e+002
1.412000 4.280946e+002
1.414000 4.267698e+002
1.416000 4.254549e+002
1.418000 4.241499e+002
1.420000 4.228548e+002
1.422000 4.215696e+002
1.424000 4.202941e+002
1.426000 4.190285e+002
1.428000 4.177726e+002
1.430000 4.165264e+002
1.432000 4.152899e+002
1.434000 4.140631e+002
1.436000 4.128460e+002
1.438000 4.116384e+002
1.440000 4.104404e+002
1.442000 4.092520e+002
1.444000 4.080730e+002
1.446000 4.069036e+002
1.448000 4.057435e+002
1.450000 4.045929e+002
1.452000 4.034517e+002
1.454000 4.023197e+002
1.456000 4.011971e+002
1.458000 4.000838e+002
1.460000 3.989797e+002
1.462000 3.978847e+002
1.464000 3.967989e+002
1.466000 3.957223e+002
1.468000 3.946547e+002
1.470000 3.935961e+002
1.472000 3.925466e+002
1.474000 3.915060e+002
1.476000 3.904744e+002
1.478000 3.894516e+002
1.480000 3.884377e+002
1.482000 3.874326e+002
1.484000 3.864362e+002
1.486000 3.854486e+002
1.488000 3.844696e+002
1.490000 3.834993e+002
1.492000 3.825376e+002
1.494000 3.815845e+002
1.496000 3.806399e+002
1.498000 3.797037e+002
1.500000 3.787760e+002
1.502000 3.778567e+002
1.504000 3.769457e+002
1.506000 3.760431e+002
1.508000 3.751487e+002
1.510000 3.742625e+002
1.512000 3.733845e+002
1.514000 3.725146e+002
1.516000 3.716528e+002
1.518000 3.707991e+002
1.520000 3.699533e+002
1.522000 3.691155e+002
1.524000 3.682857e+002
1.526000 3.674636e+002
1.528000 3.666494e+002
1.530000 3.658430e+002
1.532000 3.650443e+002
1.534000 3.642533e+002
1.536000 3.634700e+002
1.538000 3.626942e+002
1.540000 3.619260e+002
1.542000 3.611652e+002
1.544000 3.604120e+002
1.546000 3.596661e+002
1.548000 3.589276e+002
1.550000 3.581964e+002
1.552000 3.574725e+002
1.554000 3.567558e+002
1.556000 3.560463e+002
1.558000 3.553440e+002
1.560000 3.546487e+002
1.562000 3.539604e+002
1.564000 3.532792e+002
1.566000 3.526049e+002
1.568000 3.519375e+002
1.570000 3.512769e+002
1.572000 3.506232e+002
1.574000 3.499762e+002
1.576000 3.493359e+002
1.578000 3.487023e+002
1.580000 3.480753e+002
1.582000 3.474549e+002
1.584000 3.468411e+002
1.586000 3.462337e+002
1.588000 3.456327e+002
1.590000 3.450381e+002
1.592000 3.444499e+002
1.594000 3.438679e+002
1.596000 3.432922e+002
1.598000 3.427227e+002
1.600000 3.421594e+002
1.602000 3.416021e+002
1.604000 3.410510e+002
1.606000 3.405058e+002
1.608000 3.399666e+002
1.610000 3.394334e+002
1.612000 3.389060e+002
1.614000 3.383844e+002
1.616000 3.378687e+002
1.618000 3.373587e+002
1.620000 3.368543e+002
1.622000 3.363557e+002
1.624000 3.358626e+002
1.626000 3.353751e+002
1.628000 3.348931e+002
1.630000 3.344165e+002
1.632000 3.339454e+002
1.634000 3.334797e+002
1.636000 3.330193e+002
1.638000 3.325642e+002
1.640000 3.321144e+002
1.642000 3.316697e+002
1.644000 3.312302e+002
1.646000 3.307958e+002
1.648000 3.303665e+002
1.650000 3.299422e+002
1.652000 3.295229e+002
1.654000 3.291085e+002
1.656000 3.286990e+002
1.658000 3.282944e+002
1.660000 3.278946e+002
1.662000 3.274995e+002
1.664000 3.271092e+002
1.666000 3.267236e+002
1.668000 3.263426e+002
1.670000 3.259662e+002
1.672000 3.255943e+002
1.674000 3.252270e+002
1.676000 3.248641e+002
1.678000 3.245056e+002
1.680000 3.241516e+002
1.682000 3.238019e+002
1.684000 3.234565e+002
1.686000 3.231153e+002
1.688000 3.227784e+002
1.690000 3.224457e+002
1.692000 3.221171e+002
1.694000 3.217927e+002
1.696000 3.214723e+002
1.698000 3.211559e+002
1.700000 3.208435e+002
1.702000 3.205350e+002
1.704000 3.202305e+002
1.706000 3.199298e+002
1.708000 3.196330e+002
1.710000 3.193400e+002
1.712000 3.190507e+002
1.714000 3.187651e+002
1.716000 3.184832e+002
1.718000 3.182050e+002
1.720000 3.179304e+002
1.722000 3.176593e+002
1.724000 3.173917e+002
1.726000 3.171277e+002
1.728000 3.168671e+002
1.730000 3.166100e+002
1.732000 3.163562e+002
1.734000 3.161058e+002
1.736000 3.158587e+002
1.738000 3.156149e+002
1.740000 3.153743e+002
1.742000 3.151370e+002
1.744000 3.149028e+002
1.746000 3.146718e+002
1.748000 3.144438e+002
1.750000 3.142190e+002
1.752000 3.139972e+002
1.754000 3.137784e+002
1.756000 3.135626e+002
1.758000 3.133497e+002
1.760000 3.131397e+002
1.762000 3.129327e+002
1.764000 3.127284e+002
1.766000 3.125270e+002
1.768000 3.123284e+002
1.770000 3.121325e+002
1.772000 3.119393e+002
1.774000 3.117488e+002
1.776000 3.115610e+002
1.778000 3.113758e+002
1.780000 3.111933e+002
1.782000 3.110132e+002
1.784000 3.108358e+002
1.786000 3.106608e+002
1.788000 3.104883e+002
1.790000 3.103183e+002
1.792000 3.101507e+002
1.794000 3.099854e+002
1.796000 3.098226e+002
1.798000 3.096621e+002
1.800000 3.095039e+002
1.802000 3.093479e+002
1.804000 3.091943e+002
1.806000 3.090428e+002
1.808000 3.088936e+002
1.810000 3.087465e+002
1.812000 3.086016e+002
1.814000 3.084588e+002
1.816000 3.083181e+002
1.818000 3.081795e+002
1.820000 3.080429e+002
1.822000 3.079084e+002
1.824000 3.077758e+002
1.826000 3.076452e+002
1.828000 3.075166e+002
1.830000 3.073898e+002
1.832000 3.072650e+002
1.834000 3.071420e+002
1.836000 3.070209e+002
1.838000 3.069016e+002
1.840000 3.067841e+002
1.842000 3.066684e+002
1.844000 3.065545e+002
1.846000 3.064423e+002
1.848000 3.063318e+002
1.850000 3.062229e+002
1.852000 3.061158e+002
1.854000 3.060103e+002
1.856000 3.059064e+002
1.858000 3.058041e+002
1.860000 3.057034e+002
1.862000 3.056043e+002
1.864000 3.055067e+002
1.866000 3.054106e+002
1.868000 3.053161e+002
1.870000 3.052230e+002
1.872000 3.051313e+002
1.874000 3.050411e+002
1.876000 3.049524e+002
1.878000 3.048650e+002
1.880000 3.047790e+002
1.882000 3.046944e+002
1.884000 3.046111e+002
1.886000 3.045291e+002
1.888000 3.044485e+002
1.890000 3.043691e+002
1.892000 3.042910e+002
1.894000 3.042142e+002
1.896000 3.041386e+002
1.898000 3.040642e+002
1.900000 3.039911e+002
1.902000 3.039191e+002
1.904000 3.038483e+002
1.906000 3.037786e+002
1.908000 3.037101e+002
1.910000 3.036427e+002
1.912000 3.035764e+002
1.914000 3.035112e+002
1.916000 3.034471e+002
1.918000 3.033840e+002
1.920000 3.033220e+002
1.922000 3.032609e+002
1.924000 3.032010e+002
1.926000 3.031420e+002
1.928000 3.030840e+002
1.930000 3.030269e+002
1.932000 3.029708e+002
1.934000 3.029157e+002
1.936000 3.028615e+002
1.938000 3.028082e+002
1.940000 3.027558e+002
1.942000 3.027043e+002
1.944000 3.026536e+002
1.946000 3.026038e+002
1.948000 3.025549e+002
1.950000 3.025068e+002
1.952000 3.024596e+002
1.954000 3.024131e+002
1.956000 3.023674e+002
1.958000 3.023225e+002
1.960000 3.022784e+002
1.962000 3.022351e+002
1.964000 3.021925e+002
1.966000 3.021507e+002
1.968000 3.021095e+002
1.970000 3.020691e+002
1.972000 3.020294e+002
1.974000 3.019904e+002
1.976000 3.019521e+002
1.978000 3.019145e+002
1.980000 3.018775e+002
1.982000 3.018411e+002
1.984000 3.018054e+002
1.986000 3.017704e+002
1.988000 3.017360e+002
1.990000 3.017021e+002
1.992000 3.016689e+002
1.994000 3.016363e+002
1.996000 3.016042e+002
1.998000 3.015728e+002
2.000000 3.015419e+002
2.002000 3.015115e+002
2.004000 3.014817e+002
2.006000 3.014524e+002
2.008000 3.014237e+002
2.010000 3.013955e+002
2.012000 3.013678e+002
2.014000 3.013406e+002
2.016000 3.013139e+002
2.018000 3.012877e+002
2.020000 3.012620e+002
2.022000 3.012367e+002
2.024000 3.012119e+002
2.026000 3.011876e+002
2.028000 3.011637e+002
2.030000 3.011403e+002
2.032000 3.011172e+002
2.034000 3.010947e+002
2.036000 3.010725e+002
2.038000 3.010508e+002
2.040000 3.010294e+002
2.042000 3.010085e+002
2.044000 3.009879e+002
2.046000 3.009677e+002
2.048000 3.009480e+002
2.050000 3.009285e+002
2.052000 3.009095e+002
2.054000 3.008908e+002
2.056000 3.008725e+002
2.058000 3.008545e+002
2.060000 3.008369e+002
2.062000 3.008196e+002
2.064000 3.008026e+002
2.066000 3.007859e+002
2.068000 3.007696e+002
2.070000 3.007536e+002
2.072000 3.007379e+002
2.074000 3.007225e+002
2.076000 3.007074e+002
2.078000 3.006926e+002
2.080000 3.006780e+002
2.082000 3.006638e+002
2.084000 3.006498e+002
2.086000 3.006361e+002
2.088000 3.006227e+002
2.090000 3.006095e+002
2.092000 3.005966e+002
2.094000 3.005840e+002
2.096000 3.005715e+002
2.098000 3.005594e+002
2.100000 3.005475e+002
2.102000 3.005358e+002
2.104000 3.005243e+002
2.106000 3.005131e+002
2.108000 3.005021e+002
2.110000 3.004913e+002
2.112000 3.004807e+002
2.114000 3.004704e+002
2.116000 3.004602e+002
2.118000 3.004503e+002
2.120000 3.004405e+002
2.122000 3.004310e+002
2.124000 3.004216e+002
2.126000 3.004125e+002
2.128000 3.004035e+002
2.130000 3.003947e+002
2.132000 3.003861e+002
2.134000 3.003776e+002
2.136000 3.003693e+002
2.138000 3.003612e+002
2.140000 3.003533e+002
2.142000 3.003455e+002
2.144000 3.003379e+002
2.146000 3.003304e+002
2.148000 3.003231e+002
2.150000 3.003160e+002
2.152000 3.003090e+002
2.154000 3.003021e+002
2.156000 3.002954e+002
2.158000 3.002888e+002
2.160000 3.002824e+002
2.162000 3.002761e+002
2.164000 3.002699e+002
2.166000 3.002638e+002
2.168000 3.002579e+002
2.170000 3.002521e+002
2.172000 3.002464e+002
2.174000 3.002409e+002
2.176000 3.002354e+002
2.178000 3.002301e+002
2.180000 3.002249e+002
2.182000 3.002198e+002
2.184000 3.002148e+002
2.186000 3.002099e+002
2.188000 3.002051e+002
2.190000 3.002005e+002
2.192000 3.001959e+002
2.194000 3.001914e+002
2.196000 3.001870e+002
2.198000 3.001827e+002
2.200000 3.001785e+002
2.202000 3.001744e+002
2.204000 3.001704e+002
2.206000 3.001665e+002
2.208000 3.001626e+002
2.210000 3.001588e+002
2.212000 3.001552e+002
2.214000 3.001516e+002
2.216000 3.001480e+002
2.218000 3.001446e+002
2.220000 3.001412e+002
2.222000 3.001379e+002
2.224000 3.001347e+002
2.226000 3.001315e+002
2.228000 3.001285e+002
2.230000 3.001254e+002
2.232000 3.001225e+002
2.234000 3.001196e+002
2.236000 3.001168e+002
2.238000 3.001140e+002
2.240000 3.001113e+002
2.242000 3.001087e+002
2.244000 3.001061e+002
2.246000 3.001036e+002
2.248000 3.001011e+002
2.250000 3.000987e+002
2.252000 3.000964e+002
2.254000 3.000941e+002
2.256000 3.000918e+002
2.258000 3.000896e+002
2.260000 3.000875e+002
2.262000 3.000854e+002
2.264000 3.000833e+002
2.266000 3.000813e+002
2.268000 3.000793e+002
2.270000 3.000774e+002
2.272000 3.000755e+002
2.274000 3.000737e+002
2.276000 3.000719e+002
2.278000 3.000702e+002
2.280000 3.000685e+002
2.282000 3.000668e+002
2.284000 3.000652e+002
2.286000 3.000636e+002
2.288000 3.000620e+002
2.290000 3.000605e+002
2.292000 3.000590e+002
2.294000 3.000576e+002
2.296000 3.000562e+002
2.298000 3.000548e+002
2.300000 3.000534e+002
2.302000 3.000521e+002
2.304000 3.000508e+002
2.306000 3.000496e+002
2.308000 3.000483e+002
2.310000 3.000471e+002
2.312000 3.000460e+002
2.314000 3.000448e+002
2.316000 3.000437e+002
2.318000 3.000426e+002
2.320000 3.000415e+002
2.322000 3.000405e+002
2.324000 3.000395e+002
2.326000 3.000385e+002
2.328000 3.000375e+002
2.330000 3.000366e+002
2.332000 3.000357e+002
2.334000 3.000348e+002
2.336000 3.000339e+002
2.338000 3.000330e+002
2.340000 3.000322e+002
2.342000 3.000314e+002
2.344000 3.000306e+002
2.346000 3.000298e+002
2.348000 3.000290e+002
2.350000 3.000283e+002
2.352000 3.000276e+002
2.354000 3.000269e+002
2.356000 3.000262e+002
2.358000 3.000255e+002
2.360000 3.000249e+002
2.362000 3.000242e+002
2.364000 3.000236e+002
2.366000 3.000230e+002
2.368000 3.000224e+002
2.370000 3.000218e+002
2.372000 3.000212e+002
2.374000 3.000207e+002
2.376000 3.000202e+002
2.378000 3.000196e+002
2.380000 3.000191e+002
2.382000 3.000186e+002
2.384000 3.000181e+002
2.386000 3.000177e+002
2.388000 3.000172e+002
2.390000 3.000168e+002
2.392000 3.000163e+002
2.394000 3.000159e+002
2.396000 3.000155e+002
2.398000 3.000151e+002
2.400000 3.000147e+002
2.402000 3.000143e+002
2.404000 3.000139e+002
2.406000 3.000135e+002
2.408000 3.000132e+002
2.410000 3.000128e+002
2.412000 3.000125e+002
2.414000 3.000122e+002
2.416000 3.000118e+002
2.418000 3.000115e+002
2.420000 3.000112e+002
2.422000 3.000109e+002
2.424000 3.000106e+002
2.426000 3.000103e+002
2.428000 3.000101e+002
2.430000 3.000098e+002
2.432000 3.000095e+002
2.434000 3.000093e+002
2.436000 3.000090e+002
2.438000 3.000088e+002
2.440000 3.000085e+002
2.442000 3.000083e+002
2.444000 3.000081e+002
2.446000 3.000079e+002
2.448000 3.000076e+002
2.450000 3.000074e+002
2.452000 3.000072e+002
2.454000 3.000070e+002
2.456000 3.000068e+002
2.458000 3.000067e+002
2.460000 3.000065e+002
2.462000 3.000063e+002
2.464000 3.000061e+002
2.466000 3.000060e+002
2.468000 3.000058e+002
2.470000 3.000056e+002
2.472000 3.000055e+002
2.474000 3.000053e+002
2.476000 3.000052e+002
2.478000 3.000050e+002
2.480000 3.000049e+002
2.482000 3.000048e+002
2.484000 3.000046e+002
2.486000 3.000045e+002
2.488000 3.000044e+002
2.490000 3.000043e+002
2.492000 3.000041e+002
2.494000 3.000040e+002
2.496000 3.000039e+002
2.498000 3.000038e+002
2.500000 3.000037e+002
2.502000 3.000036e+002
2.504000 3.000035e+002
2.506000 3.000034e+002
2.508000 3.000033e+002
2.510000 3.000032e+002
2.512000 3.000031e+002
2.514000 3.000030e+002
2.516000 3.000029e+002
2.518000 3.000029e+002
2.520000 3.000028e+002
2.522000 3.000027e+002
2.524000 3.000026e+002
2.526000 3.000025e+002
2.528000 3.000025e+002
2.530000 3.000024e+002
2.532000 3.000023e+002
2.534000 3.000023e+002
2.536000 3.000022e+002
2.538000 3.000021e+002
2.540000 3.000021e+002
2.542000 3.000020e+002
2.544000 3.000020e+002
2.546000 3.000019e+002
2.548000 3.000018e+002
2.550000 3.000018e+002
2.552000 3.000017e+002
2.554000 3.000017e+002
2.556000 3.000016e+002
2.558000 3.000016e+002
2.560000 3.000015e+002
2.562000 3.000015e+002
2.564000 3.000015e+002
2.566000 3.000014e+002
2.568000 3.000014e+002
2.570000 3.000013e+002
2.572000 3.000013e+002
2.574000 3.000013e+002
2.576000 3.000012e+002
2.578000 3.000012e+002
2.580000 3.000011e+002
2.582000 3.000011e+002
2.584000 3.000011e+002
2.586000 3.000011e+002
2.588000 3.000010e+002
2.590000 3.000010e+002
2.592000 3.000010e+002
2.594000 3.000009e+002
2.596000 3.000009e+002
2.598000 3.000009e+002
2.600000 3.000009e+002
2.602000 3.000008e+002
2.604000 3.000008e+002
2.606000 3.000008e+002
2.608000 3.000008e+002
2.610000 3.000007e+002
2.612000 3.000007e+002
2.614000 3.000007e+002
2.616000 3.000007e+002
2.618000 3.000006e+002
2.620000 3.000006e+002
2.622000 3.000006e+002
2.624000 3.000006e+002
2.626000 3.000006e+002
2.628000 3.000006e+002
2.630000 3.000005e+002
2.632000 3.000005e+002
2.634000 3.000005e+002
2.636000 3.000005e+002
2.638000 3.000005e+002
2.640000 3.000005e+002
2.642000 3.000004e+002
2.644000 3.000004e+002
2.646000 3.000004e+002
2.648000 3.000004e+002
2.650000 3.000004e+002
2.652000 3.000004e+002
2.654000 3.000004e+002
2.656000 3.000004e+002
2.658000 3.000003e+002
2.660000 3.000003e+002
2.662000 3.000003e+002
2.664000 3.000003e+002
2.666000 3.000003e+002
2.668000 3.000003e+002
2.670000 3.000003e+002
2.672000 3.000003e+002
2.674000 3.000003e+002
2.676000 3.000003e+002
2.678000 3.000003e+002
2.680000 3.000002e+002
2.682000 3.000002e+002
2.684000 3.000002e+002
2.686000 3.000002e+002
2.688000 3.000002e+002
2.690000 3.000002e+002
2.692000 3.000002e+002
2.694000 3.000002e+002
2.696000 3.000002e+002
2.698000 3.000002e+002
2.700000 3.000002e+002
2.702000 3.000002e+002
2.704000 3.000002e+002
2.706000 3.000002e+002
2.708000 3.000002e+002
2.710000 3.000002e+002
2.712000 3.000001e+002
2.714000 3.000001e+002
2.716000 3.000001e+002
2.718000 3.000001e+002
2.720000 3.000001e+002
2.722000 3.000001e+002
2.724000 3.000001e+002
2.726000 3.000001e+002
2.728000 3.000001e+002
2.730000 3.000001e+002
2.732000 3.000001e+002
2.734000 3.000001e+002
2.736000 3.000001e+002
2.738000 3.000001e+002
2.740000 3.000001e+002
2.742000 3.000001e+002
2.744000 3.000001e+002
2.746000 3.000001e+002
2.748000 3.000001e+002
2.750000 3.000001e+002
2.752000 3.000001e+002
2.754000 3.000001e+002
2.756000 3.000001e+002
2.758000 3.000001e+002
2.760000 3.000001e+002
2.762000 3.000001e+002
2.764000 3.000001e+002
2.766000 3.000001e+002
2.768000 3.000001e+002
2.770000 3.000001e+002
2.772000 3.000001e+002
2.774000 3.000001e+002
2.776000 3.000001e+002
2.778000 3.000001e+002
2.780000 3.000000e+002
2.782000 3.000000e+002
2.784000 3.000000e+002
2.786000 3.000000e+002
2.788000 3.000000e+002
2.790000 3.000000e+002
2.792000 3.000000e+002
2.794000 3.000000e+002
2.796000 3.000000e+002
2.798000 3.000000e+002
2.800000 3.000000e+002
2.802000 3.000000e+002
2.804000 3.000000e+002
2.806000 3.000000e+002
2.808000 3.000000e+002
2.810000 3.000000e+002
2.812000 3.000000e+002
2.814000 3.000000e+002
2.816000 3.000000e+002
2.818000 3.000000e+002
2.820000 3.000000e+002
2.822000 3.000000e+002
2.824000 3.000000e+002
2.826000 3.000000e+002
2.828000 3.000000e+002
2.830000 3.000000e+002
2.832000 3.000000e+002
2.834000 3.000000e+002
2.836000 3.000000e+002
2.838000 3.000000e+002
2.840000 3.000000e+002
2.842000 3.000000e+002
2.844000 3.000000e+002
2.846000 3.000000e+002
2.848000 3.000000e+002
2.850000 3.000000e+002
2.852000 3.000000e+002
2.854000 3.000000e+002
2.856000 3.000000e+002
2.858000 3.000000e+002
2.860000 3.000000e+002
2.862000 3.000000e+002
2.864000 3.000000e+002
2.866000 3.000000e+002
2.868000 3.000000e+002
2.870000 3.000000e+002
2.872000 3.000000e+002
2.874000 3.000000e+002
2.876000 3.000000e+002
2.878000 3.000000e+002
2.880000 3.000000e+002
2.882000 3.000000e+002
2.884000 3.000000e+002
2.886000 3.000000e+002
2.888000 3.000000e+002
2.890000 3.000000e+002
2.892000 3.000000e+002
2.894000 3.000000e+002
2.896000 3.000000e+002
2.898000 3.000000e+002
2.900000 3.000000e+002
2.902000 3.000000e+002
2.904000 3.000000e+002
2.906000 3.000000e+002
2.908000 3.000000e+002
2.910000 3.000000e+002
2.912000 3.000000e+002
2.914000 3.000000e+002
2.916000 3.000000e+002
2.918000 3.000000e+002
2.920000 3.000000e+002
2.922000 3.000000e+002
2.924000 3.000000e+002
2.926000 3.000000e+002
2.928000 3.000000e+002
2.930000 3.000000e+002
2.932000 3.000000e+002
2.934000 3.000000e+002
2.936000 3.000000e+002
2.938000 3.000000e+002
2.940000 3.000000e+002
2.942000 3.000000e+002
2.944000 3.000000e+002
2.946000 3.000000e+002
2.948000 3.000000e+002
2.950000 3.000000e+002
2.952000 3.000000e+002
2.954000 3.000000e+002
2.956000 3.000000e+002
2.958000 3.000000e+002
2.960000 3.000000e+002
2.962000 3.000000e+002
2.964000 3.000000e+002
2.966000 3.000000e+002
2.968000 3.000000e+002
2.970000 3.000000e+002
2.972000 3.000000e+002
2.974000 3.000000e+002
2.976000 3.000000e+002
2.978000 3.000000e+002
2.980000 3.000000e+002
2.982000 3.000000e+002
2.984000 3.000000e+002
2.986000 3.000000e+002
2.988000 3.000000e+002
2.990000 3.000000e+002
2.992000 3.000000e+002
2.994000 3.000000e+002
2.996000 3.000000e+002
2.998000 3.000000e+002
3.000000 3.000000e+002
3.002000 3.000000e+002
3.004000 3.000000e+002
3.006000 3.000000e+002
3.008000 3.000000e+002
3.010000 3.000000e+002
3.012000 3.000000e+002
3.014000 3.000000e+002
3.016000 3.000000e+002
3.018000 3.000000e+002
3.020000 3.000000e+002
3.022000 3.000000e+002
3.024000 3.000000e+002
3.026000 3.000000e+002
3.028000 3.000000e+002
3.030000 3.000000e+002
3.032000 3.000000e+002
3.034000 3.000000e+002
3.036000 3.000000e+002
3.038000 3.000000e+002
3.040000 3.000000e+002
3.042000 3.000000e+002
3.044000 3.000000e+002
3.046000 3.000000e+002
3.048000 3.000000e+002
3.050000 3.000000e+002
3.052000 3.000000e+002
3.054000 3.000000e+002
3.056000 3.000000e+002
3.058000 3.000000e+002
3.060000 3.000000e+002
3.062000 3.000000e+002
3.064000 3.000000e+002
3.066000 3.000000e+002
3.068000 3.000000e+002
3.070000 3.000000e+002
3.072000 3.000000e+002
3.074000 3.000000e+002
3.076000 3.000000e+002
3.078000 3.000000e+002
3.080000 3.000000e+002
3.082000 3.000000e+002
3.084000 3.000000e+002
3.086000 3.000000e+002
3.088000 3.000000e+002
3.090000 3.000000e+002
3.092000 3.000000e+002
3.094000 3.000000e+002
3.096000 3.000000e+002
3.098000 3.000000e+002
3.100000 3.000000e+002
3.102000 3.000000e+002
3.104000 3.000000e+002
3.106000 3.000000e+002
3.108000 3.000000e+002
3.110000 3.000000e+002
3.112000 3.000000e+002
3.114000 3.000000e+002
3.116000 3.000000e+002
3.118000 3.000000e+002
3.120000 3.000000e+002
3.122000 3.000000e+002
3.124000 3.000000e+002
3.126000 3.000000e+002
3.128000 3.000000e+002
3.130000 3.000000e+002
3.132000 3.000000e+002
3.134000 3.000000e+002
3.136000 3.000000e+002
3.138000 3.000000e+002
3.140000 3.000000e+002
3.142000 3.000000e+002
3.144000 3.000000e+002
3.146000 3.000000e+002
3.148000 3.000000e+002
3.150000 3.000000e+002
3.152000 3.000000e+002
3.154000 3.000000e+002
3.156000 3.000000e+002
3.158000 3.000000e+002
3.160000 3.000000e+002
3.162000 3.000000e+002
3.164000 3.000000e+002
3.166000 3.000000e+002
3.168000 3.000000e+002
3.170000 3.000000e+002
3.172000 3.000000e+002
3.174000 3.000000e+002
3.176000 3.000000e+002
3.178000 3.000000e+002
3.180000 3.000000e+002
3.182000 3.000000e+002
3.184000 3.000000e+002
3.186000 3.000000e+002
3.188000 3.000000e+002
3.190000 3.000000e+002
3.192000 3.000000e+002
3.194000 3.000000e+002
3.196000 3.000000e+002
3.198000 3.000000e+002
3.200000 3.000000e+002
3.202000 3.000000e+002
3.204000 3.000000e+002
3.206000 3.000000e+002
3.208000 3.000000e+002
3.210000 3.000000e+002
3.212000 3.000000e+002
3.214000 3.000000e+002
3.216000 3.000000e+002
3.218000 3.000000e+002
3.220000 3.000000e+002
3.222000 3.000000e+002
3.224000 3.000000e+002
3.226000 3.000000e+002
3.228000 3.000000e+002
3.230000 3.000000e+002
3.232000 3.000000e+002
3.234000 3.000000e+002
3.236000 3.000000e+002
3.238000 3.000000e+002
3.240000 3.000000e+002
3.242000 3.000000e+002
3.244000 3.000000e+002
3.246000 3.000000e+002
3.248000 3.000000e+002
3.250000 3.000000e+002
3.252000 3.000000e+002
3.254000 3.000000e+002
3.256000 3.000000e+002
3.258000 3.000000e+002
3.260000 3.000000e+002
3.262000 3.000000e+002
3.264000 3.000000e+002
3.266000 3.000000e+002
3.268000 3.000000e+002
3.270000 3.000000e+002
3.272000 3.000000e+002
3.274000 3.000000e+002
3.276000 3.000000e+002
3.278000 3.000000e+002
3.280000 3.000000e+002
3.282000 3.000000e+002
3.284000 3.000000e+002
3.286000 3.000000e+002
3.288000 3.000000e+002
3.290000 3.000000e+002
3.292000 3.000000e+002
3.294000 3.000000e+002
3.296000 3.000000e+002
3.298000 3.000000e+002
3.300000 3.000000e+002
3.302000 3.000000e+002
3.304000 3.000000e+002
3.306000 3.000000e+002
3.308000 3.000000e+002
3.310000 3.000000e+002
3.312000 3.000000e+002
3.314000 3.000000e+002
3.316000 3.000000e+002
3.318000 3.000000e+002
3.320000 3.000000e+002
3.322000 3.000000e+002
3.324000 3.000000e+002
3.326000 3.000000e+002
3.328000 3.000000e+002
3.330000 3.000000e+002
3.332000 3.000000e+002
3.334000 3.000000e+002
3.336000 3.000000e+002
3.338000 3.000000e+002
3.340000 3.000000e+002
3.342000 3.000000e+002
3.344000 3.000000e+002
3.346000 3.000000e+002
3.348000 3.000000e+002
3.350000 3.000000e+002
3.352000 3.000000e+002
3.354000 3.000000e+002
3.356000 3.000000e+002
3.358000 3.000000e+002
3.360000 3.000000e+002
3.362000 3.000000e+002
3.364000 3.000000e+002
3.366000 3.000000e+002
3.368000 3.000000e+002
3.370000 3.000000e+002
3.372000 3.000000e+002
3.374000 3.000000e+002
3.376000 3.000000e+002
3.378000 3.000000e+002
3.380000 3.000000e+002
3.382000 3.000000e+002
3.384000 3.000000e+002
3.386000 3.000000e+002
3.388000 3.000000e+002
3.390000 3.000000e+002
3.392000 3.000000e+002
3.394000 3.000000e+002
3.396000 3.000000e+002
3.398000 3.000000e+002
3.400000 3.000000e+002
3.402000 3.000000e+002
3.404000 3.000000e+002
3.406000 3.000000e+002
3.408000 3.000000e+002
3.410000 3.000000e+002
3.412000 3.000000e+002
3.414000 3.000000e+002
3.416000 3.000000e+002
3.418000 3.000000e+002
3.420000 3.000000e+002
3.422000 3.000000e+002
3.424000 3.000000e+002
3.426000 3.000000e+002
3.428000 3.000000e+002
3.430000 3.000000e+002
3.432000 3.000000e+002
3.434000 3.000000e+002
3.436000 3.000000e+002
3.438000 3.000000e+002
3.440000 3.000000e+002
3.442000 3.000000e+002
3.444000 3.000000e+002
3.446000 3.000000e+002
3.448000 3.000000e+002
3.450000 3.000000e+002
3.452000 3.000000e+002
3.454000 3.000000e+002
3.456000 3.000000e+002
3.458000 3.000000e+002
3.460000 3.000000e+002
3.462000 3.000000e+002
3.464000 3.000000e+002
3.466000 3.000000e+002
3.468000 3.000000e+002
3.470000 3.000000e+002
3.472000 3.000000e+002
3.474000 3.000000e+002
3.476000 3.000000e+002
3.478000 3.000000e+002
3.480000 3.000000e+002
3.482000 3.000000e+002
3.484000 3.000000e+002
3.486000 3.000000e+002
3.488000 3.000000e+002
3.490000 3.000000e+002
3.492000 3.000000e+002
3.494000 3.000000e+002
3.496000 3.000000e+002
3.498000 3.000000e+002
3.500000 3.000000e+002
3.502000 3.000000e+002
3.504000 3.000000e+002
3.506000 3.000000e+002
3.508000 3.000000e+002
3.510000 3.000000e+002
3.512000 3.000000e+002
3.514000 3.000000e+002
3.516000 3.000000e+002
3.518000 3.000000e+002
3.520000 3.000000e+002
3.522000 3.000000e+002
3.524000 3.000000e+002
3.526000 3.000000e+002
3.528000 3.000000e+002
3.530000 3.000000e+002
3.532000 3.000000e+002
3.534000 3.000000e+002
3.536000 3.000000e+002
3.538000 3.000000e+002
3.540000 3.000000e+002
3.542000 3.000000e+002
3.544000 3.000000e+002
3.546000 3.000000e+002
3.548000 3.000000e+002
3.550000 3.000000e+002
3.552000 3.000000e+002
3.554000 3.000000e+002
3.556000 3.000000e+002
3.558000 3.000000e+002
3.560000 3.000000e+002
3.562000 3.000000e+002
3.564000 3.000000e+002
3.566000 3.000000e+002
3.568000 3.000000e+002
3.570000 3.000000e+002
3.572000 3.000000e+002
3.574000 3.000000e+002
3.576000 3.000000e+002
3.578000 3.000000e+002
3.580000 3.000000e+002
3.582000 3.000000e+002
3.584000 3.000000e+002
3.586000 3.000000e+002
3.588000 3.000000e+002
3.590000 3.000000e+002
3.592000 3.000000e+002
3.594000 3.000000e+002
3.596000 3.000000e+002
3.598000 3.000000e+002
3.600000 3.000000e+002
3.602000 3.000000e+002
3.604000 3.000000e+002
3.606000 3.000000e+002
3.608000 3.000000e+002
3.610000 3.000000e+002
3.612000 3.000000e+002
3.614000 3.000000e+002
3.616000 3.000000e+002
3.618000 3.000000e+002
3.620000 3.000000e+002
3.622000 3.000000e+002
3.624000 3.000000e+002
3.626000 3.000000e+002
3.628000 3.000000e+002
3.630000 3.000000e+002
3.632000 3.000000e+002
3.634000 3.000000e+002
3.636000 3.000000e+002
3.638000 3.000000e+002
3.640000 3.000000e+002
3.642000 3.000000e+002
3.644000 3.000000e+002
3.646000 3.000000e+002
3.648000 3.000000e+002
3.650000 3.000000e+002
3.652000 3.000000e+002
3.654000 3.000000e+002
3.656000 3.000000e+002
3.658000 3.000000e+002
3.660000 3.000000e+002
3.662000 3.000000e+002
3.664000 3.000000e+002
3.666000 3.000000e+002
3.668000 3.000000e+002
3.670000 3.000000e+002
3.672000 3.000000e+002
3.674000 3.000000e+002
3.676000 3.000000e+002
3.678000 3.000000e+002
3.680000 3.000000e+002
3.682000 3.000000e+002
3.684000 3.000000e+002
3.686000 3.000000e+002
3.688000 3.000000e+002
3.690000 3.000000e+002
3.692000 3.000000e+002
3.694000 3.000000e+002
3.696000 3.000000e+002
3.698000 3.000000e+002
3.700000 3.000000e+002
3.702000 3.000000e+002
3.704000 3.000000e+002
3.706000 3.000000e+002
3.708000 3.000000e+002
3.710000 3.000000e+002
3.712000 3.000000e+002
3.714000 3.000000e+002
3.716000 3.000000e+002
3.718000 3.000000e+002
3.720000 3.000000e+002
3.722000 3.000000e+002
3.724000 3.000000e+002
3.726000 3.000000e+002
3.728000 3.000000e+002
3.730000 3.000000e+002
3.732000 3.000000e+002
3.734000 3.000000e+002
3.736000 3.000000e+002
3.738000 3.000000e+002
3.740000 3.000000e+002
3.742000 3.000000e+002
3.744000 3.000000e+002
3.746000 3.000000e+002
3.748000 3.000000e+002
3.750000 3.000000e+002
3.752000 3.000000e+002
3.754000 3.000000e+002
3.756000 3.000000e+002
3.758000 3.000000e+002
3.760000 3.000000e+002
3.762000 3.000000e+002
3.764000 3.000000e+002
3.766000 3.000000e+002
3.768000 3.000000e+002
3.770000 3.000000e+002
3.772000 3.000000e+002
3.774000 3.000000e+002
3.776000 3.000000e+002
3.778000 3.000000e+002
3.780000 3.000000e+002
3.782000 3.000000e+002
3.784000 3.000000e+002
3.786000 3.000000e+002
3.788000 3.000000e+002
3.790000 3.000000e+002
3.792000 3.000000e+002
3.794000 3.000000e+002
3.796000 3.000000e+002
3.798000 3.000000e+002
3.800000 3.000000e+002
3.802000 3.000000e+002
3.804000 3.000000e+002
3.806000 3.000000e+002
3.808000 3.000000e+002
3.810000 3.000000e+002
3.812000 3.000000e+002
3.814000 3.000000e+002
3.816000 3.000000e+002
3.818000 3.000000e+002
3.820000 3.000000e+002
3.822000 3.000000e+002
3.824000 3.000000e+002
3.826000 3.000000e+002
3.828000 3.000000e+002
3.830000 3.000000e+002
3.832000 3.000000e+002
3.834000 3.000000e+002
3.836000 3.000000e+002
3.838000 3.000000e+002
3.840000 3.000000e+002
3.842000 3.000000e+002
3.844000 3.000000e+002
3.846000 3.000000e+002
3.848000 3.000000e+002
3.850000 3.000000e+002
3.852000 3.000000e+002
3.854000 3.000000e+002
3.856000 3.000000e+002
3.858000 3.000000e+002
3.860000 3.000000e+002
3.862000 3.000000e+002
3.864000 3.000000e+002
3.866000 3.000000e+002
3.868000 3.000000e+002
3.870000 3.000000e+002
3.872000 3.000000e+002
3.874000 3.000000e+002
3.876000 3.000000e+002
3.878000 3.000000e+002
3.880000 3.000000e+002
3.882000 3.000000e+002
3.884000 3.000000e+002
3.886000 3.000000e+002
3.888000 3.000000e+002
3.890000 3.000000e+002
3.892000 3.000000e+002
3.894000 3.000000e+002
3.896000 3.000000e+002
3.898000 3.000000e+002
3.900000 3.000000e+002
3.902000 3.000000e+002
3.904000 3.000000e+002
3.906000 3.000000e+002
3.908000 3.000000e+002
3.910000 3.000000e+002
3.912000 3.000000e+002
3.914000 3.000000e+002
3.916000 3.000000e+002
3.918000 3.000000e+002
3.920000 3.000000e+002
3.922000 3.000000e+002
3.924000 3.000000e+002
3.926000 3.000000e+002
3.928000 3.000000e+002
3.930000 3.000000e+002
3.932000 3.000000e+002
3.934000 3.000000e+002
3.936000 3.000000e+002
3.938000 3.000000e+002
3.940000 3.000000e+002
3.942000 3.000000e+002
3.944000 3.000000e+002
3.946000 3.000000e+002
3.948000 3.000000e+002
3.950000 3.000000e+002
3.952000 3.000000e+002
3.954000 3.000000e+002
3.956000 3.000000e+002
3.958000 3.000000e+002
3.960000 3.000000e+002
3.962000 3.000000e+002
3.964000 3.000000e+002
3.966000 3.000000e+002
3.968000 3.000000e+002
3.970000 3.000000e+002
3.972000 3.000000e+002
3.974000 3.000000e+002
3.976000 3.000000e+002
3.978000 3.000000e+002
3.980000 3.000000e+002
3.982000 3.000000e+002
3.984000 3.000000e+002
3.986000 3.000000e+002
3.988000 3.000000e+002
3.990000 3.000000e+002
3.992000 3.000000e+002
3.994000 3.000000e+002
3.996000 3.000000e+002
3.998000 3.000000e+002
