0.000000 3.146086e+002
0.002000 3.162119e+002
0.004000 3.178149e+002
0.006000 3.194176e+002
0.008000 3.210200e+002
0.010000 3.226221e+002
0.012000 3.242237e+002
0.014000 3.258250e+002
0.016000 3.274259e+002
0.018000 3.290264e+002
0.020000 3.306263e+002
0.022000 3.322258e+002
0.024000 3.338248e+002
0.026000 3.354232e+002
0.028000 3.370210e+002
0.030000 3.386182e+002
0.032000 3.402149e+002
0.034000 3.418108e+002
0.036000 3.434061e+002
0.038000 3.450007e+002
0.040000 3.465945e+002
0.042000 3.481876e+002
0.044000 3.497799e+002
0.046000 3.513714e+002
0.048000 3.529621e+002
0.050000 3.545520e+002
0.052000 3.561409e+002
0.054000 3.577289e+002
0.056000 3.593160e+002
0.058000 3.609022e+002
0.060000 3.624873e+002
0.062000 3.640715e+002
0.064000 3.656546e+002
0.066000 3.672366e+002
0.068000 3.688176e+002
0.070000 3.703974e+002
0.072000 3.719761e+002
0.074000 3.735537e+002
0.076000 3.751301e+002
0.078000 3.767052e+002
0.080000 3.782791e+002
0.082000 3.798518e+002
0.084000 3.814231e+002
0.086000 3.829931e+002
0.088000 3.845618e+002
0.090000 3.861292e+002
0.092000 3.876951e+002
0.094000 3.892596e+002
0.096000 3.908227e+002
0.098000 3.923844e+002
0.100000 3.939445e+002
0.102000 3.955031e+002
0.104000 3.970602e+002
0.106000 3.986157e+002
0.108000 4.001696e+002
0.110000 4.017219e+002
0.112000 4.032726e+002
0.114000 4.048216e+002
0.116000 4.063689e+002
0.118000 4.079146e+002
0.120000 4.094584e+002
0.122000 4.110005e+002
0.124000 4.125409e+002
0.126000 4.140794e+002
0.128000 4.156161e+002
0.130000 4.171509e+002
0.132000 4.186838e+002
0.134000 4.202149e+002
0.136000 4.217440e+002
0.138000 4.232711e+002
0.140000 4.247963e+002
0.142000 4.263194e+002
0.144000 4.278406e+002
0.146000 4.293597e+002
0.148000 4.308767e+002
0.150000 4.323916e+002
0.152000 4.339044e+002
0.154000 4.354150e+002
0.156000 4.369235e+002
0.158000 4.384298e+002
0.160000 4.399338e+002
0.162000 4.414357e+002
0.164000 4.429352e+002
0.166000 4.444325e+002
0.168000 4.459275e+002
0.170000 4.474201e+002
0.172000 4.489104e+002
0.174000 4.503983e+002
0.176000 4.518838e+002
0.178000 4.533669e+002
0.180000 4.548475e+002
0.182000 4.563256e+002
0.184000 4.578013e+002
0.186000 4.592744e+002
0.188000 4.607451e+002
0.190000 4.622131e+002
0.192000 4.636786e+002
0.194000 4.651414e+002
0.196000 4.666016e+002
0.198000 4.680592e+002
0.200000 4.695141e+002
0.202000 4.709663e+002
0.204000 4.724158e+002
0.206000 4.738626e+002
0.208000 4.753066e+002
0.210000 4.767478e+002
0.212000 4.781862e+002
0.214000 4.796218e+002
0.216000 4.810545e+002
0.218000 4.824844e+002
0.220000 4.839114e+002
0.222000 4.853354e+002
0.224000 4.867565e+002
0.226000 4.881747e+002
0.228000 4.895899e+002
0.230000 4.910021e+002
0.232000 4.924113e+002
0.234000 4.938174e+002
0.236000 4.952205e+002
0.238000 4.966205e+002
0.240000 4.980174e+002
0.242000 4.994112e+002
0.244000 5.008019e+002
0.246000 5.021893e+002
0.248000 5.035736e+002
0.250000 5.049547e+002
0.252000 5.063326e+002
0.254000 5.077072e+002
0.256000 5.090786e+002
0.258000 5.104466e+002
0.260000 5.118114e+002
0.262000 5.131729e+002
0.264000 5.145310e+002
0.266000 5.158857e+002
0.268000 5.172371e+002
0.270000 5.185850e+002
0.272000 5.199296e+002
0.274000 5.212707e+002
0.276000 5.226083e+002
0.278000 5.239425e+002
0.280000 5.252731e+002
0.282000 5.266003e+002
0.284000 5.279239e+002
0.286000 5.292439e+002
0.288000 5.305604e+002
0.290000 5.318733e+002
0.292000 5.331826e+002
0.294000 5.344882e+002
0.296000 5.357902e+002
0.298000 5.370886e+002
0.300000 5.383832e+002
0.302000 5.396742e+002
0.304000 5.409614e+002
0.306000 5.422449e+002
0.308000 5.435247e+002
0.310000 5.448007e+002
0.312000 5.460729e+002
0.314000 5.473412e+002
0.316000 5.486058e+002
0.318000 5.498665e+002
0.320000 5.511234e+002
0.322000 5.523764e+002
0.324000 5.536254e+002
0.326000 5.548706e+002
0.328000 5.561119e+002
0.330000 5.573492e+002
0.332000 5.585825e+002
0.334000 5.598119e+002
0.336000 5.610373e+002
0.338000 5.622587e+002
0.340000 5.634760e+002
0.342000 5.646894e+002
0.344000 5.658986e+002
0.346000 5.671038e+002
0.348000 5.683049e+002
0.350000 5.695019e+002
0.352000 5.706948e+002
0.354000 5.718835e+002
0.356000 5.730681e+002
0.358000 5.742485e+002
0.360000 5.754248e+002
0.362000 5.765968e+002
0.364000 5.777647e+002
0.366000 5.789283e+002
0.368000 5.800877e+002
0.370000 5.812428e+002
0.372000 5.823936e+002
0.374000 5.835402e+002
0.376000 5.846825e+002
0.378000 5.858205e+002
0.380000 5.869541e+002
0.382000 5.880834e+002
0.384000 5.892083e+002
0.386000 5.903289e+002
0.388000 5.914451e+002
0.390000 5.925569e+002
0.392000 5.936643e+002
0.394000 5.947673e+002
0.396000 5.958658e+002
0.398000 5.969599e+002
0.400000 5.980496e+002
0.402000 5.991347e+002
0.404000 6.002154e+002
0.406000 6.012916e+002
0.408000 6.023632e+002
0.410000 6.034304e+002
0.412000 6.044930e+002
0.414000 6.055511e+002
0.416000 6.066046e+002
0.418000 6.076535e+002
0.420000 6.086978e+002
0.422000 6.097376e+002
0.424000 6.107727e+002
0.426000 6.118033e+002
0.428000 6.128291e+002
0.430000 6.138504e+002
0.432000 6.148670e+002
0.434000 6.158789e+002
0.436000 6.168862e+002
0.438000 6.178888e+002
0.440000 6.188867e+002
0.442000 6.198798e+002
0.444000 6.208683e+002
0.446000 6.218520e+002
0.448000 6.228310e+002
0.450000 6.238053e+002
0.452000 6.247747e+002
0.454000 6.257395e+002
0.456000 6.266994e+002
0.458000 6.276545e+002
0.460000 6.286049e+002
0.462000 6.295504e+002
0.464000 6.304912e+002
0.466000 6.314271e+002
0.468000 6.323581e+002
0.470000 6.332844e+002
0.472000 6.342058e+002
0.474000 6.351223e+002
0.476000 6.360339e+002
0.478000 6.369407e+002
0.480000 6.378426e+002
0.482000 6.387395e+002
0.484000 6.396316e+002
0.486000 6.405188e+002
0.488000 6.414010e+002
0.490000 6.422784e+002
0.492000 6.431507e+002
0.494000 6.440182e+002
0.496000 6.448807e+002
0.498000 6.457382e+002
0.500000 6.465908e+002
0.502000 6.474384e+002
0.504000 6.482810e+002
0.506000 6.491186e+002
0.508000 6.499513e+002
0.510000 6.507789e+002
0.512000 6.516015e+002
0.514000 6.524192e+002
0.516000 6.532318e+002
0.518000 6.540393e+002
0.520000 6.548419e+002
0.522000 6.556394e+002
0.524000 6.564319e+002
0.526000 6.572193e+002
0.528000 6.580016e+002
0.530000 6.587789e+002
0.532000 6.595512e+002
0.534000 6.603183e+002
0.536000 6.610804e+002
0.538000 6.618374e+002
0.540000 6.625894e+002
0.542000 6.633362e+002
0.544000 6.640779e+002
0.546000 6.648146e+002
0.548000 6.655461e+002
0.550000 6.662725e+002
0.552000 6.669938e+002
0.554000 6.677100e+002
0.556000 6.684211e+002
0.558000 6.691270e+002
0.560000 6.698278e+002
0.562000 6.705235e+002
0.564000 6.712141e+002
0.566000 6.718995e+002
0.568000 6.725797e+002
0.570000 6.732549e+002
0.572000 6.739248e+002
0.574000 6.745896e+002
0.576000 6.752493e+002
0.578000 6.759038e+002
0.580000 6.765531e+002
0.582000 6.771973e+002
0.584000 6.778363e+002
0.586000 6.784702e+002
0.588000 6.790989e+002
0.590000 6.797224e+002
0.592000 6.803407e+002
0.594000 6.809538e+002
0.596000 6.815618e+002
0.598000 6.821646e+002
0.600000 6.827622e+002
0.602000 6.833547e+002
0.604000 6.839419e+002
0.606000 6.845240e+002
0.608000 6.851009e+002
0.610000 6.856726e+002
0.612000 6.862391e+002
0.614000 6.868004e+002
0.616000 6.873565e+002
0.618000 6.879075e+002
0.620000 6.884532e+002
0.622000 6.889938e+002
0.624000 6.895292e+002
0.626000 6.900594e+002
0.628000 6.905844e+002
0.630000 6.911042e+002
0.632000 6.916188e+002
0.634000 6.921282e+002
0.636000 6.926325e+002
0.638000 6.931315e+002
0.640000 6.936254e+002
0.642000 6.941141e+002
0.644000 6.945976e+002
0.646000 6.950759e+002
0.648000 6.955491e+002
0.650000 6.960170e+002
0.652000 6.964798e+002
0.654000 6.969374e+002
0.656000 6.973898e+002
0.658000 6.978371e+002
0.660000 6.982791e+002
0.662000 6.987160e+002
0.664000 6.991478e+002
0.666000 6.995744e+002
0.668000 6.999958e+002
0.670000 7.004120e+002
0.672000 7.008231e+002
0.674000 7.012290e+002
0.676000 7.016298e+002
0.678000 7.020254e+002
0.680000 7.024159e+002
0.682000 7.028012e+002
0.684000 7.031814e+002
0.686000 7.035565e+002
0.688000 7.039264e+002
0.690000 7.042912e+002
0.692000 7.046508e+002
0.694000 7.050054e+002
0.696000 7.053548e+002
0.698000 7.056991e+002
0.700000 7.060383e+002
0.702000 7.063724e+002
0.704000 7.067013e+002
0.706000 7.070252e+002
0.708000 7.073440e+002
0.710000 7.076577e+002
0.712000 7.079663e+002
0.714000 7.082698e+002
0.716000 7.085682e+002
0.718000 7.088616e+002
0.720000 7.091499e+002
0.722000 7.094331e+002
0.724000 7.097113e+002
0.726000 7.099844e+002
0.728000 7.102525e+002
0.730000 7.105156e+002
0.732000 7.107736e+002
0.734000 7.110266e+002
0.736000 7.112745e+002
0.738000 7.115175e+002
0.740000 7.117554e+002
0.742000 7.119883e+002
0.744000 7.122162e+002
0.746000 7.124392e+002
0.748000 7.126571e+002
0.750000 7.128701e+002
0.752000 7.130781e+002
0.754000 7.132811e+002
0.756000 7.134791e+002
0.758000 7.136722e+002
0.760000 7.138604e+002
0.762000 7.140436e+002
0.764000 7.142219e+002
0.766000 7.143953e+002
0.768000 7.145637e+002
0.770000 7.147273e+002
0.772000 7.148859e+002
0.774000 7.150396e+002
0.776000 7.151885e+002
0.778000 7.153325e+002
0.780000 7.154716e+002
0.782000 7.156058e+002
0.784000 7.157352e+002
0.786000 7.158597e+002
0.788000 7.159794e+002
0.790000 7.160943e+002
0.792000 7.162043e+002
0.794000 7.163095e+002
0.796000 7.164100e+002
0.798000 7.165056e+002
0.800000 7.165964e+002
0.802000 7.166825e+002
0.804000 7.167638e+002
0.806000 7.168403e+002
0.808000 7.169120e+002
0.810000 7.169791e+002
0.812000 7.170414e+002
0.814000 7.170989e+002
0.816000 7.171518e+002
0.818000 7.171999e+002
0.820000 7.172434e+002
0.822000 7.172821e+002
0.824000 7.173162e+002
0.826000 7.173456e+002
0.828000 7.173704e+002
0.830000 7.173905e+002
0.832000 7.174060e+002
0.834000 7.174168e+002
0.836000 7.174231e+002
0.838000 7.174247e+002
0.840000 7.174217e+002
0.842000 7.174141e+002
0.844000 7.174020e+002
0.846000 7.173853e+002
0.848000 7.173641e+002
0.850000 7.173383e+002
0.852000 7.173079e+002
0.854000 7.172731e+002
0.856000 7.172337e+002
0.858000 7.171899e+002
0.860000 7.171415e+002
0.862000 7.170887e+002
0.864000 7.170314e+002
0.866000 7.169696e+002
0.868000 7.169034e+002
0.870000 7.168328e+002
0.872000 7.167578e+002
0.874000 7.166783e+002
0.876000 7.165944e+002
0.878000 7.165062e+002
0.880000 7.164136e+002
0.882000 7.163166e+002
0.884000 7.162153e+002
0.886000 7.161096e+002
0.888000 7.159996e+002
0.890000 7.158853e+002
0.892000 7.157667e+002
0.894000 7.156438e+002
0.896000 7.155167e+002
0.898000 7.153852e+002
0.900000 7.152496e+002
0.902000 7.151096e+002
0.904000 7.149655e+002
0.906000 7.148171e+002
0.908000 7.146645e+002
0.910000 7.145078e+002
0.912000 7.143468e+002
0.914000 7.141817e+002
0.916000 7.140125e+002
0.918000 7.138391e+002
0.920000 7.136616e+002
0.922000 7.134800e+002
0.924000 7.132943e+002
0.926000 7.131045e+002
0.928000 7.129106e+002
0.930000 7.127127e+002
0.932000 7.125107e+002
0.934000 7.123047e+002
0.936000 7.120946e+002
0.938000 7.118806e+002
0.940000 7.116626e+002
0.942000 7.114406e+002
0.944000 7.112146e+002
0.946000 7.109847e+002
0.948000 7.107509e+002
0.950000 7.105131e+002
0.952000 7.102714e+002
0.954000 7.100259e+002
0.956000 7.097764e+002
0.958000 7.095231e+002
0.960000 7.092660e+002
0.962000 7.090050e+002
0.964000 7.087401e+002
0.966000 7.084715e+002
0.968000 7.081991e+002
0.970000 7.079229e+002
0.972000 7.076429e+002
0.974000 7.073592e+002
0.976000 7.070717e+002
0.978000 7.067805e+002
0.980000 7.064856e+002
0.982000 7.061871e+002
0.984000 7.058848e+002
0.986000 7.055789e+002
0.988000 7.052693e+002
0.990000 7.049561e+002
0.992000 7.046393e+002
0.994000 7.043188e+002
0.996000 7.039948e+002
0.998000 7.036672e+002
1.000000 7.033361e+002
1.002000 7.030014e+002
1.004000 7.026631e+002
1.006000 7.023214e+002
1.008000 7.019761e+002
1.010000 7.016274e+002
1.012000 7.012752e+002
1.014000 7.009196e+002
1.016000 7.005605e+002
1.018000 7.001980e+002
1.020000 6.998321e+002
1.022000 6.994628e+002
1.024000 6.990901e+002
1.026000 6.987140e+002
1.028000 6.983346e+002
1.030000 6.979519e+002
1.032000 6.975659e+002
1.034000 6.971765e+002
1.036000 6.967839e+002
1.038000 6.963880e+002
1.040000 6.959889e+002
1.042000 6.955865e+002
1.044000 6.951809e+002
1.046000 6.947721e+002
1.048000 6.943601e+002
1.050000 6.939449e+002
1.052000 6.935266e+002
1.054000 6.931051e+002
1.056000 6.926806e+002
1.058000 6.922528e+002
1.060000 6.918221e+002
1.062000 6.913882e+002
1.064000 6.909512e+002
1.066000 6.905112e+002
1.068000 6.900682e+002
1.070000 6.896222e+002
1.072000 6.891732e+002
1.074000 6.887212e+002
1.076000 6.882662e+002
1.078000 6.878083e+002
1.080000 6.873474e+002
1.082000 6.868836e+002
1.084000 6.864169e+002
1.086000 6.859474e+002
1.088000 6.854749e+002
1.090000 6.849996e+002
1.092000 6.845215e+002
1.094000 6.840406e+002
1.096000 6.835568e+002
1.098000 6.830703e+002
1.100000 6.825810e+002
1.102000 6.820889e+002
1.104000 6.815941e+002
1.106000 6.810966e+002
1.108000 6.805963e+002
1.110000 6.800934e+002
1.112000 6.795878e+002
1.114000 6.790795e+002
1.116000 6.785686e+002
1.118000 6.780551e+002
1.120000 6.775390e+002
1.122000 6.770202e+002
1.124000 6.764989e+002
1.126000 6.759751e+002
1.128000 6.754487e+002
1.130000 6.749197e+002
1.132000 6.743883e+002
1.134000 6.738543e+002
1.136000 6.733179e+002
1.138000 6.727791e+002
1.140000 6.722377e+002
1.142000 6.716940e+002
1.144000 6.711478e+002
1.146000 6.705993e+002
1.148000 6.700483e+002
1.150000 6.694951e+002
1.152000 6.689394e+002
1.154000 6.683814e+002
1.156000 6.678212e+002
1.158000 6.672586e+002
1.160000 6.666937e+002
1.162000 6.661266e+002
1.164000 6.655572e+002
1.166000 6.649856e+002
1.168000 6.644118e+002
1.170000 6.638358e+002
1.172000 6.632576e+002
1.174000 6.626773e+002
1.176000 6.620948e+002
1.178000 6.615101e+002
1.180000 6.609234e+002
1.182000 6.603345e+002
1.184000 6.597436e+002
1.186000 6.591506e+002
1.188000 6.585556e+002
1.190000 6.579585e+002
1.192000 6.573594e+002
1.194000 6.567583e+002
1.196000 6.561552e+002
1.198000 6.555501e+002
1.200000 6.549431e+002
1.202000 6.543342e+002
1.204000 6.537234e+002
1.206000 6.531106e+002
1.208000 6.524960e+002
1.210000 6.518794e+002
1.212000 6.512611e+002
1.214000 6.506409e+002
1.216000 6.500188e+002
1.218000 6.493950e+002
1.220000 6.487694e+002
1.222000 6.481420e+002
1.224000 6.475129e+002
1.226000 6.468820e+002
1.228000 6.462494e+002
1.230000 6.456151e+002
1.232000 6.449791e+002
1.234000 6.443414e+002
1.236000 6.437021e+002
1.238000 6.430611e+002
1.240000 6.424185e+002
1.242000 6.417743e+002
1.244000 6.411284e+002
1.246000 6.404811e+002
1.248000 6.398321e+002
1.250000 6.391816e+002
1.252000 6.385296e+002
1.254000 6.378760e+002
1.256000 6.372210e+002
1.258000 6.365645e+002
1.260000 6.359065e+002
1.262000 6.352471e+002
1.264000 6.345862e+002
1.266000 6.339239e+002
1.268000 6.332602e+002
1.270000 6.325951e+002
1.272000 6.319287e+002
1.274000 6.312608e+002
1.276000 6.305917e+002
1.278000 6.299212e+002
1.280000 6.292494e+002
1.282000 6.285764e+002
1.284000 6.279020e+002
1.286000 6.272264e+002
1.288000 6.265496e+002
1.290000 6.258715e+002
1.292000 6.251922e+002
1.294000 6.245117e+002
1.296000 6.238300e+002
1.298000 6.231471e+002
1.300000 6.224631e+002
1.302000 6.217780e+002
1.304000 6.210917e+002
1.306000 6.204043e+002
1.308000 6.197158e+002
1.310000 6.190263e+002
1.312000 6.183357e+002
1.314000 6.176441e+002
1.316000 6.169514e+002
1.318000 6.162577e+002
1.320000 6.155630e+002
1.322000 6.148673e+002
1.324000 6.141706e+002
1.326000 6.134730e+002
1.328000 6.127745e+002
1.330000 6.120750e+002
1.332000 6.113746e+002
1.334000 6.106734e+002
1.336000 6.099712e+002
1.338000 6.092682e+002
1.340000 6.085643e+002
1.342000 6.078596e+002
1.344000 6.071541e+002
1.346000 6.064477e+002
1.348000 6.057406e+002
1.350000 6.050327e+002
1.352000 6.043240e+002
1.354000 6.036146e+002
1.356000 6.029045e+002
1.358000 6.021936e+002
1.360000 6.014820e+002
1.362000 6.007698e+002
1.364000 6.000568e+002
1.366000 5.993432e+002
1.368000 5.986290e+002
1.370000 5.979141e+002
1.372000 5.971986e+002
1.374000 5.964825e+002
1.376000 5.957658e+002
1.378000 5.950485e+002
1.380000 5.943307e+002
1.382000 5.936123e+002
1.384000 5.928934e+002
1.386000 5.921739e+002
1.388000 5.914540e+002
1.390000 5.907336e+002
1.392000 5.900127e+002
1.394000 5.892913e+002
1.396000 5.885694e+002
1.398000 5.878472e+002
1.400000 5.871245e+002
1.402000 5.864014e+002
1.404000 5.856779e+002
1.406000 5.849540e+002
1.408000 5.842298e+002
1.410000 5.835052e+002
1.412000 5.827802e+002
1.414000 5.820549e+002
1.416000 5.813294e+002
1.418000 5.806035e+002
1.420000 5.798773e+002
1.422000 5.791508e+002
1.424000 5.784241e+002
1.426000 5.776971e+002
1.428000 5.769699e+002
1.430000 5.762425e+002
1.432000 5.755148e+002
1.434000 5.747870e+002
1.436000 5.740590e+002
1.438000 5.733308e+002
1.440000 5.726024e+002
1.442000 5.718739e+002
1.444000 5.711453e+002
1.446000 5.704165e+002
1.448000 5.696877e+002
1.450000 5.689587e+002
1.452000 5.682297e+002
1.454000 5.675006e+002
1.456000 5.667714e+002
1.458000 5.660422e+002
1.460000 5.653129e+002
1.462000 5.645836e+002
1.464000 5.638543e+002
1.466000 5.631251e+002
1.468000 5.623958e+002
1.470000 5.616666e+002
1.472000 5.609374e+002
1.474000 5.602082e+002
1.476000 5.594791e+002
1.478000 5.587501e+002
1.480000 5.580212e+002
1.482000 5.572924e+002
1.484000 5.565636e+002
1.486000 5.558351e+002
1.488000 5.551066e+002
1.490000 5.543783e+002
1.492000 5.536501e+002
1.494000 5.529221e+002
1.496000 5.521943e+002
1.498000 5.514667e+002
1.500000 5.507393e+002
1.502000 5.500121e+002
1.504000 5.492851e+002
1.506000 5.485584e+002
1.508000 5.478319e+002
1.510000 5.471057e+002
1.512000 5.463797e+002
1.514000 5.456540e+002
1.516000 5.449286e+002
1.518000 5.442036e+002
1.520000 5.434788e+002
1.522000 5.427543e+002
1.524000 5.420302e+002
1.526000 5.413065e+002
1.528000 5.405831e+002
1.530000 5.398600e+002
1.532000 5.391373e+002
1.534000 5.384151e+002
1.536000 5.376932e+002
1.538000 5.369717e+002
1.540000 5.362507e+002
1.542000 5.355301e+002
1.544000 5.348099e+002
1.546000 5.340901e+002
1.548000 5.333709e+002
1.550000 5.326521e+002
1.552000 5.319338e+002
1.554000 5.312159e+002
1.556000 5.304986e+002
1.558000 5.297818e+002
1.560000 5.290655e+002
1.562000 5.283497e+002
1.564000 5.276345e+002
1.566000 5.269198e+002
1.568000 5.262057e+002
1.570000 5.254921e+002
1.572000 5.247791e+002
1.574000 5.240667e+002
1.576000 5.233549e+002
1.578000 5.226438e+002
1.580000 5.219332e+002
1.582000 5.212232e+002
1.584000 5.205139e+002
1.586000 5.198052e+002
1.588000 5.190972e+002
1.590000 5.183899e+002
1.592000 5.176832e+002
1.594000 5.169772e+002
1.596000 5.162718e+002
1.598000 5.155672e+002
1.600000 5.148633e+002
1.602000 5.141601e+002
1.604000 5.134576e+002
1.606000 5.127558e+002
1.608000 5.120548e+002
1.610000 5.113546e+002
1.612000 5.106550e+002
1.614000 5.099563e+002
1.616000 5.092583e+002
1.618000 5.085611e+002
1.620000 5.078647e+002
1.622000 5.071691e+002
1.624000 5.064743e+002
1.626000 5.057803e+002
1.628000 5.050872e+002
1.630000 5.043948e+002
1.632000 5.037034e+002
1.634000 5.030127e+002
1.636000 5.023229e+002
1.638000 5.016340e+002
1.640000 5.009459e+002
1.642000 5.002587e+002
1.644000 4.995724e+002
1.646000 4.988870e+002
1.648000 4.982025e+002
1.650000 4.975189e+002
1.652000 4.968362e+002
1.654000 4.961544e+002
1.656000 4.954736e+002
1.658000 4.947937e+002
1.660000 4.941147e+002
1.662000 4.934367e+002
1.664000 4.927597e+002
1.666000 4.920836e+002
1.668000 4.914084e+002
1.670000 4.907343e+002
1.672000 4.900611e+002
1.674000 4.893890e+002
1.676000 4.887178e+002
1.678000 4.880476e+002
1.680000 4.873785e+002
1.682000 4.867104e+002
1.684000 4.860433e+002
1.686000 4.853772e+002
1.688000 4.847121e+002
1.690000 4.840482e+002
1.692000 4.833852e+002
1.694000 4.827233e+002
1.696000 4.820625e+002
1.698000 4.814027e+002
1.700000 4.807441e+002
1.702000 4.800865e+002
1.704000 4.794300e+002
1.706000 4.787745e+002
1.708000 4.781202e+002
1.710000 4.774670e+002
1.712000 4.768149e+002
1.714000 4.761639e+002
1.716000 4.755140e+002
1.718000 4.748653e+002
1.720000 4.742177e+002
1.722000 4.735712e+002
1.724000 4.729259e+002
1.726000 4.722818e+002
1.728000 4.716387e+002
1.730000 4.709969e+002
1.732000 4.703562e+002
1.734000 4.697167e+002
1.736000 4.690783e+002
1.738000 4.684412e+002
1.740000 4.678052e+002
1.742000 4.671704e+002
1.744000 4.665368e+002
1.746000 4.659045e+002
1.748000 4.652733e+002
1.750000 4.646433e+002
1.752000 4.640146e+002
1.754000 4.633870e+002
1.756000 4.627607e+002
1.758000 4.621357e+002
1.760000 4.615118e+002
1.762000 4.608892e+002
1.764000 4.602679e+002
1.766000 4.596478e+002
1.768000 4.590289e+002
1.770000 4.584113e+002
1.772000 4.577950e+002
1.774000 4.571799e+002
1.776000 4.565661e+002
1.778000 4.559536e+002
1.780000 4.553423e+002
1.782000 4.547324e+002
1.784000 4.541237e+002
1.786000 4.535163e+002
1.788000 4.529102e+002
1.790000 4.523054e+002
1.792000 4.517019e+002
1.794000 4.510997e+002
1.796000 4.504988e+002
1.798000 4.498992e+002
1.800000 4.493010e+002
1.802000 4.487040e+002
1.804000 4.481084e+002
1.806000 4.475141e+002
1.808000 4.469212e+002
1.810000 4.463295e+002
1.812000 4.457393e+002
1.814000 4.451503e+002
1.816000 4.445627e+002
1.818000 4.439764e+002
1.820000 4.433915e+002
1.822000 4.428080e+002
1.824000 4.422258e+002
1.826000 4.416449e+002
1.828000 4.410655e+002
1.830000 4.404874e+002
1.832000 4.399106e+002
1.834000 4.393352e+002
1.836000 4.387612e+002
1.838000 4.381886e+002
1.840000 4.376174e+002
1.842000 4.370475e+002
1.844000 4.364790e+002
1.846000 4.359119e+002
1.848000 4.353462e+002
1.850000 4.347819e+002
1.852000 4.342190e+002
1.854000 4.336575e+002
1.856000 4.330973e+002
1.858000 4.325386e+002
1.860000 4.319813e+002
1.862000 4.314254e+002
1.864000 4.308709e+002
1.866000 4.303178e+002
1.868000 4.297661e+002
1.870000 4.292158e+002
1.872000 4.286670e+002
1.874000 4.281195e+002
1.876000 4.275735e+002
1.878000 4.270289e+002
1.880000 4.264858e+002
1.882000 4.259440e+002
1.884000 4.254037e+002
1.886000 4.248648e+002
1.888000 4.243274e+002
1.890000 4.237913e+002
1.892000 4.232567e+002
1.894000 4.227236e+002
1.896000 4.221919e+002
1.898000 4.216616e+002
1.900000 4.211328e+002
1.902000 4.206054e+002
1.904000 4.200794e+002
1.906000 4.195549e+002
1.908000 4.190318e+002
1.910000 4.185102e+002
1.912000 4.179900e+002
1.914000 4.174713e+002
1.916000 4.169540e+002
1.918000 4.164382e+002
1.920000 4.159238e+002
1.922000 4.154109e+002
1.924000 4.148995e+002
1.926000 4.143895e+002
1.928000 4.138809e+002
1.930000 4.133738e+002
1.932000 4.128682e+002
1.934000 4.123640e+002
1.936000 4.118613e+002
1.938000 4.113600e+002
1.940000 4.108602e+002
1.942000 4.103619e+002
1.944000 4.098650e+002
1.946000 4.093696e+002
1.948000 4.088756e+002
1.950000 4.083832e+002
1.952000 4.078921e+002
1.954000 4.074026e+002
1.956000 4.069145e+002
1.958000 4.064278e+002
1.960000 4.059427e+002
1.962000 4.054590e+002
1.964000 4.049768e+002
1.966000 4.044960e+002
1.968000 4.040167e+002
1.970000 4.035389e+002
1.972000 4.030625e+002
1.974000 4.025876e+002
1.976000 4.021141e+002
1.978000 4.016422e+002
1.980000 4.011717e+002
1.982000 4.007026e+002
1.984000 4.002351e+002
1.986000 3.997690e+002
1.988000 3.993043e+002
1.990000 3.988412e+002
1.992000 3.983795e+002
1.994000 3.979192e+002
1.996000 3.974605e+002
1.998000 3.970031e+002
2.000000 3.965473e+002
2.002000 3.960929e+002
2.004000 3.956400e+002
2.006000 3.951885e+002
2.008000 3.947386e+002
2.010000 3.942900e+002
2.012000 3.938430e+002
2.014000 3.933974e+002
2.016000 3.929532e+002
2.018000 3.925105e+002
2.020000 3.920693e+002
2.022000 3.916295e+002
2.024000 3.911912e+002
2.026000 3.907544e+002
2.028000 3.903190e+002
2.030000 3.898851e+002
2.032000 3.894526e+002
2.034000 3.890216e+002
2.036000 3.885920e+002
2.038000 3.881639e+002
2.040000 3.877372e+002
2.042000 3.873120e+002
2.044000 3.868882e+002
2.046000 3.864659e+002
2.048000 3.860450e+002
2.050000 3.856256e+002
2.052000 3.852076e+002
2.054000 3.847910e+002
2.056000 3.843759e+002
2.058000 3.839623e+002
2.060000 3.835501e+002
2.062000 3.831393e+002
2.064000 3.827300e+002
2.066000 3.823221e+002
2.068000 3.819156e+002
2.070000 3.815106e+002
2.072000 3.811070e+002
2.074000 3.807048e+002
2.076000 3.803041e+002
2.078000 3.799048e+002
2.080000 3.795069e+002
2.082000 3.791104e+002
2.084000 3.787154e+002
2.086000 3.783218e+002
2.088000 3.779296e+002
2.090000 3.775388e+002
2.092000 3.771495e+002
2.094000 3.767616e+002
2.096000 3.763750e+002
2.098000 3.759899e+002
2.100000 3.756062e+002
2.102000 3.752240e+002
2.104000 3.748431e+002
2.106000 3.744636e+002
2.108000 3.740856e+002
2.110000 3.737089e+002
2.112000 3.733336e+002
2.114000 3.729598e+002
2.116000 3.725873e+002
2.118000 3.722162e+002
2.120000 3.718466e+002
2.122000 3.714783e+002
2.124000 3.711114e+002
2.126000 3.707459e+002
2.128000 3.703817e+002
2.130000 3.700190e+002
2.132000 3.696577e+002
2.134000 3.692977e+002
2.136000 3.689391e+002
2.138000 3.685818e+002
2.140000 3.682260e+002
2.142000 3.678715e+002
2.144000 3.675184e+002
2.146000 3.671667e+002
2.148000 3.668163e+002
2.150000 3.664673e+002
2.152000 3.661196e+002
2.154000 3.657733e+002
2.156000 3.654284e+002
2.158000 3.650848e+002
2.160000 3.647425e+002
2.162000 3.644016e+002
2.164000 3.640621e+002
2.166000 3.637239e+002
2.168000 3.633871e+002
2.170000 3.630515e+002
2.172000 3.627174e+002
2.174000 3.623845e+002
2.176000 3.620530e+002
2.178000 3.617228e+002
2.180000 3.613940e+002
2.182000 3.610664e+002
2.184000 3.607402e+002
2.186000 3.604153e+002
2.188000 3.600918e+002
2.190000 3.597695e+002
2.192000 3.594486e+002
2.194000 3.591290e+002
2.196000 3.588106e+002
2.198000 3.584936e+002
2.200000 3.581779e+002
2.202000 3.578635e+002
2.204000 3.575504e+002
2.206000 3.572385e+002
2.208000 3.569280e+002
2.210000 3.566188e+002
2.212000 3.563108e+002
2.214000 3.560041e+002
2.216000 3.556988e+002
2.218000 3.553946e+002
2.220000 3.550918e+002
2.222000 3.547902e+002
2.224000 3.544900e+002
2.226000 3.541909e+002
2.228000 3.538932e+002
2.230000 3.535967e+002
2.232000 3.533014e+002
2.234000 3.530074e+002
2.236000 3.527147e+002
2.238000 3.524232e+002
2.240000 3.521330e+002
2.242000 3.518440e+002
2.244000 3.515563e+002
2.246000 3.512698e+002
2.248000 3.509845e+002
2.250000 3.507005e+002
2.252000 3.504177e+002
2.254000 3.501361e+002
2.256000 3.498557e+002
2.258000 3.495766e+002
2.260000 3.492987e+002
2.262000 3.490220e+002
2.264000 3.487465e+002
2.266000 3.484723e+002
2.268000 3.481992e+002
2.270000 3.479273e+002
2.272000 3.476567e+002
2.274000 3.473872e+002
2.276000 3.471189e+002
2.278000 3.468519e+002
2.280000 3.465860e+002
2.282000 3.463213e+002
2.284000 3.460578e+002
2.286000 3.457954e+002
2.288000 3.455343e+002
2.290000 3.452743e+002
2.292000 3.450155e+002
2.294000 3.447578e+002
2.296000 3.445014e+002
2.298000 3.442460e+002
2.300000 3.439919e+002
2.302000 3.437389e+002
2.304000 3.434870e+002
2.306000 3.432363e+002
2.308000 3.429867e+002
2.310000 3.427383e+002
2.312000 3.424911e+002
2.314000 3.422449e+002
2.316000 3.419999e+002
2.318000 3.417560e+002
2.320000 3.415133e+002
2.322000 3.412717e+002
2.324000 3.410311e+002
2.326000 3.407918e+002
2.328000 3.405535e+002
2.330000 3.403163e+002
2.332000 3.400803e+002
2.334000 3.398453e+002
2.336000 3.396115e+002
2.338000 3.393787e+002
2.340000 3.391471e+002
2.342000 3.389165e+002
2.344000 3.386870e+002
2.346000 3.384586e+002
2.348000 3.382313e+002
2.350000 3.380051e+002
2.352000 3.377799e+002
2.354000 3.375559e+002
2.356000 3.373328e+002
2.358000 3.371109e+002
2.360000 3.368900e+002
2.362000 3.366702e+002
2.364000 3.364514e+002
2.366000 3.362337e+002
2.368000 3.360171e+002
2.370000 3.358014e+002
2.372000 3.355869e+002
2.374000 3.353733e+002
2.376000 3.351608e+002
2.378000 3.349494e+002
2.380000 3.347389e+002
2.382000 3.345295e+002
2.384000 3.343211e+002
2.386000 3.341138e+002
2.388000 3.339074e+002
2.390000 3.337021e+002
2.392000 3.334978e+002
2.394000 3.332945e+002
2.396000 3.330921e+002
2.398000 3.328908e+002
2.400000 3.326905e+002
2.402000 3.324912e+002
2.404000 3.322929e+002
2.406000 3.320955e+002
2.408000 3.318992e+002
2.410000 3.317038e+002
2.412000 3.315094e+002
2.414000 3.313160e+002
2.416000 3.311235e+002
2.418000 3.309320e+002
2.420000 3.307415e+002
2.422000 3.305519e+002
2.424000 3.303633e+002
2.426000 3.301757e+002
2.428000 3.299890e+002
2.430000 3.298032e+002
2.432000 3.296184e+002
2.434000 3.294346e+002
2.436000 3.292517e+002
2.438000 3.290697e+002
2.440000 3.288886e+002
2.442000 3.287085e+002
2.444000 3.285293e+002
2.446000 3.283510e+002
2.448000 3.281736e+002
2.450000 3.279972e+002
2.452000 3.278216e+002
2.454000 3.276470e+002
2.456000 3.274733e+002
2.458000 3.273004e+002
2.460000 3.271285e+002
2.462000 3.269575e+002
2.464000 3.267873e+002
2.466000 3.266181e+002
2.468000 3.264497e+002
2.470000 3.262822e+002
2.472000 3.261156e+002
2.474000 3.259499e+002
2.476000 3.257851e+002
2.478000 3.256211e+002
2.480000 3.254580e+002
2.482000 3.252957e+002
2.484000 3.251343e+002
2.486000 3.249738e+002
2.488000 3.248141e+002
2.490000 3.246552e+002
2.492000 3.244972e+002
2.494000 3.243401e+002
2.496000 3.241838e+002
2.498000 3.240283e+002
2.500000 3.238737e+002
2.502000 3.237199e+002
2.504000 3.235669e+002
2.506000 3.234147e+002
2.508000 3.232634e+002
2.510000 3.231129e+002
2.512000 3.229632e+002
2.514000 3.228143e+002
2.516000 3.226662e+002
2.518000 3.225189e+002
2.520000 3.223724e+002
2.522000 3.222267e+002
2.524000 3.220819e+002
2.526000 3.219378e+002
2.528000 3.217945e+002
2.530000 3.216519e+002
2.532000 3.215102e+002
2.534000 3.213692e+002
2.536000 3.212291e+002
2.538000 3.210896e+002
2.540000 3.209510e+002
2.542000 3.208131e+002
2.544000 3.206760e+002
2.546000 3.205397e+002
2.548000 3.204041e+002
2.550000 3.202693e+002
2.552000 3.201352e+002
2.554000 3.200018e+002
2.556000 3.198692e+002
2.558000 3.197374e+002
2.560000 3.196063e+002
2.562000 3.194759e+002
2.564000 3.193463e+002
2.566000 3.192173e+002
2.568000 3.190892e+002
2.570000 3.189617e+002
2.572000 3.188350e+002
2.574000 3.187089e+002
2.576000 3.185836e+002
2.578000 3.184590e+002
2.580000 3.183351e+002
2.582000 3.182119e+002
2.584000 3.180894e+002
2.586000 3.179677e+002
2.588000 3.178466e+002
2.590000 3.177262e+002
2.592000 3.176065e+002
2.594000 3.174874e+002
2.596000 3.173691e+002
2.598000 3.172514e+002
2.600000 3.171345e+002
2.602000 3.170182e+002
2.604000 3.169025e+002
2.606000 3.167876e+002
2.608000 3.166733e+002
2.610000 3.165596e+002
2.612000 3.164467e+002
2.614000 3.163343e+002
2.616000 3.162227e+002
2.618000 3.161117e+002
2.620000 3.160013e+002
2.622000 3.158916e+002
2.624000 3.157825e+002
2.626000 3.156741e+002
2.628000 3.155663e+002
2.630000 3.154591e+002
2.632000 3.153526e+002
2.634000 3.152467e+002
2.636000 3.151414e+002
2.638000 3.150367e+002
2.640000 3.149327e+002
2.642000 3.148293e+002
2.644000 3.147265e+002
2.646000 3.146243e+002
2.648000 3.145227e+002
2.650000 3.144217e+002
2.652000 3.143213e+002
2.654000 3.142216e+002
2.656000 3.141224e+002
2.658000 3.140238e+002
2.660000 3.139258e+002
2.662000 3.138284e+002
2.664000 3.137316e+002
2.666000 3.136353e+002
2.668000 3.135397e+002
2.670000 3.134446e+002
2.672000 3.133501e+002
2.674000 3.132561e+002
2.676000 3.131628e+002
2.678000 3.130700e+002
2.680000 3.129777e+002
2.682000 3.128861e+002
2.684000 3.127950e+002
2.686000 3.127044e+002
2.688000 3.126144e+002
2.690000 3.125249e+002
2.692000 3.124360e+002
2.694000 3.123477e+002
2.696000 3.122599e+002
2.698000 3.121726e+002
2.700000 3.120858e+002
2.702000 3.119996e+002
2.704000 3.119140e+002
2.706000 3.118288e+002
2.708000 3.117442e+002
2.710000 3.116601e+002
2.712000 3.115765e+002
2.714000 3.114935e+002
2.716000 3.114109e+002
2.718000 3.113289e+002
2.720000 3.112474e+002
2.722000 3.111664e+002
2.724000 3.110859e+002
2.726000 3.110059e+002
2.728000 3.109264e+002
2.730000 3.108474e+002
2.732000 3.107689e+002
2.734000 3.106909e+002
2.736000 3.106134e+002
2.738000 3.105364e+002
2.740000 3.104599e+002
2.742000 3.103838e+002
2.744000 3.103082e+002
2.746000 3.102332e+002
2.748000 3.101585e+002
2.750000 3.100844e+002
2.752000 3.100107e+002
2.754000 3.099375e+002
2.756000 3.098648e+002
2.758000 3.097925e+002
2.760000 3.097207e+002
2.762000 3.096494e+002
2.764000 3.095785e+002
2.766000 3.095080e+002
2.768000 3.094380e+002
2.770000 3.093685e+002
2.772000 3.092994e+002
2.774000 3.092308e+002
2.776000 3.091626e+002
2.778000 3.090948e+002
2.780000 3.090275e+002
2.782000 3.089606e+002
2.784000 3.088942e+002
2.786000 3.088282e+002
2.788000 3.087626e+002
2.790000 3.086974e+002
2.792000 3.086327e+002
2.794000 3.085683e+002
2.796000 3.085044e+002
2.798000 3.084410e+002
2.800000 3.083779e+002
2.802000 3.083153e+002
2.804000 3.082530e+002
2.806000 3.081912e+002
2.808000 3.081298e+002
2.810000 3.080687e+002
2.812000 3.080081e+002
2.814000 3.079479e+002
2.816000 3.078881e+002
2.818000 3.078287e+002
2.820000 3.077696e+002
2.822000 3.077110e+002
2.824000 3.076528e+002
2.826000 3.075949e+002
2.828000 3.075374e+002
2.830000 3.074803e+002
2.832000 3.074236e+002
2.834000 3.073673e+002
2.836000 3.073113e+002
2.838000 3.072557e+002
2.840000 3.072005e+002
2.842000 3.071457e+002
2.844000 3.070912e+002
2.846000 3.070371e+002
2.848000 3.069834e+002
2.850000 3.069300e+002
2.852000 3.068770e+002
2.854000 3.068243e+002
2.856000 3.067720e+002
2.858000 3.067201e+002
2.860000 3.066685e+002
2.862000 3.066172e+002
2.864000 3.065663e+002
2.866000 3.065157e+002
2.868000 3.064655e+002
2.870000 3.064157e+002
2.872000 3.063661e+002
2.874000 3.063170e+002
2.876000 3.062681e+002
2.878000 3.062196e+002
2.880000 3.061714e+002
2.882000 3.061235e+002
2.884000 3.060760e+002
2.886000 3.060288e+002
2.888000 3.059819e+002
2.890000 3.059354e+002
2.892000 3.058892e+002
2.894000 3.058433e+002
2.896000 3.057977e+002
2.898000 3.057524e+002
2.900000 3.057074e+002
2.902000 3.056628e+002
2.904000 3.056184e+002
2.906000 3.055744e+002
2.908000 3.055307e+002
2.910000 3.054872e+002
2.912000 3.054441e+002
2.914000 3.054013e+002
2.916000 3.053588e+002
2.918000 3.053166e+002
2.920000 3.052746e+002
2.922000 3.052330e+002
2.924000 3.051917e+002
2.926000 3.051506e+002
2.928000 3.051099e+002
2.930000 3.050694e+002
2.932000 3.050292e+002
2.934000 3.049893e+002
2.936000 3.049497e+002
2.938000 3.049104e+002
2.940000 3.048713e+002
2.942000 3.048325e+002
2.944000 3.047940e+002
2.946000 3.047558e+002
2.948000 3.047178e+002
2.950000 3.046801e+002
2.952000 3.046427e+002
2.954000 3.046055e+002
2.956000 3.045686e+002
2.958000 3.045320e+002
2.960000 3.044957e+002
2.962000 3.044596e+002
2.964000 3.044237e+002
2.966000 3.043881e+002
2.968000 3.043528e+002
2.970000 3.043177e+002
2.972000 3.042829e+002
2.974000 3.042483e+002
2.976000 3.042140e+002
2.978000 3.041799e+002
2.980000 3.041461e+002
2.982000 3.041125e+002
2.984000 3.040792e+002
2.986000 3.040461e+002
2.988000 3.040132e+002
2.990000 3.039806e+002
2.992000 3.039482e+002
2.994000 3.039161e+002
2.996000 3.038842e+002
2.998000 3.038525e+002
3.000000 3.038210e+002
3.002000 3.037898e+002
3.004000 3.037588e+002
3.006000 3.037281e+002
3.008000 3.036976e+002
3.010000 3.036673e+002
3.012000 3.036372e+002
3.014000 3.036073e+002
3.016000 3.035777e+002
3.018000 3.035482e+002
3.020000 3.035190e+002
3.022000 3.034900e+002
3.024000 3.034613e+002
3.026000 3.034327e+002
3.028000 3.034044e+002
3.030000 3.033762e+002
3.032000 3.033483e+002
3.034000 3.033206e+002
3.036000 3.032930e+002
3.038000 3.032657e+002
3.040000 3.032386e+002
3.042000 3.032117e+002
3.044000 3.031850e+002
3.046000 3.031585e+002
3.048000 3.031322e+002
3.050000 3.031061e+002
3.052000 3.030802e+002
3.054000 3.030545e+002
3.056000 3.030290e+002
3.058000 3.030036e+002
3.060000 3.029785e+002
3.062000 3.029535e+002
3.064000 3.029288e+002
3.066000 3.029042e+002
3.068000 3.028798e+002
3.070000 3.028556e+002
3.072000 3.028316e+002
3.074000 3.028078e+002
3.076000 3.027841e+002
3.078000 3.027606e+002
3.080000 3.027373e+002
3.082000 3.027142e+002
3.084000 3.026913e+002
3.086000 3.026685e+002
3.088000 3.026459e+002
3.090000 3.026235e+002
3.092000 3.026012e+002
3.094000 3.025792e+002
3.096000 3.025573e+002
3.098000 3.025355e+002
3.100000 3.025139e+002
3.102000 3.024925e+002
3.104000 3.024713e+002
3.106000 3.024502e+002
3.108000 3.024293e+002
3.110000 3.024086e+002
3.112000 3.023880e+002
3.114000 3.023675e+002
3.116000 3.023473e+002
3.118000 3.023271e+002
3.120000 3.023072e+002
3.122000 3.022874e+002
3.124000 3.022677e+002
3.126000 3.022482e+002
3.128000 3.022289e+002
3.130000 3.022097e+002
3.132000 3.021907e+002
3.134000 3.021718e+002
3.136000 3.021530e+002
3.138000 3.021344e+002
3.140000 3.021160e+002
3.142000 3.020976e+002
3.144000 3.020795e+002
3.146000 3.020615e+002
3.148000 3.020436e+002
3.150000 3.020258e+002
3.152000 3.020082e+002
3.154000 3.019908e+002
3.156000 3.019735e+002
3.158000 3.019563e+002
3.160000 3.019392e+002
3.162000 3.019223e+002
3.164000 3.019055e+002
3.166000 3.018889e+002
3.168000 3.018724e+002
3.170000 3.018560e+002
3.172000 3.018397e+002
3.174000 3.018236e+002
3.176000 3.018076e+002
3.178000 3.017918e+002
3.180000 3.017760e+002
3.182000 3.017604e+002
3.184000 3.017449e+002
3.186000 3.017295e+002
3.188000 3.017143e+002
3.190000 3.016992e+002
3.192000 3.016842e+002
3.194000 3.016693e+002
3.196000 3.016546e+002
3.198000 3.016399e+002
3.200000 3.016254e+002
3.202000 3.016110e+002
3.204000 3.015967e+002
3.206000 3.015826e+002
3.208000 3.015685e+002
3.210000 3.015546e+002
3.212000 3.015407e+002
3.214000 3.015270e+002
3.216000 3.015134e+002
3.218000 3.014999e+002
3.220000 3.014865e+002
3.222000 3.014733e+002
3.224000 3.014601e+002
3.226000 3.014470e+002
3.228000 3.014341e+002
3.230000 3.014213e+002
3.232000 3.014085e+002
3.234000 3.013959e+002
3.236000 3.013833e+002
3.238000 3.013709e+002
3.240000 3.013586e+002
3.242000 3.013464e+002
3.244000 3.013342e+002
3.246000 3.013222e+002
3.248000 3.013103e+002
3.250000 3.012985e+002
3.252000 3.012867e+002
3.254000 3.012751e+002
3.256000 3.012636e+002
3.258000 3.012521e+002
3.260000 3.012408e+002
3.262000 3.012296e+002
3.264000 3.012184e+002
3.266000 3.012073e+002
3.268000 3.011964e+002
3.270000 3.011855e+002
3.272000 3.011747e+002
3.274000 3.011640e+002
3.276000 3.011534e+002
3.278000 3.011429e+002
3.280000 3.011324e+002
3.282000 3.011221e+002
3.284000 3.011118e+002
3.286000 3.011017e+002
3.288000 3.010916e+002
3.290000 3.010816e+002
3.292000 3.010717e+002
3.294000 3.010618e+002
3.296000 3.010521e+002
3.298000 3.010424e+002
3.300000 3.010328e+002
3.302000 3.010233e+002
3.304000 3.010139e+002
3.306000 3.010046e+002
3.308000 3.009953e+002
3.310000 3.009861e+002
3.312000 3.009770e+002
3.314000 3.009680e+002
3.316000 3.009590e+002
3.318000 3.009501e+002
3.320000 3.009413e+002
3.322000 3.009326e+002
3.324000 3.009240e+002
3.326000 3.009154e+002
3.328000 3.009069e+002
3.330000 3.008984e+002
3.332000 3.008901e+002
3.334000 3.008818e+002
3.336000 3.008736e+002
3.338000 3.008654e+002
3.340000 3.008574e+002
3.342000 3.008494e+002
3.344000 3.008414e+002
3.346000 3.008336e+002
3.348000 3.008258e+002
3.350000 3.008180e+002
3.352000 3.008104e+002
3.354000 3.008028e+002
3.356000 3.007952e+002
3.358000 3.007878e+002
3.360000 3.007804e+002
3.362000 3.007730e+002
3.364000 3.007657e+002
3.366000 3.007585e+002
3.368000 3.007514e+002
3.370000 3.007443e+002
3.372000 3.007373e+002
3.374000 3.007303e+002
3.376000 3.007234e+002
3.378000 3.007166e+002
3.380000 3.007098e+002
3.382000 3.007031e+002
3.384000 3.006964e+002
3.386000 3.006898e+002
3.388000 3.006833e+002
3.390000 3.006768e+002
3.392000 3.006703e+002
3.394000 3.006640e+002
3.396000 3.006576e+002
3.398000 3.006514e+002
3.400000 3.006452e+002
3.402000 3.006390e+002
3.404000 3.006329e+002
3.406000 3.006269e+002
3.408000 3.006209e+002
3.410000 3.006150e+002
3.412000 3.006091e+002
3.414000 3.006032e+002
3.416000 3.005975e+002
3.418000 3.005917e+002
3.420000 3.005861e+002
3.422000 3.005804e+002
3.424000 3.005749e+002
3.426000 3.005693e+002
3.428000 3.005639e+002
3.430000 3.005584e+002
3.432000 3.005531e+002
3.434000 3.005477e+002
3.436000 3.005424e+002
3.438000 3.005372e+002
3.440000 3.005320e+002
3.442000 3.005269e+002
3.444000 3.005218e+002
3.446000 3.005167e+002
3.448000 3.005117e+002
3.450000 3.005068e+002
3.452000 3.005019e+002
3.454000 3.004970e+002
3.456000 3.004922e+002
3.458000 3.004874e+002
3.460000 3.004827e+002
3.462000 3.004780e+002
3.464000 3.004733e+002
3.466000 3.004687e+002
3.468000 3.004642e+002
3.470000 3.004596e+002
3.472000 3.004552e+002
3.474000 3.004507e+002
3.476000 3.004463e+002
3.478000 3.004420e+002
3.480000 3.004376e+002
3.482000 3.004334e+002
3.484000 3.004291e+002
3.486000 3.004249e+002
3.488000 3.004207e+002
3.490000 3.004166e+002
3.492000 3.004125e+002
3.494000 3.004085e+002
3.496000 3.004045e+002
3.498000 3.004005e+002
3.500000 3.003966e+002
3.502000 3.003927e+002
3.504000 3.003888e+002
3.506000 3.003850e+002
3.508000 3.003812e+002
3.510000 3.003774e+002
3.512000 3.003737e+002
3.514000 3.003700e+002
3.516000 3.003664e+002
3.518000 3.003628e+002
3.520000 3.003592e+002
3.522000 3.003556e+002
3.524000 3.003521e+002
3.526000 3.003486e+002
3.528000 3.003452e+002
3.530000 3.003417e+002
3.532000 3.003384e+002
3.534000 3.003350e+002
3.536000 3.003317e+002
3.538000 3.003284e+002
3.540000 3.003251e+002
3.542000 3.003219e+002
3.544000 3.003187e+002
3.546000 3.003155e+002
3.548000 3.003124e+002
3.550000 3.003093e+002
3.552000 3.003062e+002
3.554000 3.003032e+002
3.556000 3.003001e+002
3.558000 3.002972e+002
3.560000 3.002942e+002
3.562000 3.002913e+002
3.564000 3.002884e+002
3.566000 3.002855e+002
3.568000 3.002826e+002
3.570000 3.002798e+002
3.572000 3.002770e+002
3.574000 3.002742e+002
3.576000 3.002715e+002
3.578000 3.002688e+002
3.580000 3.002661e+002
3.582000 3.002634e+002
3.584000 3.002608e+002
3.586000 3.002582e+002
3.588000 3.002556e+002
3.590000 3.002531e+002
3.592000 3.002505e+002
3.594000 3.002480e+002
3.596000 3.002455e+002
3.598000 3.002431e+002
3.600000 3.002406e+002
3.602000 3.002382e+002
3.604000 3.002358e+002
3.606000 3.002335e+002
3.608000 3.002311e+002
3.610000 3.002288e+002
3.612000 3.002265e+002
3.614000 3.002242e+002
3.616000 3.002220e+002
3.618000 3.002198e+002
3.620000 3.002175e+002
3.622000 3.002154e+002
3.624000 3.002132e+002
3.626000 3.002111e+002
3.628000 3.002089e+002
3.630000 3.002068e+002
3.632000 3.002048e+002
3.634000 3.002027e+002
3.636000 3.002007e+002
3.638000 3.001987e+002
3.640000 3.001967e+002
3.642000 3.001947e+002
3.644000 3.001927e+002
3.646000 3.001908e+002
3.648000 3.001889e+002
3.650000 3.001870e+002
3.652000 3.001851e+002
3.654000 3.001833e+002
3.656000 3.001814e+002
3.658000 3.001796e+002
3.660000 3.001778e+002
3.662000 3.001760e+002
3.664000 3.001743e+002
3.666000 3.001725e+002
3.668000 3.001708e+002
3.670000 3.001691e+002
3.672000 3.001674e+002
3.674000 3.001658e+002
3.676000 3.001641e+002
3.678000 3.001625e+002
3.680000 3.001608e+002
3.682000 3.001592e+002
3.684000 3.001577e+002
3.686000 3.001561e+002
3.688000 3.001545e+002
3.690000 3.001530e+002
3.692000 3.001515e+002
3.694000 3.001500e+002
3.696000 3.001485e+002
3.698000 3.001470e+002
3.700000 3.001456e+002
3.702000 3.001441e+002
3.704000 3.001427e+002
3.706000 3.001413e+002
3.708000 3.001399e+002
3.710000 3.001385e+002
3.712000 3.001372e+002
3.714000 3.001358e+002
3.716000 3.001345e+002
3.718000 3.001332e+002
3.720000 3.001319e+002
3.722000 3.001306e+002
3.724000 3.001293e+002
3.726000 3.001280e+002
3.728000 3.001268e+002
3.730000 3.001256e+002
3.732000 3.001243e+002
3.734000 3.001231e+002
3.736000 3.001220e+002
3.738000 3.001208e+002
3.740000 3.001196e+002
3.742000 3.001185e+002
3.744000 3.001173e+002
3.746000 3.001162e+002
3.748000 3.001151e+002
3.750000 3.001140e+002
3.752000 3.001129e+002
3.754000 3.001118e+002
3.756000 3.001108e+002
3.758000 3.001097e+002
3.760000 3.001087e+002
3.762000 3.001077e+002
3.764000 3.001067e+002
3.766000 3.001057e+002
3.768000 3.001047e+002
3.770000 3.001037e+002
3.772000 3.001027e+002
3.774000 3.001018e+002
3.776000 3.001009e+002
3.778000 3.000999e+002
3.780000 3.000990e+002
3.782000 3.000981e+002
3.784000 3.000972e+002
3.786000 3.000963e+002
3.788000 3.000955e+002
3.790000 3.000946e+002
3.792000 3.000938e+002
3.794000 3.000929e+002
3.796000 3.000921e+002
3.798000 3.000913e+002
3.800000 3.000905e+002
3.802000 3.000897e+002
3.804000 3.000889e+002
3.806000 3.000881e+002
3.808000 3.000874e+002
3.810000 3.000866e+002
3.812000 3.000859e+002
3.814000 3.000851e+002
3.816000 3.000844e+002
3.818000 3.000837e+002
3.820000 3.000830e+002
3.822000 3.000823e+002
3.824000 3.000816e+002
3.826000 3.000809e+002
3.828000 3.000803e+002
3.830000 3.000796e+002
3.832000 3.000790e+002
3.834000 3.000783e+002
3.836000 3.000777e+002
3.838000 3.000771e+002
3.840000 3.000765e+002
3.842000 3.000759e+002
3.844000 3.000753e+002
3.846000 3.000747e+002
3.848000 3.000742e+002
3.850000 3.000736e+002
3.852000 3.000730e+002
3.854000 3.000725e+002
3.856000 3.000720e+002
3.858000 3.000714e+002
3.860000 3.000709e+002
3.862000 3.000704e+002
3.864000 3.000699e+002
3.866000 3.000694e+002
3.868000 3.000689e+002
3.870000 3.000685e+002
3.872000 3.000680e+002
3.874000 3.000676e+002
3.876000 3.000671e+002
3.878000 3.000667e+002
3.880000 3.000662e+002
3.882000 3.000658e+002
3.884000 3.000654e+002
3.886000 3.000650e+002
3.888000 3.000646e+002
3.890000 3.000642e+002
3.892000 3.000638e+002
3.894000 3.000634e+002
3.896000 3.000631e+002
3.898000 3.000627e+002
3.900000 3.000624e+002
3.902000 3.000620e+002
3.904000 3.000617e+002
3.906000 3.000614e+002
3.908000 3.000610e+002
3.910000 3.000607e+002
3.912000 3.000604e+002
3.914000 3.000601e+002
3.916000 3.000598e+002
3.918000 3.000595e+002
3.920000 3.000593e+002
3.922000 3.000590e+002
3.924000 3.000587e+002
3.926000 3.000585e+002
3.928000 3.000582e+002
3.930000 3.000580e+002
3.932000 3.000578e+002
3.934000 3.000576e+002
3.936000 3.000573e+002
3.938000 3.000571e+002
3.940000 3.000569e+002
3.942000 3.000567e+002
3.944000 3.000566e+002
3.946000 3.000564e+002
3.948000 3.000562e+002
3.950000 3.000560e+002
3.952000 3.000559e+002
3.954000 3.000557e+002
3.956000 3.000556e+002
3.958000 3.000555e+002
3.960000 3.000553e+002
3.962000 3.000552e+002
3.964000 3.000551e+002
3.966000 3.000550e+002
3.968000 3.000549e+002
3.970000 3.000548e+002
3.972000 3.000547e+002
3.974000 3.000546e+002
3.976000 3.000546e+002
3.978000 3.000545e+002
3.980000 3.000545e+002
3.982000 3.000544e+002
3.984000 3.000544e+002
3.986000 3.000543e+002
3.988000 3.000543e+002
3.990000 3.000543e+002
3.992000 3.000543e+002
3.994000 3.000543e+002
3.996000 3.000543e+002
3.998000 3.000000e+002
