0.000000 3.473617e+002
0.002000 3.526399e+002
0.004000 3.579163e+002
0.006000 3.631907e+002
0.008000 3.684628e+002
0.010000 3.737325e+002
0.012000 3.789996e+002
0.014000 3.842640e+002
0.016000 3.895253e+002
0.018000 3.947835e+002
0.020000 4.000383e+002
0.022000 4.052895e+002
0.024000 4.105371e+002
0.026000 4.157807e+002
0.028000 4.210202e+002
0.030000 4.262554e+002
0.032000 4.314861e+002
0.034000 4.367122e+002
0.036000 4.419334e+002
0.038000 4.471496e+002
0.040000 4.523605e+002
0.042000 4.575661e+002
0.044000 4.627660e+002
0.046000 4.679602e+002
0.048000 4.731484e+002
0.050000 4.783305e+002
0.052000 4.835063e+002
0.054000 4.886755e+002
0.056000 4.938381e+002
0.058000 4.989938e+002
0.060000 5.041425e+002
0.062000 5.092839e+002
0.064000 5.144180e+002
0.066000 5.195444e+002
0.068000 5.246631e+002
0.070000 5.297738e+002
0.072000 5.348765e+002
0.074000 5.399708e+002
0.076000 5.450567e+002
0.078000 5.501339e+002
0.080000 5.552023e+002
0.082000 5.602617e+002
0.084000 5.653119e+002
0.086000 5.703528e+002
0.088000 5.753842e+002
0.090000 5.804059e+002
0.092000 5.854177e+002
0.094000 5.904195e+002
0.096000 5.954111e+002
0.098000 6.003924e+002
0.100000 6.053631e+002
0.102000 6.103232e+002
0.104000 6.152723e+002
0.106000 6.202105e+002
0.108000 6.251374e+002
0.110000 6.300530e+002
0.112000 6.349570e+002
0.114000 6.398494e+002
0.116000 6.447299e+002
0.118000 6.495985e+002
0.120000 6.544548e+002
0.122000 6.592988e+002
0.124000 6.641304e+002
0.126000 6.689493e+002
0.128000 6.737554e+002
0.130000 6.785486e+002
0.132000 6.833286e+002
0.134000 6.880954e+002
0.136000 6.928487e+002
0.138000 6.975885e+002
0.140000 7.023146e+002
0.142000 7.070268e+002
0.144000 7.117250e+002
0.146000 7.164091e+002
0.148000 7.210788e+002
0.150000 7.257340e+002
0.152000 7.303747e+002
0.154000 7.350006e+002
0.156000 7.396116e+002
0.158000 7.442076e+002
0.160000 7.487884e+002
0.162000 7.533539e+002
0.164000 7.579039e+002
0.166000 7.624384e+002
0.168000 7.669571e+002
0.170000 7.714599e+002
0.172000 7.759468e+002
0.174000 7.804175e+002
0.176000 7.848719e+002
0.178000 7.893099e+002
0.180000 7.937314e+002
0.182000 7.981363e+002
0.184000 8.025243e+002
0.186000 8.068955e+002
0.188000 8.112496e+002
0.190000 8.155865e+002
0.192000 8.199061e+002
0.194000 8.242083e+002
0.196000 8.284930e+002
0.198000 8.327600e+002
0.200000 8.370092e+002
0.202000 8.412405e+002
0.204000 8.454538e+002
0.206000 8.496490e+002
0.208000 8.538259e+002
0.210000 8.579845e+002
0.212000 8.621246e+002
0.214000 8.662461e+002
0.216000 8.703489e+002
0.218000 8.744329e+002
0.220000 8.784979e+002
0.222000 8.825440e+002
0.224000 8.865709e+002
0.226000 8.905785e+002
0.228000 8.945669e+002
0.230000 8.985358e+002
0.232000 9.024851e+002
0.234000 9.064148e+002
0.236000 9.103248e+002
0.238000 9.142149e+002
0.240000 9.180851e+002
0.242000 9.219352e+002
0.244000 9.257652e+002
0.246000 9.295750e+002
0.248000 9.333645e+002
0.250000 9.371336e+002
0.252000 9.408821e+002
0.254000 9.446101e+002
0.256000 9.483174e+002
0.258000 9.520040e+002
0.260000 9.556697e+002
0.262000 9.593145e+002
0.264000 9.629383e+002
0.266000 9.665410e+002
0.268000 9.701225e+002
0.270000 9.736827e+002
0.272000 9.772217e+002
0.274000 9.807392e+002
0.276000 9.842352e+002
0.278000 9.877097e+002
0.280000 9.911626e+002
0.282000 9.945938e+002
0.284000 9.980032e+002
0.286000 1.001391e+003
0.288000 1.004756e+003
0.290000 1.008100e+003
0.292000 1.011422e+003
0.294000 1.014721e+003
0.296000 1.017998e+003
0.298000 1.021254e+003
0.300000 1.024486e+003
0.302000 1.027697e+003
0.304000 1.030885e+003
0.306000 1.034050e+003
0.308000 1.037193e+003
0.310000 1.040314e+003
0.312000 1.043412e+003
0.314000 1.046487e+003
0.316000 1.049539e+003
0.318000 1.052569e+003
0.320000 1.055575e+003
0.322000 1.058559e+003
0.324000 1.061520e+003
0.326000 1.064458e+003
0.328000 1.067373e+003
0.330000 1.070264e+003
0.332000 1.073133e+003
0.334000 1.075978e+003
0.336000 1.078801e+003
0.338000 1.081600e+003
0.340000 1.084375e+003
0.342000 1.087128e+003
0.344000 1.089857e+003
0.346000 1.092562e+003
0.348000 1.095244e+003
0.350000 1.097903e+003
0.352000 1.100538e+003
0.354000 1.103150e+003
0.356000 1.105738e+003
0.358000 1.108303e+003
0.360000 1.110844e+003
0.362000 1.113361e+003
0.364000 1.115854e+003
0.366000 1.118324e+003
0.368000 1.120770e+003
0.370000 1.123193e+003
0.372000 1.125592e+003
0.374000 1.127966e+003
0.376000 1.130318e+003
0.378000 1.132645e+003
0.380000 1.134948e+003
0.382000 1.137228e+003
0.384000 1.139483e+003
0.386000 1.141715e+003
0.388000 1.143923e+003
0.390000 1.146107e+003
0.392000 1.148267e+003
0.394000 1.150403e+003
0.396000 1.152515e+003
0.398000 1.154603e+003
0.400000 1.156668e+003
0.402000 1.158708e+003
0.404000 1.160724e+003
0.406000 1.162716e+003
0.408000 1.164685e+003
0.410000 1.166629e+003
0.412000 1.168549e+003
0.414000 1.170446e+003
0.416000 1.172318e+003
0.418000 1.174166e+003
0.420000 1.175991e+003
0.422000 1.177791e+003
0.424000 1.179567e+003
0.426000 1.181320e+003
0.428000 1.183048e+003
0.430000 1.184752e+003
0.432000 1.186433e+003
0.434000 1.188089e+003
0.436000 1.189722e+003
0.438000 1.191331e+003
0.440000 1.192915e+003
0.442000 1.194476e+003
0.444000 1.196013e+003
0.446000 1.197526e+003
0.448000 1.199015e+003
0.450000 1.200480e+003
0.452000 1.201921e+003
0.454000 1.203339e+003
0.456000 1.204733e+003
0.458000 1.206102e+003
0.460000 1.207448e+003
0.462000 1.208771e+003
0.464000 1.210069e+003
0.466000 1.211344e+003
0.468000 1.212595e+003
0.470000 1.213823e+003
0.472000 1.215027e+003
0.474000 1.216207e+003
0.476000 1.217364e+003
0.478000 1.218497e+003
0.480000 1.219606e+003
0.482000 1.220692e+003
0.484000 1.221754e+003
0.486000 1.222793e+003
0.488000 1.223809e+003
0.490000 1.224801e+003
0.492000 1.225770e+003
0.494000 1.226715e+003
0.496000 1.227637e+003
0.498000 1.228536e+003
0.500000 1.229411e+003
0.502000 1.230264e+003
0.504000 1.231093e+003
0.506000 1.231899e+003
0.508000 1.232681e+003
0.510000 1.233441e+003
0.512000 1.234178e+003
0.514000 1.234892e+003
0.516000 1.235582e+003
0.518000 1.236250e+003
0.520000 1.236895e+003
0.522000 1.237517e+003
0.524000 1.238116e+003
0.526000 1.238693e+003
0.528000 1.239247e+003
0.530000 1.239778e+003
0.532000 1.240286e+003
0.534000 1.240772e+003
0.536000 1.241236e+003
0.538000 1.241677e+003
0.540000 1.242095e+003
0.542000 1.242491e+003
0.544000 1.242865e+003
0.546000 1.243216e+003
0.548000 1.243545e+003
0.550000 1.243852e+003
0.552000 1.244137e+003
0.554000 1.244400e+003
0.556000 1.244640e+003
0.558000 1.244859e+003
0.560000 1.245055e+003
0.562000 1.245230e+003
0.564000 1.245383e+003
0.566000 1.245514e+003
0.568000 1.245624e+003
0.570000 1.245711e+003
0.572000 1.245777e+003
0.574000 1.245822e+003
0.576000 1.245845e+003
0.578000 1.245846e+003
0.580000 1.245827e+003
0.582000 1.245785e+003
0.584000 1.245723e+003
0.586000 1.245639e+003
0.588000 1.245534e+003
0.590000 1.245408e+003
0.592000 1.245261e+003
0.594000 1.245093e+003
0.596000 1.244904e+003
0.598000 1.244695e+003
0.600000 1.244464e+003
0.602000 1.244213e+003
0.604000 1.243941e+003
0.606000 1.243648e+003
0.608000 1.243335e+003
0.610000 1.243002e+003
0.612000 1.242648e+003
0.614000 1.242273e+003
0.616000 1.241879e+003
0.618000 1.241464e+003
0.620000 1.241029e+003
0.622000 1.240574e+003
0.624000 1.240099e+003
0.626000 1.239604e+003
0.628000 1.239089e+003
0.630000 1.238555e+003
0.632000 1.238001e+003
0.634000 1.237427e+003
0.636000 1.236833e+003
0.638000 1.236220e+003
0.640000 1.235588e+003
0.642000 1.234936e+003
0.644000 1.234265e+003
0.646000 1.233575e+003
0.648000 1.232865e+003
0.650000 1.232137e+003
0.652000 1.231389e+003
0.654000 1.230623e+003
0.656000 1.229838e+003
0.658000 1.229034e+003
0.660000 1.228211e+003
0.662000 1.227370e+003
0.664000 1.226510e+003
0.666000 1.225632e+003
0.668000 1.224735e+003
0.670000 1.223821e+003
0.672000 1.222887e+003
0.674000 1.221936e+003
0.676000 1.220967e+003
0.678000 1.219980e+003
0.680000 1.218975e+003
0.682000 1.217952e+003
0.684000 1.216911e+003
0.686000 1.215853e+003
0.688000 1.214777e+003
0.690000 1.213683e+003
0.692000 1.212573e+003
0.694000 1.211445e+003
0.696000 1.210299e+003
0.698000 1.209137e+003
0.700000 1.207957e+003
0.702000 1.206761e+003
0.704000 1.205548e+003
0.706000 1.204317e+003
0.708000 1.203071e+003
0.710000 1.201807e+003
0.712000 1.200527e+003
0.714000 1.199231e+003
0.716000 1.197918e+003
0.718000 1.196589e+003
0.720000 1.195243e+003
0.722000 1.193882e+003
0.724000 1.192504e+003
0.726000 1.191111e+003
0.728000 1.189702e+003
0.730000 1.188277e+003
0.732000 1.186837e+003
0.734000 1.185381e+003
0.736000 1.183909e+003
0.738000 1.182422e+003
0.740000 1.180920e+003
0.742000 1.179403e+003
0.744000 1.177870e+003
0.746000 1.176323e+003
0.748000 1.174760e+003
0.750000 1.173183e+003
0.752000 1.171591e+003
0.754000 1.169985e+003
0.756000 1.168364e+003
0.758000 1.166728e+003
0.760000 1.165079e+003
0.762000 1.163414e+003
0.764000 1.161736e+003
0.766000 1.160044e+003
0.768000 1.158338e+003
0.770000 1.156618e+003
0.772000 1.154884e+003
0.774000 1.153137e+003
0.776000 1.151376e+003
0.778000 1.149601e+003
0.780000 1.147814e+003
0.782000 1.146013e+003
0.784000 1.144198e+003
0.786000 1.142371e+003
0.788000 1.140531e+003
0.790000 1.138678e+003
0.792000 1.136812e+003
0.794000 1.134933e+003
0.796000 1.133042e+003
0.798000 1.131139e+003
0.800000 1.129223e+003
0.802000 1.127295e+003
0.804000 1.125355e+003
0.806000 1.123402e+003
0.808000 1.121438e+003
0.810000 1.119462e+003
0.812000 1.117474e+003
0.814000 1.115475e+003
0.816000 1.113464e+003
0.818000 1.111441e+003
0.820000 1.109407e+003
0.822000 1.107362e+003
0.824000 1.105306e+003
0.826000 1.103239e+003
0.828000 1.101161e+003
0.830000 1.099072e+003
0.832000 1.096973e+003
0.834000 1.094863e+003
0.836000 1.092742e+003
0.838000 1.090611e+003
0.840000 1.088470e+003
0.842000 1.086319e+003
0.844000 1.084158e+003
0.846000 1.081986e+003
0.848000 1.079805e+003
0.850000 1.077614e+003
0.852000 1.075414e+003
0.854000 1.073204e+003
0.856000 1.070984e+003
0.858000 1.068755e+003
0.860000 1.066517e+003
0.862000 1.064270e+003
0.864000 1.062014e+003
0.866000 1.059750e+003
0.868000 1.057476e+003
0.870000 1.055194e+003
0.872000 1.052903e+003
0.874000 1.050604e+003
0.876000 1.048296e+003
0.878000 1.045980e+003
0.880000 1.043656e+003
0.882000 1.041325e+003
0.884000 1.038985e+003
0.886000 1.036637e+003
0.888000 1.034282e+003
0.890000 1.031919e+003
0.892000 1.029549e+003
0.894000 1.027172e+003
0.896000 1.024787e+003
0.898000 1.022395e+003
0.900000 1.019996e+003
0.902000 1.017591e+003
0.904000 1.015178e+003
0.906000 1.012759e+003
0.908000 1.010333e+003
0.910000 1.007901e+003
0.912000 1.005463e+003
0.914000 1.003018e+003
0.916000 1.000567e+003
0.918000 9.981104e+002
0.920000 9.956477e+002
0.922000 9.931792e+002
0.924000 9.907050e+002
0.926000 9.882253e+002
0.928000 9.857401e+002
0.930000 9.832496e+002
0.932000 9.807539e+002
0.934000 9.782531e+002
0.936000 9.757472e+002
0.938000 9.732365e+002
0.940000 9.707209e+002
0.942000 9.682007e+002
0.944000 9.656760e+002
0.946000 9.631468e+002
0.948000 9.606132e+002
0.950000 9.580755e+002
0.952000 9.555336e+002
0.954000 9.529877e+002
0.956000 9.504378e+002
0.958000 9.478843e+002
0.960000 9.453270e+002
0.962000 9.427661e+002
0.964000 9.402018e+002
0.966000 9.376342e+002
0.968000 9.350633e+002
0.970000 9.324893e+002
0.972000 9.299122e+002
0.974000 9.273323e+002
0.976000 9.247495e+002
0.978000 9.221641e+002
0.980000 9.195760e+002
0.982000 9.169855e+002
0.984000 9.143926e+002
0.986000 9.117975e+002
0.988000 9.092001e+002
0.990000 9.066008e+002
0.992000 9.039995e+002
0.994000 9.013964e+002
0.996000 8.987915e+002
0.998000 8.961851e+002
1.000000 8.935771e+002
1.002000 8.909677e+002
1.004000 8.883570e+002
1.006000 8.857451e+002
1.008000 8.831322e+002
1.010000 8.805182e+002
1.012000 8.779034e+002
1.014000 8.752878e+002
1.016000 8.726715e+002
1.018000 8.700547e+002
1.020000 8.674374e+002
1.022000 8.648198e+002
1.024000 8.622019e+002
1.026000 8.595838e+002
1.028000 8.569657e+002
1.030000 8.543477e+002
1.032000 8.517298e+002
1.034000 8.491122e+002
1.036000 8.464949e+002
1.038000 8.438781e+002
1.040000 8.412619e+002
1.042000 8.386463e+002
1.044000 8.360315e+002
1.046000 8.334175e+002
1.048000 8.308045e+002
1.050000 8.281926e+002
1.052000 8.255818e+002
1.054000 8.229723e+002
1.056000 8.203642e+002
1.058000 8.177574e+002
1.060000 8.151523e+002
1.062000 8.125488e+002
1.064000 8.099470e+002
1.066000 8.073470e+002
1.068000 8.047490e+002
1.070000 8.021530e+002
1.072000 7.995591e+002
1.074000 7.969675e+002
1.076000 7.943781e+002
1.078000 7.917912e+002
1.080000 7.892067e+002
1.082000 7.866249e+002
1.084000 7.840457e+002
1.086000 7.814692e+002
1.088000 7.788956e+002
1.090000 7.763250e+002
1.092000 7.737574e+002
1.094000 7.711929e+002
1.096000 7.686317e+002
1.098000 7.660737e+002
1.100000 7.635192e+002
1.102000 7.609681e+002
1.104000 7.584205e+002
1.106000 7.558766e+002
1.108000 7.533365e+002
1.110000 7.508001e+002
1.112000 7.482677e+002
1.114000 7.457393e+002
1.116000 7.432149e+002
1.118000 7.406946e+002
1.120000 7.381786e+002
1.122000 7.356669e+002
1.124000 7.331596e+002
1.126000 7.306568e+002
1.128000 7.281585e+002
1.130000 7.256649e+002
1.132000 7.231760e+002
1.134000 7.206918e+002
1.136000 7.182126e+002
1.138000 7.157382e+002
1.140000 7.132689e+002
1.142000 7.108047e+002
1.144000 7.083456e+002
1.146000 7.058918e+002
1.148000 7.034433e+002
1.150000 7.010002e+002
1.152000 6.985625e+002
1.154000 6.961304e+002
1.156000 6.937039e+002
1.158000 6.912830e+002
1.160000 6.888679e+002
1.162000 6.864586e+002
1.164000 6.840552e+002
1.166000 6.816577e+002
1.168000 6.792662e+002
1.170000 6.768809e+002
1.172000 6.745016e+002
1.174000 6.721286e+002
1.176000 6.697618e+002
1.178000 6.674014e+002
1.180000 6.650474e+002
1.182000 6.626998e+002
1.184000 6.603588e+002
1.186000 6.580243e+002
1.188000 6.556965e+002
1.190000 6.533754e+002
1.192000 6.510611e+002
1.194000 6.487535e+002
1.196000 6.464529e+002
1.198000 6.441592e+002
1.200000 6.418725e+002
1.202000 6.395928e+002
1.204000 6.373202e+002
1.206000 6.350548e+002
1.208000 6.327966e+002
1.210000 6.305456e+002
1.212000 6.283019e+002
1.214000 6.260656e+002
1.216000 6.238368e+002
1.218000 6.216153e+002
1.220000 6.194014e+002
1.222000 6.171951e+002
1.224000 6.149963e+002
1.226000 6.128052e+002
1.228000 6.106218e+002
1.230000 6.084462e+002
1.232000 6.062783e+002
1.234000 6.041183e+002
1.236000 6.019661e+002
1.238000 5.998219e+002
1.240000 5.976856e+002
1.242000 5.955573e+002
1.244000 5.934370e+002
1.246000 5.913248e+002
1.248000 5.892208e+002
1.250000 5.871249e+002
1.252000 5.850371e+002
1.254000 5.829577e+002
1.256000 5.808864e+002
1.258000 5.788235e+002
1.260000 5.767689e+002
1.262000 5.747227e+002
1.264000 5.726849e+002
1.266000 5.706555e+002
1.268000 5.686345e+002
1.270000 5.666221e+002
1.272000 5.646182e+002
1.274000 5.626228e+002
1.276000 5.606360e+002
1.278000 5.586579e+002
1.280000 5.566883e+002
1.282000 5.547274e+002
1.284000 5.527753e+002
1.286000 5.508318e+002
1.288000 5.488971e+002
1.290000 5.469711e+002
1.292000 5.450539e+002
1.294000 5.431455e+002
1.296000 5.412460e+002
1.298000 5.393553e+002
1.300000 5.374734e+002
1.302000 5.356005e+002
1.304000 5.337364e+002
1.306000 5.318813e+002
1.308000 5.300351e+002
1.310000 5.281979e+002
1.312000 5.263697e+002
1.314000 5.245504e+002
1.316000 5.227402e+002
1.318000 5.209390e+002
1.320000 5.191468e+002
1.322000 5.173636e+002
1.324000 5.155895e+002
1.326000 5.138245e+002
1.328000 5.120685e+002
1.330000 5.103217e+002
1.332000 5.085839e+002
1.334000 5.068553e+002
1.336000 5.051357e+002
1.338000 5.034253e+002
1.340000 5.017240e+002
1.342000 5.000318e+002
1.344000 4.983488e+002
1.346000 4.966749e+002
1.348000 4.950102e+002
1.350000 4.933546e+002
1.352000 4.917082e+002
1.354000 4.900709e+002
1.356000 4.884428e+002
1.358000 4.868239e+002
1.360000 4.852141e+002
1.362000 4.836135e+002
1.364000 4.820220e+002
1.366000 4.804397e+002
1.368000 4.788665e+002
1.370000 4.773025e+002
1.372000 4.757477e+002
1.374000 4.742019e+002
1.376000 4.726654e+002
1.378000 4.711379e+002
1.380000 4.696196e+002
1.382000 4.681105e+002
1.384000 4.666104e+002
1.386000 4.651195e+002
1.388000 4.636376e+002
1.390000 4.621649e+002
1.392000 4.607012e+002
1.394000 4.592467e+002
1.396000 4.578011e+002
1.398000 4.563647e+002
1.400000 4.549373e+002
1.402000 4.535189e+002
1.404000 4.521096e+002
1.406000 4.507092e+002
1.408000 4.493179e+002
1.410000 4.479355e+002
1.412000 4.465621e+002
1.414000 4.451977e+002
1.416000 4.438422e+002
1.418000 4.424957e+002
1.420000 4.411580e+002
1.422000 4.398293e+002
1.424000 4.385094e+002
1.426000 4.371984e+002
1.428000 4.358962e+002
1.430000 4.346028e+002
1.432000 4.333183e+002
1.434000 4.320425e+002
1.436000 4.307755e+002
1.438000 4.295173e+002
1.440000 4.282677e+002
1.442000 4.270269e+002
1.444000 4.257948e+002
1.446000 4.245713e+002
1.448000 4.233565e+002
1.450000 4.221503e+002
1.452000 4.209526e+002
1.454000 4.197636e+002
1.456000 4.185831e+002
1.458000 4.174111e+002
1.460000 4.162477e+002
1.462000 4.150927e+002
1.464000 4.139461e+002
1.466000 4.128080e+002
1.468000 4.116783e+002
1.470000 4.105569e+002
1.472000 4.094439e+002
1.474000 4.083393e+002
1.476000 4.072429e+002
1.478000 4.061548e+002
1.480000 4.050749e+002
1.482000 4.040032e+002
1.484000 4.029397e+002
1.486000 4.018844e+002
1.488000 4.008371e+002
1.490000 3.997980e+002
1.492000 3.987670e+002
1.494000 3.977439e+002
1.496000 3.967289e+002
1.498000 3.957219e+002
1.500000 3.947228e+002
1.502000 3.937316e+002
1.504000 3.927483e+002
1.506000 3.917728e+002
1.508000 3.908052e+002
1.510000 3.898453e+002
1.512000 3.888932e+002
1.514000 3.879488e+002
1.516000 3.870122e+002
1.518000 3.860831e+002
1.520000 3.851617e+002
1.522000 3.842479e+002
1.524000 3.833416e+002
1.526000 3.824428e+002
1.528000 3.815516e+002
1.530000 3.806678e+002
1.532000 3.797914e+002
1.534000 3.789224e+002
1.536000 3.780607e+002
1.538000 3.772064e+002
1.540000 3.763593e+002
1.542000 3.755195e+002
1.544000 3.746869e+002
1.546000 3.738615e+002
1.548000 3.730432e+002
1.550000 3.722320e+002
1.552000 3.714278e+002
1.554000 3.706307e+002
1.556000 3.698406e+002
1.558000 3.690575e+002
1.560000 3.682812e+002
1.562000 3.675119e+002
1.564000 3.667494e+002
1.566000 3.659937e+002
1.568000 3.652448e+002
1.570000 3.645026e+002
1.572000 3.637671e+002
1.574000 3.630383e+002
1.576000 3.623161e+002
1.578000 3.616005e+002
1.580000 3.608915e+002
1.582000 3.601889e+002
1.584000 3.594928e+002
1.586000 3.588032e+002
1.588000 3.581200e+002
1.590000 3.574431e+002
1.592000 3.567725e+002
1.594000 3.561083e+002
1.596000 3.554503e+002
1.598000 3.547985e+002
1.600000 3.541528e+002
1.602000 3.535133e+002
1.604000 3.528799e+002
1.606000 3.522526e+002
1.608000 3.516312e+002
1.610000 3.510159e+002
1.612000 3.504065e+002
1.614000 3.498030e+002
1.616000 3.492053e+002
1.618000 3.486135e+002
1.620000 3.480275e+002
1.622000 3.474472e+002
1.624000 3.468727e+002
1.626000 3.463038e+002
1.628000 3.457406e+002
1.630000 3.451829e+002
1.632000 3.446308e+002
1.634000 3.440843e+002
1.636000 3.435432e+002
1.638000 3.430076e+002
1.640000 3.424774e+002
1.642000 3.419525e+002
1.644000 3.414330e+002
1.646000 3.409188e+002
1.648000 3.404099e+002
1.650000 3.399061e+002
1.652000 3.394076e+002
1.654000 3.389142e+002
1.656000 3.384258e+002
1.658000 3.379426e+002
1.660000 3.374644e+002
1.662000 3.369912e+002
1.664000 3.365230e+002
1.666000 3.360596e+002
1.668000 3.356012e+002
1.670000 3.351476e+002
1.672000 3.346988e+002
1.674000 3.342548e+002
1.676000 3.338155e+002
1.678000 3.333809e+002
1.680000 3.329510e+002
1.682000 3.325257e+002
1.684000 3.321050e+002
1.686000 3.316889e+002
1.688000 3.312772e+002
1.690000 3.308701e+002
1.692000 3.304674e+002
1.694000 3.300691e+002
1.696000 3.296751e+002
1.698000 3.292856e+002
1.700000 3.289003e+002
1.702000 3.285193e+002
1.704000 3.281425e+002
1.706000 3.277699e+002
1.708000 3.274015e+002
1.710000 3.270372e+002
1.712000 3.266770e+002
1.714000 3.263208e+002
1.716000 3.259687e+002
1.718000 3.256205e+002
1.720000 3.252763e+002
1.722000 3.249361e+002
1.724000 3.245997e+002
1.726000 3.242672e+002
1.728000 3.239385e+002
1.730000 3.236135e+002
1.732000 3.232924e+002
1.734000 3.229749e+002
1.736000 3.226611e+002
1.738000 3.223510e+002
1.740000 3.220445e+002
1.742000 3.217416e+002
1.744000 3.214423e+002
1.746000 3.211464e+002
1.748000 3.208541e+002
1.750000 3.205652e+002
1.752000 3.202798e+002
1.754000 3.199977e+002
1.756000 3.197190e+002
1.758000 3.194436e+002
1.760000 3.191716e+002
1.762000 3.189028e+002
1.764000 3.186372e+002
1.766000 3.183749e+002
1.768000 3.181157e+002
1.770000 3.178597e+002
1.772000 3.176068e+002
1.774000 3.173569e+002
1.776000 3.171102e+002
1.778000 3.168664e+002
1.780000 3.166257e+002
1.782000 3.163879e+002
1.784000 3.161531e+002
1.786000 3.159212e+002
1.788000 3.156921e+002
1.790000 3.154660e+002
1.792000 3.152426e+002
1.794000 3.150220e+002
1.796000 3.148042e+002
1.798000 3.145892e+002
1.800000 3.143769e+002
1.802000 3.141672e+002
1.804000 3.139602e+002
1.806000 3.137558e+002
1.808000 3.135541e+002
1.810000 3.133549e+002
1.812000 3.131583e+002
1.814000 3.129641e+002
1.816000 3.127725e+002
1.818000 3.125834e+002
1.820000 3.123967e+002
1.822000 3.122124e+002
1.824000 3.120305e+002
1.826000 3.118510e+002
1.828000 3.116738e+002
1.830000 3.114990e+002
1.832000 3.113264e+002
1.834000 3.111561e+002
1.836000 3.109881e+002
1.838000 3.108223e+002
1.840000 3.106586e+002
1.842000 3.104972e+002
1.844000 3.103379e+002
1.846000 3.101807e+002
1.848000 3.100256e+002
1.850000 3.098726e+002
1.852000 3.097216e+002
1.854000 3.095727e+002
1.856000 3.094258e+002
1.858000 3.092809e+002
1.860000 3.091379e+002
1.862000 3.089969e+002
1.864000 3.088578e+002
1.866000 3.087206e+002
1.868000 3.085853e+002
1.870000 3.084518e+002
1.872000 3.083202e+002
1.874000 3.081904e+002
1.876000 3.080624e+002
1.878000 3.079361e+002
1.880000 3.078116e+002
1.882000 3.076888e+002
1.884000 3.075678e+002
1.886000 3.074484e+002
1.888000 3.073307e+002
1.890000 3.072147e+002
1.892000 3.071002e+002
1.894000 3.069874e+002
1.896000 3.068762e+002
1.898000 3.067666e+002
1.900000 3.066585e+002
1.902000 3.065519e+002
1.904000 3.064469e+002
1.906000 3.063434e+002
1.908000 3.062413e+002
1.910000 3.061408e+002
1.912000 3.060416e+002
1.914000 3.059439e+002
1.916000 3.058476e+002
1.918000 3.057527e+002
1.920000 3.056592e+002
1.922000 3.055670e+002
1.924000 3.054762e+002
1.926000 3.053867e+002
1.928000 3.052985e+002
1.930000 3.052115e+002
1.932000 3.051259e+002
1.934000 3.050415e+002
1.936000 3.049584e+002
1.938000 3.048765e+002
1.940000 3.047958e+002
1.942000 3.047164e+002
1.944000 3.046381e+002
1.946000 3.045609e+002
1.948000 3.044849e+002
1.950000 3.044101e+002
1.952000 3.043364e+002
1.954000 3.042637e+002
1.956000 3.041922e+002
1.958000 3.041218e+002
1.960000 3.040524e+002
1.962000 3.039841e+002
1.964000 3.039168e+002
1.966000 3.038505e+002
1.968000 3.037853e+002
1.970000 3.037210e+002
1.972000 3.036577e+002
1.974000 3.035954e+002
1.976000 3.035341e+002
1.978000 3.034737e+002
1.980000 3.034142e+002
1.982000 3.033557e+002
1.984000 3.032980e+002
1.986000 3.032413e+002
1.988000 3.031854e+002
1.990000 3.031304e+002
1.992000 3.030763e+002
1.994000 3.030230e+002
1.996000 3.029705e+002
1.998000 3.029189e+002
2.000000 3.028681e+002
2.002000 3.028181e+002
2.004000 3.027689e+002
2.006000 3.027204e+002
2.008000 3.026728e+002
2.010000 3.026258e+002
2.012000 3.025797e+002
2.014000 3.025342e+002
2.016000 3.024895e+002
2.018000 3.024456e+002
2.020000 3.024023e+002
2.022000 3.023597e+002
2.024000 3.023178e+002
2.026000 3.022766e+002
2.028000 3.022360e+002
2.030000 3.021961e+002
2.032000 3.021569e+002
2.034000 3.021183e+002
2.036000 3.020803e+002
2.038000 3.020430e+002
2.040000 3.020062e+002
2.042000 3.019701e+002
2.044000 3.019345e+002
2.046000 3.018996e+002
2.048000 3.018652e+002
2.050000 3.018314e+002
2.052000 3.017981e+002
2.054000 3.017654e+002
2.056000 3.017332e+002
2.058000 3.017016e+002
2.060000 3.016705e+002
2.062000 3.016399e+002
2.064000 3.016099e+002
2.066000 3.015803e+002
2.068000 3.015512e+002
2.070000 3.015227e+002
2.072000 3.014946e+002
2.074000 3.014670e+002
2.076000 3.014398e+002
2.078000 3.014131e+002
2.080000 3.013869e+002
2.082000 3.013611e+002
2.084000 3.013357e+002
2.086000 3.013108e+002
2.088000 3.012863e+002
2.090000 3.012623e+002
2.092000 3.012386e+002
2.094000 3.012154e+002
2.096000 3.011925e+002
2.098000 3.011701e+002
2.100000 3.011480e+002
2.102000 3.011263e+002
2.104000 3.011050e+002
2.106000 3.010841e+002
2.108000 3.010635e+002
2.110000 3.010433e+002
2.112000 3.010235e+002
2.114000 3.010039e+002
2.116000 3.009848e+002
2.118000 3.009660e+002
2.120000 3.009475e+002
2.122000 3.009293e+002
2.124000 3.009114e+002
2.126000 3.008939e+002
2.128000 3.008767e+002
2.130000 3.008598e+002
2.132000 3.008432e+002
2.134000 3.008268e+002
2.136000 3.008108e+002
2.138000 3.007951e+002
2.140000 3.007796e+002
2.142000 3.007645e+002
2.144000 3.007495e+002
2.146000 3.007349e+002
2.148000 3.007205e+002
2.150000 3.007064e+002
2.152000 3.006926e+002
2.154000 3.006790e+002
2.156000 3.006656e+002
2.158000 3.006525e+002
2.160000 3.006396e+002
2.162000 3.006270e+002
2.164000 3.006146e+002
2.166000 3.006024e+002
2.168000 3.005904e+002
2.170000 3.005787e+002
2.172000 3.005672e+002
2.174000 3.005559e+002
2.176000 3.005448e+002
2.178000 3.005339e+002
2.180000 3.005232e+002
2.182000 3.005127e+002
2.184000 3.005024e+002
2.186000 3.004923e+002
2.188000 3.004824e+002
2.190000 3.004727e+002
2.192000 3.004631e+002
2.194000 3.004537e+002
2.196000 3.004446e+002
2.198000 3.004355e+002
2.200000 3.004267e+002
2.202000 3.004180e+002
2.204000 3.004095e+002
2.206000 3.004011e+002
2.208000 3.003929e+002
2.210000 3.003849e+002
2.212000 3.003770e+002
2.214000 3.003693e+002
2.216000 3.003617e+002
2.218000 3.003542e+002
2.220000 3.003469e+002
2.222000 3.003398e+002
2.224000 3.003328e+002
2.226000 3.003259e+002
2.228000 3.003191e+002
2.230000 3.003125e+002
2.232000 3.003060e+002
2.234000 3.002996e+002
2.236000 3.002934e+002
2.238000 3.002873e+002
2.240000 3.002813e+002
2.242000 3.002754e+002
2.244000 3.002696e+002
2.246000 3.002639e+002
2.248000 3.002584e+002
2.250000 3.002530e+002
2.252000 3.002476e+002
2.254000 3.002424e+002
2.256000 3.002373e+002
2.258000 3.002322e+002
2.260000 3.002273e+002
2.262000 3.002225e+002
2.264000 3.002178e+002
2.266000 3.002131e+002
2.268000 3.002086e+002
2.270000 3.002041e+002
2.272000 3.001998e+002
2.274000 3.001955e+002
2.276000 3.001913e+002
2.278000 3.001872e+002
2.280000 3.001832e+002
2.282000 3.001792e+002
2.284000 3.001754e+002
2.286000 3.001716e+002
2.288000 3.001679e+002
2.290000 3.001643e+002
2.292000 3.001607e+002
2.294000 3.001572e+002
2.296000 3.001538e+002
2.298000 3.001505e+002
2.300000 3.001472e+002
2.302000 3.001440e+002
2.304000 3.001408e+002
2.306000 3.001377e+002
2.308000 3.001347e+002
2.310000 3.001318e+002
2.312000 3.001289e+002
2.314000 3.001260e+002
2.316000 3.001233e+002
2.318000 3.001205e+002
2.320000 3.001179e+002
2.322000 3.001153e+002
2.324000 3.001127e+002
2.326000 3.001102e+002
2.328000 3.001078e+002
2.330000 3.001054e+002
2.332000 3.001030e+002
2.334000 3.001007e+002
2.336000 3.000985e+002
2.338000 3.000963e+002
2.340000 3.000941e+002
2.342000 3.000920e+002
2.344000 3.000900e+002
2.346000 3.000879e+002
2.348000 3.000860e+002
2.350000 3.000840e+002
2.352000 3.000821e+002
2.354000 3.000803e+002
2.356000 3.000785e+002
2.358000 3.000767e+002
2.360000 3.000750e+002
2.362000 3.000733e+002
2.364000 3.000716e+002
2.366000 3.000700e+002
2.368000 3.000684e+002
2.370000 3.000668e+002
2.372000 3.000653e+002
2.374000 3.000638e+002
2.376000 3.000623e+002
2.378000 3.000609e+002
2.380000 3.000595e+002
2.382000 3.000581e+002
2.384000 3.000568e+002
2.386000 3.000555e+002
2.388000 3.000542e+002
2.390000 3.000529e+002
2.392000 3.000517e+002
2.394000 3.000505e+002
2.396000 3.000494e+002
2.398000 3.000482e+002
2.400000 3.000471e+002
2.402000 3.000460e+002
2.404000 3.000449e+002
2.406000 3.000439e+002
2.408000 3.000428e+002
2.410000 3.000418e+002
2.412000 3.000409e+002
2.414000 3.000399e+002
2.416000 3.000390e+002
2.418000 3.000380e+002
2.420000 3.000371e+002
2.422000 3.000363e+002
2.424000 3.000354e+002
2.426000 3.000346e+002
2.428000 3.000338e+002
2.430000 3.000330e+002
2.432000 3.000322e+002
2.434000 3.000314e+002
2.436000 3.000307e+002
2.438000 3.000299e+002
2.440000 3.000292e+002
2.442000 3.000285e+002
2.444000 3.000278e+002
2.446000 3.000272e+002
2.448000 3.000265e+002
2.450000 3.000259e+002
2.452000 3.000253e+002
2.454000 3.000247e+002
2.456000 3.000241e+002
2.458000 3.000235e+002
2.460000 3.000229e+002
2.462000 3.000224e+002
2.464000 3.000218e+002
2.466000 3.000213e+002
2.468000 3.000208e+002
2.470000 3.000203e+002
2.472000 3.000198e+002
2.474000 3.000193e+002
2.476000 3.000188e+002
2.478000 3.000184e+002
2.480000 3.000179e+002
2.482000 3.000175e+002
2.484000 3.000170e+002
2.486000 3.000166e+002
2.488000 3.000162e+002
2.490000 3.000158e+002
2.492000 3.000154e+002
2.494000 3.000151e+002
2.496000 3.000147e+002
2.498000 3.000143e+002
2.500000 3.000140e+002
2.502000 3.000136e+002
2.504000 3.000133e+002
2.506000 3.000130e+002
2.508000 3.000126e+002
2.510000 3.000123e+002
2.512000 3.000120e+002
2.514000 3.000117e+002
2.516000 3.000114e+002
2.518000 3.000111e+002
2.520000 3.000109e+002
2.522000 3.000106e+002
2.524000 3.000103e+002
2.526000 3.000101e+002
2.528000 3.000098e+002
2.530000 3.000096e+002
2.532000 3.000093e+002
2.534000 3.000091e+002
2.536000 3.000088e+002
2.538000 3.000086e+002
2.540000 3.000084e+002
2.542000 3.000082e+002
2.544000 3.000080e+002
2.546000 3.000078e+002
2.548000 3.000076e+002
2.550000 3.000074e+002
2.552000 3.000072e+002
2.554000 3.000070e+002
2.556000 3.000068e+002
2.558000 3.000067e+002
2.560000 3.000065e+002
2.562000 3.000063e+002
2.564000 3.000062e+002
2.566000 3.000060e+002
2.568000 3.000059e+002
2.570000 3.000057e+002
2.572000 3.000056e+002
2.574000 3.000054e+002
2.576000 3.000053e+002
2.578000 3.000051e+002
2.580000 3.000050e+002
2.582000 3.000049e+002
2.584000 3.000047e+002
2.586000 3.000046e+002
2.588000 3.000045e+002
2.590000 3.000044e+002
2.592000 3.000043e+002
2.594000 3.000042e+002
2.596000 3.000040e+002
2.598000 3.000039e+002
2.600000 3.000038e+002
2.602000 3.000037e+002
2.604000 3.000036e+002
2.606000 3.000035e+002
2.608000 3.000035e+002
2.610000 3.000034e+002
2.612000 3.000033e+002
2.614000 3.000032e+002
2.616000 3.000031e+002
2.618000 3.000030e+002
2.620000 3.000029e+002
2.622000 3.000029e+002
2.624000 3.000028e+002
2.626000 3.000027e+002
2.628000 3.000026e+002
2.630000 3.000026e+002
2.632000 3.000025e+002
2.634000 3.000024e+002
2.636000 3.000024e+002
2.638000 3.000023e+002
2.640000 3.000022e+002
2.642000 3.000022e+002
2.644000 3.000021e+002
2.646000 3.000021e+002
2.648000 3.000020e+002
2.650000 3.000020e+002
2.652000 3.000019e+002
2.654000 3.000019e+002
2.656000 3.000018e+002
2.658000 3.000018e+002
2.660000 3.000017e+002
2.662000 3.000017e+002
2.664000 3.000016e+002
2.666000 3.000016e+002
2.668000 3.000015e+002
2.670000 3.000015e+002
2.672000 3.000014e+002
2.674000 3.000014e+002
2.676000 3.000014e+002
2.678000 3.000013e+002
2.680000 3.000013e+002
2.682000 3.000013e+002
2.684000 3.000012e+002
2.686000 3.000012e+002
2.688000 3.000012e+002
2.690000 3.000011e+002
2.692000 3.000011e+002
2.694000 3.000011e+002
2.696000 3.000010e+002
2.698000 3.000010e+002
2.700000 3.000010e+002
2.702000 3.000010e+002
2.704000 3.000009e+002
2.706000 3.000009e+002
2.708000 3.000009e+002
2.710000 3.000008e+002
2.712000 3.000008e+002
2.714000 3.000008e+002
2.716000 3.000008e+002
2.718000 3.000008e+002
2.720000 3.000007e+002
2.722000 3.000007e+002
2.724000 3.000007e+002
2.726000 3.000007e+002
2.728000 3.000007e+002
2.730000 3.000006e+002
2.732000 3.000006e+002
2.734000 3.000006e+002
2.736000 3.000006e+002
2.738000 3.000006e+002
2.740000 3.000006e+002
2.742000 3.000005e+002
2.744000 3.000005e+002
2.746000 3.000005e+002
2.748000 3.000005e+002
2.750000 3.000005e+002
2.752000 3.000005e+002
2.754000 3.000005e+002
2.756000 3.000004e+002
2.758000 3.000004e+002
2.760000 3.000004e+002
2.762000 3.000004e+002
2.764000 3.000004e+002
2.766000 3.000004e+002
2.768000 3.000004e+002
2.770000 3.000004e+002
2.772000 3.000003e+002
2.774000 3.000003e+002
2.776000 3.000003e+002
2.778000 3.000003e+002
2.780000 3.000003e+002
2.782000 3.000003e+002
2.784000 3.000003e+002
2.786000 3.000003e+002
2.788000 3.000003e+002
2.790000 3.000003e+002
2.792000 3.000003e+002
2.794000 3.000003e+002
2.796000 3.000002e+002
2.798000 3.000002e+002
2.800000 3.000002e+002
2.802000 3.000002e+002
2.804000 3.000002e+002
2.806000 3.000002e+002
2.808000 3.000002e+002
2.810000 3.000002e+002
2.812000 3.000002e+002
2.814000 3.000002e+002
2.816000 3.000002e+002
2.818000 3.000002e+002
2.820000 3.000002e+002
2.822000 3.000002e+002
2.824000 3.000002e+002
2.826000 3.000002e+002
2.828000 3.000002e+002
2.830000 3.000001e+002
2.832000 3.000001e+002
2.834000 3.000001e+002
2.836000 3.000001e+002
2.838000 3.000001e+002
2.840000 3.000001e+002
2.842000 3.000001e+002
2.844000 3.000001e+002
2.846000 3.000001e+002
2.848000 3.000001e+002
2.850000 3.000001e+002
2.852000 3.000001e+002
2.854000 3.000001e+002
2.856000 3.000001e+002
2.858000 3.000001e+002
2.860000 3.000001e+002
2.862000 3.000001e+002
2.864000 3.000001e+002
2.866000 3.000001e+002
2.868000 3.000001e+002
2.870000 3.000001e+002
2.872000 3.000001e+002
2.874000 3.000001e+002
2.876000 3.000001e+002
2.878000 3.000001e+002
2.880000 3.000001e+002
2.882000 3.000001e+002
2.884000 3.000001e+002
2.886000 3.000001e+002
2.888000 3.000001e+002
2.890000 3.000001e+002
2.892000 3.000001e+002
2.894000 3.000001e+002
2.896000 3.000001e+002
2.898000 3.000001e+002
2.900000 3.000001e+002
2.902000 3.000000e+002
2.904000 3.000000e+002
2.906000 3.000000e+002
2.908000 3.000000e+002
2.910000 3.000000e+002
2.912000 3.000000e+002
2.914000 3.000000e+002
2.916000 3.000000e+002
2.918000 3.000000e+002
2.920000 3.000000e+002
2.922000 3.000000e+002
2.924000 3.000000e+002
2.926000 3.000000e+002
2.928000 3.000000e+002
2.930000 3.000000e+002
2.932000 3.000000e+002
2.934000 3.000000e+002
2.936000 3.000000e+002
2.938000 3.000000e+002
2.940000 3.000000e+002
2.942000 3.000000e+002
2.944000 3.000000e+002
2.946000 3.000000e+002
2.948000 3.000000e+002
2.950000 3.000000e+002
2.952000 3.000000e+002
2.954000 3.000000e+002
2.956000 3.000000e+002
2.958000 3.000000e+002
2.960000 3.000000e+002
2.962000 3.000000e+002
2.964000 3.000000e+002
2.966000 3.000000e+002
2.968000 3.000000e+002
2.970000 3.000000e+002
2.972000 3.000000e+002
2.974000 3.000000e+002
2.976000 3.000000e+002
2.978000 3.000000e+002
2.980000 3.000000e+002
2.982000 3.000000e+002
2.984000 3.000000e+002
2.986000 3.000000e+002
2.988000 3.000000e+002
2.990000 3.000000e+002
2.992000 3.000000e+002
2.994000 3.000000e+002
2.996000 3.000000e+002
2.998000 3.000000e+002
3.000000 3.000000e+002
3.002000 3.000000e+002
3.004000 3.000000e+002
3.006000 3.000000e+002
3.008000 3.000000e+002
3.010000 3.000000e+002
3.012000 3.000000e+002
3.014000 3.000000e+002
3.016000 3.000000e+002
3.018000 3.000000e+002
3.020000 3.000000e+002
3.022000 3.000000e+002
3.024000 3.000000e+002
3.026000 3.000000e+002
3.028000 3.000000e+002
3.030000 3.000000e+002
3.032000 3.000000e+002
3.034000 3.000000e+002
3.036000 3.000000e+002
3.038000 3.000000e+002
3.040000 3.000000e+002
3.042000 3.000000e+002
3.044000 3.000000e+002
3.046000 3.000000e+002
3.048000 3.000000e+002
3.050000 3.000000e+002
3.052000 3.000000e+002
3.054000 3.000000e+002
3.056000 3.000000e+002
3.058000 3.000000e+002
3.060000 3.000000e+002
3.062000 3.000000e+002
3.064000 3.000000e+002
3.066000 3.000000e+002
3.068000 3.000000e+002
3.070000 3.000000e+002
3.072000 3.000000e+002
3.074000 3.000000e+002
3.076000 3.000000e+002
3.078000 3.000000e+002
3.080000 3.000000e+002
3.082000 3.000000e+002
3.084000 3.000000e+002
3.086000 3.000000e+002
3.088000 3.000000e+002
3.090000 3.000000e+002
3.092000 3.000000e+002
3.094000 3.000000e+002
3.096000 3.000000e+002
3.098000 3.000000e+002
3.100000 3.000000e+002
3.102000 3.000000e+002
3.104000 3.000000e+002
3.106000 3.000000e+002
3.108000 3.000000e+002
3.110000 3.000000e+002
3.112000 3.000000e+002
3.114000 3.000000e+002
3.116000 3.000000e+002
3.118000 3.000000e+002
3.120000 3.000000e+002
3.122000 3.000000e+002
3.124000 3.000000e+002
3.126000 3.000000e+002
3.128000 3.000000e+002
3.130000 3.000000e+002
3.132000 3.000000e+002
3.134000 3.000000e+002
3.136000 3.000000e+002
3.138000 3.000000e+002
3.140000 3.000000e+002
3.142000 3.000000e+002
3.144000 3.000000e+002
3.146000 3.000000e+002
3.148000 3.000000e+002
3.150000 3.000000e+002
3.152000 3.000000e+002
3.154000 3.000000e+002
3.156000 3.000000e+002
3.158000 3.000000e+002
3.160000 3.000000e+002
3.162000 3.000000e+002
3.164000 3.000000e+002
3.166000 3.000000e+002
3.168000 3.000000e+002
3.170000 3.000000e+002
3.172000 3.000000e+002
3.174000 3.000000e+002
3.176000 3.000000e+002
3.178000 3.000000e+002
3.180000 3.000000e+002
3.182000 3.000000e+002
3.184000 3.000000e+002
3.186000 3.000000e+002
3.188000 3.000000e+002
3.190000 3.000000e+002
3.192000 3.000000e+002
3.194000 3.000000e+002
3.196000 3.000000e+002
3.198000 3.000000e+002
3.200000 3.000000e+002
3.202000 3.000000e+002
3.204000 3.000000e+002
3.206000 3.000000e+002
3.208000 3.000000e+002
3.210000 3.000000e+002
3.212000 3.000000e+002
3.214000 3.000000e+002
3.216000 3.000000e+002
3.218000 3.000000e+002
3.220000 3.000000e+002
3.222000 3.000000e+002
3.224000 3.000000e+002
3.226000 3.000000e+002
3.228000 3.000000e+002
3.230000 3.000000e+002
3.232000 3.000000e+002
3.234000 3.000000e+002
3.236000 3.000000e+002
3.238000 3.000000e+002
3.240000 3.000000e+002
3.242000 3.000000e+002
3.244000 3.000000e+002
3.246000 3.000000e+002
3.248000 3.000000e+002
3.250000 3.000000e+002
3.252000 3.000000e+002
3.254000 3.000000e+002
3.256000 3.000000e+002
3.258000 3.000000e+002
3.260000 3.000000e+002
3.262000 3.000000e+002
3.264000 3.000000e+002
3.266000 3.000000e+002
3.268000 3.000000e+002
3.270000 3.000000e+002
3.272000 3.000000e+002
3.274000 3.000000e+002
3.276000 3.000000e+002
3.278000 3.000000e+002
3.280000 3.000000e+002
3.282000 3.000000e+002
3.284000 3.000000e+002
3.286000 3.000000e+002
3.288000 3.000000e+002
3.290000 3.000000e+002
3.292000 3.000000e+002
3.294000 3.000000e+002
3.296000 3.000000e+002
3.298000 3.000000e+002
3.300000 3.000000e+002
3.302000 3.000000e+002
3.304000 3.000000e+002
3.306000 3.000000e+002
3.308000 3.000000e+002
3.310000 3.000000e+002
3.312000 3.000000e+002
3.314000 3.000000e+002
3.316000 3.000000e+002
3.318000 3.000000e+002
3.320000 3.000000e+002
3.322000 3.000000e+002
3.324000 3.000000e+002
3.326000 3.000000e+002
3.328000 3.000000e+002
3.330000 3.000000e+002
3.332000 3.000000e+002
3.334000 3.000000e+002
3.336000 3.000000e+002
3.338000 3.000000e+002
3.340000 3.000000e+002
3.342000 3.000000e+002
3.344000 3.000000e+002
3.346000 3.000000e+002
3.348000 3.000000e+002
3.350000 3.000000e+002
3.352000 3.000000e+002
3.354000 3.000000e+002
3.356000 3.000000e+002
3.358000 3.000000e+002
3.360000 3.000000e+002
3.362000 3.000000e+002
3.364000 3.000000e+002
3.366000 3.000000e+002
3.368000 3.000000e+002
3.370000 3.000000e+002
3.372000 3.000000e+002
3.374000 3.000000e+002
3.376000 3.000000e+002
3.378000 3.000000e+002
3.380000 3.000000e+002
3.382000 3.000000e+002
3.384000 3.000000e+002
3.386000 3.000000e+002
3.388000 3.000000e+002
3.390000 3.000000e+002
3.392000 3.000000e+002
3.394000 3.000000e+002
3.396000 3.000000e+002
3.398000 3.000000e+002
3.400000 3.000000e+002
3.402000 3.000000e+002
3.404000 3.000000e+002
3.406000 3.000000e+002
3.408000 3.000000e+002
3.410000 3.000000e+002
3.412000 3.000000e+002
3.414000 3.000000e+002
3.416000 3.000000e+002
3.418000 3.000000e+002
3.420000 3.000000e+002
3.422000 3.000000e+002
3.424000 3.000000e+002
3.426000 3.000000e+002
3.428000 3.000000e+002
3.430000 3.000000e+002
3.432000 3.000000e+002
3.434000 3.000000e+002
3.436000 3.000000e+002
3.438000 3.000000e+002
3.440000 3.000000e+002
3.442000 3.000000e+002
3.444000 3.000000e+002
3.446000 3.000000e+002
3.448000 3.000000e+002
3.450000 3.000000e+002
3.452000 3.000000e+002
3.454000 3.000000e+002
3.456000 3.000000e+002
3.458000 3.000000e+002
3.460000 3.000000e+002
3.462000 3.000000e+002
3.464000 3.000000e+002
3.466000 3.000000e+002
3.468000 3.000000e+002
3.470000 3.000000e+002
3.472000 3.000000e+002
3.474000 3.000000e+002
3.476000 3.000000e+002
3.478000 3.000000e+002
3.480000 3.000000e+002
3.482000 3.000000e+002
3.484000 3.000000e+002
3.486000 3.000000e+002
3.488000 3.000000e+002
3.490000 3.000000e+002
3.492000 3.000000e+002
3.494000 3.000000e+002
3.496000 3.000000e+002
3.498000 3.000000e+002
3.500000 3.000000e+002
3.502000 3.000000e+002
3.504000 3.000000e+002
3.506000 3.000000e+002
3.508000 3.000000e+002
3.510000 3.000000e+002
3.512000 3.000000e+002
3.514000 3.000000e+002
3.516000 3.000000e+002
3.518000 3.000000e+002
3.520000 3.000000e+002
3.522000 3.000000e+002
3.524000 3.000000e+002
3.526000 3.000000e+002
3.528000 3.000000e+002
3.530000 3.000000e+002
3.532000 3.000000e+002
3.534000 3.000000e+002
3.536000 3.000000e+002
3.538000 3.000000e+002
3.540000 3.000000e+002
3.542000 3.000000e+002
3.544000 3.000000e+002
3.546000 3.000000e+002
3.548000 3.000000e+002
3.550000 3.000000e+002
3.552000 3.000000e+002
3.554000 3.000000e+002
3.556000 3.000000e+002
3.558000 3.000000e+002
3.560000 3.000000e+002
3.562000 3.000000e+002
3.564000 3.000000e+002
3.566000 3.000000e+002
3.568000 3.000000e+002
3.570000 3.000000e+002
3.572000 3.000000e+002
3.574000 3.000000e+002
3.576000 3.000000e+002
3.578000 3.000000e+002
3.580000 3.000000e+002
3.582000 3.000000e+002
3.584000 3.000000e+002
3.586000 3.000000e+002
3.588000 3.000000e+002
3.590000 3.000000e+002
3.592000 3.000000e+002
3.594000 3.000000e+002
3.596000 3.000000e+002
3.598000 3.000000e+002
3.600000 3.000000e+002
3.602000 3.000000e+002
3.604000 3.000000e+002
3.606000 3.000000e+002
3.608000 3.000000e+002
3.610000 3.000000e+002
3.612000 3.000000e+002
3.614000 3.000000e+002
3.616000 3.000000e+002
3.618000 3.000000e+002
3.620000 3.000000e+002
3.622000 3.000000e+002
3.624000 3.000000e+002
3.626000 3.000000e+002
3.628000 3.000000e+002
3.630000 3.000000e+002
3.632000 3.000000e+002
3.634000 3.000000e+002
3.636000 3.000000e+002
3.638000 3.000000e+002
3.640000 3.000000e+002
3.642000 3.000000e+002
3.644000 3.000000e+002
3.646000 3.000000e+002
3.648000 3.000000e+002
3.650000 3.000000e+002
3.652000 3.000000e+002
3.654000 3.000000e+002
3.656000 3.000000e+002
3.658000 3.000000e+002
3.660000 3.000000e+002
3.662000 3.000000e+002
3.664000 3.000000e+002
3.666000 3.000000e+002
3.668000 3.000000e+002
3.670000 3.000000e+002
3.672000 3.000000e+002
3.674000 3.000000e+002
3.676000 3.000000e+002
3.678000 3.000000e+002
3.680000 3.000000e+002
3.682000 3.000000e+002
3.684000 3.000000e+002
3.686000 3.000000e+002
3.688000 3.000000e+002
3.690000 3.000000e+002
3.692000 3.000000e+002
3.694000 3.000000e+002
3.696000 3.000000e+002
3.698000 3.000000e+002
3.700000 3.000000e+002
3.702000 3.000000e+002
3.704000 3.000000e+002
3.706000 3.000000e+002
3.708000 3.000000e+002
3.710000 3.000000e+002
3.712000 3.000000e+002
3.714000 3.000000e+002
3.716000 3.000000e+002
3.718000 3.000000e+002
3.720000 3.000000e+002
3.722000 3.000000e+002
3.724000 3.000000e+002
3.726000 3.000000e+002
3.728000 3.000000e+002
3.730000 3.000000e+002
3.732000 3.000000e+002
3.734000 3.000000e+002
3.736000 3.000000e+002
3.738000 3.000000e+002
3.740000 3.000000e+002
3.742000 3.000000e+002
3.744000 3.000000e+002
3.746000 3.000000e+002
3.748000 3.000000e+002
3.750000 3.000000e+002
3.752000 3.000000e+002
3.754000 3.000000e+002
3.756000 3.000000e+002
3.758000 3.000000e+002
3.760000 3.000000e+002
3.762000 3.000000e+002
3.764000 3.000000e+002
3.766000 3.000000e+002
3.768000 3.000000e+002
3.770000 3.000000e+002
3.772000 3.000000e+002
3.774000 3.000000e+002
3.776000 3.000000e+002
3.778000 3.000000e+002
3.780000 3.000000e+002
3.782000 3.000000e+002
3.784000 3.000000e+002
3.786000 3.000000e+002
3.788000 3.000000e+002
3.790000 3.000000e+002
3.792000 3.000000e+002
3.794000 3.000000e+002
3.796000 3.000000e+002
3.798000 3.000000e+002
3.800000 3.000000e+002
3.802000 3.000000e+002
3.804000 3.000000e+002
3.806000 3.000000e+002
3.808000 3.000000e+002
3.810000 3.000000e+002
3.812000 3.000000e+002
3.814000 3.000000e+002
3.816000 3.000000e+002
3.818000 3.000000e+002
3.820000 3.000000e+002
3.822000 3.000000e+002
3.824000 3.000000e+002
3.826000 3.000000e+002
3.828000 3.000000e+002
3.830000 3.000000e+002
3.832000 3.000000e+002
3.834000 3.000000e+002
3.836000 3.000000e+002
3.838000 3.000000e+002
3.840000 3.000000e+002
3.842000 3.000000e+002
3.844000 3.000000e+002
3.846000 3.000000e+002
3.848000 3.000000e+002
3.850000 3.000000e+002
3.852000 3.000000e+002
3.854000 3.000000e+002
3.856000 3.000000e+002
3.858000 3.000000e+002
3.860000 3.000000e+002
3.862000 3.000000e+002
3.864000 3.000000e+002
3.866000 3.000000e+002
3.868000 3.000000e+002
3.870000 3.000000e+002
3.872000 3.000000e+002
3.874000 3.000000e+002
3.876000 3.000000e+002
3.878000 3.000000e+002
3.880000 3.000000e+002
3.882000 3.000000e+002
3.884000 3.000000e+002
3.886000 3.000000e+002
3.888000 3.000000e+002
3.890000 3.000000e+002
3.892000 3.000000e+002
3.894000 3.000000e+002
3.896000 3.000000e+002
3.898000 3.000000e+002
3.900000 3.000000e+002
3.902000 3.000000e+002
3.904000 3.000000e+002
3.906000 3.000000e+002
3.908000 3.000000e+002
3.910000 3.000000e+002
3.912000 3.000000e+002
3.914000 3.000000e+002
3.916000 3.000000e+002
3.918000 3.000000e+002
3.920000 3.000000e+002
3.922000 3.000000e+002
3.924000 3.000000e+002
3.926000 3.000000e+002
3.928000 3.000000e+002
3.930000 3.000000e+002
3.932000 3.000000e+002
3.934000 3.000000e+002
3.936000 3.000000e+002
3.938000 3.000000e+002
3.940000 3.000000e+002
3.942000 3.000000e+002
3.944000 3.000000e+002
3.946000 3.000000e+002
3.948000 3.000000e+002
3.950000 3.000000e+002
3.952000 3.000000e+002
3.954000 3.000000e+002
3.956000 3.000000e+002
3.958000 3.000000e+002
3.960000 3.000000e+002
3.962000 3.000000e+002
3.964000 3.000000e+002
3.966000 3.000000e+002
3.968000 3.000000e+002
3.970000 3.000000e+002
3.972000 3.000000e+002
3.974000 3.000000e+002
3.976000 3.000000e+002
3.978000 3.000000e+002
3.980000 3.000000e+002
3.982000 3.000000e+002
3.984000 3.000000e+002
3.986000 3.000000e+002
3.988000 3.000000e+002
3.990000 3.000000e+002
3.992000 3.000000e+002
3.994000 3.000000e+002
3.996000 3.000000e+002
3.998000 3.000000e+002
