0.000000 3.557076e+002
0.002000 3.619422e+002
0.004000 3.681741e+002
0.006000 3.744030e+002
0.008000 3.806287e+002
0.010000 3.868509e+002
0.012000 3.930692e+002
0.014000 3.992835e+002
0.016000 4.054934e+002
0.018000 4.116987e+002
0.020000 4.178991e+002
0.022000 4.240943e+002
0.024000 4.302840e+002
0.026000 4.364680e+002
0.028000 4.426460e+002
0.030000 4.488178e+002
0.032000 4.549830e+002
0.034000 4.611413e+002
0.036000 4.672926e+002
0.038000 4.734366e+002
0.040000 4.795729e+002
0.042000 4.857013e+002
0.044000 4.918216e+002
0.046000 4.979335e+002
0.048000 5.040366e+002
0.050000 5.101309e+002
0.052000 5.162159e+002
0.054000 5.222914e+002
0.056000 5.283572e+002
0.058000 5.344130e+002
0.060000 5.404586e+002
0.062000 5.464937e+002
0.064000 5.525180e+002
0.066000 5.585313e+002
0.068000 5.645333e+002
0.070000 5.705238e+002
0.072000 5.765025e+002
0.074000 5.824692e+002
0.076000 5.884236e+002
0.078000 5.943655e+002
0.080000 6.002946e+002
0.082000 6.062108e+002
0.084000 6.121136e+002
0.086000 6.180030e+002
0.088000 6.238787e+002
0.090000 6.297404e+002
0.092000 6.355878e+002
0.094000 6.414209e+002
0.096000 6.472392e+002
0.098000 6.530426e+002
0.100000 6.588309e+002
0.102000 6.646039e+002
0.104000 6.703612e+002
0.106000 6.761027e+002
0.108000 6.818281e+002
0.110000 6.875373e+002
0.112000 6.932300e+002
0.114000 6.989060e+002
0.116000 7.045650e+002
0.118000 7.102070e+002
0.120000 7.158315e+002
0.122000 7.214385e+002
0.124000 7.270277e+002
0.126000 7.325989e+002
0.128000 7.381520e+002
0.130000 7.436866e+002
0.132000 7.492026e+002
0.134000 7.546999e+002
0.136000 7.601781e+002
0.138000 7.656371e+002
0.140000 7.710768e+002
0.142000 7.764968e+002
0.144000 7.818971e+002
0.146000 7.872774e+002
0.148000 7.926376e+002
0.150000 7.979774e+002
0.152000 8.032968e+002
0.154000 8.085954e+002
0.156000 8.138731e+002
0.158000 8.191298e+002
0.160000 8.243652e+002
0.162000 8.295793e+002
0.164000 8.347717e+002
0.166000 8.399425e+002
0.168000 8.450913e+002
0.170000 8.502180e+002
0.172000 8.553225e+002
0.174000 8.604046e+002
0.176000 8.654642e+002
0.178000 8.705010e+002
0.180000 8.755150e+002
0.182000 8.805059e+002
0.184000 8.854737e+002
0.186000 8.904182e+002
0.188000 8.953392e+002
0.190000 9.002366e+002
0.192000 9.051103e+002
0.194000 9.099601e+002
0.196000 9.147859e+002
0.198000 9.195875e+002
0.200000 9.243648e+002
0.202000 9.291177e+002
0.204000 9.338461e+002
0.206000 9.385498e+002
0.208000 9.432287e+002
0.210000 9.478827e+002
0.212000 9.525117e+002
0.214000 9.571155e+002
0.216000 9.616940e+002
0.218000 9.662471e+002
0.220000 9.707748e+002
0.222000 9.752769e+002
0.224000 9.797532e+002
0.226000 9.842038e+002
0.228000 9.886284e+002
0.230000 9.930270e+002
0.232000 9.973995e+002
0.234000 1.001746e+003
0.236000 1.006066e+003
0.238000 1.010359e+003
0.240000 1.014626e+003
0.242000 1.018867e+003
0.244000 1.023081e+003
0.246000 1.027268e+003
0.248000 1.031428e+003
0.250000 1.035562e+003
0.252000 1.039668e+003
0.254000 1.043748e+003
0.256000 1.047800e+003
0.258000 1.051825e+003
0.260000 1.055823e+003
0.262000 1.059793e+003
0.264000 1.063736e+003
0.266000 1.067652e+003
0.268000 1.071540e+003
0.270000 1.075400e+003
0.272000 1.079233e+003
0.274000 1.083038e+003
0.276000 1.086816e+003
0.278000 1.090565e+003
0.280000 1.094287e+003
0.282000 1.097981e+003
0.284000 1.101647e+003
0.286000 1.105284e+003
0.288000 1.108894e+003
0.290000 1.112476e+003
0.292000 1.116030e+003
0.294000 1.119555e+003
0.296000 1.123053e+003
0.298000 1.126522e+003
0.300000 1.129963e+003
0.302000 1.133375e+003
0.304000 1.136759e+003
0.306000 1.140115e+003
0.308000 1.143443e+003
0.310000 1.146742e+003
0.312000 1.150013e+003
0.314000 1.153255e+003
0.316000 1.156469e+003
0.318000 1.159655e+003
0.320000 1.162812e+003
0.322000 1.165940e+003
0.324000 1.169040e+003
0.326000 1.172112e+003
0.328000 1.175155e+003
0.330000 1.178169e+003
0.332000 1.181155e+003
0.334000 1.184113e+003
0.336000 1.187041e+003
0.338000 1.189942e+003
0.340000 1.192814e+003
0.342000 1.195657e+003
0.344000 1.198472e+003
0.346000 1.201258e+003
0.348000 1.204015e+003
0.350000 1.206745e+003
0.352000 1.209445e+003
0.354000 1.212117e+003
0.356000 1.214761e+003
0.358000 1.217376e+003
0.360000 1.219963e+003
0.362000 1.222521e+003
0.364000 1.225051e+003
0.366000 1.227552e+003
0.368000 1.230025e+003
0.370000 1.232470e+003
0.372000 1.234886e+003
0.374000 1.237274e+003
0.376000 1.239634e+003
0.378000 1.241965e+003
0.380000 1.244268e+003
0.382000 1.246543e+003
0.384000 1.248790e+003
0.386000 1.251008e+003
0.388000 1.253199e+003
0.390000 1.255361e+003
0.392000 1.257495e+003
0.394000 1.259601e+003
0.396000 1.261679e+003
0.398000 1.263729e+003
0.400000 1.265751e+003
0.402000 1.267745e+003
0.404000 1.269711e+003
0.406000 1.271649e+003
0.408000 1.273560e+003
0.410000 1.275443e+003
0.412000 1.277298e+003
0.414000 1.279125e+003
0.416000 1.280925e+003
0.418000 1.282697e+003
0.420000 1.284441e+003
0.422000 1.286158e+003
0.424000 1.287847e+003
0.426000 1.289509e+003
0.428000 1.291144e+003
0.430000 1.292751e+003
0.432000 1.294331e+003
0.434000 1.295884e+003
0.436000 1.297409e+003
0.438000 1.298907e+003
0.440000 1.300379e+003
0.442000 1.301823e+003
0.444000 1.303240e+003
0.446000 1.304630e+003
0.448000 1.305993e+003
0.450000 1.307329e+003
0.452000 1.308639e+003
0.454000 1.309922e+003
0.456000 1.311178e+003
0.458000 1.312407e+003
0.460000 1.313610e+003
0.462000 1.314786e+003
0.464000 1.315936e+003
0.466000 1.317059e+003
0.468000 1.318156e+003
0.470000 1.319227e+003
0.472000 1.320271e+003
0.474000 1.321289e+003
0.476000 1.322281e+003
0.478000 1.323247e+003
0.480000 1.324187e+003
0.482000 1.325100e+003
0.484000 1.325988e+003
0.486000 1.326850e+003
0.488000 1.327686e+003
0.490000 1.328497e+003
0.492000 1.329281e+003
0.494000 1.330040e+003
0.496000 1.330774e+003
0.498000 1.331482e+003
0.500000 1.332164e+003
0.502000 1.332822e+003
0.504000 1.333453e+003
0.506000 1.334060e+003
0.508000 1.334641e+003
0.510000 1.335197e+003
0.512000 1.335728e+003
0.514000 1.336234e+003
0.516000 1.336715e+003
0.518000 1.337171e+003
0.520000 1.337602e+003
0.522000 1.338009e+003
0.524000 1.338390e+003
0.526000 1.338747e+003
0.528000 1.339080e+003
0.530000 1.339388e+003
0.532000 1.339671e+003
0.534000 1.339930e+003
0.536000 1.340165e+003
0.538000 1.340375e+003
0.540000 1.340561e+003
0.542000 1.340723e+003
0.544000 1.340861e+003
0.546000 1.340974e+003
0.548000 1.341064e+003
0.550000 1.341130e+003
0.552000 1.341172e+003
0.554000 1.341190e+003
0.556000 1.341185e+003
0.558000 1.341155e+003
0.560000 1.341103e+003
0.562000 1.341026e+003
0.564000 1.340926e+003
0.566000 1.340803e+003
0.568000 1.340657e+003
0.570000 1.340487e+003
0.572000 1.340294e+003
0.574000 1.340078e+003
0.576000 1.339838e+003
0.578000 1.339576e+003
0.580000 1.339291e+003
0.582000 1.338983e+003
0.584000 1.338652e+003
0.586000 1.338298e+003
0.588000 1.337921e+003
0.590000 1.337522e+003
0.592000 1.337101e+003
0.594000 1.336657e+003
0.596000 1.336190e+003
0.598000 1.335701e+003
0.600000 1.335190e+003
0.602000 1.334656e+003
0.604000 1.334101e+003
0.606000 1.333523e+003
0.608000 1.332923e+003
0.610000 1.332301e+003
0.612000 1.331658e+003
0.614000 1.330992e+003
0.616000 1.330305e+003
0.618000 1.329596e+003
0.620000 1.328865e+003
0.622000 1.328113e+003
0.624000 1.327339e+003
0.626000 1.326544e+003
0.628000 1.325728e+003
0.630000 1.324890e+003
0.632000 1.324031e+003
0.634000 1.323150e+003
0.636000 1.322249e+003
0.638000 1.321327e+003
0.640000 1.320383e+003
0.642000 1.319419e+003
0.644000 1.318434e+003
0.646000 1.317428e+003
0.648000 1.316402e+003
0.650000 1.315355e+003
0.652000 1.314287e+003
0.654000 1.313199e+003
0.656000 1.312091e+003
0.658000 1.310962e+003
0.660000 1.309813e+003
0.662000 1.308644e+003
0.664000 1.307455e+003
0.666000 1.306245e+003
0.668000 1.305016e+003
0.670000 1.303767e+003
0.672000 1.302498e+003
0.674000 1.301209e+003
0.676000 1.299901e+003
0.678000 1.298573e+003
0.680000 1.297225e+003
0.682000 1.295858e+003
0.684000 1.294472e+003
0.686000 1.293066e+003
0.688000 1.291642e+003
0.690000 1.290198e+003
0.692000 1.288735e+003
0.694000 1.287253e+003
0.696000 1.285752e+003
0.698000 1.284232e+003
0.700000 1.282694e+003
0.702000 1.281136e+003
0.704000 1.279561e+003
0.706000 1.277966e+003
0.708000 1.276354e+003
0.710000 1.274723e+003
0.712000 1.273073e+003
0.714000 1.271406e+003
0.716000 1.269720e+003
0.718000 1.268017e+003
0.720000 1.266295e+003
0.722000 1.264556e+003
0.724000 1.262799e+003
0.726000 1.261024e+003
0.728000 1.259232e+003
0.730000 1.257422e+003
0.732000 1.255595e+003
0.734000 1.253750e+003
0.736000 1.251888e+003
0.738000 1.250009e+003
0.740000 1.248113e+003
0.742000 1.246200e+003
0.744000 1.244270e+003
0.746000 1.242323e+003
0.748000 1.240360e+003
0.750000 1.238380e+003
0.752000 1.236383e+003
0.754000 1.234370e+003
0.756000 1.232341e+003
0.758000 1.230295e+003
0.760000 1.228233e+003
0.762000 1.226156e+003
0.764000 1.224062e+003
0.766000 1.221952e+003
0.768000 1.219827e+003
0.770000 1.217686e+003
0.772000 1.215529e+003
0.774000 1.213357e+003
0.776000 1.211170e+003
0.778000 1.208967e+003
0.780000 1.206749e+003
0.782000 1.204517e+003
0.784000 1.202269e+003
0.786000 1.200006e+003
0.788000 1.197729e+003
0.790000 1.195437e+003
0.792000 1.193130e+003
0.794000 1.190809e+003
0.796000 1.188473e+003
0.798000 1.186124e+003
0.800000 1.183760e+003
0.802000 1.181382e+003
0.804000 1.178991e+003
0.806000 1.176585e+003
0.808000 1.174166e+003
0.810000 1.171734e+003
0.812000 1.169288e+003
0.814000 1.166828e+003
0.816000 1.164356e+003
0.818000 1.161870e+003
0.820000 1.159371e+003
0.822000 1.156859e+003
0.824000 1.154335e+003
0.826000 1.151798e+003
0.828000 1.149248e+003
0.830000 1.146686e+003
0.832000 1.144112e+003
0.834000 1.141526e+003
0.836000 1.138927e+003
0.838000 1.136317e+003
0.840000 1.133694e+003
0.842000 1.131061e+003
0.844000 1.128415e+003
0.846000 1.125758e+003
0.848000 1.123090e+003
0.850000 1.120410e+003
0.852000 1.117720e+003
0.854000 1.115018e+003
0.856000 1.112306e+003
0.858000 1.109583e+003
0.860000 1.106849e+003
0.862000 1.104105e+003
0.864000 1.101351e+003
0.866000 1.098587e+003
0.868000 1.095812e+003
0.870000 1.093028e+003
0.872000 1.090233e+003
0.874000 1.087429e+003
0.876000 1.084616e+003
0.878000 1.081793e+003
0.880000 1.078961e+003
0.882000 1.076120e+003
0.884000 1.073270e+003
0.886000 1.070411e+003
0.888000 1.067543e+003
0.890000 1.064667e+003
0.892000 1.061782e+003
0.894000 1.058889e+003
0.896000 1.055988e+003
0.898000 1.053079e+003
0.900000 1.050161e+003
0.902000 1.047237e+003
0.904000 1.044304e+003
0.906000 1.041364e+003
0.908000 1.038417e+003
0.910000 1.035462e+003
0.912000 1.032501e+003
0.914000 1.029532e+003
0.916000 1.026557e+003
0.918000 1.023575e+003
0.920000 1.020587e+003
0.922000 1.017592e+003
0.924000 1.014591e+003
0.926000 1.011584e+003
0.928000 1.008572e+003
0.930000 1.005553e+003
0.932000 1.002529e+003
0.934000 9.994993e+002
0.936000 9.964643e+002
0.938000 9.934241e+002
0.940000 9.903789e+002
0.942000 9.873288e+002
0.944000 9.842740e+002
0.946000 9.812146e+002
0.948000 9.781507e+002
0.950000 9.750825e+002
0.952000 9.720102e+002
0.954000 9.689339e+002
0.956000 9.658537e+002
0.958000 9.627698e+002
0.960000 9.596823e+002
0.962000 9.565915e+002
0.964000 9.534973e+002
0.966000 9.504000e+002
0.968000 9.472998e+002
0.970000 9.441967e+002
0.972000 9.410910e+002
0.974000 9.379827e+002
0.976000 9.348721e+002
0.978000 9.317592e+002
0.980000 9.286443e+002
0.982000 9.255274e+002
0.984000 9.224087e+002
0.986000 9.192884e+002
0.988000 9.161666e+002
0.990000 9.130435e+002
0.992000 9.099191e+002
0.994000 9.067938e+002
0.996000 9.036675e+002
0.998000 9.005405e+002
1.000000 8.974128e+002
1.002000 8.942848e+002
1.004000 8.911564e+002
1.006000 8.880278e+002
1.008000 8.848992e+002
1.010000 8.817708e+002
1.012000 8.786426e+002
1.014000 8.755149e+002
1.016000 8.723877e+002
1.018000 8.692613e+002
1.020000 8.661357e+002
1.022000 8.630111e+002
1.024000 8.598876e+002
1.026000 8.567655e+002
1.028000 8.536447e+002
1.030000 8.505256e+002
1.032000 8.474082e+002
1.034000 8.442926e+002
1.036000 8.411790e+002
1.038000 8.380676e+002
1.040000 8.349585e+002
1.042000 8.318518e+002
1.044000 8.287477e+002
1.046000 8.256462e+002
1.048000 8.225477e+002
1.050000 8.194521e+002
1.052000 8.163596e+002
1.054000 8.132704e+002
1.056000 8.101845e+002
1.058000 8.071022e+002
1.060000 8.040236e+002
1.062000 8.009488e+002
1.064000 7.978779e+002
1.066000 7.948111e+002
1.068000 7.917484e+002
1.070000 7.886902e+002
1.072000 7.856363e+002
1.074000 7.825871e+002
1.076000 7.795426e+002
1.078000 7.765030e+002
1.080000 7.734683e+002
1.082000 7.704388e+002
1.084000 7.674145e+002
1.086000 7.643955e+002
1.088000 7.613821e+002
1.090000 7.583743e+002
1.092000 7.553722e+002
1.094000 7.523759e+002
1.096000 7.493857e+002
1.098000 7.464015e+002
1.100000 7.434236e+002
1.102000 7.404521e+002
1.104000 7.374870e+002
1.106000 7.345284e+002
1.108000 7.315766e+002
1.110000 7.286316e+002
1.112000 7.256935e+002
1.114000 7.227625e+002
1.116000 7.198386e+002
1.118000 7.169220e+002
1.120000 7.140127e+002
1.122000 7.111110e+002
1.124000 7.082169e+002
1.126000 7.053304e+002
1.128000 7.024518e+002
1.130000 6.995811e+002
1.132000 6.967184e+002
1.134000 6.938638e+002
1.136000 6.910175e+002
1.138000 6.881795e+002
1.140000 6.853499e+002
1.142000 6.825289e+002
1.144000 6.797165e+002
1.146000 6.769128e+002
1.148000 6.741180e+002
1.150000 6.713321e+002
1.152000 6.685551e+002
1.154000 6.657873e+002
1.156000 6.630287e+002
1.158000 6.602794e+002
1.160000 6.575394e+002
1.162000 6.548089e+002
1.164000 6.520880e+002
1.166000 6.493767e+002
1.168000 6.466751e+002
1.170000 6.439834e+002
1.172000 6.413015e+002
1.174000 6.386296e+002
1.176000 6.359677e+002
1.178000 6.333159e+002
1.180000 6.306744e+002
1.182000 6.280432e+002
1.184000 6.254223e+002
1.186000 6.228118e+002
1.188000 6.202118e+002
1.190000 6.176224e+002
1.192000 6.150437e+002
1.194000 6.124756e+002
1.196000 6.099184e+002
1.198000 6.073719e+002
1.200000 6.048364e+002
1.202000 6.023119e+002
1.204000 5.997984e+002
1.206000 5.972960e+002
1.208000 5.948048e+002
1.210000 5.923247e+002
1.212000 5.898560e+002
1.214000 5.873986e+002
1.216000 5.849525e+002
1.218000 5.825179e+002
1.220000 5.800948e+002
1.222000 5.776832e+002
1.224000 5.752833e+002
1.226000 5.728949e+002
1.228000 5.705183e+002
1.230000 5.681534e+002
1.232000 5.658002e+002
1.234000 5.634589e+002
1.236000 5.611295e+002
1.238000 5.588119e+002
1.240000 5.565063e+002
1.242000 5.542127e+002
1.244000 5.519311e+002
1.246000 5.496615e+002
1.248000 5.474041e+002
1.250000 5.451588e+002
1.252000 5.429256e+002
1.254000 5.407046e+002
1.256000 5.384958e+002
1.258000 5.362993e+002
1.260000 5.341151e+002
1.262000 5.319431e+002
1.264000 5.297835e+002
1.266000 5.276362e+002
1.268000 5.255013e+002
1.270000 5.233788e+002
1.272000 5.212687e+002
1.274000 5.191710e+002
1.276000 5.170858e+002
1.278000 5.150130e+002
1.280000 5.129527e+002
1.282000 5.109050e+002
1.284000 5.088697e+002
1.286000 5.068469e+002
1.288000 5.048367e+002
1.290000 5.028390e+002
1.292000 5.008538e+002
1.294000 4.988812e+002
1.296000 4.969211e+002
1.298000 4.949736e+002
1.300000 4.930387e+002
1.302000 4.911164e+002
1.304000 4.892066e+002
1.306000 4.873094e+002
1.308000 4.854248e+002
1.310000 4.835527e+002
1.312000 4.816932e+002
1.314000 4.798462e+002
1.316000 4.780118e+002
1.318000 4.761900e+002
1.320000 4.743807e+002
1.322000 4.725839e+002
1.324000 4.707997e+002
1.326000 4.690280e+002
1.328000 4.672688e+002
1.330000 4.655220e+002
1.332000 4.637878e+002
1.334000 4.620660e+002
1.336000 4.603566e+002
1.338000 4.586597e+002
1.340000 4.569752e+002
1.342000 4.553031e+002
1.344000 4.536434e+002
1.346000 4.519960e+002
1.348000 4.503610e+002
1.350000 4.487383e+002
1.352000 4.471279e+002
1.354000 4.455297e+002
1.356000 4.439438e+002
1.358000 4.423701e+002
1.360000 4.408086e+002
1.362000 4.392593e+002
1.364000 4.377221e+002
1.366000 4.361970e+002
1.368000 4.346839e+002
1.370000 4.331830e+002
1.372000 4.316940e+002
1.374000 4.302170e+002
1.376000 4.287520e+002
1.378000 4.272989e+002
1.380000 4.258577e+002
1.382000 4.244283e+002
1.384000 4.230107e+002
1.386000 4.216050e+002
1.388000 4.202109e+002
1.390000 4.188285e+002
1.392000 4.174579e+002
1.394000 4.160988e+002
1.396000 4.147513e+002
1.398000 4.134154e+002
1.400000 4.120909e+002
1.402000 4.107779e+002
1.404000 4.094764e+002
1.406000 4.081862e+002
1.408000 4.069073e+002
1.410000 4.056397e+002
1.412000 4.043833e+002
1.414000 4.031382e+002
1.416000 4.019042e+002
1.418000 4.006813e+002
1.420000 3.994694e+002
1.422000 3.982685e+002
1.424000 3.970786e+002
1.426000 3.958996e+002
1.428000 3.947315e+002
1.430000 3.935742e+002
1.432000 3.924276e+002
1.434000 3.912918e+002
1.436000 3.901666e+002
1.438000 3.890520e+002
1.440000 3.879479e+002
1.442000 3.868544e+002
1.444000 3.857713e+002
1.446000 3.846986e+002
1.448000 3.836362e+002
1.450000 3.825841e+002
1.452000 3.815423e+002
1.454000 3.805106e+002
1.456000 3.794891e+002
1.458000 3.784776e+002
1.460000 3.774761e+002
1.462000 3.764846e+002
1.464000 3.755030e+002
1.466000 3.745312e+002
1.468000 3.735692e+002
1.470000 3.726170e+002
1.472000 3.716744e+002
1.474000 3.707414e+002
1.476000 3.698180e+002
1.478000 3.689040e+002
1.480000 3.679996e+002
1.482000 3.671044e+002
1.484000 3.662187e+002
1.486000 3.653421e+002
1.488000 3.644748e+002
1.490000 3.636166e+002
1.492000 3.627675e+002
1.494000 3.619274e+002
1.496000 3.610963e+002
1.498000 3.602741e+002
1.500000 3.594607e+002
1.502000 3.586561e+002
1.504000 3.578603e+002
1.506000 3.570731e+002
1.508000 3.562945e+002
1.510000 3.555244e+002
1.512000 3.547629e+002
1.514000 3.540097e+002
1.516000 3.532649e+002
1.518000 3.525284e+002
1.520000 3.518001e+002
1.522000 3.510801e+002
1.524000 3.503681e+002
1.526000 3.496642e+002
1.528000 3.489682e+002
1.530000 3.482803e+002
1.532000 3.476001e+002
1.534000 3.469278e+002
1.536000 3.462633e+002
1.538000 3.456064e+002
1.540000 3.449572e+002
1.542000 3.443155e+002
1.544000 3.436813e+002
1.546000 3.430546e+002
1.548000 3.424353e+002
1.550000 3.418233e+002
1.552000 3.412185e+002
1.554000 3.406210e+002
1.556000 3.400306e+002
1.558000 3.394473e+002
1.560000 3.388710e+002
1.562000 3.383017e+002
1.564000 3.377393e+002
1.566000 3.371837e+002
1.568000 3.366349e+002
1.570000 3.360928e+002
1.572000 3.355574e+002
1.574000 3.350287e+002
1.576000 3.345064e+002
1.578000 3.339907e+002
1.580000 3.334813e+002
1.582000 3.329784e+002
1.584000 3.324818e+002
1.586000 3.319914e+002
1.588000 3.315072e+002
1.590000 3.310292e+002
1.592000 3.305572e+002
1.594000 3.300913e+002
1.596000 3.296314e+002
1.598000 3.291773e+002
1.600000 3.287291e+002
1.602000 3.282867e+002
1.604000 3.278501e+002
1.606000 3.274191e+002
1.608000 3.269938e+002
1.610000 3.265741e+002
1.612000 3.261599e+002
1.614000 3.257511e+002
1.616000 3.253478e+002
1.618000 3.249498e+002
1.620000 3.245571e+002
1.622000 3.241696e+002
1.624000 3.237874e+002
1.626000 3.234103e+002
1.628000 3.230383e+002
1.630000 3.226713e+002
1.632000 3.223094e+002
1.634000 3.219523e+002
1.636000 3.216001e+002
1.638000 3.212528e+002
1.640000 3.209102e+002
1.642000 3.205724e+002
1.644000 3.202392e+002
1.646000 3.199107e+002
1.648000 3.195867e+002
1.650000 3.192673e+002
1.652000 3.189523e+002
1.654000 3.186418e+002
1.656000 3.183356e+002
1.658000 3.180338e+002
1.660000 3.177362e+002
1.662000 3.174429e+002
1.664000 3.171538e+002
1.666000 3.168688e+002
1.668000 3.165878e+002
1.670000 3.163110e+002
1.672000 3.160381e+002
1.674000 3.157692e+002
1.676000 3.155042e+002
1.678000 3.152430e+002
1.680000 3.149857e+002
1.682000 3.147321e+002
1.684000 3.144823e+002
1.686000 3.142361e+002
1.688000 3.139936e+002
1.690000 3.137547e+002
1.692000 3.135193e+002
1.694000 3.132874e+002
1.696000 3.130590e+002
1.698000 3.128341e+002
1.700000 3.126125e+002
1.702000 3.123942e+002
1.704000 3.121793e+002
1.706000 3.119676e+002
1.708000 3.117591e+002
1.710000 3.115538e+002
1.712000 3.113517e+002
1.714000 3.111526e+002
1.716000 3.109566e+002
1.718000 3.107636e+002
1.720000 3.105736e+002
1.722000 3.103866e+002
1.724000 3.102025e+002
1.726000 3.100212e+002
1.728000 3.098428e+002
1.730000 3.096671e+002
1.732000 3.094943e+002
1.734000 3.093241e+002
1.736000 3.091567e+002
1.738000 3.089919e+002
1.740000 3.088297e+002
1.742000 3.086701e+002
1.744000 3.085130e+002
1.746000 3.083585e+002
1.748000 3.082064e+002
1.750000 3.080568e+002
1.752000 3.079096e+002
1.754000 3.077648e+002
1.756000 3.076224e+002
1.758000 3.074822e+002
1.760000 3.073444e+002
1.762000 3.072088e+002
1.764000 3.070754e+002
1.766000 3.069442e+002
1.768000 3.068152e+002
1.770000 3.066883e+002
1.772000 3.065635e+002
1.774000 3.064408e+002
1.776000 3.063201e+002
1.778000 3.062015e+002
1.780000 3.060848e+002
1.782000 3.059701e+002
1.784000 3.058573e+002
1.786000 3.057465e+002
1.788000 3.056375e+002
1.790000 3.055303e+002
1.792000 3.054250e+002
1.794000 3.053214e+002
1.796000 3.052197e+002
1.798000 3.051197e+002
1.800000 3.050214e+002
1.802000 3.049247e+002
1.804000 3.048298e+002
1.806000 3.047365e+002
1.808000 3.046448e+002
1.810000 3.045547e+002
1.812000 3.044662e+002
1.814000 3.043792e+002
1.816000 3.042937e+002
1.818000 3.042098e+002
1.820000 3.041273e+002
1.822000 3.040463e+002
1.824000 3.039667e+002
1.826000 3.038885e+002
1.828000 3.038117e+002
1.830000 3.037363e+002
1.832000 3.036622e+002
1.834000 3.035895e+002
1.836000 3.035180e+002
1.838000 3.034479e+002
1.840000 3.033790e+002
1.842000 3.033113e+002
1.844000 3.032449e+002
1.846000 3.031797e+002
1.848000 3.031156e+002
1.850000 3.030527e+002
1.852000 3.029910e+002
1.854000 3.029304e+002
1.856000 3.028710e+002
1.858000 3.028126e+002
1.860000 3.027553e+002
1.862000 3.026990e+002
1.864000 3.026438e+002
1.866000 3.025896e+002
1.868000 3.025365e+002
1.870000 3.024843e+002
1.872000 3.024331e+002
1.874000 3.023828e+002
1.876000 3.023335e+002
1.878000 3.022852e+002
1.880000 3.022377e+002
1.882000 3.021912e+002
1.884000 3.021455e+002
1.886000 3.021007e+002
1.888000 3.020567e+002
1.890000 3.020136e+002
1.892000 3.019713e+002
1.894000 3.019298e+002
1.896000 3.018891e+002
1.898000 3.018492e+002
1.900000 3.018101e+002
1.902000 3.017717e+002
1.904000 3.017341e+002
1.906000 3.016972e+002
1.908000 3.016610e+002
1.910000 3.016255e+002
1.912000 3.015907e+002
1.914000 3.015566e+002
1.916000 3.015232e+002
1.918000 3.014904e+002
1.920000 3.014583e+002
1.922000 3.014268e+002
1.924000 3.013959e+002
1.926000 3.013657e+002
1.928000 3.013360e+002
1.930000 3.013070e+002
1.932000 3.012785e+002
1.934000 3.012506e+002
1.936000 3.012232e+002
1.938000 3.011964e+002
1.940000 3.011702e+002
1.942000 3.011444e+002
1.944000 3.011192e+002
1.946000 3.010945e+002
1.948000 3.010703e+002
1.950000 3.010466e+002
1.952000 3.010234e+002
1.954000 3.010006e+002
1.956000 3.009784e+002
1.958000 3.009565e+002
1.960000 3.009352e+002
1.962000 3.009142e+002
1.964000 3.008937e+002
1.966000 3.008736e+002
1.968000 3.008540e+002
1.970000 3.008347e+002
1.972000 3.008159e+002
1.974000 3.007974e+002
1.976000 3.007793e+002
1.978000 3.007617e+002
1.980000 3.007443e+002
1.982000 3.007274e+002
1.984000 3.007108e+002
1.986000 3.006945e+002
1.988000 3.006786e+002
1.990000 3.006630e+002
1.992000 3.006478e+002
1.994000 3.006329e+002
1.996000 3.006183e+002
1.998000 3.006040e+002
2.000000 3.005900e+002
2.002000 3.005764e+002
2.004000 3.005630e+002
2.006000 3.005499e+002
2.008000 3.005371e+002
2.010000 3.005245e+002
2.012000 3.005123e+002
2.014000 3.005003e+002
2.016000 3.004885e+002
2.018000 3.004771e+002
2.020000 3.004658e+002
2.022000 3.004549e+002
2.024000 3.004441e+002
2.026000 3.004336e+002
2.028000 3.004233e+002
2.030000 3.004133e+002
2.032000 3.004035e+002
2.034000 3.003938e+002
2.036000 3.003845e+002
2.038000 3.003753e+002
2.040000 3.003663e+002
2.042000 3.003575e+002
2.044000 3.003489e+002
2.046000 3.003405e+002
2.048000 3.003323e+002
2.050000 3.003243e+002
2.052000 3.003165e+002
2.054000 3.003088e+002
2.056000 3.003013e+002
2.058000 3.002940e+002
2.060000 3.002868e+002
2.062000 3.002798e+002
2.064000 3.002730e+002
2.066000 3.002663e+002
2.068000 3.002598e+002
2.070000 3.002534e+002
2.072000 3.002472e+002
2.074000 3.002411e+002
2.076000 3.002352e+002
2.078000 3.002294e+002
2.080000 3.002237e+002
2.082000 3.002182e+002
2.084000 3.002127e+002
2.086000 3.002075e+002
2.088000 3.002023e+002
2.090000 3.001972e+002
2.092000 3.001923e+002
2.094000 3.001875e+002
2.096000 3.001828e+002
2.098000 3.001782e+002
2.100000 3.001737e+002
2.102000 3.001694e+002
2.104000 3.001651e+002
2.106000 3.001609e+002
2.108000 3.001569e+002
2.110000 3.001529e+002
2.112000 3.001490e+002
2.114000 3.001452e+002
2.116000 3.001415e+002
2.118000 3.001379e+002
2.120000 3.001344e+002
2.122000 3.001310e+002
2.124000 3.001276e+002
2.126000 3.001243e+002
2.128000 3.001211e+002
2.130000 3.001180e+002
2.132000 3.001150e+002
2.134000 3.001120e+002
2.136000 3.001091e+002
2.138000 3.001063e+002
2.140000 3.001035e+002
2.142000 3.001008e+002
2.144000 3.000982e+002
2.146000 3.000957e+002
2.148000 3.000932e+002
2.150000 3.000907e+002
2.152000 3.000884e+002
2.154000 3.000860e+002
2.156000 3.000838e+002
2.158000 3.000816e+002
2.160000 3.000794e+002
2.162000 3.000773e+002
2.164000 3.000753e+002
2.166000 3.000733e+002
2.168000 3.000714e+002
2.170000 3.000695e+002
2.172000 3.000676e+002
2.174000 3.000658e+002
2.176000 3.000641e+002
2.178000 3.000624e+002
2.180000 3.000607e+002
2.182000 3.000591e+002
2.184000 3.000575e+002
2.186000 3.000559e+002
2.188000 3.000544e+002
2.190000 3.000530e+002
2.192000 3.000515e+002
2.194000 3.000501e+002
2.196000 3.000488e+002
2.198000 3.000475e+002
2.200000 3.000462e+002
2.202000 3.000449e+002
2.204000 3.000437e+002
2.206000 3.000425e+002
2.208000 3.000413e+002
2.210000 3.000402e+002
2.212000 3.000391e+002
2.214000 3.000380e+002
2.216000 3.000370e+002
2.218000 3.000360e+002
2.220000 3.000350e+002
2.222000 3.000340e+002
2.224000 3.000331e+002
2.226000 3.000322e+002
2.228000 3.000313e+002
2.230000 3.000304e+002
2.232000 3.000296e+002
2.234000 3.000287e+002
2.236000 3.000279e+002
2.238000 3.000272e+002
2.240000 3.000264e+002
2.242000 3.000257e+002
2.244000 3.000249e+002
2.246000 3.000242e+002
2.248000 3.000236e+002
2.250000 3.000229e+002
2.252000 3.000223e+002
2.254000 3.000216e+002
2.256000 3.000210e+002
2.258000 3.000204e+002
2.260000 3.000198e+002
2.262000 3.000193e+002
2.264000 3.000187e+002
2.266000 3.000182e+002
2.268000 3.000177e+002
2.270000 3.000172e+002
2.272000 3.000167e+002
2.274000 3.000162e+002
2.276000 3.000157e+002
2.278000 3.000153e+002
2.280000 3.000149e+002
2.282000 3.000144e+002
2.284000 3.000140e+002
2.286000 3.000136e+002
2.288000 3.000132e+002
2.290000 3.000128e+002
2.292000 3.000125e+002
2.294000 3.000121e+002
2.296000 3.000117e+002
2.298000 3.000114e+002
2.300000 3.000111e+002
2.302000 3.000107e+002
2.304000 3.000104e+002
2.306000 3.000101e+002
2.308000 3.000098e+002
2.310000 3.000095e+002
2.312000 3.000093e+002
2.314000 3.000090e+002
2.316000 3.000087e+002
2.318000 3.000085e+002
2.320000 3.000082e+002
2.322000 3.000080e+002
2.324000 3.000077e+002
2.326000 3.000075e+002
2.328000 3.000073e+002
2.330000 3.000071e+002
2.332000 3.000069e+002
2.334000 3.000067e+002
2.336000 3.000065e+002
2.338000 3.000063e+002
2.340000 3.000061e+002
2.342000 3.000059e+002
2.344000 3.000057e+002
2.346000 3.000055e+002
2.348000 3.000054e+002
2.350000 3.000052e+002
2.352000 3.000051e+002
2.354000 3.000049e+002
2.356000 3.000048e+002
2.358000 3.000046e+002
2.360000 3.000045e+002
2.362000 3.000043e+002
2.364000 3.000042e+002
2.366000 3.000041e+002
2.368000 3.000039e+002
2.370000 3.000038e+002
2.372000 3.000037e+002
2.374000 3.000036e+002
2.376000 3.000035e+002
2.378000 3.000034e+002
2.380000 3.000033e+002
2.382000 3.000032e+002
2.384000 3.000031e+002
2.386000 3.000030e+002
2.388000 3.000029e+002
2.390000 3.000028e+002
2.392000 3.000027e+002
2.394000 3.000026e+002
2.396000 3.000025e+002
2.398000 3.000025e+002
2.400000 3.000024e+002
2.402000 3.000023e+002
2.404000 3.000022e+002
2.406000 3.000022e+002
2.408000 3.000021e+002
2.410000 3.000020e+002
2.412000 3.000020e+002
2.414000 3.000019e+002
2.416000 3.000019e+002
2.418000 3.000018e+002
2.420000 3.000017e+002
2.422000 3.000017e+002
2.424000 3.000016e+002
2.426000 3.000016e+002
2.428000 3.000015e+002
2.430000 3.000015e+002
2.432000 3.000014e+002
2.434000 3.000014e+002
2.436000 3.000013e+002
2.438000 3.000013e+002
2.440000 3.000013e+002
2.442000 3.000012e+002
2.444000 3.000012e+002
2.446000 3.000011e+002
2.448000 3.000011e+002
2.450000 3.000011e+002
2.452000 3.000010e+002
2.454000 3.000010e+002
2.456000 3.000010e+002
2.458000 3.000009e+002
2.460000 3.000009e+002
2.462000 3.000009e+002
2.464000 3.000008e+002
2.466000 3.000008e+002
2.468000 3.000008e+002
2.470000 3.000008e+002
2.472000 3.000007e+002
2.474000 3.000007e+002
2.476000 3.000007e+002
2.478000 3.000007e+002
2.480000 3.000007e+002
2.482000 3.000006e+002
2.484000 3.000006e+002
2.486000 3.000006e+002
2.488000 3.000006e+002
2.490000 3.000006e+002
2.492000 3.000005e+002
2.494000 3.000005e+002
2.496000 3.000005e+002
2.498000 3.000005e+002
2.500000 3.000005e+002
2.502000 3.000004e+002
2.504000 3.000004e+002
2.506000 3.000004e+002
2.508000 3.000004e+002
2.510000 3.000004e+002
2.512000 3.000004e+002
2.514000 3.000004e+002
2.516000 3.000004e+002
2.518000 3.000003e+002
2.520000 3.000003e+002
2.522000 3.000003e+002
2.524000 3.000003e+002
2.526000 3.000003e+002
2.528000 3.000003e+002
2.530000 3.000003e+002
2.532000 3.000003e+002
2.534000 3.000003e+002
2.536000 3.000003e+002
2.538000 3.000002e+002
2.540000 3.000002e+002
2.542000 3.000002e+002
2.544000 3.000002e+002
2.546000 3.000002e+002
2.548000 3.000002e+002
2.550000 3.000002e+002
2.552000 3.000002e+002
2.554000 3.000002e+002
2.556000 3.000002e+002
2.558000 3.000002e+002
2.560000 3.000002e+002
2.562000 3.000002e+002
2.564000 3.000002e+002
2.566000 3.000001e+002
2.568000 3.000001e+002
2.570000 3.000001e+002
2.572000 3.000001e+002
2.574000 3.000001e+002
2.576000 3.000001e+002
2.578000 3.000001e+002
2.580000 3.000001e+002
2.582000 3.000001e+002
2.584000 3.000001e+002
2.586000 3.000001e+002
2.588000 3.000001e+002
2.590000 3.000001e+002
2.592000 3.000001e+002
2.594000 3.000001e+002
2.596000 3.000001e+002
2.598000 3.000001e+002
2.600000 3.000001e+002
2.602000 3.000001e+002
2.604000 3.000001e+002
2.606000 3.000001e+002
2.608000 3.000001e+002
2.610000 3.000001e+002
2.612000 3.000001e+002
2.614000 3.000001e+002
2.616000 3.000001e+002
2.618000 3.000001e+002
2.620000 3.000001e+002
2.622000 3.000001e+002
2.624000 3.000001e+002
2.626000 3.000001e+002
2.628000 3.000000e+002
2.630000 3.000000e+002
2.632000 3.000000e+002
2.634000 3.000000e+002
2.636000 3.000000e+002
2.638000 3.000000e+002
2.640000 3.000000e+002
2.642000 3.000000e+002
2.644000 3.000000e+002
2.646000 3.000000e+002
2.648000 3.000000e+002
2.650000 3.000000e+002
2.652000 3.000000e+002
2.654000 3.000000e+002
2.656000 3.000000e+002
2.658000 3.000000e+002
2.660000 3.000000e+002
2.662000 3.000000e+002
2.664000 3.000000e+002
2.666000 3.000000e+002
2.668000 3.000000e+002
2.670000 3.000000e+002
2.672000 3.000000e+002
2.674000 3.000000e+002
2.676000 3.000000e+002
2.678000 3.000000e+002
2.680000 3.000000e+002
2.682000 3.000000e+002
2.684000 3.000000e+002
2.686000 3.000000e+002
2.688000 3.000000e+002
2.690000 3.000000e+002
2.692000 3.000000e+002
2.694000 3.000000e+002
2.696000 3.000000e+002
2.698000 3.000000e+002
2.700000 3.000000e+002
2.702000 3.000000e+002
2.704000 3.000000e+002
2.706000 3.000000e+002
2.708000 3.000000e+002
2.710000 3.000000e+002
2.712000 3.000000e+002
2.714000 3.000000e+002
2.716000 3.000000e+002
2.718000 3.000000e+002
2.720000 3.000000e+002
2.722000 3.000000e+002
2.724000 3.000000e+002
2.726000 3.000000e+002
2.728000 3.000000e+002
2.730000 3.000000e+002
2.732000 3.000000e+002
2.734000 3.000000e+002
2.736000 3.000000e+002
2.738000 3.000000e+002
2.740000 3.000000e+002
2.742000 3.000000e+002
2.744000 3.000000e+002
2.746000 3.000000e+002
2.748000 3.000000e+002
2.750000 3.000000e+002
2.752000 3.000000e+002
2.754000 3.000000e+002
2.756000 3.000000e+002
2.758000 3.000000e+002
2.760000 3.000000e+002
2.762000 3.000000e+002
2.764000 3.000000e+002
2.766000 3.000000e+002
2.768000 3.000000e+002
2.770000 3.000000e+002
2.772000 3.000000e+002
2.774000 3.000000e+002
2.776000 3.000000e+002
2.778000 3.000000e+002
2.780000 3.000000e+002
2.782000 3.000000e+002
2.784000 3.000000e+002
2.786000 3.000000e+002
2.788000 3.000000e+002
2.790000 3.000000e+002
2.792000 3.000000e+002
2.794000 3.000000e+002
2.796000 3.000000e+002
2.798000 3.000000e+002
2.800000 3.000000e+002
2.802000 3.000000e+002
2.804000 3.000000e+002
2.806000 3.000000e+002
2.808000 3.000000e+002
2.810000 3.000000e+002
2.812000 3.000000e+002
2.814000 3.000000e+002
2.816000 3.000000e+002
2.818000 3.000000e+002
2.820000 3.000000e+002
2.822000 3.000000e+002
2.824000 3.000000e+002
2.826000 3.000000e+002
2.828000 3.000000e+002
2.830000 3.000000e+002
2.832000 3.000000e+002
2.834000 3.000000e+002
2.836000 3.000000e+002
2.838000 3.000000e+002
2.840000 3.000000e+002
2.842000 3.000000e+002
2.844000 3.000000e+002
2.846000 3.000000e+002
2.848000 3.000000e+002
2.850000 3.000000e+002
2.852000 3.000000e+002
2.854000 3.000000e+002
2.856000 3.000000e+002
2.858000 3.000000e+002
2.860000 3.000000e+002
2.862000 3.000000e+002
2.864000 3.000000e+002
2.866000 3.000000e+002
2.868000 3.000000e+002
2.870000 3.000000e+002
2.872000 3.000000e+002
2.874000 3.000000e+002
2.876000 3.000000e+002
2.878000 3.000000e+002
2.880000 3.000000e+002
2.882000 3.000000e+002
2.884000 3.000000e+002
2.886000 3.000000e+002
2.888000 3.000000e+002
2.890000 3.000000e+002
2.892000 3.000000e+002
2.894000 3.000000e+002
2.896000 3.000000e+002
2.898000 3.000000e+002
2.900000 3.000000e+002
2.902000 3.000000e+002
2.904000 3.000000e+002
2.906000 3.000000e+002
2.908000 3.000000e+002
2.910000 3.000000e+002
2.912000 3.000000e+002
2.914000 3.000000e+002
2.916000 3.000000e+002
2.918000 3.000000e+002
2.920000 3.000000e+002
2.922000 3.000000e+002
2.924000 3.000000e+002
2.926000 3.000000e+002
2.928000 3.000000e+002
2.930000 3.000000e+002
2.932000 3.000000e+002
2.934000 3.000000e+002
2.936000 3.000000e+002
2.938000 3.000000e+002
2.940000 3.000000e+002
2.942000 3.000000e+002
2.944000 3.000000e+002
2.946000 3.000000e+002
2.948000 3.000000e+002
2.950000 3.000000e+002
2.952000 3.000000e+002
2.954000 3.000000e+002
2.956000 3.000000e+002
2.958000 3.000000e+002
2.960000 3.000000e+002
2.962000 3.000000e+002
2.964000 3.000000e+002
2.966000 3.000000e+002
2.968000 3.000000e+002
2.970000 3.000000e+002
2.972000 3.000000e+002
2.974000 3.000000e+002
2.976000 3.000000e+002
2.978000 3.000000e+002
2.980000 3.000000e+002
2.982000 3.000000e+002
2.984000 3.000000e+002
2.986000 3.000000e+002
2.988000 3.000000e+002
2.990000 3.000000e+002
2.992000 3.000000e+002
2.994000 3.000000e+002
2.996000 3.000000e+002
2.998000 3.000000e+002
3.000000 3.000000e+002
3.002000 3.000000e+002
3.004000 3.000000e+002
3.006000 3.000000e+002
3.008000 3.000000e+002
3.010000 3.000000e+002
3.012000 3.000000e+002
3.014000 3.000000e+002
3.016000 3.000000e+002
3.018000 3.000000e+002
3.020000 3.000000e+002
3.022000 3.000000e+002
3.024000 3.000000e+002
3.026000 3.000000e+002
3.028000 3.000000e+002
3.030000 3.000000e+002
3.032000 3.000000e+002
3.034000 3.000000e+002
3.036000 3.000000e+002
3.038000 3.000000e+002
3.040000 3.000000e+002
3.042000 3.000000e+002
3.044000 3.000000e+002
3.046000 3.000000e+002
3.048000 3.000000e+002
3.050000 3.000000e+002
3.052000 3.000000e+002
3.054000 3.000000e+002
3.056000 3.000000e+002
3.058000 3.000000e+002
3.060000 3.000000e+002
3.062000 3.000000e+002
3.064000 3.000000e+002
3.066000 3.000000e+002
3.068000 3.000000e+002
3.070000 3.000000e+002
3.072000 3.000000e+002
3.074000 3.000000e+002
3.076000 3.000000e+002
3.078000 3.000000e+002
3.080000 3.000000e+002
3.082000 3.000000e+002
3.084000 3.000000e+002
3.086000 3.000000e+002
3.088000 3.000000e+002
3.090000 3.000000e+002
3.092000 3.000000e+002
3.094000 3.000000e+002
3.096000 3.000000e+002
3.098000 3.000000e+002
3.100000 3.000000e+002
3.102000 3.000000e+002
3.104000 3.000000e+002
3.106000 3.000000e+002
3.108000 3.000000e+002
3.110000 3.000000e+002
3.112000 3.000000e+002
3.114000 3.000000e+002
3.116000 3.000000e+002
3.118000 3.000000e+002
3.120000 3.000000e+002
3.122000 3.000000e+002
3.124000 3.000000e+002
3.126000 3.000000e+002
3.128000 3.000000e+002
3.130000 3.000000e+002
3.132000 3.000000e+002
3.134000 3.000000e+002
3.136000 3.000000e+002
3.138000 3.000000e+002
3.140000 3.000000e+002
3.142000 3.000000e+002
3.144000 3.000000e+002
3.146000 3.000000e+002
3.148000 3.000000e+002
3.150000 3.000000e+002
3.152000 3.000000e+002
3.154000 3.000000e+002
3.156000 3.000000e+002
3.158000 3.000000e+002
3.160000 3.000000e+002
3.162000 3.000000e+002
3.164000 3.000000e+002
3.166000 3.000000e+002
3.168000 3.000000e+002
3.170000 3.000000e+002
3.172000 3.000000e+002
3.174000 3.000000e+002
3.176000 3.000000e+002
3.178000 3.000000e+002
3.180000 3.000000e+002
3.182000 3.000000e+002
3.184000 3.000000e+002
3.186000 3.000000e+002
3.188000 3.000000e+002
3.190000 3.000000e+002
3.192000 3.000000e+002
3.194000 3.000000e+002
3.196000 3.000000e+002
3.198000 3.000000e+002
3.200000 3.000000e+002
3.202000 3.000000e+002
3.204000 3.000000e+002
3.206000 3.000000e+002
3.208000 3.000000e+002
3.210000 3.000000e+002
3.212000 3.000000e+002
3.214000 3.000000e+002
3.216000 3.000000e+002
3.218000 3.000000e+002
3.220000 3.000000e+002
3.222000 3.000000e+002
3.224000 3.000000e+002
3.226000 3.000000e+002
3.228000 3.000000e+002
3.230000 3.000000e+002
3.232000 3.000000e+002
3.234000 3.000000e+002
3.236000 3.000000e+002
3.238000 3.000000e+002
3.240000 3.000000e+002
3.242000 3.000000e+002
3.244000 3.000000e+002
3.246000 3.000000e+002
3.248000 3.000000e+002
3.250000 3.000000e+002
3.252000 3.000000e+002
3.254000 3.000000e+002
3.256000 3.000000e+002
3.258000 3.000000e+002
3.260000 3.000000e+002
3.262000 3.000000e+002
3.264000 3.000000e+002
3.266000 3.000000e+002
3.268000 3.000000e+002
3.270000 3.000000e+002
3.272000 3.000000e+002
3.274000 3.000000e+002
3.276000 3.000000e+002
3.278000 3.000000e+002
3.280000 3.000000e+002
3.282000 3.000000e+002
3.284000 3.000000e+002
3.286000 3.000000e+002
3.288000 3.000000e+002
3.290000 3.000000e+002
3.292000 3.000000e+002
3.294000 3.000000e+002
3.296000 3.000000e+002
3.298000 3.000000e+002
3.300000 3.000000e+002
3.302000 3.000000e+002
3.304000 3.000000e+002
3.306000 3.000000e+002
3.308000 3.000000e+002
3.310000 3.000000e+002
3.312000 3.000000e+002
3.314000 3.000000e+002
3.316000 3.000000e+002
3.318000 3.000000e+002
3.320000 3.000000e+002
3.322000 3.000000e+002
3.324000 3.000000e+002
3.326000 3.000000e+002
3.328000 3.000000e+002
3.330000 3.000000e+002
3.332000 3.000000e+002
3.334000 3.000000e+002
3.336000 3.000000e+002
3.338000 3.000000e+002
3.340000 3.000000e+002
3.342000 3.000000e+002
3.344000 3.000000e+002
3.346000 3.000000e+002
3.348000 3.000000e+002
3.350000 3.000000e+002
3.352000 3.000000e+002
3.354000 3.000000e+002
3.356000 3.000000e+002
3.358000 3.000000e+002
3.360000 3.000000e+002
3.362000 3.000000e+002
3.364000 3.000000e+002
3.366000 3.000000e+002
3.368000 3.000000e+002
3.370000 3.000000e+002
3.372000 3.000000e+002
3.374000 3.000000e+002
3.376000 3.000000e+002
3.378000 3.000000e+002
3.380000 3.000000e+002
3.382000 3.000000e+002
3.384000 3.000000e+002
3.386000 3.000000e+002
3.388000 3.000000e+002
3.390000 3.000000e+002
3.392000 3.000000e+002
3.394000 3.000000e+002
3.396000 3.000000e+002
3.398000 3.000000e+002
3.400000 3.000000e+002
3.402000 3.000000e+002
3.404000 3.000000e+002
3.406000 3.000000e+002
3.408000 3.000000e+002
3.410000 3.000000e+002
3.412000 3.000000e+002
3.414000 3.000000e+002
3.416000 3.000000e+002
3.418000 3.000000e+002
3.420000 3.000000e+002
3.422000 3.000000e+002
3.424000 3.000000e+002
3.426000 3.000000e+002
3.428000 3.000000e+002
3.430000 3.000000e+002
3.432000 3.000000e+002
3.434000 3.000000e+002
3.436000 3.000000e+002
3.438000 3.000000e+002
3.440000 3.000000e+002
3.442000 3.000000e+002
3.444000 3.000000e+002
3.446000 3.000000e+002
3.448000 3.000000e+002
3.450000 3.000000e+002
3.452000 3.000000e+002
3.454000 3.000000e+002
3.456000 3.000000e+002
3.458000 3.000000e+002
3.460000 3.000000e+002
3.462000 3.000000e+002
3.464000 3.000000e+002
3.466000 3.000000e+002
3.468000 3.000000e+002
3.470000 3.000000e+002
3.472000 3.000000e+002
3.474000 3.000000e+002
3.476000 3.000000e+002
3.478000 3.000000e+002
3.480000 3.000000e+002
3.482000 3.000000e+002
3.484000 3.000000e+002
3.486000 3.000000e+002
3.488000 3.000000e+002
3.490000 3.000000e+002
3.492000 3.000000e+002
3.494000 3.000000e+002
3.496000 3.000000e+002
3.498000 3.000000e+002
3.500000 3.000000e+002
3.502000 3.000000e+002
3.504000 3.000000e+002
3.506000 3.000000e+002
3.508000 3.000000e+002
3.510000 3.000000e+002
3.512000 3.000000e+002
3.514000 3.000000e+002
3.516000 3.000000e+002
3.518000 3.000000e+002
3.520000 3.000000e+002
3.522000 3.000000e+002
3.524000 3.000000e+002
3.526000 3.000000e+002
3.528000 3.000000e+002
3.530000 3.000000e+002
3.532000 3.000000e+002
3.534000 3.000000e+002
3.536000 3.000000e+002
3.538000 3.000000e+002
3.540000 3.000000e+002
3.542000 3.000000e+002
3.544000 3.000000e+002
3.546000 3.000000e+002
3.548000 3.000000e+002
3.550000 3.000000e+002
3.552000 3.000000e+002
3.554000 3.000000e+002
3.556000 3.000000e+002
3.558000 3.000000e+002
3.560000 3.000000e+002
3.562000 3.000000e+002
3.564000 3.000000e+002
3.566000 3.000000e+002
3.568000 3.000000e+002
3.570000 3.000000e+002
3.572000 3.000000e+002
3.574000 3.000000e+002
3.576000 3.000000e+002
3.578000 3.000000e+002
3.580000 3.000000e+002
3.582000 3.000000e+002
3.584000 3.000000e+002
3.586000 3.000000e+002
3.588000 3.000000e+002
3.590000 3.000000e+002
3.592000 3.000000e+002
3.594000 3.000000e+002
3.596000 3.000000e+002
3.598000 3.000000e+002
3.600000 3.000000e+002
3.602000 3.000000e+002
3.604000 3.000000e+002
3.606000 3.000000e+002
3.608000 3.000000e+002
3.610000 3.000000e+002
3.612000 3.000000e+002
3.614000 3.000000e+002
3.616000 3.000000e+002
3.618000 3.000000e+002
3.620000 3.000000e+002
3.622000 3.000000e+002
3.624000 3.000000e+002
3.626000 3.000000e+002
3.628000 3.000000e+002
3.630000 3.000000e+002
3.632000 3.000000e+002
3.634000 3.000000e+002
3.636000 3.000000e+002
3.638000 3.000000e+002
3.640000 3.000000e+002
3.642000 3.000000e+002
3.644000 3.000000e+002
3.646000 3.000000e+002
3.648000 3.000000e+002
3.650000 3.000000e+002
3.652000 3.000000e+002
3.654000 3.000000e+002
3.656000 3.000000e+002
3.658000 3.000000e+002
3.660000 3.000000e+002
3.662000 3.000000e+002
3.664000 3.000000e+002
3.666000 3.000000e+002
3.668000 3.000000e+002
3.670000 3.000000e+002
3.672000 3.000000e+002
3.674000 3.000000e+002
3.676000 3.000000e+002
3.678000 3.000000e+002
3.680000 3.000000e+002
3.682000 3.000000e+002
3.684000 3.000000e+002
3.686000 3.000000e+002
3.688000 3.000000e+002
3.690000 3.000000e+002
3.692000 3.000000e+002
3.694000 3.000000e+002
3.696000 3.000000e+002
3.698000 3.000000e+002
3.700000 3.000000e+002
3.702000 3.000000e+002
3.704000 3.000000e+002
3.706000 3.000000e+002
3.708000 3.000000e+002
3.710000 3.000000e+002
3.712000 3.000000e+002
3.714000 3.000000e+002
3.716000 3.000000e+002
3.718000 3.000000e+002
3.720000 3.000000e+002
3.722000 3.000000e+002
3.724000 3.000000e+002
3.726000 3.000000e+002
3.728000 3.000000e+002
3.730000 3.000000e+002
3.732000 3.000000e+002
3.734000 3.000000e+002
3.736000 3.000000e+002
3.738000 3.000000e+002
3.740000 3.000000e+002
3.742000 3.000000e+002
3.744000 3.000000e+002
3.746000 3.000000e+002
3.748000 3.000000e+002
3.750000 3.000000e+002
3.752000 3.000000e+002
3.754000 3.000000e+002
3.756000 3.000000e+002
3.758000 3.000000e+002
3.760000 3.000000e+002
3.762000 3.000000e+002
3.764000 3.000000e+002
3.766000 3.000000e+002
3.768000 3.000000e+002
3.770000 3.000000e+002
3.772000 3.000000e+002
3.774000 3.000000e+002
3.776000 3.000000e+002
3.778000 3.000000e+002
3.780000 3.000000e+002
3.782000 3.000000e+002
3.784000 3.000000e+002
3.786000 3.000000e+002
3.788000 3.000000e+002
3.790000 3.000000e+002
3.792000 3.000000e+002
3.794000 3.000000e+002
3.796000 3.000000e+002
3.798000 3.000000e+002
3.800000 3.000000e+002
3.802000 3.000000e+002
3.804000 3.000000e+002
3.806000 3.000000e+002
3.808000 3.000000e+002
3.810000 3.000000e+002
3.812000 3.000000e+002
3.814000 3.000000e+002
3.816000 3.000000e+002
3.818000 3.000000e+002
3.820000 3.000000e+002
3.822000 3.000000e+002
3.824000 3.000000e+002
3.826000 3.000000e+002
3.828000 3.000000e+002
3.830000 3.000000e+002
3.832000 3.000000e+002
3.834000 3.000000e+002
3.836000 3.000000e+002
3.838000 3.000000e+002
3.840000 3.000000e+002
3.842000 3.000000e+002
3.844000 3.000000e+002
3.846000 3.000000e+002
3.848000 3.000000e+002
3.850000 3.000000e+002
3.852000 3.000000e+002
3.854000 3.000000e+002
3.856000 3.000000e+002
3.858000 3.000000e+002
3.860000 3.000000e+002
3.862000 3.000000e+002
3.864000 3.000000e+002
3.866000 3.000000e+002
3.868000 3.000000e+002
3.870000 3.000000e+002
3.872000 3.000000e+002
3.874000 3.000000e+002
3.876000 3.000000e+002
3.878000 3.000000e+002
3.880000 3.000000e+002
3.882000 3.000000e+002
3.884000 3.000000e+002
3.886000 3.000000e+002
3.888000 3.000000e+002
3.890000 3.000000e+002
3.892000 3.000000e+002
3.894000 3.000000e+002
3.896000 3.000000e+002
3.898000 3.000000e+002
3.900000 3.000000e+002
3.902000 3.000000e+002
3.904000 3.000000e+002
3.906000 3.000000e+002
3.908000 3.000000e+002
3.910000 3.000000e+002
3.912000 3.000000e+002
3.914000 3.000000e+002
3.916000 3.000000e+002
3.918000 3.000000e+002
3.920000 3.000000e+002
3.922000 3.000000e+002
3.924000 3.000000e+002
3.926000 3.000000e+002
3.928000 3.000000e+002
3.930000 3.000000e+002
3.932000 3.000000e+002
3.934000 3.000000e+002
3.936000 3.000000e+002
3.938000 3.000000e+002
3.940000 3.000000e+002
3.942000 3.000000e+002
3.944000 3.000000e+002
3.946000 3.000000e+002
3.948000 3.000000e+002
3.950000 3.000000e+002
3.952000 3.000000e+002
3.954000 3.000000e+002
3.956000 3.000000e+002
3.958000 3.000000e+002
3.960000 3.000000e+002
3.962000 3.000000e+002
3.964000 3.000000e+002
3.966000 3.000000e+002
3.968000 3.000000e+002
3.970000 3.000000e+002
3.972000 3.000000e+002
3.974000 3.000000e+002
3.976000 3.000000e+002
3.978000 3.000000e+002
3.980000 3.000000e+002
3.982000 3.000000e+002
3.984000 3.000000e+002
3.986000 3.000000e+002
3.988000 3.000000e+002
3.990000 3.000000e+002
3.992000 3.000000e+002
3.994000 3.000000e+002
3.996000 3.000000e+002
3.998000 3.000000e+002
