0.000000 3.189384e+002
0.002000 3.210208e+002
0.004000 3.231029e+002
0.006000 3.251845e+002
0.008000 3.272656e+002
0.010000 3.293462e+002
0.012000 3.314262e+002
0.014000 3.335057e+002
0.016000 3.355845e+002
0.018000 3.376626e+002
0.020000 3.397400e+002
0.022000 3.418167e+002
0.024000 3.438926e+002
0.026000 3.459676e+002
0.028000 3.480417e+002
0.030000 3.501150e+002
0.032000 3.521872e+002
0.034000 3.542585e+002
0.036000 3.563288e+002
0.038000 3.583979e+002
0.040000 3.604660e+002
0.042000 3.625329e+002
0.044000 3.645986e+002
0.046000 3.666631e+002
0.048000 3.687263e+002
0.050000 3.707882e+002
0.052000 3.728488e+002
0.054000 3.749079e+002
0.056000 3.769657e+002
0.058000 3.790219e+002
0.060000 3.810767e+002
0.062000 3.831299e+002
0.064000 3.851816e+002
0.066000 3.872316e+002
0.068000 3.892799e+002
0.070000 3.913266e+002
0.072000 3.933715e+002
0.074000 3.954146e+002
0.076000 3.974559e+002
0.078000 3.994954e+002
0.080000 4.015330e+002
0.082000 4.035686e+002
0.084000 4.056023e+002
0.086000 4.076340e+002
0.088000 4.096636e+002
0.090000 4.116911e+002
0.092000 4.137165e+002
0.094000 4.157397e+002
0.096000 4.177608e+002
0.098000 4.197796e+002
0.100000 4.217961e+002
0.102000 4.238104e+002
0.104000 4.258222e+002
0.106000 4.278317e+002
0.108000 4.298388e+002
0.110000 4.318433e+002
0.112000 4.338454e+002
0.114000 4.358450e+002
0.116000 4.378420e+002
0.118000 4.398363e+002
0.120000 4.418280e+002
0.122000 4.438171e+002
0.124000 4.458034e+002
0.126000 4.477869e+002
0.128000 4.497676e+002
0.130000 4.517455e+002
0.132000 4.537206e+002
0.134000 4.556927e+002
0.136000 4.576619e+002
0.138000 4.596281e+002
0.140000 4.615913e+002
0.142000 4.635514e+002
0.144000 4.655085e+002
0.146000 4.674624e+002
0.148000 4.694132e+002
0.150000 4.713607e+002
0.152000 4.733050e+002
0.154000 4.752461e+002
0.156000 4.771839e+002
0.158000 4.791183e+002
0.160000 4.810493e+002
0.162000 4.829770e+002
0.164000 4.849012e+002
0.166000 4.868219e+002
0.168000 4.887391e+002
0.170000 4.906527e+002
0.172000 4.925628e+002
0.174000 4.944692e+002
0.176000 4.963720e+002
0.178000 4.982711e+002
0.180000 5.001665e+002
0.182000 5.020581e+002
0.184000 5.039460e+002
0.186000 5.058300e+002
0.188000 5.077102e+002
0.190000 5.095864e+002
0.192000 5.114588e+002
0.194000 5.133272e+002
0.196000 5.151916e+002
0.198000 5.170519e+002
0.200000 5.189083e+002
0.202000 5.207605e+002
0.204000 5.226086e+002
0.206000 5.244525e+002
0.208000 5.262923e+002
0.210000 5.281278e+002
0.212000 5.299591e+002
0.214000 5.317861e+002
0.216000 5.336088e+002
0.218000 5.354271e+002
0.220000 5.372411e+002
0.222000 5.390506e+002
0.224000 5.408557e+002
0.226000 5.426564e+002
0.228000 5.444525e+002
0.230000 5.462441e+002
0.232000 5.480311e+002
0.234000 5.498135e+002
0.236000 5.515913e+002
0.238000 5.533644e+002
0.240000 5.551328e+002
0.242000 5.568965e+002
0.244000 5.586555e+002
0.246000 5.604097e+002
0.248000 5.621590e+002
0.250000 5.639036e+002
0.252000 5.656432e+002
0.254000 5.673780e+002
0.256000 5.691078e+002
0.258000 5.708327e+002
0.260000 5.725526e+002
0.262000 5.742674e+002
0.264000 5.759773e+002
0.266000 5.776820e+002
0.268000 5.793817e+002
0.270000 5.810762e+002
0.272000 5.827655e+002
0.274000 5.844497e+002
0.276000 5.861287e+002
0.278000 5.878024e+002
0.280000 5.894709e+002
0.282000 5.911340e+002
0.284000 5.927919e+002
0.286000 5.944443e+002
0.288000 5.960915e+002
0.290000 5.977332e+002
0.292000 5.993694e+002
0.294000 6.010003e+002
0.296000 6.026256e+002
0.298000 6.042454e+002
0.300000 6.058597e+002
0.302000 6.074685e+002
0.304000 6.090716e+002
0.306000 6.106692e+002
0.308000 6.122611e+002
0.310000 6.138474e+002
0.312000 6.154279e+002
0.314000 6.170028e+002
0.316000 6.185719e+002
0.318000 6.201353e+002
0.320000 6.216928e+002
0.322000 6.232446e+002
0.324000 6.247906e+002
0.326000 6.263306e+002
0.328000 6.278649e+002
0.330000 6.293932e+002
0.332000 6.309155e+002
0.334000 6.324320e+002
0.336000 6.339425e+002
0.338000 6.354469e+002
0.340000 6.369454e+002
0.342000 6.384378e+002
0.344000 6.399242e+002
0.346000 6.414045e+002
0.348000 6.428786e+002
0.350000 6.443467e+002
0.352000 6.458086e+002
0.354000 6.472643e+002
0.356000 6.487139e+002
0.358000 6.501572e+002
0.360000 6.515944e+002
0.362000 6.530252e+002
0.364000 6.544498e+002
0.366000 6.558681e+002
0.368000 6.572801e+002
0.370000 6.586858e+002
0.372000 6.600851e+002
0.374000 6.614781e+002
0.376000 6.628646e+002
0.378000 6.642448e+002
0.380000 6.656185e+002
0.382000 6.669858e+002
0.384000 6.683466e+002
0.386000 6.697009e+002
0.388000 6.710487e+002
0.390000 6.723901e+002
0.392000 6.737248e+002
0.394000 6.750531e+002
0.396000 6.763747e+002
0.398000 6.776898e+002
0.400000 6.789983e+002
0.402000 6.803001e+002
0.404000 6.815953e+002
0.406000 6.828839e+002
0.408000 6.841657e+002
0.410000 6.854409e+002
0.412000 6.867094e+002
0.414000 6.879712e+002
0.416000 6.892262e+002
0.418000 6.904745e+002
0.420000 6.917161e+002
0.422000 6.929508e+002
0.424000 6.941788e+002
0.426000 6.953999e+002
0.428000 6.966142e+002
0.430000 6.978217e+002
0.432000 6.990224e+002
0.434000 7.002162e+002
0.436000 7.014030e+002
0.438000 7.025831e+002
0.440000 7.037562e+002
0.442000 7.049223e+002
0.444000 7.060816e+002
0.446000 7.072339e+002
0.448000 7.083793e+002
0.450000 7.095177e+002
0.452000 7.106491e+002
0.454000 7.117735e+002
0.456000 7.128909e+002
0.458000 7.140013e+002
0.460000 7.151047e+002
0.462000 7.162010e+002
0.464000 7.172903e+002
0.466000 7.183726e+002
0.468000 7.194477e+002
0.470000 7.205158e+002
0.472000 7.215768e+002
0.474000 7.226307e+002
0.476000 7.236775e+002
0.478000 7.247172e+002
0.480000 7.257497e+002
0.482000 7.267752e+002
0.484000 7.277934e+002
0.486000 7.288045e+002
0.488000 7.298085e+002
0.490000 7.308053e+002
0.492000 7.317949e+002
0.494000 7.327773e+002
0.496000 7.337525e+002
0.498000 7.347205e+002
0.500000 7.356813e+002
0.502000 7.366349e+002
0.504000 7.375813e+002
0.506000 7.385204e+002
0.508000 7.394523e+002
0.510000 7.403770e+002
0.512000 7.412944e+002
0.514000 7.422045e+002
0.516000 7.431074e+002
0.518000 7.440031e+002
0.520000 7.448914e+002
0.522000 7.457725e+002
0.524000 7.466463e+002
0.526000 7.475128e+002
0.528000 7.483720e+002
0.530000 7.492239e+002
0.532000 7.500685e+002
0.534000 7.509058e+002
0.536000 7.517358e+002
0.538000 7.525585e+002
0.540000 7.533739e+002
0.542000 7.541819e+002
0.544000 7.549826e+002
0.546000 7.557760e+002
0.548000 7.565621e+002
0.550000 7.573409e+002
0.552000 7.581123e+002
0.554000 7.588763e+002
0.556000 7.596331e+002
0.558000 7.603825e+002
0.560000 7.611245e+002
0.562000 7.618593e+002
0.564000 7.625866e+002
0.566000 7.633067e+002
0.568000 7.640193e+002
0.570000 7.647247e+002
0.572000 7.654227e+002
0.574000 7.661133e+002
0.576000 7.667966e+002
0.578000 7.674726e+002
0.580000 7.681412e+002
0.582000 7.688024e+002
0.584000 7.694563e+002
0.586000 7.701029e+002
0.588000 7.707421e+002
0.590000 7.713740e+002
0.592000 7.719985e+002
0.594000 7.726157e+002
0.596000 7.732256e+002
0.598000 7.738281e+002
0.600000 7.744233e+002
0.602000 7.750112e+002
0.604000 7.755917e+002
0.606000 7.761650e+002
0.608000 7.767308e+002
0.610000 7.772894e+002
0.612000 7.778407e+002
0.614000 7.783846e+002
0.616000 7.789212e+002
0.618000 7.794505e+002
0.620000 7.799726e+002
0.622000 7.804873e+002
0.624000 7.809947e+002
0.626000 7.814948e+002
0.628000 7.819877e+002
0.630000 7.824733e+002
0.632000 7.829516e+002
0.634000 7.834226e+002
0.636000 7.838864e+002
0.638000 7.843429e+002
0.640000 7.847921e+002
0.642000 7.852341e+002
0.644000 7.856689e+002
0.646000 7.860964e+002
0.648000 7.865167e+002
0.650000 7.869298e+002
0.652000 7.873357e+002
0.654000 7.877343e+002
0.656000 7.881258e+002
0.658000 7.885100e+002
0.660000 7.888871e+002
0.662000 7.892570e+002
0.664000 7.896197e+002
0.666000 7.899753e+002
0.668000 7.903237e+002
0.670000 7.906649e+002
0.672000 7.909990e+002
0.674000 7.913260e+002
0.676000 7.916459e+002
0.678000 7.919586e+002
0.680000 7.922643e+002
0.682000 7.925628e+002
0.684000 7.928543e+002
0.686000 7.931387e+002
0.688000 7.934160e+002
0.690000 7.936863e+002
0.692000 7.939495e+002
0.694000 7.942057e+002
0.696000 7.944548e+002
0.698000 7.946970e+002
0.700000 7.949321e+002
0.702000 7.951603e+002
0.704000 7.953815e+002
0.706000 7.955957e+002
0.708000 7.958029e+002
0.710000 7.960032e+002
0.712000 7.961965e+002
0.714000 7.963830e+002
0.716000 7.965625e+002
0.718000 7.967351e+002
0.720000 7.969008e+002
0.722000 7.970596e+002
0.724000 7.972116e+002
0.726000 7.973568e+002
0.728000 7.974950e+002
0.730000 7.976265e+002
0.732000 7.977512e+002
0.734000 7.978690e+002
0.736000 7.979801e+002
0.738000 7.980844e+002
0.740000 7.981819e+002
0.742000 7.982727e+002
0.744000 7.983567e+002
0.746000 7.984341e+002
0.748000 7.985047e+002
0.750000 7.985687e+002
0.752000 7.986259e+002
0.754000 7.986765e+002
0.756000 7.987205e+002
0.758000 7.987578e+002
0.760000 7.987886e+002
0.762000 7.988127e+002
0.764000 7.988302e+002
0.766000 7.988412e+002
0.768000 7.988456e+002
0.770000 7.988435e+002
0.772000 7.988348e+002
0.774000 7.988197e+002
0.776000 7.987980e+002
0.778000 7.987699e+002
0.780000 7.987353e+002
0.782000 7.986943e+002
0.784000 7.986469e+002
0.786000 7.985930e+002
0.788000 7.985328e+002
0.790000 7.984662e+002
0.792000 7.983932e+002
0.794000 7.983139e+002
0.796000 7.982282e+002
0.798000 7.981363e+002
0.800000 7.980381e+002
0.802000 7.979336e+002
0.804000 7.978228e+002
0.806000 7.977059e+002
0.808000 7.975827e+002
0.810000 7.974533e+002
0.812000 7.973177e+002
0.814000 7.971759e+002
0.816000 7.970281e+002
0.818000 7.968741e+002
0.820000 7.967140e+002
0.822000 7.965478e+002
0.824000 7.963755e+002
0.826000 7.961972e+002
0.828000 7.960128e+002
0.830000 7.958225e+002
0.832000 7.956261e+002
0.834000 7.954238e+002
0.836000 7.952156e+002
0.838000 7.950014e+002
0.840000 7.947812e+002
0.842000 7.945552e+002
0.844000 7.943234e+002
0.846000 7.940856e+002
0.848000 7.938421e+002
0.850000 7.935927e+002
0.852000 7.933375e+002
0.854000 7.930766e+002
0.856000 7.928099e+002
0.858000 7.925375e+002
0.860000 7.922594e+002
0.862000 7.919755e+002
0.864000 7.916861e+002
0.866000 7.913909e+002
0.868000 7.910902e+002
0.870000 7.907838e+002
0.872000 7.904719e+002
0.874000 7.901544e+002
0.876000 7.898313e+002
0.878000 7.895028e+002
0.880000 7.891687e+002
0.882000 7.888292e+002
0.884000 7.884842e+002
0.886000 7.881337e+002
0.888000 7.877779e+002
0.890000 7.874167e+002
0.892000 7.870501e+002
0.894000 7.866782e+002
0.896000 7.863009e+002
0.898000 7.859184e+002
0.900000 7.855306e+002
0.902000 7.851375e+002
0.904000 7.847392e+002
0.906000 7.843356e+002
0.908000 7.839269e+002
0.910000 7.835131e+002
0.912000 7.830941e+002
0.914000 7.826699e+002
0.916000 7.822407e+002
0.918000 7.818064e+002
0.920000 7.813671e+002
0.922000 7.809227e+002
0.924000 7.804733e+002
0.926000 7.800190e+002
0.928000 7.795597e+002
0.930000 7.790954e+002
0.932000 7.786263e+002
0.934000 7.781523e+002
0.936000 7.776734e+002
0.938000 7.771897e+002
0.940000 7.767011e+002
0.942000 7.762078e+002
0.944000 7.757097e+002
0.946000 7.752068e+002
0.948000 7.746993e+002
0.950000 7.741870e+002
0.952000 7.736701e+002
0.954000 7.731485e+002
0.956000 7.726223e+002
0.958000 7.720915e+002
0.960000 7.715562e+002
0.962000 7.710163e+002
0.964000 7.704718e+002
0.966000 7.699229e+002
0.968000 7.693695e+002
0.970000 7.688116e+002
0.972000 7.682493e+002
0.974000 7.676826e+002
0.976000 7.671115e+002
0.978000 7.665361e+002
0.980000 7.659563e+002
0.982000 7.653723e+002
0.984000 7.647839e+002
0.986000 7.641913e+002
0.988000 7.635945e+002
0.990000 7.629935e+002
0.992000 7.623883e+002
0.994000 7.617789e+002
0.996000 7.611654e+002
0.998000 7.605478e+002
1.000000 7.599261e+002
1.002000 7.593004e+002
1.004000 7.586706e+002
1.006000 7.580368e+002
1.008000 7.573991e+002
1.010000 7.567574e+002
1.012000 7.561117e+002
1.014000 7.554622e+002
1.016000 7.548088e+002
1.018000 7.541515e+002
1.020000 7.534904e+002
1.022000 7.528255e+002
1.024000 7.521568e+002
1.026000 7.514844e+002
1.028000 7.508082e+002
1.030000 7.501283e+002
1.032000 7.494448e+002
1.034000 7.487576e+002
1.036000 7.480667e+002
1.038000 7.473723e+002
1.040000 7.466743e+002
1.042000 7.459728e+002
1.044000 7.452677e+002
1.046000 7.445591e+002
1.048000 7.438471e+002
1.050000 7.431316e+002
1.052000 7.424127e+002
1.054000 7.416904e+002
1.056000 7.409647e+002
1.058000 7.402356e+002
1.060000 7.395033e+002
1.062000 7.387676e+002
1.064000 7.380287e+002
1.066000 7.372866e+002
1.068000 7.365412e+002
1.070000 7.357926e+002
1.072000 7.350409e+002
1.074000 7.342860e+002
1.076000 7.335280e+002
1.078000 7.327669e+002
1.080000 7.320027e+002
1.082000 7.312355e+002
1.084000 7.304653e+002
1.086000 7.296921e+002
1.088000 7.289160e+002
1.090000 7.281369e+002
1.092000 7.273549e+002
1.094000 7.265700e+002
1.096000 7.257822e+002
1.098000 7.249916e+002
1.100000 7.241982e+002
1.102000 7.234020e+002
1.104000 7.226030e+002
1.106000 7.218013e+002
1.108000 7.209969e+002
1.110000 7.201899e+002
1.112000 7.193801e+002
1.114000 7.185677e+002
1.116000 7.177527e+002
1.118000 7.169352e+002
1.120000 7.161151e+002
1.122000 7.152924e+002
1.124000 7.144672e+002
1.126000 7.136396e+002
1.128000 7.128095e+002
1.130000 7.119769e+002
1.132000 7.111420e+002
1.134000 7.103047e+002
1.136000 7.094650e+002
1.138000 7.086230e+002
1.140000 7.077787e+002
1.142000 7.069320e+002
1.144000 7.060832e+002
1.146000 7.052321e+002
1.148000 7.043788e+002
1.150000 7.035233e+002
1.152000 7.026657e+002
1.154000 7.018059e+002
1.156000 7.009440e+002
1.158000 7.000801e+002
1.160000 6.992141e+002
1.162000 6.983460e+002
1.164000 6.974760e+002
1.166000 6.966039e+002
1.168000 6.957299e+002
1.170000 6.948540e+002
1.172000 6.939761e+002
1.174000 6.930964e+002
1.176000 6.922148e+002
1.178000 6.913314e+002
1.180000 6.904461e+002
1.182000 6.895591e+002
1.184000 6.886703e+002
1.186000 6.877797e+002
1.188000 6.868875e+002
1.190000 6.859935e+002
1.192000 6.850979e+002
1.194000 6.842006e+002
1.196000 6.833018e+002
1.198000 6.824013e+002
1.200000 6.814992e+002
1.202000 6.805956e+002
1.204000 6.796905e+002
1.206000 6.787839e+002
1.208000 6.778758e+002
1.210000 6.769662e+002
1.212000 6.760552e+002
1.214000 6.751429e+002
1.216000 6.742291e+002
1.218000 6.733139e+002
1.220000 6.723975e+002
1.222000 6.714797e+002
1.224000 6.705606e+002
1.226000 6.696403e+002
1.228000 6.687187e+002
1.230000 6.677959e+002
1.232000 6.668719e+002
1.234000 6.659467e+002
1.236000 6.650204e+002
1.238000 6.640930e+002
1.240000 6.631644e+002
1.242000 6.622348e+002
1.244000 6.613041e+002
1.246000 6.603723e+002
1.248000 6.594396e+002
1.250000 6.585058e+002
1.252000 6.575711e+002
1.254000 6.566355e+002
1.256000 6.556989e+002
1.258000 6.547614e+002
1.260000 6.538230e+002
1.262000 6.528838e+002
1.264000 6.519437e+002
1.266000 6.510028e+002
1.268000 6.500612e+002
1.270000 6.491187e+002
1.272000 6.481756e+002
1.274000 6.472316e+002
1.276000 6.462870e+002
1.278000 6.453417e+002
1.280000 6.443958e+002
1.282000 6.434492e+002
1.284000 6.425019e+002
1.286000 6.415541e+002
1.288000 6.406057e+002
1.290000 6.396568e+002
1.292000 6.387073e+002
1.294000 6.377573e+002
1.296000 6.368068e+002
1.298000 6.358558e+002
1.300000 6.349044e+002
1.302000 6.339526e+002
1.304000 6.330003e+002
1.306000 6.320477e+002
1.308000 6.310947e+002
1.310000 6.301414e+002
1.312000 6.291877e+002
1.314000 6.282337e+002
1.316000 6.272794e+002
1.318000 6.263249e+002
1.320000 6.253701e+002
1.322000 6.244151e+002
1.324000 6.234599e+002
1.326000 6.225045e+002
1.328000 6.215490e+002
1.330000 6.205932e+002
1.332000 6.196374e+002
1.334000 6.186815e+002
1.336000 6.177255e+002
1.338000 6.167694e+002
1.340000 6.158132e+002
1.342000 6.148570e+002
1.344000 6.139009e+002
1.346000 6.129447e+002
1.348000 6.119885e+002
1.350000 6.110325e+002
1.352000 6.100764e+002
1.354000 6.091205e+002
1.356000 6.081646e+002
1.358000 6.072089e+002
1.360000 6.062533e+002
1.362000 6.052979e+002
1.364000 6.043427e+002
1.366000 6.033876e+002
1.368000 6.024328e+002
1.370000 6.014782e+002
1.372000 6.005238e+002
1.374000 5.995698e+002
1.376000 5.986160e+002
1.378000 5.976625e+002
1.380000 5.967093e+002
1.382000 5.957565e+002
1.384000 5.948040e+002
1.386000 5.938519e+002
1.388000 5.929002e+002
1.390000 5.919489e+002
1.392000 5.909980e+002
1.394000 5.900476e+002
1.396000 5.890976e+002
1.398000 5.881481e+002
1.400000 5.871991e+002
1.402000 5.862506e+002
1.404000 5.853026e+002
1.406000 5.843552e+002
1.408000 5.834083e+002
1.410000 5.824621e+002
1.412000 5.815164e+002
1.414000 5.805713e+002
1.416000 5.796268e+002
1.418000 5.786830e+002
1.420000 5.777399e+002
1.422000 5.767974e+002
1.424000 5.758556e+002
1.426000 5.749145e+002
1.428000 5.739741e+002
1.430000 5.730345e+002
1.432000 5.720956e+002
1.434000 5.711575e+002
1.436000 5.702201e+002
1.438000 5.692836e+002
1.440000 5.683479e+002
1.442000 5.674130e+002
1.444000 5.664789e+002
1.446000 5.655457e+002
1.448000 5.646134e+002
1.450000 5.636820e+002
1.452000 5.627514e+002
1.454000 5.618218e+002
1.456000 5.608931e+002
1.458000 5.599654e+002
1.460000 5.590386e+002
1.462000 5.581127e+002
1.464000 5.571879e+002
1.466000 5.562641e+002
1.468000 5.553413e+002
1.470000 5.544195e+002
1.472000 5.534987e+002
1.474000 5.525790e+002
1.476000 5.516604e+002
1.478000 5.507429e+002
1.480000 5.498264e+002
1.482000 5.489111e+002
1.484000 5.479968e+002
1.486000 5.470838e+002
1.488000 5.461718e+002
1.490000 5.452610e+002
1.492000 5.443514e+002
1.494000 5.434430e+002
1.496000 5.425358e+002
1.498000 5.416298e+002
1.500000 5.407250e+002
1.502000 5.398214e+002
1.504000 5.389191e+002
1.506000 5.380181e+002
1.508000 5.371183e+002
1.510000 5.362198e+002
1.512000 5.353226e+002
1.514000 5.344267e+002
1.516000 5.335321e+002
1.518000 5.326389e+002
1.520000 5.317470e+002
1.522000 5.308564e+002
1.524000 5.299673e+002
1.526000 5.290794e+002
1.528000 5.281930e+002
1.530000 5.273080e+002
1.532000 5.264244e+002
1.534000 5.255422e+002
1.536000 5.246614e+002
1.538000 5.237821e+002
1.540000 5.229042e+002
1.542000 5.220278e+002
1.544000 5.211529e+002
1.546000 5.202794e+002
1.548000 5.194074e+002
1.550000 5.185370e+002
1.552000 5.176680e+002
1.554000 5.168006e+002
1.556000 5.159347e+002
1.558000 5.150703e+002
1.560000 5.142075e+002
1.562000 5.133463e+002
1.564000 5.124866e+002
1.566000 5.116285e+002
1.568000 5.107720e+002
1.570000 5.099171e+002
1.572000 5.090638e+002
1.574000 5.082121e+002
1.576000 5.073621e+002
1.578000 5.065137e+002
1.580000 5.056669e+002
1.582000 5.048218e+002
1.584000 5.039783e+002
1.586000 5.031365e+002
1.588000 5.022964e+002
1.590000 5.014580e+002
1.592000 5.006212e+002
1.594000 4.997862e+002
1.596000 4.989529e+002
1.598000 4.981213e+002
1.600000 4.972914e+002
1.602000 4.964632e+002
1.604000 4.956368e+002
1.606000 4.948122e+002
1.608000 4.939893e+002
1.610000 4.931682e+002
1.612000 4.923488e+002
1.614000 4.915312e+002
1.616000 4.907154e+002
1.618000 4.899014e+002
1.620000 4.890892e+002
1.622000 4.882789e+002
1.624000 4.874703e+002
1.626000 4.866635e+002
1.628000 4.858586e+002
1.630000 4.850555e+002
1.632000 4.842543e+002
1.634000 4.834549e+002
1.636000 4.826573e+002
1.638000 4.818616e+002
1.640000 4.810678e+002
1.642000 4.802759e+002
1.644000 4.794858e+002
1.646000 4.786976e+002
1.648000 4.779113e+002
1.650000 4.771269e+002
1.652000 4.763444e+002
1.654000 4.755638e+002
1.656000 4.747852e+002
1.658000 4.740084e+002
1.660000 4.732336e+002
1.662000 4.724607e+002
1.664000 4.716897e+002
1.666000 4.709207e+002
1.668000 4.701536e+002
1.670000 4.693885e+002
1.672000 4.686253e+002
1.674000 4.678641e+002
1.676000 4.671048e+002
1.678000 4.663475e+002
1.680000 4.655922e+002
1.682000 4.648389e+002
1.684000 4.640875e+002
1.686000 4.633382e+002
1.688000 4.625908e+002
1.690000 4.618454e+002
1.692000 4.611021e+002
1.694000 4.603607e+002
1.696000 4.596213e+002
1.698000 4.588840e+002
1.700000 4.581486e+002
1.702000 4.574153e+002
1.704000 4.566840e+002
1.706000 4.559548e+002
1.708000 4.552275e+002
1.710000 4.545023e+002
1.712000 4.537792e+002
1.714000 4.530580e+002
1.716000 4.523390e+002
1.718000 4.516219e+002
1.720000 4.509069e+002
1.722000 4.501940e+002
1.724000 4.494831e+002
1.726000 4.487743e+002
1.728000 4.480676e+002
1.730000 4.473629e+002
1.732000 4.466603e+002
1.734000 4.459597e+002
1.736000 4.452612e+002
1.738000 4.445648e+002
1.740000 4.438705e+002
1.742000 4.431782e+002
1.744000 4.424881e+002
1.746000 4.418000e+002
1.748000 4.411140e+002
1.750000 4.404301e+002
1.752000 4.397482e+002
1.754000 4.390685e+002
1.756000 4.383909e+002
1.758000 4.377153e+002
1.760000 4.370419e+002
1.762000 4.363705e+002
1.764000 4.357013e+002
1.766000 4.350341e+002
1.768000 4.343691e+002
1.770000 4.337062e+002
1.772000 4.330453e+002
1.774000 4.323866e+002
1.776000 4.317300e+002
1.778000 4.310755e+002
1.780000 4.304231e+002
1.782000 4.297728e+002
1.784000 4.291246e+002
1.786000 4.284786e+002
1.788000 4.278346e+002
1.790000 4.271928e+002
1.792000 4.265531e+002
1.794000 4.259155e+002
1.796000 4.252800e+002
1.798000 4.246467e+002
1.800000 4.240154e+002
1.802000 4.233863e+002
1.804000 4.227593e+002
1.806000 4.221344e+002
1.808000 4.215116e+002
1.810000 4.208910e+002
1.812000 4.202724e+002
1.814000 4.196560e+002
1.816000 4.190417e+002
1.818000 4.184295e+002
1.820000 4.178195e+002
1.822000 4.172115e+002
1.824000 4.166057e+002
1.826000 4.160020e+002
1.828000 4.154004e+002
1.830000 4.148009e+002
1.832000 4.142036e+002
1.834000 4.136084e+002
1.836000 4.130152e+002
1.838000 4.124242e+002
1.840000 4.118353e+002
1.842000 4.112486e+002
1.844000 4.106639e+002
1.846000 4.100813e+002
1.848000 4.095009e+002
1.850000 4.089226e+002
1.852000 4.083463e+002
1.854000 4.077722e+002
1.856000 4.072002e+002
1.858000 4.066303e+002
1.860000 4.060625e+002
1.862000 4.054968e+002
1.864000 4.049332e+002
1.866000 4.043717e+002
1.868000 4.038123e+002
1.870000 4.032550e+002
1.872000 4.026998e+002
1.874000 4.021467e+002
1.876000 4.015957e+002
1.878000 4.010468e+002
1.880000 4.005000e+002
1.882000 3.999552e+002
1.884000 3.994125e+002
1.886000 3.988720e+002
1.888000 3.983335e+002
1.890000 3.977971e+002
1.892000 3.972627e+002
1.894000 3.967305e+002
1.896000 3.962003e+002
1.898000 3.956722e+002
1.900000 3.951461e+002
1.902000 3.946221e+002
1.904000 3.941002e+002
1.906000 3.935804e+002
1.908000 3.930626e+002
1.910000 3.925469e+002
1.912000 3.920332e+002
1.914000 3.915216e+002
1.916000 3.910120e+002
1.918000 3.905045e+002
1.920000 3.899990e+002
1.922000 3.894956e+002
1.924000 3.889942e+002
1.926000 3.884948e+002
1.928000 3.879975e+002
1.930000 3.875022e+002
1.932000 3.870090e+002
1.934000 3.865177e+002
1.936000 3.860285e+002
1.938000 3.855414e+002
1.940000 3.850562e+002
1.942000 3.845730e+002
1.944000 3.840919e+002
1.946000 3.836128e+002
1.948000 3.831357e+002
1.950000 3.826605e+002
1.952000 3.821874e+002
1.954000 3.817163e+002
1.956000 3.812472e+002
1.958000 3.807800e+002
1.960000 3.803149e+002
1.962000 3.798517e+002
1.964000 3.793905e+002
1.966000 3.789313e+002
1.968000 3.784740e+002
1.970000 3.780188e+002
1.972000 3.775654e+002
1.974000 3.771141e+002
1.976000 3.766647e+002
1.978000 3.762173e+002
1.980000 3.757718e+002
1.982000 3.753283e+002
1.984000 3.748867e+002
1.986000 3.744470e+002
1.988000 3.740093e+002
1.990000 3.735735e+002
1.992000 3.731397e+002
1.994000 3.727078e+002
1.996000 3.722778e+002
1.998000 3.718497e+002
2.000000 3.714235e+002
2.002000 3.709993e+002
2.004000 3.705769e+002
2.006000 3.701564e+002
2.008000 3.697379e+002
2.010000 3.693212e+002
2.012000 3.689065e+002
2.014000 3.684936e+002
2.016000 3.680826e+002
2.018000 3.676734e+002
2.020000 3.672662e+002
2.022000 3.668608e+002
2.024000 3.664573e+002
2.026000 3.660556e+002
2.028000 3.656558e+002
2.030000 3.652578e+002
2.032000 3.648617e+002
2.034000 3.644675e+002
2.036000 3.640750e+002
2.038000 3.636845e+002
2.040000 3.632957e+002
2.042000 3.629088e+002
2.044000 3.625236e+002
2.046000 3.621403e+002
2.048000 3.617589e+002
2.050000 3.613792e+002
2.052000 3.610013e+002
2.054000 3.606252e+002
2.056000 3.602510e+002
2.058000 3.598785e+002
2.060000 3.595078e+002
2.062000 3.591388e+002
2.064000 3.587717e+002
2.066000 3.584063e+002
2.068000 3.580427e+002
2.070000 3.576808e+002
2.072000 3.573207e+002
2.074000 3.569624e+002
2.076000 3.566058e+002
2.078000 3.562509e+002
2.080000 3.558978e+002
2.082000 3.555464e+002
2.084000 3.551968e+002
2.086000 3.548489e+002
2.088000 3.545026e+002
2.090000 3.541581e+002
2.092000 3.538153e+002
2.094000 3.534743e+002
2.096000 3.531349e+002
2.098000 3.527972e+002
2.100000 3.524612e+002
2.102000 3.521269e+002
2.104000 3.517942e+002
2.106000 3.514633e+002
2.108000 3.511340e+002
2.110000 3.508063e+002
2.112000 3.504804e+002
2.114000 3.501560e+002
2.116000 3.498334e+002
2.118000 3.495124e+002
2.120000 3.491930e+002
2.122000 3.488752e+002
2.124000 3.485591e+002
2.126000 3.482446e+002
2.128000 3.479317e+002
2.130000 3.476205e+002
2.132000 3.473108e+002
2.134000 3.470028e+002
2.136000 3.466963e+002
2.138000 3.463915e+002
2.140000 3.460882e+002
2.142000 3.457865e+002
2.144000 3.454864e+002
2.146000 3.451879e+002
2.148000 3.448909e+002
2.150000 3.445955e+002
2.152000 3.443017e+002
2.154000 3.440094e+002
2.156000 3.437187e+002
2.158000 3.434295e+002
2.160000 3.431418e+002
2.162000 3.428557e+002
2.164000 3.425711e+002
2.166000 3.422880e+002
2.168000 3.420064e+002
2.170000 3.417264e+002
2.172000 3.414478e+002
2.174000 3.411708e+002
2.176000 3.408952e+002
2.178000 3.406212e+002
2.180000 3.403486e+002
2.182000 3.400775e+002
2.184000 3.398079e+002
2.186000 3.395397e+002
2.188000 3.392731e+002
2.190000 3.390078e+002
2.192000 3.387440e+002
2.194000 3.384817e+002
2.196000 3.382208e+002
2.198000 3.379614e+002
2.200000 3.377034e+002
2.202000 3.374468e+002
2.204000 3.371916e+002
2.206000 3.369379e+002
2.208000 3.366855e+002
2.210000 3.364346e+002
2.212000 3.361851e+002
2.214000 3.359369e+002
2.216000 3.356902e+002
2.218000 3.354448e+002
2.220000 3.352009e+002
2.222000 3.349583e+002
2.224000 3.347170e+002
2.226000 3.344771e+002
2.228000 3.342386e+002
2.230000 3.340015e+002
2.232000 3.337657e+002
2.234000 3.335312e+002
2.236000 3.332981e+002
2.238000 3.330663e+002
2.240000 3.328358e+002
2.242000 3.326066e+002
2.244000 3.323788e+002
2.246000 3.321523e+002
2.248000 3.319271e+002
2.250000 3.317032e+002
2.252000 3.314805e+002
2.254000 3.312592e+002
2.256000 3.310392e+002
2.258000 3.308204e+002
2.260000 3.306029e+002
2.262000 3.303867e+002
2.264000 3.301717e+002
2.266000 3.299581e+002
2.268000 3.297456e+002
2.270000 3.295344e+002
2.272000 3.293245e+002
2.274000 3.291158e+002
2.276000 3.289083e+002
2.278000 3.287020e+002
2.280000 3.284970e+002
2.282000 3.282932e+002
2.284000 3.280906e+002
2.286000 3.278892e+002
2.288000 3.276890e+002
2.290000 3.274900e+002
2.292000 3.272922e+002
2.294000 3.270956e+002
2.296000 3.269002e+002
2.298000 3.267059e+002
2.300000 3.265128e+002
2.302000 3.263209e+002
2.304000 3.261302e+002
2.306000 3.259406e+002
2.308000 3.257521e+002
2.310000 3.255648e+002
2.312000 3.253786e+002
2.314000 3.251936e+002
2.316000 3.250097e+002
2.318000 3.248269e+002
2.320000 3.246453e+002
2.322000 3.244648e+002
2.324000 3.242853e+002
2.326000 3.241070e+002
2.328000 3.239298e+002
2.330000 3.237537e+002
2.332000 3.235786e+002
2.334000 3.234047e+002
2.336000 3.232318e+002
2.338000 3.230600e+002
2.340000 3.228893e+002
2.342000 3.227196e+002
2.344000 3.225510e+002
2.346000 3.223835e+002
2.348000 3.222170e+002
2.350000 3.220515e+002
2.352000 3.218871e+002
2.354000 3.217238e+002
2.356000 3.215614e+002
2.358000 3.214001e+002
2.360000 3.212398e+002
2.362000 3.210805e+002
2.364000 3.209223e+002
2.366000 3.207650e+002
2.368000 3.206087e+002
2.370000 3.204535e+002
2.372000 3.202992e+002
2.374000 3.201459e+002
2.376000 3.199936e+002
2.378000 3.198423e+002
2.380000 3.196920e+002
2.382000 3.195426e+002
2.384000 3.193942e+002
2.386000 3.192467e+002
2.388000 3.191002e+002
2.390000 3.189547e+002
2.392000 3.188100e+002
2.394000 3.186664e+002
2.396000 3.185236e+002
2.398000 3.183818e+002
2.400000 3.182410e+002
2.402000 3.181010e+002
2.404000 3.179620e+002
2.406000 3.178238e+002
2.408000 3.176866e+002
2.410000 3.175503e+002
2.412000 3.174149e+002
2.414000 3.172803e+002
2.416000 3.171467e+002
2.418000 3.170139e+002
2.420000 3.168821e+002
2.422000 3.167511e+002
2.424000 3.166209e+002
2.426000 3.164917e+002
2.428000 3.163633e+002
2.430000 3.162357e+002
2.432000 3.161090e+002
2.434000 3.159832e+002
2.436000 3.158582e+002
2.438000 3.157340e+002
2.440000 3.156107e+002
2.442000 3.154882e+002
2.444000 3.153666e+002
2.446000 3.152457e+002
2.448000 3.151257e+002
2.450000 3.150065e+002
2.452000 3.148881e+002
2.454000 3.147705e+002
2.456000 3.146537e+002
2.458000 3.145377e+002
2.460000 3.144225e+002
2.462000 3.143080e+002
2.464000 3.141944e+002
2.466000 3.140815e+002
2.468000 3.139695e+002
2.470000 3.138581e+002
2.472000 3.137476e+002
2.474000 3.136378e+002
2.476000 3.135288e+002
2.478000 3.134205e+002
2.480000 3.133130e+002
2.482000 3.132062e+002
2.484000 3.131002e+002
2.486000 3.129949e+002
2.488000 3.128903e+002
2.490000 3.127865e+002
2.492000 3.126833e+002
2.494000 3.125809e+002
2.496000 3.124793e+002
2.498000 3.123783e+002
2.500000 3.122781e+002
2.502000 3.121785e+002
2.504000 3.120797e+002
2.506000 3.119815e+002
2.508000 3.118841e+002
2.510000 3.117873e+002
2.512000 3.116912e+002
2.514000 3.115958e+002
2.516000 3.115011e+002
2.518000 3.114070e+002
2.520000 3.113136e+002
2.522000 3.112209e+002
2.524000 3.111289e+002
2.526000 3.110375e+002
2.528000 3.109467e+002
2.530000 3.108567e+002
2.532000 3.107672e+002
2.534000 3.106784e+002
2.536000 3.105903e+002
2.538000 3.105027e+002
2.540000 3.104158e+002
2.542000 3.103296e+002
2.544000 3.102439e+002
2.546000 3.101589e+002
2.548000 3.100745e+002
2.550000 3.099907e+002
2.552000 3.099075e+002
2.554000 3.098250e+002
2.556000 3.097430e+002
2.558000 3.096616e+002
2.560000 3.095808e+002
2.562000 3.095006e+002
2.564000 3.094211e+002
2.566000 3.093420e+002
2.568000 3.092636e+002
2.570000 3.091858e+002
2.572000 3.091085e+002
2.574000 3.090318e+002
2.576000 3.089556e+002
2.578000 3.088800e+002
2.580000 3.088050e+002
2.582000 3.087306e+002
2.584000 3.086567e+002
2.586000 3.085833e+002
2.588000 3.085105e+002
2.590000 3.084382e+002
2.592000 3.083665e+002
2.594000 3.082953e+002
2.596000 3.082246e+002
2.598000 3.081545e+002
2.600000 3.080849e+002
2.602000 3.080158e+002
2.604000 3.079473e+002
2.606000 3.078792e+002
2.608000 3.078117e+002
2.610000 3.077447e+002
2.612000 3.076782e+002
2.614000 3.076122e+002
2.616000 3.075467e+002
2.618000 3.074817e+002
2.620000 3.074172e+002
2.622000 3.073531e+002
2.624000 3.072896e+002
2.626000 3.072266e+002
2.628000 3.071640e+002
2.630000 3.071019e+002
2.632000 3.070403e+002
2.634000 3.069792e+002
2.636000 3.069185e+002
2.638000 3.068583e+002
2.640000 3.067986e+002
2.642000 3.067393e+002
2.644000 3.066805e+002
2.646000 3.066221e+002
2.648000 3.065642e+002
2.650000 3.065067e+002
2.652000 3.064497e+002
2.654000 3.063931e+002
2.656000 3.063370e+002
2.658000 3.062813e+002
2.660000 3.062261e+002
2.662000 3.061712e+002
2.664000 3.061168e+002
2.666000 3.060628e+002
2.668000 3.060093e+002
2.670000 3.059562e+002
2.672000 3.059035e+002
2.674000 3.058512e+002
2.676000 3.057993e+002
2.678000 3.057478e+002
2.680000 3.056967e+002
2.682000 3.056461e+002
2.684000 3.055958e+002
2.686000 3.055459e+002
2.688000 3.054965e+002
2.690000 3.054474e+002
2.692000 3.053987e+002
2.694000 3.053504e+002
2.696000 3.053025e+002
2.698000 3.052549e+002
2.700000 3.052078e+002
2.702000 3.051610e+002
2.704000 3.051146e+002
2.706000 3.050686e+002
2.708000 3.050229e+002
2.710000 3.049777e+002
2.712000 3.049327e+002
2.714000 3.048882e+002
2.716000 3.048440e+002
2.718000 3.048001e+002
2.720000 3.047566e+002
2.722000 3.047135e+002
2.724000 3.046707e+002
2.726000 3.046283e+002
2.728000 3.045862e+002
2.730000 3.045444e+002
2.732000 3.045030e+002
2.734000 3.044619e+002
2.736000 3.044212e+002
2.738000 3.043808e+002
2.740000 3.043407e+002
2.742000 3.043010e+002
2.744000 3.042615e+002
2.746000 3.042224e+002
2.748000 3.041837e+002
2.750000 3.041452e+002
2.752000 3.041071e+002
2.754000 3.040692e+002
2.756000 3.040317e+002
2.758000 3.039945e+002
2.760000 3.039576e+002
2.762000 3.039211e+002
2.764000 3.038848e+002
2.766000 3.038488e+002
2.768000 3.038131e+002
2.770000 3.037777e+002
2.772000 3.037426e+002
2.774000 3.037078e+002
2.776000 3.036733e+002
2.778000 3.036391e+002
2.780000 3.036052e+002
2.782000 3.035715e+002
2.784000 3.035382e+002
2.786000 3.035051e+002
2.788000 3.034723e+002
2.790000 3.034398e+002
2.792000 3.034075e+002
2.794000 3.033755e+002
2.796000 3.033438e+002
2.798000 3.033124e+002
2.800000 3.032812e+002
2.802000 3.032503e+002
2.804000 3.032197e+002
2.806000 3.031893e+002
2.808000 3.031591e+002
2.810000 3.031293e+002
2.812000 3.030997e+002
2.814000 3.030703e+002
2.816000 3.030412e+002
2.818000 3.030123e+002
2.820000 3.029837e+002
2.822000 3.029553e+002
2.824000 3.029272e+002
2.826000 3.028993e+002
2.828000 3.028717e+002
2.830000 3.028443e+002
2.832000 3.028171e+002
2.834000 3.027902e+002
2.836000 3.027635e+002
2.838000 3.027370e+002
2.840000 3.027108e+002
2.842000 3.026848e+002
2.844000 3.026590e+002
2.846000 3.026334e+002
2.848000 3.026081e+002
2.850000 3.025829e+002
2.852000 3.025580e+002
2.854000 3.025334e+002
2.856000 3.025089e+002
2.858000 3.024846e+002
2.860000 3.024606e+002
2.862000 3.024368e+002
2.864000 3.024132e+002
2.866000 3.023898e+002
2.868000 3.023665e+002
2.870000 3.023435e+002
2.872000 3.023207e+002
2.874000 3.022982e+002
2.876000 3.022758e+002
2.878000 3.022536e+002
2.880000 3.022316e+002
2.882000 3.022097e+002
2.884000 3.021881e+002
2.886000 3.021667e+002
2.888000 3.021455e+002
2.890000 3.021244e+002
2.892000 3.021036e+002
2.894000 3.020829e+002
2.896000 3.020624e+002
2.898000 3.020421e+002
2.900000 3.020220e+002
2.902000 3.020021e+002
2.904000 3.019823e+002
2.906000 3.019627e+002
2.908000 3.019433e+002
2.910000 3.019241e+002
2.912000 3.019051e+002
2.914000 3.018862e+002
2.916000 3.018675e+002
2.918000 3.018489e+002
2.920000 3.018305e+002
2.922000 3.018123e+002
2.924000 3.017943e+002
2.926000 3.017764e+002
2.928000 3.017587e+002
2.930000 3.017411e+002
2.932000 3.017237e+002
2.934000 3.017065e+002
2.936000 3.016894e+002
2.938000 3.016725e+002
2.940000 3.016557e+002
2.942000 3.016391e+002
2.944000 3.016226e+002
2.946000 3.016063e+002
2.948000 3.015901e+002
2.950000 3.015741e+002
2.952000 3.015583e+002
2.954000 3.015425e+002
2.956000 3.015270e+002
2.958000 3.015115e+002
2.960000 3.014962e+002
2.962000 3.014811e+002
2.964000 3.014661e+002
2.966000 3.014512e+002
2.968000 3.014365e+002
2.970000 3.014219e+002
2.972000 3.014074e+002
2.974000 3.013931e+002
2.976000 3.013789e+002
2.978000 3.013648e+002
2.980000 3.013509e+002
2.982000 3.013371e+002
2.984000 3.013235e+002
2.986000 3.013099e+002
2.988000 3.012965e+002
2.990000 3.012832e+002
2.992000 3.012701e+002
2.994000 3.012570e+002
2.996000 3.012441e+002
2.998000 3.012313e+002
3.000000 3.012186e+002
3.002000 3.012061e+002
3.004000 3.011936e+002
3.006000 3.011813e+002
3.008000 3.011691e+002
3.010000 3.011570e+002
3.012000 3.011451e+002
3.014000 3.011332e+002
3.016000 3.011215e+002
3.018000 3.011098e+002
3.020000 3.010983e+002
3.022000 3.010869e+002
3.024000 3.010756e+002
3.026000 3.010644e+002
3.028000 3.010533e+002
3.030000 3.010423e+002
3.032000 3.010315e+002
3.034000 3.010207e+002
3.036000 3.010100e+002
3.038000 3.009995e+002
3.040000 3.009890e+002
3.042000 3.009786e+002
3.044000 3.009684e+002
3.046000 3.009582e+002
3.048000 3.009481e+002
3.050000 3.009382e+002
3.052000 3.009283e+002
3.054000 3.009185e+002
3.056000 3.009088e+002
3.058000 3.008993e+002
3.060000 3.008898e+002
3.062000 3.008804e+002
3.064000 3.008711e+002
3.066000 3.008618e+002
3.068000 3.008527e+002
3.070000 3.008437e+002
3.072000 3.008347e+002
3.074000 3.008258e+002
3.076000 3.008171e+002
3.078000 3.008084e+002
3.080000 3.007998e+002
3.082000 3.007913e+002
3.084000 3.007828e+002
3.086000 3.007745e+002
3.088000 3.007662e+002
3.090000 3.007580e+002
3.092000 3.007499e+002
3.094000 3.007419e+002
3.096000 3.007339e+002
3.098000 3.007260e+002
3.100000 3.007182e+002
3.102000 3.007105e+002
3.104000 3.007029e+002
3.106000 3.006953e+002
3.108000 3.006878e+002
3.110000 3.006804e+002
3.112000 3.006731e+002
3.114000 3.006658e+002
3.116000 3.006586e+002
3.118000 3.006515e+002
3.120000 3.006444e+002
3.122000 3.006375e+002
3.124000 3.006305e+002
3.126000 3.006237e+002
3.128000 3.006169e+002
3.130000 3.006102e+002
3.132000 3.006036e+002
3.134000 3.005970e+002
3.136000 3.005905e+002
3.138000 3.005841e+002
3.140000 3.005777e+002
3.142000 3.005714e+002
3.144000 3.005652e+002
3.146000 3.005590e+002
3.148000 3.005528e+002
3.150000 3.005468e+002
3.152000 3.005408e+002
3.154000 3.005349e+002
3.156000 3.005290e+002
3.158000 3.005232e+002
3.160000 3.005174e+002
3.162000 3.005117e+002
3.164000 3.005061e+002
3.166000 3.005005e+002
3.168000 3.004950e+002
3.170000 3.004895e+002
3.172000 3.004841e+002
3.174000 3.004787e+002
3.176000 3.004734e+002
3.178000 3.004682e+002
3.180000 3.004630e+002
3.182000 3.004579e+002
3.184000 3.004528e+002
3.186000 3.004477e+002
3.188000 3.004428e+002
3.190000 3.004378e+002
3.192000 3.004330e+002
3.194000 3.004281e+002
3.196000 3.004234e+002
3.198000 3.004186e+002
3.200000 3.004139e+002
3.202000 3.004093e+002
3.204000 3.004047e+002
3.206000 3.004002e+002
3.208000 3.003957e+002
3.210000 3.003913e+002
3.212000 3.003869e+002
3.214000 3.003825e+002
3.216000 3.003782e+002
3.218000 3.003740e+002
3.220000 3.003697e+002
3.222000 3.003656e+002
3.224000 3.003615e+002
3.226000 3.003574e+002
3.228000 3.003533e+002
3.230000 3.003493e+002
3.232000 3.003454e+002
3.234000 3.003415e+002
3.236000 3.003376e+002
3.238000 3.003338e+002
3.240000 3.003300e+002
3.242000 3.003262e+002
3.244000 3.003225e+002
3.246000 3.003188e+002
3.248000 3.003152e+002
3.250000 3.003116e+002
3.252000 3.003081e+002
3.254000 3.003045e+002
3.256000 3.003011e+002
3.258000 3.002976e+002
3.260000 3.002942e+002
3.262000 3.002908e+002
3.264000 3.002875e+002
3.266000 3.002842e+002
3.268000 3.002810e+002
3.270000 3.002777e+002
3.272000 3.002745e+002
3.274000 3.002714e+002
3.276000 3.002682e+002
3.278000 3.002652e+002
3.280000 3.002621e+002
3.282000 3.002591e+002
3.284000 3.002561e+002
3.286000 3.002531e+002
3.288000 3.002502e+002
3.290000 3.002473e+002
3.292000 3.002444e+002
3.294000 3.002416e+002
3.296000 3.002388e+002
3.298000 3.002360e+002
3.300000 3.002333e+002
3.302000 3.002306e+002
3.304000 3.002279e+002
3.306000 3.002252e+002
3.308000 3.002226e+002
3.310000 3.002200e+002
3.312000 3.002174e+002
3.314000 3.002149e+002
3.316000 3.002124e+002
3.318000 3.002099e+002
3.320000 3.002074e+002
3.322000 3.002050e+002
3.324000 3.002026e+002
3.326000 3.002002e+002
3.328000 3.001979e+002
3.330000 3.001955e+002
3.332000 3.001932e+002
3.334000 3.001910e+002
3.336000 3.001887e+002
3.338000 3.001865e+002
3.340000 3.001843e+002
3.342000 3.001821e+002
3.344000 3.001800e+002
3.346000 3.001778e+002
3.348000 3.001757e+002
3.350000 3.001736e+002
3.352000 3.001716e+002
3.354000 3.001696e+002
3.356000 3.001675e+002
3.358000 3.001656e+002
3.360000 3.001636e+002
3.362000 3.001616e+002
3.364000 3.001597e+002
3.366000 3.001578e+002
3.368000 3.001559e+002
3.370000 3.001541e+002
3.372000 3.001522e+002
3.374000 3.001504e+002
3.376000 3.001486e+002
3.378000 3.001468e+002
3.380000 3.001451e+002
3.382000 3.001433e+002
3.384000 3.001416e+002
3.386000 3.001399e+002
3.388000 3.001382e+002
3.390000 3.001366e+002
3.392000 3.001349e+002
3.394000 3.001333e+002
3.396000 3.001317e+002
3.398000 3.001301e+002
3.400000 3.001285e+002
3.402000 3.001270e+002
3.404000 3.001255e+002
3.406000 3.001239e+002
3.408000 3.001224e+002
3.410000 3.001210e+002
3.412000 3.001195e+002
3.414000 3.001180e+002
3.416000 3.001166e+002
3.418000 3.001152e+002
3.420000 3.001138e+002
3.422000 3.001124e+002
3.424000 3.001110e+002
3.426000 3.001097e+002
3.428000 3.001084e+002
3.430000 3.001070e+002
3.432000 3.001057e+002
3.434000 3.001044e+002
3.436000 3.001032e+002
3.438000 3.001019e+002
3.440000 3.001006e+002
3.442000 3.000994e+002
3.444000 3.000982e+002
3.446000 3.000970e+002
3.448000 3.000958e+002
3.450000 3.000946e+002
3.452000 3.000935e+002
3.454000 3.000923e+002
3.456000 3.000912e+002
3.458000 3.000901e+002
3.460000 3.000889e+002
3.462000 3.000878e+002
3.464000 3.000868e+002
3.466000 3.000857e+002
3.468000 3.000846e+002
3.470000 3.000836e+002
3.472000 3.000825e+002
3.474000 3.000815e+002
3.476000 3.000805e+002
3.478000 3.000795e+002
3.480000 3.000785e+002
3.482000 3.000776e+002
3.484000 3.000766e+002
3.486000 3.000756e+002
3.488000 3.000747e+002
3.490000 3.000738e+002
3.492000 3.000728e+002
3.494000 3.000719e+002
3.496000 3.000710e+002
3.498000 3.000702e+002
3.500000 3.000693e+002
3.502000 3.000684e+002
3.504000 3.000676e+002
3.506000 3.000667e+002
3.508000 3.000659e+002
3.510000 3.000650e+002
3.512000 3.000642e+002
3.514000 3.000634e+002
3.516000 3.000626e+002
3.518000 3.000618e+002
3.520000 3.000611e+002
3.522000 3.000603e+002
3.524000 3.000595e+002
3.526000 3.000588e+002
3.528000 3.000580e+002
3.530000 3.000573e+002
3.532000 3.000566e+002
3.534000 3.000559e+002
3.536000 3.000552e+002
3.538000 3.000545e+002
3.540000 3.000538e+002
3.542000 3.000531e+002
3.544000 3.000524e+002
3.546000 3.000518e+002
3.548000 3.000511e+002
3.550000 3.000505e+002
3.552000 3.000498e+002
3.554000 3.000492e+002
3.556000 3.000486e+002
3.558000 3.000479e+002
3.560000 3.000473e+002
3.562000 3.000467e+002
3.564000 3.000461e+002
3.566000 3.000455e+002
3.568000 3.000450e+002
3.570000 3.000444e+002
3.572000 3.000438e+002
3.574000 3.000433e+002
3.576000 3.000427e+002
3.578000 3.000421e+002
3.580000 3.000416e+002
3.582000 3.000411e+002
3.584000 3.000405e+002
3.586000 3.000400e+002
3.588000 3.000395e+002
3.590000 3.000390e+002
3.592000 3.000385e+002
3.594000 3.000380e+002
3.596000 3.000375e+002
3.598000 3.000370e+002
3.600000 3.000366e+002
3.602000 3.000361e+002
3.604000 3.000356e+002
3.606000 3.000352e+002
3.608000 3.000347e+002
3.610000 3.000343e+002
3.612000 3.000338e+002
3.614000 3.000334e+002
3.616000 3.000330e+002
3.618000 3.000325e+002
3.620000 3.000321e+002
3.622000 3.000317e+002
3.624000 3.000313e+002
3.626000 3.000309e+002
3.628000 3.000305e+002
3.630000 3.000301e+002
3.632000 3.000297e+002
3.634000 3.000293e+002
3.636000 3.000289e+002
3.638000 3.000285e+002
3.640000 3.000282e+002
3.642000 3.000278e+002
3.644000 3.000274e+002
3.646000 3.000271e+002
3.648000 3.000267e+002
3.650000 3.000264e+002
3.652000 3.000260e+002
3.654000 3.000257e+002
3.656000 3.000254e+002
3.658000 3.000250e+002
3.660000 3.000247e+002
3.662000 3.000244e+002
3.664000 3.000241e+002
3.666000 3.000238e+002
3.668000 3.000234e+002
3.670000 3.000231e+002
3.672000 3.000228e+002
3.674000 3.000225e+002
3.676000 3.000222e+002
3.678000 3.000220e+002
3.680000 3.000217e+002
3.682000 3.000214e+002
3.684000 3.000211e+002
3.686000 3.000208e+002
3.688000 3.000206e+002
3.690000 3.000203e+002
3.692000 3.000200e+002
3.694000 3.000198e+002
3.696000 3.000195e+002
3.698000 3.000193e+002
3.700000 3.000190e+002
3.702000 3.000188e+002
3.704000 3.000185e+002
3.706000 3.000183e+002
3.708000 3.000180e+002
3.710000 3.000178e+002
3.712000 3.000176e+002
3.714000 3.000173e+002
3.716000 3.000171e+002
3.718000 3.000169e+002
3.720000 3.000167e+002
3.722000 3.000164e+002
3.724000 3.000162e+002
3.726000 3.000160e+002
3.728000 3.000158e+002
3.730000 3.000156e+002
3.732000 3.000154e+002
3.734000 3.000152e+002
3.736000 3.000150e+002
3.738000 3.000148e+002
3.740000 3.000146e+002
3.742000 3.000144e+002
3.744000 3.000142e+002
3.746000 3.000141e+002
3.748000 3.000139e+002
3.750000 3.000137e+002
3.752000 3.000135e+002
3.754000 3.000134e+002
3.756000 3.000132e+002
3.758000 3.000130e+002
3.760000 3.000128e+002
3.762000 3.000127e+002
3.764000 3.000125e+002
3.766000 3.000124e+002
3.768000 3.000122e+002
3.770000 3.000120e+002
3.772000 3.000119e+002
3.774000 3.000117e+002
3.776000 3.000116e+002
3.778000 3.000114e+002
3.780000 3.000113e+002
3.782000 3.000112e+002
3.784000 3.000110e+002
3.786000 3.000109e+002
3.788000 3.000107e+002
3.790000 3.000106e+002
3.792000 3.000105e+002
3.794000 3.000103e+002
3.796000 3.000102e+002
3.798000 3.000101e+002
3.800000 3.000100e+002
3.802000 3.000098e+002
3.804000 3.000097e+002
3.806000 3.000096e+002
3.808000 3.000095e+002
3.810000 3.000094e+002
3.812000 3.000093e+002
3.814000 3.000091e+002
3.816000 3.000090e+002
3.818000 3.000089e+002
3.820000 3.000088e+002
3.822000 3.000087e+002
3.824000 3.000086e+002
3.826000 3.000085e+002
3.828000 3.000084e+002
3.830000 3.000083e+002
3.832000 3.000082e+002
3.834000 3.000081e+002
3.836000 3.000080e+002
3.838000 3.000079e+002
3.840000 3.000078e+002
3.842000 3.000078e+002
3.844000 3.000077e+002
3.846000 3.000076e+002
3.848000 3.000075e+002
3.850000 3.000074e+002
3.852000 3.000073e+002
3.854000 3.000073e+002
3.856000 3.000072e+002
3.858000 3.000071e+002
3.860000 3.000070e+002
3.862000 3.000069e+002
3.864000 3.000069e+002
3.866000 3.000068e+002
3.868000 3.000067e+002
3.870000 3.000067e+002
3.872000 3.000066e+002
3.874000 3.000065e+002
3.876000 3.000065e+002
3.878000 3.000064e+002
3.880000 3.000063e+002
3.882000 3.000063e+002
3.884000 3.000062e+002
3.886000 3.000062e+002
3.888000 3.000061e+002
3.890000 3.000060e+002
3.892000 3.000060e+002
3.894000 3.000059e+002
3.896000 3.000059e+002
3.898000 3.000058e+002
3.900000 3.000058e+002
3.902000 3.000057e+002
3.904000 3.000057e+002
3.906000 3.000056e+002
3.908000 3.000056e+002
3.910000 3.000055e+002
3.912000 3.000055e+002
3.914000 3.000055e+002
3.916000 3.000054e+002
3.918000 3.000054e+002
3.920000 3.000053e+002
3.922000 3.000053e+002
3.924000 3.000053e+002
3.926000 3.000052e+002
3.928000 3.000052e+002
3.930000 3.000052e+002
3.932000 3.000051e+002
3.934000 3.000051e+002
3.936000 3.000051e+002
3.938000 3.000050e+002
3.940000 3.000050e+002
3.942000 3.000050e+002
3.944000 3.000050e+002
3.946000 3.000049e+002
3.948000 3.000049e+002
3.950000 3.000049e+002
3.952000 3.000049e+002
3.954000 3.000048e+002
3.956000 3.000048e+002
3.958000 3.000048e+002
3.960000 3.000048e+002
3.962000 3.000048e+002
3.964000 3.000048e+002
3.966000 3.000047e+002
3.968000 3.000047e+002
3.970000 3.000047e+002
3.972000 3.000047e+002
3.974000 3.000047e+002
3.976000 3.000047e+002
3.978000 3.000047e+002
3.980000 3.000047e+002
3.982000 3.000047e+002
3.984000 3.000047e+002
3.986000 3.000046e+002
3.988000 3.000046e+002
3.990000 3.000046e+002
3.992000 3.000046e+002
3.994000 3.000046e+002
3.996000 3.000046e+002
3.998000 3.000000e+002
