0.000000 3.134068e+002
0.002000 3.148774e+002
0.004000 3.163477e+002
0.006000 3.178178e+002
0.008000 3.192876e+002
0.010000 3.207572e+002
0.012000 3.222264e+002
0.014000 3.236953e+002
0.016000 3.251638e+002
0.018000 3.266319e+002
0.020000 3.280997e+002
0.022000 3.295670e+002
0.024000 3.310338e+002
0.026000 3.325002e+002
0.028000 3.339660e+002
0.030000 3.354314e+002
0.032000 3.368962e+002
0.034000 3.383604e+002
0.036000 3.398241e+002
0.038000 3.412871e+002
0.040000 3.427495e+002
0.042000 3.442113e+002
0.044000 3.456724e+002
0.046000 3.471327e+002
0.048000 3.485924e+002
0.050000 3.500513e+002
0.052000 3.515095e+002
0.054000 3.529668e+002
0.056000 3.544234e+002
0.058000 3.558791e+002
0.060000 3.573339e+002
0.062000 3.587879e+002
0.064000 3.602410e+002
0.066000 3.616932e+002
0.068000 3.631444e+002
0.070000 3.645946e+002
0.072000 3.660439e+002
0.074000 3.674921e+002
0.076000 3.689394e+002
0.078000 3.703855e+002
0.080000 3.718306e+002
0.082000 3.732746e+002
0.084000 3.747175e+002
0.086000 3.761592e+002
0.088000 3.775998e+002
0.090000 3.790391e+002
0.092000 3.804773e+002
0.094000 3.819143e+002
0.096000 3.833499e+002
0.098000 3.847844e+002
0.100000 3.862175e+002
0.102000 3.876493e+002
0.104000 3.890798e+002
0.106000 3.905089e+002
0.108000 3.919366e+002
0.110000 3.933629e+002
0.112000 3.947878e+002
0.114000 3.962113e+002
0.116000 3.976333e+002
0.118000 3.990538e+002
0.120000 4.004728e+002
0.122000 4.018903e+002
0.124000 4.033062e+002
0.126000 4.047205e+002
0.128000 4.061333e+002
0.130000 4.075444e+002
0.132000 4.089539e+002
0.134000 4.103617e+002
0.136000 4.117679e+002
0.138000 4.131723e+002
0.140000 4.145751e+002
0.142000 4.159761e+002
0.144000 4.173753e+002
0.146000 4.187728e+002
0.148000 4.201684e+002
0.150000 4.215622e+002
0.152000 4.229542e+002
0.154000 4.243443e+002
0.156000 4.257325e+002
0.158000 4.271189e+002
0.160000 4.285033e+002
0.162000 4.298857e+002
0.164000 4.312662e+002
0.166000 4.326447e+002
0.168000 4.340211e+002
0.170000 4.353956e+002
0.172000 4.367680e+002
0.174000 4.381383e+002
0.176000 4.395066e+002
0.178000 4.408727e+002
0.180000 4.422367e+002
0.182000 4.435986e+002
0.184000 4.449582e+002
0.186000 4.463157e+002
0.188000 4.476710e+002
0.190000 4.490241e+002
0.192000 4.503749e+002
0.194000 4.517234e+002
0.196000 4.530697e+002
0.198000 4.544136e+002
0.200000 4.557553e+002
0.202000 4.570945e+002
0.204000 4.584315e+002
0.206000 4.597660e+002
0.208000 4.610981e+002
0.210000 4.624278e+002
0.212000 4.637551e+002
0.214000 4.650799e+002
0.216000 4.664022e+002
0.218000 4.677220e+002
0.220000 4.690393e+002
0.222000 4.703541e+002
0.224000 4.716663e+002
0.226000 4.729759e+002
0.228000 4.742830e+002
0.230000 4.755874e+002
0.232000 4.768892e+002
0.234000 4.781884e+002
0.236000 4.794849e+002
0.238000 4.807787e+002
0.240000 4.820698e+002
0.242000 4.833582e+002
0.244000 4.846439e+002
0.246000 4.859268e+002
0.248000 4.872069e+002
0.250000 4.884842e+002
0.252000 4.897587e+002
0.254000 4.910304e+002
0.256000 4.922993e+002
0.258000 4.935653e+002
0.260000 4.948284e+002
0.262000 4.960886e+002
0.264000 4.973459e+002
0.266000 4.986002e+002
0.268000 4.998516e+002
0.270000 5.011001e+002
0.272000 5.023456e+002
0.274000 5.035880e+002
0.276000 5.048275e+002
0.278000 5.060639e+002
0.280000 5.072972e+002
0.282000 5.085275e+002
0.284000 5.097547e+002
0.286000 5.109788e+002
0.288000 5.121998e+002
0.290000 5.134176e+002
0.292000 5.146323e+002
0.294000 5.158439e+002
0.296000 5.170522e+002
0.298000 5.182574e+002
0.300000 5.194593e+002
0.302000 5.206580e+002
0.304000 5.218535e+002
0.306000 5.230457e+002
0.308000 5.242346e+002
0.310000 5.254202e+002
0.312000 5.266025e+002
0.314000 5.277815e+002
0.316000 5.289571e+002
0.318000 5.301294e+002
0.320000 5.312983e+002
0.322000 5.324639e+002
0.324000 5.336260e+002
0.326000 5.347847e+002
0.328000 5.359400e+002
0.330000 5.370918e+002
0.332000 5.382402e+002
0.334000 5.393851e+002
0.336000 5.405265e+002
0.338000 5.416644e+002
0.340000 5.427988e+002
0.342000 5.439297e+002
0.344000 5.450570e+002
0.346000 5.461807e+002
0.348000 5.473009e+002
0.350000 5.484175e+002
0.352000 5.495305e+002
0.354000 5.506398e+002
0.356000 5.517455e+002
0.358000 5.528476e+002
0.360000 5.539460e+002
0.362000 5.550408e+002
0.364000 5.561319e+002
0.366000 5.572192e+002
0.368000 5.583029e+002
0.370000 5.593828e+002
0.372000 5.604590e+002
0.374000 5.615314e+002
0.376000 5.626001e+002
0.378000 5.636650e+002
0.380000 5.647261e+002
0.382000 5.657834e+002
0.384000 5.668369e+002
0.386000 5.678866e+002
0.388000 5.689324e+002
0.390000 5.699744e+002
0.392000 5.710125e+002
0.394000 5.720468e+002
0.396000 5.730771e+002
0.398000 5.741036e+002
0.400000 5.751261e+002
0.402000 5.761447e+002
0.404000 5.771594e+002
0.406000 5.781702e+002
0.408000 5.791769e+002
0.410000 5.801798e+002
0.412000 5.811786e+002
0.414000 5.821734e+002
0.416000 5.831643e+002
0.418000 5.841511e+002
0.420000 5.851339e+002
0.422000 5.861127e+002
0.424000 5.870874e+002
0.426000 5.880581e+002
0.428000 5.890247e+002
0.430000 5.899872e+002
0.432000 5.909456e+002
0.434000 5.919000e+002
0.436000 5.928502e+002
0.438000 5.937963e+002
0.440000 5.947383e+002
0.442000 5.956762e+002
0.444000 5.966099e+002
0.446000 5.975394e+002
0.448000 5.984648e+002
0.450000 5.993860e+002
0.452000 6.003030e+002
0.454000 6.012159e+002
0.456000 6.021245e+002
0.458000 6.030289e+002
0.460000 6.039291e+002
0.462000 6.048251e+002
0.464000 6.057168e+002
0.466000 6.066043e+002
0.468000 6.074875e+002
0.470000 6.083665e+002
0.472000 6.092412e+002
0.474000 6.101116e+002
0.476000 6.109777e+002
0.478000 6.118395e+002
0.480000 6.126970e+002
0.482000 6.135502e+002
0.484000 6.143991e+002
0.486000 6.152437e+002
0.488000 6.160839e+002
0.490000 6.169197e+002
0.492000 6.177513e+002
0.494000 6.185784e+002
0.496000 6.194012e+002
0.498000 6.202197e+002
0.500000 6.210337e+002
0.502000 6.218434e+002
0.504000 6.226486e+002
0.506000 6.234495e+002
0.508000 6.242460e+002
0.510000 6.250380e+002
0.512000 6.258256e+002
0.514000 6.266088e+002
0.516000 6.273876e+002
0.518000 6.281620e+002
0.520000 6.289318e+002
0.522000 6.296973e+002
0.524000 6.304583e+002
0.526000 6.312148e+002
0.528000 6.319668e+002
0.530000 6.327144e+002
0.532000 6.334575e+002
0.534000 6.341961e+002
0.536000 6.349303e+002
0.538000 6.356599e+002
0.540000 6.363850e+002
0.542000 6.371057e+002
0.544000 6.378218e+002
0.546000 6.385334e+002
0.548000 6.392405e+002
0.550000 6.399431e+002
0.552000 6.406411e+002
0.554000 6.413346e+002
0.556000 6.420236e+002
0.558000 6.427080e+002
0.560000 6.433879e+002
0.562000 6.440633e+002
0.564000 6.447341e+002
0.566000 6.454003e+002
0.568000 6.460620e+002
0.570000 6.467191e+002
0.572000 6.473717e+002
0.574000 6.480196e+002
0.576000 6.486631e+002
0.578000 6.493019e+002
0.580000 6.499361e+002
0.582000 6.505658e+002
0.584000 6.511909e+002
0.586000 6.518114e+002
0.588000 6.524273e+002
0.590000 6.530386e+002
0.592000 6.536453e+002
0.594000 6.542475e+002
0.596000 6.548450e+002
0.598000 6.554379e+002
0.600000 6.560262e+002
0.602000 6.566099e+002
0.604000 6.571890e+002
0.606000 6.577635e+002
0.608000 6.583334e+002
0.610000 6.588987e+002
0.612000 6.594593e+002
0.614000 6.600154e+002
0.616000 6.605668e+002
0.618000 6.611136e+002
0.620000 6.616558e+002
0.622000 6.621933e+002
0.624000 6.627263e+002
0.626000 6.632546e+002
0.628000 6.637783e+002
0.630000 6.642973e+002
0.632000 6.648118e+002
0.634000 6.653216e+002
0.636000 6.658268e+002
0.638000 6.663274e+002
0.640000 6.668233e+002
0.642000 6.673146e+002
0.644000 6.678013e+002
0.646000 6.682834e+002
0.648000 6.687608e+002
0.650000 6.692336e+002
0.652000 6.697018e+002
0.654000 6.701654e+002
0.656000 6.706243e+002
0.658000 6.710786e+002
0.660000 6.715283e+002
0.662000 6.719734e+002
0.664000 6.724139e+002
0.666000 6.728497e+002
0.668000 6.732809e+002
0.670000 6.737075e+002
0.672000 6.741295e+002
0.674000 6.745469e+002
0.676000 6.749596e+002
0.678000 6.753677e+002
0.680000 6.757713e+002
0.682000 6.761702e+002
0.684000 6.765645e+002
0.686000 6.769542e+002
0.688000 6.773394e+002
0.690000 6.777199e+002
0.692000 6.780958e+002
0.694000 6.784671e+002
0.696000 6.788338e+002
0.698000 6.791960e+002
0.700000 6.795535e+002
0.702000 6.799065e+002
0.704000 6.802549e+002
0.706000 6.805987e+002
0.708000 6.809379e+002
0.710000 6.812726e+002
0.712000 6.816027e+002
0.714000 6.819282e+002
0.716000 6.822491e+002
0.718000 6.825655e+002
0.720000 6.828774e+002
0.722000 6.831847e+002
0.724000 6.834874e+002
0.726000 6.837856e+002
0.728000 6.840792e+002
0.730000 6.843683e+002
0.732000 6.846529e+002
0.734000 6.849330e+002
0.736000 6.852085e+002
0.738000 6.854795e+002
0.740000 6.857460e+002
0.742000 6.860079e+002
0.744000 6.862654e+002
0.746000 6.865184e+002
0.748000 6.867668e+002
0.750000 6.870108e+002
0.752000 6.872502e+002
0.754000 6.874852e+002
0.756000 6.877157e+002
0.758000 6.879418e+002
0.760000 6.881633e+002
0.762000 6.883805e+002
0.764000 6.885931e+002
0.766000 6.888013e+002
0.768000 6.890050e+002
0.770000 6.892043e+002
0.772000 6.893992e+002
0.774000 6.895896e+002
0.776000 6.897756e+002
0.778000 6.899572e+002
0.780000 6.901344e+002
0.782000 6.903072e+002
0.784000 6.904755e+002
0.786000 6.906395e+002
0.788000 6.907991e+002
0.790000 6.909543e+002
0.792000 6.911051e+002
0.794000 6.912516e+002
0.796000 6.913937e+002
0.798000 6.915314e+002
0.800000 6.916648e+002
0.802000 6.917939e+002
0.804000 6.919186e+002
0.806000 6.920390e+002
0.808000 6.921550e+002
0.810000 6.922668e+002
0.812000 6.923742e+002
0.814000 6.924773e+002
0.816000 6.925762e+002
0.818000 6.926708e+002
0.820000 6.927610e+002
0.822000 6.928471e+002
0.824000 6.929288e+002
0.826000 6.930063e+002
0.828000 6.930796e+002
0.830000 6.931486e+002
0.832000 6.932134e+002
0.834000 6.932739e+002
0.836000 6.933303e+002
0.838000 6.933824e+002
0.840000 6.934303e+002
0.842000 6.934741e+002
0.844000 6.935137e+002
0.846000 6.935490e+002
0.848000 6.935803e+002
0.850000 6.936073e+002
0.852000 6.936303e+002
0.854000 6.936490e+002
0.856000 6.936637e+002
0.858000 6.936742e+002
0.860000 6.936806e+002
0.862000 6.936830e+002
0.864000 6.936812e+002
0.866000 6.936753e+002
0.868000 6.936654e+002
0.870000 6.936513e+002
0.872000 6.936333e+002
0.874000 6.936111e+002
0.876000 6.935850e+002
0.878000 6.935548e+002
0.880000 6.935206e+002
0.882000 6.934823e+002
0.884000 6.934401e+002
0.886000 6.933939e+002
0.888000 6.933437e+002
0.890000 6.932895e+002
0.892000 6.932314e+002
0.894000 6.931693e+002
0.896000 6.931033e+002
0.898000 6.930333e+002
0.900000 6.929594e+002
0.902000 6.928816e+002
0.904000 6.927999e+002
0.906000 6.927143e+002
0.908000 6.926248e+002
0.910000 6.925315e+002
0.912000 6.924343e+002
0.914000 6.923332e+002
0.916000 6.922283e+002
0.918000 6.921196e+002
0.920000 6.920070e+002
0.922000 6.918907e+002
0.924000 6.917705e+002
0.926000 6.916466e+002
0.928000 6.915189e+002
0.930000 6.913874e+002
0.932000 6.912522e+002
0.934000 6.911132e+002
0.936000 6.909705e+002
0.938000 6.908241e+002
0.940000 6.906739e+002
0.942000 6.905201e+002
0.944000 6.903626e+002
0.946000 6.902014e+002
0.948000 6.900365e+002
0.950000 6.898680e+002
0.952000 6.896958e+002
0.954000 6.895201e+002
0.956000 6.893407e+002
0.958000 6.891577e+002
0.960000 6.889711e+002
0.962000 6.887809e+002
0.964000 6.885871e+002
0.966000 6.883898e+002
0.968000 6.881889e+002
0.970000 6.879845e+002
0.972000 6.877766e+002
0.974000 6.875652e+002
0.976000 6.873502e+002
0.978000 6.871318e+002
0.980000 6.869099e+002
0.982000 6.866846e+002
0.984000 6.864558e+002
0.986000 6.862235e+002
0.988000 6.859878e+002
0.990000 6.857487e+002
0.992000 6.855062e+002
0.994000 6.852604e+002
0.996000 6.850111e+002
0.998000 6.847585e+002
1.000000 6.845025e+002
1.002000 6.842432e+002
1.004000 6.839805e+002
1.006000 6.837146e+002
1.008000 6.834453e+002
1.010000 6.831727e+002
1.012000 6.828969e+002
1.014000 6.826178e+002
1.016000 6.823355e+002
1.018000 6.820499e+002
1.020000 6.817611e+002
1.022000 6.814691e+002
1.024000 6.811738e+002
1.026000 6.808754e+002
1.028000 6.805738e+002
1.030000 6.802691e+002
1.032000 6.799612e+002
1.034000 6.796502e+002
1.036000 6.793360e+002
1.038000 6.790188e+002
1.040000 6.786984e+002
1.042000 6.783750e+002
1.044000 6.780485e+002
1.046000 6.777189e+002
1.048000 6.773863e+002
1.050000 6.770507e+002
1.052000 6.767121e+002
1.054000 6.763704e+002
1.056000 6.760258e+002
1.058000 6.756782e+002
1.060000 6.753276e+002
1.062000 6.749741e+002
1.064000 6.746176e+002
1.066000 6.742583e+002
1.068000 6.738960e+002
1.070000 6.735308e+002
1.072000 6.731627e+002
1.074000 6.727918e+002
1.076000 6.724180e+002
1.078000 6.720414e+002
1.080000 6.716619e+002
1.082000 6.712797e+002
1.084000 6.708946e+002
1.086000 6.705068e+002
1.088000 6.701162e+002
1.090000 6.697228e+002
1.092000 6.693267e+002
1.094000 6.689278e+002
1.096000 6.685263e+002
1.098000 6.681220e+002
1.100000 6.677151e+002
1.102000 6.673054e+002
1.104000 6.668931e+002
1.106000 6.664782e+002
1.108000 6.660606e+002
1.110000 6.656404e+002
1.112000 6.652177e+002
1.114000 6.647923e+002
1.116000 6.643643e+002
1.118000 6.639338e+002
1.120000 6.635007e+002
1.122000 6.630651e+002
1.124000 6.626270e+002
1.126000 6.621864e+002
1.128000 6.617432e+002
1.130000 6.612976e+002
1.132000 6.608496e+002
1.134000 6.603990e+002
1.136000 6.599461e+002
1.138000 6.594907e+002
1.140000 6.590329e+002
1.142000 6.585727e+002
1.144000 6.581102e+002
1.146000 6.576453e+002
1.148000 6.571780e+002
1.150000 6.567084e+002
1.152000 6.562364e+002
1.154000 6.557622e+002
1.156000 6.552857e+002
1.158000 6.548068e+002
1.160000 6.543258e+002
1.162000 6.538424e+002
1.164000 6.533568e+002
1.166000 6.528690e+002
1.168000 6.523790e+002
1.170000 6.518868e+002
1.172000 6.513924e+002
1.174000 6.508959e+002
1.176000 6.503972e+002
1.178000 6.498964e+002
1.180000 6.493934e+002
1.182000 6.488883e+002
1.184000 6.483811e+002
1.186000 6.478719e+002
1.188000 6.473606e+002
1.190000 6.468472e+002
1.192000 6.463318e+002
1.194000 6.458144e+002
1.196000 6.452949e+002
1.198000 6.447735e+002
1.200000 6.442501e+002
1.202000 6.437247e+002
1.204000 6.431974e+002
1.206000 6.426681e+002
1.208000 6.421369e+002
1.210000 6.416038e+002
1.212000 6.410688e+002
1.214000 6.405319e+002
1.216000 6.399931e+002
1.218000 6.394525e+002
1.220000 6.389101e+002
1.222000 6.383658e+002
1.224000 6.378197e+002
1.226000 6.372718e+002
1.228000 6.367222e+002
1.230000 6.361707e+002
1.232000 6.356175e+002
1.234000 6.350626e+002
1.236000 6.345060e+002
1.238000 6.339476e+002
1.240000 6.333875e+002
1.242000 6.328258e+002
1.244000 6.322624e+002
1.246000 6.316973e+002
1.248000 6.311306e+002
1.250000 6.305623e+002
1.252000 6.299923e+002
1.254000 6.294208e+002
1.256000 6.288477e+002
1.258000 6.282730e+002
1.260000 6.276967e+002
1.262000 6.271189e+002
1.264000 6.265396e+002
1.266000 6.259587e+002
1.268000 6.253764e+002
1.270000 6.247926e+002
1.272000 6.242073e+002
1.274000 6.236205e+002
1.276000 6.230323e+002
1.278000 6.224427e+002
1.280000 6.218516e+002
1.282000 6.212592e+002
1.284000 6.206653e+002
1.286000 6.200701e+002
1.288000 6.194735e+002
1.290000 6.188756e+002
1.292000 6.182763e+002
1.294000 6.176758e+002
1.296000 6.170739e+002
1.298000 6.164707e+002
1.300000 6.158662e+002
1.302000 6.152605e+002
1.304000 6.146535e+002
1.306000 6.140453e+002
1.308000 6.134359e+002
1.310000 6.128252e+002
1.312000 6.122134e+002
1.314000 6.116004e+002
1.316000 6.109862e+002
1.318000 6.103708e+002
1.320000 6.097543e+002
1.322000 6.091367e+002
1.324000 6.085179e+002
1.326000 6.078981e+002
1.328000 6.072772e+002
1.330000 6.066551e+002
1.332000 6.060321e+002
1.334000 6.054080e+002
1.336000 6.047828e+002
1.338000 6.041566e+002
1.340000 6.035294e+002
1.342000 6.029013e+002
1.344000 6.022721e+002
1.346000 6.016420e+002
1.348000 6.010109e+002
1.350000 6.003789e+002
1.352000 5.997459e+002
1.354000 5.991120e+002
1.356000 5.984773e+002
1.358000 5.978416e+002
1.360000 5.972050e+002
1.362000 5.965676e+002
1.364000 5.959294e+002
1.366000 5.952903e+002
1.368000 5.946504e+002
1.370000 5.940096e+002
1.372000 5.933681e+002
1.374000 5.927258e+002
1.376000 5.920827e+002
1.378000 5.914388e+002
1.380000 5.907942e+002
1.382000 5.901489e+002
1.384000 5.895028e+002
1.386000 5.888561e+002
1.388000 5.882086e+002
1.390000 5.875604e+002
1.392000 5.869116e+002
1.394000 5.862621e+002
1.396000 5.856120e+002
1.398000 5.849613e+002
1.400000 5.843099e+002
1.402000 5.836579e+002
1.404000 5.830053e+002
1.406000 5.823521e+002
1.408000 5.816984e+002
1.410000 5.810441e+002
1.412000 5.803892e+002
1.414000 5.797338e+002
1.416000 5.790779e+002
1.418000 5.784215e+002
1.420000 5.777646e+002
1.422000 5.771071e+002
1.424000 5.764493e+002
1.426000 5.757909e+002
1.428000 5.751321e+002
1.430000 5.744729e+002
1.432000 5.738132e+002
1.434000 5.731531e+002
1.436000 5.724927e+002
1.438000 5.718318e+002
1.440000 5.711705e+002
1.442000 5.705089e+002
1.444000 5.698469e+002
1.446000 5.691846e+002
1.448000 5.685220e+002
1.450000 5.678590e+002
1.452000 5.671957e+002
1.454000 5.665322e+002
1.456000 5.658683e+002
1.458000 5.652042e+002
1.460000 5.645398e+002
1.462000 5.638751e+002
1.464000 5.632102e+002
1.466000 5.625451e+002
1.468000 5.618798e+002
1.470000 5.612142e+002
1.472000 5.605485e+002
1.474000 5.598826e+002
1.476000 5.592165e+002
1.478000 5.585502e+002
1.480000 5.578838e+002
1.482000 5.572172e+002
1.484000 5.565506e+002
1.486000 5.558838e+002
1.488000 5.552169e+002
1.490000 5.545499e+002
1.492000 5.538828e+002
1.494000 5.532156e+002
1.496000 5.525484e+002
1.498000 5.518812e+002
1.500000 5.512138e+002
1.502000 5.505465e+002
1.504000 5.498791e+002
1.506000 5.492118e+002
1.508000 5.485444e+002
1.510000 5.478770e+002
1.512000 5.472097e+002
1.514000 5.465424e+002
1.516000 5.458751e+002
1.518000 5.452079e+002
1.520000 5.445407e+002
1.522000 5.438736e+002
1.524000 5.432067e+002
1.526000 5.425397e+002
1.528000 5.418729e+002
1.530000 5.412063e+002
1.532000 5.405397e+002
1.534000 5.398733e+002
1.536000 5.392070e+002
1.538000 5.385409e+002
1.540000 5.378749e+002
1.542000 5.372091e+002
1.544000 5.365435e+002
1.546000 5.358781e+002
1.548000 5.352128e+002
1.550000 5.345478e+002
1.552000 5.338830e+002
1.554000 5.332185e+002
1.556000 5.325542e+002
1.558000 5.318901e+002
1.560000 5.312263e+002
1.562000 5.305628e+002
1.564000 5.298995e+002
1.566000 5.292366e+002
1.568000 5.285739e+002
1.570000 5.279115e+002
1.572000 5.272495e+002
1.574000 5.265878e+002
1.576000 5.259264e+002
1.578000 5.252653e+002
1.580000 5.246046e+002
1.582000 5.239443e+002
1.584000 5.232843e+002
1.586000 5.226247e+002
1.588000 5.219655e+002
1.590000 5.213067e+002
1.592000 5.206483e+002
1.594000 5.199904e+002
1.596000 5.193328e+002
1.598000 5.186757e+002
1.600000 5.180190e+002
1.602000 5.173627e+002
1.604000 5.167069e+002
1.606000 5.160516e+002
1.608000 5.153968e+002
1.610000 5.147424e+002
1.612000 5.140885e+002
1.614000 5.134352e+002
1.616000 5.127823e+002
1.618000 5.121299e+002
1.620000 5.114781e+002
1.622000 5.108268e+002
1.624000 5.101760e+002
1.626000 5.095258e+002
1.628000 5.088761e+002
1.630000 5.082270e+002
1.632000 5.075785e+002
1.634000 5.069306e+002
1.636000 5.062832e+002
1.638000 5.056364e+002
1.640000 5.049903e+002
1.642000 5.043447e+002
1.644000 5.036998e+002
1.646000 5.030554e+002
1.648000 5.024118e+002
1.650000 5.017687e+002
1.652000 5.011263e+002
1.654000 5.004846e+002
1.656000 4.998435e+002
1.658000 4.992031e+002
1.660000 4.985633e+002
1.662000 4.979243e+002
1.664000 4.972859e+002
1.666000 4.966483e+002
1.668000 4.960113e+002
1.670000 4.953750e+002
1.672000 4.947395e+002
1.674000 4.941047e+002
1.676000 4.934706e+002
1.678000 4.928373e+002
1.680000 4.922047e+002
1.682000 4.915729e+002
1.684000 4.909418e+002
1.686000 4.903115e+002
1.688000 4.896820e+002
1.690000 4.890532e+002
1.692000 4.884252e+002
1.694000 4.877981e+002
1.696000 4.871717e+002
1.698000 4.865461e+002
1.700000 4.859213e+002
1.702000 4.852974e+002
1.704000 4.846743e+002
1.706000 4.840520e+002
1.708000 4.834305e+002
1.710000 4.828099e+002
1.712000 4.821902e+002
1.714000 4.815713e+002
1.716000 4.809532e+002
1.718000 4.803360e+002
1.720000 4.797197e+002
1.722000 4.791043e+002
1.724000 4.784898e+002
1.726000 4.778761e+002
1.728000 4.772633e+002
1.730000 4.766515e+002
1.732000 4.760405e+002
1.734000 4.754305e+002
1.736000 4.748214e+002
1.738000 4.742132e+002
1.740000 4.736059e+002
1.742000 4.729996e+002
1.744000 4.723942e+002
1.746000 4.717898e+002
1.748000 4.711863e+002
1.750000 4.705837e+002
1.752000 4.699822e+002
1.754000 4.693815e+002
1.756000 4.687819e+002
1.758000 4.681832e+002
1.760000 4.675856e+002
1.762000 4.669889e+002
1.764000 4.663932e+002
1.766000 4.657985e+002
1.768000 4.652048e+002
1.770000 4.646121e+002
1.772000 4.640204e+002
1.774000 4.634297e+002
1.776000 4.628400e+002
1.778000 4.622514e+002
1.780000 4.616638e+002
1.782000 4.610772e+002
1.784000 4.604917e+002
1.786000 4.599072e+002
1.788000 4.593238e+002
1.790000 4.587414e+002
1.792000 4.581601e+002
1.794000 4.575798e+002
1.796000 4.570006e+002
1.798000 4.564225e+002
1.800000 4.558454e+002
1.802000 4.552694e+002
1.804000 4.546945e+002
1.806000 4.541207e+002
1.808000 4.535480e+002
1.810000 4.529763e+002
1.812000 4.524058e+002
1.814000 4.518364e+002
1.816000 4.512680e+002
1.818000 4.507008e+002
1.820000 4.501347e+002
1.822000 4.495697e+002
1.824000 4.490058e+002
1.826000 4.484431e+002
1.828000 4.478815e+002
1.830000 4.473210e+002
1.832000 4.467616e+002
1.834000 4.462034e+002
1.836000 4.456463e+002
1.838000 4.450904e+002
1.840000 4.445356e+002
1.842000 4.439820e+002
1.844000 4.434295e+002
1.846000 4.428781e+002
1.848000 4.423280e+002
1.850000 4.417790e+002
1.852000 4.412312e+002
1.854000 4.406845e+002
1.856000 4.401390e+002
1.858000 4.395947e+002
1.860000 4.390516e+002
1.862000 4.385096e+002
1.864000 4.379689e+002
1.866000 4.374293e+002
1.868000 4.368909e+002
1.870000 4.363537e+002
1.872000 4.358177e+002
1.874000 4.352829e+002
1.876000 4.347493e+002
1.878000 4.342169e+002
1.880000 4.336857e+002
1.882000 4.331558e+002
1.884000 4.326270e+002
1.886000 4.320995e+002
1.888000 4.315731e+002
1.890000 4.310480e+002
1.892000 4.305241e+002
1.894000 4.300014e+002
1.896000 4.294800e+002
1.898000 4.289598e+002
1.900000 4.284408e+002
1.902000 4.279231e+002
1.904000 4.274065e+002
1.906000 4.268913e+002
1.908000 4.263772e+002
1.910000 4.258644e+002
1.912000 4.253529e+002
1.914000 4.248426e+002
1.916000 4.243335e+002
1.918000 4.238257e+002
1.920000 4.233191e+002
1.922000 4.228138e+002
1.924000 4.223098e+002
1.926000 4.218070e+002
1.928000 4.213054e+002
1.930000 4.208051e+002
1.932000 4.203061e+002
1.934000 4.198083e+002
1.936000 4.193118e+002
1.938000 4.188166e+002
1.940000 4.183226e+002
1.942000 4.178299e+002
1.944000 4.173385e+002
1.946000 4.168484e+002
1.948000 4.163595e+002
1.950000 4.158719e+002
1.952000 4.153855e+002
1.954000 4.149005e+002
1.956000 4.144167e+002
1.958000 4.139342e+002
1.960000 4.134530e+002
1.962000 4.129730e+002
1.964000 4.124944e+002
1.966000 4.120170e+002
1.968000 4.115409e+002
1.970000 4.110661e+002
1.972000 4.105926e+002
1.974000 4.101204e+002
1.976000 4.096494e+002
1.978000 4.091798e+002
1.980000 4.087114e+002
1.982000 4.082443e+002
1.984000 4.077786e+002
1.986000 4.073141e+002
1.988000 4.068509e+002
1.990000 4.063890e+002
1.992000 4.059284e+002
1.994000 4.054691e+002
1.996000 4.050110e+002
1.998000 4.045543e+002
2.000000 4.040989e+002
2.002000 4.036448e+002
2.004000 4.031919e+002
2.006000 4.027404e+002
2.008000 4.022902e+002
2.010000 4.018412e+002
2.012000 4.013936e+002
2.014000 4.009473e+002
2.016000 4.005022e+002
2.018000 4.000585e+002
2.020000 3.996160e+002
2.022000 3.991749e+002
2.024000 3.987351e+002
2.026000 3.982965e+002
2.028000 3.978593e+002
2.030000 3.974234e+002
2.032000 3.969887e+002
2.034000 3.965554e+002
2.036000 3.961234e+002
2.038000 3.956926e+002
2.040000 3.952632e+002
2.042000 3.948351e+002
2.044000 3.944082e+002
2.046000 3.939827e+002
2.048000 3.935585e+002
2.050000 3.931355e+002
2.052000 3.927139e+002
2.054000 3.922936e+002
2.056000 3.918746e+002
2.058000 3.914568e+002
2.060000 3.910404e+002
2.062000 3.906253e+002
2.064000 3.902114e+002
2.066000 3.897989e+002
2.068000 3.893876e+002
2.070000 3.889777e+002
2.072000 3.885691e+002
2.074000 3.881617e+002
2.076000 3.877557e+002
2.078000 3.873509e+002
2.080000 3.869474e+002
2.082000 3.865452e+002
2.084000 3.861444e+002
2.086000 3.857448e+002
2.088000 3.853465e+002
2.090000 3.849495e+002
2.092000 3.845538e+002
2.094000 3.841593e+002
2.096000 3.837662e+002
2.098000 3.833744e+002
2.100000 3.829838e+002
2.102000 3.825945e+002
2.104000 3.822065e+002
2.106000 3.818198e+002
2.108000 3.814344e+002
2.110000 3.810503e+002
2.112000 3.806674e+002
2.114000 3.802858e+002
2.116000 3.799055e+002
2.118000 3.795265e+002
2.120000 3.791488e+002
2.122000 3.787723e+002
2.124000 3.783971e+002
2.126000 3.780232e+002
2.128000 3.776506e+002
2.130000 3.772792e+002
2.132000 3.769091e+002
2.134000 3.765403e+002
2.136000 3.761727e+002
2.138000 3.758064e+002
2.140000 3.754414e+002
2.142000 3.750777e+002
2.144000 3.747152e+002
2.146000 3.743539e+002
2.148000 3.739940e+002
2.150000 3.736353e+002
2.152000 3.732778e+002
2.154000 3.729216e+002
2.156000 3.725667e+002
2.158000 3.722130e+002
2.160000 3.718606e+002
2.162000 3.715094e+002
2.164000 3.711594e+002
2.166000 3.708108e+002
2.168000 3.704633e+002
2.170000 3.701171e+002
2.172000 3.697722e+002
2.174000 3.694285e+002
2.176000 3.690860e+002
2.178000 3.687448e+002
2.180000 3.684048e+002
2.182000 3.680661e+002
2.184000 3.677285e+002
2.186000 3.673923e+002
2.188000 3.670572e+002
2.190000 3.667234e+002
2.192000 3.663908e+002
2.194000 3.660594e+002
2.196000 3.657293e+002
2.198000 3.654004e+002
2.200000 3.650726e+002
2.202000 3.647462e+002
2.204000 3.644209e+002
2.206000 3.640968e+002
2.208000 3.637740e+002
2.210000 3.634524e+002
2.212000 3.631320e+002
2.214000 3.628127e+002
2.216000 3.624947e+002
2.218000 3.621779e+002
2.220000 3.618623e+002
2.222000 3.615479e+002
2.224000 3.612347e+002
2.226000 3.609227e+002
2.228000 3.606119e+002
2.230000 3.603023e+002
2.232000 3.599939e+002
2.234000 3.596866e+002
2.236000 3.593806e+002
2.238000 3.590757e+002
2.240000 3.587720e+002
2.242000 3.584695e+002
2.244000 3.581681e+002
2.246000 3.578680e+002
2.248000 3.575690e+002
2.250000 3.572712e+002
2.252000 3.569745e+002
2.254000 3.566791e+002
2.256000 3.563847e+002
2.258000 3.560916e+002
2.260000 3.557996e+002
2.262000 3.555088e+002
2.264000 3.552191e+002
2.266000 3.549306e+002
2.268000 3.546432e+002
2.270000 3.543570e+002
2.272000 3.540719e+002
2.274000 3.537879e+002
2.276000 3.535052e+002
2.278000 3.532235e+002
2.280000 3.529430e+002
2.282000 3.526636e+002
2.284000 3.523854e+002
2.286000 3.521083e+002
2.288000 3.518323e+002
2.290000 3.515574e+002
2.292000 3.512837e+002
2.294000 3.510110e+002
2.296000 3.507396e+002
2.298000 3.504692e+002
2.300000 3.501999e+002
2.302000 3.499317e+002
2.304000 3.496647e+002
2.306000 3.493988e+002
2.308000 3.491339e+002
2.310000 3.488702e+002
2.312000 3.486076e+002
2.314000 3.483460e+002
2.316000 3.480856e+002
2.318000 3.478262e+002
2.320000 3.475680e+002
2.322000 3.473108e+002
2.324000 3.470547e+002
2.326000 3.467997e+002
2.328000 3.465457e+002
2.330000 3.462929e+002
2.332000 3.460411e+002
2.334000 3.457904e+002
2.336000 3.455408e+002
2.338000 3.452922e+002
2.340000 3.450447e+002
2.342000 3.447982e+002
2.344000 3.445528e+002
2.346000 3.443085e+002
2.348000 3.440652e+002
2.350000 3.438230e+002
2.352000 3.435818e+002
2.354000 3.433417e+002
2.356000 3.431026e+002
2.358000 3.428645e+002
2.360000 3.426275e+002
2.362000 3.423916e+002
2.364000 3.421566e+002
2.366000 3.419227e+002
2.368000 3.416898e+002
2.370000 3.414579e+002
2.372000 3.412271e+002
2.374000 3.409973e+002
2.376000 3.407685e+002
2.378000 3.405407e+002
2.380000 3.403139e+002
2.382000 3.400881e+002
2.384000 3.398633e+002
2.386000 3.396396e+002
2.388000 3.394168e+002
2.390000 3.391950e+002
2.392000 3.389743e+002
2.394000 3.387545e+002
2.396000 3.385357e+002
2.398000 3.383179e+002
2.400000 3.381010e+002
2.402000 3.378852e+002
2.404000 3.376703e+002
2.406000 3.374565e+002
2.408000 3.372435e+002
2.410000 3.370316e+002
2.412000 3.368206e+002
2.414000 3.366106e+002
2.416000 3.364015e+002
2.418000 3.361935e+002
2.420000 3.359863e+002
2.422000 3.357801e+002
2.424000 3.355749e+002
2.426000 3.353706e+002
2.428000 3.351673e+002
2.430000 3.349649e+002
2.432000 3.347634e+002
2.434000 3.345629e+002
2.436000 3.343633e+002
2.438000 3.341646e+002
2.440000 3.339669e+002
2.442000 3.337701e+002
2.444000 3.335742e+002
2.446000 3.333793e+002
2.448000 3.331852e+002
2.450000 3.329921e+002
2.452000 3.327999e+002
2.454000 3.326085e+002
2.456000 3.324181e+002
2.458000 3.322286e+002
2.460000 3.320400e+002
2.462000 3.318523e+002
2.464000 3.316655e+002
2.466000 3.314796e+002
2.468000 3.312946e+002
2.470000 3.311104e+002
2.472000 3.309272e+002
2.474000 3.307448e+002
2.476000 3.305633e+002
2.478000 3.303826e+002
2.480000 3.302029e+002
2.482000 3.300240e+002
2.484000 3.298460e+002
2.486000 3.296688e+002
2.488000 3.294925e+002
2.490000 3.293171e+002
2.492000 3.291425e+002
2.494000 3.289688e+002
2.496000 3.287959e+002
2.498000 3.286238e+002
2.500000 3.284526e+002
2.502000 3.282823e+002
2.504000 3.281128e+002
2.506000 3.279441e+002
2.508000 3.277762e+002
2.510000 3.276092e+002
2.512000 3.274430e+002
2.514000 3.272777e+002
2.516000 3.271131e+002
2.518000 3.269494e+002
2.520000 3.267865e+002
2.522000 3.266244e+002
2.524000 3.264631e+002
2.526000 3.263026e+002
2.528000 3.261429e+002
2.530000 3.259840e+002
2.532000 3.258259e+002
2.534000 3.256686e+002
2.536000 3.255121e+002
2.538000 3.253564e+002
2.540000 3.252015e+002
2.542000 3.250474e+002
2.544000 3.248940e+002
2.546000 3.247415e+002
2.548000 3.245897e+002
2.550000 3.244386e+002
2.552000 3.242884e+002
2.554000 3.241389e+002
2.556000 3.239902e+002
2.558000 3.238422e+002
2.560000 3.236950e+002
2.562000 3.235486e+002
2.564000 3.234029e+002
2.566000 3.232579e+002
2.568000 3.231138e+002
2.570000 3.229703e+002
2.572000 3.228276e+002
2.574000 3.226856e+002
2.576000 3.225444e+002
2.578000 3.224039e+002
2.580000 3.222642e+002
2.582000 3.221251e+002
2.584000 3.219868e+002
2.586000 3.218492e+002
2.588000 3.217124e+002
2.590000 3.215762e+002
2.592000 3.214408e+002
2.594000 3.213061e+002
2.596000 3.211721e+002
2.598000 3.210388e+002
2.600000 3.209062e+002
2.602000 3.207743e+002
2.604000 3.206431e+002
2.606000 3.205126e+002
2.608000 3.203828e+002
2.610000 3.202537e+002
2.612000 3.201252e+002
2.614000 3.199975e+002
2.616000 3.198704e+002
2.618000 3.197440e+002
2.620000 3.196183e+002
2.622000 3.194933e+002
2.624000 3.193689e+002
2.626000 3.192452e+002
2.628000 3.191222e+002
2.630000 3.189998e+002
2.632000 3.188781e+002
2.634000 3.187571e+002
2.636000 3.186367e+002
2.638000 3.185170e+002
2.640000 3.183979e+002
2.642000 3.182795e+002
2.644000 3.181617e+002
2.646000 3.180445e+002
2.648000 3.179280e+002
2.650000 3.178121e+002
2.652000 3.176969e+002
2.654000 3.175823e+002
2.656000 3.174683e+002
2.658000 3.173550e+002
2.660000 3.172422e+002
2.662000 3.171301e+002
2.664000 3.170187e+002
2.666000 3.169078e+002
2.668000 3.167975e+002
2.670000 3.166879e+002
2.672000 3.165788e+002
2.674000 3.164704e+002
2.676000 3.163626e+002
2.678000 3.162554e+002
2.680000 3.161487e+002
2.682000 3.160427e+002
2.684000 3.159373e+002
2.686000 3.158324e+002
2.688000 3.157281e+002
2.690000 3.156245e+002
2.692000 3.155214e+002
2.694000 3.154189e+002
2.696000 3.153169e+002
2.698000 3.152156e+002
2.700000 3.151148e+002
2.702000 3.150146e+002
2.704000 3.149149e+002
2.706000 3.148159e+002
2.708000 3.147173e+002
2.710000 3.146194e+002
2.712000 3.145220e+002
2.714000 3.144251e+002
2.716000 3.143288e+002
2.718000 3.142331e+002
2.720000 3.141379e+002
2.722000 3.140433e+002
2.724000 3.139492e+002
2.726000 3.138556e+002
2.728000 3.137626e+002
2.730000 3.136701e+002
2.732000 3.135781e+002
2.734000 3.134867e+002
2.736000 3.133958e+002
2.738000 3.133055e+002
2.740000 3.132156e+002
2.742000 3.131263e+002
2.744000 3.130375e+002
2.746000 3.129492e+002
2.748000 3.128615e+002
2.750000 3.127742e+002
2.752000 3.126874e+002
2.754000 3.126012e+002
2.756000 3.125155e+002
2.758000 3.124302e+002
2.760000 3.123455e+002
2.762000 3.122613e+002
2.764000 3.121775e+002
2.766000 3.120943e+002
2.768000 3.120116e+002
2.770000 3.119293e+002
2.772000 3.118475e+002
2.774000 3.117662e+002
2.776000 3.116854e+002
2.778000 3.116051e+002
2.780000 3.115252e+002
2.782000 3.114459e+002
2.784000 3.113670e+002
2.786000 3.112885e+002
2.788000 3.112106e+002
2.790000 3.111331e+002
2.792000 3.110560e+002
2.794000 3.109795e+002
2.796000 3.109034e+002
2.798000 3.108277e+002
2.800000 3.107525e+002
2.802000 3.106778e+002
2.804000 3.106035e+002
2.806000 3.105296e+002
2.808000 3.104562e+002
2.810000 3.103833e+002
2.812000 3.103108e+002
2.814000 3.102387e+002
2.816000 3.101671e+002
2.818000 3.100959e+002
2.820000 3.100251e+002
2.822000 3.099548e+002
2.824000 3.098849e+002
2.826000 3.098154e+002
2.828000 3.097464e+002
2.830000 3.096777e+002
2.832000 3.096095e+002
2.834000 3.095418e+002
2.836000 3.094744e+002
2.838000 3.094074e+002
2.840000 3.093409e+002
2.842000 3.092748e+002
2.844000 3.092090e+002
2.846000 3.091437e+002
2.848000 3.090788e+002
2.850000 3.090143e+002
2.852000 3.089502e+002
2.854000 3.088865e+002
2.856000 3.088232e+002
2.858000 3.087603e+002
2.860000 3.086977e+002
2.862000 3.086356e+002
2.864000 3.085739e+002
2.866000 3.085125e+002
2.868000 3.084515e+002
2.870000 3.083909e+002
2.872000 3.083307e+002
2.874000 3.082709e+002
2.876000 3.082114e+002
2.878000 3.081523e+002
2.880000 3.080936e+002
2.882000 3.080353e+002
2.884000 3.079773e+002
2.886000 3.079197e+002
2.888000 3.078625e+002
2.890000 3.078056e+002
2.892000 3.077491e+002
2.894000 3.076929e+002
2.896000 3.076371e+002
2.898000 3.075817e+002
2.900000 3.075266e+002
2.902000 3.074719e+002
2.904000 3.074175e+002
2.906000 3.073635e+002
2.908000 3.073098e+002
2.910000 3.072564e+002
2.912000 3.072034e+002
2.914000 3.071508e+002
2.916000 3.070984e+002
2.918000 3.070465e+002
2.920000 3.069948e+002
2.922000 3.069435e+002
2.924000 3.068925e+002
2.926000 3.068419e+002
2.928000 3.067915e+002
2.930000 3.067415e+002
2.932000 3.066919e+002
2.934000 3.066425e+002
2.936000 3.065935e+002
2.938000 3.065448e+002
2.940000 3.064964e+002
2.942000 3.064483e+002
2.944000 3.064005e+002
2.946000 3.063531e+002
2.948000 3.063059e+002
2.950000 3.062591e+002
2.952000 3.062126e+002
2.954000 3.061664e+002
2.956000 3.061205e+002
2.958000 3.060749e+002
2.960000 3.060296e+002
2.962000 3.059845e+002
2.964000 3.059398e+002
2.966000 3.058954e+002
2.968000 3.058513e+002
2.970000 3.058075e+002
2.972000 3.057639e+002
2.974000 3.057207e+002
2.976000 3.056777e+002
2.978000 3.056351e+002
2.980000 3.055927e+002
2.982000 3.055506e+002
2.984000 3.055087e+002
2.986000 3.054672e+002
2.988000 3.054259e+002
2.990000 3.053849e+002
2.992000 3.053442e+002
2.994000 3.053038e+002
2.996000 3.052636e+002
2.998000 3.052237e+002
3.000000 3.051841e+002
3.002000 3.051447e+002
3.004000 3.051056e+002
3.006000 3.050668e+002
3.008000 3.050282e+002
3.010000 3.049899e+002
3.012000 3.049519e+002
3.014000 3.049141e+002
3.016000 3.048765e+002
3.018000 3.048393e+002
3.020000 3.048022e+002
3.022000 3.047655e+002
3.024000 3.047290e+002
3.026000 3.046927e+002
3.028000 3.046567e+002
3.030000 3.046209e+002
3.032000 3.045854e+002
3.034000 3.045501e+002
3.036000 3.045150e+002
3.038000 3.044802e+002
3.040000 3.044457e+002
3.042000 3.044113e+002
3.044000 3.043772e+002
3.046000 3.043434e+002
3.048000 3.043098e+002
3.050000 3.042764e+002
3.052000 3.042432e+002
3.054000 3.042103e+002
3.056000 3.041776e+002
3.058000 3.041451e+002
3.060000 3.041129e+002
3.062000 3.040809e+002
3.064000 3.040491e+002
3.066000 3.040175e+002
3.068000 3.039861e+002
3.070000 3.039550e+002
3.072000 3.039241e+002
3.074000 3.038934e+002
3.076000 3.038629e+002
3.078000 3.038326e+002
3.080000 3.038026e+002
3.082000 3.037727e+002
3.084000 3.037431e+002
3.086000 3.037137e+002
3.088000 3.036844e+002
3.090000 3.036554e+002
3.092000 3.036266e+002
3.094000 3.035980e+002
3.096000 3.035696e+002
3.098000 3.035414e+002
3.100000 3.035134e+002
3.102000 3.034856e+002
3.104000 3.034580e+002
3.106000 3.034306e+002
3.108000 3.034034e+002
3.110000 3.033764e+002
3.112000 3.033495e+002
3.114000 3.033229e+002
3.116000 3.032965e+002
3.118000 3.032702e+002
3.120000 3.032441e+002
3.122000 3.032183e+002
3.124000 3.031926e+002
3.126000 3.031671e+002
3.128000 3.031417e+002
3.130000 3.031166e+002
3.132000 3.030916e+002
3.134000 3.030668e+002
3.136000 3.030422e+002
3.138000 3.030178e+002
3.140000 3.029936e+002
3.142000 3.029695e+002
3.144000 3.029456e+002
3.146000 3.029219e+002
3.148000 3.028983e+002
3.150000 3.028749e+002
3.152000 3.028517e+002
3.154000 3.028287e+002
3.156000 3.028058e+002
3.158000 3.027831e+002
3.160000 3.027606e+002
3.162000 3.027382e+002
3.164000 3.027160e+002
3.166000 3.026939e+002
3.168000 3.026721e+002
3.170000 3.026503e+002
3.172000 3.026288e+002
3.174000 3.026074e+002
3.176000 3.025861e+002
3.178000 3.025650e+002
3.180000 3.025441e+002
3.182000 3.025233e+002
3.184000 3.025027e+002
3.186000 3.024822e+002
3.188000 3.024619e+002
3.190000 3.024417e+002
3.192000 3.024217e+002
3.194000 3.024018e+002
3.196000 3.023821e+002
3.198000 3.023625e+002
3.200000 3.023431e+002
3.202000 3.023238e+002
3.204000 3.023046e+002
3.206000 3.022856e+002
3.208000 3.022668e+002
3.210000 3.022481e+002
3.212000 3.022295e+002
3.214000 3.022110e+002
3.216000 3.021927e+002
3.218000 3.021746e+002
3.220000 3.021566e+002
3.222000 3.021387e+002
3.224000 3.021209e+002
3.226000 3.021033e+002
3.228000 3.020858e+002
3.230000 3.020684e+002
3.232000 3.020512e+002
3.234000 3.020341e+002
3.236000 3.020172e+002
3.238000 3.020003e+002
3.240000 3.019836e+002
3.242000 3.019670e+002
3.244000 3.019506e+002
3.246000 3.019343e+002
3.248000 3.019181e+002
3.250000 3.019020e+002
3.252000 3.018860e+002
3.254000 3.018702e+002
3.256000 3.018545e+002
3.258000 3.018389e+002
3.260000 3.018234e+002
3.262000 3.018080e+002
3.264000 3.017928e+002
3.266000 3.017777e+002
3.268000 3.017627e+002
3.270000 3.017478e+002
3.272000 3.017330e+002
3.274000 3.017184e+002
3.276000 3.017038e+002
3.278000 3.016894e+002
3.280000 3.016750e+002
3.282000 3.016608e+002
3.284000 3.016467e+002
3.286000 3.016327e+002
3.288000 3.016189e+002
3.290000 3.016051e+002
3.292000 3.015914e+002
3.294000 3.015779e+002
3.296000 3.015644e+002
3.298000 3.015510e+002
3.300000 3.015378e+002
3.302000 3.015247e+002
3.304000 3.015116e+002
3.306000 3.014987e+002
3.308000 3.014858e+002
3.310000 3.014731e+002
3.312000 3.014605e+002
3.314000 3.014479e+002
3.316000 3.014355e+002
3.318000 3.014232e+002
3.320000 3.014109e+002
3.322000 3.013988e+002
3.324000 3.013867e+002
3.326000 3.013748e+002
3.328000 3.013629e+002
3.330000 3.013511e+002
3.332000 3.013395e+002
3.334000 3.013279e+002
3.336000 3.013164e+002
3.338000 3.013050e+002
3.340000 3.012937e+002
3.342000 3.012825e+002
3.344000 3.012714e+002
3.346000 3.012603e+002
3.348000 3.012494e+002
3.350000 3.012385e+002
3.352000 3.012277e+002
3.354000 3.012171e+002
3.356000 3.012065e+002
3.358000 3.011959e+002
3.360000 3.011855e+002
3.362000 3.011752e+002
3.364000 3.011649e+002
3.366000 3.011547e+002
3.368000 3.011446e+002
3.370000 3.011346e+002
3.372000 3.011247e+002
3.374000 3.011148e+002
3.376000 3.011050e+002
3.378000 3.010953e+002
3.380000 3.010857e+002
3.382000 3.010762e+002
3.384000 3.010667e+002
3.386000 3.010573e+002
3.388000 3.010480e+002
3.390000 3.010388e+002
3.392000 3.010296e+002
3.394000 3.010205e+002
3.396000 3.010115e+002
3.398000 3.010026e+002
3.400000 3.009937e+002
3.402000 3.009849e+002
3.404000 3.009762e+002
3.406000 3.009676e+002
3.408000 3.009590e+002
3.410000 3.009505e+002
3.412000 3.009420e+002
3.414000 3.009337e+002
3.416000 3.009254e+002
3.418000 3.009172e+002
3.420000 3.009090e+002
3.422000 3.009009e+002
3.424000 3.008929e+002
3.426000 3.008849e+002
3.428000 3.008770e+002
3.430000 3.008692e+002
3.432000 3.008614e+002
3.434000 3.008537e+002
3.436000 3.008461e+002
3.438000 3.008385e+002
3.440000 3.008310e+002
3.442000 3.008236e+002
3.444000 3.008162e+002
3.446000 3.008089e+002
3.448000 3.008016e+002
3.450000 3.007944e+002
3.452000 3.007873e+002
3.454000 3.007802e+002
3.456000 3.007732e+002
3.458000 3.007662e+002
3.460000 3.007594e+002
3.462000 3.007525e+002
3.464000 3.007457e+002
3.466000 3.007390e+002
3.468000 3.007323e+002
3.470000 3.007257e+002
3.472000 3.007192e+002
3.474000 3.007127e+002
3.476000 3.007062e+002
3.478000 3.006998e+002
3.480000 3.006935e+002
3.482000 3.006872e+002
3.484000 3.006810e+002
3.486000 3.006748e+002
3.488000 3.006687e+002
3.490000 3.006626e+002
3.492000 3.006566e+002
3.494000 3.006506e+002
3.496000 3.006447e+002
3.498000 3.006389e+002
3.500000 3.006331e+002
3.502000 3.006273e+002
3.504000 3.006216e+002
3.506000 3.006159e+002
3.508000 3.006103e+002
3.510000 3.006047e+002
3.512000 3.005992e+002
3.514000 3.005937e+002
3.516000 3.005883e+002
3.518000 3.005830e+002
3.520000 3.005776e+002
3.522000 3.005723e+002
3.524000 3.005671e+002
3.526000 3.005619e+002
3.528000 3.005568e+002
3.530000 3.005517e+002
3.532000 3.005466e+002
3.534000 3.005416e+002
3.536000 3.005366e+002
3.538000 3.005317e+002
3.540000 3.005269e+002
3.542000 3.005220e+002
3.544000 3.005172e+002
3.546000 3.005125e+002
3.548000 3.005078e+002
3.550000 3.005031e+002
3.552000 3.004985e+002
3.554000 3.004939e+002
3.556000 3.004893e+002
3.558000 3.004848e+002
3.560000 3.004804e+002
3.562000 3.004760e+002
3.564000 3.004716e+002
3.566000 3.004672e+002
3.568000 3.004629e+002
3.570000 3.004587e+002
3.572000 3.004544e+002
3.574000 3.004503e+002
3.576000 3.004461e+002
3.578000 3.004420e+002
3.580000 3.004379e+002
3.582000 3.004339e+002
3.584000 3.004299e+002
3.586000 3.004259e+002
3.588000 3.004220e+002
3.590000 3.004181e+002
3.592000 3.004142e+002
3.594000 3.004104e+002
3.596000 3.004066e+002
3.598000 3.004029e+002
3.600000 3.003991e+002
3.602000 3.003955e+002
3.604000 3.003918e+002
3.606000 3.003882e+002
3.608000 3.003846e+002
3.610000 3.003811e+002
3.612000 3.003775e+002
3.614000 3.003741e+002
3.616000 3.003706e+002
3.618000 3.003672e+002
3.620000 3.003638e+002
3.622000 3.003604e+002
3.624000 3.003571e+002
3.626000 3.003538e+002
3.628000 3.003506e+002
3.630000 3.003473e+002
3.632000 3.003441e+002
3.634000 3.003410e+002
3.636000 3.003378e+002
3.638000 3.003347e+002
3.640000 3.003316e+002
3.642000 3.003286e+002
3.644000 3.003255e+002
3.646000 3.003225e+002
3.648000 3.003196e+002
3.650000 3.003166e+002
3.652000 3.003137e+002
3.654000 3.003109e+002
3.656000 3.003080e+002
3.658000 3.003052e+002
3.660000 3.003024e+002
3.662000 3.002996e+002
3.664000 3.002969e+002
3.666000 3.002942e+002
3.668000 3.002915e+002
3.670000 3.002888e+002
3.672000 3.002862e+002
3.674000 3.002835e+002
3.676000 3.002810e+002
3.678000 3.002784e+002
3.680000 3.002759e+002
3.682000 3.002734e+002
3.684000 3.002709e+002
3.686000 3.002684e+002
3.688000 3.002660e+002
3.690000 3.002636e+002
3.692000 3.002612e+002
3.694000 3.002588e+002
3.696000 3.002565e+002
3.698000 3.002542e+002
3.700000 3.002519e+002
3.702000 3.002496e+002
3.704000 3.002474e+002
3.706000 3.002451e+002
3.708000 3.002430e+002
3.710000 3.002408e+002
3.712000 3.002386e+002
3.714000 3.002365e+002
3.716000 3.002344e+002
3.718000 3.002323e+002
3.720000 3.002302e+002
3.722000 3.002282e+002
3.724000 3.002262e+002
3.726000 3.002242e+002
3.728000 3.002222e+002
3.730000 3.002202e+002
3.732000 3.002183e+002
3.734000 3.002164e+002
3.736000 3.002145e+002
3.738000 3.002126e+002
3.740000 3.002108e+002
3.742000 3.002089e+002
3.744000 3.002071e+002
3.746000 3.002053e+002
3.748000 3.002036e+002
3.750000 3.002018e+002
3.752000 3.002001e+002
3.754000 3.001984e+002
3.756000 3.001967e+002
3.758000 3.001950e+002
3.760000 3.001933e+002
3.762000 3.001917e+002
3.764000 3.001901e+002
3.766000 3.001885e+002
3.768000 3.001869e+002
3.770000 3.001853e+002
3.772000 3.001838e+002
3.774000 3.001823e+002
3.776000 3.001807e+002
3.778000 3.001793e+002
3.780000 3.001778e+002
3.782000 3.001763e+002
3.784000 3.001749e+002
3.786000 3.001735e+002
3.788000 3.001721e+002
3.790000 3.001707e+002
3.792000 3.001693e+002
3.794000 3.001680e+002
3.796000 3.001666e+002
3.798000 3.001653e+002
3.800000 3.001640e+002
3.802000 3.001627e+002
3.804000 3.001614e+002
3.806000 3.001602e+002
3.808000 3.001590e+002
3.810000 3.001577e+002
3.812000 3.001565e+002
3.814000 3.001553e+002
3.816000 3.001542e+002
3.818000 3.001530e+002
3.820000 3.001519e+002
3.822000 3.001507e+002
3.824000 3.001496e+002
3.826000 3.001485e+002
3.828000 3.001475e+002
3.830000 3.001464e+002
3.832000 3.001454e+002
3.834000 3.001443e+002
3.836000 3.001433e+002
3.838000 3.001423e+002
3.840000 3.001413e+002
3.842000 3.001403e+002
3.844000 3.001394e+002
3.846000 3.001384e+002
3.848000 3.001375e+002
3.850000 3.001366e+002
3.852000 3.001357e+002
3.854000 3.001348e+002
3.856000 3.001339e+002
3.858000 3.001331e+002
3.860000 3.001322e+002
3.862000 3.001314e+002
3.864000 3.001306e+002
3.866000 3.001298e+002
3.868000 3.001290e+002
3.870000 3.001282e+002
3.872000 3.001274e+002
3.874000 3.001267e+002
3.876000 3.001259e+002
3.878000 3.001252e+002
3.880000 3.001245e+002
3.882000 3.001238e+002
3.884000 3.001231e+002
3.886000 3.001225e+002
3.888000 3.001218e+002
3.890000 3.001212e+002
3.892000 3.001205e+002
3.894000 3.001199e+002
3.896000 3.001193e+002
3.898000 3.001187e+002
3.900000 3.001181e+002
3.902000 3.001176e+002
3.904000 3.001170e+002
3.906000 3.001165e+002
3.908000 3.001160e+002
3.910000 3.001154e+002
3.912000 3.001149e+002
3.914000 3.001144e+002
3.916000 3.001140e+002
3.918000 3.001135e+002
3.920000 3.001131e+002
3.922000 3.001126e+002
3.924000 3.001122e+002
3.926000 3.001118e+002
3.928000 3.001114e+002
3.930000 3.001110e+002
3.932000 3.001106e+002
3.934000 3.001102e+002
3.936000 3.001099e+002
3.938000 3.001095e+002
3.940000 3.001092e+002
3.942000 3.001089e+002
3.944000 3.001086e+002
3.946000 3.001083e+002
3.948000 3.001080e+002
3.950000 3.001077e+002
3.952000 3.001075e+002
3.954000 3.001072e+002
3.956000 3.001070e+002
3.958000 3.001068e+002
3.960000 3.001066e+002
3.962000 3.001064e+002
3.964000 3.001062e+002
3.966000 3.001060e+002
3.968000 3.001058e+002
3.970000 3.001057e+002
3.972000 3.001055e+002
3.974000 3.001054e+002
3.976000 3.001053e+002
3.978000 3.001052e+002
3.980000 3.001051e+002
3.982000 3.001050e+002
3.984000 3.001049e+002
3.986000 3.001049e+002
3.988000 3.001048e+002
3.990000 3.001048e+002
3.992000 3.001048e+002
3.994000 3.001048e+002
3.996000 3.001048e+002
3.998000 3.000000e+002
