0.000000 3.770561e+002
0.002000 3.857785e+002
0.004000 3.944940e+002
0.006000 4.032019e+002
0.008000 4.119014e+002
0.010000 4.205919e+002
0.012000 4.292727e+002
0.014000 4.379429e+002
0.016000 4.466020e+002
0.018000 4.552491e+002
0.020000 4.638837e+002
0.022000 4.725048e+002
0.024000 4.811120e+002
0.026000 4.897045e+002
0.028000 4.982815e+002
0.030000 5.068424e+002
0.032000 5.153865e+002
0.034000 5.239131e+002
0.036000 5.324216e+002
0.038000 5.409113e+002
0.040000 5.493814e+002
0.042000 5.578314e+002
0.044000 5.662605e+002
0.046000 5.746682e+002
0.048000 5.830537e+002
0.050000 5.914164e+002
0.052000 5.997558e+002
0.054000 6.080711e+002
0.056000 6.163617e+002
0.058000 6.246270e+002
0.060000 6.328664e+002
0.062000 6.410793e+002
0.064000 6.492650e+002
0.066000 6.574231e+002
0.068000 6.655528e+002
0.070000 6.736536e+002
0.072000 6.817250e+002
0.074000 6.897663e+002
0.076000 6.977770e+002
0.078000 7.057566e+002
0.080000 7.137044e+002
0.082000 7.216200e+002
0.084000 7.295029e+002
0.086000 7.373524e+002
0.088000 7.451681e+002
0.090000 7.529495e+002
0.092000 7.606961e+002
0.094000 7.684073e+002
0.096000 7.760828e+002
0.098000 7.837219e+002
0.100000 7.913243e+002
0.102000 7.988895e+002
0.104000 8.064170e+002
0.106000 8.139064e+002
0.108000 8.213573e+002
0.110000 8.287692e+002
0.112000 8.361416e+002
0.114000 8.434743e+002
0.116000 8.507668e+002
0.118000 8.580187e+002
0.120000 8.652297e+002
0.122000 8.723993e+002
0.124000 8.795271e+002
0.126000 8.866129e+002
0.128000 8.936563e+002
0.130000 9.006570e+002
0.132000 9.076145e+002
0.134000 9.145287e+002
0.136000 9.213991e+002
0.138000 9.282256e+002
0.140000 9.350077e+002
0.142000 9.417453e+002
0.144000 9.484380e+002
0.146000 9.550855e+002
0.148000 9.616877e+002
0.150000 9.682443e+002
0.152000 9.747550e+002
0.154000 9.812197e+002
0.156000 9.876380e+002
0.158000 9.940098e+002
0.160000 1.000335e+003
0.162000 1.006613e+003
0.164000 1.012844e+003
0.166000 1.019028e+003
0.168000 1.025165e+003
0.170000 1.031253e+003
0.172000 1.037295e+003
0.174000 1.043288e+003
0.176000 1.049233e+003
0.178000 1.055130e+003
0.180000 1.060979e+003
0.182000 1.066780e+003
0.184000 1.072532e+003
0.186000 1.078236e+003
0.188000 1.083891e+003
0.190000 1.089498e+003
0.192000 1.095056e+003
0.194000 1.100565e+003
0.196000 1.106026e+003
0.198000 1.111437e+003
0.200000 1.116800e+003
0.202000 1.122114e+003
0.204000 1.127379e+003
0.206000 1.132595e+003
0.208000 1.137763e+003
0.210000 1.142881e+003
0.212000 1.147951e+003
0.214000 1.152972e+003
0.216000 1.157944e+003
0.218000 1.162868e+003
0.220000 1.167742e+003
0.222000 1.172569e+003
0.224000 1.177347e+003
0.226000 1.182076e+003
0.228000 1.186757e+003
0.230000 1.191390e+003
0.232000 1.195974e+003
0.234000 1.200511e+003
0.236000 1.205000e+003
0.238000 1.209440e+003
0.240000 1.213833e+003
0.242000 1.218179e+003
0.244000 1.222477e+003
0.246000 1.226728e+003
0.248000 1.230931e+003
0.250000 1.235088e+003
0.252000 1.239197e+003
0.254000 1.243261e+003
0.256000 1.247277e+003
0.258000 1.251247e+003
0.260000 1.255171e+003
0.262000 1.259049e+003
0.264000 1.262882e+003
0.266000 1.266668e+003
0.268000 1.270409e+003
0.270000 1.274106e+003
0.272000 1.277757e+003
0.274000 1.281363e+003
0.276000 1.284925e+003
0.278000 1.288443e+003
0.280000 1.291916e+003
0.282000 1.295346e+003
0.284000 1.298732e+003
0.286000 1.302074e+003
0.288000 1.305374e+003
0.290000 1.308630e+003
0.292000 1.311844e+003
0.294000 1.315015e+003
0.296000 1.318145e+003
0.298000 1.321232e+003
0.300000 1.324278e+003
0.302000 1.327283e+003
0.304000 1.330246e+003
0.306000 1.333169e+003
0.308000 1.336051e+003
0.310000 1.338892e+003
0.312000 1.341694e+003
0.314000 1.344456e+003
0.316000 1.347178e+003
0.318000 1.349862e+003
0.320000 1.352506e+003
0.322000 1.355112e+003
0.324000 1.357680e+003
0.326000 1.360209e+003
0.328000 1.362701e+003
0.330000 1.365155e+003
0.332000 1.367572e+003
0.334000 1.369953e+003
0.336000 1.372296e+003
0.338000 1.374604e+003
0.340000 1.376875e+003
0.342000 1.379111e+003
0.344000 1.381311e+003
0.346000 1.383476e+003
0.348000 1.385607e+003
0.350000 1.387703e+003
0.352000 1.389764e+003
0.354000 1.391792e+003
0.356000 1.393786e+003
0.358000 1.395747e+003
0.360000 1.397674e+003
0.362000 1.399569e+003
0.364000 1.401431e+003
0.366000 1.403261e+003
0.368000 1.405060e+003
0.370000 1.406826e+003
0.372000 1.408562e+003
0.374000 1.410266e+003
0.376000 1.411940e+003
0.378000 1.413583e+003
0.380000 1.415195e+003
0.382000 1.416778e+003
0.384000 1.418332e+003
0.386000 1.419856e+003
0.388000 1.421351e+003
0.390000 1.422817e+003
0.392000 1.424254e+003
0.394000 1.425664e+003
0.396000 1.427045e+003
0.398000 1.428398e+003
0.400000 1.429725e+003
0.402000 1.431023e+003
0.404000 1.432295e+003
0.406000 1.433541e+003
0.408000 1.434760e+003
0.410000 1.435952e+003
0.412000 1.437119e+003
0.414000 1.438260e+003
0.416000 1.439376e+003
0.418000 1.440466e+003
0.420000 1.441532e+003
0.422000 1.442572e+003
0.424000 1.443589e+003
0.426000 1.444581e+003
0.428000 1.445548e+003
0.430000 1.446493e+003
0.432000 1.447413e+003
0.434000 1.448310e+003
0.436000 1.449184e+003
0.438000 1.450035e+003
0.440000 1.450863e+003
0.442000 1.451669e+003
0.444000 1.452453e+003
0.446000 1.453214e+003
0.448000 1.453953e+003
0.450000 1.454671e+003
0.452000 1.455366e+003
0.454000 1.456041e+003
0.456000 1.456694e+003
0.458000 1.457327e+003
0.460000 1.457938e+003
0.462000 1.458529e+003
0.464000 1.459099e+003
0.466000 1.459649e+003
0.468000 1.460179e+003
0.470000 1.460688e+003
0.472000 1.461178e+003
0.474000 1.461648e+003
0.476000 1.462098e+003
0.478000 1.462529e+003
0.480000 1.462940e+003
0.482000 1.463332e+003
0.484000 1.463706e+003
0.486000 1.464060e+003
0.488000 1.464395e+003
0.490000 1.464712e+003
0.492000 1.465010e+003
0.494000 1.465289e+003
0.496000 1.465551e+003
0.498000 1.465793e+003
0.500000 1.466018e+003
0.502000 1.466225e+003
0.504000 1.466413e+003
0.506000 1.466584e+003
0.508000 1.466736e+003
0.510000 1.466871e+003
0.512000 1.466989e+003
0.514000 1.467088e+003
0.516000 1.467170e+003
0.518000 1.467235e+003
0.520000 1.467282e+003
0.522000 1.467312e+003
0.524000 1.467324e+003
0.526000 1.467319e+003
0.528000 1.467297e+003
0.530000 1.467258e+003
0.532000 1.467201e+003
0.534000 1.467127e+003
0.536000 1.467037e+003
0.538000 1.466929e+003
0.540000 1.466804e+003
0.542000 1.466662e+003
0.544000 1.466503e+003
0.546000 1.466327e+003
0.548000 1.466134e+003
0.550000 1.465924e+003
0.552000 1.465697e+003
0.554000 1.465453e+003
0.556000 1.465192e+003
0.558000 1.464914e+003
0.560000 1.464619e+003
0.562000 1.464307e+003
0.564000 1.463978e+003
0.566000 1.463632e+003
0.568000 1.463269e+003
0.570000 1.462889e+003
0.572000 1.462491e+003
0.574000 1.462076e+003
0.576000 1.461644e+003
0.578000 1.461195e+003
0.580000 1.460729e+003
0.582000 1.460245e+003
0.584000 1.459744e+003
0.586000 1.459225e+003
0.588000 1.458689e+003
0.590000 1.458135e+003
0.592000 1.457564e+003
0.594000 1.456975e+003
0.596000 1.456368e+003
0.598000 1.455743e+003
0.600000 1.455101e+003
0.602000 1.454440e+003
0.604000 1.453762e+003
0.606000 1.453066e+003
0.608000 1.452351e+003
0.610000 1.451618e+003
0.612000 1.450867e+003
0.614000 1.450097e+003
0.616000 1.449309e+003
0.618000 1.448503e+003
0.620000 1.447677e+003
0.622000 1.446833e+003
0.624000 1.445971e+003
0.626000 1.445089e+003
0.628000 1.444188e+003
0.630000 1.443268e+003
0.632000 1.442329e+003
0.634000 1.441370e+003
0.636000 1.440393e+003
0.638000 1.439395e+003
0.640000 1.438378e+003
0.642000 1.437341e+003
0.644000 1.436285e+003
0.646000 1.435208e+003
0.648000 1.434112e+003
0.650000 1.432995e+003
0.652000 1.431859e+003
0.654000 1.430701e+003
0.656000 1.429524e+003
0.658000 1.428326e+003
0.660000 1.427107e+003
0.662000 1.425867e+003
0.664000 1.424607e+003
0.666000 1.423325e+003
0.668000 1.422022e+003
0.670000 1.420699e+003
0.672000 1.419353e+003
0.674000 1.417987e+003
0.676000 1.416599e+003
0.678000 1.415189e+003
0.680000 1.413757e+003
0.682000 1.412304e+003
0.684000 1.410829e+003
0.686000 1.409331e+003
0.688000 1.407812e+003
0.690000 1.406270e+003
0.692000 1.404705e+003
0.694000 1.403118e+003
0.696000 1.401509e+003
0.698000 1.399877e+003
0.700000 1.398222e+003
0.702000 1.396544e+003
0.704000 1.394843e+003
0.706000 1.393119e+003
0.708000 1.391372e+003
0.710000 1.389602e+003
0.712000 1.387808e+003
0.714000 1.385991e+003
0.716000 1.384150e+003
0.718000 1.382285e+003
0.720000 1.380397e+003
0.722000 1.378485e+003
0.724000 1.376549e+003
0.726000 1.374589e+003
0.728000 1.372605e+003
0.730000 1.370597e+003
0.732000 1.368565e+003
0.734000 1.366509e+003
0.736000 1.364428e+003
0.738000 1.362322e+003
0.740000 1.360193e+003
0.742000 1.358038e+003
0.744000 1.355859e+003
0.746000 1.353656e+003
0.748000 1.351427e+003
0.750000 1.349174e+003
0.752000 1.346897e+003
0.754000 1.344594e+003
0.756000 1.342266e+003
0.758000 1.339914e+003
0.760000 1.337537e+003
0.762000 1.335134e+003
0.764000 1.332707e+003
0.766000 1.330255e+003
0.768000 1.327777e+003
0.770000 1.325275e+003
0.772000 1.322747e+003
0.774000 1.320194e+003
0.776000 1.317616e+003
0.778000 1.315014e+003
0.780000 1.312386e+003
0.782000 1.309732e+003
0.784000 1.307054e+003
0.786000 1.304351e+003
0.788000 1.301623e+003
0.790000 1.298869e+003
0.792000 1.296091e+003
0.794000 1.293287e+003
0.796000 1.290459e+003
0.798000 1.287606e+003
0.800000 1.284728e+003
0.802000 1.281825e+003
0.804000 1.278897e+003
0.806000 1.275944e+003
0.808000 1.272967e+003
0.810000 1.269966e+003
0.812000 1.266939e+003
0.814000 1.263888e+003
0.816000 1.260813e+003
0.818000 1.257714e+003
0.820000 1.254590e+003
0.822000 1.251442e+003
0.824000 1.248270e+003
0.826000 1.245074e+003
0.828000 1.241855e+003
0.830000 1.238611e+003
0.832000 1.235344e+003
0.834000 1.232054e+003
0.836000 1.228740e+003
0.838000 1.225402e+003
0.840000 1.222042e+003
0.842000 1.218659e+003
0.844000 1.215252e+003
0.846000 1.211823e+003
0.848000 1.208372e+003
0.850000 1.204898e+003
0.852000 1.201402e+003
0.854000 1.197883e+003
0.856000 1.194343e+003
0.858000 1.190781e+003
0.860000 1.187198e+003
0.862000 1.183593e+003
0.864000 1.179967e+003
0.866000 1.176320e+003
0.868000 1.172652e+003
0.870000 1.168963e+003
0.872000 1.165254e+003
0.874000 1.161525e+003
0.876000 1.157776e+003
0.878000 1.154007e+003
0.880000 1.150218e+003
0.882000 1.146410e+003
0.884000 1.142583e+003
0.886000 1.138738e+003
0.888000 1.134873e+003
0.890000 1.130990e+003
0.892000 1.127089e+003
0.894000 1.123171e+003
0.896000 1.119234e+003
0.898000 1.115280e+003
0.900000 1.111309e+003
0.902000 1.107322e+003
0.904000 1.103317e+003
0.906000 1.099297e+003
0.908000 1.095260e+003
0.910000 1.091208e+003
0.912000 1.087140e+003
0.914000 1.083057e+003
0.916000 1.078959e+003
0.918000 1.074847e+003
0.920000 1.070720e+003
0.922000 1.066580e+003
0.924000 1.062426e+003
0.926000 1.058258e+003
0.928000 1.054078e+003
0.930000 1.049885e+003
0.932000 1.045679e+003
0.934000 1.041462e+003
0.936000 1.037232e+003
0.938000 1.032992e+003
0.940000 1.028740e+003
0.942000 1.024477e+003
0.944000 1.020204e+003
0.946000 1.015922e+003
0.948000 1.011629e+003
0.950000 1.007327e+003
0.952000 1.003016e+003
0.954000 9.986965e+002
0.956000 9.943686e+002
0.958000 9.900327e+002
0.960000 9.856892e+002
0.962000 9.813385e+002
0.964000 9.769809e+002
0.966000 9.726168e+002
0.968000 9.682466e+002
0.970000 9.638706e+002
0.972000 9.594891e+002
0.974000 9.551026e+002
0.976000 9.507114e+002
0.978000 9.463159e+002
0.980000 9.419164e+002
0.982000 9.375134e+002
0.984000 9.331072e+002
0.986000 9.286981e+002
0.988000 9.242866e+002
0.990000 9.198730e+002
0.992000 9.154578e+002
0.994000 9.110412e+002
0.996000 9.066236e+002
0.998000 9.022055e+002
1.000000 8.977872e+002
1.002000 8.933690e+002
1.004000 8.889514e+002
1.006000 8.845348e+002
1.008000 8.801195e+002
1.010000 8.757058e+002
1.012000 8.712942e+002
1.014000 8.668851e+002
1.016000 8.624787e+002
1.018000 8.580756e+002
1.020000 8.536760e+002
1.022000 8.492803e+002
1.024000 8.448889e+002
1.026000 8.405022e+002
1.028000 8.361206e+002
1.030000 8.317443e+002
1.032000 8.273738e+002
1.034000 8.230094e+002
1.036000 8.186516e+002
1.038000 8.143006e+002
1.040000 8.099568e+002
1.042000 8.056206e+002
1.044000 8.012923e+002
1.046000 7.969724e+002
1.048000 7.926610e+002
1.050000 7.883586e+002
1.052000 7.840656e+002
1.054000 7.797823e+002
1.056000 7.755089e+002
1.058000 7.712459e+002
1.060000 7.669937e+002
1.062000 7.627524e+002
1.064000 7.585225e+002
1.066000 7.543043e+002
1.068000 7.500982e+002
1.070000 7.459043e+002
1.072000 7.417232e+002
1.074000 7.375550e+002
1.076000 7.334001e+002
1.078000 7.292588e+002
1.080000 7.251314e+002
1.082000 7.210182e+002
1.084000 7.169196e+002
1.086000 7.128357e+002
1.088000 7.087670e+002
1.090000 7.047136e+002
1.092000 7.006759e+002
1.094000 6.966542e+002
1.096000 6.926488e+002
1.098000 6.886598e+002
1.100000 6.846876e+002
1.102000 6.807325e+002
1.104000 6.767947e+002
1.106000 6.728744e+002
1.108000 6.689720e+002
1.110000 6.650876e+002
1.112000 6.612216e+002
1.114000 6.573742e+002
1.116000 6.535455e+002
1.118000 6.497358e+002
1.120000 6.459455e+002
1.122000 6.421746e+002
1.124000 6.384234e+002
1.126000 6.346921e+002
1.128000 6.309810e+002
1.130000 6.272901e+002
1.132000 6.236199e+002
1.134000 6.199703e+002
1.136000 6.163417e+002
1.138000 6.127342e+002
1.140000 6.091480e+002
1.142000 6.055832e+002
1.144000 6.020401e+002
1.146000 5.985188e+002
1.148000 5.950195e+002
1.150000 5.915424e+002
1.152000 5.880875e+002
1.154000 5.846550e+002
1.156000 5.812452e+002
1.158000 5.778581e+002
1.160000 5.744938e+002
1.162000 5.711525e+002
1.164000 5.678343e+002
1.166000 5.645394e+002
1.168000 5.612678e+002
1.170000 5.580197e+002
1.172000 5.547952e+002
1.174000 5.515943e+002
1.176000 5.484172e+002
1.178000 5.452640e+002
1.180000 5.421347e+002
1.182000 5.390294e+002
1.184000 5.359483e+002
1.186000 5.328913e+002
1.188000 5.298586e+002
1.190000 5.268502e+002
1.192000 5.238662e+002
1.194000 5.209066e+002
1.196000 5.179715e+002
1.198000 5.150609e+002
1.200000 5.121748e+002
1.202000 5.093134e+002
1.204000 5.064766e+002
1.206000 5.036645e+002
1.208000 5.008770e+002
1.210000 4.981143e+002
1.212000 4.953763e+002
1.214000 4.926630e+002
1.216000 4.899744e+002
1.218000 4.873106e+002
1.220000 4.846715e+002
1.222000 4.820571e+002
1.224000 4.794674e+002
1.226000 4.769025e+002
1.228000 4.743622e+002
1.230000 4.718466e+002
1.232000 4.693556e+002
1.234000 4.668892e+002
1.236000 4.644473e+002
1.238000 4.620300e+002
1.240000 4.596372e+002
1.242000 4.572688e+002
1.244000 4.549248e+002
1.246000 4.526051e+002
1.248000 4.503097e+002
1.250000 4.480385e+002
1.252000 4.457915e+002
1.254000 4.435686e+002
1.256000 4.413696e+002
1.258000 4.391946e+002
1.260000 4.370435e+002
1.262000 4.349161e+002
1.264000 4.328125e+002
1.266000 4.307324e+002
1.268000 4.286759e+002
1.270000 4.266428e+002
1.272000 4.246330e+002
1.274000 4.226465e+002
1.276000 4.206831e+002
1.278000 4.187427e+002
1.280000 4.168253e+002
1.282000 4.149307e+002
1.284000 4.130587e+002
1.286000 4.112094e+002
1.288000 4.093825e+002
1.290000 4.075780e+002
1.292000 4.057957e+002
1.294000 4.040355e+002
1.296000 4.022973e+002
1.298000 4.005809e+002
1.300000 3.988862e+002
1.302000 3.972132e+002
1.304000 3.955616e+002
1.306000 3.939313e+002
1.308000 3.923222e+002
1.310000 3.907341e+002
1.312000 3.891669e+002
1.314000 3.876205e+002
1.316000 3.860947e+002
1.318000 3.845893e+002
1.320000 3.831043e+002
1.322000 3.816394e+002
1.324000 3.801946e+002
1.326000 3.787696e+002
1.328000 3.773643e+002
1.330000 3.759786e+002
1.332000 3.746123e+002
1.334000 3.732652e+002
1.336000 3.719372e+002
1.338000 3.706281e+002
1.340000 3.693378e+002
1.342000 3.680661e+002
1.344000 3.668129e+002
1.346000 3.655779e+002
1.348000 3.643610e+002
1.350000 3.631621e+002
1.352000 3.619810e+002
1.354000 3.608175e+002
1.356000 3.596715e+002
1.358000 3.585428e+002
1.360000 3.574312e+002
1.362000 3.563365e+002
1.364000 3.552587e+002
1.366000 3.541975e+002
1.368000 3.531527e+002
1.370000 3.521243e+002
1.372000 3.511119e+002
1.374000 3.501155e+002
1.376000 3.491349e+002
1.378000 3.481700e+002
1.380000 3.472205e+002
1.382000 3.462862e+002
1.384000 3.453671e+002
1.386000 3.444629e+002
1.388000 3.435735e+002
1.390000 3.426988e+002
1.392000 3.418384e+002
1.394000 3.409924e+002
1.396000 3.401605e+002
1.398000 3.393425e+002
1.400000 3.385383e+002
1.402000 3.377477e+002
1.404000 3.369706e+002
1.406000 3.362068e+002
1.408000 3.354561e+002
1.410000 3.347184e+002
1.412000 3.339934e+002
1.414000 3.332811e+002
1.416000 3.325813e+002
1.418000 3.318938e+002
1.420000 3.312185e+002
1.422000 3.305552e+002
1.424000 3.299037e+002
1.426000 3.292639e+002
1.428000 3.286356e+002
1.430000 3.280187e+002
1.432000 3.274131e+002
1.434000 3.268185e+002
1.436000 3.262348e+002
1.438000 3.256619e+002
1.440000 3.250996e+002
1.442000 3.245477e+002
1.444000 3.240062e+002
1.446000 3.234749e+002
1.448000 3.229535e+002
1.450000 3.224421e+002
1.452000 3.219403e+002
1.454000 3.214482e+002
1.456000 3.209655e+002
1.458000 3.204921e+002
1.460000 3.200279e+002
1.462000 3.195727e+002
1.464000 3.191264e+002
1.466000 3.186888e+002
1.468000 3.182599e+002
1.470000 3.178395e+002
1.472000 3.174274e+002
1.474000 3.170235e+002
1.476000 3.166277e+002
1.478000 3.162399e+002
1.480000 3.158599e+002
1.482000 3.154876e+002
1.484000 3.151229e+002
1.486000 3.147656e+002
1.488000 3.144157e+002
1.490000 3.140730e+002
1.492000 3.137374e+002
1.494000 3.134087e+002
1.496000 3.130870e+002
1.498000 3.127719e+002
1.500000 3.124635e+002
1.502000 3.121616e+002
1.504000 3.118661e+002
1.506000 3.115769e+002
1.508000 3.112939e+002
1.510000 3.110169e+002
1.512000 3.107459e+002
1.514000 3.104808e+002
1.516000 3.102214e+002
1.518000 3.099676e+002
1.520000 3.097194e+002
1.522000 3.094767e+002
1.524000 3.092393e+002
1.526000 3.090072e+002
1.528000 3.087802e+002
1.530000 3.085582e+002
1.532000 3.083413e+002
1.534000 3.081292e+002
1.536000 3.079218e+002
1.538000 3.077192e+002
1.540000 3.075212e+002
1.542000 3.073277e+002
1.544000 3.071386e+002
1.546000 3.069538e+002
1.548000 3.067733e+002
1.550000 3.065970e+002
1.552000 3.064247e+002
1.554000 3.062565e+002
1.556000 3.060922e+002
1.558000 3.059318e+002
1.560000 3.057751e+002
1.562000 3.056221e+002
1.564000 3.054728e+002
1.566000 3.053270e+002
1.568000 3.051847e+002
1.570000 3.050458e+002
1.572000 3.049102e+002
1.574000 3.047779e+002
1.576000 3.046488e+002
1.578000 3.045228e+002
1.580000 3.043999e+002
1.582000 3.042800e+002
1.584000 3.041631e+002
1.586000 3.040490e+002
1.588000 3.039378e+002
1.590000 3.038293e+002
1.592000 3.037235e+002
1.594000 3.036203e+002
1.596000 3.035197e+002
1.598000 3.034217e+002
1.600000 3.033261e+002
1.602000 3.032329e+002
1.604000 3.031421e+002
1.606000 3.030536e+002
1.608000 3.029674e+002
1.610000 3.028834e+002
1.612000 3.028015e+002
1.614000 3.027217e+002
1.616000 3.026440e+002
1.618000 3.025684e+002
1.620000 3.024947e+002
1.622000 3.024229e+002
1.624000 3.023530e+002
1.626000 3.022849e+002
1.628000 3.022186e+002
1.630000 3.021541e+002
1.632000 3.020913e+002
1.634000 3.020301e+002
1.636000 3.019706e+002
1.638000 3.019127e+002
1.640000 3.018564e+002
1.642000 3.018015e+002
1.644000 3.017482e+002
1.646000 3.016962e+002
1.648000 3.016457e+002
1.650000 3.015966e+002
1.652000 3.015488e+002
1.654000 3.015024e+002
1.656000 3.014572e+002
1.658000 3.014132e+002
1.660000 3.013705e+002
1.662000 3.013289e+002
1.664000 3.012886e+002
1.666000 3.012493e+002
1.668000 3.012111e+002
1.670000 3.011741e+002
1.672000 3.011380e+002
1.674000 3.011030e+002
1.676000 3.010690e+002
1.678000 3.010359e+002
1.680000 3.010038e+002
1.682000 3.009726e+002
1.684000 3.009423e+002
1.686000 3.009129e+002
1.688000 3.008843e+002
1.690000 3.008565e+002
1.692000 3.008296e+002
1.694000 3.008034e+002
1.696000 3.007780e+002
1.698000 3.007533e+002
1.700000 3.007294e+002
1.702000 3.007061e+002
1.704000 3.006836e+002
1.706000 3.006617e+002
1.708000 3.006405e+002
1.710000 3.006199e+002
1.712000 3.005999e+002
1.714000 3.005805e+002
1.716000 3.005617e+002
1.718000 3.005435e+002
1.720000 3.005258e+002
1.722000 3.005086e+002
1.724000 3.004920e+002
1.726000 3.004759e+002
1.728000 3.004602e+002
1.730000 3.004451e+002
1.732000 3.004304e+002
1.734000 3.004161e+002
1.736000 3.004023e+002
1.738000 3.003889e+002
1.740000 3.003760e+002
1.742000 3.003634e+002
1.744000 3.003513e+002
1.746000 3.003395e+002
1.748000 3.003281e+002
1.750000 3.003170e+002
1.752000 3.003063e+002
1.754000 3.002959e+002
1.756000 3.002859e+002
1.758000 3.002761e+002
1.760000 3.002667e+002
1.762000 3.002576e+002
1.764000 3.002488e+002
1.766000 3.002402e+002
1.768000 3.002320e+002
1.770000 3.002240e+002
1.772000 3.002162e+002
1.774000 3.002087e+002
1.776000 3.002015e+002
1.778000 3.001945e+002
1.780000 3.001877e+002
1.782000 3.001811e+002
1.784000 3.001748e+002
1.786000 3.001686e+002
1.788000 3.001627e+002
1.790000 3.001570e+002
1.792000 3.001514e+002
1.794000 3.001461e+002
1.796000 3.001409e+002
1.798000 3.001359e+002
1.800000 3.001310e+002
1.802000 3.001263e+002
1.804000 3.001218e+002
1.806000 3.001174e+002
1.808000 3.001132e+002
1.810000 3.001091e+002
1.812000 3.001052e+002
1.814000 3.001014e+002
1.816000 3.000977e+002
1.818000 3.000942e+002
1.820000 3.000907e+002
1.822000 3.000874e+002
1.824000 3.000842e+002
1.826000 3.000811e+002
1.828000 3.000781e+002
1.830000 3.000753e+002
1.832000 3.000725e+002
1.834000 3.000698e+002
1.836000 3.000672e+002
1.838000 3.000647e+002
1.840000 3.000623e+002
1.842000 3.000600e+002
1.844000 3.000577e+002
1.846000 3.000556e+002
1.848000 3.000535e+002
1.850000 3.000515e+002
1.852000 3.000495e+002
1.854000 3.000477e+002
1.856000 3.000459e+002
1.858000 3.000441e+002
1.860000 3.000425e+002
1.862000 3.000408e+002
1.864000 3.000393e+002
1.866000 3.000378e+002
1.868000 3.000363e+002
1.870000 3.000349e+002
1.872000 3.000336e+002
1.874000 3.000323e+002
1.876000 3.000310e+002
1.878000 3.000298e+002
1.880000 3.000287e+002
1.882000 3.000276e+002
1.884000 3.000265e+002
1.886000 3.000255e+002
1.888000 3.000245e+002
1.890000 3.000235e+002
1.892000 3.000226e+002
1.894000 3.000217e+002
1.896000 3.000208e+002
1.898000 3.000200e+002
1.900000 3.000192e+002
1.902000 3.000185e+002
1.904000 3.000177e+002
1.906000 3.000170e+002
1.908000 3.000164e+002
1.910000 3.000157e+002
1.912000 3.000151e+002
1.914000 3.000145e+002
1.916000 3.000139e+002
1.918000 3.000133e+002
1.920000 3.000128e+002
1.922000 3.000123e+002
1.924000 3.000118e+002
1.926000 3.000113e+002
1.928000 3.000108e+002
1.930000 3.000104e+002
1.932000 3.000100e+002
1.934000 3.000096e+002
1.936000 3.000092e+002
1.938000 3.000088e+002
1.940000 3.000084e+002
1.942000 3.000081e+002
1.944000 3.000078e+002
1.946000 3.000074e+002
1.948000 3.000071e+002
1.950000 3.000068e+002
1.952000 3.000065e+002
1.954000 3.000063e+002
1.956000 3.000060e+002
1.958000 3.000058e+002
1.960000 3.000055e+002
1.962000 3.000053e+002
1.964000 3.000051e+002
1.966000 3.000048e+002
1.968000 3.000046e+002
1.970000 3.000044e+002
1.972000 3.000043e+002
1.974000 3.000041e+002
1.976000 3.000039e+002
1.978000 3.000037e+002
1.980000 3.000036e+002
1.982000 3.000034e+002
1.984000 3.000033e+002
1.986000 3.000031e+002
1.988000 3.000030e+002
1.990000 3.000029e+002
1.992000 3.000027e+002
1.994000 3.000026e+002
1.996000 3.000025e+002
1.998000 3.000024e+002
2.000000 3.000023e+002
2.002000 3.000022e+002
2.004000 3.000021e+002
2.006000 3.000020e+002
2.008000 3.000019e+002
2.010000 3.000018e+002
2.012000 3.000018e+002
2.014000 3.000017e+002
2.016000 3.000016e+002
2.018000 3.000015e+002
2.020000 3.000015e+002
2.022000 3.000014e+002
2.024000 3.000013e+002
2.026000 3.000013e+002
2.028000 3.000012e+002
2.030000 3.000012e+002
2.032000 3.000011e+002
2.034000 3.000011e+002
2.036000 3.000010e+002
2.038000 3.000010e+002
2.040000 3.000009e+002
2.042000 3.000009e+002
2.044000 3.000008e+002
2.046000 3.000008e+002
2.048000 3.000008e+002
2.050000 3.000007e+002
2.052000 3.000007e+002
2.054000 3.000007e+002
2.056000 3.000006e+002
2.058000 3.000006e+002
2.060000 3.000006e+002
2.062000 3.000006e+002
2.064000 3.000005e+002
2.066000 3.000005e+002
2.068000 3.000005e+002
2.070000 3.000005e+002
2.072000 3.000004e+002
2.074000 3.000004e+002
2.076000 3.000004e+002
2.078000 3.000004e+002
2.080000 3.000004e+002
2.082000 3.000003e+002
2.084000 3.000003e+002
2.086000 3.000003e+002
2.088000 3.000003e+002
2.090000 3.000003e+002
2.092000 3.000003e+002
2.094000 3.000003e+002
2.096000 3.000002e+002
2.098000 3.000002e+002
2.100000 3.000002e+002
2.102000 3.000002e+002
2.104000 3.000002e+002
2.106000 3.000002e+002
2.108000 3.000002e+002
2.110000 3.000002e+002
2.112000 3.000002e+002
2.114000 3.000002e+002
2.116000 3.000002e+002
2.118000 3.000001e+002
2.120000 3.000001e+002
2.122000 3.000001e+002
2.124000 3.000001e+002
2.126000 3.000001e+002
2.128000 3.000001e+002
2.130000 3.000001e+002
2.132000 3.000001e+002
2.134000 3.000001e+002
2.136000 3.000001e+002
2.138000 3.000001e+002
2.140000 3.000001e+002
2.142000 3.000001e+002
2.144000 3.000001e+002
2.146000 3.000001e+002
2.148000 3.000001e+002
2.150000 3.000001e+002
2.152000 3.000001e+002
2.154000 3.000001e+002
2.156000 3.000001e+002
2.158000 3.000001e+002
2.160000 3.000001e+002
2.162000 3.000000e+002
2.164000 3.000000e+002
2.166000 3.000000e+002
2.168000 3.000000e+002
2.170000 3.000000e+002
2.172000 3.000000e+002
2.174000 3.000000e+002
2.176000 3.000000e+002
2.178000 3.000000e+002
2.180000 3.000000e+002
2.182000 3.000000e+002
2.184000 3.000000e+002
2.186000 3.000000e+002
2.188000 3.000000e+002
2.190000 3.000000e+002
2.192000 3.000000e+002
2.194000 3.000000e+002
2.196000 3.000000e+002
2.198000 3.000000e+002
2.200000 3.000000e+002
2.202000 3.000000e+002
2.204000 3.000000e+002
2.206000 3.000000e+002
2.208000 3.000000e+002
2.210000 3.000000e+002
2.212000 3.000000e+002
2.214000 3.000000e+002
2.216000 3.000000e+002
2.218000 3.000000e+002
2.220000 3.000000e+002
2.222000 3.000000e+002
2.224000 3.000000e+002
2.226000 3.000000e+002
2.228000 3.000000e+002
2.230000 3.000000e+002
2.232000 3.000000e+002
2.234000 3.000000e+002
2.236000 3.000000e+002
2.238000 3.000000e+002
2.240000 3.000000e+002
2.242000 3.000000e+002
2.244000 3.000000e+002
2.246000 3.000000e+002
2.248000 3.000000e+002
2.250000 3.000000e+002
2.252000 3.000000e+002
2.254000 3.000000e+002
2.256000 3.000000e+002
2.258000 3.000000e+002
2.260000 3.000000e+002
2.262000 3.000000e+002
2.264000 3.000000e+002
2.266000 3.000000e+002
2.268000 3.000000e+002
2.270000 3.000000e+002
2.272000 3.000000e+002
2.274000 3.000000e+002
2.276000 3.000000e+002
2.278000 3.000000e+002
2.280000 3.000000e+002
2.282000 3.000000e+002
2.284000 3.000000e+002
2.286000 3.000000e+002
2.288000 3.000000e+002
2.290000 3.000000e+002
2.292000 3.000000e+002
2.294000 3.000000e+002
2.296000 3.000000e+002
2.298000 3.000000e+002
2.300000 3.000000e+002
2.302000 3.000000e+002
2.304000 3.000000e+002
2.306000 3.000000e+002
2.308000 3.000000e+002
2.310000 3.000000e+002
2.312000 3.000000e+002
2.314000 3.000000e+002
2.316000 3.000000e+002
2.318000 3.000000e+002
2.320000 3.000000e+002
2.322000 3.000000e+002
2.324000 3.000000e+002
2.326000 3.000000e+002
2.328000 3.000000e+002
2.330000 3.000000e+002
2.332000 3.000000e+002
2.334000 3.000000e+002
2.336000 3.000000e+002
2.338000 3.000000e+002
2.340000 3.000000e+002
2.342000 3.000000e+002
2.344000 3.000000e+002
2.346000 3.000000e+002
2.348000 3.000000e+002
2.350000 3.000000e+002
2.352000 3.000000e+002
2.354000 3.000000e+002
2.356000 3.000000e+002
2.358000 3.000000e+002
2.360000 3.000000e+002
2.362000 3.000000e+002
2.364000 3.000000e+002
2.366000 3.000000e+002
2.368000 3.000000e+002
2.370000 3.000000e+002
2.372000 3.000000e+002
2.374000 3.000000e+002
2.376000 3.000000e+002
2.378000 3.000000e+002
2.380000 3.000000e+002
2.382000 3.000000e+002
2.384000 3.000000e+002
2.386000 3.000000e+002
2.388000 3.000000e+002
2.390000 3.000000e+002
2.392000 3.000000e+002
2.394000 3.000000e+002
2.396000 3.000000e+002
2.398000 3.000000e+002
2.400000 3.000000e+002
2.402000 3.000000e+002
2.404000 3.000000e+002
2.406000 3.000000e+002
2.408000 3.000000e+002
2.410000 3.000000e+002
2.412000 3.000000e+002
2.414000 3.000000e+002
2.416000 3.000000e+002
2.418000 3.000000e+002
2.420000 3.000000e+002
2.422000 3.000000e+002
2.424000 3.000000e+002
2.426000 3.000000e+002
2.428000 3.000000e+002
2.430000 3.000000e+002
2.432000 3.000000e+002
2.434000 3.000000e+002
2.436000 3.000000e+002
2.438000 3.000000e+002
2.440000 3.000000e+002
2.442000 3.000000e+002
2.444000 3.000000e+002
2.446000 3.000000e+002
2.448000 3.000000e+002
2.450000 3.000000e+002
2.452000 3.000000e+002
2.454000 3.000000e+002
2.456000 3.000000e+002
2.458000 3.000000e+002
2.460000 3.000000e+002
2.462000 3.000000e+002
2.464000 3.000000e+002
2.466000 3.000000e+002
2.468000 3.000000e+002
2.470000 3.000000e+002
2.472000 3.000000e+002
2.474000 3.000000e+002
2.476000 3.000000e+002
2.478000 3.000000e+002
2.480000 3.000000e+002
2.482000 3.000000e+002
2.484000 3.000000e+002
2.486000 3.000000e+002
2.488000 3.000000e+002
2.490000 3.000000e+002
2.492000 3.000000e+002
2.494000 3.000000e+002
2.496000 3.000000e+002
2.498000 3.000000e+002
2.500000 3.000000e+002
2.502000 3.000000e+002
2.504000 3.000000e+002
2.506000 3.000000e+002
2.508000 3.000000e+002
2.510000 3.000000e+002
2.512000 3.000000e+002
2.514000 3.000000e+002
2.516000 3.000000e+002
2.518000 3.000000e+002
2.520000 3.000000e+002
2.522000 3.000000e+002
2.524000 3.000000e+002
2.526000 3.000000e+002
2.528000 3.000000e+002
2.530000 3.000000e+002
2.532000 3.000000e+002
2.534000 3.000000e+002
2.536000 3.000000e+002
2.538000 3.000000e+002
2.540000 3.000000e+002
2.542000 3.000000e+002
2.544000 3.000000e+002
2.546000 3.000000e+002
2.548000 3.000000e+002
2.550000 3.000000e+002
2.552000 3.000000e+002
2.554000 3.000000e+002
2.556000 3.000000e+002
2.558000 3.000000e+002
2.560000 3.000000e+002
2.562000 3.000000e+002
2.564000 3.000000e+002
2.566000 3.000000e+002
2.568000 3.000000e+002
2.570000 3.000000e+002
2.572000 3.000000e+002
2.574000 3.000000e+002
2.576000 3.000000e+002
2.578000 3.000000e+002
2.580000 3.000000e+002
2.582000 3.000000e+002
2.584000 3.000000e+002
2.586000 3.000000e+002
2.588000 3.000000e+002
2.590000 3.000000e+002
2.592000 3.000000e+002
2.594000 3.000000e+002
2.596000 3.000000e+002
2.598000 3.000000e+002
2.600000 3.000000e+002
2.602000 3.000000e+002
2.604000 3.000000e+002
2.606000 3.000000e+002
2.608000 3.000000e+002
2.610000 3.000000e+002
2.612000 3.000000e+002
2.614000 3.000000e+002
2.616000 3.000000e+002
2.618000 3.000000e+002
2.620000 3.000000e+002
2.622000 3.000000e+002
2.624000 3.000000e+002
2.626000 3.000000e+002
2.628000 3.000000e+002
2.630000 3.000000e+002
2.632000 3.000000e+002
2.634000 3.000000e+002
2.636000 3.000000e+002
2.638000 3.000000e+002
2.640000 3.000000e+002
2.642000 3.000000e+002
2.644000 3.000000e+002
2.646000 3.000000e+002
2.648000 3.000000e+002
2.650000 3.000000e+002
2.652000 3.000000e+002
2.654000 3.000000e+002
2.656000 3.000000e+002
2.658000 3.000000e+002
2.660000 3.000000e+002
2.662000 3.000000e+002
2.664000 3.000000e+002
2.666000 3.000000e+002
2.668000 3.000000e+002
2.670000 3.000000e+002
2.672000 3.000000e+002
2.674000 3.000000e+002
2.676000 3.000000e+002
2.678000 3.000000e+002
2.680000 3.000000e+002
2.682000 3.000000e+002
2.684000 3.000000e+002
2.686000 3.000000e+002
2.688000 3.000000e+002
2.690000 3.000000e+002
2.692000 3.000000e+002
2.694000 3.000000e+002
2.696000 3.000000e+002
2.698000 3.000000e+002
2.700000 3.000000e+002
2.702000 3.000000e+002
2.704000 3.000000e+002
2.706000 3.000000e+002
2.708000 3.000000e+002
2.710000 3.000000e+002
2.712000 3.000000e+002
2.714000 3.000000e+002
2.716000 3.000000e+002
2.718000 3.000000e+002
2.720000 3.000000e+002
2.722000 3.000000e+002
2.724000 3.000000e+002
2.726000 3.000000e+002
2.728000 3.000000e+002
2.730000 3.000000e+002
2.732000 3.000000e+002
2.734000 3.000000e+002
2.736000 3.000000e+002
2.738000 3.000000e+002
2.740000 3.000000e+002
2.742000 3.000000e+002
2.744000 3.000000e+002
2.746000 3.000000e+002
2.748000 3.000000e+002
2.750000 3.000000e+002
2.752000 3.000000e+002
2.754000 3.000000e+002
2.756000 3.000000e+002
2.758000 3.000000e+002
2.760000 3.000000e+002
2.762000 3.000000e+002
2.764000 3.000000e+002
2.766000 3.000000e+002
2.768000 3.000000e+002
2.770000 3.000000e+002
2.772000 3.000000e+002
2.774000 3.000000e+002
2.776000 3.000000e+002
2.778000 3.000000e+002
2.780000 3.000000e+002
2.782000 3.000000e+002
2.784000 3.000000e+002
2.786000 3.000000e+002
2.788000 3.000000e+002
2.790000 3.000000e+002
2.792000 3.000000e+002
2.794000 3.000000e+002
2.796000 3.000000e+002
2.798000 3.000000e+002
2.800000 3.000000e+002
2.802000 3.000000e+002
2.804000 3.000000e+002
2.806000 3.000000e+002
2.808000 3.000000e+002
2.810000 3.000000e+002
2.812000 3.000000e+002
2.814000 3.000000e+002
2.816000 3.000000e+002
2.818000 3.000000e+002
2.820000 3.000000e+002
2.822000 3.000000e+002
2.824000 3.000000e+002
2.826000 3.000000e+002
2.828000 3.000000e+002
2.830000 3.000000e+002
2.832000 3.000000e+002
2.834000 3.000000e+002
2.836000 3.000000e+002
2.838000 3.000000e+002
2.840000 3.000000e+002
2.842000 3.000000e+002
2.844000 3.000000e+002
2.846000 3.000000e+002
2.848000 3.000000e+002
2.850000 3.000000e+002
2.852000 3.000000e+002
2.854000 3.000000e+002
2.856000 3.000000e+002
2.858000 3.000000e+002
2.860000 3.000000e+002
2.862000 3.000000e+002
2.864000 3.000000e+002
2.866000 3.000000e+002
2.868000 3.000000e+002
2.870000 3.000000e+002
2.872000 3.000000e+002
2.874000 3.000000e+002
2.876000 3.000000e+002
2.878000 3.000000e+002
2.880000 3.000000e+002
2.882000 3.000000e+002
2.884000 3.000000e+002
2.886000 3.000000e+002
2.888000 3.000000e+002
2.890000 3.000000e+002
2.892000 3.000000e+002
2.894000 3.000000e+002
2.896000 3.000000e+002
2.898000 3.000000e+002
2.900000 3.000000e+002
2.902000 3.000000e+002
2.904000 3.000000e+002
2.906000 3.000000e+002
2.908000 3.000000e+002
2.910000 3.000000e+002
2.912000 3.000000e+002
2.914000 3.000000e+002
2.916000 3.000000e+002
2.918000 3.000000e+002
2.920000 3.000000e+002
2.922000 3.000000e+002
2.924000 3.000000e+002
2.926000 3.000000e+002
2.928000 3.000000e+002
2.930000 3.000000e+002
2.932000 3.000000e+002
2.934000 3.000000e+002
2.936000 3.000000e+002
2.938000 3.000000e+002
2.940000 3.000000e+002
2.942000 3.000000e+002
2.944000 3.000000e+002
2.946000 3.000000e+002
2.948000 3.000000e+002
2.950000 3.000000e+002
2.952000 3.000000e+002
2.954000 3.000000e+002
2.956000 3.000000e+002
2.958000 3.000000e+002
2.960000 3.000000e+002
2.962000 3.000000e+002
2.964000 3.000000e+002
2.966000 3.000000e+002
2.968000 3.000000e+002
2.970000 3.000000e+002
2.972000 3.000000e+002
2.974000 3.000000e+002
2.976000 3.000000e+002
2.978000 3.000000e+002
2.980000 3.000000e+002
2.982000 3.000000e+002
2.984000 3.000000e+002
2.986000 3.000000e+002
2.988000 3.000000e+002
2.990000 3.000000e+002
2.992000 3.000000e+002
2.994000 3.000000e+002
2.996000 3.000000e+002
2.998000 3.000000e+002
3.000000 3.000000e+002
3.002000 3.000000e+002
3.004000 3.000000e+002
3.006000 3.000000e+002
3.008000 3.000000e+002
3.010000 3.000000e+002
3.012000 3.000000e+002
3.014000 3.000000e+002
3.016000 3.000000e+002
3.018000 3.000000e+002
3.020000 3.000000e+002
3.022000 3.000000e+002
3.024000 3.000000e+002
3.026000 3.000000e+002
3.028000 3.000000e+002
3.030000 3.000000e+002
3.032000 3.000000e+002
3.034000 3.000000e+002
3.036000 3.000000e+002
3.038000 3.000000e+002
3.040000 3.000000e+002
3.042000 3.000000e+002
3.044000 3.000000e+002
3.046000 3.000000e+002
3.048000 3.000000e+002
3.050000 3.000000e+002
3.052000 3.000000e+002
3.054000 3.000000e+002
3.056000 3.000000e+002
3.058000 3.000000e+002
3.060000 3.000000e+002
3.062000 3.000000e+002
3.064000 3.000000e+002
3.066000 3.000000e+002
3.068000 3.000000e+002
3.070000 3.000000e+002
3.072000 3.000000e+002
3.074000 3.000000e+002
3.076000 3.000000e+002
3.078000 3.000000e+002
3.080000 3.000000e+002
3.082000 3.000000e+002
3.084000 3.000000e+002
3.086000 3.000000e+002
3.088000 3.000000e+002
3.090000 3.000000e+002
3.092000 3.000000e+002
3.094000 3.000000e+002
3.096000 3.000000e+002
3.098000 3.000000e+002
3.100000 3.000000e+002
3.102000 3.000000e+002
3.104000 3.000000e+002
3.106000 3.000000e+002
3.108000 3.000000e+002
3.110000 3.000000e+002
3.112000 3.000000e+002
3.114000 3.000000e+002
3.116000 3.000000e+002
3.118000 3.000000e+002
3.120000 3.000000e+002
3.122000 3.000000e+002
3.124000 3.000000e+002
3.126000 3.000000e+002
3.128000 3.000000e+002
3.130000 3.000000e+002
3.132000 3.000000e+002
3.134000 3.000000e+002
3.136000 3.000000e+002
3.138000 3.000000e+002
3.140000 3.000000e+002
3.142000 3.000000e+002
3.144000 3.000000e+002
3.146000 3.000000e+002
3.148000 3.000000e+002
3.150000 3.000000e+002
3.152000 3.000000e+002
3.154000 3.000000e+002
3.156000 3.000000e+002
3.158000 3.000000e+002
3.160000 3.000000e+002
3.162000 3.000000e+002
3.164000 3.000000e+002
3.166000 3.000000e+002
3.168000 3.000000e+002
3.170000 3.000000e+002
3.172000 3.000000e+002
3.174000 3.000000e+002
3.176000 3.000000e+002
3.178000 3.000000e+002
3.180000 3.000000e+002
3.182000 3.000000e+002
3.184000 3.000000e+002
3.186000 3.000000e+002
3.188000 3.000000e+002
3.190000 3.000000e+002
3.192000 3.000000e+002
3.194000 3.000000e+002
3.196000 3.000000e+002
3.198000 3.000000e+002
3.200000 3.000000e+002
3.202000 3.000000e+002
3.204000 3.000000e+002
3.206000 3.000000e+002
3.208000 3.000000e+002
3.210000 3.000000e+002
3.212000 3.000000e+002
3.214000 3.000000e+002
3.216000 3.000000e+002
3.218000 3.000000e+002
3.220000 3.000000e+002
3.222000 3.000000e+002
3.224000 3.000000e+002
3.226000 3.000000e+002
3.228000 3.000000e+002
3.230000 3.000000e+002
3.232000 3.000000e+002
3.234000 3.000000e+002
3.236000 3.000000e+002
3.238000 3.000000e+002
3.240000 3.000000e+002
3.242000 3.000000e+002
3.244000 3.000000e+002
3.246000 3.000000e+002
3.248000 3.000000e+002
3.250000 3.000000e+002
3.252000 3.000000e+002
3.254000 3.000000e+002
3.256000 3.000000e+002
3.258000 3.000000e+002
3.260000 3.000000e+002
3.262000 3.000000e+002
3.264000 3.000000e+002
3.266000 3.000000e+002
3.268000 3.000000e+002
3.270000 3.000000e+002
3.272000 3.000000e+002
3.274000 3.000000e+002
3.276000 3.000000e+002
3.278000 3.000000e+002
3.280000 3.000000e+002
3.282000 3.000000e+002
3.284000 3.000000e+002
3.286000 3.000000e+002
3.288000 3.000000e+002
3.290000 3.000000e+002
3.292000 3.000000e+002
3.294000 3.000000e+002
3.296000 3.000000e+002
3.298000 3.000000e+002
3.300000 3.000000e+002
3.302000 3.000000e+002
3.304000 3.000000e+002
3.306000 3.000000e+002
3.308000 3.000000e+002
3.310000 3.000000e+002
3.312000 3.000000e+002
3.314000 3.000000e+002
3.316000 3.000000e+002
3.318000 3.000000e+002
3.320000 3.000000e+002
3.322000 3.000000e+002
3.324000 3.000000e+002
3.326000 3.000000e+002
3.328000 3.000000e+002
3.330000 3.000000e+002
3.332000 3.000000e+002
3.334000 3.000000e+002
3.336000 3.000000e+002
3.338000 3.000000e+002
3.340000 3.000000e+002
3.342000 3.000000e+002
3.344000 3.000000e+002
3.346000 3.000000e+002
3.348000 3.000000e+002
3.350000 3.000000e+002
3.352000 3.000000e+002
3.354000 3.000000e+002
3.356000 3.000000e+002
3.358000 3.000000e+002
3.360000 3.000000e+002
3.362000 3.000000e+002
3.364000 3.000000e+002
3.366000 3.000000e+002
3.368000 3.000000e+002
3.370000 3.000000e+002
3.372000 3.000000e+002
3.374000 3.000000e+002
3.376000 3.000000e+002
3.378000 3.000000e+002
3.380000 3.000000e+002
3.382000 3.000000e+002
3.384000 3.000000e+002
3.386000 3.000000e+002
3.388000 3.000000e+002
3.390000 3.000000e+002
3.392000 3.000000e+002
3.394000 3.000000e+002
3.396000 3.000000e+002
3.398000 3.000000e+002
3.400000 3.000000e+002
3.402000 3.000000e+002
3.404000 3.000000e+002
3.406000 3.000000e+002
3.408000 3.000000e+002
3.410000 3.000000e+002
3.412000 3.000000e+002
3.414000 3.000000e+002
3.416000 3.000000e+002
3.418000 3.000000e+002
3.420000 3.000000e+002
3.422000 3.000000e+002
3.424000 3.000000e+002
3.426000 3.000000e+002
3.428000 3.000000e+002
3.430000 3.000000e+002
3.432000 3.000000e+002
3.434000 3.000000e+002
3.436000 3.000000e+002
3.438000 3.000000e+002
3.440000 3.000000e+002
3.442000 3.000000e+002
3.444000 3.000000e+002
3.446000 3.000000e+002
3.448000 3.000000e+002
3.450000 3.000000e+002
3.452000 3.000000e+002
3.454000 3.000000e+002
3.456000 3.000000e+002
3.458000 3.000000e+002
3.460000 3.000000e+002
3.462000 3.000000e+002
3.464000 3.000000e+002
3.466000 3.000000e+002
3.468000 3.000000e+002
3.470000 3.000000e+002
3.472000 3.000000e+002
3.474000 3.000000e+002
3.476000 3.000000e+002
3.478000 3.000000e+002
3.480000 3.000000e+002
3.482000 3.000000e+002
3.484000 3.000000e+002
3.486000 3.000000e+002
3.488000 3.000000e+002
3.490000 3.000000e+002
3.492000 3.000000e+002
3.494000 3.000000e+002
3.496000 3.000000e+002
3.498000 3.000000e+002
3.500000 3.000000e+002
3.502000 3.000000e+002
3.504000 3.000000e+002
3.506000 3.000000e+002
3.508000 3.000000e+002
3.510000 3.000000e+002
3.512000 3.000000e+002
3.514000 3.000000e+002
3.516000 3.000000e+002
3.518000 3.000000e+002
3.520000 3.000000e+002
3.522000 3.000000e+002
3.524000 3.000000e+002
3.526000 3.000000e+002
3.528000 3.000000e+002
3.530000 3.000000e+002
3.532000 3.000000e+002
3.534000 3.000000e+002
3.536000 3.000000e+002
3.538000 3.000000e+002
3.540000 3.000000e+002
3.542000 3.000000e+002
3.544000 3.000000e+002
3.546000 3.000000e+002
3.548000 3.000000e+002
3.550000 3.000000e+002
3.552000 3.000000e+002
3.554000 3.000000e+002
3.556000 3.000000e+002
3.558000 3.000000e+002
3.560000 3.000000e+002
3.562000 3.000000e+002
3.564000 3.000000e+002
3.566000 3.000000e+002
3.568000 3.000000e+002
3.570000 3.000000e+002
3.572000 3.000000e+002
3.574000 3.000000e+002
3.576000 3.000000e+002
3.578000 3.000000e+002
3.580000 3.000000e+002
3.582000 3.000000e+002
3.584000 3.000000e+002
3.586000 3.000000e+002
3.588000 3.000000e+002
3.590000 3.000000e+002
3.592000 3.000000e+002
3.594000 3.000000e+002
3.596000 3.000000e+002
3.598000 3.000000e+002
3.600000 3.000000e+002
3.602000 3.000000e+002
3.604000 3.000000e+002
3.606000 3.000000e+002
3.608000 3.000000e+002
3.610000 3.000000e+002
3.612000 3.000000e+002
3.614000 3.000000e+002
3.616000 3.000000e+002
3.618000 3.000000e+002
3.620000 3.000000e+002
3.622000 3.000000e+002
3.624000 3.000000e+002
3.626000 3.000000e+002
3.628000 3.000000e+002
3.630000 3.000000e+002
3.632000 3.000000e+002
3.634000 3.000000e+002
3.636000 3.000000e+002
3.638000 3.000000e+002
3.640000 3.000000e+002
3.642000 3.000000e+002
3.644000 3.000000e+002
3.646000 3.000000e+002
3.648000 3.000000e+002
3.650000 3.000000e+002
3.652000 3.000000e+002
3.654000 3.000000e+002
3.656000 3.000000e+002
3.658000 3.000000e+002
3.660000 3.000000e+002
3.662000 3.000000e+002
3.664000 3.000000e+002
3.666000 3.000000e+002
3.668000 3.000000e+002
3.670000 3.000000e+002
3.672000 3.000000e+002
3.674000 3.000000e+002
3.676000 3.000000e+002
3.678000 3.000000e+002
3.680000 3.000000e+002
3.682000 3.000000e+002
3.684000 3.000000e+002
3.686000 3.000000e+002
3.688000 3.000000e+002
3.690000 3.000000e+002
3.692000 3.000000e+002
3.694000 3.000000e+002
3.696000 3.000000e+002
3.698000 3.000000e+002
3.700000 3.000000e+002
3.702000 3.000000e+002
3.704000 3.000000e+002
3.706000 3.000000e+002
3.708000 3.000000e+002
3.710000 3.000000e+002
3.712000 3.000000e+002
3.714000 3.000000e+002
3.716000 3.000000e+002
3.718000 3.000000e+002
3.720000 3.000000e+002
3.722000 3.000000e+002
3.724000 3.000000e+002
3.726000 3.000000e+002
3.728000 3.000000e+002
3.730000 3.000000e+002
3.732000 3.000000e+002
3.734000 3.000000e+002
3.736000 3.000000e+002
3.738000 3.000000e+002
3.740000 3.000000e+002
3.742000 3.000000e+002
3.744000 3.000000e+002
3.746000 3.000000e+002
3.748000 3.000000e+002
3.750000 3.000000e+002
3.752000 3.000000e+002
3.754000 3.000000e+002
3.756000 3.000000e+002
3.758000 3.000000e+002
3.760000 3.000000e+002
3.762000 3.000000e+002
3.764000 3.000000e+002
3.766000 3.000000e+002
3.768000 3.000000e+002
3.770000 3.000000e+002
3.772000 3.000000e+002
3.774000 3.000000e+002
3.776000 3.000000e+002
3.778000 3.000000e+002
3.780000 3.000000e+002
3.782000 3.000000e+002
3.784000 3.000000e+002
3.786000 3.000000e+002
3.788000 3.000000e+002
3.790000 3.000000e+002
3.792000 3.000000e+002
3.794000 3.000000e+002
3.796000 3.000000e+002
3.798000 3.000000e+002
3.800000 3.000000e+002
3.802000 3.000000e+002
3.804000 3.000000e+002
3.806000 3.000000e+002
3.808000 3.000000e+002
3.810000 3.000000e+002
3.812000 3.000000e+002
3.814000 3.000000e+002
3.816000 3.000000e+002
3.818000 3.000000e+002
3.820000 3.000000e+002
3.822000 3.000000e+002
3.824000 3.000000e+002
3.826000 3.000000e+002
3.828000 3.000000e+002
3.830000 3.000000e+002
3.832000 3.000000e+002
3.834000 3.000000e+002
3.836000 3.000000e+002
3.838000 3.000000e+002
3.840000 3.000000e+002
3.842000 3.000000e+002
3.844000 3.000000e+002
3.846000 3.000000e+002
3.848000 3.000000e+002
3.850000 3.000000e+002
3.852000 3.000000e+002
3.854000 3.000000e+002
3.856000 3.000000e+002
3.858000 3.000000e+002
3.860000 3.000000e+002
3.862000 3.000000e+002
3.864000 3.000000e+002
3.866000 3.000000e+002
3.868000 3.000000e+002
3.870000 3.000000e+002
3.872000 3.000000e+002
3.874000 3.000000e+002
3.876000 3.000000e+002
3.878000 3.000000e+002
3.880000 3.000000e+002
3.882000 3.000000e+002
3.884000 3.000000e+002
3.886000 3.000000e+002
3.888000 3.000000e+002
3.890000 3.000000e+002
3.892000 3.000000e+002
3.894000 3.000000e+002
3.896000 3.000000e+002
3.898000 3.000000e+002
3.900000 3.000000e+002
3.902000 3.000000e+002
3.904000 3.000000e+002
3.906000 3.000000e+002
3.908000 3.000000e+002
3.910000 3.000000e+002
3.912000 3.000000e+002
3.914000 3.000000e+002
3.916000 3.000000e+002
3.918000 3.000000e+002
3.920000 3.000000e+002
3.922000 3.000000e+002
3.924000 3.000000e+002
3.926000 3.000000e+002
3.928000 3.000000e+002
3.930000 3.000000e+002
3.932000 3.000000e+002
3.934000 3.000000e+002
3.936000 3.000000e+002
3.938000 3.000000e+002
3.940000 3.000000e+002
3.942000 3.000000e+002
3.944000 3.000000e+002
3.946000 3.000000e+002
3.948000 3.000000e+002
3.950000 3.000000e+002
3.952000 3.000000e+002
3.954000 3.000000e+002
3.956000 3.000000e+002
3.958000 3.000000e+002
3.960000 3.000000e+002
3.962000 3.000000e+002
3.964000 3.000000e+002
3.966000 3.000000e+002
3.968000 3.000000e+002
3.970000 3.000000e+002
3.972000 3.000000e+002
3.974000 3.000000e+002
3.976000 3.000000e+002
3.978000 3.000000e+002
3.980000 3.000000e+002
3.982000 3.000000e+002
3.984000 3.000000e+002
3.986000 3.000000e+002
3.988000 3.000000e+002
3.990000 3.000000e+002
3.992000 3.000000e+002
3.994000 3.000000e+002
3.996000 3.000000e+002
3.998000 3.000000e+002
