0.000000 3.391823e+002
0.002000 3.435315e+002
0.004000 3.478794e+002
0.006000 3.522259e+002
0.008000 3.565708e+002
0.010000 3.609140e+002
0.012000 3.652555e+002
0.014000 3.695949e+002
0.016000 3.739323e+002
0.018000 3.782674e+002
0.020000 3.826003e+002
0.022000 3.869306e+002
0.024000 3.912583e+002
0.026000 3.955833e+002
0.028000 3.999054e+002
0.030000 4.042245e+002
0.032000 4.085405e+002
0.034000 4.128532e+002
0.036000 4.171625e+002
0.038000 4.214683e+002
0.040000 4.257705e+002
0.042000 4.300688e+002
0.044000 4.343633e+002
0.046000 4.386537e+002
0.048000 4.429400e+002
0.050000 4.472219e+002
0.052000 4.514995e+002
0.054000 4.557725e+002
0.056000 4.600408e+002
0.058000 4.643043e+002
0.060000 4.685628e+002
0.062000 4.728163e+002
0.064000 4.770646e+002
0.066000 4.813076e+002
0.068000 4.855452e+002
0.070000 4.897772e+002
0.072000 4.940035e+002
0.074000 4.982240e+002
0.076000 5.024385e+002
0.078000 5.066470e+002
0.080000 5.108492e+002
0.082000 5.150452e+002
0.084000 5.192347e+002
0.086000 5.234177e+002
0.088000 5.275939e+002
0.090000 5.317634e+002
0.092000 5.359259e+002
0.094000 5.400814e+002
0.096000 5.442296e+002
0.098000 5.483706e+002
0.100000 5.525042e+002
0.102000 5.566302e+002
0.104000 5.607486e+002
0.106000 5.648592e+002
0.108000 5.689619e+002
0.110000 5.730565e+002
0.112000 5.771431e+002
0.114000 5.812213e+002
0.116000 5.852912e+002
0.118000 5.893527e+002
0.120000 5.934055e+002
0.122000 5.974495e+002
0.124000 6.014848e+002
0.126000 6.055110e+002
0.128000 6.095283e+002
0.130000 6.135363e+002
0.132000 6.175350e+002
0.134000 6.215243e+002
0.136000 6.255041e+002
0.138000 6.294742e+002
0.140000 6.334346e+002
0.142000 6.373851e+002
0.144000 6.413257e+002
0.146000 6.452561e+002
0.148000 6.491764e+002
0.150000 6.530863e+002
0.152000 6.569858e+002
0.154000 6.608748e+002
0.156000 6.647532e+002
0.158000 6.686208e+002
0.160000 6.724776e+002
0.162000 6.763234e+002
0.164000 6.801582e+002
0.166000 6.839818e+002
0.168000 6.877941e+002
0.170000 6.915950e+002
0.172000 6.953845e+002
0.174000 6.991624e+002
0.176000 7.029286e+002
0.178000 7.066830e+002
0.180000 7.104255e+002
0.182000 7.141560e+002
0.184000 7.178744e+002
0.186000 7.215806e+002
0.188000 7.252745e+002
0.190000 7.289561e+002
0.192000 7.326251e+002
0.194000 7.362816e+002
0.196000 7.399254e+002
0.198000 7.435564e+002
0.200000 7.471745e+002
0.202000 7.507797e+002
0.204000 7.543717e+002
0.206000 7.579507e+002
0.208000 7.615164e+002
0.210000 7.650687e+002
0.212000 7.686076e+002
0.214000 7.721329e+002
0.216000 7.756447e+002
0.218000 7.791427e+002
0.220000 7.826270e+002
0.222000 7.860973e+002
0.224000 7.895537e+002
0.226000 7.929961e+002
0.228000 7.964242e+002
0.230000 7.998382e+002
0.232000 8.032378e+002
0.234000 8.066230e+002
0.236000 8.099938e+002
0.238000 8.133499e+002
0.240000 8.166914e+002
0.242000 8.200182e+002
0.244000 8.233302e+002
0.246000 8.266272e+002
0.248000 8.299093e+002
0.250000 8.331763e+002
0.252000 8.364282e+002
0.254000 8.396649e+002
0.256000 8.428863e+002
0.258000 8.460924e+002
0.260000 8.492830e+002
0.262000 8.524580e+002
0.264000 8.556175e+002
0.266000 8.587614e+002
0.268000 8.618895e+002
0.270000 8.650018e+002
0.272000 8.680982e+002
0.274000 8.711786e+002
0.276000 8.742431e+002
0.278000 8.772914e+002
0.280000 8.803236e+002
0.282000 8.833396e+002
0.284000 8.863393e+002
0.286000 8.893227e+002
0.288000 8.922896e+002
0.290000 8.952400e+002
0.292000 8.981739e+002
0.294000 9.010912e+002
0.296000 9.039918e+002
0.298000 9.068756e+002
0.300000 9.097427e+002
0.302000 9.125929e+002
0.304000 9.154262e+002
0.306000 9.182425e+002
0.308000 9.210418e+002
0.310000 9.238240e+002
0.312000 9.265890e+002
0.314000 9.293369e+002
0.316000 9.320674e+002
0.318000 9.347807e+002
0.320000 9.374766e+002
0.322000 9.401551e+002
0.324000 9.428162e+002
0.326000 9.454597e+002
0.328000 9.480856e+002
0.330000 9.506939e+002
0.332000 9.532846e+002
0.334000 9.558575e+002
0.336000 9.584127e+002
0.338000 9.609501e+002
0.340000 9.634696e+002
0.342000 9.659712e+002
0.344000 9.684548e+002
0.346000 9.709205e+002
0.348000 9.733682e+002
0.350000 9.757978e+002
0.352000 9.782092e+002
0.354000 9.806025e+002
0.356000 9.829776e+002
0.358000 9.853345e+002
0.360000 9.876732e+002
0.362000 9.899935e+002
0.364000 9.922954e+002
0.366000 9.945790e+002
0.368000 9.968442e+002
0.370000 9.990909e+002
0.372000 1.001319e+003
0.374000 1.003529e+003
0.376000 1.005720e+003
0.378000 1.007893e+003
0.380000 1.010047e+003
0.382000 1.012182e+003
0.384000 1.014299e+003
0.386000 1.016397e+003
0.388000 1.018476e+003
0.390000 1.020537e+003
0.392000 1.022578e+003
0.394000 1.024601e+003
0.396000 1.026605e+003
0.398000 1.028591e+003
0.400000 1.030557e+003
0.402000 1.032505e+003
0.404000 1.034433e+003
0.406000 1.036343e+003
0.408000 1.038234e+003
0.410000 1.040105e+003
0.412000 1.041958e+003
0.414000 1.043792e+003
0.416000 1.045607e+003
0.418000 1.047402e+003
0.420000 1.049179e+003
0.422000 1.050937e+003
0.424000 1.052675e+003
0.426000 1.054394e+003
0.428000 1.056095e+003
0.430000 1.057776e+003
0.432000 1.059438e+003
0.434000 1.061081e+003
0.436000 1.062705e+003
0.438000 1.064309e+003
0.440000 1.065895e+003
0.442000 1.067461e+003
0.444000 1.069008e+003
0.446000 1.070536e+003
0.448000 1.072044e+003
0.450000 1.073534e+003
0.452000 1.075004e+003
0.454000 1.076455e+003
0.456000 1.077887e+003
0.458000 1.079300e+003
0.460000 1.080693e+003
0.462000 1.082067e+003
0.464000 1.083423e+003
0.466000 1.084758e+003
0.468000 1.086075e+003
0.470000 1.087372e+003
0.472000 1.088651e+003
0.474000 1.089910e+003
0.476000 1.091150e+003
0.478000 1.092370e+003
0.480000 1.093572e+003
0.482000 1.094754e+003
0.484000 1.095917e+003
0.486000 1.097061e+003
0.488000 1.098186e+003
0.490000 1.099292e+003
0.492000 1.100379e+003
0.494000 1.101446e+003
0.496000 1.102495e+003
0.498000 1.103524e+003
0.500000 1.104534e+003
0.502000 1.105526e+003
0.504000 1.106498e+003
0.506000 1.107451e+003
0.508000 1.108385e+003
0.510000 1.109300e+003
0.512000 1.110197e+003
0.514000 1.111074e+003
0.516000 1.111932e+003
0.518000 1.112771e+003
0.520000 1.113592e+003
0.522000 1.114393e+003
0.524000 1.115176e+003
0.526000 1.115940e+003
0.528000 1.116685e+003
0.530000 1.117411e+003
0.532000 1.118119e+003
0.534000 1.118807e+003
0.536000 1.119477e+003
0.538000 1.120129e+003
0.540000 1.120761e+003
0.542000 1.121375e+003
0.544000 1.121971e+003
0.546000 1.122548e+003
0.548000 1.123106e+003
0.550000 1.123646e+003
0.552000 1.124167e+003
0.554000 1.124670e+003
0.556000 1.125154e+003
0.558000 1.125620e+003
0.560000 1.126067e+003
0.562000 1.126497e+003
0.564000 1.126907e+003
0.566000 1.127300e+003
0.568000 1.127674e+003
0.570000 1.128031e+003
0.572000 1.128369e+003
0.574000 1.128689e+003
0.576000 1.128990e+003
0.578000 1.129274e+003
0.580000 1.129540e+003
0.582000 1.129788e+003
0.584000 1.130017e+003
0.586000 1.130229e+003
0.588000 1.130423e+003
0.590000 1.130599e+003
0.592000 1.130758e+003
0.594000 1.130899e+003
0.596000 1.131022e+003
0.598000 1.131127e+003
0.600000 1.131215e+003
0.602000 1.131285e+003
0.604000 1.131338e+003
0.606000 1.131373e+003
0.608000 1.131391e+003
0.610000 1.131391e+003
0.612000 1.131374e+003
0.614000 1.131340e+003
0.616000 1.131288e+003
0.618000 1.131220e+003
0.620000 1.131134e+003
0.622000 1.131031e+003
0.624000 1.130911e+003
0.626000 1.130774e+003
0.628000 1.130620e+003
0.630000 1.130449e+003
0.632000 1.130262e+003
0.634000 1.130058e+003
0.636000 1.129836e+003
0.638000 1.129599e+003
0.640000 1.129344e+003
0.642000 1.129073e+003
0.644000 1.128786e+003
0.646000 1.128482e+003
0.648000 1.128161e+003
0.650000 1.127825e+003
0.652000 1.127471e+003
0.654000 1.127102e+003
0.656000 1.126717e+003
0.658000 1.126315e+003
0.660000 1.125898e+003
0.662000 1.125464e+003
0.664000 1.125014e+003
0.666000 1.124549e+003
0.668000 1.124067e+003
0.670000 1.123570e+003
0.672000 1.123058e+003
0.674000 1.122529e+003
0.676000 1.121985e+003
0.678000 1.121426e+003
0.680000 1.120851e+003
0.682000 1.120260e+003
0.684000 1.119654e+003
0.686000 1.119033e+003
0.688000 1.118397e+003
0.690000 1.117746e+003
0.692000 1.117079e+003
0.694000 1.116398e+003
0.696000 1.115702e+003
0.698000 1.114990e+003
0.700000 1.114264e+003
0.702000 1.113523e+003
0.704000 1.112768e+003
0.706000 1.111998e+003
0.708000 1.111213e+003
0.710000 1.110414e+003
0.712000 1.109600e+003
0.714000 1.108772e+003
0.716000 1.107930e+003
0.718000 1.107074e+003
0.720000 1.106203e+003
0.722000 1.105319e+003
0.724000 1.104420e+003
0.726000 1.103508e+003
0.728000 1.102581e+003
0.730000 1.101641e+003
0.732000 1.100687e+003
0.734000 1.099720e+003
0.736000 1.098739e+003
0.738000 1.097744e+003
0.740000 1.096736e+003
0.742000 1.095715e+003
0.744000 1.094681e+003
0.746000 1.093633e+003
0.748000 1.092572e+003
0.750000 1.091498e+003
0.752000 1.090411e+003
0.754000 1.089311e+003
0.756000 1.088199e+003
0.758000 1.087073e+003
0.760000 1.085935e+003
0.762000 1.084785e+003
0.764000 1.083622e+003
0.766000 1.082446e+003
0.768000 1.081258e+003
0.770000 1.080058e+003
0.772000 1.078845e+003
0.774000 1.077621e+003
0.776000 1.076384e+003
0.778000 1.075135e+003
0.780000 1.073875e+003
0.782000 1.072602e+003
0.784000 1.071318e+003
0.786000 1.070022e+003
0.788000 1.068715e+003
0.790000 1.067396e+003
0.792000 1.066066e+003
0.794000 1.064724e+003
0.796000 1.063371e+003
0.798000 1.062007e+003
0.800000 1.060632e+003
0.802000 1.059246e+003
0.804000 1.057848e+003
0.806000 1.056440e+003
0.808000 1.055021e+003
0.810000 1.053592e+003
0.812000 1.052152e+003
0.814000 1.050701e+003
0.816000 1.049240e+003
0.818000 1.047768e+003
0.820000 1.046286e+003
0.822000 1.044794e+003
0.824000 1.043292e+003
0.826000 1.041780e+003
0.828000 1.040257e+003
0.830000 1.038725e+003
0.832000 1.037183e+003
0.834000 1.035632e+003
0.836000 1.034070e+003
0.838000 1.032499e+003
0.840000 1.030919e+003
0.842000 1.029329e+003
0.844000 1.027730e+003
0.846000 1.026122e+003
0.848000 1.024505e+003
0.850000 1.022878e+003
0.852000 1.021243e+003
0.854000 1.019598e+003
0.856000 1.017945e+003
0.858000 1.016283e+003
0.860000 1.014613e+003
0.862000 1.012934e+003
0.864000 1.011246e+003
0.866000 1.009550e+003
0.868000 1.007846e+003
0.870000 1.006134e+003
0.872000 1.004413e+003
0.874000 1.002685e+003
0.876000 1.000948e+003
0.878000 9.992038e+002
0.880000 9.974516e+002
0.882000 9.956917e+002
0.884000 9.939241e+002
0.886000 9.921491e+002
0.888000 9.903665e+002
0.890000 9.885766e+002
0.892000 9.867794e+002
0.894000 9.849751e+002
0.896000 9.831636e+002
0.898000 9.813450e+002
0.900000 9.795195e+002
0.902000 9.776872e+002
0.904000 9.758481e+002
0.906000 9.740023e+002
0.908000 9.721499e+002
0.910000 9.702909e+002
0.912000 9.684256e+002
0.914000 9.665539e+002
0.916000 9.646759e+002
0.918000 9.627917e+002
0.920000 9.609014e+002
0.922000 9.590051e+002
0.924000 9.571029e+002
0.926000 9.551949e+002
0.928000 9.532810e+002
0.930000 9.513615e+002
0.932000 9.494364e+002
0.934000 9.475059e+002
0.936000 9.455698e+002
0.938000 9.436285e+002
0.940000 9.416819e+002
0.942000 9.397301e+002
0.944000 9.377732e+002
0.946000 9.358113e+002
0.948000 9.338445e+002
0.950000 9.318729e+002
0.952000 9.298965e+002
0.954000 9.279154e+002
0.956000 9.259298e+002
0.958000 9.239396e+002
0.960000 9.219450e+002
0.962000 9.199461e+002
0.964000 9.179429e+002
0.966000 9.159356e+002
0.968000 9.139242e+002
0.970000 9.119087e+002
0.972000 9.098894e+002
0.974000 9.078661e+002
0.976000 9.058392e+002
0.978000 9.038085e+002
0.980000 9.017743e+002
0.982000 8.997365e+002
0.984000 8.976953e+002
0.986000 8.956508e+002
0.988000 8.936029e+002
0.990000 8.915519e+002
0.992000 8.894978e+002
0.994000 8.874407e+002
0.996000 8.853805e+002
0.998000 8.833176e+002
1.000000 8.812518e+002
1.002000 8.791833e+002
1.004000 8.771122e+002
1.006000 8.750386e+002
1.008000 8.729625e+002
1.010000 8.708839e+002
1.012000 8.688031e+002
1.014000 8.667200e+002
1.016000 8.646348e+002
1.018000 8.625475e+002
1.020000 8.604582e+002
1.022000 8.583670e+002
1.024000 8.562740e+002
1.026000 8.541791e+002
1.028000 8.520826e+002
1.030000 8.499845e+002
1.032000 8.478848e+002
1.034000 8.457837e+002
1.036000 8.436812e+002
1.038000 8.415774e+002
1.040000 8.394723e+002
1.042000 8.373661e+002
1.044000 8.352589e+002
1.046000 8.331506e+002
1.048000 8.310414e+002
1.050000 8.289313e+002
1.052000 8.268204e+002
1.054000 8.247089e+002
1.056000 8.225967e+002
1.058000 8.204839e+002
1.060000 8.183707e+002
1.062000 8.162570e+002
1.064000 8.141430e+002
1.066000 8.120288e+002
1.068000 8.099143e+002
1.070000 8.077997e+002
1.072000 8.056850e+002
1.074000 8.035704e+002
1.076000 8.014559e+002
1.078000 7.993415e+002
1.080000 7.972273e+002
1.082000 7.951135e+002
1.084000 7.930000e+002
1.086000 7.908869e+002
1.088000 7.887744e+002
1.090000 7.866624e+002
1.092000 7.845511e+002
1.094000 7.824404e+002
1.096000 7.803306e+002
1.098000 7.782216e+002
1.100000 7.761135e+002
1.102000 7.740064e+002
1.104000 7.719003e+002
1.106000 7.697954e+002
1.108000 7.676916e+002
1.110000 7.655891e+002
1.112000 7.634879e+002
1.114000 7.613880e+002
1.116000 7.592896e+002
1.118000 7.571927e+002
1.120000 7.550974e+002
1.122000 7.530037e+002
1.124000 7.509117e+002
1.126000 7.488214e+002
1.128000 7.467329e+002
1.130000 7.446464e+002
1.132000 7.425617e+002
1.134000 7.404791e+002
1.136000 7.383985e+002
1.138000 7.363201e+002
1.140000 7.342438e+002
1.142000 7.321698e+002
1.144000 7.300981e+002
1.146000 7.280287e+002
1.148000 7.259617e+002
1.150000 7.238973e+002
1.152000 7.218353e+002
1.154000 7.197760e+002
1.156000 7.177193e+002
1.158000 7.156653e+002
1.160000 7.136141e+002
1.162000 7.115656e+002
1.164000 7.095201e+002
1.166000 7.074775e+002
1.168000 7.054378e+002
1.170000 7.034012e+002
1.172000 7.013677e+002
1.174000 6.993374e+002
1.176000 6.973102e+002
1.178000 6.952863e+002
1.180000 6.932656e+002
1.182000 6.912484e+002
1.184000 6.892345e+002
1.186000 6.872241e+002
1.188000 6.852172e+002
1.190000 6.832139e+002
1.192000 6.812141e+002
1.194000 6.792180e+002
1.196000 6.772256e+002
1.198000 6.752370e+002
1.200000 6.732522e+002
1.202000 6.712712e+002
1.204000 6.692941e+002
1.206000 6.673210e+002
1.208000 6.653518e+002
1.210000 6.633867e+002
1.212000 6.614256e+002
1.214000 6.594687e+002
1.216000 6.575160e+002
1.218000 6.555674e+002
1.220000 6.536232e+002
1.222000 6.516832e+002
1.224000 6.497476e+002
1.226000 6.478163e+002
1.228000 6.458895e+002
1.230000 6.439672e+002
1.232000 6.420493e+002
1.234000 6.401361e+002
1.236000 6.382274e+002
1.238000 6.363233e+002
1.240000 6.344239e+002
1.242000 6.325293e+002
1.244000 6.306394e+002
1.246000 6.287542e+002
1.248000 6.268739e+002
1.250000 6.249985e+002
1.252000 6.231280e+002
1.254000 6.212624e+002
1.256000 6.194018e+002
1.258000 6.175462e+002
1.260000 6.156956e+002
1.262000 6.138501e+002
1.264000 6.120097e+002
1.266000 6.101745e+002
1.268000 6.083445e+002
1.270000 6.065197e+002
1.272000 6.047001e+002
1.274000 6.028858e+002
1.276000 6.010768e+002
1.278000 5.992732e+002
1.280000 5.974749e+002
1.282000 5.956820e+002
1.284000 5.938946e+002
1.286000 5.921126e+002
1.288000 5.903361e+002
1.290000 5.885652e+002
1.292000 5.867998e+002
1.294000 5.850400e+002
1.296000 5.832857e+002
1.298000 5.815372e+002
1.300000 5.797942e+002
1.302000 5.780570e+002
1.304000 5.763254e+002
1.306000 5.745997e+002
1.308000 5.728796e+002
1.310000 5.711654e+002
1.312000 5.694569e+002
1.314000 5.677543e+002
1.316000 5.660576e+002
1.318000 5.643667e+002
1.320000 5.626817e+002
1.322000 5.610027e+002
1.324000 5.593296e+002
1.326000 5.576624e+002
1.328000 5.560013e+002
1.330000 5.543462e+002
1.332000 5.526970e+002
1.334000 5.510540e+002
1.336000 5.494170e+002
1.338000 5.477860e+002
1.340000 5.461612e+002
1.342000 5.445425e+002
1.344000 5.429300e+002
1.346000 5.413236e+002
1.348000 5.397233e+002
1.350000 5.381293e+002
1.352000 5.365414e+002
1.354000 5.349598e+002
1.356000 5.333844e+002
1.358000 5.318152e+002
1.360000 5.302523e+002
1.362000 5.286957e+002
1.364000 5.271454e+002
1.366000 5.256014e+002
1.368000 5.240636e+002
1.370000 5.225323e+002
1.372000 5.210072e+002
1.374000 5.194885e+002
1.376000 5.179762e+002
1.378000 5.164702e+002
1.380000 5.149706e+002
1.382000 5.134774e+002
1.384000 5.119906e+002
1.386000 5.105102e+002
1.388000 5.090362e+002
1.390000 5.075686e+002
1.392000 5.061075e+002
1.394000 5.046528e+002
1.396000 5.032046e+002
1.398000 5.017628e+002
1.400000 5.003275e+002
1.402000 4.988986e+002
1.404000 4.974763e+002
1.406000 4.960604e+002
1.408000 4.946509e+002
1.410000 4.932480e+002
1.412000 4.918516e+002
1.414000 4.904616e+002
1.416000 4.890782e+002
1.418000 4.877012e+002
1.420000 4.863308e+002
1.422000 4.849669e+002
1.424000 4.836094e+002
1.426000 4.822585e+002
1.428000 4.809141e+002
1.430000 4.795762e+002
1.432000 4.782449e+002
1.434000 4.769200e+002
1.436000 4.756017e+002
1.438000 4.742898e+002
1.440000 4.729845e+002
1.442000 4.716857e+002
1.444000 4.703934e+002
1.446000 4.691077e+002
1.448000 4.678284e+002
1.450000 4.665556e+002
1.452000 4.652894e+002
1.454000 4.640296e+002
1.456000 4.627763e+002
1.458000 4.615296e+002
1.460000 4.602893e+002
1.462000 4.590555e+002
1.464000 4.578282e+002
1.466000 4.566073e+002
1.468000 4.553930e+002
1.470000 4.541851e+002
1.472000 4.529836e+002
1.474000 4.517886e+002
1.476000 4.506001e+002
1.478000 4.494180e+002
1.480000 4.482424e+002
1.482000 4.470731e+002
1.484000 4.459103e+002
1.486000 4.447539e+002
1.488000 4.436039e+002
1.490000 4.424604e+002
1.492000 4.413232e+002
1.494000 4.401923e+002
1.496000 4.390679e+002
1.498000 4.379498e+002
1.500000 4.368381e+002
1.502000 4.357327e+002
1.504000 4.346336e+002
1.506000 4.335409e+002
1.508000 4.324545e+002
1.510000 4.313744e+002
1.512000 4.303005e+002
1.514000 4.292330e+002
1.516000 4.281717e+002
1.518000 4.271167e+002
1.520000 4.260679e+002
1.522000 4.250254e+002
1.524000 4.239891e+002
1.526000 4.229589e+002
1.528000 4.219350e+002
1.530000 4.209173e+002
1.532000 4.199057e+002
1.534000 4.189003e+002
1.536000 4.179010e+002
1.538000 4.169078e+002
1.540000 4.159208e+002
1.542000 4.149399e+002
1.544000 4.139650e+002
1.546000 4.129962e+002
1.548000 4.120335e+002
1.550000 4.110768e+002
1.552000 4.101261e+002
1.554000 4.091815e+002
1.556000 4.082428e+002
1.558000 4.073101e+002
1.560000 4.063834e+002
1.562000 4.054626e+002
1.564000 4.045477e+002
1.566000 4.036388e+002
1.568000 4.027357e+002
1.570000 4.018385e+002
1.572000 4.009472e+002
1.574000 4.000617e+002
1.576000 3.991820e+002
1.578000 3.983082e+002
1.580000 3.974401e+002
1.582000 3.965778e+002
1.584000 3.957213e+002
1.586000 3.948705e+002
1.588000 3.940254e+002
1.590000 3.931860e+002
1.592000 3.923523e+002
1.594000 3.915243e+002
1.596000 3.907018e+002
1.598000 3.898851e+002
1.600000 3.890739e+002
1.602000 3.882683e+002
1.604000 3.874682e+002
1.606000 3.866737e+002
1.608000 3.858847e+002
1.610000 3.851013e+002
1.612000 3.843233e+002
1.614000 3.835507e+002
1.616000 3.827837e+002
1.618000 3.820220e+002
1.620000 3.812657e+002
1.622000 3.805149e+002
1.624000 3.797693e+002
1.626000 3.790292e+002
1.628000 3.782943e+002
1.630000 3.775647e+002
1.632000 3.768404e+002
1.634000 3.761214e+002
1.636000 3.754076e+002
1.638000 3.746990e+002
1.640000 3.739956e+002
1.642000 3.732974e+002
1.644000 3.726043e+002
1.646000 3.719163e+002
1.648000 3.712335e+002
1.650000 3.705557e+002
1.652000 3.698830e+002
1.654000 3.692153e+002
1.656000 3.685526e+002
1.658000 3.678950e+002
1.660000 3.672423e+002
1.662000 3.665945e+002
1.664000 3.659517e+002
1.666000 3.653138e+002
1.668000 3.646807e+002
1.670000 3.640525e+002
1.672000 3.634292e+002
1.674000 3.628106e+002
1.676000 3.621969e+002
1.678000 3.615879e+002
1.680000 3.609836e+002
1.682000 3.603841e+002
1.684000 3.597893e+002
1.686000 3.591991e+002
1.688000 3.586136e+002
1.690000 3.580328e+002
1.692000 3.574565e+002
1.694000 3.568848e+002
1.696000 3.563177e+002
1.698000 3.557551e+002
1.700000 3.551970e+002
1.702000 3.546435e+002
1.704000 3.540943e+002
1.706000 3.535497e+002
1.708000 3.530094e+002
1.710000 3.524735e+002
1.712000 3.519420e+002
1.714000 3.514149e+002
1.716000 3.508921e+002
1.718000 3.503736e+002
1.720000 3.498593e+002
1.722000 3.493494e+002
1.724000 3.488436e+002
1.726000 3.483421e+002
1.728000 3.478447e+002
1.730000 3.473515e+002
1.732000 3.468625e+002
1.734000 3.463775e+002
1.736000 3.458967e+002
1.738000 3.454199e+002
1.740000 3.449472e+002
1.742000 3.444785e+002
1.744000 3.440137e+002
1.746000 3.435530e+002
1.748000 3.430962e+002
1.750000 3.426433e+002
1.752000 3.421944e+002
1.754000 3.417493e+002
1.756000 3.413081e+002
1.758000 3.408707e+002
1.760000 3.404371e+002
1.762000 3.400073e+002
1.764000 3.395813e+002
1.766000 3.391590e+002
1.768000 3.387405e+002
1.770000 3.383256e+002
1.772000 3.379144e+002
1.774000 3.375069e+002
1.776000 3.371030e+002
1.778000 3.367027e+002
1.780000 3.363059e+002
1.782000 3.359128e+002
1.784000 3.355231e+002
1.786000 3.351370e+002
1.788000 3.347543e+002
1.790000 3.343752e+002
1.792000 3.339994e+002
1.794000 3.336271e+002
1.796000 3.332582e+002
1.798000 3.328927e+002
1.800000 3.325305e+002
1.802000 3.321717e+002
1.804000 3.318161e+002
1.806000 3.314639e+002
1.808000 3.311149e+002
1.810000 3.307692e+002
1.812000 3.304266e+002
1.814000 3.300873e+002
1.816000 3.297512e+002
1.818000 3.294182e+002
1.820000 3.290883e+002
1.822000 3.287615e+002
1.824000 3.284379e+002
1.826000 3.281173e+002
1.828000 3.277997e+002
1.830000 3.274852e+002
1.832000 3.271736e+002
1.834000 3.268651e+002
1.836000 3.265595e+002
1.838000 3.262568e+002
1.840000 3.259571e+002
1.842000 3.256602e+002
1.844000 3.253663e+002
1.846000 3.250752e+002
1.848000 3.247869e+002
1.850000 3.245014e+002
1.852000 3.242187e+002
1.854000 3.239388e+002
1.856000 3.236616e+002
1.858000 3.233872e+002
1.860000 3.231154e+002
1.862000 3.228464e+002
1.864000 3.225800e+002
1.866000 3.223163e+002
1.868000 3.220552e+002
1.870000 3.217967e+002
1.872000 3.215407e+002
1.874000 3.212874e+002
1.876000 3.210366e+002
1.878000 3.207883e+002
1.880000 3.205425e+002
1.882000 3.202992e+002
1.884000 3.200584e+002
1.886000 3.198200e+002
1.888000 3.195841e+002
1.890000 3.193506e+002
1.892000 3.191194e+002
1.894000 3.188906e+002
1.896000 3.186642e+002
1.898000 3.184401e+002
1.900000 3.182183e+002
1.902000 3.179988e+002
1.904000 3.177816e+002
1.906000 3.175667e+002
1.908000 3.173540e+002
1.910000 3.171435e+002
1.912000 3.169352e+002
1.914000 3.167291e+002
1.916000 3.165251e+002
1.918000 3.163233e+002
1.920000 3.161237e+002
1.922000 3.159261e+002
1.924000 3.157307e+002
1.926000 3.155373e+002
1.928000 3.153460e+002
1.930000 3.151567e+002
1.932000 3.149694e+002
1.934000 3.147841e+002
1.936000 3.146009e+002
1.938000 3.144196e+002
1.940000 3.142402e+002
1.942000 3.140628e+002
1.944000 3.138874e+002
1.946000 3.137138e+002
1.948000 3.135421e+002
1.950000 3.133723e+002
1.952000 3.132043e+002
1.954000 3.130382e+002
1.956000 3.128739e+002
1.958000 3.127114e+002
1.960000 3.125507e+002
1.962000 3.123917e+002
1.964000 3.122346e+002
1.966000 3.120791e+002
1.968000 3.119254e+002
1.970000 3.117734e+002
1.972000 3.116231e+002
1.974000 3.114745e+002
1.976000 3.113275e+002
1.978000 3.111822e+002
1.980000 3.110385e+002
1.982000 3.108964e+002
1.984000 3.107560e+002
1.986000 3.106171e+002
1.988000 3.104798e+002
1.990000 3.103441e+002
1.992000 3.102099e+002
1.994000 3.100772e+002
1.996000 3.099461e+002
1.998000 3.098164e+002
2.000000 3.096882e+002
2.002000 3.095615e+002
2.004000 3.094363e+002
2.006000 3.093125e+002
2.008000 3.091902e+002
2.010000 3.090692e+002
2.012000 3.089497e+002
2.014000 3.088316e+002
2.016000 3.087148e+002
2.018000 3.085994e+002
2.020000 3.084853e+002
2.022000 3.083726e+002
2.024000 3.082612e+002
2.026000 3.081511e+002
2.028000 3.080423e+002
2.030000 3.079348e+002
2.032000 3.078286e+002
2.034000 3.077236e+002
2.036000 3.076199e+002
2.038000 3.075174e+002
2.040000 3.074162e+002
2.042000 3.073161e+002
2.044000 3.072173e+002
2.046000 3.071196e+002
2.048000 3.070231e+002
2.050000 3.069278e+002
2.052000 3.068336e+002
2.054000 3.067405e+002
2.056000 3.066486e+002
2.058000 3.065578e+002
2.060000 3.064681e+002
2.062000 3.063795e+002
2.064000 3.062920e+002
2.066000 3.062055e+002
2.068000 3.061201e+002
2.070000 3.060357e+002
2.072000 3.059524e+002
2.074000 3.058701e+002
2.076000 3.057889e+002
2.078000 3.057086e+002
2.080000 3.056293e+002
2.082000 3.055510e+002
2.084000 3.054737e+002
2.086000 3.053974e+002
2.088000 3.053219e+002
2.090000 3.052475e+002
2.092000 3.051740e+002
2.094000 3.051013e+002
2.096000 3.050297e+002
2.098000 3.049589e+002
2.100000 3.048890e+002
2.102000 3.048199e+002
2.104000 3.047518e+002
2.106000 3.046845e+002
2.108000 3.046181e+002
2.110000 3.045525e+002
2.112000 3.044878e+002
2.114000 3.044239e+002
2.116000 3.043608e+002
2.118000 3.042985e+002
2.120000 3.042370e+002
2.122000 3.041763e+002
2.124000 3.041164e+002
2.126000 3.040572e+002
2.128000 3.039988e+002
2.130000 3.039412e+002
2.132000 3.038844e+002
2.134000 3.038282e+002
2.136000 3.037728e+002
2.138000 3.037181e+002
2.140000 3.036642e+002
2.142000 3.036109e+002
2.144000 3.035583e+002
2.146000 3.035065e+002
2.148000 3.034553e+002
2.150000 3.034048e+002
2.152000 3.033549e+002
2.154000 3.033057e+002
2.156000 3.032572e+002
2.158000 3.032093e+002
2.160000 3.031621e+002
2.162000 3.031154e+002
2.164000 3.030694e+002
2.166000 3.030240e+002
2.168000 3.029793e+002
2.170000 3.029351e+002
2.172000 3.028915e+002
2.174000 3.028485e+002
2.176000 3.028061e+002
2.178000 3.027642e+002
2.180000 3.027229e+002
2.182000 3.026822e+002
2.184000 3.026420e+002
2.186000 3.026024e+002
2.188000 3.025633e+002
2.190000 3.025248e+002
2.192000 3.024868e+002
2.194000 3.024492e+002
2.196000 3.024123e+002
2.198000 3.023758e+002
2.200000 3.023398e+002
2.202000 3.023043e+002
2.204000 3.022693e+002
2.206000 3.022348e+002
2.208000 3.022008e+002
2.210000 3.021672e+002
2.212000 3.021341e+002
2.214000 3.021015e+002
2.216000 3.020693e+002
2.218000 3.020376e+002
2.220000 3.020063e+002
2.222000 3.019754e+002
2.224000 3.019450e+002
2.226000 3.019150e+002
2.228000 3.018854e+002
2.230000 3.018563e+002
2.232000 3.018275e+002
2.234000 3.017992e+002
2.236000 3.017713e+002
2.238000 3.017437e+002
2.240000 3.017166e+002
2.242000 3.016898e+002
2.244000 3.016635e+002
2.246000 3.016375e+002
2.248000 3.016118e+002
2.250000 3.015866e+002
2.252000 3.015617e+002
2.254000 3.015371e+002
2.256000 3.015129e+002
2.258000 3.014891e+002
2.260000 3.014656e+002
2.262000 3.014425e+002
2.264000 3.014196e+002
2.266000 3.013971e+002
2.268000 3.013750e+002
2.270000 3.013531e+002
2.272000 3.013316e+002
2.274000 3.013104e+002
2.276000 3.012895e+002
2.278000 3.012689e+002
2.280000 3.012486e+002
2.282000 3.012286e+002
2.284000 3.012089e+002
2.286000 3.011895e+002
2.288000 3.011704e+002
2.290000 3.011516e+002
2.292000 3.011330e+002
2.294000 3.011147e+002
2.296000 3.010967e+002
2.298000 3.010790e+002
2.300000 3.010615e+002
2.302000 3.010443e+002
2.304000 3.010273e+002
2.306000 3.010106e+002
2.308000 3.009941e+002
2.310000 3.009779e+002
2.312000 3.009619e+002
2.314000 3.009462e+002
2.316000 3.009307e+002
2.318000 3.009155e+002
2.320000 3.009004e+002
2.322000 3.008856e+002
2.324000 3.008711e+002
2.326000 3.008567e+002
2.328000 3.008426e+002
2.330000 3.008287e+002
2.332000 3.008149e+002
2.334000 3.008015e+002
2.336000 3.007882e+002
2.338000 3.007751e+002
2.340000 3.007622e+002
2.342000 3.007495e+002
2.344000 3.007370e+002
2.346000 3.007247e+002
2.348000 3.007126e+002
2.350000 3.007007e+002
2.352000 3.006889e+002
2.354000 3.006774e+002
2.356000 3.006660e+002
2.358000 3.006548e+002
2.360000 3.006438e+002
2.362000 3.006329e+002
2.364000 3.006222e+002
2.366000 3.006117e+002
2.368000 3.006014e+002
2.370000 3.005912e+002
2.372000 3.005811e+002
2.374000 3.005713e+002
2.376000 3.005615e+002
2.378000 3.005520e+002
2.380000 3.005426e+002
2.382000 3.005333e+002
2.384000 3.005242e+002
2.386000 3.005152e+002
2.388000 3.005064e+002
2.390000 3.004977e+002
2.392000 3.004891e+002
2.394000 3.004807e+002
2.396000 3.004724e+002
2.398000 3.004643e+002
2.400000 3.004563e+002
2.402000 3.004484e+002
2.404000 3.004406e+002
2.406000 3.004330e+002
2.408000 3.004255e+002
2.410000 3.004181e+002
2.412000 3.004108e+002
2.414000 3.004037e+002
2.416000 3.003966e+002
2.418000 3.003897e+002
2.420000 3.003829e+002
2.422000 3.003762e+002
2.424000 3.003696e+002
2.426000 3.003631e+002
2.428000 3.003567e+002
2.430000 3.003505e+002
2.432000 3.003443e+002
2.434000 3.003382e+002
2.436000 3.003322e+002
2.438000 3.003264e+002
2.440000 3.003206e+002
2.442000 3.003149e+002
2.444000 3.003093e+002
2.446000 3.003038e+002
2.448000 3.002984e+002
2.450000 3.002931e+002
2.452000 3.002879e+002
2.454000 3.002828e+002
2.456000 3.002777e+002
2.458000 3.002728e+002
2.460000 3.002679e+002
2.462000 3.002631e+002
2.464000 3.002583e+002
2.466000 3.002537e+002
2.468000 3.002491e+002
2.470000 3.002446e+002
2.472000 3.002402e+002
2.474000 3.002359e+002
2.476000 3.002316e+002
2.478000 3.002274e+002
2.480000 3.002233e+002
2.482000 3.002193e+002
2.484000 3.002153e+002
2.486000 3.002114e+002
2.488000 3.002075e+002
2.490000 3.002037e+002
2.492000 3.002000e+002
2.494000 3.001964e+002
2.496000 3.001928e+002
2.498000 3.001892e+002
2.500000 3.001858e+002
2.502000 3.001824e+002
2.504000 3.001790e+002
2.506000 3.001757e+002
2.508000 3.001725e+002
2.510000 3.001693e+002
2.512000 3.001662e+002
2.514000 3.001631e+002
2.516000 3.001601e+002
2.518000 3.001571e+002
2.520000 3.001542e+002
2.522000 3.001513e+002
2.524000 3.001485e+002
2.526000 3.001458e+002
2.528000 3.001430e+002
2.530000 3.001404e+002
2.532000 3.001378e+002
2.534000 3.001352e+002
2.536000 3.001326e+002
2.538000 3.001302e+002
2.540000 3.001277e+002
2.542000 3.001253e+002
2.544000 3.001230e+002
2.546000 3.001206e+002
2.548000 3.001184e+002
2.550000 3.001161e+002
2.552000 3.001139e+002
2.554000 3.001118e+002
2.556000 3.001097e+002
2.558000 3.001076e+002
2.560000 3.001055e+002
2.562000 3.001035e+002
2.564000 3.001016e+002
2.566000 3.000996e+002
2.568000 3.000977e+002
2.570000 3.000959e+002
2.572000 3.000940e+002
2.574000 3.000922e+002
2.576000 3.000905e+002
2.578000 3.000887e+002
2.580000 3.000870e+002
2.582000 3.000854e+002
2.584000 3.000837e+002
2.586000 3.000821e+002
2.588000 3.000805e+002
2.590000 3.000790e+002
2.592000 3.000774e+002
2.594000 3.000759e+002
2.596000 3.000745e+002
2.598000 3.000730e+002
2.600000 3.000716e+002
2.602000 3.000702e+002
2.604000 3.000689e+002
2.606000 3.000675e+002
2.608000 3.000662e+002
2.610000 3.000649e+002
2.612000 3.000636e+002
2.614000 3.000624e+002
2.616000 3.000612e+002
2.618000 3.000600e+002
2.620000 3.000588e+002
2.622000 3.000576e+002
2.624000 3.000565e+002
2.626000 3.000554e+002
2.628000 3.000543e+002
2.630000 3.000532e+002
2.632000 3.000522e+002
2.634000 3.000511e+002
2.636000 3.000501e+002
2.638000 3.000491e+002
2.640000 3.000482e+002
2.642000 3.000472e+002
2.644000 3.000463e+002
2.646000 3.000453e+002
2.648000 3.000444e+002
2.650000 3.000436e+002
2.652000 3.000427e+002
2.654000 3.000418e+002
2.656000 3.000410e+002
2.658000 3.000402e+002
2.660000 3.000394e+002
2.662000 3.000386e+002
2.664000 3.000378e+002
2.666000 3.000370e+002
2.668000 3.000363e+002
2.670000 3.000356e+002
2.672000 3.000348e+002
2.674000 3.000341e+002
2.676000 3.000335e+002
2.678000 3.000328e+002
2.680000 3.000321e+002
2.682000 3.000315e+002
2.684000 3.000308e+002
2.686000 3.000302e+002
2.688000 3.000296e+002
2.690000 3.000290e+002
2.692000 3.000284e+002
2.694000 3.000278e+002
2.696000 3.000272e+002
2.698000 3.000267e+002
2.700000 3.000261e+002
2.702000 3.000256e+002
2.704000 3.000251e+002
2.706000 3.000246e+002
2.708000 3.000241e+002
2.710000 3.000236e+002
2.712000 3.000231e+002
2.714000 3.000226e+002
2.716000 3.000221e+002
2.718000 3.000217e+002
2.720000 3.000212e+002
2.722000 3.000208e+002
2.724000 3.000203e+002
2.726000 3.000199e+002
2.728000 3.000195e+002
2.730000 3.000191e+002
2.732000 3.000187e+002
2.734000 3.000183e+002
2.736000 3.000179e+002
2.738000 3.000176e+002
2.740000 3.000172e+002
2.742000 3.000168e+002
2.744000 3.000165e+002
2.746000 3.000161e+002
2.748000 3.000158e+002
2.750000 3.000155e+002
2.752000 3.000151e+002
2.754000 3.000148e+002
2.756000 3.000145e+002
2.758000 3.000142e+002
2.760000 3.000139e+002
2.762000 3.000136e+002
2.764000 3.000133e+002
2.766000 3.000130e+002
2.768000 3.000128e+002
2.770000 3.000125e+002
2.772000 3.000122e+002
2.774000 3.000120e+002
2.776000 3.000117e+002
2.778000 3.000115e+002
2.780000 3.000112e+002
2.782000 3.000110e+002
2.784000 3.000107e+002
2.786000 3.000105e+002
2.788000 3.000103e+002
2.790000 3.000101e+002
2.792000 3.000098e+002
2.794000 3.000096e+002
2.796000 3.000094e+002
2.798000 3.000092e+002
2.800000 3.000090e+002
2.802000 3.000088e+002
2.804000 3.000086e+002
2.806000 3.000085e+002
2.808000 3.000083e+002
2.810000 3.000081e+002
2.812000 3.000079e+002
2.814000 3.000077e+002
2.816000 3.000076e+002
2.818000 3.000074e+002
2.820000 3.000072e+002
2.822000 3.000071e+002
2.824000 3.000069e+002
2.826000 3.000068e+002
2.828000 3.000066e+002
2.830000 3.000065e+002
2.832000 3.000063e+002
2.834000 3.000062e+002
2.836000 3.000061e+002
2.838000 3.000059e+002
2.840000 3.000058e+002
2.842000 3.000057e+002
2.844000 3.000056e+002
2.846000 3.000054e+002
2.848000 3.000053e+002
2.850000 3.000052e+002
2.852000 3.000051e+002
2.854000 3.000050e+002
2.856000 3.000049e+002
2.858000 3.000047e+002
2.860000 3.000046e+002
2.862000 3.000045e+002
2.864000 3.000044e+002
2.866000 3.000043e+002
2.868000 3.000042e+002
2.870000 3.000041e+002
2.872000 3.000041e+002
2.874000 3.000040e+002
2.876000 3.000039e+002
2.878000 3.000038e+002
2.880000 3.000037e+002
2.882000 3.000036e+002
2.884000 3.000035e+002
2.886000 3.000035e+002
2.888000 3.000034e+002
2.890000 3.000033e+002
2.892000 3.000032e+002
2.894000 3.000032e+002
2.896000 3.000031e+002
2.898000 3.000030e+002
2.900000 3.000029e+002
2.902000 3.000029e+002
2.904000 3.000028e+002
2.906000 3.000028e+002
2.908000 3.000027e+002
2.910000 3.000026e+002
2.912000 3.000026e+002
2.914000 3.000025e+002
2.916000 3.000025e+002
2.918000 3.000024e+002
2.920000 3.000023e+002
2.922000 3.000023e+002
2.924000 3.000022e+002
2.926000 3.000022e+002
2.928000 3.000021e+002
2.930000 3.000021e+002
2.932000 3.000020e+002
2.934000 3.000020e+002
2.936000 3.000019e+002
2.938000 3.000019e+002
2.940000 3.000019e+002
2.942000 3.000018e+002
2.944000 3.000018e+002
2.946000 3.000017e+002
2.948000 3.000017e+002
2.950000 3.000017e+002
2.952000 3.000016e+002
2.954000 3.000016e+002
2.956000 3.000015e+002
2.958000 3.000015e+002
2.960000 3.000015e+002
2.962000 3.000014e+002
2.964000 3.000014e+002
2.966000 3.000014e+002
2.968000 3.000013e+002
2.970000 3.000013e+002
2.972000 3.000013e+002
2.974000 3.000012e+002
2.976000 3.000012e+002
2.978000 3.000012e+002
2.980000 3.000012e+002
2.982000 3.000011e+002
2.984000 3.000011e+002
2.986000 3.000011e+002
2.988000 3.000011e+002
2.990000 3.000010e+002
2.992000 3.000010e+002
2.994000 3.000010e+002
2.996000 3.000010e+002
2.998000 3.000009e+002
3.000000 3.000009e+002
3.002000 3.000009e+002
3.004000 3.000009e+002
3.006000 3.000008e+002
3.008000 3.000008e+002
3.010000 3.000008e+002
3.012000 3.000008e+002
3.014000 3.000008e+002
3.016000 3.000008e+002
3.018000 3.000007e+002
3.020000 3.000007e+002
3.022000 3.000007e+002
3.024000 3.000007e+002
3.026000 3.000007e+002
3.028000 3.000006e+002
3.030000 3.000006e+002
3.032000 3.000006e+002
3.034000 3.000006e+002
3.036000 3.000006e+002
3.038000 3.000006e+002
3.040000 3.000006e+002
3.042000 3.000005e+002
3.044000 3.000005e+002
3.046000 3.000005e+002
3.048000 3.000005e+002
3.050000 3.000005e+002
3.052000 3.000005e+002
3.054000 3.000005e+002
3.056000 3.000005e+002
3.058000 3.000004e+002
3.060000 3.000004e+002
3.062000 3.000004e+002
3.064000 3.000004e+002
3.066000 3.000004e+002
3.068000 3.000004e+002
3.070000 3.000004e+002
3.072000 3.000004e+002
3.074000 3.000004e+002
3.076000 3.000004e+002
3.078000 3.000004e+002
3.080000 3.000003e+002
3.082000 3.000003e+002
3.084000 3.000003e+002
3.086000 3.000003e+002
3.088000 3.000003e+002
3.090000 3.000003e+002
3.092000 3.000003e+002
3.094000 3.000003e+002
3.096000 3.000003e+002
3.098000 3.000003e+002
3.100000 3.000003e+002
3.102000 3.000003e+002
3.104000 3.000003e+002
3.106000 3.000002e+002
3.108000 3.000002e+002
3.110000 3.000002e+002
3.112000 3.000002e+002
3.114000 3.000002e+002
3.116000 3.000002e+002
3.118000 3.000002e+002
3.120000 3.000002e+002
3.122000 3.000002e+002
3.124000 3.000002e+002
3.126000 3.000002e+002
3.128000 3.000002e+002
3.130000 3.000002e+002
3.132000 3.000002e+002
3.134000 3.000002e+002
3.136000 3.000002e+002
3.138000 3.000002e+002
3.140000 3.000002e+002
3.142000 3.000002e+002
3.144000 3.000002e+002
3.146000 3.000001e+002
3.148000 3.000001e+002
3.150000 3.000001e+002
3.152000 3.000001e+002
3.154000 3.000001e+002
3.156000 3.000001e+002
3.158000 3.000001e+002
3.160000 3.000001e+002
3.162000 3.000001e+002
3.164000 3.000001e+002
3.166000 3.000001e+002
3.168000 3.000001e+002
3.170000 3.000001e+002
3.172000 3.000001e+002
3.174000 3.000001e+002
3.176000 3.000001e+002
3.178000 3.000001e+002
3.180000 3.000001e+002
3.182000 3.000001e+002
3.184000 3.000001e+002
3.186000 3.000001e+002
3.188000 3.000001e+002
3.190000 3.000001e+002
3.192000 3.000001e+002
3.194000 3.000001e+002
3.196000 3.000001e+002
3.198000 3.000001e+002
3.200000 3.000001e+002
3.202000 3.000001e+002
3.204000 3.000001e+002
3.206000 3.000001e+002
3.208000 3.000001e+002
3.210000 3.000001e+002
3.212000 3.000001e+002
3.214000 3.000001e+002
3.216000 3.000001e+002
3.218000 3.000001e+002
3.220000 3.000001e+002
3.222000 3.000001e+002
3.224000 3.000001e+002
3.226000 3.000001e+002
3.228000 3.000001e+002
3.230000 3.000000e+002
3.232000 3.000000e+002
3.234000 3.000000e+002
3.236000 3.000000e+002
3.238000 3.000000e+002
3.240000 3.000000e+002
3.242000 3.000000e+002
3.244000 3.000000e+002
3.246000 3.000000e+002
3.248000 3.000000e+002
3.250000 3.000000e+002
3.252000 3.000000e+002
3.254000 3.000000e+002
3.256000 3.000000e+002
3.258000 3.000000e+002
3.260000 3.000000e+002
3.262000 3.000000e+002
3.264000 3.000000e+002
3.266000 3.000000e+002
3.268000 3.000000e+002
3.270000 3.000000e+002
3.272000 3.000000e+002
3.274000 3.000000e+002
3.276000 3.000000e+002
3.278000 3.000000e+002
3.280000 3.000000e+002
3.282000 3.000000e+002
3.284000 3.000000e+002
3.286000 3.000000e+002
3.288000 3.000000e+002
3.290000 3.000000e+002
3.292000 3.000000e+002
3.294000 3.000000e+002
3.296000 3.000000e+002
3.298000 3.000000e+002
3.300000 3.000000e+002
3.302000 3.000000e+002
3.304000 3.000000e+002
3.306000 3.000000e+002
3.308000 3.000000e+002
3.310000 3.000000e+002
3.312000 3.000000e+002
3.314000 3.000000e+002
3.316000 3.000000e+002
3.318000 3.000000e+002
3.320000 3.000000e+002
3.322000 3.000000e+002
3.324000 3.000000e+002
3.326000 3.000000e+002
3.328000 3.000000e+002
3.330000 3.000000e+002
3.332000 3.000000e+002
3.334000 3.000000e+002
3.336000 3.000000e+002
3.338000 3.000000e+002
3.340000 3.000000e+002
3.342000 3.000000e+002
3.344000 3.000000e+002
3.346000 3.000000e+002
3.348000 3.000000e+002
3.350000 3.000000e+002
3.352000 3.000000e+002
3.354000 3.000000e+002
3.356000 3.000000e+002
3.358000 3.000000e+002
3.360000 3.000000e+002
3.362000 3.000000e+002
3.364000 3.000000e+002
3.366000 3.000000e+002
3.368000 3.000000e+002
3.370000 3.000000e+002
3.372000 3.000000e+002
3.374000 3.000000e+002
3.376000 3.000000e+002
3.378000 3.000000e+002
3.380000 3.000000e+002
3.382000 3.000000e+002
3.384000 3.000000e+002
3.386000 3.000000e+002
3.388000 3.000000e+002
3.390000 3.000000e+002
3.392000 3.000000e+002
3.394000 3.000000e+002
3.396000 3.000000e+002
3.398000 3.000000e+002
3.400000 3.000000e+002
3.402000 3.000000e+002
3.404000 3.000000e+002
3.406000 3.000000e+002
3.408000 3.000000e+002
3.410000 3.000000e+002
3.412000 3.000000e+002
3.414000 3.000000e+002
3.416000 3.000000e+002
3.418000 3.000000e+002
3.420000 3.000000e+002
3.422000 3.000000e+002
3.424000 3.000000e+002
3.426000 3.000000e+002
3.428000 3.000000e+002
3.430000 3.000000e+002
3.432000 3.000000e+002
3.434000 3.000000e+002
3.436000 3.000000e+002
3.438000 3.000000e+002
3.440000 3.000000e+002
3.442000 3.000000e+002
3.444000 3.000000e+002
3.446000 3.000000e+002
3.448000 3.000000e+002
3.450000 3.000000e+002
3.452000 3.000000e+002
3.454000 3.000000e+002
3.456000 3.000000e+002
3.458000 3.000000e+002
3.460000 3.000000e+002
3.462000 3.000000e+002
3.464000 3.000000e+002
3.466000 3.000000e+002
3.468000 3.000000e+002
3.470000 3.000000e+002
3.472000 3.000000e+002
3.474000 3.000000e+002
3.476000 3.000000e+002
3.478000 3.000000e+002
3.480000 3.000000e+002
3.482000 3.000000e+002
3.484000 3.000000e+002
3.486000 3.000000e+002
3.488000 3.000000e+002
3.490000 3.000000e+002
3.492000 3.000000e+002
3.494000 3.000000e+002
3.496000 3.000000e+002
3.498000 3.000000e+002
3.500000 3.000000e+002
3.502000 3.000000e+002
3.504000 3.000000e+002
3.506000 3.000000e+002
3.508000 3.000000e+002
3.510000 3.000000e+002
3.512000 3.000000e+002
3.514000 3.000000e+002
3.516000 3.000000e+002
3.518000 3.000000e+002
3.520000 3.000000e+002
3.522000 3.000000e+002
3.524000 3.000000e+002
3.526000 3.000000e+002
3.528000 3.000000e+002
3.530000 3.000000e+002
3.532000 3.000000e+002
3.534000 3.000000e+002
3.536000 3.000000e+002
3.538000 3.000000e+002
3.540000 3.000000e+002
3.542000 3.000000e+002
3.544000 3.000000e+002
3.546000 3.000000e+002
3.548000 3.000000e+002
3.550000 3.000000e+002
3.552000 3.000000e+002
3.554000 3.000000e+002
3.556000 3.000000e+002
3.558000 3.000000e+002
3.560000 3.000000e+002
3.562000 3.000000e+002
3.564000 3.000000e+002
3.566000 3.000000e+002
3.568000 3.000000e+002
3.570000 3.000000e+002
3.572000 3.000000e+002
3.574000 3.000000e+002
3.576000 3.000000e+002
3.578000 3.000000e+002
3.580000 3.000000e+002
3.582000 3.000000e+002
3.584000 3.000000e+002
3.586000 3.000000e+002
3.588000 3.000000e+002
3.590000 3.000000e+002
3.592000 3.000000e+002
3.594000 3.000000e+002
3.596000 3.000000e+002
3.598000 3.000000e+002
3.600000 3.000000e+002
3.602000 3.000000e+002
3.604000 3.000000e+002
3.606000 3.000000e+002
3.608000 3.000000e+002
3.610000 3.000000e+002
3.612000 3.000000e+002
3.614000 3.000000e+002
3.616000 3.000000e+002
3.618000 3.000000e+002
3.620000 3.000000e+002
3.622000 3.000000e+002
3.624000 3.000000e+002
3.626000 3.000000e+002
3.628000 3.000000e+002
3.630000 3.000000e+002
3.632000 3.000000e+002
3.634000 3.000000e+002
3.636000 3.000000e+002
3.638000 3.000000e+002
3.640000 3.000000e+002
3.642000 3.000000e+002
3.644000 3.000000e+002
3.646000 3.000000e+002
3.648000 3.000000e+002
3.650000 3.000000e+002
3.652000 3.000000e+002
3.654000 3.000000e+002
3.656000 3.000000e+002
3.658000 3.000000e+002
3.660000 3.000000e+002
3.662000 3.000000e+002
3.664000 3.000000e+002
3.666000 3.000000e+002
3.668000 3.000000e+002
3.670000 3.000000e+002
3.672000 3.000000e+002
3.674000 3.000000e+002
3.676000 3.000000e+002
3.678000 3.000000e+002
3.680000 3.000000e+002
3.682000 3.000000e+002
3.684000 3.000000e+002
3.686000 3.000000e+002
3.688000 3.000000e+002
3.690000 3.000000e+002
3.692000 3.000000e+002
3.694000 3.000000e+002
3.696000 3.000000e+002
3.698000 3.000000e+002
3.700000 3.000000e+002
3.702000 3.000000e+002
3.704000 3.000000e+002
3.706000 3.000000e+002
3.708000 3.000000e+002
3.710000 3.000000e+002
3.712000 3.000000e+002
3.714000 3.000000e+002
3.716000 3.000000e+002
3.718000 3.000000e+002
3.720000 3.000000e+002
3.722000 3.000000e+002
3.724000 3.000000e+002
3.726000 3.000000e+002
3.728000 3.000000e+002
3.730000 3.000000e+002
3.732000 3.000000e+002
3.734000 3.000000e+002
3.736000 3.000000e+002
3.738000 3.000000e+002
3.740000 3.000000e+002
3.742000 3.000000e+002
3.744000 3.000000e+002
3.746000 3.000000e+002
3.748000 3.000000e+002
3.750000 3.000000e+002
3.752000 3.000000e+002
3.754000 3.000000e+002
3.756000 3.000000e+002
3.758000 3.000000e+002
3.760000 3.000000e+002
3.762000 3.000000e+002
3.764000 3.000000e+002
3.766000 3.000000e+002
3.768000 3.000000e+002
3.770000 3.000000e+002
3.772000 3.000000e+002
3.774000 3.000000e+002
3.776000 3.000000e+002
3.778000 3.000000e+002
3.780000 3.000000e+002
3.782000 3.000000e+002
3.784000 3.000000e+002
3.786000 3.000000e+002
3.788000 3.000000e+002
3.790000 3.000000e+002
3.792000 3.000000e+002
3.794000 3.000000e+002
3.796000 3.000000e+002
3.798000 3.000000e+002
3.800000 3.000000e+002
3.802000 3.000000e+002
3.804000 3.000000e+002
3.806000 3.000000e+002
3.808000 3.000000e+002
3.810000 3.000000e+002
3.812000 3.000000e+002
3.814000 3.000000e+002
3.816000 3.000000e+002
3.818000 3.000000e+002
3.820000 3.000000e+002
3.822000 3.000000e+002
3.824000 3.000000e+002
3.826000 3.000000e+002
3.828000 3.000000e+002
3.830000 3.000000e+002
3.832000 3.000000e+002
3.834000 3.000000e+002
3.836000 3.000000e+002
3.838000 3.000000e+002
3.840000 3.000000e+002
3.842000 3.000000e+002
3.844000 3.000000e+002
3.846000 3.000000e+002
3.848000 3.000000e+002
3.850000 3.000000e+002
3.852000 3.000000e+002
3.854000 3.000000e+002
3.856000 3.000000e+002
3.858000 3.000000e+002
3.860000 3.000000e+002
3.862000 3.000000e+002
3.864000 3.000000e+002
3.866000 3.000000e+002
3.868000 3.000000e+002
3.870000 3.000000e+002
3.872000 3.000000e+002
3.874000 3.000000e+002
3.876000 3.000000e+002
3.878000 3.000000e+002
3.880000 3.000000e+002
3.882000 3.000000e+002
3.884000 3.000000e+002
3.886000 3.000000e+002
3.888000 3.000000e+002
3.890000 3.000000e+002
3.892000 3.000000e+002
3.894000 3.000000e+002
3.896000 3.000000e+002
3.898000 3.000000e+002
3.900000 3.000000e+002
3.902000 3.000000e+002
3.904000 3.000000e+002
3.906000 3.000000e+002
3.908000 3.000000e+002
3.910000 3.000000e+002
3.912000 3.000000e+002
3.914000 3.000000e+002
3.916000 3.000000e+002
3.918000 3.000000e+002
3.920000 3.000000e+002
3.922000 3.000000e+002
3.924000 3.000000e+002
3.926000 3.000000e+002
3.928000 3.000000e+002
3.930000 3.000000e+002
3.932000 3.000000e+002
3.934000 3.000000e+002
3.936000 3.000000e+002
3.938000 3.000000e+002
3.940000 3.000000e+002
3.942000 3.000000e+002
3.944000 3.000000e+002
3.946000 3.000000e+002
3.948000 3.000000e+002
3.950000 3.000000e+002
3.952000 3.000000e+002
3.954000 3.000000e+002
3.956000 3.000000e+002
3.958000 3.000000e+002
3.960000 3.000000e+002
3.962000 3.000000e+002
3.964000 3.000000e+002
3.966000 3.000000e+002
3.968000 3.000000e+002
3.970000 3.000000e+002
3.972000 3.000000e+002
3.974000 3.000000e+002
3.976000 3.000000e+002
3.978000 3.000000e+002
3.980000 3.000000e+002
3.982000 3.000000e+002
3.984000 3.000000e+002
3.986000 3.000000e+002
3.988000 3.000000e+002
3.990000 3.000000e+002
3.992000 3.000000e+002
3.994000 3.000000e+002
3.996000 3.000000e+002
3.998000 3.000000e+002
