0.000000 3.457047e+002
0.002000 3.507941e+002
0.004000 3.558818e+002
0.006000 3.609676e+002
0.008000 3.660513e+002
0.010000 3.711328e+002
0.012000 3.762119e+002
0.014000 3.812883e+002
0.016000 3.863620e+002
0.018000 3.914327e+002
0.020000 3.965003e+002
0.022000 4.015647e+002
0.024000 4.066255e+002
0.026000 4.116827e+002
0.028000 4.167361e+002
0.030000 4.217855e+002
0.032000 4.268307e+002
0.034000 4.318716e+002
0.036000 4.369079e+002
0.038000 4.419396e+002
0.040000 4.469664e+002
0.042000 4.519882e+002
0.044000 4.570049e+002
0.046000 4.620161e+002
0.048000 4.670218e+002
0.050000 4.720218e+002
0.052000 4.770159e+002
0.054000 4.820039e+002
0.056000 4.869858e+002
0.058000 4.919612e+002
0.060000 4.969301e+002
0.062000 5.018923e+002
0.064000 5.068476e+002
0.066000 5.117958e+002
0.068000 5.167368e+002
0.070000 5.216704e+002
0.072000 5.265965e+002
0.074000 5.315148e+002
0.076000 5.364253e+002
0.078000 5.413277e+002
0.080000 5.462219e+002
0.082000 5.511077e+002
0.084000 5.559850e+002
0.086000 5.608536e+002
0.088000 5.657133e+002
0.090000 5.705640e+002
0.092000 5.754055e+002
0.094000 5.802377e+002
0.096000 5.850604e+002
0.098000 5.898735e+002
0.100000 5.946767e+002
0.102000 5.994699e+002
0.104000 6.042531e+002
0.106000 6.090259e+002
0.108000 6.137883e+002
0.110000 6.185402e+002
0.112000 6.232812e+002
0.114000 6.280114e+002
0.116000 6.327306e+002
0.118000 6.374385e+002
0.120000 6.421351e+002
0.122000 6.468202e+002
0.124000 6.514936e+002
0.126000 6.561552e+002
0.128000 6.608049e+002
0.130000 6.654425e+002
0.132000 6.700679e+002
0.134000 6.746809e+002
0.136000 6.792813e+002
0.138000 6.838691e+002
0.140000 6.884441e+002
0.142000 6.930061e+002
0.144000 6.975550e+002
0.146000 7.020907e+002
0.148000 7.066130e+002
0.150000 7.111218e+002
0.152000 7.156169e+002
0.154000 7.200983e+002
0.156000 7.245657e+002
0.158000 7.290190e+002
0.160000 7.334582e+002
0.162000 7.378830e+002
0.164000 7.422934e+002
0.166000 7.466892e+002
0.168000 7.510702e+002
0.170000 7.554364e+002
0.172000 7.597876e+002
0.174000 7.641237e+002
0.176000 7.684446e+002
0.178000 7.727501e+002
0.180000 7.770401e+002
0.182000 7.813145e+002
0.184000 7.855731e+002
0.186000 7.898159e+002
0.188000 7.940428e+002
0.190000 7.982535e+002
0.192000 8.024480e+002
0.194000 8.066261e+002
0.196000 8.107878e+002
0.198000 8.149329e+002
0.200000 8.190613e+002
0.202000 8.231730e+002
0.204000 8.272677e+002
0.206000 8.313454e+002
0.208000 8.354059e+002
0.210000 8.394492e+002
0.212000 8.434751e+002
0.214000 8.474835e+002
0.216000 8.514744e+002
0.218000 8.554476e+002
0.220000 8.594030e+002
0.222000 8.633405e+002
0.224000 8.672600e+002
0.226000 8.711614e+002
0.228000 8.750446e+002
0.230000 8.789095e+002
0.232000 8.827560e+002
0.234000 8.865840e+002
0.236000 8.903934e+002
0.238000 8.941841e+002
0.240000 8.979560e+002
0.242000 9.017090e+002
0.244000 9.054431e+002
0.246000 9.091581e+002
0.248000 9.128539e+002
0.250000 9.165305e+002
0.252000 9.201877e+002
0.254000 9.238255e+002
0.256000 9.274438e+002
0.258000 9.310426e+002
0.260000 9.346216e+002
0.262000 9.381809e+002
0.264000 9.417203e+002
0.266000 9.452398e+002
0.268000 9.487392e+002
0.270000 9.522186e+002
0.272000 9.556779e+002
0.274000 9.591168e+002
0.276000 9.625355e+002
0.278000 9.659338e+002
0.280000 9.693116e+002
0.282000 9.726688e+002
0.284000 9.760055e+002
0.286000 9.793214e+002
0.288000 9.826167e+002
0.290000 9.858911e+002
0.292000 9.891446e+002
0.294000 9.923771e+002
0.296000 9.955886e+002
0.298000 9.987791e+002
0.300000 1.001948e+003
0.302000 1.005096e+003
0.304000 1.008223e+003
0.306000 1.011329e+003
0.308000 1.014413e+003
0.310000 1.017475e+003
0.312000 1.020517e+003
0.314000 1.023536e+003
0.316000 1.026534e+003
0.318000 1.029510e+003
0.320000 1.032465e+003
0.322000 1.035398e+003
0.324000 1.038309e+003
0.326000 1.041198e+003
0.328000 1.044065e+003
0.330000 1.046910e+003
0.332000 1.049734e+003
0.334000 1.052535e+003
0.336000 1.055314e+003
0.338000 1.058071e+003
0.340000 1.060805e+003
0.342000 1.063518e+003
0.344000 1.066208e+003
0.346000 1.068876e+003
0.348000 1.071521e+003
0.350000 1.074145e+003
0.352000 1.076745e+003
0.354000 1.079324e+003
0.356000 1.081879e+003
0.358000 1.084413e+003
0.360000 1.086923e+003
0.362000 1.089412e+003
0.364000 1.091877e+003
0.366000 1.094320e+003
0.368000 1.096740e+003
0.370000 1.099138e+003
0.372000 1.101513e+003
0.374000 1.103865e+003
0.376000 1.106194e+003
0.378000 1.108500e+003
0.380000 1.110784e+003
0.382000 1.113045e+003
0.384000 1.115283e+003
0.386000 1.117498e+003
0.388000 1.119690e+003
0.390000 1.121859e+003
0.392000 1.124005e+003
0.394000 1.126129e+003
0.396000 1.128229e+003
0.398000 1.130306e+003
0.400000 1.132361e+003
0.402000 1.134392e+003
0.404000 1.136401e+003
0.406000 1.138386e+003
0.408000 1.140349e+003
0.410000 1.142288e+003
0.412000 1.144204e+003
0.414000 1.146097e+003
0.416000 1.147968e+003
0.418000 1.149815e+003
0.420000 1.151639e+003
0.422000 1.153440e+003
0.424000 1.155218e+003
0.426000 1.156972e+003
0.428000 1.158704e+003
0.430000 1.160413e+003
0.432000 1.162098e+003
0.434000 1.163761e+003
0.436000 1.165401e+003
0.438000 1.167017e+003
0.440000 1.168610e+003
0.442000 1.170181e+003
0.444000 1.171728e+003
0.446000 1.173252e+003
0.448000 1.174754e+003
0.450000 1.176232e+003
0.452000 1.177687e+003
0.454000 1.179119e+003
0.456000 1.180529e+003
0.458000 1.181915e+003
0.460000 1.183278e+003
0.462000 1.184619e+003
0.464000 1.185936e+003
0.466000 1.187231e+003
0.468000 1.188502e+003
0.470000 1.189751e+003
0.472000 1.190977e+003
0.474000 1.192180e+003
0.476000 1.193360e+003
0.478000 1.194518e+003
0.480000 1.195653e+003
0.482000 1.196765e+003
0.484000 1.197854e+003
0.486000 1.198920e+003
0.488000 1.199964e+003
0.490000 1.200985e+003
0.492000 1.201984e+003
0.494000 1.202960e+003
0.496000 1.203913e+003
0.498000 1.204844e+003
0.500000 1.205752e+003
0.502000 1.206638e+003
0.504000 1.207501e+003
0.506000 1.208342e+003
0.508000 1.209161e+003
0.510000 1.209957e+003
0.512000 1.210731e+003
0.514000 1.211482e+003
0.516000 1.212211e+003
0.518000 1.212918e+003
0.520000 1.213603e+003
0.522000 1.214266e+003
0.524000 1.214906e+003
0.526000 1.215525e+003
0.528000 1.216121e+003
0.530000 1.216696e+003
0.532000 1.217248e+003
0.534000 1.217778e+003
0.536000 1.218287e+003
0.538000 1.218774e+003
0.540000 1.219239e+003
0.542000 1.219682e+003
0.544000 1.220103e+003
0.546000 1.220503e+003
0.548000 1.220881e+003
0.550000 1.221238e+003
0.552000 1.221573e+003
0.554000 1.221886e+003
0.556000 1.222179e+003
0.558000 1.222449e+003
0.560000 1.222699e+003
0.562000 1.222927e+003
0.564000 1.223134e+003
0.566000 1.223319e+003
0.568000 1.223484e+003
0.570000 1.223627e+003
0.572000 1.223749e+003
0.574000 1.223851e+003
0.576000 1.223931e+003
0.578000 1.223991e+003
0.580000 1.224029e+003
0.582000 1.224047e+003
0.584000 1.224044e+003
0.586000 1.224021e+003
0.588000 1.223977e+003
0.590000 1.223912e+003
0.592000 1.223827e+003
0.594000 1.223722e+003
0.596000 1.223596e+003
0.598000 1.223449e+003
0.600000 1.223283e+003
0.602000 1.223096e+003
0.604000 1.222889e+003
0.606000 1.222663e+003
0.608000 1.222416e+003
0.610000 1.222149e+003
0.612000 1.221862e+003
0.614000 1.221555e+003
0.616000 1.221229e+003
0.618000 1.220883e+003
0.620000 1.220517e+003
0.622000 1.220132e+003
0.624000 1.219728e+003
0.626000 1.219303e+003
0.628000 1.218860e+003
0.630000 1.218397e+003
0.632000 1.217915e+003
0.634000 1.217414e+003
0.636000 1.216893e+003
0.638000 1.216354e+003
0.640000 1.215796e+003
0.642000 1.215219e+003
0.644000 1.214623e+003
0.646000 1.214008e+003
0.648000 1.213375e+003
0.650000 1.212723e+003
0.652000 1.212052e+003
0.654000 1.211363e+003
0.656000 1.210656e+003
0.658000 1.209930e+003
0.660000 1.209186e+003
0.662000 1.208424e+003
0.664000 1.207644e+003
0.666000 1.206846e+003
0.668000 1.206030e+003
0.670000 1.205196e+003
0.672000 1.204344e+003
0.674000 1.203475e+003
0.676000 1.202588e+003
0.678000 1.201683e+003
0.680000 1.200761e+003
0.682000 1.199822e+003
0.684000 1.198865e+003
0.686000 1.197891e+003
0.688000 1.196900e+003
0.690000 1.195892e+003
0.692000 1.194867e+003
0.694000 1.193825e+003
0.696000 1.192766e+003
0.698000 1.191690e+003
0.700000 1.190598e+003
0.702000 1.189489e+003
0.704000 1.188364e+003
0.706000 1.187222e+003
0.708000 1.186064e+003
0.710000 1.184890e+003
0.712000 1.183699e+003
0.714000 1.182493e+003
0.716000 1.181270e+003
0.718000 1.180032e+003
0.720000 1.178778e+003
0.722000 1.177508e+003
0.724000 1.176222e+003
0.726000 1.174921e+003
0.728000 1.173605e+003
0.730000 1.172273e+003
0.732000 1.170925e+003
0.734000 1.169563e+003
0.736000 1.168185e+003
0.738000 1.166793e+003
0.740000 1.165385e+003
0.742000 1.163963e+003
0.744000 1.162526e+003
0.746000 1.161074e+003
0.748000 1.159608e+003
0.750000 1.158127e+003
0.752000 1.156632e+003
0.754000 1.155123e+003
0.756000 1.153599e+003
0.758000 1.152061e+003
0.760000 1.150510e+003
0.762000 1.148944e+003
0.764000 1.147365e+003
0.766000 1.145771e+003
0.768000 1.144164e+003
0.770000 1.142544e+003
0.772000 1.140910e+003
0.774000 1.139263e+003
0.776000 1.137603e+003
0.778000 1.135929e+003
0.780000 1.134242e+003
0.782000 1.132543e+003
0.784000 1.130830e+003
0.786000 1.129105e+003
0.788000 1.127367e+003
0.790000 1.125616e+003
0.792000 1.123853e+003
0.794000 1.122078e+003
0.796000 1.120290e+003
0.798000 1.118490e+003
0.800000 1.116678e+003
0.802000 1.114854e+003
0.804000 1.113018e+003
0.806000 1.111171e+003
0.808000 1.109311e+003
0.810000 1.107440e+003
0.812000 1.105558e+003
0.814000 1.103664e+003
0.816000 1.101759e+003
0.818000 1.099842e+003
0.820000 1.097915e+003
0.822000 1.095976e+003
0.824000 1.094027e+003
0.826000 1.092067e+003
0.828000 1.090096e+003
0.830000 1.088114e+003
0.832000 1.086122e+003
0.834000 1.084120e+003
0.836000 1.082108e+003
0.838000 1.080085e+003
0.840000 1.078052e+003
0.842000 1.076009e+003
0.844000 1.073956e+003
0.846000 1.071894e+003
0.848000 1.069821e+003
0.850000 1.067740e+003
0.852000 1.065649e+003
0.854000 1.063548e+003
0.856000 1.061438e+003
0.858000 1.059319e+003
0.860000 1.057191e+003
0.862000 1.055054e+003
0.864000 1.052908e+003
0.866000 1.050754e+003
0.868000 1.048590e+003
0.870000 1.046419e+003
0.872000 1.044239e+003
0.874000 1.042050e+003
0.876000 1.039853e+003
0.878000 1.037649e+003
0.880000 1.035436e+003
0.882000 1.033215e+003
0.884000 1.030987e+003
0.886000 1.028750e+003
0.888000 1.026507e+003
0.890000 1.024255e+003
0.892000 1.021997e+003
0.894000 1.019731e+003
0.896000 1.017458e+003
0.898000 1.015178e+003
0.900000 1.012891e+003
0.902000 1.010597e+003
0.904000 1.008296e+003
0.906000 1.005989e+003
0.908000 1.003675e+003
0.910000 1.001355e+003
0.912000 9.990281e+002
0.914000 9.966953e+002
0.916000 9.943564e+002
0.918000 9.920115e+002
0.920000 9.896607e+002
0.922000 9.873041e+002
0.924000 9.849418e+002
0.926000 9.825739e+002
0.928000 9.802006e+002
0.930000 9.778218e+002
0.932000 9.754378e+002
0.934000 9.730487e+002
0.936000 9.706545e+002
0.938000 9.682553e+002
0.940000 9.658513e+002
0.942000 9.634426e+002
0.944000 9.610292e+002
0.946000 9.586112e+002
0.948000 9.561889e+002
0.950000 9.537622e+002
0.952000 9.513313e+002
0.954000 9.488963e+002
0.956000 9.464573e+002
0.958000 9.440144e+002
0.960000 9.415677e+002
0.962000 9.391172e+002
0.964000 9.366632e+002
0.966000 9.342057e+002
0.968000 9.317448e+002
0.970000 9.292807e+002
0.972000 9.268133e+002
0.974000 9.243429e+002
0.976000 9.218695e+002
0.978000 9.193932e+002
0.980000 9.169142e+002
0.982000 9.144324e+002
0.984000 9.119482e+002
0.986000 9.094614e+002
0.988000 9.069723e+002
0.990000 9.044810e+002
0.992000 9.019874e+002
0.994000 8.994919e+002
0.996000 8.969943e+002
0.998000 8.944950e+002
1.000000 8.919938e+002
1.002000 8.894910e+002
1.004000 8.869867e+002
1.006000 8.844809e+002
1.008000 8.819737e+002
1.010000 8.794653e+002
1.012000 8.769558e+002
1.014000 8.744452e+002
1.016000 8.719336e+002
1.018000 8.694211e+002
1.020000 8.669079e+002
1.022000 8.643941e+002
1.024000 8.618796e+002
1.026000 8.593647e+002
1.028000 8.568494e+002
1.030000 8.543339e+002
1.032000 8.518181e+002
1.034000 8.493023e+002
1.036000 8.467865e+002
1.038000 8.442708e+002
1.040000 8.417553e+002
1.042000 8.392401e+002
1.044000 8.367252e+002
1.046000 8.342109e+002
1.048000 8.316971e+002
1.050000 8.291840e+002
1.052000 8.266717e+002
1.054000 8.241602e+002
1.056000 8.216497e+002
1.058000 8.191402e+002
1.060000 8.166318e+002
1.062000 8.141247e+002
1.064000 8.116188e+002
1.066000 8.091144e+002
1.068000 8.066115e+002
1.070000 8.041101e+002
1.072000 8.016104e+002
1.074000 7.991125e+002
1.076000 7.966164e+002
1.078000 7.941222e+002
1.080000 7.916300e+002
1.082000 7.891400e+002
1.084000 7.866521e+002
1.086000 7.841666e+002
1.088000 7.816834e+002
1.090000 7.792026e+002
1.092000 7.767244e+002
1.094000 7.742488e+002
1.096000 7.717758e+002
1.098000 7.693057e+002
1.100000 7.668385e+002
1.102000 7.643741e+002
1.104000 7.619128e+002
1.106000 7.594547e+002
1.108000 7.569997e+002
1.110000 7.545480e+002
1.112000 7.520996e+002
1.114000 7.496546e+002
1.116000 7.472132e+002
1.118000 7.447754e+002
1.120000 7.423412e+002
1.122000 7.399107e+002
1.124000 7.374841e+002
1.126000 7.350614e+002
1.128000 7.326426e+002
1.130000 7.302279e+002
1.132000 7.278173e+002
1.134000 7.254108e+002
1.136000 7.230087e+002
1.138000 7.206109e+002
1.140000 7.182175e+002
1.142000 7.158285e+002
1.144000 7.134442e+002
1.146000 7.110644e+002
1.148000 7.086893e+002
1.150000 7.063190e+002
1.152000 7.039536e+002
1.154000 7.015930e+002
1.156000 6.992374e+002
1.158000 6.968868e+002
1.160000 6.945413e+002
1.162000 6.922010e+002
1.164000 6.898659e+002
1.166000 6.875361e+002
1.168000 6.852117e+002
1.170000 6.828926e+002
1.172000 6.805791e+002
1.174000 6.782711e+002
1.176000 6.759688e+002
1.178000 6.736721e+002
1.180000 6.713811e+002
1.182000 6.690959e+002
1.184000 6.668165e+002
1.186000 6.645431e+002
1.188000 6.622756e+002
1.190000 6.600142e+002
1.192000 6.577588e+002
1.194000 6.555096e+002
1.196000 6.532665e+002
1.198000 6.510297e+002
1.200000 6.487992e+002
1.202000 6.465751e+002
1.204000 6.443574e+002
1.206000 6.421461e+002
1.208000 6.399413e+002
1.210000 6.377431e+002
1.212000 6.355515e+002
1.214000 6.333665e+002
1.216000 6.311883e+002
1.218000 6.290168e+002
1.220000 6.268522e+002
1.222000 6.246943e+002
1.224000 6.225434e+002
1.226000 6.203994e+002
1.228000 6.182624e+002
1.230000 6.161325e+002
1.232000 6.140096e+002
1.234000 6.118939e+002
1.236000 6.097853e+002
1.238000 6.076839e+002
1.240000 6.055898e+002
1.242000 6.035029e+002
1.244000 6.014234e+002
1.246000 5.993513e+002
1.248000 5.972865e+002
1.250000 5.952292e+002
1.252000 5.931794e+002
1.254000 5.911371e+002
1.256000 5.891023e+002
1.258000 5.870752e+002
1.260000 5.850557e+002
1.262000 5.830438e+002
1.264000 5.810396e+002
1.266000 5.790431e+002
1.268000 5.770544e+002
1.270000 5.750735e+002
1.272000 5.731004e+002
1.274000 5.711352e+002
1.276000 5.691778e+002
1.278000 5.672284e+002
1.280000 5.652869e+002
1.282000 5.633533e+002
1.284000 5.614278e+002
1.286000 5.595102e+002
1.288000 5.576007e+002
1.290000 5.556993e+002
1.292000 5.538059e+002
1.294000 5.519207e+002
1.296000 5.500436e+002
1.298000 5.481747e+002
1.300000 5.463140e+002
1.302000 5.444615e+002
1.304000 5.426172e+002
1.306000 5.407811e+002
1.308000 5.389533e+002
1.310000 5.371338e+002
1.312000 5.353226e+002
1.314000 5.335197e+002
1.316000 5.317252e+002
1.318000 5.299390e+002
1.320000 5.281612e+002
1.322000 5.263917e+002
1.324000 5.246307e+002
1.326000 5.228781e+002
1.328000 5.211339e+002
1.330000 5.193981e+002
1.332000 5.176708e+002
1.334000 5.159520e+002
1.336000 5.142416e+002
1.338000 5.125397e+002
1.340000 5.108463e+002
1.342000 5.091614e+002
1.344000 5.074850e+002
1.346000 5.058172e+002
1.348000 5.041579e+002
1.350000 5.025071e+002
1.352000 5.008648e+002
1.354000 4.992311e+002
1.356000 4.976059e+002
1.358000 4.959893e+002
1.360000 4.943813e+002
1.362000 4.927818e+002
1.364000 4.911908e+002
1.366000 4.896085e+002
1.368000 4.880347e+002
1.370000 4.864695e+002
1.372000 4.849128e+002
1.374000 4.833648e+002
1.376000 4.818253e+002
1.378000 4.802943e+002
1.380000 4.787720e+002
1.382000 4.772582e+002
1.384000 4.757530e+002
1.386000 4.742563e+002
1.388000 4.727682e+002
1.390000 4.712886e+002
1.392000 4.698176e+002
1.394000 4.683551e+002
1.396000 4.669012e+002
1.398000 4.654558e+002
1.400000 4.640190e+002
1.402000 4.625906e+002
1.404000 4.611708e+002
1.406000 4.597594e+002
1.408000 4.583566e+002
1.410000 4.569622e+002
1.412000 4.555764e+002
1.414000 4.541990e+002
1.416000 4.528300e+002
1.418000 4.514695e+002
1.420000 4.501174e+002
1.422000 4.487738e+002
1.424000 4.474385e+002
1.426000 4.461117e+002
1.428000 4.447932e+002
1.430000 4.434832e+002
1.432000 4.421814e+002
1.434000 4.408881e+002
1.436000 4.396030e+002
1.438000 4.383263e+002
1.440000 4.370578e+002
1.442000 4.357977e+002
1.444000 4.345458e+002
1.446000 4.333021e+002
1.448000 4.320667e+002
1.450000 4.308395e+002
1.452000 4.296205e+002
1.454000 4.284097e+002
1.456000 4.272071e+002
1.458000 4.260126e+002
1.460000 4.248262e+002
1.462000 4.236479e+002
1.464000 4.224777e+002
1.466000 4.213155e+002
1.468000 4.201614e+002
1.470000 4.190153e+002
1.472000 4.178772e+002
1.474000 4.167471e+002
1.476000 4.156249e+002
1.478000 4.145107e+002
1.480000 4.134044e+002
1.482000 4.123060e+002
1.484000 4.112154e+002
1.486000 4.101327e+002
1.488000 4.090577e+002
1.490000 4.079906e+002
1.492000 4.069313e+002
1.494000 4.058796e+002
1.496000 4.048357e+002
1.498000 4.037995e+002
1.500000 4.027710e+002
1.502000 4.017501e+002
1.504000 4.007368e+002
1.506000 3.997311e+002
1.508000 3.987329e+002
1.510000 3.977423e+002
1.512000 3.967592e+002
1.514000 3.957835e+002
1.516000 3.948153e+002
1.518000 3.938546e+002
1.520000 3.929012e+002
1.522000 3.919552e+002
1.524000 3.910165e+002
1.526000 3.900851e+002
1.528000 3.891610e+002
1.530000 3.882442e+002
1.532000 3.873346e+002
1.534000 3.864321e+002
1.536000 3.855369e+002
1.538000 3.846487e+002
1.540000 3.837677e+002
1.542000 3.828937e+002
1.544000 3.820267e+002
1.546000 3.811668e+002
1.548000 3.803138e+002
1.550000 3.794678e+002
1.552000 3.786287e+002
1.554000 3.777965e+002
1.556000 3.769711e+002
1.558000 3.761525e+002
1.560000 3.753408e+002
1.562000 3.745357e+002
1.564000 3.737374e+002
1.566000 3.729458e+002
1.568000 3.721609e+002
1.570000 3.713825e+002
1.572000 3.706108e+002
1.574000 3.698456e+002
1.576000 3.690870e+002
1.578000 3.683348e+002
1.580000 3.675891e+002
1.582000 3.668498e+002
1.584000 3.661169e+002
1.586000 3.653904e+002
1.588000 3.646702e+002
1.590000 3.639563e+002
1.592000 3.632486e+002
1.594000 3.625472e+002
1.596000 3.618519e+002
1.598000 3.611629e+002
1.600000 3.604799e+002
1.602000 3.598030e+002
1.604000 3.591322e+002
1.606000 3.584674e+002
1.608000 3.578085e+002
1.610000 3.571557e+002
1.612000 3.565087e+002
1.614000 3.558676e+002
1.616000 3.552324e+002
1.618000 3.546030e+002
1.620000 3.539794e+002
1.622000 3.533615e+002
1.624000 3.527493e+002
1.626000 3.521428e+002
1.628000 3.515419e+002
1.630000 3.509466e+002
1.632000 3.503569e+002
1.634000 3.497728e+002
1.636000 3.491941e+002
1.638000 3.486209e+002
1.640000 3.480531e+002
1.642000 3.474908e+002
1.644000 3.469338e+002
1.646000 3.463821e+002
1.648000 3.458357e+002
1.650000 3.452946e+002
1.652000 3.447587e+002
1.654000 3.442280e+002
1.656000 3.437024e+002
1.658000 3.431820e+002
1.660000 3.426667e+002
1.662000 3.421564e+002
1.664000 3.416511e+002
1.666000 3.411508e+002
1.668000 3.406554e+002
1.670000 3.401650e+002
1.672000 3.396794e+002
1.674000 3.391987e+002
1.676000 3.387228e+002
1.678000 3.382517e+002
1.680000 3.377853e+002
1.682000 3.373236e+002
1.684000 3.368667e+002
1.686000 3.364143e+002
1.688000 3.359666e+002
1.690000 3.355234e+002
1.692000 3.350848e+002
1.694000 3.346506e+002
1.696000 3.342210e+002
1.698000 3.337958e+002
1.700000 3.333750e+002
1.702000 3.329585e+002
1.704000 3.325465e+002
1.706000 3.321387e+002
1.708000 3.317352e+002
1.710000 3.313359e+002
1.712000 3.309408e+002
1.714000 3.305500e+002
1.716000 3.301632e+002
1.718000 3.297806e+002
1.720000 3.294020e+002
1.722000 3.290275e+002
1.724000 3.286571e+002
1.726000 3.282906e+002
1.728000 3.279280e+002
1.730000 3.275694e+002
1.732000 3.272146e+002
1.734000 3.268637e+002
1.736000 3.265166e+002
1.738000 3.261734e+002
1.740000 3.258338e+002
1.742000 3.254980e+002
1.744000 3.251659e+002
1.746000 3.248375e+002
1.748000 3.245127e+002
1.750000 3.241916e+002
1.752000 3.238739e+002
1.754000 3.235599e+002
1.756000 3.232493e+002
1.758000 3.229423e+002
1.760000 3.226387e+002
1.762000 3.223385e+002
1.764000 3.220417e+002
1.766000 3.217483e+002
1.768000 3.214582e+002
1.770000 3.211714e+002
1.772000 3.208879e+002
1.774000 3.206076e+002
1.776000 3.203306e+002
1.778000 3.200567e+002
1.780000 3.197860e+002
1.782000 3.195185e+002
1.784000 3.192540e+002
1.786000 3.189927e+002
1.788000 3.187343e+002
1.790000 3.184790e+002
1.792000 3.182267e+002
1.794000 3.179774e+002
1.796000 3.177310e+002
1.798000 3.174875e+002
1.800000 3.172469e+002
1.802000 3.170091e+002
1.804000 3.167742e+002
1.806000 3.165420e+002
1.808000 3.163127e+002
1.810000 3.160861e+002
1.812000 3.158622e+002
1.814000 3.156410e+002
1.816000 3.154225e+002
1.818000 3.152066e+002
1.820000 3.149934e+002
1.822000 3.147827e+002
1.824000 3.145746e+002
1.826000 3.143691e+002
1.828000 3.141661e+002
1.830000 3.139656e+002
1.832000 3.137675e+002
1.834000 3.135719e+002
1.836000 3.133787e+002
1.838000 3.131879e+002
1.840000 3.129995e+002
1.842000 3.128134e+002
1.844000 3.126296e+002
1.846000 3.124482e+002
1.848000 3.122690e+002
1.850000 3.120920e+002
1.852000 3.119173e+002
1.854000 3.117449e+002
1.856000 3.115746e+002
1.858000 3.114064e+002
1.860000 3.112404e+002
1.862000 3.110765e+002
1.864000 3.109147e+002
1.866000 3.107550e+002
1.868000 3.105973e+002
1.870000 3.104417e+002
1.872000 3.102881e+002
1.874000 3.101364e+002
1.876000 3.099868e+002
1.878000 3.098390e+002
1.880000 3.096932e+002
1.882000 3.095493e+002
1.884000 3.094073e+002
1.886000 3.092671e+002
1.888000 3.091288e+002
1.890000 3.089923e+002
1.892000 3.088576e+002
1.894000 3.087247e+002
1.896000 3.085935e+002
1.898000 3.084641e+002
1.900000 3.083364e+002
1.902000 3.082104e+002
1.904000 3.080861e+002
1.906000 3.079635e+002
1.908000 3.078425e+002
1.910000 3.077231e+002
1.912000 3.076054e+002
1.914000 3.074892e+002
1.916000 3.073746e+002
1.918000 3.072616e+002
1.920000 3.071501e+002
1.922000 3.070401e+002
1.924000 3.069316e+002
1.926000 3.068247e+002
1.928000 3.067191e+002
1.930000 3.066151e+002
1.932000 3.065125e+002
1.934000 3.064112e+002
1.936000 3.063114e+002
1.938000 3.062130e+002
1.940000 3.061159e+002
1.942000 3.060202e+002
1.944000 3.059259e+002
1.946000 3.058328e+002
1.948000 3.057411e+002
1.950000 3.056506e+002
1.952000 3.055614e+002
1.954000 3.054735e+002
1.956000 3.053868e+002
1.958000 3.053014e+002
1.960000 3.052171e+002
1.962000 3.051341e+002
1.964000 3.050522e+002
1.966000 3.049715e+002
1.968000 3.048920e+002
1.970000 3.048136e+002
1.972000 3.047363e+002
1.974000 3.046602e+002
1.976000 3.045851e+002
1.978000 3.045112e+002
1.980000 3.044383e+002
1.982000 3.043664e+002
1.984000 3.042956e+002
1.986000 3.042259e+002
1.988000 3.041571e+002
1.990000 3.040894e+002
1.992000 3.040226e+002
1.994000 3.039569e+002
1.996000 3.038921e+002
1.998000 3.038282e+002
2.000000 3.037654e+002
2.002000 3.037034e+002
2.004000 3.036423e+002
2.006000 3.035822e+002
2.008000 3.035230e+002
2.010000 3.034646e+002
2.012000 3.034071e+002
2.014000 3.033505e+002
2.016000 3.032947e+002
2.018000 3.032398e+002
2.020000 3.031857e+002
2.022000 3.031324e+002
2.024000 3.030799e+002
2.026000 3.030283e+002
2.028000 3.029774e+002
2.030000 3.029272e+002
2.032000 3.028779e+002
2.034000 3.028293e+002
2.036000 3.027814e+002
2.038000 3.027343e+002
2.040000 3.026879e+002
2.042000 3.026422e+002
2.044000 3.025972e+002
2.046000 3.025529e+002
2.048000 3.025093e+002
2.050000 3.024664e+002
2.052000 3.024241e+002
2.054000 3.023826e+002
2.056000 3.023416e+002
2.058000 3.023013e+002
2.060000 3.022616e+002
2.062000 3.022226e+002
2.064000 3.021841e+002
2.066000 3.021463e+002
2.068000 3.021090e+002
2.070000 3.020724e+002
2.072000 3.020363e+002
2.074000 3.020008e+002
2.076000 3.019659e+002
2.078000 3.019315e+002
2.080000 3.018977e+002
2.082000 3.018644e+002
2.084000 3.018317e+002
2.086000 3.017994e+002
2.088000 3.017677e+002
2.090000 3.017365e+002
2.092000 3.017058e+002
2.094000 3.016756e+002
2.096000 3.016459e+002
2.098000 3.016167e+002
2.100000 3.015879e+002
2.102000 3.015597e+002
2.104000 3.015318e+002
2.106000 3.015045e+002
2.108000 3.014775e+002
2.110000 3.014511e+002
2.112000 3.014250e+002
2.114000 3.013994e+002
2.116000 3.013742e+002
2.118000 3.013494e+002
2.120000 3.013251e+002
2.122000 3.013011e+002
2.124000 3.012775e+002
2.126000 3.012544e+002
2.128000 3.012316e+002
2.130000 3.012092e+002
2.132000 3.011871e+002
2.134000 3.011655e+002
2.136000 3.011442e+002
2.138000 3.011232e+002
2.140000 3.011026e+002
2.142000 3.010824e+002
2.144000 3.010625e+002
2.146000 3.010429e+002
2.148000 3.010237e+002
2.150000 3.010048e+002
2.152000 3.009862e+002
2.154000 3.009679e+002
2.156000 3.009500e+002
2.158000 3.009323e+002
2.160000 3.009150e+002
2.162000 3.008980e+002
2.164000 3.008812e+002
2.166000 3.008647e+002
2.168000 3.008485e+002
2.170000 3.008326e+002
2.172000 3.008170e+002
2.174000 3.008017e+002
2.176000 3.007866e+002
2.178000 3.007717e+002
2.180000 3.007572e+002
2.182000 3.007429e+002
2.184000 3.007288e+002
2.186000 3.007150e+002
2.188000 3.007014e+002
2.190000 3.006881e+002
2.192000 3.006750e+002
2.194000 3.006621e+002
2.196000 3.006495e+002
2.198000 3.006370e+002
2.200000 3.006248e+002
2.202000 3.006128e+002
2.204000 3.006011e+002
2.206000 3.005895e+002
2.208000 3.005782e+002
2.210000 3.005670e+002
2.212000 3.005561e+002
2.214000 3.005453e+002
2.216000 3.005347e+002
2.218000 3.005244e+002
2.220000 3.005142e+002
2.222000 3.005042e+002
2.224000 3.004944e+002
2.226000 3.004847e+002
2.228000 3.004752e+002
2.230000 3.004659e+002
2.232000 3.004568e+002
2.234000 3.004479e+002
2.236000 3.004391e+002
2.238000 3.004304e+002
2.240000 3.004219e+002
2.242000 3.004136e+002
2.244000 3.004054e+002
2.246000 3.003974e+002
2.248000 3.003895e+002
2.250000 3.003818e+002
2.252000 3.003742e+002
2.254000 3.003668e+002
2.256000 3.003595e+002
2.258000 3.003523e+002
2.260000 3.003453e+002
2.262000 3.003384e+002
2.264000 3.003316e+002
2.266000 3.003249e+002
2.268000 3.003184e+002
2.270000 3.003120e+002
2.272000 3.003057e+002
2.274000 3.002996e+002
2.276000 3.002935e+002
2.278000 3.002876e+002
2.280000 3.002817e+002
2.282000 3.002760e+002
2.284000 3.002704e+002
2.286000 3.002649e+002
2.288000 3.002595e+002
2.290000 3.002542e+002
2.292000 3.002491e+002
2.294000 3.002440e+002
2.296000 3.002390e+002
2.298000 3.002341e+002
2.300000 3.002293e+002
2.302000 3.002245e+002
2.304000 3.002199e+002
2.306000 3.002154e+002
2.308000 3.002110e+002
2.310000 3.002066e+002
2.312000 3.002023e+002
2.314000 3.001981e+002
2.316000 3.001940e+002
2.318000 3.001900e+002
2.320000 3.001860e+002
2.322000 3.001822e+002
2.324000 3.001784e+002
2.326000 3.001746e+002
2.328000 3.001710e+002
2.330000 3.001674e+002
2.332000 3.001639e+002
2.334000 3.001604e+002
2.336000 3.001571e+002
2.338000 3.001538e+002
2.340000 3.001505e+002
2.342000 3.001473e+002
2.344000 3.001442e+002
2.346000 3.001412e+002
2.348000 3.001382e+002
2.350000 3.001353e+002
2.352000 3.001324e+002
2.354000 3.001296e+002
2.356000 3.001268e+002
2.358000 3.001241e+002
2.360000 3.001215e+002
2.362000 3.001189e+002
2.364000 3.001163e+002
2.366000 3.001138e+002
2.368000 3.001114e+002
2.370000 3.001090e+002
2.372000 3.001066e+002
2.374000 3.001043e+002
2.376000 3.001021e+002
2.378000 3.000999e+002
2.380000 3.000977e+002
2.382000 3.000956e+002
2.384000 3.000935e+002
2.386000 3.000915e+002
2.388000 3.000895e+002
2.390000 3.000876e+002
2.392000 3.000857e+002
2.394000 3.000838e+002
2.396000 3.000820e+002
2.398000 3.000802e+002
2.400000 3.000784e+002
2.402000 3.000767e+002
2.404000 3.000750e+002
2.406000 3.000733e+002
2.408000 3.000717e+002
2.410000 3.000702e+002
2.412000 3.000686e+002
2.414000 3.000671e+002
2.416000 3.000656e+002
2.418000 3.000641e+002
2.420000 3.000627e+002
2.422000 3.000613e+002
2.424000 3.000600e+002
2.426000 3.000586e+002
2.428000 3.000573e+002
2.430000 3.000560e+002
2.432000 3.000548e+002
2.434000 3.000536e+002
2.436000 3.000524e+002
2.438000 3.000512e+002
2.440000 3.000500e+002
2.442000 3.000489e+002
2.444000 3.000478e+002
2.446000 3.000467e+002
2.448000 3.000457e+002
2.450000 3.000446e+002
2.452000 3.000436e+002
2.454000 3.000426e+002
2.456000 3.000417e+002
2.458000 3.000407e+002
2.460000 3.000398e+002
2.462000 3.000389e+002
2.464000 3.000380e+002
2.466000 3.000371e+002
2.468000 3.000363e+002
2.470000 3.000355e+002
2.472000 3.000347e+002
2.474000 3.000339e+002
2.476000 3.000331e+002
2.478000 3.000323e+002
2.480000 3.000316e+002
2.482000 3.000308e+002
2.484000 3.000301e+002
2.486000 3.000294e+002
2.488000 3.000288e+002
2.490000 3.000281e+002
2.492000 3.000274e+002
2.494000 3.000268e+002
2.496000 3.000262e+002
2.498000 3.000256e+002
2.500000 3.000250e+002
2.502000 3.000244e+002
2.504000 3.000238e+002
2.506000 3.000233e+002
2.508000 3.000227e+002
2.510000 3.000222e+002
2.512000 3.000217e+002
2.514000 3.000212e+002
2.516000 3.000207e+002
2.518000 3.000202e+002
2.520000 3.000197e+002
2.522000 3.000192e+002
2.524000 3.000188e+002
2.526000 3.000183e+002
2.528000 3.000179e+002
2.530000 3.000175e+002
2.532000 3.000171e+002
2.534000 3.000167e+002
2.536000 3.000163e+002
2.538000 3.000159e+002
2.540000 3.000155e+002
2.542000 3.000151e+002
2.544000 3.000148e+002
2.546000 3.000144e+002
2.548000 3.000141e+002
2.550000 3.000137e+002
2.552000 3.000134e+002
2.554000 3.000131e+002
2.556000 3.000128e+002
2.558000 3.000125e+002
2.560000 3.000122e+002
2.562000 3.000119e+002
2.564000 3.000116e+002
2.566000 3.000113e+002
2.568000 3.000110e+002
2.570000 3.000108e+002
2.572000 3.000105e+002
2.574000 3.000102e+002
2.576000 3.000100e+002
2.578000 3.000097e+002
2.580000 3.000095e+002
2.582000 3.000093e+002
2.584000 3.000090e+002
2.586000 3.000088e+002
2.588000 3.000086e+002
2.590000 3.000084e+002
2.592000 3.000082e+002
2.594000 3.000080e+002
2.596000 3.000078e+002
2.598000 3.000076e+002
2.600000 3.000074e+002
2.602000 3.000072e+002
2.604000 3.000070e+002
2.606000 3.000069e+002
2.608000 3.000067e+002
2.610000 3.000065e+002
2.612000 3.000064e+002
2.614000 3.000062e+002
2.616000 3.000061e+002
2.618000 3.000059e+002
2.620000 3.000058e+002
2.622000 3.000056e+002
2.624000 3.000055e+002
2.626000 3.000053e+002
2.628000 3.000052e+002
2.630000 3.000051e+002
2.632000 3.000049e+002
2.634000 3.000048e+002
2.636000 3.000047e+002
2.638000 3.000046e+002
2.640000 3.000045e+002
2.642000 3.000044e+002
2.644000 3.000042e+002
2.646000 3.000041e+002
2.648000 3.000040e+002
2.650000 3.000039e+002
2.652000 3.000038e+002
2.654000 3.000037e+002
2.656000 3.000036e+002
2.658000 3.000035e+002
2.660000 3.000035e+002
2.662000 3.000034e+002
2.664000 3.000033e+002
2.666000 3.000032e+002
2.668000 3.000031e+002
2.670000 3.000030e+002
2.672000 3.000030e+002
2.674000 3.000029e+002
2.676000 3.000028e+002
2.678000 3.000027e+002
2.680000 3.000027e+002
2.682000 3.000026e+002
2.684000 3.000025e+002
2.686000 3.000025e+002
2.688000 3.000024e+002
2.690000 3.000023e+002
2.692000 3.000023e+002
2.694000 3.000022e+002
2.696000 3.000022e+002
2.698000 3.000021e+002
2.700000 3.000020e+002
2.702000 3.000020e+002
2.704000 3.000019e+002
2.706000 3.000019e+002
2.708000 3.000018e+002
2.710000 3.000018e+002
2.712000 3.000017e+002
2.714000 3.000017e+002
2.716000 3.000017e+002
2.718000 3.000016e+002
2.720000 3.000016e+002
2.722000 3.000015e+002
2.724000 3.000015e+002
2.726000 3.000014e+002
2.728000 3.000014e+002
2.730000 3.000014e+002
2.732000 3.000013e+002
2.734000 3.000013e+002
2.736000 3.000013e+002
2.738000 3.000012e+002
2.740000 3.000012e+002
2.742000 3.000012e+002
2.744000 3.000011e+002
2.746000 3.000011e+002
2.748000 3.000011e+002
2.750000 3.000010e+002
2.752000 3.000010e+002
2.754000 3.000010e+002
2.756000 3.000010e+002
2.758000 3.000009e+002
2.760000 3.000009e+002
2.762000 3.000009e+002
2.764000 3.000009e+002
2.766000 3.000008e+002
2.768000 3.000008e+002
2.770000 3.000008e+002
2.772000 3.000008e+002
2.774000 3.000008e+002
2.776000 3.000007e+002
2.778000 3.000007e+002
2.780000 3.000007e+002
2.782000 3.000007e+002
2.784000 3.000007e+002
2.786000 3.000006e+002
2.788000 3.000006e+002
2.790000 3.000006e+002
2.792000 3.000006e+002
2.794000 3.000006e+002
2.796000 3.000006e+002
2.798000 3.000005e+002
2.800000 3.000005e+002
2.802000 3.000005e+002
2.804000 3.000005e+002
2.806000 3.000005e+002
2.808000 3.000005e+002
2.810000 3.000005e+002
2.812000 3.000004e+002
2.814000 3.000004e+002
2.816000 3.000004e+002
2.818000 3.000004e+002
2.820000 3.000004e+002
2.822000 3.000004e+002
2.824000 3.000004e+002
2.826000 3.000004e+002
2.828000 3.000004e+002
2.830000 3.000003e+002
2.832000 3.000003e+002
2.834000 3.000003e+002
2.836000 3.000003e+002
2.838000 3.000003e+002
2.840000 3.000003e+002
2.842000 3.000003e+002
2.844000 3.000003e+002
2.846000 3.000003e+002
2.848000 3.000003e+002
2.850000 3.000003e+002
2.852000 3.000003e+002
2.854000 3.000002e+002
2.856000 3.000002e+002
2.858000 3.000002e+002
2.860000 3.000002e+002
2.862000 3.000002e+002
2.864000 3.000002e+002
2.866000 3.000002e+002
2.868000 3.000002e+002
2.870000 3.000002e+002
2.872000 3.000002e+002
2.874000 3.000002e+002
2.876000 3.000002e+002
2.878000 3.000002e+002
2.880000 3.000002e+002
2.882000 3.000002e+002
2.884000 3.000002e+002
2.886000 3.000002e+002
2.888000 3.000001e+002
2.890000 3.000001e+002
2.892000 3.000001e+002
2.894000 3.000001e+002
2.896000 3.000001e+002
2.898000 3.000001e+002
2.900000 3.000001e+002
2.902000 3.000001e+002
2.904000 3.000001e+002
2.906000 3.000001e+002
2.908000 3.000001e+002
2.910000 3.000001e+002
2.912000 3.000001e+002
2.914000 3.000001e+002
2.916000 3.000001e+002
2.918000 3.000001e+002
2.920000 3.000001e+002
2.922000 3.000001e+002
2.924000 3.000001e+002
2.926000 3.000001e+002
2.928000 3.000001e+002
2.930000 3.000001e+002
2.932000 3.000001e+002
2.934000 3.000001e+002
2.936000 3.000001e+002
2.938000 3.000001e+002
2.940000 3.000001e+002
2.942000 3.000001e+002
2.944000 3.000001e+002
2.946000 3.000001e+002
2.948000 3.000001e+002
2.950000 3.000001e+002
2.952000 3.000001e+002
2.954000 3.000001e+002
2.956000 3.000001e+002
2.958000 3.000001e+002
2.960000 3.000001e+002
2.962000 3.000000e+002
2.964000 3.000000e+002
2.966000 3.000000e+002
2.968000 3.000000e+002
2.970000 3.000000e+002
2.972000 3.000000e+002
2.974000 3.000000e+002
2.976000 3.000000e+002
2.978000 3.000000e+002
2.980000 3.000000e+002
2.982000 3.000000e+002
2.984000 3.000000e+002
2.986000 3.000000e+002
2.988000 3.000000e+002
2.990000 3.000000e+002
2.992000 3.000000e+002
2.994000 3.000000e+002
2.996000 3.000000e+002
2.998000 3.000000e+002
3.000000 3.000000e+002
3.002000 3.000000e+002
3.004000 3.000000e+002
3.006000 3.000000e+002
3.008000 3.000000e+002
3.010000 3.000000e+002
3.012000 3.000000e+002
3.014000 3.000000e+002
3.016000 3.000000e+002
3.018000 3.000000e+002
3.020000 3.000000e+002
3.022000 3.000000e+002
3.024000 3.000000e+002
3.026000 3.000000e+002
3.028000 3.000000e+002
3.030000 3.000000e+002
3.032000 3.000000e+002
3.034000 3.000000e+002
3.036000 3.000000e+002
3.038000 3.000000e+002
3.040000 3.000000e+002
3.042000 3.000000e+002
3.044000 3.000000e+002
3.046000 3.000000e+002
3.048000 3.000000e+002
3.050000 3.000000e+002
3.052000 3.000000e+002
3.054000 3.000000e+002
3.056000 3.000000e+002
3.058000 3.000000e+002
3.060000 3.000000e+002
3.062000 3.000000e+002
3.064000 3.000000e+002
3.066000 3.000000e+002
3.068000 3.000000e+002
3.070000 3.000000e+002
3.072000 3.000000e+002
3.074000 3.000000e+002
3.076000 3.000000e+002
3.078000 3.000000e+002
3.080000 3.000000e+002
3.082000 3.000000e+002
3.084000 3.000000e+002
3.086000 3.000000e+002
3.088000 3.000000e+002
3.090000 3.000000e+002
3.092000 3.000000e+002
3.094000 3.000000e+002
3.096000 3.000000e+002
3.098000 3.000000e+002
3.100000 3.000000e+002
3.102000 3.000000e+002
3.104000 3.000000e+002
3.106000 3.000000e+002
3.108000 3.000000e+002
3.110000 3.000000e+002
3.112000 3.000000e+002
3.114000 3.000000e+002
3.116000 3.000000e+002
3.118000 3.000000e+002
3.120000 3.000000e+002
3.122000 3.000000e+002
3.124000 3.000000e+002
3.126000 3.000000e+002
3.128000 3.000000e+002
3.130000 3.000000e+002
3.132000 3.000000e+002
3.134000 3.000000e+002
3.136000 3.000000e+002
3.138000 3.000000e+002
3.140000 3.000000e+002
3.142000 3.000000e+002
3.144000 3.000000e+002
3.146000 3.000000e+002
3.148000 3.000000e+002
3.150000 3.000000e+002
3.152000 3.000000e+002
3.154000 3.000000e+002
3.156000 3.000000e+002
3.158000 3.000000e+002
3.160000 3.000000e+002
3.162000 3.000000e+002
3.164000 3.000000e+002
3.166000 3.000000e+002
3.168000 3.000000e+002
3.170000 3.000000e+002
3.172000 3.000000e+002
3.174000 3.000000e+002
3.176000 3.000000e+002
3.178000 3.000000e+002
3.180000 3.000000e+002
3.182000 3.000000e+002
3.184000 3.000000e+002
3.186000 3.000000e+002
3.188000 3.000000e+002
3.190000 3.000000e+002
3.192000 3.000000e+002
3.194000 3.000000e+002
3.196000 3.000000e+002
3.198000 3.000000e+002
3.200000 3.000000e+002
3.202000 3.000000e+002
3.204000 3.000000e+002
3.206000 3.000000e+002
3.208000 3.000000e+002
3.210000 3.000000e+002
3.212000 3.000000e+002
3.214000 3.000000e+002
3.216000 3.000000e+002
3.218000 3.000000e+002
3.220000 3.000000e+002
3.222000 3.000000e+002
3.224000 3.000000e+002
3.226000 3.000000e+002
3.228000 3.000000e+002
3.230000 3.000000e+002
3.232000 3.000000e+002
3.234000 3.000000e+002
3.236000 3.000000e+002
3.238000 3.000000e+002
3.240000 3.000000e+002
3.242000 3.000000e+002
3.244000 3.000000e+002
3.246000 3.000000e+002
3.248000 3.000000e+002
3.250000 3.000000e+002
3.252000 3.000000e+002
3.254000 3.000000e+002
3.256000 3.000000e+002
3.258000 3.000000e+002
3.260000 3.000000e+002
3.262000 3.000000e+002
3.264000 3.000000e+002
3.266000 3.000000e+002
3.268000 3.000000e+002
3.270000 3.000000e+002
3.272000 3.000000e+002
3.274000 3.000000e+002
3.276000 3.000000e+002
3.278000 3.000000e+002
3.280000 3.000000e+002
3.282000 3.000000e+002
3.284000 3.000000e+002
3.286000 3.000000e+002
3.288000 3.000000e+002
3.290000 3.000000e+002
3.292000 3.000000e+002
3.294000 3.000000e+002
3.296000 3.000000e+002
3.298000 3.000000e+002
3.300000 3.000000e+002
3.302000 3.000000e+002
3.304000 3.000000e+002
3.306000 3.000000e+002
3.308000 3.000000e+002
3.310000 3.000000e+002
3.312000 3.000000e+002
3.314000 3.000000e+002
3.316000 3.000000e+002
3.318000 3.000000e+002
3.320000 3.000000e+002
3.322000 3.000000e+002
3.324000 3.000000e+002
3.326000 3.000000e+002
3.328000 3.000000e+002
3.330000 3.000000e+002
3.332000 3.000000e+002
3.334000 3.000000e+002
3.336000 3.000000e+002
3.338000 3.000000e+002
3.340000 3.000000e+002
3.342000 3.000000e+002
3.344000 3.000000e+002
3.346000 3.000000e+002
3.348000 3.000000e+002
3.350000 3.000000e+002
3.352000 3.000000e+002
3.354000 3.000000e+002
3.356000 3.000000e+002
3.358000 3.000000e+002
3.360000 3.000000e+002
3.362000 3.000000e+002
3.364000 3.000000e+002
3.366000 3.000000e+002
3.368000 3.000000e+002
3.370000 3.000000e+002
3.372000 3.000000e+002
3.374000 3.000000e+002
3.376000 3.000000e+002
3.378000 3.000000e+002
3.380000 3.000000e+002
3.382000 3.000000e+002
3.384000 3.000000e+002
3.386000 3.000000e+002
3.388000 3.000000e+002
3.390000 3.000000e+002
3.392000 3.000000e+002
3.394000 3.000000e+002
3.396000 3.000000e+002
3.398000 3.000000e+002
3.400000 3.000000e+002
3.402000 3.000000e+002
3.404000 3.000000e+002
3.406000 3.000000e+002
3.408000 3.000000e+002
3.410000 3.000000e+002
3.412000 3.000000e+002
3.414000 3.000000e+002
3.416000 3.000000e+002
3.418000 3.000000e+002
3.420000 3.000000e+002
3.422000 3.000000e+002
3.424000 3.000000e+002
3.426000 3.000000e+002
3.428000 3.000000e+002
3.430000 3.000000e+002
3.432000 3.000000e+002
3.434000 3.000000e+002
3.436000 3.000000e+002
3.438000 3.000000e+002
3.440000 3.000000e+002
3.442000 3.000000e+002
3.444000 3.000000e+002
3.446000 3.000000e+002
3.448000 3.000000e+002
3.450000 3.000000e+002
3.452000 3.000000e+002
3.454000 3.000000e+002
3.456000 3.000000e+002
3.458000 3.000000e+002
3.460000 3.000000e+002
3.462000 3.000000e+002
3.464000 3.000000e+002
3.466000 3.000000e+002
3.468000 3.000000e+002
3.470000 3.000000e+002
3.472000 3.000000e+002
3.474000 3.000000e+002
3.476000 3.000000e+002
3.478000 3.000000e+002
3.480000 3.000000e+002
3.482000 3.000000e+002
3.484000 3.000000e+002
3.486000 3.000000e+002
3.488000 3.000000e+002
3.490000 3.000000e+002
3.492000 3.000000e+002
3.494000 3.000000e+002
3.496000 3.000000e+002
3.498000 3.000000e+002
3.500000 3.000000e+002
3.502000 3.000000e+002
3.504000 3.000000e+002
3.506000 3.000000e+002
3.508000 3.000000e+002
3.510000 3.000000e+002
3.512000 3.000000e+002
3.514000 3.000000e+002
3.516000 3.000000e+002
3.518000 3.000000e+002
3.520000 3.000000e+002
3.522000 3.000000e+002
3.524000 3.000000e+002
3.526000 3.000000e+002
3.528000 3.000000e+002
3.530000 3.000000e+002
3.532000 3.000000e+002
3.534000 3.000000e+002
3.536000 3.000000e+002
3.538000 3.000000e+002
3.540000 3.000000e+002
3.542000 3.000000e+002
3.544000 3.000000e+002
3.546000 3.000000e+002
3.548000 3.000000e+002
3.550000 3.000000e+002
3.552000 3.000000e+002
3.554000 3.000000e+002
3.556000 3.000000e+002
3.558000 3.000000e+002
3.560000 3.000000e+002
3.562000 3.000000e+002
3.564000 3.000000e+002
3.566000 3.000000e+002
3.568000 3.000000e+002
3.570000 3.000000e+002
3.572000 3.000000e+002
3.574000 3.000000e+002
3.576000 3.000000e+002
3.578000 3.000000e+002
3.580000 3.000000e+002
3.582000 3.000000e+002
3.584000 3.000000e+002
3.586000 3.000000e+002
3.588000 3.000000e+002
3.590000 3.000000e+002
3.592000 3.000000e+002
3.594000 3.000000e+002
3.596000 3.000000e+002
3.598000 3.000000e+002
3.600000 3.000000e+002
3.602000 3.000000e+002
3.604000 3.000000e+002
3.606000 3.000000e+002
3.608000 3.000000e+002
3.610000 3.000000e+002
3.612000 3.000000e+002
3.614000 3.000000e+002
3.616000 3.000000e+002
3.618000 3.000000e+002
3.620000 3.000000e+002
3.622000 3.000000e+002
3.624000 3.000000e+002
3.626000 3.000000e+002
3.628000 3.000000e+002
3.630000 3.000000e+002
3.632000 3.000000e+002
3.634000 3.000000e+002
3.636000 3.000000e+002
3.638000 3.000000e+002
3.640000 3.000000e+002
3.642000 3.000000e+002
3.644000 3.000000e+002
3.646000 3.000000e+002
3.648000 3.000000e+002
3.650000 3.000000e+002
3.652000 3.000000e+002
3.654000 3.000000e+002
3.656000 3.000000e+002
3.658000 3.000000e+002
3.660000 3.000000e+002
3.662000 3.000000e+002
3.664000 3.000000e+002
3.666000 3.000000e+002
3.668000 3.000000e+002
3.670000 3.000000e+002
3.672000 3.000000e+002
3.674000 3.000000e+002
3.676000 3.000000e+002
3.678000 3.000000e+002
3.680000 3.000000e+002
3.682000 3.000000e+002
3.684000 3.000000e+002
3.686000 3.000000e+002
3.688000 3.000000e+002
3.690000 3.000000e+002
3.692000 3.000000e+002
3.694000 3.000000e+002
3.696000 3.000000e+002
3.698000 3.000000e+002
3.700000 3.000000e+002
3.702000 3.000000e+002
3.704000 3.000000e+002
3.706000 3.000000e+002
3.708000 3.000000e+002
3.710000 3.000000e+002
3.712000 3.000000e+002
3.714000 3.000000e+002
3.716000 3.000000e+002
3.718000 3.000000e+002
3.720000 3.000000e+002
3.722000 3.000000e+002
3.724000 3.000000e+002
3.726000 3.000000e+002
3.728000 3.000000e+002
3.730000 3.000000e+002
3.732000 3.000000e+002
3.734000 3.000000e+002
3.736000 3.000000e+002
3.738000 3.000000e+002
3.740000 3.000000e+002
3.742000 3.000000e+002
3.744000 3.000000e+002
3.746000 3.000000e+002
3.748000 3.000000e+002
3.750000 3.000000e+002
3.752000 3.000000e+002
3.754000 3.000000e+002
3.756000 3.000000e+002
3.758000 3.000000e+002
3.760000 3.000000e+002
3.762000 3.000000e+002
3.764000 3.000000e+002
3.766000 3.000000e+002
3.768000 3.000000e+002
3.770000 3.000000e+002
3.772000 3.000000e+002
3.774000 3.000000e+002
3.776000 3.000000e+002
3.778000 3.000000e+002
3.780000 3.000000e+002
3.782000 3.000000e+002
3.784000 3.000000e+002
3.786000 3.000000e+002
3.788000 3.000000e+002
3.790000 3.000000e+002
3.792000 3.000000e+002
3.794000 3.000000e+002
3.796000 3.000000e+002
3.798000 3.000000e+002
3.800000 3.000000e+002
3.802000 3.000000e+002
3.804000 3.000000e+002
3.806000 3.000000e+002
3.808000 3.000000e+002
3.810000 3.000000e+002
3.812000 3.000000e+002
3.814000 3.000000e+002
3.816000 3.000000e+002
3.818000 3.000000e+002
3.820000 3.000000e+002
3.822000 3.000000e+002
3.824000 3.000000e+002
3.826000 3.000000e+002
3.828000 3.000000e+002
3.830000 3.000000e+002
3.832000 3.000000e+002
3.834000 3.000000e+002
3.836000 3.000000e+002
3.838000 3.000000e+002
3.840000 3.000000e+002
3.842000 3.000000e+002
3.844000 3.000000e+002
3.846000 3.000000e+002
3.848000 3.000000e+002
3.850000 3.000000e+002
3.852000 3.000000e+002
3.854000 3.000000e+002
3.856000 3.000000e+002
3.858000 3.000000e+002
3.860000 3.000000e+002
3.862000 3.000000e+002
3.864000 3.000000e+002
3.866000 3.000000e+002
3.868000 3.000000e+002
3.870000 3.000000e+002
3.872000 3.000000e+002
3.874000 3.000000e+002
3.876000 3.000000e+002
3.878000 3.000000e+002
3.880000 3.000000e+002
3.882000 3.000000e+002
3.884000 3.000000e+002
3.886000 3.000000e+002
3.888000 3.000000e+002
3.890000 3.000000e+002
3.892000 3.000000e+002
3.894000 3.000000e+002
3.896000 3.000000e+002
3.898000 3.000000e+002
3.900000 3.000000e+002
3.902000 3.000000e+002
3.904000 3.000000e+002
3.906000 3.000000e+002
3.908000 3.000000e+002
3.910000 3.000000e+002
3.912000 3.000000e+002
3.914000 3.000000e+002
3.916000 3.000000e+002
3.918000 3.000000e+002
3.920000 3.000000e+002
3.922000 3.000000e+002
3.924000 3.000000e+002
3.926000 3.000000e+002
3.928000 3.000000e+002
3.930000 3.000000e+002
3.932000 3.000000e+002
3.934000 3.000000e+002
3.936000 3.000000e+002
3.938000 3.000000e+002
3.940000 3.000000e+002
3.942000 3.000000e+002
3.944000 3.000000e+002
3.946000 3.000000e+002
3.948000 3.000000e+002
3.950000 3.000000e+002
3.952000 3.000000e+002
3.954000 3.000000e+002
3.956000 3.000000e+002
3.958000 3.000000e+002
3.960000 3.000000e+002
3.962000 3.000000e+002
3.964000 3.000000e+002
3.966000 3.000000e+002
3.968000 3.000000e+002
3.970000 3.000000e+002
3.972000 3.000000e+002
3.974000 3.000000e+002
3.976000 3.000000e+002
3.978000 3.000000e+002
3.980000 3.000000e+002
3.982000 3.000000e+002
3.984000 3.000000e+002
3.986000 3.000000e+002
3.988000 3.000000e+002
3.990000 3.000000e+002
3.992000 3.000000e+002
3.994000 3.000000e+002
3.996000 3.000000e+002
3.998000 3.000000e+002
