0.000000 3.373902e+002
0.002000 3.415369e+002
0.004000 3.456824e+002
0.006000 3.498266e+002
0.008000 3.539693e+002
0.010000 3.581105e+002
0.012000 3.622500e+002
0.014000 3.663877e+002
0.016000 3.705235e+002
0.018000 3.746573e+002
0.020000 3.787888e+002
0.022000 3.829181e+002
0.024000 3.870450e+002
0.026000 3.911693e+002
0.028000 3.952910e+002
0.030000 3.994100e+002
0.032000 4.035260e+002
0.034000 4.076390e+002
0.036000 4.117489e+002
0.038000 4.158556e+002
0.040000 4.199588e+002
0.042000 4.240586e+002
0.044000 4.281548e+002
0.046000 4.322473e+002
0.048000 4.363359e+002
0.050000 4.404205e+002
0.052000 4.445011e+002
0.054000 4.485775e+002
0.056000 4.526495e+002
0.058000 4.567171e+002
0.060000 4.607802e+002
0.062000 4.648386e+002
0.064000 4.688922e+002
0.066000 4.729409e+002
0.068000 4.769845e+002
0.070000 4.810230e+002
0.072000 4.850563e+002
0.074000 4.890842e+002
0.076000 4.931066e+002
0.078000 4.971235e+002
0.080000 5.011346e+002
0.082000 5.051398e+002
0.084000 5.091391e+002
0.086000 5.131324e+002
0.088000 5.171195e+002
0.090000 5.211003e+002
0.092000 5.250747e+002
0.094000 5.290425e+002
0.096000 5.330038e+002
0.098000 5.369583e+002
0.100000 5.409060e+002
0.102000 5.448467e+002
0.104000 5.487803e+002
0.106000 5.527067e+002
0.108000 5.566258e+002
0.110000 5.605376e+002
0.112000 5.644418e+002
0.114000 5.683383e+002
0.116000 5.722272e+002
0.118000 5.761082e+002
0.120000 5.799812e+002
0.122000 5.838462e+002
0.124000 5.877030e+002
0.126000 5.915515e+002
0.128000 5.953917e+002
0.130000 5.992233e+002
0.132000 6.030464e+002
0.134000 6.068607e+002
0.136000 6.106662e+002
0.138000 6.144629e+002
0.140000 6.182505e+002
0.142000 6.220290e+002
0.144000 6.257982e+002
0.146000 6.295581e+002
0.148000 6.333086e+002
0.150000 6.370496e+002
0.152000 6.407809e+002
0.154000 6.445025e+002
0.156000 6.482142e+002
0.158000 6.519160e+002
0.160000 6.556078e+002
0.162000 6.592894e+002
0.164000 6.629608e+002
0.166000 6.666219e+002
0.168000 6.702725e+002
0.170000 6.739125e+002
0.172000 6.775420e+002
0.174000 6.811607e+002
0.176000 6.847686e+002
0.178000 6.883656e+002
0.180000 6.919516e+002
0.182000 6.955264e+002
0.184000 6.990901e+002
0.186000 7.026425e+002
0.188000 7.061834e+002
0.190000 7.097129e+002
0.192000 7.132308e+002
0.194000 7.167371e+002
0.196000 7.202316e+002
0.198000 7.237142e+002
0.200000 7.271850e+002
0.202000 7.306437e+002
0.204000 7.340902e+002
0.206000 7.375246e+002
0.208000 7.409467e+002
0.210000 7.443564e+002
0.212000 7.477537e+002
0.214000 7.511384e+002
0.216000 7.545104e+002
0.218000 7.578698e+002
0.220000 7.612163e+002
0.222000 7.645500e+002
0.224000 7.678707e+002
0.226000 7.711783e+002
0.228000 7.744728e+002
0.230000 7.777541e+002
0.232000 7.810221e+002
0.234000 7.842768e+002
0.236000 7.875179e+002
0.238000 7.907456e+002
0.240000 7.939596e+002
0.242000 7.971600e+002
0.244000 8.003465e+002
0.246000 8.035193e+002
0.248000 8.066781e+002
0.250000 8.098229e+002
0.252000 8.129537e+002
0.254000 8.160703e+002
0.256000 8.191727e+002
0.258000 8.222608e+002
0.260000 8.253346e+002
0.262000 8.283940e+002
0.264000 8.314388e+002
0.266000 8.344691e+002
0.268000 8.374847e+002
0.270000 8.404856e+002
0.272000 8.434718e+002
0.274000 8.464431e+002
0.276000 8.493995e+002
0.278000 8.523409e+002
0.280000 8.552673e+002
0.282000 8.581786e+002
0.284000 8.610747e+002
0.286000 8.639556e+002
0.288000 8.668212e+002
0.290000 8.696714e+002
0.292000 8.725062e+002
0.294000 8.753256e+002
0.296000 8.781294e+002
0.298000 8.809176e+002
0.300000 8.836901e+002
0.302000 8.864469e+002
0.304000 8.891880e+002
0.306000 8.919132e+002
0.308000 8.946226e+002
0.310000 8.973160e+002
0.312000 8.999934e+002
0.314000 9.026547e+002
0.316000 9.053000e+002
0.318000 9.079291e+002
0.320000 9.105420e+002
0.322000 9.131387e+002
0.324000 9.157190e+002
0.326000 9.182830e+002
0.328000 9.208306e+002
0.330000 9.233617e+002
0.332000 9.258763e+002
0.334000 9.283744e+002
0.336000 9.308559e+002
0.338000 9.333207e+002
0.340000 9.357688e+002
0.342000 9.382003e+002
0.344000 9.406149e+002
0.346000 9.430128e+002
0.348000 9.453937e+002
0.350000 9.477578e+002
0.352000 9.501049e+002
0.354000 9.524351e+002
0.356000 9.547482e+002
0.358000 9.570443e+002
0.360000 9.593233e+002
0.362000 9.615852e+002
0.364000 9.638298e+002
0.366000 9.660573e+002
0.368000 9.682676e+002
0.370000 9.704605e+002
0.372000 9.726362e+002
0.374000 9.747945e+002
0.376000 9.769354e+002
0.378000 9.790590e+002
0.380000 9.811651e+002
0.382000 9.832537e+002
0.384000 9.853248e+002
0.386000 9.873785e+002
0.388000 9.894145e+002
0.390000 9.914330e+002
0.392000 9.934339e+002
0.394000 9.954171e+002
0.396000 9.973827e+002
0.398000 9.993306e+002
0.400000 1.001261e+003
0.402000 1.003173e+003
0.404000 1.005068e+003
0.406000 1.006945e+003
0.408000 1.008804e+003
0.410000 1.010645e+003
0.412000 1.012469e+003
0.414000 1.014275e+003
0.416000 1.016062e+003
0.418000 1.017832e+003
0.420000 1.019584e+003
0.422000 1.021318e+003
0.424000 1.023034e+003
0.426000 1.024733e+003
0.428000 1.026413e+003
0.430000 1.028075e+003
0.432000 1.029719e+003
0.434000 1.031346e+003
0.436000 1.032954e+003
0.438000 1.034544e+003
0.440000 1.036116e+003
0.442000 1.037670e+003
0.444000 1.039206e+003
0.446000 1.040724e+003
0.448000 1.042224e+003
0.450000 1.043706e+003
0.452000 1.045170e+003
0.454000 1.046615e+003
0.456000 1.048043e+003
0.458000 1.049452e+003
0.460000 1.050844e+003
0.462000 1.052217e+003
0.464000 1.053572e+003
0.466000 1.054909e+003
0.468000 1.056228e+003
0.470000 1.057529e+003
0.472000 1.058812e+003
0.474000 1.060077e+003
0.476000 1.061323e+003
0.478000 1.062552e+003
0.480000 1.063762e+003
0.482000 1.064954e+003
0.484000 1.066129e+003
0.486000 1.067285e+003
0.488000 1.068423e+003
0.490000 1.069543e+003
0.492000 1.070644e+003
0.494000 1.071728e+003
0.496000 1.072794e+003
0.498000 1.073842e+003
0.500000 1.074872e+003
0.502000 1.075883e+003
0.504000 1.076877e+003
0.506000 1.077853e+003
0.508000 1.078811e+003
0.510000 1.079750e+003
0.512000 1.080672e+003
0.514000 1.081576e+003
0.516000 1.082462e+003
0.518000 1.083330e+003
0.520000 1.084180e+003
0.522000 1.085013e+003
0.524000 1.085827e+003
0.526000 1.086624e+003
0.528000 1.087402e+003
0.530000 1.088163e+003
0.532000 1.088907e+003
0.534000 1.089632e+003
0.536000 1.090340e+003
0.538000 1.091030e+003
0.540000 1.091702e+003
0.542000 1.092356e+003
0.544000 1.092993e+003
0.546000 1.093613e+003
0.548000 1.094214e+003
0.550000 1.094799e+003
0.552000 1.095365e+003
0.554000 1.095914e+003
0.556000 1.096446e+003
0.558000 1.096960e+003
0.560000 1.097457e+003
0.562000 1.097936e+003
0.564000 1.098398e+003
0.566000 1.098842e+003
0.568000 1.099269e+003
0.570000 1.099679e+003
0.572000 1.100072e+003
0.574000 1.100447e+003
0.576000 1.100805e+003
0.578000 1.101146e+003
0.580000 1.101470e+003
0.582000 1.101777e+003
0.584000 1.102066e+003
0.586000 1.102339e+003
0.588000 1.102595e+003
0.590000 1.102834e+003
0.592000 1.103055e+003
0.594000 1.103260e+003
0.596000 1.103448e+003
0.598000 1.103620e+003
0.600000 1.103774e+003
0.602000 1.103912e+003
0.604000 1.104033e+003
0.606000 1.104137e+003
0.608000 1.104225e+003
0.610000 1.104296e+003
0.612000 1.104351e+003
0.614000 1.104389e+003
0.616000 1.104411e+003
0.618000 1.104417e+003
0.620000 1.104406e+003
0.622000 1.104378e+003
0.624000 1.104335e+003
0.626000 1.104275e+003
0.628000 1.104199e+003
0.630000 1.104107e+003
0.632000 1.103999e+003
0.634000 1.103875e+003
0.636000 1.103735e+003
0.638000 1.103579e+003
0.640000 1.103407e+003
0.642000 1.103219e+003
0.644000 1.103015e+003
0.646000 1.102796e+003
0.648000 1.102561e+003
0.650000 1.102310e+003
0.652000 1.102044e+003
0.654000 1.101762e+003
0.656000 1.101465e+003
0.658000 1.101152e+003
0.660000 1.100824e+003
0.662000 1.100481e+003
0.664000 1.100122e+003
0.666000 1.099748e+003
0.668000 1.099359e+003
0.670000 1.098955e+003
0.672000 1.098536e+003
0.674000 1.098102e+003
0.676000 1.097652e+003
0.678000 1.097188e+003
0.680000 1.096709e+003
0.682000 1.096216e+003
0.684000 1.095707e+003
0.686000 1.095184e+003
0.688000 1.094647e+003
0.690000 1.094095e+003
0.692000 1.093528e+003
0.694000 1.092947e+003
0.696000 1.092352e+003
0.698000 1.091742e+003
0.700000 1.091118e+003
0.702000 1.090480e+003
0.704000 1.089828e+003
0.706000 1.089162e+003
0.708000 1.088481e+003
0.710000 1.087787e+003
0.712000 1.087079e+003
0.714000 1.086357e+003
0.716000 1.085622e+003
0.718000 1.084872e+003
0.720000 1.084109e+003
0.722000 1.083333e+003
0.724000 1.082543e+003
0.726000 1.081740e+003
0.728000 1.080923e+003
0.730000 1.080093e+003
0.732000 1.079250e+003
0.734000 1.078394e+003
0.736000 1.077524e+003
0.738000 1.076642e+003
0.740000 1.075747e+003
0.742000 1.074838e+003
0.744000 1.073917e+003
0.746000 1.072983e+003
0.748000 1.072037e+003
0.750000 1.071078e+003
0.752000 1.070106e+003
0.754000 1.069122e+003
0.756000 1.068126e+003
0.758000 1.067117e+003
0.760000 1.066096e+003
0.762000 1.065062e+003
0.764000 1.064017e+003
0.766000 1.062959e+003
0.768000 1.061890e+003
0.770000 1.060808e+003
0.772000 1.059715e+003
0.774000 1.058610e+003
0.776000 1.057493e+003
0.778000 1.056365e+003
0.780000 1.055225e+003
0.782000 1.054074e+003
0.784000 1.052911e+003
0.786000 1.051737e+003
0.788000 1.050552e+003
0.790000 1.049355e+003
0.792000 1.048147e+003
0.794000 1.046929e+003
0.796000 1.045699e+003
0.798000 1.044459e+003
0.800000 1.043207e+003
0.802000 1.041945e+003
0.804000 1.040672e+003
0.806000 1.039389e+003
0.808000 1.038095e+003
0.810000 1.036791e+003
0.812000 1.035476e+003
0.814000 1.034151e+003
0.816000 1.032816e+003
0.818000 1.031470e+003
0.820000 1.030115e+003
0.822000 1.028750e+003
0.824000 1.027374e+003
0.826000 1.025989e+003
0.828000 1.024594e+003
0.830000 1.023190e+003
0.832000 1.021775e+003
0.834000 1.020352e+003
0.836000 1.018918e+003
0.838000 1.017476e+003
0.840000 1.016024e+003
0.842000 1.014563e+003
0.844000 1.013093e+003
0.846000 1.011613e+003
0.848000 1.010125e+003
0.850000 1.008628e+003
0.852000 1.007122e+003
0.854000 1.005607e+003
0.856000 1.004084e+003
0.858000 1.002552e+003
0.860000 1.001011e+003
0.862000 9.994619e+002
0.864000 9.979045e+002
0.866000 9.963388e+002
0.868000 9.947649e+002
0.870000 9.931829e+002
0.872000 9.915929e+002
0.874000 9.899948e+002
0.876000 9.883889e+002
0.878000 9.867752e+002
0.880000 9.851537e+002
0.882000 9.835245e+002
0.884000 9.818878e+002
0.886000 9.802436e+002
0.888000 9.785920e+002
0.890000 9.769330e+002
0.892000 9.752667e+002
0.894000 9.735933e+002
0.896000 9.719128e+002
0.898000 9.702252e+002
0.900000 9.685307e+002
0.902000 9.668294e+002
0.904000 9.651212e+002
0.906000 9.634063e+002
0.908000 9.616848e+002
0.910000 9.599568e+002
0.912000 9.582223e+002
0.914000 9.564813e+002
0.916000 9.547341e+002
0.918000 9.529806e+002
0.920000 9.512210e+002
0.922000 9.494553e+002
0.924000 9.476836e+002
0.926000 9.459059e+002
0.928000 9.441225e+002
0.930000 9.423332e+002
0.932000 9.405383e+002
0.934000 9.387378e+002
0.936000 9.369317e+002
0.938000 9.351202e+002
0.940000 9.333033e+002
0.942000 9.314812e+002
0.944000 9.296538e+002
0.946000 9.278212e+002
0.948000 9.259836e+002
0.950000 9.241411e+002
0.952000 9.222936e+002
0.954000 9.204413e+002
0.956000 9.185843e+002
0.958000 9.167225e+002
0.960000 9.148562e+002
0.962000 9.129854e+002
0.964000 9.111102e+002
0.966000 9.092305e+002
0.968000 9.073466e+002
0.970000 9.054585e+002
0.972000 9.035663e+002
0.974000 9.016700e+002
0.976000 8.997697e+002
0.978000 8.978655e+002
0.980000 8.959575e+002
0.982000 8.940458e+002
0.984000 8.921304e+002
0.986000 8.902114e+002
0.988000 8.882889e+002
0.990000 8.863629e+002
0.992000 8.844336e+002
0.994000 8.825009e+002
0.996000 8.805651e+002
0.998000 8.786261e+002
1.000000 8.766840e+002
1.002000 8.747390e+002
1.004000 8.727910e+002
1.006000 8.708402e+002
1.008000 8.688866e+002
1.010000 8.669304e+002
1.012000 8.649715e+002
1.014000 8.630100e+002
1.016000 8.610461e+002
1.018000 8.590798e+002
1.020000 8.571112e+002
1.022000 8.551403e+002
1.024000 8.531672e+002
1.026000 8.511920e+002
1.028000 8.492148e+002
1.030000 8.472356e+002
1.032000 8.452545e+002
1.034000 8.432717e+002
1.036000 8.412870e+002
1.038000 8.393007e+002
1.040000 8.373128e+002
1.042000 8.353233e+002
1.044000 8.333324e+002
1.046000 8.313400e+002
1.048000 8.293464e+002
1.050000 8.273515e+002
1.052000 8.253554e+002
1.054000 8.233582e+002
1.056000 8.213600e+002
1.058000 8.193607e+002
1.060000 8.173606e+002
1.062000 8.153596e+002
1.064000 8.133579e+002
1.066000 8.113554e+002
1.068000 8.093524e+002
1.070000 8.073487e+002
1.072000 8.053446e+002
1.074000 8.033400e+002
1.076000 8.013350e+002
1.078000 7.993298e+002
1.080000 7.973243e+002
1.082000 7.953187e+002
1.084000 7.933129e+002
1.086000 7.913071e+002
1.088000 7.893014e+002
1.090000 7.872957e+002
1.092000 7.852902e+002
1.094000 7.832849e+002
1.096000 7.812799e+002
1.098000 7.792753e+002
1.100000 7.772711e+002
1.102000 7.752673e+002
1.104000 7.732641e+002
1.106000 7.712615e+002
1.108000 7.692595e+002
1.110000 7.672583e+002
1.112000 7.652578e+002
1.114000 7.632583e+002
1.116000 7.612596e+002
1.118000 7.592619e+002
1.120000 7.572652e+002
1.122000 7.552696e+002
1.124000 7.532751e+002
1.126000 7.512819e+002
1.128000 7.492900e+002
1.130000 7.472993e+002
1.132000 7.453101e+002
1.134000 7.433223e+002
1.136000 7.413360e+002
1.138000 7.393512e+002
1.140000 7.373681e+002
1.142000 7.353867e+002
1.144000 7.334069e+002
1.146000 7.314290e+002
1.148000 7.294529e+002
1.150000 7.274787e+002
1.152000 7.255065e+002
1.154000 7.235362e+002
1.156000 7.215680e+002
1.158000 7.196020e+002
1.160000 7.176381e+002
1.162000 7.156764e+002
1.164000 7.137170e+002
1.166000 7.117600e+002
1.168000 7.098053e+002
1.170000 7.078530e+002
1.172000 7.059033e+002
1.174000 7.039560e+002
1.176000 7.020114e+002
1.178000 7.000694e+002
1.180000 6.981301e+002
1.182000 6.961935e+002
1.184000 6.942597e+002
1.186000 6.923287e+002
1.188000 6.904007e+002
1.190000 6.884755e+002
1.192000 6.865534e+002
1.194000 6.846342e+002
1.196000 6.827182e+002
1.198000 6.808052e+002
1.200000 6.788955e+002
1.202000 6.769889e+002
1.204000 6.750856e+002
1.206000 6.731857e+002
1.208000 6.712890e+002
1.210000 6.693958e+002
1.212000 6.675060e+002
1.214000 6.656197e+002
1.216000 6.637369e+002
1.218000 6.618577e+002
1.220000 6.599821e+002
1.222000 6.581101e+002
1.224000 6.562419e+002
1.226000 6.543774e+002
1.228000 6.525167e+002
1.230000 6.506598e+002
1.232000 6.488067e+002
1.234000 6.469576e+002
1.236000 6.451124e+002
1.238000 6.432712e+002
1.240000 6.414340e+002
1.242000 6.396009e+002
1.244000 6.377718e+002
1.246000 6.359469e+002
1.248000 6.341262e+002
1.250000 6.323097e+002
1.252000 6.304974e+002
1.254000 6.286894e+002
1.256000 6.268857e+002
1.258000 6.250864e+002
1.260000 6.232915e+002
1.262000 6.215010e+002
1.264000 6.197149e+002
1.266000 6.179333e+002
1.268000 6.161563e+002
1.270000 6.143838e+002
1.272000 6.126159e+002
1.274000 6.108527e+002
1.276000 6.090941e+002
1.278000 6.073401e+002
1.280000 6.055909e+002
1.282000 6.038465e+002
1.284000 6.021068e+002
1.286000 6.003719e+002
1.288000 5.986419e+002
1.290000 5.969167e+002
1.292000 5.951964e+002
1.294000 5.934811e+002
1.296000 5.917707e+002
1.298000 5.900653e+002
1.300000 5.883649e+002
1.302000 5.866695e+002
1.304000 5.849792e+002
1.306000 5.832940e+002
1.308000 5.816139e+002
1.310000 5.799390e+002
1.312000 5.782692e+002
1.314000 5.766045e+002
1.316000 5.749451e+002
1.318000 5.732910e+002
1.320000 5.716421e+002
1.322000 5.699985e+002
1.324000 5.683602e+002
1.326000 5.667272e+002
1.328000 5.650995e+002
1.330000 5.634773e+002
1.332000 5.618604e+002
1.334000 5.602490e+002
1.336000 5.586429e+002
1.338000 5.570424e+002
1.340000 5.554473e+002
1.342000 5.538577e+002
1.344000 5.522736e+002
1.346000 5.506950e+002
1.348000 5.491220e+002
1.350000 5.475546e+002
1.352000 5.459927e+002
1.354000 5.444365e+002
1.356000 5.428858e+002
1.358000 5.413409e+002
1.360000 5.398015e+002
1.362000 5.382678e+002
1.364000 5.367398e+002
1.366000 5.352175e+002
1.368000 5.337009e+002
1.370000 5.321901e+002
1.372000 5.306849e+002
1.374000 5.291855e+002
1.376000 5.276919e+002
1.378000 5.262041e+002
1.380000 5.247221e+002
1.382000 5.232458e+002
1.384000 5.217754e+002
1.386000 5.203108e+002
1.388000 5.188520e+002
1.390000 5.173991e+002
1.392000 5.159521e+002
1.394000 5.145109e+002
1.396000 5.130756e+002
1.398000 5.116462e+002
1.400000 5.102226e+002
1.402000 5.088050e+002
1.404000 5.073933e+002
1.406000 5.059875e+002
1.408000 5.045877e+002
1.410000 5.031938e+002
1.412000 5.018058e+002
1.414000 5.004237e+002
1.416000 4.990477e+002
1.418000 4.976776e+002
1.420000 4.963134e+002
1.422000 4.949552e+002
1.424000 4.936031e+002
1.426000 4.922568e+002
1.428000 4.909166e+002
1.430000 4.895824e+002
1.432000 4.882541e+002
1.434000 4.869319e+002
1.436000 4.856157e+002
1.438000 4.843054e+002
1.440000 4.830012e+002
1.442000 4.817030e+002
1.444000 4.804108e+002
1.446000 4.791246e+002
1.448000 4.778444e+002
1.450000 4.765702e+002
1.452000 4.753021e+002
1.454000 4.740399e+002
1.456000 4.727838e+002
1.458000 4.715337e+002
1.460000 4.702896e+002
1.462000 4.690515e+002
1.464000 4.678194e+002
1.466000 4.665934e+002
1.468000 4.653733e+002
1.470000 4.641593e+002
1.472000 4.629513e+002
1.474000 4.617492e+002
1.476000 4.605532e+002
1.478000 4.593632e+002
1.480000 4.581791e+002
1.482000 4.570011e+002
1.484000 4.558290e+002
1.486000 4.546629e+002
1.488000 4.535028e+002
1.490000 4.523487e+002
1.492000 4.512006e+002
1.494000 4.500584e+002
1.496000 4.489221e+002
1.498000 4.477919e+002
1.500000 4.466675e+002
1.502000 4.455491e+002
1.504000 4.444367e+002
1.506000 4.433301e+002
1.508000 4.422295e+002
1.510000 4.411348e+002
1.512000 4.400461e+002
1.514000 4.389632e+002
1.516000 4.378862e+002
1.518000 4.368151e+002
1.520000 4.357498e+002
1.522000 4.346905e+002
1.524000 4.336369e+002
1.526000 4.325893e+002
1.528000 4.315474e+002
1.530000 4.305115e+002
1.532000 4.294813e+002
1.534000 4.284569e+002
1.536000 4.274383e+002
1.538000 4.264256e+002
1.540000 4.254186e+002
1.542000 4.244174e+002
1.544000 4.234219e+002
1.546000 4.224322e+002
1.548000 4.214482e+002
1.550000 4.204699e+002
1.552000 4.194974e+002
1.554000 4.185306e+002
1.556000 4.175694e+002
1.558000 4.166139e+002
1.560000 4.156641e+002
1.562000 4.147200e+002
1.564000 4.137815e+002
1.566000 4.128486e+002
1.568000 4.119213e+002
1.570000 4.109996e+002
1.572000 4.100835e+002
1.574000 4.091730e+002
1.576000 4.082680e+002
1.578000 4.073686e+002
1.580000 4.064747e+002
1.582000 4.055864e+002
1.584000 4.047035e+002
1.586000 4.038261e+002
1.588000 4.029542e+002
1.590000 4.020877e+002
1.592000 4.012267e+002
1.594000 4.003712e+002
1.596000 3.995210e+002
1.598000 3.986762e+002
1.600000 3.978368e+002
1.602000 3.970028e+002
1.604000 3.961741e+002
1.606000 3.953508e+002
1.608000 3.945327e+002
1.610000 3.937200e+002
1.612000 3.929125e+002
1.614000 3.921104e+002
1.616000 3.913134e+002
1.618000 3.905217e+002
1.620000 3.897352e+002
1.622000 3.889540e+002
1.624000 3.881779e+002
1.626000 3.874069e+002
1.628000 3.866411e+002
1.630000 3.858805e+002
1.632000 3.851249e+002
1.634000 3.843744e+002
1.636000 3.836291e+002
1.638000 3.828887e+002
1.640000 3.821534e+002
1.642000 3.814232e+002
1.644000 3.806979e+002
1.646000 3.799776e+002
1.648000 3.792623e+002
1.650000 3.785519e+002
1.652000 3.778465e+002
1.654000 3.771460e+002
1.656000 3.764503e+002
1.658000 3.757595e+002
1.660000 3.750736e+002
1.662000 3.743925e+002
1.664000 3.737163e+002
1.666000 3.730448e+002
1.668000 3.723781e+002
1.670000 3.717161e+002
1.672000 3.710589e+002
1.674000 3.704064e+002
1.676000 3.697586e+002
1.678000 3.691155e+002
1.680000 3.684771e+002
1.682000 3.678432e+002
1.684000 3.672140e+002
1.686000 3.665894e+002
1.688000 3.659694e+002
1.690000 3.653539e+002
1.692000 3.647430e+002
1.694000 3.641366e+002
1.696000 3.635346e+002
1.698000 3.629372e+002
1.700000 3.623442e+002
1.702000 3.617557e+002
1.704000 3.611715e+002
1.706000 3.605918e+002
1.708000 3.600164e+002
1.710000 3.594454e+002
1.712000 3.588787e+002
1.714000 3.583164e+002
1.716000 3.577583e+002
1.718000 3.572045e+002
1.720000 3.566549e+002
1.722000 3.561096e+002
1.724000 3.555685e+002
1.726000 3.550316e+002
1.728000 3.544988e+002
1.730000 3.539702e+002
1.732000 3.534457e+002
1.734000 3.529253e+002
1.736000 3.524090e+002
1.738000 3.518968e+002
1.740000 3.513886e+002
1.742000 3.508844e+002
1.744000 3.503843e+002
1.746000 3.498881e+002
1.748000 3.493959e+002
1.750000 3.489076e+002
1.752000 3.484232e+002
1.754000 3.479427e+002
1.756000 3.474661e+002
1.758000 3.469933e+002
1.760000 3.465244e+002
1.762000 3.460593e+002
1.764000 3.455980e+002
1.766000 3.451405e+002
1.768000 3.446867e+002
1.770000 3.442366e+002
1.772000 3.437902e+002
1.774000 3.433476e+002
1.776000 3.429086e+002
1.778000 3.424732e+002
1.780000 3.420415e+002
1.782000 3.416133e+002
1.784000 3.411888e+002
1.786000 3.407678e+002
1.788000 3.403503e+002
1.790000 3.399364e+002
1.792000 3.395259e+002
1.794000 3.391190e+002
1.796000 3.387155e+002
1.798000 3.383154e+002
1.800000 3.379188e+002
1.802000 3.375255e+002
1.804000 3.371356e+002
1.806000 3.367491e+002
1.808000 3.363659e+002
1.810000 3.359860e+002
1.812000 3.356095e+002
1.814000 3.352362e+002
1.816000 3.348661e+002
1.818000 3.344993e+002
1.820000 3.341356e+002
1.822000 3.337752e+002
1.824000 3.334180e+002
1.826000 3.330639e+002
1.828000 3.327129e+002
1.830000 3.323650e+002
1.832000 3.320202e+002
1.834000 3.316785e+002
1.836000 3.313399e+002
1.838000 3.310042e+002
1.840000 3.306716e+002
1.842000 3.303420e+002
1.844000 3.300153e+002
1.846000 3.296916e+002
1.848000 3.293709e+002
1.850000 3.290530e+002
1.852000 3.287380e+002
1.854000 3.284259e+002
1.856000 3.281167e+002
1.858000 3.278103e+002
1.860000 3.275067e+002
1.862000 3.272059e+002
1.864000 3.269078e+002
1.866000 3.266126e+002
1.868000 3.263200e+002
1.870000 3.260302e+002
1.872000 3.257431e+002
1.874000 3.254586e+002
1.876000 3.251769e+002
1.878000 3.248977e+002
1.880000 3.246212e+002
1.882000 3.243473e+002
1.884000 3.240760e+002
1.886000 3.238072e+002
1.888000 3.235410e+002
1.890000 3.232773e+002
1.892000 3.230162e+002
1.894000 3.227575e+002
1.896000 3.225013e+002
1.898000 3.222475e+002
1.900000 3.219962e+002
1.902000 3.217474e+002
1.904000 3.215009e+002
1.906000 3.212568e+002
1.908000 3.210151e+002
1.910000 3.207757e+002
1.912000 3.205386e+002
1.914000 3.203039e+002
1.916000 3.200715e+002
1.918000 3.198413e+002
1.920000 3.196134e+002
1.922000 3.193878e+002
1.924000 3.191643e+002
1.926000 3.189431e+002
1.928000 3.187241e+002
1.930000 3.185073e+002
1.932000 3.182926e+002
1.934000 3.180800e+002
1.936000 3.178696e+002
1.938000 3.176613e+002
1.940000 3.174551e+002
1.942000 3.172509e+002
1.944000 3.170488e+002
1.946000 3.168488e+002
1.948000 3.166507e+002
1.950000 3.164547e+002
1.952000 3.162607e+002
1.954000 3.160687e+002
1.956000 3.158786e+002
1.958000 3.156905e+002
1.960000 3.155042e+002
1.962000 3.153199e+002
1.964000 3.151376e+002
1.966000 3.149570e+002
1.968000 3.147784e+002
1.970000 3.146016e+002
1.972000 3.144266e+002
1.974000 3.142535e+002
1.976000 3.140821e+002
1.978000 3.139126e+002
1.980000 3.137448e+002
1.982000 3.135788e+002
1.984000 3.134145e+002
1.986000 3.132520e+002
1.988000 3.130912e+002
1.990000 3.129321e+002
1.992000 3.127746e+002
1.994000 3.126188e+002
1.996000 3.124647e+002
1.998000 3.123123e+002
2.000000 3.121614e+002
2.002000 3.120122e+002
2.004000 3.118646e+002
2.006000 3.117186e+002
2.008000 3.115741e+002
2.010000 3.114312e+002
2.012000 3.112898e+002
2.014000 3.111500e+002
2.016000 3.110117e+002
2.018000 3.108749e+002
2.020000 3.107395e+002
2.022000 3.106057e+002
2.024000 3.104733e+002
2.026000 3.103424e+002
2.028000 3.102129e+002
2.030000 3.100848e+002
2.032000 3.099582e+002
2.034000 3.098329e+002
2.036000 3.097091e+002
2.038000 3.095866e+002
2.040000 3.094654e+002
2.042000 3.093456e+002
2.044000 3.092272e+002
2.046000 3.091100e+002
2.048000 3.089942e+002
2.050000 3.088797e+002
2.052000 3.087665e+002
2.054000 3.086545e+002
2.056000 3.085438e+002
2.058000 3.084344e+002
2.060000 3.083262e+002
2.062000 3.082192e+002
2.064000 3.081134e+002
2.066000 3.080089e+002
2.068000 3.079055e+002
2.070000 3.078033e+002
2.072000 3.077023e+002
2.074000 3.076024e+002
2.076000 3.075037e+002
2.078000 3.074062e+002
2.080000 3.073097e+002
2.082000 3.072144e+002
2.084000 3.071201e+002
2.086000 3.070270e+002
2.088000 3.069350e+002
2.090000 3.068440e+002
2.092000 3.067540e+002
2.094000 3.066652e+002
2.096000 3.065773e+002
2.098000 3.064905e+002
2.100000 3.064048e+002
2.102000 3.063200e+002
2.104000 3.062362e+002
2.106000 3.061534e+002
2.108000 3.060716e+002
2.110000 3.059908e+002
2.112000 3.059109e+002
2.114000 3.058320e+002
2.116000 3.057540e+002
2.118000 3.056770e+002
2.120000 3.056008e+002
2.122000 3.055256e+002
2.124000 3.054513e+002
2.126000 3.053779e+002
2.128000 3.053053e+002
2.130000 3.052337e+002
2.132000 3.051629e+002
2.134000 3.050929e+002
2.136000 3.050238e+002
2.138000 3.049556e+002
2.140000 3.048881e+002
2.142000 3.048215e+002
2.144000 3.047558e+002
2.146000 3.046908e+002
2.148000 3.046266e+002
2.150000 3.045632e+002
2.152000 3.045006e+002
2.154000 3.044387e+002
2.156000 3.043777e+002
2.158000 3.043173e+002
2.160000 3.042577e+002
2.162000 3.041989e+002
2.164000 3.041408e+002
2.166000 3.040834e+002
2.168000 3.040267e+002
2.170000 3.039708e+002
2.172000 3.039155e+002
2.174000 3.038609e+002
2.176000 3.038071e+002
2.178000 3.037539e+002
2.180000 3.037013e+002
2.182000 3.036494e+002
2.184000 3.035982e+002
2.186000 3.035477e+002
2.188000 3.034977e+002
2.190000 3.034484e+002
2.192000 3.033998e+002
2.194000 3.033517e+002
2.196000 3.033043e+002
2.198000 3.032575e+002
2.200000 3.032112e+002
2.202000 3.031656e+002
2.204000 3.031206e+002
2.206000 3.030761e+002
2.208000 3.030322e+002
2.210000 3.029889e+002
2.212000 3.029461e+002
2.214000 3.029039e+002
2.216000 3.028622e+002
2.218000 3.028211e+002
2.220000 3.027805e+002
2.222000 3.027405e+002
2.224000 3.027009e+002
2.226000 3.026619e+002
2.228000 3.026234e+002
2.230000 3.025854e+002
2.232000 3.025479e+002
2.234000 3.025109e+002
2.236000 3.024744e+002
2.238000 3.024384e+002
2.240000 3.024028e+002
2.242000 3.023677e+002
2.244000 3.023331e+002
2.246000 3.022989e+002
2.248000 3.022652e+002
2.250000 3.022320e+002
2.252000 3.021992e+002
2.254000 3.021668e+002
2.256000 3.021348e+002
2.258000 3.021033e+002
2.260000 3.020723e+002
2.262000 3.020416e+002
2.264000 3.020113e+002
2.266000 3.019815e+002
2.268000 3.019520e+002
2.270000 3.019230e+002
2.272000 3.018944e+002
2.274000 3.018661e+002
2.276000 3.018382e+002
2.278000 3.018107e+002
2.280000 3.017836e+002
2.282000 3.017569e+002
2.284000 3.017305e+002
2.286000 3.017045e+002
2.288000 3.016788e+002
2.290000 3.016535e+002
2.292000 3.016285e+002
2.294000 3.016039e+002
2.296000 3.015797e+002
2.298000 3.015557e+002
2.300000 3.015321e+002
2.302000 3.015088e+002
2.304000 3.014859e+002
2.306000 3.014633e+002
2.308000 3.014409e+002
2.310000 3.014189e+002
2.312000 3.013972e+002
2.314000 3.013758e+002
2.316000 3.013548e+002
2.318000 3.013340e+002
2.320000 3.013135e+002
2.322000 3.012932e+002
2.324000 3.012733e+002
2.326000 3.012537e+002
2.328000 3.012343e+002
2.330000 3.012152e+002
2.332000 3.011964e+002
2.334000 3.011778e+002
2.336000 3.011595e+002
2.338000 3.011415e+002
2.340000 3.011237e+002
2.342000 3.011062e+002
2.344000 3.010890e+002
2.346000 3.010719e+002
2.348000 3.010552e+002
2.350000 3.010386e+002
2.352000 3.010223e+002
2.354000 3.010063e+002
2.356000 3.009905e+002
2.358000 3.009749e+002
2.360000 3.009595e+002
2.362000 3.009444e+002
2.364000 3.009294e+002
2.366000 3.009147e+002
2.368000 3.009002e+002
2.370000 3.008859e+002
2.372000 3.008719e+002
2.374000 3.008580e+002
2.376000 3.008443e+002
2.378000 3.008309e+002
2.380000 3.008176e+002
2.382000 3.008046e+002
2.384000 3.007917e+002
2.386000 3.007790e+002
2.388000 3.007665e+002
2.390000 3.007542e+002
2.392000 3.007421e+002
2.394000 3.007301e+002
2.396000 3.007183e+002
2.398000 3.007067e+002
2.400000 3.006953e+002
2.402000 3.006841e+002
2.404000 3.006730e+002
2.406000 3.006621e+002
2.408000 3.006513e+002
2.410000 3.006407e+002
2.412000 3.006303e+002
2.414000 3.006200e+002
2.416000 3.006099e+002
2.418000 3.005999e+002
2.420000 3.005901e+002
2.422000 3.005805e+002
2.424000 3.005709e+002
2.426000 3.005616e+002
2.428000 3.005523e+002
2.430000 3.005432e+002
2.432000 3.005343e+002
2.434000 3.005255e+002
2.436000 3.005168e+002
2.438000 3.005082e+002
2.440000 3.004998e+002
2.442000 3.004915e+002
2.444000 3.004834e+002
2.446000 3.004754e+002
2.448000 3.004674e+002
2.450000 3.004597e+002
2.452000 3.004520e+002
2.454000 3.004444e+002
2.456000 3.004370e+002
2.458000 3.004297e+002
2.460000 3.004225e+002
2.462000 3.004154e+002
2.464000 3.004084e+002
2.466000 3.004016e+002
2.468000 3.003948e+002
2.470000 3.003882e+002
2.472000 3.003816e+002
2.474000 3.003752e+002
2.476000 3.003688e+002
2.478000 3.003626e+002
2.480000 3.003564e+002
2.482000 3.003504e+002
2.484000 3.003444e+002
2.486000 3.003385e+002
2.488000 3.003328e+002
2.490000 3.003271e+002
2.492000 3.003215e+002
2.494000 3.003160e+002
2.496000 3.003106e+002
2.498000 3.003053e+002
2.500000 3.003001e+002
2.502000 3.002949e+002
2.504000 3.002898e+002
2.506000 3.002848e+002
2.508000 3.002799e+002
2.510000 3.002751e+002
2.512000 3.002703e+002
2.514000 3.002657e+002
2.516000 3.002611e+002
2.518000 3.002565e+002
2.520000 3.002521e+002
2.522000 3.002477e+002
2.524000 3.002434e+002
2.526000 3.002392e+002
2.528000 3.002350e+002
2.530000 3.002309e+002
2.532000 3.002269e+002
2.534000 3.002229e+002
2.536000 3.002190e+002
2.538000 3.002151e+002
2.540000 3.002114e+002
2.542000 3.002077e+002
2.544000 3.002040e+002
2.546000 3.002004e+002
2.548000 3.001969e+002
2.550000 3.001934e+002
2.552000 3.001900e+002
2.554000 3.001866e+002
2.556000 3.001833e+002
2.558000 3.001801e+002
2.560000 3.001769e+002
2.562000 3.001737e+002
2.564000 3.001706e+002
2.566000 3.001676e+002
2.568000 3.001646e+002
2.570000 3.001617e+002
2.572000 3.001588e+002
2.574000 3.001559e+002
2.576000 3.001531e+002
2.578000 3.001504e+002
2.580000 3.001477e+002
2.582000 3.001450e+002
2.584000 3.001424e+002
2.586000 3.001399e+002
2.588000 3.001373e+002
2.590000 3.001349e+002
2.592000 3.001324e+002
2.594000 3.001300e+002
2.596000 3.001277e+002
2.598000 3.001254e+002
2.600000 3.001231e+002
2.602000 3.001208e+002
2.604000 3.001186e+002
2.606000 3.001165e+002
2.608000 3.001144e+002
2.610000 3.001123e+002
2.612000 3.001102e+002
2.614000 3.001082e+002
2.616000 3.001062e+002
2.618000 3.001043e+002
2.620000 3.001024e+002
2.622000 3.001005e+002
2.624000 3.000986e+002
2.626000 3.000968e+002
2.628000 3.000950e+002
2.630000 3.000933e+002
2.632000 3.000916e+002
2.634000 3.000899e+002
2.636000 3.000882e+002
2.638000 3.000866e+002
2.640000 3.000850e+002
2.642000 3.000834e+002
2.644000 3.000818e+002
2.646000 3.000803e+002
2.648000 3.000788e+002
2.650000 3.000773e+002
2.652000 3.000759e+002
2.654000 3.000745e+002
2.656000 3.000731e+002
2.658000 3.000717e+002
2.660000 3.000704e+002
2.662000 3.000690e+002
2.664000 3.000677e+002
2.666000 3.000665e+002
2.668000 3.000652e+002
2.670000 3.000640e+002
2.672000 3.000628e+002
2.674000 3.000616e+002
2.676000 3.000604e+002
2.678000 3.000593e+002
2.680000 3.000582e+002
2.682000 3.000571e+002
2.684000 3.000560e+002
2.686000 3.000549e+002
2.688000 3.000539e+002
2.690000 3.000528e+002
2.692000 3.000518e+002
2.694000 3.000508e+002
2.696000 3.000499e+002
2.698000 3.000489e+002
2.700000 3.000480e+002
2.702000 3.000471e+002
2.704000 3.000462e+002
2.706000 3.000453e+002
2.708000 3.000444e+002
2.710000 3.000435e+002
2.712000 3.000427e+002
2.714000 3.000419e+002
2.716000 3.000411e+002
2.718000 3.000403e+002
2.720000 3.000395e+002
2.722000 3.000387e+002
2.724000 3.000380e+002
2.726000 3.000372e+002
2.728000 3.000365e+002
2.730000 3.000358e+002
2.732000 3.000351e+002
2.734000 3.000344e+002
2.736000 3.000338e+002
2.738000 3.000331e+002
2.740000 3.000324e+002
2.742000 3.000318e+002
2.744000 3.000312e+002
2.746000 3.000306e+002
2.748000 3.000300e+002
2.750000 3.000294e+002
2.752000 3.000288e+002
2.754000 3.000282e+002
2.756000 3.000277e+002
2.758000 3.000271e+002
2.760000 3.000266e+002
2.762000 3.000261e+002
2.764000 3.000256e+002
2.766000 3.000251e+002
2.768000 3.000246e+002
2.770000 3.000241e+002
2.772000 3.000236e+002
2.774000 3.000231e+002
2.776000 3.000227e+002
2.778000 3.000222e+002
2.780000 3.000218e+002
2.782000 3.000213e+002
2.784000 3.000209e+002
2.786000 3.000205e+002
2.788000 3.000201e+002
2.790000 3.000197e+002
2.792000 3.000193e+002
2.794000 3.000189e+002
2.796000 3.000185e+002
2.798000 3.000181e+002
2.800000 3.000178e+002
2.802000 3.000174e+002
2.804000 3.000171e+002
2.806000 3.000167e+002
2.808000 3.000164e+002
2.810000 3.000160e+002
2.812000 3.000157e+002
2.814000 3.000154e+002
2.816000 3.000151e+002
2.818000 3.000148e+002
2.820000 3.000145e+002
2.822000 3.000142e+002
2.824000 3.000139e+002
2.826000 3.000136e+002
2.828000 3.000133e+002
2.830000 3.000131e+002
2.832000 3.000128e+002
2.834000 3.000125e+002
2.836000 3.000123e+002
2.838000 3.000120e+002
2.840000 3.000118e+002
2.842000 3.000115e+002
2.844000 3.000113e+002
2.846000 3.000111e+002
2.848000 3.000108e+002
2.850000 3.000106e+002
2.852000 3.000104e+002
2.854000 3.000102e+002
2.856000 3.000100e+002
2.858000 3.000098e+002
2.860000 3.000096e+002
2.862000 3.000094e+002
2.864000 3.000092e+002
2.866000 3.000090e+002
2.868000 3.000088e+002
2.870000 3.000086e+002
2.872000 3.000084e+002
2.874000 3.000082e+002
2.876000 3.000081e+002
2.878000 3.000079e+002
2.880000 3.000077e+002
2.882000 3.000076e+002
2.884000 3.000074e+002
2.886000 3.000073e+002
2.888000 3.000071e+002
2.890000 3.000070e+002
2.892000 3.000068e+002
2.894000 3.000067e+002
2.896000 3.000065e+002
2.898000 3.000064e+002
2.900000 3.000063e+002
2.902000 3.000061e+002
2.904000 3.000060e+002
2.906000 3.000059e+002
2.908000 3.000057e+002
2.910000 3.000056e+002
2.912000 3.000055e+002
2.914000 3.000054e+002
2.916000 3.000053e+002
2.918000 3.000052e+002
2.920000 3.000050e+002
2.922000 3.000049e+002
2.924000 3.000048e+002
2.926000 3.000047e+002
2.928000 3.000046e+002
2.930000 3.000045e+002
2.932000 3.000044e+002
2.934000 3.000043e+002
2.936000 3.000042e+002
2.938000 3.000041e+002
2.940000 3.000041e+002
2.942000 3.000040e+002
2.944000 3.000039e+002
2.946000 3.000038e+002
2.948000 3.000037e+002
2.950000 3.000036e+002
2.952000 3.000036e+002
2.954000 3.000035e+002
2.956000 3.000034e+002
2.958000 3.000033e+002
2.960000 3.000033e+002
2.962000 3.000032e+002
2.964000 3.000031e+002
2.966000 3.000030e+002
2.968000 3.000030e+002
2.970000 3.000029e+002
2.972000 3.000029e+002
2.974000 3.000028e+002
2.976000 3.000027e+002
2.978000 3.000027e+002
2.980000 3.000026e+002
2.982000 3.000026e+002
2.984000 3.000025e+002
2.986000 3.000024e+002
2.988000 3.000024e+002
2.990000 3.000023e+002
2.992000 3.000023e+002
2.994000 3.000022e+002
2.996000 3.000022e+002
2.998000 3.000021e+002
3.000000 3.000021e+002
3.002000 3.000020e+002
3.004000 3.000020e+002
3.006000 3.000020e+002
3.008000 3.000019e+002
3.010000 3.000019e+002
3.012000 3.000018e+002
3.014000 3.000018e+002
3.016000 3.000017e+002
3.018000 3.000017e+002
3.020000 3.000017e+002
3.022000 3.000016e+002
3.024000 3.000016e+002
3.026000 3.000016e+002
3.028000 3.000015e+002
3.030000 3.000015e+002
3.032000 3.000015e+002
3.034000 3.000014e+002
3.036000 3.000014e+002
3.038000 3.000014e+002
3.040000 3.000013e+002
3.042000 3.000013e+002
3.044000 3.000013e+002
3.046000 3.000012e+002
3.048000 3.000012e+002
3.050000 3.000012e+002
3.052000 3.000012e+002
3.054000 3.000011e+002
3.056000 3.000011e+002
3.058000 3.000011e+002
3.060000 3.000011e+002
3.062000 3.000010e+002
3.064000 3.000010e+002
3.066000 3.000010e+002
3.068000 3.000010e+002
3.070000 3.000009e+002
3.072000 3.000009e+002
3.074000 3.000009e+002
3.076000 3.000009e+002
3.078000 3.000009e+002
3.080000 3.000008e+002
3.082000 3.000008e+002
3.084000 3.000008e+002
3.086000 3.000008e+002
3.088000 3.000008e+002
3.090000 3.000007e+002
3.092000 3.000007e+002
3.094000 3.000007e+002
3.096000 3.000007e+002
3.098000 3.000007e+002
3.100000 3.000007e+002
3.102000 3.000006e+002
3.104000 3.000006e+002
3.106000 3.000006e+002
3.108000 3.000006e+002
3.110000 3.000006e+002
3.112000 3.000006e+002
3.114000 3.000006e+002
3.116000 3.000005e+002
3.118000 3.000005e+002
3.120000 3.000005e+002
3.122000 3.000005e+002
3.124000 3.000005e+002
3.126000 3.000005e+002
3.128000 3.000005e+002
3.130000 3.000005e+002
3.132000 3.000005e+002
3.134000 3.000004e+002
3.136000 3.000004e+002
3.138000 3.000004e+002
3.140000 3.000004e+002
3.142000 3.000004e+002
3.144000 3.000004e+002
3.146000 3.000004e+002
3.148000 3.000004e+002
3.150000 3.000004e+002
3.152000 3.000004e+002
3.154000 3.000003e+002
3.156000 3.000003e+002
3.158000 3.000003e+002
3.160000 3.000003e+002
3.162000 3.000003e+002
3.164000 3.000003e+002
3.166000 3.000003e+002
3.168000 3.000003e+002
3.170000 3.000003e+002
3.172000 3.000003e+002
3.174000 3.000003e+002
3.176000 3.000003e+002
3.178000 3.000003e+002
3.180000 3.000003e+002
3.182000 3.000002e+002
3.184000 3.000002e+002
3.186000 3.000002e+002
3.188000 3.000002e+002
3.190000 3.000002e+002
3.192000 3.000002e+002
3.194000 3.000002e+002
3.196000 3.000002e+002
3.198000 3.000002e+002
3.200000 3.000002e+002
3.202000 3.000002e+002
3.204000 3.000002e+002
3.206000 3.000002e+002
3.208000 3.000002e+002
3.210000 3.000002e+002
3.212000 3.000002e+002
3.214000 3.000002e+002
3.216000 3.000002e+002
3.218000 3.000002e+002
3.220000 3.000002e+002
3.222000 3.000002e+002
3.224000 3.000001e+002
3.226000 3.000001e+002
3.228000 3.000001e+002
3.230000 3.000001e+002
3.232000 3.000001e+002
3.234000 3.000001e+002
3.236000 3.000001e+002
3.238000 3.000001e+002
3.240000 3.000001e+002
3.242000 3.000001e+002
3.244000 3.000001e+002
3.246000 3.000001e+002
3.248000 3.000001e+002
3.250000 3.000001e+002
3.252000 3.000001e+002
3.254000 3.000001e+002
3.256000 3.000001e+002
3.258000 3.000001e+002
3.260000 3.000001e+002
3.262000 3.000001e+002
3.264000 3.000001e+002
3.266000 3.000001e+002
3.268000 3.000001e+002
3.270000 3.000001e+002
3.272000 3.000001e+002
3.274000 3.000001e+002
3.276000 3.000001e+002
3.278000 3.000001e+002
3.280000 3.000001e+002
3.282000 3.000001e+002
3.284000 3.000001e+002
3.286000 3.000001e+002
3.288000 3.000001e+002
3.290000 3.000001e+002
3.292000 3.000001e+002
3.294000 3.000001e+002
3.296000 3.000001e+002
3.298000 3.000001e+002
3.300000 3.000001e+002
3.302000 3.000001e+002
3.304000 3.000001e+002
3.306000 3.000001e+002
3.308000 3.000001e+002
3.310000 3.000001e+002
3.312000 3.000000e+002
3.314000 3.000000e+002
3.316000 3.000000e+002
3.318000 3.000000e+002
3.320000 3.000000e+002
3.322000 3.000000e+002
3.324000 3.000000e+002
3.326000 3.000000e+002
3.328000 3.000000e+002
3.330000 3.000000e+002
3.332000 3.000000e+002
3.334000 3.000000e+002
3.336000 3.000000e+002
3.338000 3.000000e+002
3.340000 3.000000e+002
3.342000 3.000000e+002
3.344000 3.000000e+002
3.346000 3.000000e+002
3.348000 3.000000e+002
3.350000 3.000000e+002
3.352000 3.000000e+002
3.354000 3.000000e+002
3.356000 3.000000e+002
3.358000 3.000000e+002
3.360000 3.000000e+002
3.362000 3.000000e+002
3.364000 3.000000e+002
3.366000 3.000000e+002
3.368000 3.000000e+002
3.370000 3.000000e+002
3.372000 3.000000e+002
3.374000 3.000000e+002
3.376000 3.000000e+002
3.378000 3.000000e+002
3.380000 3.000000e+002
3.382000 3.000000e+002
3.384000 3.000000e+002
3.386000 3.000000e+002
3.388000 3.000000e+002
3.390000 3.000000e+002
3.392000 3.000000e+002
3.394000 3.000000e+002
3.396000 3.000000e+002
3.398000 3.000000e+002
3.400000 3.000000e+002
3.402000 3.000000e+002
3.404000 3.000000e+002
3.406000 3.000000e+002
3.408000 3.000000e+002
3.410000 3.000000e+002
3.412000 3.000000e+002
3.414000 3.000000e+002
3.416000 3.000000e+002
3.418000 3.000000e+002
3.420000 3.000000e+002
3.422000 3.000000e+002
3.424000 3.000000e+002
3.426000 3.000000e+002
3.428000 3.000000e+002
3.430000 3.000000e+002
3.432000 3.000000e+002
3.434000 3.000000e+002
3.436000 3.000000e+002
3.438000 3.000000e+002
3.440000 3.000000e+002
3.442000 3.000000e+002
3.444000 3.000000e+002
3.446000 3.000000e+002
3.448000 3.000000e+002
3.450000 3.000000e+002
3.452000 3.000000e+002
3.454000 3.000000e+002
3.456000 3.000000e+002
3.458000 3.000000e+002
3.460000 3.000000e+002
3.462000 3.000000e+002
3.464000 3.000000e+002
3.466000 3.000000e+002
3.468000 3.000000e+002
3.470000 3.000000e+002
3.472000 3.000000e+002
3.474000 3.000000e+002
3.476000 3.000000e+002
3.478000 3.000000e+002
3.480000 3.000000e+002
3.482000 3.000000e+002
3.484000 3.000000e+002
3.486000 3.000000e+002
3.488000 3.000000e+002
3.490000 3.000000e+002
3.492000 3.000000e+002
3.494000 3.000000e+002
3.496000 3.000000e+002
3.498000 3.000000e+002
3.500000 3.000000e+002
3.502000 3.000000e+002
3.504000 3.000000e+002
3.506000 3.000000e+002
3.508000 3.000000e+002
3.510000 3.000000e+002
3.512000 3.000000e+002
3.514000 3.000000e+002
3.516000 3.000000e+002
3.518000 3.000000e+002
3.520000 3.000000e+002
3.522000 3.000000e+002
3.524000 3.000000e+002
3.526000 3.000000e+002
3.528000 3.000000e+002
3.530000 3.000000e+002
3.532000 3.000000e+002
3.534000 3.000000e+002
3.536000 3.000000e+002
3.538000 3.000000e+002
3.540000 3.000000e+002
3.542000 3.000000e+002
3.544000 3.000000e+002
3.546000 3.000000e+002
3.548000 3.000000e+002
3.550000 3.000000e+002
3.552000 3.000000e+002
3.554000 3.000000e+002
3.556000 3.000000e+002
3.558000 3.000000e+002
3.560000 3.000000e+002
3.562000 3.000000e+002
3.564000 3.000000e+002
3.566000 3.000000e+002
3.568000 3.000000e+002
3.570000 3.000000e+002
3.572000 3.000000e+002
3.574000 3.000000e+002
3.576000 3.000000e+002
3.578000 3.000000e+002
3.580000 3.000000e+002
3.582000 3.000000e+002
3.584000 3.000000e+002
3.586000 3.000000e+002
3.588000 3.000000e+002
3.590000 3.000000e+002
3.592000 3.000000e+002
3.594000 3.000000e+002
3.596000 3.000000e+002
3.598000 3.000000e+002
3.600000 3.000000e+002
3.602000 3.000000e+002
3.604000 3.000000e+002
3.606000 3.000000e+002
3.608000 3.000000e+002
3.610000 3.000000e+002
3.612000 3.000000e+002
3.614000 3.000000e+002
3.616000 3.000000e+002
3.618000 3.000000e+002
3.620000 3.000000e+002
3.622000 3.000000e+002
3.624000 3.000000e+002
3.626000 3.000000e+002
3.628000 3.000000e+002
3.630000 3.000000e+002
3.632000 3.000000e+002
3.634000 3.000000e+002
3.636000 3.000000e+002
3.638000 3.000000e+002
3.640000 3.000000e+002
3.642000 3.000000e+002
3.644000 3.000000e+002
3.646000 3.000000e+002
3.648000 3.000000e+002
3.650000 3.000000e+002
3.652000 3.000000e+002
3.654000 3.000000e+002
3.656000 3.000000e+002
3.658000 3.000000e+002
3.660000 3.000000e+002
3.662000 3.000000e+002
3.664000 3.000000e+002
3.666000 3.000000e+002
3.668000 3.000000e+002
3.670000 3.000000e+002
3.672000 3.000000e+002
3.674000 3.000000e+002
3.676000 3.000000e+002
3.678000 3.000000e+002
3.680000 3.000000e+002
3.682000 3.000000e+002
3.684000 3.000000e+002
3.686000 3.000000e+002
3.688000 3.000000e+002
3.690000 3.000000e+002
3.692000 3.000000e+002
3.694000 3.000000e+002
3.696000 3.000000e+002
3.698000 3.000000e+002
3.700000 3.000000e+002
3.702000 3.000000e+002
3.704000 3.000000e+002
3.706000 3.000000e+002
3.708000 3.000000e+002
3.710000 3.000000e+002
3.712000 3.000000e+002
3.714000 3.000000e+002
3.716000 3.000000e+002
3.718000 3.000000e+002
3.720000 3.000000e+002
3.722000 3.000000e+002
3.724000 3.000000e+002
3.726000 3.000000e+002
3.728000 3.000000e+002
3.730000 3.000000e+002
3.732000 3.000000e+002
3.734000 3.000000e+002
3.736000 3.000000e+002
3.738000 3.000000e+002
3.740000 3.000000e+002
3.742000 3.000000e+002
3.744000 3.000000e+002
3.746000 3.000000e+002
3.748000 3.000000e+002
3.750000 3.000000e+002
3.752000 3.000000e+002
3.754000 3.000000e+002
3.756000 3.000000e+002
3.758000 3.000000e+002
3.760000 3.000000e+002
3.762000 3.000000e+002
3.764000 3.000000e+002
3.766000 3.000000e+002
3.768000 3.000000e+002
3.770000 3.000000e+002
3.772000 3.000000e+002
3.774000 3.000000e+002
3.776000 3.000000e+002
3.778000 3.000000e+002
3.780000 3.000000e+002
3.782000 3.000000e+002
3.784000 3.000000e+002
3.786000 3.000000e+002
3.788000 3.000000e+002
3.790000 3.000000e+002
3.792000 3.000000e+002
3.794000 3.000000e+002
3.796000 3.000000e+002
3.798000 3.000000e+002
3.800000 3.000000e+002
3.802000 3.000000e+002
3.804000 3.000000e+002
3.806000 3.000000e+002
3.808000 3.000000e+002
3.810000 3.000000e+002
3.812000 3.000000e+002
3.814000 3.000000e+002
3.816000 3.000000e+002
3.818000 3.000000e+002
3.820000 3.000000e+002
3.822000 3.000000e+002
3.824000 3.000000e+002
3.826000 3.000000e+002
3.828000 3.000000e+002
3.830000 3.000000e+002
3.832000 3.000000e+002
3.834000 3.000000e+002
3.836000 3.000000e+002
3.838000 3.000000e+002
3.840000 3.000000e+002
3.842000 3.000000e+002
3.844000 3.000000e+002
3.846000 3.000000e+002
3.848000 3.000000e+002
3.850000 3.000000e+002
3.852000 3.000000e+002
3.854000 3.000000e+002
3.856000 3.000000e+002
3.858000 3.000000e+002
3.860000 3.000000e+002
3.862000 3.000000e+002
3.864000 3.000000e+002
3.866000 3.000000e+002
3.868000 3.000000e+002
3.870000 3.000000e+002
3.872000 3.000000e+002
3.874000 3.000000e+002
3.876000 3.000000e+002
3.878000 3.000000e+002
3.880000 3.000000e+002
3.882000 3.000000e+002
3.884000 3.000000e+002
3.886000 3.000000e+002
3.888000 3.000000e+002
3.890000 3.000000e+002
3.892000 3.000000e+002
3.894000 3.000000e+002
3.896000 3.000000e+002
3.898000 3.000000e+002
3.900000 3.000000e+002
3.902000 3.000000e+002
3.904000 3.000000e+002
3.906000 3.000000e+002
3.908000 3.000000e+002
3.910000 3.000000e+002
3.912000 3.000000e+002
3.914000 3.000000e+002
3.916000 3.000000e+002
3.918000 3.000000e+002
3.920000 3.000000e+002
3.922000 3.000000e+002
3.924000 3.000000e+002
3.926000 3.000000e+002
3.928000 3.000000e+002
3.930000 3.000000e+002
3.932000 3.000000e+002
3.934000 3.000000e+002
3.936000 3.000000e+002
3.938000 3.000000e+002
3.940000 3.000000e+002
3.942000 3.000000e+002
3.944000 3.000000e+002
3.946000 3.000000e+002
3.948000 3.000000e+002
3.950000 3.000000e+002
3.952000 3.000000e+002
3.954000 3.000000e+002
3.956000 3.000000e+002
3.958000 3.000000e+002
3.960000 3.000000e+002
3.962000 3.000000e+002
3.964000 3.000000e+002
3.966000 3.000000e+002
3.968000 3.000000e+002
3.970000 3.000000e+002
3.972000 3.000000e+002
3.974000 3.000000e+002
3.976000 3.000000e+002
3.978000 3.000000e+002
3.980000 3.000000e+002
3.982000 3.000000e+002
3.984000 3.000000e+002
3.986000 3.000000e+002
3.988000 3.000000e+002
3.990000 3.000000e+002
3.992000 3.000000e+002
3.994000 3.000000e+002
3.996000 3.000000e+002
3.998000 3.000000e+002
