0.000000 3.527297e+002
0.002000 3.586221e+002
0.004000 3.645122e+002
0.006000 3.703996e+002
0.008000 3.762842e+002
0.010000 3.821657e+002
0.012000 3.880439e+002
0.014000 3.939186e+002
0.016000 3.997894e+002
0.018000 4.056562e+002
0.020000 4.115188e+002
0.022000 4.173768e+002
0.024000 4.232301e+002
0.026000 4.290784e+002
0.028000 4.349214e+002
0.030000 4.407590e+002
0.032000 4.465909e+002
0.034000 4.524168e+002
0.036000 4.582366e+002
0.038000 4.640499e+002
0.040000 4.698567e+002
0.042000 4.756565e+002
0.044000 4.814492e+002
0.046000 4.872346e+002
0.048000 4.930124e+002
0.050000 4.987824e+002
0.052000 5.045444e+002
0.054000 5.102981e+002
0.056000 5.160433e+002
0.058000 5.217797e+002
0.060000 5.275073e+002
0.062000 5.332256e+002
0.064000 5.389346e+002
0.066000 5.446339e+002
0.068000 5.503234e+002
0.070000 5.560028e+002
0.072000 5.616720e+002
0.074000 5.673306e+002
0.076000 5.729784e+002
0.078000 5.786154e+002
0.080000 5.842411e+002
0.082000 5.898555e+002
0.084000 5.954583e+002
0.086000 6.010493e+002
0.088000 6.066282e+002
0.090000 6.121949e+002
0.092000 6.177491e+002
0.094000 6.232907e+002
0.096000 6.288195e+002
0.098000 6.343351e+002
0.100000 6.398375e+002
0.102000 6.453263e+002
0.104000 6.508015e+002
0.106000 6.562628e+002
0.108000 6.617100e+002
0.110000 6.671429e+002
0.112000 6.725613e+002
0.114000 6.779650e+002
0.116000 6.833539e+002
0.118000 6.887276e+002
0.120000 6.940861e+002
0.122000 6.994291e+002
0.124000 7.047565e+002
0.126000 7.100680e+002
0.128000 7.153635e+002
0.130000 7.206427e+002
0.132000 7.259056e+002
0.134000 7.311519e+002
0.136000 7.363814e+002
0.138000 7.415939e+002
0.140000 7.467894e+002
0.142000 7.519675e+002
0.144000 7.571281e+002
0.146000 7.622711e+002
0.148000 7.673963e+002
0.150000 7.725034e+002
0.152000 7.775924e+002
0.154000 7.826631e+002
0.156000 7.877152e+002
0.158000 7.927487e+002
0.160000 7.977633e+002
0.162000 8.027590e+002
0.164000 8.077355e+002
0.166000 8.126927e+002
0.168000 8.176304e+002
0.170000 8.225485e+002
0.172000 8.274468e+002
0.174000 8.323252e+002
0.176000 8.371835e+002
0.178000 8.420215e+002
0.180000 8.468392e+002
0.182000 8.516364e+002
0.184000 8.564129e+002
0.186000 8.611686e+002
0.188000 8.659033e+002
0.190000 8.706170e+002
0.192000 8.753094e+002
0.194000 8.799805e+002
0.196000 8.846301e+002
0.198000 8.892581e+002
0.200000 8.938643e+002
0.202000 8.984486e+002
0.204000 9.030109e+002
0.206000 9.075511e+002
0.208000 9.120690e+002
0.210000 9.165645e+002
0.212000 9.210376e+002
0.214000 9.254880e+002
0.216000 9.299157e+002
0.218000 9.343205e+002
0.220000 9.387024e+002
0.222000 9.430612e+002
0.224000 9.473968e+002
0.226000 9.517091e+002
0.228000 9.559981e+002
0.230000 9.602635e+002
0.232000 9.645053e+002
0.234000 9.687234e+002
0.236000 9.729177e+002
0.238000 9.770881e+002
0.240000 9.812346e+002
0.242000 9.853569e+002
0.244000 9.894550e+002
0.246000 9.935288e+002
0.248000 9.975783e+002
0.250000 1.001603e+003
0.252000 1.005604e+003
0.254000 1.009580e+003
0.256000 1.013531e+003
0.258000 1.017457e+003
0.260000 1.021359e+003
0.262000 1.025235e+003
0.264000 1.029087e+003
0.266000 1.032913e+003
0.268000 1.036715e+003
0.270000 1.040491e+003
0.272000 1.044241e+003
0.274000 1.047967e+003
0.276000 1.051667e+003
0.278000 1.055341e+003
0.280000 1.058990e+003
0.282000 1.062613e+003
0.284000 1.066211e+003
0.286000 1.069783e+003
0.288000 1.073329e+003
0.290000 1.076849e+003
0.292000 1.080343e+003
0.294000 1.083811e+003
0.296000 1.087254e+003
0.298000 1.090670e+003
0.300000 1.094060e+003
0.302000 1.097424e+003
0.304000 1.100762e+003
0.306000 1.104073e+003
0.308000 1.107358e+003
0.310000 1.110617e+003
0.312000 1.113850e+003
0.314000 1.117056e+003
0.316000 1.120236e+003
0.318000 1.123389e+003
0.320000 1.126516e+003
0.322000 1.129616e+003
0.324000 1.132690e+003
0.326000 1.135737e+003
0.328000 1.138757e+003
0.330000 1.141751e+003
0.332000 1.144718e+003
0.334000 1.147659e+003
0.336000 1.150573e+003
0.338000 1.153460e+003
0.340000 1.156320e+003
0.342000 1.159153e+003
0.344000 1.161960e+003
0.346000 1.164740e+003
0.348000 1.167493e+003
0.350000 1.170220e+003
0.352000 1.172919e+003
0.354000 1.175592e+003
0.356000 1.178238e+003
0.358000 1.180857e+003
0.360000 1.183449e+003
0.362000 1.186014e+003
0.364000 1.188552e+003
0.366000 1.191064e+003
0.368000 1.193548e+003
0.370000 1.196006e+003
0.372000 1.198437e+003
0.374000 1.200841e+003
0.376000 1.203218e+003
0.378000 1.205568e+003
0.380000 1.207892e+003
0.382000 1.210188e+003
0.384000 1.212458e+003
0.386000 1.214701e+003
0.388000 1.216917e+003
0.390000 1.219106e+003
0.392000 1.221268e+003
0.394000 1.223404e+003
0.396000 1.225512e+003
0.398000 1.227594e+003
0.400000 1.229650e+003
0.402000 1.231678e+003
0.404000 1.233680e+003
0.406000 1.235655e+003
0.408000 1.237604e+003
0.410000 1.239525e+003
0.412000 1.241420e+003
0.414000 1.243289e+003
0.416000 1.245131e+003
0.418000 1.246946e+003
0.420000 1.248735e+003
0.422000 1.250497e+003
0.424000 1.252233e+003
0.426000 1.253942e+003
0.428000 1.255625e+003
0.430000 1.257282e+003
0.432000 1.258912e+003
0.434000 1.260515e+003
0.436000 1.262093e+003
0.438000 1.263644e+003
0.440000 1.265168e+003
0.442000 1.266667e+003
0.444000 1.268139e+003
0.446000 1.269586e+003
0.448000 1.271006e+003
0.450000 1.272400e+003
0.452000 1.273768e+003
0.454000 1.275110e+003
0.456000 1.276426e+003
0.458000 1.277716e+003
0.460000 1.278980e+003
0.462000 1.280218e+003
0.464000 1.281430e+003
0.466000 1.282617e+003
0.468000 1.283778e+003
0.470000 1.284913e+003
0.472000 1.286023e+003
0.474000 1.287107e+003
0.476000 1.288165e+003
0.478000 1.289198e+003
0.480000 1.290205e+003
0.482000 1.291187e+003
0.484000 1.292144e+003
0.486000 1.293075e+003
0.488000 1.293981e+003
0.490000 1.294862e+003
0.492000 1.295717e+003
0.494000 1.296548e+003
0.496000 1.297353e+003
0.498000 1.298133e+003
0.500000 1.298888e+003
0.502000 1.299618e+003
0.504000 1.300324e+003
0.506000 1.301004e+003
0.508000 1.301660e+003
0.510000 1.302291e+003
0.512000 1.302897e+003
0.514000 1.303479e+003
0.516000 1.304036e+003
0.518000 1.304568e+003
0.520000 1.305076e+003
0.522000 1.305560e+003
0.524000 1.306019e+003
0.526000 1.306454e+003
0.528000 1.306865e+003
0.530000 1.307252e+003
0.532000 1.307614e+003
0.534000 1.307952e+003
0.536000 1.308266e+003
0.538000 1.308557e+003
0.540000 1.308823e+003
0.542000 1.309066e+003
0.544000 1.309284e+003
0.546000 1.309479e+003
0.548000 1.309651e+003
0.550000 1.309798e+003
0.552000 1.309923e+003
0.554000 1.310023e+003
0.556000 1.310100e+003
0.558000 1.310154e+003
0.560000 1.310185e+003
0.562000 1.310192e+003
0.564000 1.310176e+003
0.566000 1.310137e+003
0.568000 1.310075e+003
0.570000 1.309990e+003
0.572000 1.309882e+003
0.574000 1.309751e+003
0.576000 1.309598e+003
0.578000 1.309421e+003
0.580000 1.309222e+003
0.582000 1.309001e+003
0.584000 1.308756e+003
0.586000 1.308490e+003
0.588000 1.308200e+003
0.590000 1.307889e+003
0.592000 1.307555e+003
0.594000 1.307199e+003
0.596000 1.306821e+003
0.598000 1.306421e+003
0.600000 1.305999e+003
0.602000 1.305555e+003
0.604000 1.305089e+003
0.606000 1.304601e+003
0.608000 1.304091e+003
0.610000 1.303560e+003
0.612000 1.303007e+003
0.614000 1.302433e+003
0.616000 1.301837e+003
0.618000 1.301220e+003
0.620000 1.300582e+003
0.622000 1.299922e+003
0.624000 1.299241e+003
0.626000 1.298539e+003
0.628000 1.297816e+003
0.630000 1.297072e+003
0.632000 1.296307e+003
0.634000 1.295522e+003
0.636000 1.294715e+003
0.638000 1.293888e+003
0.640000 1.293041e+003
0.642000 1.292172e+003
0.644000 1.291284e+003
0.646000 1.290375e+003
0.648000 1.289446e+003
0.650000 1.288496e+003
0.652000 1.287527e+003
0.654000 1.286537e+003
0.656000 1.285528e+003
0.658000 1.284498e+003
0.660000 1.283449e+003
0.662000 1.282380e+003
0.664000 1.281291e+003
0.666000 1.280183e+003
0.668000 1.279055e+003
0.670000 1.277908e+003
0.672000 1.276741e+003
0.674000 1.275555e+003
0.676000 1.274350e+003
0.678000 1.273126e+003
0.680000 1.271883e+003
0.682000 1.270621e+003
0.684000 1.269340e+003
0.686000 1.268040e+003
0.688000 1.266722e+003
0.690000 1.265384e+003
0.692000 1.264029e+003
0.694000 1.262655e+003
0.696000 1.261262e+003
0.698000 1.259852e+003
0.700000 1.258423e+003
0.702000 1.256976e+003
0.704000 1.255511e+003
0.706000 1.254028e+003
0.708000 1.252527e+003
0.710000 1.251008e+003
0.712000 1.249472e+003
0.714000 1.247918e+003
0.716000 1.246347e+003
0.718000 1.244758e+003
0.720000 1.243152e+003
0.722000 1.241529e+003
0.724000 1.239889e+003
0.726000 1.238231e+003
0.728000 1.236557e+003
0.730000 1.234866e+003
0.732000 1.233158e+003
0.734000 1.231433e+003
0.736000 1.229692e+003
0.738000 1.227934e+003
0.740000 1.226160e+003
0.742000 1.224369e+003
0.744000 1.222562e+003
0.746000 1.220740e+003
0.748000 1.218901e+003
0.750000 1.217046e+003
0.752000 1.215175e+003
0.754000 1.213289e+003
0.756000 1.211387e+003
0.758000 1.209470e+003
0.760000 1.207537e+003
0.762000 1.205589e+003
0.764000 1.203625e+003
0.766000 1.201646e+003
0.768000 1.199653e+003
0.770000 1.197644e+003
0.772000 1.195621e+003
0.774000 1.193583e+003
0.776000 1.191530e+003
0.778000 1.189463e+003
0.780000 1.187381e+003
0.782000 1.185285e+003
0.784000 1.183174e+003
0.786000 1.181050e+003
0.788000 1.178912e+003
0.790000 1.176759e+003
0.792000 1.174593e+003
0.794000 1.172414e+003
0.796000 1.170220e+003
0.798000 1.168013e+003
0.800000 1.165793e+003
0.802000 1.163560e+003
0.804000 1.161313e+003
0.806000 1.159053e+003
0.808000 1.156781e+003
0.810000 1.154495e+003
0.812000 1.152197e+003
0.814000 1.149887e+003
0.816000 1.147564e+003
0.818000 1.145228e+003
0.820000 1.142880e+003
0.822000 1.140520e+003
0.824000 1.138148e+003
0.826000 1.135764e+003
0.828000 1.133369e+003
0.830000 1.130961e+003
0.832000 1.128542e+003
0.834000 1.126112e+003
0.836000 1.123670e+003
0.838000 1.121217e+003
0.840000 1.118753e+003
0.842000 1.116278e+003
0.844000 1.113792e+003
0.846000 1.111295e+003
0.848000 1.108788e+003
0.850000 1.106270e+003
0.852000 1.103741e+003
0.854000 1.101203e+003
0.856000 1.098654e+003
0.858000 1.096095e+003
0.860000 1.093527e+003
0.862000 1.090948e+003
0.864000 1.088360e+003
0.866000 1.085762e+003
0.868000 1.083155e+003
0.870000 1.080539e+003
0.872000 1.077913e+003
0.874000 1.075278e+003
0.876000 1.072635e+003
0.878000 1.069982e+003
0.880000 1.067321e+003
0.882000 1.064652e+003
0.884000 1.061973e+003
0.886000 1.059287e+003
0.888000 1.056592e+003
0.890000 1.053890e+003
0.892000 1.051179e+003
0.894000 1.048461e+003
0.896000 1.045735e+003
0.898000 1.043001e+003
0.900000 1.040260e+003
0.902000 1.037512e+003
0.904000 1.034757e+003
0.906000 1.031994e+003
0.908000 1.029225e+003
0.910000 1.026449e+003
0.912000 1.023666e+003
0.914000 1.020876e+003
0.916000 1.018081e+003
0.918000 1.015279e+003
0.920000 1.012471e+003
0.922000 1.009657e+003
0.924000 1.006837e+003
0.926000 1.004011e+003
0.928000 1.001180e+003
0.930000 9.983429e+002
0.932000 9.955009e+002
0.934000 9.926536e+002
0.936000 9.898012e+002
0.938000 9.869439e+002
0.940000 9.840817e+002
0.942000 9.812149e+002
0.944000 9.783435e+002
0.946000 9.754678e+002
0.948000 9.725877e+002
0.950000 9.697035e+002
0.952000 9.668152e+002
0.954000 9.639231e+002
0.956000 9.610272e+002
0.958000 9.581277e+002
0.960000 9.552247e+002
0.962000 9.523183e+002
0.964000 9.494087e+002
0.966000 9.464960e+002
0.968000 9.435804e+002
0.970000 9.406619e+002
0.972000 9.377407e+002
0.974000 9.348169e+002
0.976000 9.318907e+002
0.978000 9.289623e+002
0.980000 9.260316e+002
0.982000 9.230989e+002
0.984000 9.201643e+002
0.986000 9.172279e+002
0.988000 9.142899e+002
0.990000 9.113503e+002
0.992000 9.084094e+002
0.994000 9.054672e+002
0.996000 9.025239e+002
0.998000 8.995796e+002
1.000000 8.966345e+002
1.002000 8.936886e+002
1.004000 8.907421e+002
1.006000 8.877952e+002
1.008000 8.848479e+002
1.010000 8.819004e+002
1.012000 8.789528e+002
1.014000 8.760053e+002
1.016000 8.730580e+002
1.018000 8.701109e+002
1.020000 8.671643e+002
1.022000 8.642182e+002
1.024000 8.612728e+002
1.026000 8.583283e+002
1.028000 8.553846e+002
1.030000 8.524421e+002
1.032000 8.495007e+002
1.034000 8.465606e+002
1.036000 8.436220e+002
1.038000 8.406850e+002
1.040000 8.377496e+002
1.042000 8.348161e+002
1.044000 8.318844e+002
1.046000 8.289549e+002
1.048000 8.260275e+002
1.050000 8.231024e+002
1.052000 8.201798e+002
1.054000 8.172597e+002
1.056000 8.143423e+002
1.058000 8.114276e+002
1.060000 8.085159e+002
1.062000 8.056072e+002
1.064000 8.027016e+002
1.066000 7.997993e+002
1.068000 7.969003e+002
1.070000 7.940049e+002
1.072000 7.911130e+002
1.074000 7.882249e+002
1.076000 7.853406e+002
1.078000 7.824603e+002
1.080000 7.795841e+002
1.082000 7.767120e+002
1.084000 7.738442e+002
1.086000 7.709808e+002
1.088000 7.681220e+002
1.090000 7.652677e+002
1.092000 7.624182e+002
1.094000 7.595736e+002
1.096000 7.567339e+002
1.098000 7.538992e+002
1.100000 7.510697e+002
1.102000 7.482455e+002
1.104000 7.454267e+002
1.106000 7.426134e+002
1.108000 7.398056e+002
1.110000 7.370035e+002
1.112000 7.342072e+002
1.114000 7.314168e+002
1.116000 7.286324e+002
1.118000 7.258541e+002
1.120000 7.230820e+002
1.122000 7.203162e+002
1.124000 7.175567e+002
1.126000 7.148038e+002
1.128000 7.120574e+002
1.130000 7.093177e+002
1.132000 7.065848e+002
1.134000 7.038587e+002
1.136000 7.011396e+002
1.138000 6.984275e+002
1.140000 6.957226e+002
1.142000 6.930249e+002
1.144000 6.903345e+002
1.146000 6.876515e+002
1.148000 6.849760e+002
1.150000 6.823081e+002
1.152000 6.796478e+002
1.154000 6.769953e+002
1.156000 6.743507e+002
1.158000 6.717139e+002
1.160000 6.690851e+002
1.162000 6.664644e+002
1.164000 6.638518e+002
1.166000 6.612475e+002
1.168000 6.586515e+002
1.170000 6.560639e+002
1.172000 6.534847e+002
1.174000 6.509141e+002
1.176000 6.483521e+002
1.178000 6.457988e+002
1.180000 6.432542e+002
1.182000 6.407184e+002
1.184000 6.381916e+002
1.186000 6.356737e+002
1.188000 6.331649e+002
1.190000 6.306651e+002
1.192000 6.281745e+002
1.194000 6.256932e+002
1.196000 6.232211e+002
1.198000 6.207584e+002
1.200000 6.183051e+002
1.202000 6.158613e+002
1.204000 6.134270e+002
1.206000 6.110024e+002
1.208000 6.085874e+002
1.210000 6.061821e+002
1.212000 6.037865e+002
1.214000 6.014008e+002
1.216000 5.990250e+002
1.218000 5.966591e+002
1.220000 5.943032e+002
1.222000 5.919573e+002
1.224000 5.896215e+002
1.226000 5.872958e+002
1.228000 5.849803e+002
1.230000 5.826750e+002
1.232000 5.803800e+002
1.234000 5.780953e+002
1.236000 5.758210e+002
1.238000 5.735571e+002
1.240000 5.713036e+002
1.242000 5.690606e+002
1.244000 5.668281e+002
1.246000 5.646061e+002
1.248000 5.623948e+002
1.250000 5.601941e+002
1.252000 5.580040e+002
1.254000 5.558247e+002
1.256000 5.536561e+002
1.258000 5.514982e+002
1.260000 5.493512e+002
1.262000 5.472150e+002
1.264000 5.450896e+002
1.266000 5.429751e+002
1.268000 5.408715e+002
1.270000 5.387789e+002
1.272000 5.366972e+002
1.274000 5.346265e+002
1.276000 5.325668e+002
1.278000 5.305182e+002
1.280000 5.284805e+002
1.282000 5.264540e+002
1.284000 5.244385e+002
1.286000 5.224342e+002
1.288000 5.204410e+002
1.290000 5.184589e+002
1.292000 5.164880e+002
1.294000 5.145282e+002
1.296000 5.125796e+002
1.298000 5.106422e+002
1.300000 5.087161e+002
1.302000 5.068011e+002
1.304000 5.048974e+002
1.306000 5.030049e+002
1.308000 5.011236e+002
1.310000 4.992536e+002
1.312000 4.973948e+002
1.314000 4.955473e+002
1.316000 4.937110e+002
1.318000 4.918861e+002
1.320000 4.900723e+002
1.322000 4.882699e+002
1.324000 4.864787e+002
1.326000 4.846988e+002
1.328000 4.829301e+002
1.330000 4.811727e+002
1.332000 4.794266e+002
1.334000 4.776917e+002
1.336000 4.759680e+002
1.338000 4.742556e+002
1.340000 4.725545e+002
1.342000 4.708645e+002
1.344000 4.691858e+002
1.346000 4.675183e+002
1.348000 4.658620e+002
1.350000 4.642169e+002
1.352000 4.625829e+002
1.354000 4.609602e+002
1.356000 4.593485e+002
1.358000 4.577481e+002
1.360000 4.561587e+002
1.362000 4.545804e+002
1.364000 4.530133e+002
1.366000 4.514572e+002
1.368000 4.499121e+002
1.370000 4.483781e+002
1.372000 4.468551e+002
1.374000 4.453431e+002
1.376000 4.438421e+002
1.378000 4.423520e+002
1.380000 4.408729e+002
1.382000 4.394047e+002
1.384000 4.379474e+002
1.386000 4.365009e+002
1.388000 4.350653e+002
1.390000 4.336404e+002
1.392000 4.322264e+002
1.394000 4.308231e+002
1.396000 4.294305e+002
1.398000 4.280487e+002
1.400000 4.266775e+002
1.402000 4.253170e+002
1.404000 4.239671e+002
1.406000 4.226277e+002
1.408000 4.212989e+002
1.410000 4.199807e+002
1.412000 4.186729e+002
1.414000 4.173756e+002
1.416000 4.160887e+002
1.418000 4.148122e+002
1.420000 4.135460e+002
1.422000 4.122902e+002
1.424000 4.110446e+002
1.426000 4.098093e+002
1.428000 4.085842e+002
1.430000 4.073693e+002
1.432000 4.061645e+002
1.434000 4.049698e+002
1.436000 4.037851e+002
1.438000 4.026105e+002
1.440000 4.014459e+002
1.442000 4.002912e+002
1.444000 3.991464e+002
1.446000 3.980115e+002
1.448000 3.968864e+002
1.450000 3.957710e+002
1.452000 3.946654e+002
1.454000 3.935695e+002
1.456000 3.924833e+002
1.458000 3.914066e+002
1.460000 3.903395e+002
1.462000 3.892820e+002
1.464000 3.882339e+002
1.466000 3.871952e+002
1.468000 3.861660e+002
1.470000 3.851460e+002
1.472000 3.841354e+002
1.474000 3.831340e+002
1.476000 3.821419e+002
1.478000 3.811588e+002
1.480000 3.801849e+002
1.482000 3.792201e+002
1.484000 3.782643e+002
1.486000 3.773174e+002
1.488000 3.763795e+002
1.490000 3.754505e+002
1.492000 3.745302e+002
1.494000 3.736188e+002
1.496000 3.727161e+002
1.498000 3.718220e+002
1.500000 3.709366e+002
1.502000 3.700598e+002
1.504000 3.691915e+002
1.506000 3.683317e+002
1.508000 3.674803e+002
1.510000 3.666373e+002
1.512000 3.658027e+002
1.514000 3.649763e+002
1.516000 3.641582e+002
1.518000 3.633482e+002
1.520000 3.625464e+002
1.522000 3.617527e+002
1.524000 3.609670e+002
1.526000 3.601892e+002
1.528000 3.594194e+002
1.530000 3.586575e+002
1.532000 3.579034e+002
1.534000 3.571571e+002
1.536000 3.564185e+002
1.538000 3.556876e+002
1.540000 3.549643e+002
1.542000 3.542485e+002
1.544000 3.535403e+002
1.546000 3.528396e+002
1.548000 3.521462e+002
1.550000 3.514602e+002
1.552000 3.507816e+002
1.554000 3.501102e+002
1.556000 3.494460e+002
1.558000 3.487889e+002
1.560000 3.481390e+002
1.562000 3.474961e+002
1.564000 3.468602e+002
1.566000 3.462312e+002
1.568000 3.456092e+002
1.570000 3.449940e+002
1.572000 3.443856e+002
1.574000 3.437839e+002
1.576000 3.431889e+002
1.578000 3.426006e+002
1.580000 3.420188e+002
1.582000 3.414436e+002
1.584000 3.408749e+002
1.586000 3.403126e+002
1.588000 3.397567e+002
1.590000 3.392071e+002
1.592000 3.386638e+002
1.594000 3.381267e+002
1.596000 3.375958e+002
1.598000 3.370710e+002
1.600000 3.365523e+002
1.602000 3.360396e+002
1.604000 3.355329e+002
1.606000 3.350322e+002
1.608000 3.345373e+002
1.610000 3.340482e+002
1.612000 3.335649e+002
1.614000 3.330874e+002
1.616000 3.326155e+002
1.618000 3.321492e+002
1.620000 3.316885e+002
1.622000 3.312334e+002
1.624000 3.307837e+002
1.626000 3.303395e+002
1.628000 3.299006e+002
1.630000 3.294671e+002
1.632000 3.290389e+002
1.634000 3.286159e+002
1.636000 3.281981e+002
1.638000 3.277854e+002
1.640000 3.273779e+002
1.642000 3.269754e+002
1.644000 3.265778e+002
1.646000 3.261853e+002
1.648000 3.257976e+002
1.650000 3.254149e+002
1.652000 3.250369e+002
1.654000 3.246637e+002
1.656000 3.242952e+002
1.658000 3.239314e+002
1.660000 3.235722e+002
1.662000 3.232177e+002
1.664000 3.228676e+002
1.666000 3.225221e+002
1.668000 3.221810e+002
1.670000 3.218443e+002
1.672000 3.215120e+002
1.674000 3.211840e+002
1.676000 3.208603e+002
1.678000 3.205408e+002
1.680000 3.202255e+002
1.682000 3.199144e+002
1.684000 3.196073e+002
1.686000 3.193044e+002
1.688000 3.190054e+002
1.690000 3.187104e+002
1.692000 3.184194e+002
1.694000 3.181322e+002
1.696000 3.178490e+002
1.698000 3.175695e+002
1.700000 3.172938e+002
1.702000 3.170218e+002
1.704000 3.167535e+002
1.706000 3.164889e+002
1.708000 3.162279e+002
1.710000 3.159705e+002
1.712000 3.157166e+002
1.714000 3.154662e+002
1.716000 3.152192e+002
1.718000 3.149757e+002
1.720000 3.147355e+002
1.722000 3.144987e+002
1.724000 3.142653e+002
1.726000 3.140350e+002
1.728000 3.138080e+002
1.730000 3.135842e+002
1.732000 3.133636e+002
1.734000 3.131461e+002
1.736000 3.129316e+002
1.738000 3.127203e+002
1.740000 3.125119e+002
1.742000 3.123065e+002
1.744000 3.121041e+002
1.746000 3.119046e+002
1.748000 3.117079e+002
1.750000 3.115141e+002
1.752000 3.113231e+002
1.754000 3.111349e+002
1.756000 3.109494e+002
1.758000 3.107667e+002
1.760000 3.105866e+002
1.762000 3.104091e+002
1.764000 3.102343e+002
1.766000 3.100621e+002
1.768000 3.098924e+002
1.770000 3.097252e+002
1.772000 3.095605e+002
1.774000 3.093983e+002
1.776000 3.092385e+002
1.778000 3.090811e+002
1.780000 3.089260e+002
1.782000 3.087733e+002
1.784000 3.086229e+002
1.786000 3.084748e+002
1.788000 3.083290e+002
1.790000 3.081853e+002
1.792000 3.080439e+002
1.794000 3.079046e+002
1.796000 3.077674e+002
1.798000 3.076324e+002
1.800000 3.074994e+002
1.802000 3.073685e+002
1.804000 3.072396e+002
1.806000 3.071128e+002
1.808000 3.069879e+002
1.810000 3.068649e+002
1.812000 3.067439e+002
1.814000 3.066248e+002
1.816000 3.065075e+002
1.818000 3.063921e+002
1.820000 3.062785e+002
1.822000 3.061667e+002
1.824000 3.060567e+002
1.826000 3.059485e+002
1.828000 3.058419e+002
1.830000 3.057371e+002
1.832000 3.056340e+002
1.834000 3.055325e+002
1.836000 3.054326e+002
1.838000 3.053344e+002
1.840000 3.052377e+002
1.842000 3.051426e+002
1.844000 3.050491e+002
1.846000 3.049571e+002
1.848000 3.048666e+002
1.850000 3.047775e+002
1.852000 3.046900e+002
1.854000 3.046039e+002
1.856000 3.045192e+002
1.858000 3.044358e+002
1.860000 3.043539e+002
1.862000 3.042734e+002
1.864000 3.041941e+002
1.866000 3.041162e+002
1.868000 3.040396e+002
1.870000 3.039643e+002
1.872000 3.038903e+002
1.874000 3.038175e+002
1.876000 3.037459e+002
1.878000 3.036755e+002
1.880000 3.036063e+002
1.882000 3.035383e+002
1.884000 3.034715e+002
1.886000 3.034058e+002
1.888000 3.033412e+002
1.890000 3.032778e+002
1.892000 3.032154e+002
1.894000 3.031541e+002
1.896000 3.030938e+002
1.898000 3.030346e+002
1.900000 3.029764e+002
1.902000 3.029193e+002
1.904000 3.028631e+002
1.906000 3.028079e+002
1.908000 3.027537e+002
1.910000 3.027004e+002
1.912000 3.026481e+002
1.914000 3.025966e+002
1.916000 3.025461e+002
1.918000 3.024965e+002
1.920000 3.024478e+002
1.922000 3.023999e+002
1.924000 3.023529e+002
1.926000 3.023067e+002
1.928000 3.022613e+002
1.930000 3.022168e+002
1.932000 3.021730e+002
1.934000 3.021300e+002
1.936000 3.020879e+002
1.938000 3.020464e+002
1.940000 3.020057e+002
1.942000 3.019658e+002
1.944000 3.019266e+002
1.946000 3.018881e+002
1.948000 3.018503e+002
1.950000 3.018132e+002
1.952000 3.017768e+002
1.954000 3.017410e+002
1.956000 3.017059e+002
1.958000 3.016714e+002
1.960000 3.016376e+002
1.962000 3.016044e+002
1.964000 3.015719e+002
1.966000 3.015399e+002
1.968000 3.015085e+002
1.970000 3.014777e+002
1.972000 3.014475e+002
1.974000 3.014179e+002
1.976000 3.013888e+002
1.978000 3.013603e+002
1.980000 3.013323e+002
1.982000 3.013048e+002
1.984000 3.012778e+002
1.986000 3.012514e+002
1.988000 3.012254e+002
1.990000 3.012000e+002
1.992000 3.011750e+002
1.994000 3.011506e+002
1.996000 3.011265e+002
1.998000 3.011030e+002
2.000000 3.010799e+002
2.002000 3.010572e+002
2.004000 3.010350e+002
2.006000 3.010132e+002
2.008000 3.009919e+002
2.010000 3.009709e+002
2.012000 3.009504e+002
2.014000 3.009303e+002
2.016000 3.009105e+002
2.018000 3.008912e+002
2.020000 3.008722e+002
2.022000 3.008536e+002
2.024000 3.008353e+002
2.026000 3.008175e+002
2.028000 3.007999e+002
2.030000 3.007827e+002
2.032000 3.007659e+002
2.034000 3.007494e+002
2.036000 3.007332e+002
2.038000 3.007174e+002
2.040000 3.007019e+002
2.042000 3.006866e+002
2.044000 3.006717e+002
2.046000 3.006571e+002
2.048000 3.006428e+002
2.050000 3.006287e+002
2.052000 3.006150e+002
2.054000 3.006015e+002
2.056000 3.005883e+002
2.058000 3.005754e+002
2.060000 3.005627e+002
2.062000 3.005503e+002
2.064000 3.005382e+002
2.066000 3.005263e+002
2.068000 3.005146e+002
2.070000 3.005032e+002
2.072000 3.004920e+002
2.074000 3.004811e+002
2.076000 3.004703e+002
2.078000 3.004598e+002
2.080000 3.004495e+002
2.082000 3.004395e+002
2.084000 3.004296e+002
2.086000 3.004200e+002
2.088000 3.004105e+002
2.090000 3.004013e+002
2.092000 3.003922e+002
2.094000 3.003833e+002
2.096000 3.003746e+002
2.098000 3.003661e+002
2.100000 3.003578e+002
2.102000 3.003497e+002
2.104000 3.003417e+002
2.106000 3.003339e+002
2.108000 3.003263e+002
2.110000 3.003188e+002
2.112000 3.003115e+002
2.114000 3.003043e+002
2.116000 3.002973e+002
2.118000 3.002905e+002
2.120000 3.002838e+002
2.122000 3.002772e+002
2.124000 3.002708e+002
2.126000 3.002645e+002
2.128000 3.002584e+002
2.130000 3.002523e+002
2.132000 3.002465e+002
2.134000 3.002407e+002
2.136000 3.002351e+002
2.138000 3.002296e+002
2.140000 3.002242e+002
2.142000 3.002189e+002
2.144000 3.002138e+002
2.146000 3.002088e+002
2.148000 3.002038e+002
2.150000 3.001990e+002
2.152000 3.001943e+002
2.154000 3.001897e+002
2.156000 3.001852e+002
2.158000 3.001808e+002
2.160000 3.001765e+002
2.162000 3.001723e+002
2.164000 3.001682e+002
2.166000 3.001642e+002
2.168000 3.001602e+002
2.170000 3.001564e+002
2.172000 3.001526e+002
2.174000 3.001490e+002
2.176000 3.001454e+002
2.178000 3.001419e+002
2.180000 3.001384e+002
2.182000 3.001351e+002
2.184000 3.001318e+002
2.186000 3.001286e+002
2.188000 3.001255e+002
2.190000 3.001224e+002
2.192000 3.001195e+002
2.194000 3.001165e+002
2.196000 3.001137e+002
2.198000 3.001109e+002
2.200000 3.001082e+002
2.202000 3.001055e+002
2.204000 3.001029e+002
2.206000 3.001004e+002
2.208000 3.000979e+002
2.210000 3.000955e+002
2.212000 3.000931e+002
2.214000 3.000908e+002
2.216000 3.000886e+002
2.218000 3.000864e+002
2.220000 3.000842e+002
2.222000 3.000821e+002
2.224000 3.000801e+002
2.226000 3.000781e+002
2.228000 3.000761e+002
2.230000 3.000742e+002
2.232000 3.000724e+002
2.234000 3.000705e+002
2.236000 3.000688e+002
2.238000 3.000670e+002
2.240000 3.000653e+002
2.242000 3.000637e+002
2.244000 3.000621e+002
2.246000 3.000605e+002
2.248000 3.000590e+002
2.250000 3.000575e+002
2.252000 3.000560e+002
2.254000 3.000546e+002
2.256000 3.000532e+002
2.258000 3.000518e+002
2.260000 3.000505e+002
2.262000 3.000492e+002
2.264000 3.000479e+002
2.266000 3.000467e+002
2.268000 3.000455e+002
2.270000 3.000443e+002
2.272000 3.000432e+002
2.274000 3.000421e+002
2.276000 3.000410e+002
2.278000 3.000399e+002
2.280000 3.000389e+002
2.282000 3.000379e+002
2.284000 3.000369e+002
2.286000 3.000359e+002
2.288000 3.000350e+002
2.290000 3.000341e+002
2.292000 3.000332e+002
2.294000 3.000323e+002
2.296000 3.000315e+002
2.298000 3.000306e+002
2.300000 3.000298e+002
2.302000 3.000290e+002
2.304000 3.000283e+002
2.306000 3.000275e+002
2.308000 3.000268e+002
2.310000 3.000261e+002
2.312000 3.000254e+002
2.314000 3.000247e+002
2.316000 3.000241e+002
2.318000 3.000234e+002
2.320000 3.000228e+002
2.322000 3.000222e+002
2.324000 3.000216e+002
2.326000 3.000210e+002
2.328000 3.000205e+002
2.330000 3.000199e+002
2.332000 3.000194e+002
2.334000 3.000188e+002
2.336000 3.000183e+002
2.338000 3.000178e+002
2.340000 3.000174e+002
2.342000 3.000169e+002
2.344000 3.000164e+002
2.346000 3.000160e+002
2.348000 3.000155e+002
2.350000 3.000151e+002
2.352000 3.000147e+002
2.354000 3.000143e+002
2.356000 3.000139e+002
2.358000 3.000135e+002
2.360000 3.000132e+002
2.362000 3.000128e+002
2.364000 3.000125e+002
2.366000 3.000121e+002
2.368000 3.000118e+002
2.370000 3.000115e+002
2.372000 3.000111e+002
2.374000 3.000108e+002
2.376000 3.000105e+002
2.378000 3.000102e+002
2.380000 3.000100e+002
2.382000 3.000097e+002
2.384000 3.000094e+002
2.386000 3.000091e+002
2.388000 3.000089e+002
2.390000 3.000086e+002
2.392000 3.000084e+002
2.394000 3.000082e+002
2.396000 3.000079e+002
2.398000 3.000077e+002
2.400000 3.000075e+002
2.402000 3.000073e+002
2.404000 3.000071e+002
2.406000 3.000069e+002
2.408000 3.000067e+002
2.410000 3.000065e+002
2.412000 3.000063e+002
2.414000 3.000061e+002
2.416000 3.000060e+002
2.418000 3.000058e+002
2.420000 3.000056e+002
2.422000 3.000055e+002
2.424000 3.000053e+002
2.426000 3.000052e+002
2.428000 3.000050e+002
2.430000 3.000049e+002
2.432000 3.000047e+002
2.434000 3.000046e+002
2.436000 3.000045e+002
2.438000 3.000043e+002
2.440000 3.000042e+002
2.442000 3.000041e+002
2.444000 3.000040e+002
2.446000 3.000038e+002
2.448000 3.000037e+002
2.450000 3.000036e+002
2.452000 3.000035e+002
2.454000 3.000034e+002
2.456000 3.000033e+002
2.458000 3.000032e+002
2.460000 3.000031e+002
2.462000 3.000030e+002
2.464000 3.000029e+002
2.466000 3.000029e+002
2.468000 3.000028e+002
2.470000 3.000027e+002
2.472000 3.000026e+002
2.474000 3.000025e+002
2.476000 3.000025e+002
2.478000 3.000024e+002
2.480000 3.000023e+002
2.482000 3.000023e+002
2.484000 3.000022e+002
2.486000 3.000021e+002
2.488000 3.000021e+002
2.490000 3.000020e+002
2.492000 3.000019e+002
2.494000 3.000019e+002
2.496000 3.000018e+002
2.498000 3.000018e+002
2.500000 3.000017e+002
2.502000 3.000017e+002
2.504000 3.000016e+002
2.506000 3.000016e+002
2.508000 3.000015e+002
2.510000 3.000015e+002
2.512000 3.000014e+002
2.514000 3.000014e+002
2.516000 3.000013e+002
2.518000 3.000013e+002
2.520000 3.000013e+002
2.522000 3.000012e+002
2.524000 3.000012e+002
2.526000 3.000012e+002
2.528000 3.000011e+002
2.530000 3.000011e+002
2.532000 3.000010e+002
2.534000 3.000010e+002
2.536000 3.000010e+002
2.538000 3.000010e+002
2.540000 3.000009e+002
2.542000 3.000009e+002
2.544000 3.000009e+002
2.546000 3.000008e+002
2.548000 3.000008e+002
2.550000 3.000008e+002
2.552000 3.000008e+002
2.554000 3.000007e+002
2.556000 3.000007e+002
2.558000 3.000007e+002
2.560000 3.000007e+002
2.562000 3.000007e+002
2.564000 3.000006e+002
2.566000 3.000006e+002
2.568000 3.000006e+002
2.570000 3.000006e+002
2.572000 3.000006e+002
2.574000 3.000005e+002
2.576000 3.000005e+002
2.578000 3.000005e+002
2.580000 3.000005e+002
2.582000 3.000005e+002
2.584000 3.000005e+002
2.586000 3.000004e+002
2.588000 3.000004e+002
2.590000 3.000004e+002
2.592000 3.000004e+002
2.594000 3.000004e+002
2.596000 3.000004e+002
2.598000 3.000004e+002
2.600000 3.000004e+002
2.602000 3.000003e+002
2.604000 3.000003e+002
2.606000 3.000003e+002
2.608000 3.000003e+002
2.610000 3.000003e+002
2.612000 3.000003e+002
2.614000 3.000003e+002
2.616000 3.000003e+002
2.618000 3.000003e+002
2.620000 3.000003e+002
2.622000 3.000002e+002
2.624000 3.000002e+002
2.626000 3.000002e+002
2.628000 3.000002e+002
2.630000 3.000002e+002
2.632000 3.000002e+002
2.634000 3.000002e+002
2.636000 3.000002e+002
2.638000 3.000002e+002
2.640000 3.000002e+002
2.642000 3.000002e+002
2.644000 3.000002e+002
2.646000 3.000002e+002
2.648000 3.000002e+002
2.650000 3.000002e+002
2.652000 3.000002e+002
2.654000 3.000001e+002
2.656000 3.000001e+002
2.658000 3.000001e+002
2.660000 3.000001e+002
2.662000 3.000001e+002
2.664000 3.000001e+002
2.666000 3.000001e+002
2.668000 3.000001e+002
2.670000 3.000001e+002
2.672000 3.000001e+002
2.674000 3.000001e+002
2.676000 3.000001e+002
2.678000 3.000001e+002
2.680000 3.000001e+002
2.682000 3.000001e+002
2.684000 3.000001e+002
2.686000 3.000001e+002
2.688000 3.000001e+002
2.690000 3.000001e+002
2.692000 3.000001e+002
2.694000 3.000001e+002
2.696000 3.000001e+002
2.698000 3.000001e+002
2.700000 3.000001e+002
2.702000 3.000001e+002
2.704000 3.000001e+002
2.706000 3.000001e+002
2.708000 3.000001e+002
2.710000 3.000001e+002
2.712000 3.000001e+002
2.714000 3.000001e+002
2.716000 3.000001e+002
2.718000 3.000000e+002
2.720000 3.000000e+002
2.722000 3.000000e+002
2.724000 3.000000e+002
2.726000 3.000000e+002
2.728000 3.000000e+002
2.730000 3.000000e+002
2.732000 3.000000e+002
2.734000 3.000000e+002
2.736000 3.000000e+002
2.738000 3.000000e+002
2.740000 3.000000e+002
2.742000 3.000000e+002
2.744000 3.000000e+002
2.746000 3.000000e+002
2.748000 3.000000e+002
2.750000 3.000000e+002
2.752000 3.000000e+002
2.754000 3.000000e+002
2.756000 3.000000e+002
2.758000 3.000000e+002
2.760000 3.000000e+002
2.762000 3.000000e+002
2.764000 3.000000e+002
2.766000 3.000000e+002
2.768000 3.000000e+002
2.770000 3.000000e+002
2.772000 3.000000e+002
2.774000 3.000000e+002
2.776000 3.000000e+002
2.778000 3.000000e+002
2.780000 3.000000e+002
2.782000 3.000000e+002
2.784000 3.000000e+002
2.786000 3.000000e+002
2.788000 3.000000e+002
2.790000 3.000000e+002
2.792000 3.000000e+002
2.794000 3.000000e+002
2.796000 3.000000e+002
2.798000 3.000000e+002
2.800000 3.000000e+002
2.802000 3.000000e+002
2.804000 3.000000e+002
2.806000 3.000000e+002
2.808000 3.000000e+002
2.810000 3.000000e+002
2.812000 3.000000e+002
2.814000 3.000000e+002
2.816000 3.000000e+002
2.818000 3.000000e+002
2.820000 3.000000e+002
2.822000 3.000000e+002
2.824000 3.000000e+002
2.826000 3.000000e+002
2.828000 3.000000e+002
2.830000 3.000000e+002
2.832000 3.000000e+002
2.834000 3.000000e+002
2.836000 3.000000e+002
2.838000 3.000000e+002
2.840000 3.000000e+002
2.842000 3.000000e+002
2.844000 3.000000e+002
2.846000 3.000000e+002
2.848000 3.000000e+002
2.850000 3.000000e+002
2.852000 3.000000e+002
2.854000 3.000000e+002
2.856000 3.000000e+002
2.858000 3.000000e+002
2.860000 3.000000e+002
2.862000 3.000000e+002
2.864000 3.000000e+002
2.866000 3.000000e+002
2.868000 3.000000e+002
2.870000 3.000000e+002
2.872000 3.000000e+002
2.874000 3.000000e+002
2.876000 3.000000e+002
2.878000 3.000000e+002
2.880000 3.000000e+002
2.882000 3.000000e+002
2.884000 3.000000e+002
2.886000 3.000000e+002
2.888000 3.000000e+002
2.890000 3.000000e+002
2.892000 3.000000e+002
2.894000 3.000000e+002
2.896000 3.000000e+002
2.898000 3.000000e+002
2.900000 3.000000e+002
2.902000 3.000000e+002
2.904000 3.000000e+002
2.906000 3.000000e+002
2.908000 3.000000e+002
2.910000 3.000000e+002
2.912000 3.000000e+002
2.914000 3.000000e+002
2.916000 3.000000e+002
2.918000 3.000000e+002
2.920000 3.000000e+002
2.922000 3.000000e+002
2.924000 3.000000e+002
2.926000 3.000000e+002
2.928000 3.000000e+002
2.930000 3.000000e+002
2.932000 3.000000e+002
2.934000 3.000000e+002
2.936000 3.000000e+002
2.938000 3.000000e+002
2.940000 3.000000e+002
2.942000 3.000000e+002
2.944000 3.000000e+002
2.946000 3.000000e+002
2.948000 3.000000e+002
2.950000 3.000000e+002
2.952000 3.000000e+002
2.954000 3.000000e+002
2.956000 3.000000e+002
2.958000 3.000000e+002
2.960000 3.000000e+002
2.962000 3.000000e+002
2.964000 3.000000e+002
2.966000 3.000000e+002
2.968000 3.000000e+002
2.970000 3.000000e+002
2.972000 3.000000e+002
2.974000 3.000000e+002
2.976000 3.000000e+002
2.978000 3.000000e+002
2.980000 3.000000e+002
2.982000 3.000000e+002
2.984000 3.000000e+002
2.986000 3.000000e+002
2.988000 3.000000e+002
2.990000 3.000000e+002
2.992000 3.000000e+002
2.994000 3.000000e+002
2.996000 3.000000e+002
2.998000 3.000000e+002
3.000000 3.000000e+002
3.002000 3.000000e+002
3.004000 3.000000e+002
3.006000 3.000000e+002
3.008000 3.000000e+002
3.010000 3.000000e+002
3.012000 3.000000e+002
3.014000 3.000000e+002
3.016000 3.000000e+002
3.018000 3.000000e+002
3.020000 3.000000e+002
3.022000 3.000000e+002
3.024000 3.000000e+002
3.026000 3.000000e+002
3.028000 3.000000e+002
3.030000 3.000000e+002
3.032000 3.000000e+002
3.034000 3.000000e+002
3.036000 3.000000e+002
3.038000 3.000000e+002
3.040000 3.000000e+002
3.042000 3.000000e+002
3.044000 3.000000e+002
3.046000 3.000000e+002
3.048000 3.000000e+002
3.050000 3.000000e+002
3.052000 3.000000e+002
3.054000 3.000000e+002
3.056000 3.000000e+002
3.058000 3.000000e+002
3.060000 3.000000e+002
3.062000 3.000000e+002
3.064000 3.000000e+002
3.066000 3.000000e+002
3.068000 3.000000e+002
3.070000 3.000000e+002
3.072000 3.000000e+002
3.074000 3.000000e+002
3.076000 3.000000e+002
3.078000 3.000000e+002
3.080000 3.000000e+002
3.082000 3.000000e+002
3.084000 3.000000e+002
3.086000 3.000000e+002
3.088000 3.000000e+002
3.090000 3.000000e+002
3.092000 3.000000e+002
3.094000 3.000000e+002
3.096000 3.000000e+002
3.098000 3.000000e+002
3.100000 3.000000e+002
3.102000 3.000000e+002
3.104000 3.000000e+002
3.106000 3.000000e+002
3.108000 3.000000e+002
3.110000 3.000000e+002
3.112000 3.000000e+002
3.114000 3.000000e+002
3.116000 3.000000e+002
3.118000 3.000000e+002
3.120000 3.000000e+002
3.122000 3.000000e+002
3.124000 3.000000e+002
3.126000 3.000000e+002
3.128000 3.000000e+002
3.130000 3.000000e+002
3.132000 3.000000e+002
3.134000 3.000000e+002
3.136000 3.000000e+002
3.138000 3.000000e+002
3.140000 3.000000e+002
3.142000 3.000000e+002
3.144000 3.000000e+002
3.146000 3.000000e+002
3.148000 3.000000e+002
3.150000 3.000000e+002
3.152000 3.000000e+002
3.154000 3.000000e+002
3.156000 3.000000e+002
3.158000 3.000000e+002
3.160000 3.000000e+002
3.162000 3.000000e+002
3.164000 3.000000e+002
3.166000 3.000000e+002
3.168000 3.000000e+002
3.170000 3.000000e+002
3.172000 3.000000e+002
3.174000 3.000000e+002
3.176000 3.000000e+002
3.178000 3.000000e+002
3.180000 3.000000e+002
3.182000 3.000000e+002
3.184000 3.000000e+002
3.186000 3.000000e+002
3.188000 3.000000e+002
3.190000 3.000000e+002
3.192000 3.000000e+002
3.194000 3.000000e+002
3.196000 3.000000e+002
3.198000 3.000000e+002
3.200000 3.000000e+002
3.202000 3.000000e+002
3.204000 3.000000e+002
3.206000 3.000000e+002
3.208000 3.000000e+002
3.210000 3.000000e+002
3.212000 3.000000e+002
3.214000 3.000000e+002
3.216000 3.000000e+002
3.218000 3.000000e+002
3.220000 3.000000e+002
3.222000 3.000000e+002
3.224000 3.000000e+002
3.226000 3.000000e+002
3.228000 3.000000e+002
3.230000 3.000000e+002
3.232000 3.000000e+002
3.234000 3.000000e+002
3.236000 3.000000e+002
3.238000 3.000000e+002
3.240000 3.000000e+002
3.242000 3.000000e+002
3.244000 3.000000e+002
3.246000 3.000000e+002
3.248000 3.000000e+002
3.250000 3.000000e+002
3.252000 3.000000e+002
3.254000 3.000000e+002
3.256000 3.000000e+002
3.258000 3.000000e+002
3.260000 3.000000e+002
3.262000 3.000000e+002
3.264000 3.000000e+002
3.266000 3.000000e+002
3.268000 3.000000e+002
3.270000 3.000000e+002
3.272000 3.000000e+002
3.274000 3.000000e+002
3.276000 3.000000e+002
3.278000 3.000000e+002
3.280000 3.000000e+002
3.282000 3.000000e+002
3.284000 3.000000e+002
3.286000 3.000000e+002
3.288000 3.000000e+002
3.290000 3.000000e+002
3.292000 3.000000e+002
3.294000 3.000000e+002
3.296000 3.000000e+002
3.298000 3.000000e+002
3.300000 3.000000e+002
3.302000 3.000000e+002
3.304000 3.000000e+002
3.306000 3.000000e+002
3.308000 3.000000e+002
3.310000 3.000000e+002
3.312000 3.000000e+002
3.314000 3.000000e+002
3.316000 3.000000e+002
3.318000 3.000000e+002
3.320000 3.000000e+002
3.322000 3.000000e+002
3.324000 3.000000e+002
3.326000 3.000000e+002
3.328000 3.000000e+002
3.330000 3.000000e+002
3.332000 3.000000e+002
3.334000 3.000000e+002
3.336000 3.000000e+002
3.338000 3.000000e+002
3.340000 3.000000e+002
3.342000 3.000000e+002
3.344000 3.000000e+002
3.346000 3.000000e+002
3.348000 3.000000e+002
3.350000 3.000000e+002
3.352000 3.000000e+002
3.354000 3.000000e+002
3.356000 3.000000e+002
3.358000 3.000000e+002
3.360000 3.000000e+002
3.362000 3.000000e+002
3.364000 3.000000e+002
3.366000 3.000000e+002
3.368000 3.000000e+002
3.370000 3.000000e+002
3.372000 3.000000e+002
3.374000 3.000000e+002
3.376000 3.000000e+002
3.378000 3.000000e+002
3.380000 3.000000e+002
3.382000 3.000000e+002
3.384000 3.000000e+002
3.386000 3.000000e+002
3.388000 3.000000e+002
3.390000 3.000000e+002
3.392000 3.000000e+002
3.394000 3.000000e+002
3.396000 3.000000e+002
3.398000 3.000000e+002
3.400000 3.000000e+002
3.402000 3.000000e+002
3.404000 3.000000e+002
3.406000 3.000000e+002
3.408000 3.000000e+002
3.410000 3.000000e+002
3.412000 3.000000e+002
3.414000 3.000000e+002
3.416000 3.000000e+002
3.418000 3.000000e+002
3.420000 3.000000e+002
3.422000 3.000000e+002
3.424000 3.000000e+002
3.426000 3.000000e+002
3.428000 3.000000e+002
3.430000 3.000000e+002
3.432000 3.000000e+002
3.434000 3.000000e+002
3.436000 3.000000e+002
3.438000 3.000000e+002
3.440000 3.000000e+002
3.442000 3.000000e+002
3.444000 3.000000e+002
3.446000 3.000000e+002
3.448000 3.000000e+002
3.450000 3.000000e+002
3.452000 3.000000e+002
3.454000 3.000000e+002
3.456000 3.000000e+002
3.458000 3.000000e+002
3.460000 3.000000e+002
3.462000 3.000000e+002
3.464000 3.000000e+002
3.466000 3.000000e+002
3.468000 3.000000e+002
3.470000 3.000000e+002
3.472000 3.000000e+002
3.474000 3.000000e+002
3.476000 3.000000e+002
3.478000 3.000000e+002
3.480000 3.000000e+002
3.482000 3.000000e+002
3.484000 3.000000e+002
3.486000 3.000000e+002
3.488000 3.000000e+002
3.490000 3.000000e+002
3.492000 3.000000e+002
3.494000 3.000000e+002
3.496000 3.000000e+002
3.498000 3.000000e+002
3.500000 3.000000e+002
3.502000 3.000000e+002
3.504000 3.000000e+002
3.506000 3.000000e+002
3.508000 3.000000e+002
3.510000 3.000000e+002
3.512000 3.000000e+002
3.514000 3.000000e+002
3.516000 3.000000e+002
3.518000 3.000000e+002
3.520000 3.000000e+002
3.522000 3.000000e+002
3.524000 3.000000e+002
3.526000 3.000000e+002
3.528000 3.000000e+002
3.530000 3.000000e+002
3.532000 3.000000e+002
3.534000 3.000000e+002
3.536000 3.000000e+002
3.538000 3.000000e+002
3.540000 3.000000e+002
3.542000 3.000000e+002
3.544000 3.000000e+002
3.546000 3.000000e+002
3.548000 3.000000e+002
3.550000 3.000000e+002
3.552000 3.000000e+002
3.554000 3.000000e+002
3.556000 3.000000e+002
3.558000 3.000000e+002
3.560000 3.000000e+002
3.562000 3.000000e+002
3.564000 3.000000e+002
3.566000 3.000000e+002
3.568000 3.000000e+002
3.570000 3.000000e+002
3.572000 3.000000e+002
3.574000 3.000000e+002
3.576000 3.000000e+002
3.578000 3.000000e+002
3.580000 3.000000e+002
3.582000 3.000000e+002
3.584000 3.000000e+002
3.586000 3.000000e+002
3.588000 3.000000e+002
3.590000 3.000000e+002
3.592000 3.000000e+002
3.594000 3.000000e+002
3.596000 3.000000e+002
3.598000 3.000000e+002
3.600000 3.000000e+002
3.602000 3.000000e+002
3.604000 3.000000e+002
3.606000 3.000000e+002
3.608000 3.000000e+002
3.610000 3.000000e+002
3.612000 3.000000e+002
3.614000 3.000000e+002
3.616000 3.000000e+002
3.618000 3.000000e+002
3.620000 3.000000e+002
3.622000 3.000000e+002
3.624000 3.000000e+002
3.626000 3.000000e+002
3.628000 3.000000e+002
3.630000 3.000000e+002
3.632000 3.000000e+002
3.634000 3.000000e+002
3.636000 3.000000e+002
3.638000 3.000000e+002
3.640000 3.000000e+002
3.642000 3.000000e+002
3.644000 3.000000e+002
3.646000 3.000000e+002
3.648000 3.000000e+002
3.650000 3.000000e+002
3.652000 3.000000e+002
3.654000 3.000000e+002
3.656000 3.000000e+002
3.658000 3.000000e+002
3.660000 3.000000e+002
3.662000 3.000000e+002
3.664000 3.000000e+002
3.666000 3.000000e+002
3.668000 3.000000e+002
3.670000 3.000000e+002
3.672000 3.000000e+002
3.674000 3.000000e+002
3.676000 3.000000e+002
3.678000 3.000000e+002
3.680000 3.000000e+002
3.682000 3.000000e+002
3.684000 3.000000e+002
3.686000 3.000000e+002
3.688000 3.000000e+002
3.690000 3.000000e+002
3.692000 3.000000e+002
3.694000 3.000000e+002
3.696000 3.000000e+002
3.698000 3.000000e+002
3.700000 3.000000e+002
3.702000 3.000000e+002
3.704000 3.000000e+002
3.706000 3.000000e+002
3.708000 3.000000e+002
3.710000 3.000000e+002
3.712000 3.000000e+002
3.714000 3.000000e+002
3.716000 3.000000e+002
3.718000 3.000000e+002
3.720000 3.000000e+002
3.722000 3.000000e+002
3.724000 3.000000e+002
3.726000 3.000000e+002
3.728000 3.000000e+002
3.730000 3.000000e+002
3.732000 3.000000e+002
3.734000 3.000000e+002
3.736000 3.000000e+002
3.738000 3.000000e+002
3.740000 3.000000e+002
3.742000 3.000000e+002
3.744000 3.000000e+002
3.746000 3.000000e+002
3.748000 3.000000e+002
3.750000 3.000000e+002
3.752000 3.000000e+002
3.754000 3.000000e+002
3.756000 3.000000e+002
3.758000 3.000000e+002
3.760000 3.000000e+002
3.762000 3.000000e+002
3.764000 3.000000e+002
3.766000 3.000000e+002
3.768000 3.000000e+002
3.770000 3.000000e+002
3.772000 3.000000e+002
3.774000 3.000000e+002
3.776000 3.000000e+002
3.778000 3.000000e+002
3.780000 3.000000e+002
3.782000 3.000000e+002
3.784000 3.000000e+002
3.786000 3.000000e+002
3.788000 3.000000e+002
3.790000 3.000000e+002
3.792000 3.000000e+002
3.794000 3.000000e+002
3.796000 3.000000e+002
3.798000 3.000000e+002
3.800000 3.000000e+002
3.802000 3.000000e+002
3.804000 3.000000e+002
3.806000 3.000000e+002
3.808000 3.000000e+002
3.810000 3.000000e+002
3.812000 3.000000e+002
3.814000 3.000000e+002
3.816000 3.000000e+002
3.818000 3.000000e+002
3.820000 3.000000e+002
3.822000 3.000000e+002
3.824000 3.000000e+002
3.826000 3.000000e+002
3.828000 3.000000e+002
3.830000 3.000000e+002
3.832000 3.000000e+002
3.834000 3.000000e+002
3.836000 3.000000e+002
3.838000 3.000000e+002
3.840000 3.000000e+002
3.842000 3.000000e+002
3.844000 3.000000e+002
3.846000 3.000000e+002
3.848000 3.000000e+002
3.850000 3.000000e+002
3.852000 3.000000e+002
3.854000 3.000000e+002
3.856000 3.000000e+002
3.858000 3.000000e+002
3.860000 3.000000e+002
3.862000 3.000000e+002
3.864000 3.000000e+002
3.866000 3.000000e+002
3.868000 3.000000e+002
3.870000 3.000000e+002
3.872000 3.000000e+002
3.874000 3.000000e+002
3.876000 3.000000e+002
3.878000 3.000000e+002
3.880000 3.000000e+002
3.882000 3.000000e+002
3.884000 3.000000e+002
3.886000 3.000000e+002
3.888000 3.000000e+002
3.890000 3.000000e+002
3.892000 3.000000e+002
3.894000 3.000000e+002
3.896000 3.000000e+002
3.898000 3.000000e+002
3.900000 3.000000e+002
3.902000 3.000000e+002
3.904000 3.000000e+002
3.906000 3.000000e+002
3.908000 3.000000e+002
3.910000 3.000000e+002
3.912000 3.000000e+002
3.914000 3.000000e+002
3.916000 3.000000e+002
3.918000 3.000000e+002
3.920000 3.000000e+002
3.922000 3.000000e+002
3.924000 3.000000e+002
3.926000 3.000000e+002
3.928000 3.000000e+002
3.930000 3.000000e+002
3.932000 3.000000e+002
3.934000 3.000000e+002
3.936000 3.000000e+002
3.938000 3.000000e+002
3.940000 3.000000e+002
3.942000 3.000000e+002
3.944000 3.000000e+002
3.946000 3.000000e+002
3.948000 3.000000e+002
3.950000 3.000000e+002
3.952000 3.000000e+002
3.954000 3.000000e+002
3.956000 3.000000e+002
3.958000 3.000000e+002
3.960000 3.000000e+002
3.962000 3.000000e+002
3.964000 3.000000e+002
3.966000 3.000000e+002
3.968000 3.000000e+002
3.970000 3.000000e+002
3.972000 3.000000e+002
3.974000 3.000000e+002
3.976000 3.000000e+002
3.978000 3.000000e+002
3.980000 3.000000e+002
3.982000 3.000000e+002
3.984000 3.000000e+002
3.986000 3.000000e+002
3.988000 3.000000e+002
3.990000 3.000000e+002
3.992000 3.000000e+002
3.994000 3.000000e+002
3.996000 3.000000e+002
3.998000 3.000000e+002
