0.000000 3.275194e+002
0.002000 3.305572e+002
0.004000 3.335943e+002
0.006000 3.366307e+002
0.008000 3.396661e+002
0.010000 3.427006e+002
0.012000 3.457340e+002
0.014000 3.487664e+002
0.016000 3.517976e+002
0.018000 3.548276e+002
0.020000 3.578562e+002
0.022000 3.608835e+002
0.024000 3.639093e+002
0.026000 3.669336e+002
0.028000 3.699563e+002
0.030000 3.729773e+002
0.032000 3.759965e+002
0.034000 3.790139e+002
0.036000 3.820295e+002
0.038000 3.850430e+002
0.040000 3.880545e+002
0.042000 3.910640e+002
0.044000 3.940712e+002
0.046000 3.970762e+002
0.048000 4.000788e+002
0.050000 4.030790e+002
0.052000 4.060768e+002
0.054000 4.090720e+002
0.056000 4.120647e+002
0.058000 4.150546e+002
0.060000 4.180418e+002
0.062000 4.210261e+002
0.064000 4.240075e+002
0.066000 4.269860e+002
0.068000 4.299614e+002
0.070000 4.329337e+002
0.072000 4.359029e+002
0.074000 4.388687e+002
0.076000 4.418313e+002
0.078000 4.447905e+002
0.080000 4.477461e+002
0.082000 4.506983e+002
0.084000 4.536468e+002
0.086000 4.565917e+002
0.088000 4.595328e+002
0.090000 4.624702e+002
0.092000 4.654036e+002
0.094000 4.683331e+002
0.096000 4.712585e+002
0.098000 4.741799e+002
0.100000 4.770971e+002
0.102000 4.800100e+002
0.104000 4.829187e+002
0.106000 4.858230e+002
0.108000 4.887229e+002
0.110000 4.916183e+002
0.112000 4.945091e+002
0.114000 4.973953e+002
0.116000 5.002767e+002
0.118000 5.031534e+002
0.120000 5.060253e+002
0.122000 5.088922e+002
0.124000 5.117542e+002
0.126000 5.146111e+002
0.128000 5.174630e+002
0.130000 5.203096e+002
0.132000 5.231511e+002
0.134000 5.259872e+002
0.136000 5.288179e+002
0.138000 5.316433e+002
0.140000 5.344631e+002
0.142000 5.372773e+002
0.144000 5.400860e+002
0.146000 5.428889e+002
0.148000 5.456861e+002
0.150000 5.484774e+002
0.152000 5.512629e+002
0.154000 5.540424e+002
0.156000 5.568160e+002
0.158000 5.595834e+002
0.160000 5.623447e+002
0.162000 5.650998e+002
0.164000 5.678486e+002
0.166000 5.705911e+002
0.168000 5.733273e+002
0.170000 5.760569e+002
0.172000 5.787801e+002
0.174000 5.814967e+002
0.176000 5.842067e+002
0.178000 5.869099e+002
0.180000 5.896064e+002
0.182000 5.922961e+002
0.184000 5.949790e+002
0.186000 5.976549e+002
0.188000 6.003238e+002
0.190000 6.029856e+002
0.192000 6.056403e+002
0.194000 6.082879e+002
0.196000 6.109282e+002
0.198000 6.135613e+002
0.200000 6.161870e+002
0.202000 6.188053e+002
0.204000 6.214161e+002
0.206000 6.240195e+002
0.208000 6.266152e+002
0.210000 6.292033e+002
0.212000 6.317838e+002
0.214000 6.343565e+002
0.216000 6.369214e+002
0.218000 6.394784e+002
0.220000 6.420276e+002
0.222000 6.445688e+002
0.224000 6.471019e+002
0.226000 6.496270e+002
0.228000 6.521440e+002
0.230000 6.546528e+002
0.232000 6.571533e+002
0.234000 6.596456e+002
0.236000 6.621296e+002
0.238000 6.646051e+002
0.240000 6.670722e+002
0.242000 6.695309e+002
0.244000 6.719809e+002
0.246000 6.744224e+002
0.248000 6.768553e+002
0.250000 6.792794e+002
0.252000 6.816948e+002
0.254000 6.841014e+002
0.256000 6.864991e+002
0.258000 6.888880e+002
0.260000 6.912679e+002
0.262000 6.936389e+002
0.264000 6.960008e+002
0.266000 6.983536e+002
0.268000 7.006972e+002
0.270000 7.030317e+002
0.272000 7.053570e+002
0.274000 7.076730e+002
0.276000 7.099796e+002
0.278000 7.122769e+002
0.280000 7.145648e+002
0.282000 7.168432e+002
0.284000 7.191122e+002
0.286000 7.213716e+002
0.288000 7.236214e+002
0.290000 7.258615e+002
0.292000 7.280920e+002
0.294000 7.303128e+002
0.296000 7.325238e+002
0.298000 7.347250e+002
0.300000 7.369163e+002
0.302000 7.390978e+002
0.304000 7.412693e+002
0.306000 7.434309e+002
0.308000 7.455824e+002
0.310000 7.477239e+002
0.312000 7.498554e+002
0.314000 7.519766e+002
0.316000 7.540878e+002
0.318000 7.561887e+002
0.320000 7.582793e+002
0.322000 7.603597e+002
0.324000 7.624298e+002
0.326000 7.644895e+002
0.328000 7.665388e+002
0.330000 7.685777e+002
0.332000 7.706061e+002
0.334000 7.726240e+002
0.336000 7.746314e+002
0.338000 7.766282e+002
0.340000 7.786144e+002
0.342000 7.805899e+002
0.344000 7.825548e+002
0.346000 7.845090e+002
0.348000 7.864524e+002
0.350000 7.883851e+002
0.352000 7.903069e+002
0.354000 7.922179e+002
0.356000 7.941181e+002
0.358000 7.960073e+002
0.360000 7.978856e+002
0.362000 7.997530e+002
0.364000 8.016093e+002
0.366000 8.034546e+002
0.368000 8.052889e+002
0.370000 8.071121e+002
0.372000 8.089242e+002
0.374000 8.107252e+002
0.376000 8.125150e+002
0.378000 8.142936e+002
0.380000 8.160610e+002
0.382000 8.178171e+002
0.384000 8.195620e+002
0.386000 8.212956e+002
0.388000 8.230179e+002
0.390000 8.247288e+002
0.392000 8.264283e+002
0.394000 8.281165e+002
0.396000 8.297932e+002
0.398000 8.314585e+002
0.400000 8.331124e+002
0.402000 8.347547e+002
0.404000 8.363855e+002
0.406000 8.380049e+002
0.408000 8.396126e+002
0.410000 8.412088e+002
0.412000 8.427934e+002
0.414000 8.443664e+002
0.416000 8.459277e+002
0.418000 8.474774e+002
0.420000 8.490155e+002
0.422000 8.505418e+002
0.424000 8.520564e+002
0.426000 8.535593e+002
0.428000 8.550505e+002
0.430000 8.565299e+002
0.432000 8.579976e+002
0.434000 8.594534e+002
0.436000 8.608974e+002
0.438000 8.623296e+002
0.440000 8.637500e+002
0.442000 8.651585e+002
0.444000 8.665552e+002
0.446000 8.679400e+002
0.448000 8.693129e+002
0.450000 8.706738e+002
0.452000 8.720229e+002
0.454000 8.733600e+002
0.456000 8.746852e+002
0.458000 8.759984e+002
0.460000 8.772997e+002
0.462000 8.785890e+002
0.464000 8.798663e+002
0.466000 8.811316e+002
0.468000 8.823849e+002
0.470000 8.836262e+002
0.472000 8.848555e+002
0.474000 8.860727e+002
0.476000 8.872779e+002
0.478000 8.884711e+002
0.480000 8.896522e+002
0.482000 8.908213e+002
0.484000 8.919782e+002
0.486000 8.931231e+002
0.488000 8.942560e+002
0.490000 8.953767e+002
0.492000 8.964854e+002
0.494000 8.975820e+002
0.496000 8.986665e+002
0.498000 8.997388e+002
0.500000 9.007991e+002
0.502000 9.018473e+002
0.504000 9.028834e+002
0.506000 9.039074e+002
0.508000 9.049192e+002
0.510000 9.059190e+002
0.512000 9.069066e+002
0.514000 9.078821e+002
0.516000 9.088456e+002
0.518000 9.097969e+002
0.520000 9.107361e+002
0.522000 9.116631e+002
0.524000 9.125781e+002
0.526000 9.134810e+002
0.528000 9.143718e+002
0.530000 9.152504e+002
0.532000 9.161170e+002
0.534000 9.169715e+002
0.536000 9.178139e+002
0.538000 9.186442e+002
0.540000 9.194624e+002
0.542000 9.202686e+002
0.544000 9.210626e+002
0.546000 9.218447e+002
0.548000 9.226146e+002
0.550000 9.233725e+002
0.552000 9.241184e+002
0.554000 9.248522e+002
0.556000 9.255740e+002
0.558000 9.262837e+002
0.560000 9.269815e+002
0.562000 9.276672e+002
0.564000 9.283410e+002
0.566000 9.290027e+002
0.568000 9.296525e+002
0.570000 9.302903e+002
0.572000 9.309162e+002
0.574000 9.315301e+002
0.576000 9.321320e+002
0.578000 9.327221e+002
0.580000 9.333002e+002
0.582000 9.338665e+002
0.584000 9.344208e+002
0.586000 9.349633e+002
0.588000 9.354939e+002
0.590000 9.360127e+002
0.592000 9.365196e+002
0.594000 9.370147e+002
0.596000 9.374980e+002
0.598000 9.379695e+002
0.600000 9.384293e+002
0.602000 9.388773e+002
0.604000 9.393135e+002
0.606000 9.397380e+002
0.608000 9.401508e+002
0.610000 9.405520e+002
0.612000 9.409414e+002
0.614000 9.413192e+002
0.616000 9.416853e+002
0.618000 9.420399e+002
0.620000 9.423828e+002
0.622000 9.427141e+002
0.624000 9.430339e+002
0.626000 9.433421e+002
0.628000 9.436388e+002
0.630000 9.439241e+002
0.632000 9.441978e+002
0.634000 9.444600e+002
0.636000 9.447109e+002
0.638000 9.449503e+002
0.640000 9.451783e+002
0.642000 9.453949e+002
0.644000 9.456002e+002
0.646000 9.457941e+002
0.648000 9.459768e+002
0.650000 9.461481e+002
0.652000 9.463082e+002
0.654000 9.464571e+002
0.656000 9.465948e+002
0.658000 9.467212e+002
0.660000 9.468366e+002
0.662000 9.469407e+002
0.664000 9.470338e+002
0.666000 9.471158e+002
0.668000 9.471867e+002
0.670000 9.472466e+002
0.672000 9.472955e+002
0.674000 9.473334e+002
0.676000 9.473604e+002
0.678000 9.473764e+002
0.680000 9.473815e+002
0.682000 9.473758e+002
0.684000 9.473593e+002
0.686000 9.473319e+002
0.688000 9.472937e+002
0.690000 9.472448e+002
0.692000 9.471852e+002
0.694000 9.471149e+002
0.696000 9.470339e+002
0.698000 9.469423e+002
0.700000 9.468401e+002
0.702000 9.467273e+002
0.704000 9.466040e+002
0.706000 9.464702e+002
0.708000 9.463259e+002
0.710000 9.461711e+002
0.712000 9.460060e+002
0.714000 9.458304e+002
0.716000 9.456445e+002
0.718000 9.454483e+002
0.720000 9.452419e+002
0.722000 9.450251e+002
0.724000 9.447982e+002
0.726000 9.445611e+002
0.728000 9.443138e+002
0.730000 9.440564e+002
0.732000 9.437890e+002
0.734000 9.435115e+002
0.736000 9.432239e+002
0.738000 9.429265e+002
0.740000 9.426191e+002
0.742000 9.423017e+002
0.744000 9.419746e+002
0.746000 9.416375e+002
0.748000 9.412907e+002
0.750000 9.409342e+002
0.752000 9.405679e+002
0.754000 9.401920e+002
0.756000 9.398064e+002
0.758000 9.394111e+002
0.760000 9.390064e+002
0.762000 9.385920e+002
0.764000 9.381682e+002
0.766000 9.377350e+002
0.768000 9.372923e+002
0.770000 9.368402e+002
0.772000 9.363789e+002
0.774000 9.359082e+002
0.776000 9.354282e+002
0.778000 9.349390e+002
0.780000 9.344407e+002
0.782000 9.339331e+002
0.784000 9.334165e+002
0.786000 9.328909e+002
0.788000 9.323562e+002
0.790000 9.318125e+002
0.792000 9.312599e+002
0.794000 9.306984e+002
0.796000 9.301280e+002
0.798000 9.295488e+002
0.800000 9.289608e+002
0.802000 9.283641e+002
0.804000 9.277587e+002
0.806000 9.271447e+002
0.808000 9.265220e+002
0.810000 9.258908e+002
0.812000 9.252510e+002
0.814000 9.246028e+002
0.816000 9.239461e+002
0.818000 9.232811e+002
0.820000 9.226076e+002
0.822000 9.219259e+002
0.824000 9.212359e+002
0.826000 9.205377e+002
0.828000 9.198312e+002
0.830000 9.191167e+002
0.832000 9.183941e+002
0.834000 9.176634e+002
0.836000 9.169247e+002
0.838000 9.161780e+002
0.840000 9.154234e+002
0.842000 9.146610e+002
0.844000 9.138907e+002
0.846000 9.131126e+002
0.848000 9.123268e+002
0.850000 9.115333e+002
0.852000 9.107321e+002
0.854000 9.099234e+002
0.856000 9.091070e+002
0.858000 9.082832e+002
0.860000 9.074519e+002
0.862000 9.066132e+002
0.864000 9.057671e+002
0.866000 9.049136e+002
0.868000 9.040529e+002
0.870000 9.031849e+002
0.872000 9.023098e+002
0.874000 9.014275e+002
0.876000 9.005380e+002
0.878000 8.996416e+002
0.880000 8.987381e+002
0.882000 8.978276e+002
0.884000 8.969103e+002
0.886000 8.959860e+002
0.888000 8.950550e+002
0.890000 8.941171e+002
0.892000 8.931726e+002
0.894000 8.922213e+002
0.896000 8.912634e+002
0.898000 8.902989e+002
0.900000 8.893279e+002
0.902000 8.883504e+002
0.904000 8.873664e+002
0.906000 8.863760e+002
0.908000 8.853793e+002
0.910000 8.843763e+002
0.912000 8.833670e+002
0.914000 8.823515e+002
0.916000 8.813298e+002
0.918000 8.803020e+002
0.920000 8.792681e+002
0.922000 8.782282e+002
0.924000 8.771824e+002
0.926000 8.761306e+002
0.928000 8.750729e+002
0.930000 8.740094e+002
0.932000 8.729401e+002
0.934000 8.718651e+002
0.936000 8.707844e+002
0.938000 8.696980e+002
0.940000 8.686060e+002
0.942000 8.675085e+002
0.944000 8.664055e+002
0.946000 8.652971e+002
0.948000 8.641832e+002
0.950000 8.630640e+002
0.952000 8.619395e+002
0.954000 8.608097e+002
0.956000 8.596748e+002
0.958000 8.585346e+002
0.960000 8.573893e+002
0.962000 8.562390e+002
0.964000 8.550837e+002
0.966000 8.539233e+002
0.968000 8.527581e+002
0.970000 8.515880e+002
0.972000 8.504130e+002
0.974000 8.492333e+002
0.976000 8.480489e+002
0.978000 8.468597e+002
0.980000 8.456659e+002
0.982000 8.444676e+002
0.984000 8.432647e+002
0.986000 8.420573e+002
0.988000 8.408454e+002
0.990000 8.396292e+002
0.992000 8.384086e+002
0.994000 8.371837e+002
0.996000 8.359545e+002
0.998000 8.347212e+002
1.000000 8.334837e+002
1.002000 8.322420e+002
1.004000 8.309963e+002
1.006000 8.297466e+002
1.008000 8.284930e+002
1.010000 8.272354e+002
1.012000 8.259739e+002
1.014000 8.247086e+002
1.016000 8.234395e+002
1.018000 8.221667e+002
1.020000 8.208902e+002
1.022000 8.196101e+002
1.024000 8.183263e+002
1.026000 8.170391e+002
1.028000 8.157483e+002
1.030000 8.144541e+002
1.032000 8.131564e+002
1.034000 8.118554e+002
1.036000 8.105511e+002
1.038000 8.092436e+002
1.040000 8.079328e+002
1.042000 8.066189e+002
1.044000 8.053018e+002
1.046000 8.039816e+002
1.048000 8.026585e+002
1.050000 8.013323e+002
1.052000 8.000032e+002
1.054000 7.986712e+002
1.056000 7.973363e+002
1.058000 7.959987e+002
1.060000 7.946582e+002
1.062000 7.933151e+002
1.064000 7.919693e+002
1.066000 7.906209e+002
1.068000 7.892699e+002
1.070000 7.879164e+002
1.072000 7.865604e+002
1.074000 7.852020e+002
1.076000 7.838411e+002
1.078000 7.824780e+002
1.080000 7.811125e+002
1.082000 7.797447e+002
1.084000 7.783748e+002
1.086000 7.770026e+002
1.088000 7.756284e+002
1.090000 7.742520e+002
1.092000 7.728737e+002
1.094000 7.714933e+002
1.096000 7.701110e+002
1.098000 7.687267e+002
1.100000 7.673406e+002
1.102000 7.659527e+002
1.104000 7.645630e+002
1.106000 7.631716e+002
1.108000 7.617785e+002
1.110000 7.603838e+002
1.112000 7.589874e+002
1.114000 7.575895e+002
1.116000 7.561901e+002
1.118000 7.547891e+002
1.120000 7.533868e+002
1.122000 7.519831e+002
1.124000 7.505780e+002
1.126000 7.491716e+002
1.128000 7.477640e+002
1.130000 7.463551e+002
1.132000 7.449451e+002
1.134000 7.435339e+002
1.136000 7.421216e+002
1.138000 7.407083e+002
1.140000 7.392939e+002
1.142000 7.378786e+002
1.144000 7.364623e+002
1.146000 7.350452e+002
1.148000 7.336272e+002
1.150000 7.322084e+002
1.152000 7.307888e+002
1.154000 7.293685e+002
1.156000 7.279475e+002
1.158000 7.265259e+002
1.160000 7.251036e+002
1.162000 7.236808e+002
1.164000 7.222574e+002
1.166000 7.208336e+002
1.168000 7.194092e+002
1.170000 7.179845e+002
1.172000 7.165594e+002
1.174000 7.151340e+002
1.176000 7.137083e+002
1.178000 7.122823e+002
1.180000 7.108560e+002
1.182000 7.094297e+002
1.184000 7.080031e+002
1.186000 7.065765e+002
1.188000 7.051497e+002
1.190000 7.037230e+002
1.192000 7.022962e+002
1.194000 7.008695e+002
1.196000 6.994429e+002
1.198000 6.980163e+002
1.200000 6.965900e+002
1.202000 6.951638e+002
1.204000 6.937378e+002
1.206000 6.923121e+002
1.208000 6.908867e+002
1.210000 6.894616e+002
1.212000 6.880369e+002
1.214000 6.866126e+002
1.216000 6.851887e+002
1.218000 6.837653e+002
1.220000 6.823424e+002
1.222000 6.809201e+002
1.224000 6.794983e+002
1.226000 6.780771e+002
1.228000 6.766566e+002
1.230000 6.752367e+002
1.232000 6.738176e+002
1.234000 6.723992e+002
1.236000 6.709816e+002
1.238000 6.695647e+002
1.240000 6.681488e+002
1.242000 6.667337e+002
1.244000 6.653195e+002
1.246000 6.639063e+002
1.248000 6.624940e+002
1.250000 6.610827e+002
1.252000 6.596725e+002
1.254000 6.582634e+002
1.256000 6.568553e+002
1.258000 6.554484e+002
1.260000 6.540426e+002
1.262000 6.526381e+002
1.264000 6.512347e+002
1.266000 6.498327e+002
1.268000 6.484319e+002
1.270000 6.470324e+002
1.272000 6.456342e+002
1.274000 6.442375e+002
1.276000 6.428421e+002
1.278000 6.414482e+002
1.280000 6.400558e+002
1.282000 6.386648e+002
1.284000 6.372754e+002
1.286000 6.358875e+002
1.288000 6.345011e+002
1.290000 6.331164e+002
1.292000 6.317334e+002
1.294000 6.303520e+002
1.296000 6.289722e+002
1.298000 6.275942e+002
1.300000 6.262180e+002
1.302000 6.248435e+002
1.304000 6.234708e+002
1.306000 6.221000e+002
1.308000 6.207310e+002
1.310000 6.193638e+002
1.312000 6.179986e+002
1.314000 6.166353e+002
1.316000 6.152740e+002
1.318000 6.139146e+002
1.320000 6.125573e+002
1.322000 6.112020e+002
1.324000 6.098487e+002
1.326000 6.084975e+002
1.328000 6.071485e+002
1.330000 6.058015e+002
1.332000 6.044567e+002
1.334000 6.031141e+002
1.336000 6.017737e+002
1.338000 6.004355e+002
1.340000 5.990996e+002
1.342000 5.977660e+002
1.344000 5.964346e+002
1.346000 5.951055e+002
1.348000 5.937788e+002
1.350000 5.924545e+002
1.352000 5.911325e+002
1.354000 5.898130e+002
1.356000 5.884959e+002
1.358000 5.871812e+002
1.360000 5.858690e+002
1.362000 5.845593e+002
1.364000 5.832521e+002
1.366000 5.819474e+002
1.368000 5.806453e+002
1.370000 5.793458e+002
1.372000 5.780488e+002
1.374000 5.767545e+002
1.376000 5.754628e+002
1.378000 5.741738e+002
1.380000 5.728874e+002
1.382000 5.716037e+002
1.384000 5.703228e+002
1.386000 5.690445e+002
1.388000 5.677691e+002
1.390000 5.664963e+002
1.392000 5.652264e+002
1.394000 5.639593e+002
1.396000 5.626950e+002
1.398000 5.614335e+002
1.400000 5.601749e+002
1.402000 5.589192e+002
1.404000 5.576663e+002
1.406000 5.564164e+002
1.408000 5.551694e+002
1.410000 5.539253e+002
1.412000 5.526842e+002
1.414000 5.514460e+002
1.416000 5.502109e+002
1.418000 5.489787e+002
1.420000 5.477496e+002
1.422000 5.465235e+002
1.424000 5.453004e+002
1.426000 5.440804e+002
1.428000 5.428635e+002
1.430000 5.416497e+002
1.432000 5.404390e+002
1.434000 5.392314e+002
1.436000 5.380269e+002
1.438000 5.368256e+002
1.440000 5.356275e+002
1.442000 5.344325e+002
1.444000 5.332408e+002
1.446000 5.320522e+002
1.448000 5.308668e+002
1.450000 5.296847e+002
1.452000 5.285058e+002
1.454000 5.273302e+002
1.456000 5.261578e+002
1.458000 5.249887e+002
1.460000 5.238229e+002
1.462000 5.226604e+002
1.464000 5.215012e+002
1.466000 5.203453e+002
1.468000 5.191928e+002
1.470000 5.180436e+002
1.472000 5.168978e+002
1.474000 5.157553e+002
1.476000 5.146162e+002
1.478000 5.134805e+002
1.480000 5.123481e+002
1.482000 5.112192e+002
1.484000 5.100937e+002
1.486000 5.089716e+002
1.488000 5.078530e+002
1.490000 5.067378e+002
1.492000 5.056260e+002
1.494000 5.045177e+002
1.496000 5.034129e+002
1.498000 5.023115e+002
1.500000 5.012136e+002
1.502000 5.001193e+002
1.504000 4.990284e+002
1.506000 4.979410e+002
1.508000 4.968571e+002
1.510000 4.957768e+002
1.512000 4.947000e+002
1.514000 4.936267e+002
1.516000 4.925570e+002
1.518000 4.914908e+002
1.520000 4.904282e+002
1.522000 4.893691e+002
1.524000 4.883136e+002
1.526000 4.872616e+002
1.528000 4.862133e+002
1.530000 4.851685e+002
1.532000 4.841274e+002
1.534000 4.830898e+002
1.536000 4.820558e+002
1.538000 4.810254e+002
1.540000 4.799986e+002
1.542000 4.789755e+002
1.544000 4.779560e+002
1.546000 4.769401e+002
1.548000 4.759278e+002
1.550000 4.749191e+002
1.552000 4.739141e+002
1.554000 4.729127e+002
1.556000 4.719150e+002
1.558000 4.709209e+002
1.560000 4.699305e+002
1.562000 4.689437e+002
1.564000 4.679606e+002
1.566000 4.669811e+002
1.568000 4.660053e+002
1.570000 4.650331e+002
1.572000 4.640646e+002
1.574000 4.630998e+002
1.576000 4.621387e+002
1.578000 4.611812e+002
1.580000 4.602274e+002
1.582000 4.592772e+002
1.584000 4.583308e+002
1.586000 4.573880e+002
1.588000 4.564489e+002
1.590000 4.555135e+002
1.592000 4.545817e+002
1.594000 4.536537e+002
1.596000 4.527293e+002
1.598000 4.518086e+002
1.600000 4.508916e+002
1.602000 4.499783e+002
1.604000 4.490686e+002
1.606000 4.481626e+002
1.608000 4.472603e+002
1.610000 4.463617e+002
1.612000 4.454668e+002
1.614000 4.445756e+002
1.616000 4.436880e+002
1.618000 4.428041e+002
1.620000 4.419239e+002
1.622000 4.410474e+002
1.624000 4.401745e+002
1.626000 4.393054e+002
1.628000 4.384399e+002
1.630000 4.375780e+002
1.632000 4.367199e+002
1.634000 4.358654e+002
1.636000 4.350145e+002
1.638000 4.341673e+002
1.640000 4.333238e+002
1.642000 4.324840e+002
1.644000 4.316478e+002
1.646000 4.308153e+002
1.648000 4.299864e+002
1.650000 4.291611e+002
1.652000 4.283395e+002
1.654000 4.275216e+002
1.656000 4.267073e+002
1.658000 4.258966e+002
1.660000 4.250895e+002
1.662000 4.242861e+002
1.664000 4.234863e+002
1.666000 4.226902e+002
1.668000 4.218976e+002
1.670000 4.211087e+002
1.672000 4.203233e+002
1.674000 4.195416e+002
1.676000 4.187635e+002
1.678000 4.179890e+002
1.680000 4.172180e+002
1.682000 4.164507e+002
1.684000 4.156869e+002
1.686000 4.149267e+002
1.688000 4.141701e+002
1.690000 4.134171e+002
1.692000 4.126676e+002
1.694000 4.119217e+002
1.696000 4.111793e+002
1.698000 4.104405e+002
1.700000 4.097052e+002
1.702000 4.089735e+002
1.704000 4.082453e+002
1.706000 4.075206e+002
1.708000 4.067994e+002
1.710000 4.060818e+002
1.712000 4.053676e+002
1.714000 4.046570e+002
1.716000 4.039499e+002
1.718000 4.032462e+002
1.720000 4.025460e+002
1.722000 4.018493e+002
1.724000 4.011561e+002
1.726000 4.004664e+002
1.728000 3.997801e+002
1.730000 3.990972e+002
1.732000 3.984178e+002
1.734000 3.977418e+002
1.736000 3.970693e+002
1.738000 3.964002e+002
1.740000 3.957345e+002
1.742000 3.950722e+002
1.744000 3.944133e+002
1.746000 3.937578e+002
1.748000 3.931057e+002
1.750000 3.924570e+002
1.752000 3.918116e+002
1.754000 3.911696e+002
1.756000 3.905310e+002
1.758000 3.898957e+002
1.760000 3.892637e+002
1.762000 3.886351e+002
1.764000 3.880098e+002
1.766000 3.873879e+002
1.768000 3.867692e+002
1.770000 3.861538e+002
1.772000 3.855417e+002
1.774000 3.849330e+002
1.776000 3.843274e+002
1.778000 3.837252e+002
1.780000 3.831262e+002
1.782000 3.825305e+002
1.784000 3.819380e+002
1.786000 3.813487e+002
1.788000 3.807627e+002
1.790000 3.801799e+002
1.792000 3.796002e+002
1.794000 3.790238e+002
1.796000 3.784506e+002
1.798000 3.778805e+002
1.800000 3.773137e+002
1.802000 3.767500e+002
1.804000 3.761894e+002
1.806000 3.756320e+002
1.808000 3.750777e+002
1.810000 3.745265e+002
1.812000 3.739785e+002
1.814000 3.734336e+002
1.816000 3.728917e+002
1.818000 3.723530e+002
1.820000 3.718173e+002
1.822000 3.712847e+002
1.824000 3.707552e+002
1.826000 3.702287e+002
1.828000 3.697052e+002
1.830000 3.691848e+002
1.832000 3.686674e+002
1.834000 3.681530e+002
1.836000 3.676416e+002
1.838000 3.671332e+002
1.840000 3.666278e+002
1.842000 3.661254e+002
1.844000 3.656259e+002
1.846000 3.651294e+002
1.848000 3.646358e+002
1.850000 3.641451e+002
1.852000 3.636574e+002
1.854000 3.631726e+002
1.856000 3.626907e+002
1.858000 3.622116e+002
1.860000 3.617355e+002
1.862000 3.612622e+002
1.864000 3.607918e+002
1.866000 3.603242e+002
1.868000 3.598595e+002
1.870000 3.593976e+002
1.872000 3.589385e+002
1.874000 3.584823e+002
1.876000 3.580288e+002
1.878000 3.575781e+002
1.880000 3.571302e+002
1.882000 3.566851e+002
1.884000 3.562427e+002
1.886000 3.558031e+002
1.888000 3.553662e+002
1.890000 3.549320e+002
1.892000 3.545006e+002
1.894000 3.540718e+002
1.896000 3.536458e+002
1.898000 3.532224e+002
1.900000 3.528017e+002
1.902000 3.523837e+002
1.904000 3.519683e+002
1.906000 3.515555e+002
1.908000 3.511454e+002
1.910000 3.507379e+002
1.912000 3.503330e+002
1.914000 3.499308e+002
1.916000 3.495311e+002
1.918000 3.491339e+002
1.920000 3.487394e+002
1.922000 3.483474e+002
1.924000 3.479579e+002
1.926000 3.475710e+002
1.928000 3.471866e+002
1.930000 3.468047e+002
1.932000 3.464253e+002
1.934000 3.460484e+002
1.936000 3.456740e+002
1.938000 3.453020e+002
1.940000 3.449326e+002
1.942000 3.445655e+002
1.944000 3.442009e+002
1.946000 3.438387e+002
1.948000 3.434790e+002
1.950000 3.431216e+002
1.952000 3.427666e+002
1.954000 3.424140e+002
1.956000 3.420638e+002
1.958000 3.417160e+002
1.960000 3.413705e+002
1.962000 3.410273e+002
1.964000 3.406865e+002
1.966000 3.403480e+002
1.968000 3.400117e+002
1.970000 3.396778e+002
1.972000 3.393462e+002
1.974000 3.390168e+002
1.976000 3.386898e+002
1.978000 3.383649e+002
1.980000 3.380423e+002
1.982000 3.377220e+002
1.984000 3.374038e+002
1.986000 3.370879e+002
1.988000 3.367742e+002
1.990000 3.364626e+002
1.992000 3.361532e+002
1.994000 3.358460e+002
1.996000 3.355410e+002
1.998000 3.352381e+002
2.000000 3.349374e+002
2.002000 3.346387e+002
2.004000 3.343422e+002
2.006000 3.340478e+002
2.008000 3.337555e+002
2.010000 3.334652e+002
2.012000 3.331770e+002
2.014000 3.328909e+002
2.016000 3.326069e+002
2.018000 3.323248e+002
2.020000 3.320449e+002
2.022000 3.317669e+002
2.024000 3.314909e+002
2.026000 3.312170e+002
2.028000 3.309450e+002
2.030000 3.306750e+002
2.032000 3.304069e+002
2.034000 3.301409e+002
2.036000 3.298767e+002
2.038000 3.296145e+002
2.040000 3.293543e+002
2.042000 3.290959e+002
2.044000 3.288395e+002
2.046000 3.285849e+002
2.048000 3.283322e+002
2.050000 3.280814e+002
2.052000 3.278325e+002
2.054000 3.275854e+002
2.056000 3.273402e+002
2.058000 3.270967e+002
2.060000 3.268552e+002
2.062000 3.266154e+002
2.064000 3.263774e+002
2.066000 3.261412e+002
2.068000 3.259068e+002
2.070000 3.256742e+002
2.072000 3.254433e+002
2.074000 3.252142e+002
2.076000 3.249869e+002
2.078000 3.247612e+002
2.080000 3.245373e+002
2.082000 3.243151e+002
2.084000 3.240946e+002
2.086000 3.238758e+002
2.088000 3.236587e+002
2.090000 3.234432e+002
2.092000 3.232294e+002
2.094000 3.230173e+002
2.096000 3.228068e+002
2.098000 3.225979e+002
2.100000 3.223907e+002
2.102000 3.221851e+002
2.104000 3.219811e+002
2.106000 3.217786e+002
2.108000 3.215778e+002
2.110000 3.213786e+002
2.112000 3.211809e+002
2.114000 3.209847e+002
2.116000 3.207902e+002
2.118000 3.205971e+002
2.120000 3.204056e+002
2.122000 3.202156e+002
2.124000 3.200271e+002
2.126000 3.198401e+002
2.128000 3.196547e+002
2.130000 3.194706e+002
2.132000 3.192881e+002
2.134000 3.191070e+002
2.136000 3.189274e+002
2.138000 3.187493e+002
2.140000 3.185725e+002
2.142000 3.183972e+002
2.144000 3.182233e+002
2.146000 3.180509e+002
2.148000 3.178798e+002
2.150000 3.177101e+002
2.152000 3.175418e+002
2.154000 3.173749e+002
2.156000 3.172094e+002
2.158000 3.170452e+002
2.160000 3.168823e+002
2.162000 3.167208e+002
2.164000 3.165606e+002
2.166000 3.164018e+002
2.168000 3.162442e+002
2.170000 3.160880e+002
2.172000 3.159330e+002
2.174000 3.157794e+002
2.176000 3.156270e+002
2.178000 3.154759e+002
2.180000 3.153261e+002
2.182000 3.151775e+002
2.184000 3.150301e+002
2.186000 3.148840e+002
2.188000 3.147392e+002
2.190000 3.145955e+002
2.192000 3.144531e+002
2.194000 3.143118e+002
2.196000 3.141718e+002
2.198000 3.140330e+002
2.200000 3.138953e+002
2.202000 3.137588e+002
2.204000 3.136234e+002
2.206000 3.134893e+002
2.208000 3.133562e+002
2.210000 3.132243e+002
2.212000 3.130936e+002
2.214000 3.129640e+002
2.216000 3.128354e+002
2.218000 3.127080e+002
2.220000 3.125817e+002
2.222000 3.124565e+002
2.224000 3.123324e+002
2.226000 3.122093e+002
2.228000 3.120874e+002
2.230000 3.119664e+002
2.232000 3.118466e+002
2.234000 3.117278e+002
2.236000 3.116100e+002
2.238000 3.114933e+002
2.240000 3.113775e+002
2.242000 3.112629e+002
2.244000 3.111492e+002
2.246000 3.110365e+002
2.248000 3.109248e+002
2.250000 3.108141e+002
2.252000 3.107044e+002
2.254000 3.105957e+002
2.256000 3.104879e+002
2.258000 3.103811e+002
2.260000 3.102752e+002
2.262000 3.101703e+002
2.264000 3.100664e+002
2.266000 3.099633e+002
2.268000 3.098612e+002
2.270000 3.097600e+002
2.272000 3.096598e+002
2.274000 3.095604e+002
2.276000 3.094619e+002
2.278000 3.093643e+002
2.280000 3.092676e+002
2.282000 3.091718e+002
2.284000 3.090769e+002
2.286000 3.089828e+002
2.288000 3.088896e+002
2.290000 3.087972e+002
2.292000 3.087057e+002
2.294000 3.086150e+002
2.296000 3.085252e+002
2.298000 3.084361e+002
2.300000 3.083479e+002
2.302000 3.082606e+002
2.304000 3.081740e+002
2.306000 3.080882e+002
2.308000 3.080032e+002
2.310000 3.079190e+002
2.312000 3.078356e+002
2.314000 3.077530e+002
2.316000 3.076711e+002
2.318000 3.075900e+002
2.320000 3.075097e+002
2.322000 3.074301e+002
2.324000 3.073513e+002
2.326000 3.072732e+002
2.328000 3.071958e+002
2.330000 3.071192e+002
2.332000 3.070433e+002
2.334000 3.069681e+002
2.336000 3.068936e+002
2.338000 3.068198e+002
2.340000 3.067468e+002
2.342000 3.066744e+002
2.344000 3.066027e+002
2.346000 3.065317e+002
2.348000 3.064614e+002
2.350000 3.063918e+002
2.352000 3.063228e+002
2.354000 3.062545e+002
2.356000 3.061868e+002
2.358000 3.061198e+002
2.360000 3.060534e+002
2.362000 3.059877e+002
2.364000 3.059226e+002
2.366000 3.058582e+002
2.368000 3.057943e+002
2.370000 3.057311e+002
2.372000 3.056685e+002
2.374000 3.056065e+002
2.376000 3.055452e+002
2.378000 3.054844e+002
2.380000 3.054242e+002
2.382000 3.053646e+002
2.384000 3.053056e+002
2.386000 3.052472e+002
2.388000 3.051893e+002
2.390000 3.051320e+002
2.392000 3.050753e+002
2.394000 3.050192e+002
2.396000 3.049636e+002
2.398000 3.049085e+002
2.400000 3.048540e+002
2.402000 3.048000e+002
2.404000 3.047466e+002
2.406000 3.046937e+002
2.408000 3.046414e+002
2.410000 3.045895e+002
2.412000 3.045382e+002
2.414000 3.044874e+002
2.416000 3.044371e+002
2.418000 3.043873e+002
2.420000 3.043380e+002
2.422000 3.042892e+002
2.424000 3.042409e+002
2.426000 3.041931e+002
2.428000 3.041458e+002
2.430000 3.040990e+002
2.432000 3.040526e+002
2.434000 3.040067e+002
2.436000 3.039613e+002
2.438000 3.039163e+002
2.440000 3.038718e+002
2.442000 3.038277e+002
2.444000 3.037841e+002
2.446000 3.037410e+002
2.448000 3.036983e+002
2.450000 3.036560e+002
2.452000 3.036142e+002
2.454000 3.035728e+002
2.456000 3.035318e+002
2.458000 3.034912e+002
2.460000 3.034511e+002
2.462000 3.034114e+002
2.464000 3.033721e+002
2.466000 3.033332e+002
2.468000 3.032947e+002
2.470000 3.032566e+002
2.472000 3.032189e+002
2.474000 3.031816e+002
2.476000 3.031447e+002
2.478000 3.031082e+002
2.480000 3.030721e+002
2.482000 3.030363e+002
2.484000 3.030009e+002
2.486000 3.029659e+002
2.488000 3.029313e+002
2.490000 3.028970e+002
2.492000 3.028631e+002
2.494000 3.028296e+002
2.496000 3.027964e+002
2.498000 3.027635e+002
2.500000 3.027311e+002
2.502000 3.026989e+002
2.504000 3.026671e+002
2.506000 3.026357e+002
2.508000 3.026045e+002
2.510000 3.025737e+002
2.512000 3.025433e+002
2.514000 3.025131e+002
2.516000 3.024833e+002
2.518000 3.024539e+002
2.520000 3.024247e+002
2.522000 3.023958e+002
2.524000 3.023673e+002
2.526000 3.023390e+002
2.528000 3.023111e+002
2.530000 3.022835e+002
2.532000 3.022562e+002
2.534000 3.022291e+002
2.536000 3.022024e+002
2.538000 3.021760e+002
2.540000 3.021498e+002
2.542000 3.021240e+002
2.544000 3.020984e+002
2.546000 3.020731e+002
2.548000 3.020480e+002
2.550000 3.020233e+002
2.552000 3.019988e+002
2.554000 3.019746e+002
2.556000 3.019507e+002
2.558000 3.019270e+002
2.560000 3.019036e+002
2.562000 3.018804e+002
2.564000 3.018575e+002
2.566000 3.018349e+002
2.568000 3.018125e+002
2.570000 3.017904e+002
2.572000 3.017685e+002
2.574000 3.017468e+002
2.576000 3.017254e+002
2.578000 3.017042e+002
2.580000 3.016833e+002
2.582000 3.016626e+002
2.584000 3.016422e+002
2.586000 3.016219e+002
2.588000 3.016019e+002
2.590000 3.015821e+002
2.592000 3.015626e+002
2.594000 3.015433e+002
2.596000 3.015241e+002
2.598000 3.015052e+002
2.600000 3.014866e+002
2.602000 3.014681e+002
2.604000 3.014498e+002
2.606000 3.014318e+002
2.608000 3.014139e+002
2.610000 3.013963e+002
2.612000 3.013788e+002
2.614000 3.013616e+002
2.616000 3.013446e+002
2.618000 3.013277e+002
2.620000 3.013111e+002
2.622000 3.012946e+002
2.624000 3.012783e+002
2.626000 3.012622e+002
2.628000 3.012463e+002
2.630000 3.012306e+002
2.632000 3.012151e+002
2.634000 3.011997e+002
2.636000 3.011845e+002
2.638000 3.011695e+002
2.640000 3.011547e+002
2.642000 3.011401e+002
2.644000 3.011256e+002
2.646000 3.011113e+002
2.648000 3.010971e+002
2.650000 3.010832e+002
2.652000 3.010693e+002
2.654000 3.010557e+002
2.656000 3.010422e+002
2.658000 3.010289e+002
2.660000 3.010157e+002
2.662000 3.010027e+002
2.664000 3.009898e+002
2.666000 3.009771e+002
2.668000 3.009645e+002
2.670000 3.009521e+002
2.672000 3.009398e+002
2.674000 3.009277e+002
2.676000 3.009157e+002
2.678000 3.009039e+002
2.680000 3.008922e+002
2.682000 3.008806e+002
2.684000 3.008692e+002
2.686000 3.008579e+002
2.688000 3.008468e+002
2.690000 3.008358e+002
2.692000 3.008249e+002
2.694000 3.008141e+002
2.696000 3.008035e+002
2.698000 3.007930e+002
2.700000 3.007827e+002
2.702000 3.007724e+002
2.704000 3.007623e+002
2.706000 3.007523e+002
2.708000 3.007424e+002
2.710000 3.007327e+002
2.712000 3.007230e+002
2.714000 3.007135e+002
2.716000 3.007041e+002
2.718000 3.006948e+002
2.720000 3.006857e+002
2.722000 3.006766e+002
2.724000 3.006676e+002
2.726000 3.006588e+002
2.728000 3.006501e+002
2.730000 3.006414e+002
2.732000 3.006329e+002
2.734000 3.006245e+002
2.736000 3.006162e+002
2.738000 3.006080e+002
2.740000 3.005999e+002
2.742000 3.005919e+002
2.744000 3.005840e+002
2.746000 3.005761e+002
2.748000 3.005684e+002
2.750000 3.005608e+002
2.752000 3.005533e+002
2.754000 3.005459e+002
2.756000 3.005385e+002
2.758000 3.005313e+002
2.760000 3.005241e+002
2.762000 3.005170e+002
2.764000 3.005101e+002
2.766000 3.005032e+002
2.768000 3.004964e+002
2.770000 3.004897e+002
2.772000 3.004830e+002
2.774000 3.004765e+002
2.776000 3.004700e+002
2.778000 3.004636e+002
2.780000 3.004573e+002
2.782000 3.004511e+002
2.784000 3.004449e+002
2.786000 3.004389e+002
2.788000 3.004329e+002
2.790000 3.004270e+002
2.792000 3.004211e+002
2.794000 3.004154e+002
2.796000 3.004097e+002
2.798000 3.004040e+002
2.800000 3.003985e+002
2.802000 3.003930e+002
2.804000 3.003876e+002
2.806000 3.003823e+002
2.808000 3.003770e+002
2.810000 3.003718e+002
2.812000 3.003667e+002
2.814000 3.003616e+002
2.816000 3.003566e+002
2.818000 3.003516e+002
2.820000 3.003468e+002
2.822000 3.003420e+002
2.824000 3.003372e+002
2.826000 3.003325e+002
2.828000 3.003279e+002
2.830000 3.003233e+002
2.832000 3.003188e+002
2.834000 3.003144e+002
2.836000 3.003100e+002
2.838000 3.003056e+002
2.840000 3.003013e+002
2.842000 3.002971e+002
2.844000 3.002930e+002
2.846000 3.002888e+002
2.848000 3.002848e+002
2.850000 3.002808e+002
2.852000 3.002768e+002
2.854000 3.002729e+002
2.856000 3.002691e+002
2.858000 3.002653e+002
2.860000 3.002615e+002
2.862000 3.002578e+002
2.864000 3.002542e+002
2.866000 3.002506e+002
2.868000 3.002470e+002
2.870000 3.002435e+002
2.872000 3.002400e+002
2.874000 3.002366e+002
2.876000 3.002333e+002
2.878000 3.002299e+002
2.880000 3.002267e+002
2.882000 3.002234e+002
2.884000 3.002202e+002
2.886000 3.002171e+002
2.888000 3.002140e+002
2.890000 3.002109e+002
2.892000 3.002079e+002
2.894000 3.002049e+002
2.896000 3.002019e+002
2.898000 3.001990e+002
2.900000 3.001962e+002
2.902000 3.001934e+002
2.904000 3.001906e+002
2.906000 3.001878e+002
2.908000 3.001851e+002
2.910000 3.001824e+002
2.912000 3.001798e+002
2.914000 3.001772e+002
2.916000 3.001746e+002
2.918000 3.001721e+002
2.920000 3.001696e+002
2.922000 3.001671e+002
2.924000 3.001647e+002
2.926000 3.001623e+002
2.928000 3.001599e+002
2.930000 3.001576e+002
2.932000 3.001553e+002
2.934000 3.001530e+002
2.936000 3.001508e+002
2.938000 3.001485e+002
2.940000 3.001464e+002
2.942000 3.001442e+002
2.944000 3.001421e+002
2.946000 3.001400e+002
2.948000 3.001379e+002
2.950000 3.001359e+002
2.952000 3.001339e+002
2.954000 3.001319e+002
2.956000 3.001300e+002
2.958000 3.001281e+002
2.960000 3.001262e+002
2.962000 3.001243e+002
2.964000 3.001225e+002
2.966000 3.001206e+002
2.968000 3.001188e+002
2.970000 3.001171e+002
2.972000 3.001153e+002
2.974000 3.001136e+002
2.976000 3.001119e+002
2.978000 3.001103e+002
2.980000 3.001086e+002
2.982000 3.001070e+002
2.984000 3.001054e+002
2.986000 3.001038e+002
2.988000 3.001023e+002
2.990000 3.001007e+002
2.992000 3.000992e+002
2.994000 3.000977e+002
2.996000 3.000962e+002
2.998000 3.000948e+002
3.000000 3.000934e+002
3.002000 3.000920e+002
3.004000 3.000906e+002
3.006000 3.000892e+002
3.008000 3.000879e+002
3.010000 3.000865e+002
3.012000 3.000852e+002
3.014000 3.000839e+002
3.016000 3.000827e+002
3.018000 3.000814e+002
3.020000 3.000802e+002
3.022000 3.000789e+002
3.024000 3.000777e+002
3.026000 3.000766e+002
3.028000 3.000754e+002
3.030000 3.000742e+002
3.032000 3.000731e+002
3.034000 3.000720e+002
3.036000 3.000709e+002
3.038000 3.000698e+002
3.040000 3.000687e+002
3.042000 3.000677e+002
3.044000 3.000666e+002
3.046000 3.000656e+002
3.048000 3.000646e+002
3.050000 3.000636e+002
3.052000 3.000626e+002
3.054000 3.000617e+002
3.056000 3.000607e+002
3.058000 3.000598e+002
3.060000 3.000588e+002
3.062000 3.000579e+002
3.064000 3.000570e+002
3.066000 3.000561e+002
3.068000 3.000553e+002
3.070000 3.000544e+002
3.072000 3.000536e+002
3.074000 3.000527e+002
3.076000 3.000519e+002
3.078000 3.000511e+002
3.080000 3.000503e+002
3.082000 3.000495e+002
3.084000 3.000487e+002
3.086000 3.000480e+002
3.088000 3.000472e+002
3.090000 3.000465e+002
3.092000 3.000458e+002
3.094000 3.000450e+002
3.096000 3.000443e+002
3.098000 3.000436e+002
3.100000 3.000430e+002
3.102000 3.000423e+002
3.104000 3.000416e+002
3.106000 3.000410e+002
3.108000 3.000403e+002
3.110000 3.000397e+002
3.112000 3.000390e+002
3.114000 3.000384e+002
3.116000 3.000378e+002
3.118000 3.000372e+002
3.120000 3.000366e+002
3.122000 3.000360e+002
3.124000 3.000355e+002
3.126000 3.000349e+002
3.128000 3.000344e+002
3.130000 3.000338e+002
3.132000 3.000333e+002
3.134000 3.000327e+002
3.136000 3.000322e+002
3.138000 3.000317e+002
3.140000 3.000312e+002
3.142000 3.000307e+002
3.144000 3.000302e+002
3.146000 3.000297e+002
3.148000 3.000292e+002
3.150000 3.000288e+002
3.152000 3.000283e+002
3.154000 3.000278e+002
3.156000 3.000274e+002
3.158000 3.000270e+002
3.160000 3.000265e+002
3.162000 3.000261e+002
3.164000 3.000257e+002
3.166000 3.000253e+002
3.168000 3.000248e+002
3.170000 3.000244e+002
3.172000 3.000240e+002
3.174000 3.000237e+002
3.176000 3.000233e+002
3.178000 3.000229e+002
3.180000 3.000225e+002
3.182000 3.000222e+002
3.184000 3.000218e+002
3.186000 3.000214e+002
3.188000 3.000211e+002
3.190000 3.000207e+002
3.192000 3.000204e+002
3.194000 3.000201e+002
3.196000 3.000197e+002
3.198000 3.000194e+002
3.200000 3.000191e+002
3.202000 3.000188e+002
3.204000 3.000185e+002
3.206000 3.000182e+002
3.208000 3.000179e+002
3.210000 3.000176e+002
3.212000 3.000173e+002
3.214000 3.000170e+002
3.216000 3.000167e+002
3.218000 3.000164e+002
3.220000 3.000162e+002
3.222000 3.000159e+002
3.224000 3.000156e+002
3.226000 3.000154e+002
3.228000 3.000151e+002
3.230000 3.000149e+002
3.232000 3.000146e+002
3.234000 3.000144e+002
3.236000 3.000141e+002
3.238000 3.000139e+002
3.240000 3.000137e+002
3.242000 3.000135e+002
3.244000 3.000132e+002
3.246000 3.000130e+002
3.248000 3.000128e+002
3.250000 3.000126e+002
3.252000 3.000124e+002
3.254000 3.000122e+002
3.256000 3.000120e+002
3.258000 3.000118e+002
3.260000 3.000116e+002
3.262000 3.000114e+002
3.264000 3.000112e+002
3.266000 3.000110e+002
3.268000 3.000108e+002
3.270000 3.000106e+002
3.272000 3.000104e+002
3.274000 3.000103e+002
3.276000 3.000101e+002
3.278000 3.000099e+002
3.280000 3.000097e+002
3.282000 3.000096e+002
3.284000 3.000094e+002
3.286000 3.000093e+002
3.288000 3.000091e+002
3.290000 3.000089e+002
3.292000 3.000088e+002
3.294000 3.000086e+002
3.296000 3.000085e+002
3.298000 3.000084e+002
3.300000 3.000082e+002
3.302000 3.000081e+002
3.304000 3.000079e+002
3.306000 3.000078e+002
3.308000 3.000077e+002
3.310000 3.000075e+002
3.312000 3.000074e+002
3.314000 3.000073e+002
3.316000 3.000071e+002
3.318000 3.000070e+002
3.320000 3.000069e+002
3.322000 3.000068e+002
3.324000 3.000067e+002
3.326000 3.000066e+002
3.328000 3.000064e+002
3.330000 3.000063e+002
3.332000 3.000062e+002
3.334000 3.000061e+002
3.336000 3.000060e+002
3.338000 3.000059e+002
3.340000 3.000058e+002
3.342000 3.000057e+002
3.344000 3.000056e+002
3.346000 3.000055e+002
3.348000 3.000054e+002
3.350000 3.000053e+002
3.352000 3.000052e+002
3.354000 3.000051e+002
3.356000 3.000050e+002
3.358000 3.000050e+002
3.360000 3.000049e+002
3.362000 3.000048e+002
3.364000 3.000047e+002
3.366000 3.000046e+002
3.368000 3.000045e+002
3.370000 3.000045e+002
3.372000 3.000044e+002
3.374000 3.000043e+002
3.376000 3.000042e+002
3.378000 3.000041e+002
3.380000 3.000041e+002
3.382000 3.000040e+002
3.384000 3.000039e+002
3.386000 3.000039e+002
3.388000 3.000038e+002
3.390000 3.000037e+002
3.392000 3.000037e+002
3.394000 3.000036e+002
3.396000 3.000035e+002
3.398000 3.000035e+002
3.400000 3.000034e+002
3.402000 3.000033e+002
3.404000 3.000033e+002
3.406000 3.000032e+002
3.408000 3.000032e+002
3.410000 3.000031e+002
3.412000 3.000031e+002
3.414000 3.000030e+002
3.416000 3.000030e+002
3.418000 3.000029e+002
3.420000 3.000028e+002
3.422000 3.000028e+002
3.424000 3.000027e+002
3.426000 3.000027e+002
3.428000 3.000026e+002
3.430000 3.000026e+002
3.432000 3.000026e+002
3.434000 3.000025e+002
3.436000 3.000025e+002
3.438000 3.000024e+002
3.440000 3.000024e+002
3.442000 3.000023e+002
3.444000 3.000023e+002
3.446000 3.000022e+002
3.448000 3.000022e+002
3.450000 3.000022e+002
3.452000 3.000021e+002
3.454000 3.000021e+002
3.456000 3.000021e+002
3.458000 3.000020e+002
3.460000 3.000020e+002
3.462000 3.000019e+002
3.464000 3.000019e+002
3.466000 3.000019e+002
3.468000 3.000018e+002
3.470000 3.000018e+002
3.472000 3.000018e+002
3.474000 3.000017e+002
3.476000 3.000017e+002
3.478000 3.000017e+002
3.480000 3.000016e+002
3.482000 3.000016e+002
3.484000 3.000016e+002
3.486000 3.000016e+002
3.488000 3.000015e+002
3.490000 3.000015e+002
3.492000 3.000015e+002
3.494000 3.000014e+002
3.496000 3.000014e+002
3.498000 3.000014e+002
3.500000 3.000014e+002
3.502000 3.000013e+002
3.504000 3.000013e+002
3.506000 3.000013e+002
3.508000 3.000013e+002
3.510000 3.000012e+002
3.512000 3.000012e+002
3.514000 3.000012e+002
3.516000 3.000012e+002
3.518000 3.000012e+002
3.520000 3.000011e+002
3.522000 3.000011e+002
3.524000 3.000011e+002
3.526000 3.000011e+002
3.528000 3.000011e+002
3.530000 3.000010e+002
3.532000 3.000010e+002
3.534000 3.000010e+002
3.536000 3.000010e+002
3.538000 3.000010e+002
3.540000 3.000009e+002
3.542000 3.000009e+002
3.544000 3.000009e+002
3.546000 3.000009e+002
3.548000 3.000009e+002
3.550000 3.000009e+002
3.552000 3.000008e+002
3.554000 3.000008e+002
3.556000 3.000008e+002
3.558000 3.000008e+002
3.560000 3.000008e+002
3.562000 3.000008e+002
3.564000 3.000007e+002
3.566000 3.000007e+002
3.568000 3.000007e+002
3.570000 3.000007e+002
3.572000 3.000007e+002
3.574000 3.000007e+002
3.576000 3.000007e+002
3.578000 3.000007e+002
3.580000 3.000006e+002
3.582000 3.000006e+002
3.584000 3.000006e+002
3.586000 3.000006e+002
3.588000 3.000006e+002
3.590000 3.000006e+002
3.592000 3.000006e+002
3.594000 3.000006e+002
3.596000 3.000006e+002
3.598000 3.000005e+002
3.600000 3.000005e+002
3.602000 3.000005e+002
3.604000 3.000005e+002
3.606000 3.000005e+002
3.608000 3.000005e+002
3.610000 3.000005e+002
3.612000 3.000005e+002
3.614000 3.000005e+002
3.616000 3.000005e+002
3.618000 3.000004e+002
3.620000 3.000004e+002
3.622000 3.000004e+002
3.624000 3.000004e+002
3.626000 3.000004e+002
3.628000 3.000004e+002
3.630000 3.000004e+002
3.632000 3.000004e+002
3.634000 3.000004e+002
3.636000 3.000004e+002
3.638000 3.000004e+002
3.640000 3.000004e+002
3.642000 3.000004e+002
3.644000 3.000003e+002
3.646000 3.000003e+002
3.648000 3.000003e+002
3.650000 3.000003e+002
3.652000 3.000003e+002
3.654000 3.000003e+002
3.656000 3.000003e+002
3.658000 3.000003e+002
3.660000 3.000003e+002
3.662000 3.000003e+002
3.664000 3.000003e+002
3.666000 3.000003e+002
3.668000 3.000003e+002
3.670000 3.000003e+002
3.672000 3.000003e+002
3.674000 3.000003e+002
3.676000 3.000003e+002
3.678000 3.000002e+002
3.680000 3.000002e+002
3.682000 3.000002e+002
3.684000 3.000002e+002
3.686000 3.000002e+002
3.688000 3.000002e+002
3.690000 3.000002e+002
3.692000 3.000002e+002
3.694000 3.000002e+002
3.696000 3.000002e+002
3.698000 3.000002e+002
3.700000 3.000002e+002
3.702000 3.000002e+002
3.704000 3.000002e+002
3.706000 3.000002e+002
3.708000 3.000002e+002
3.710000 3.000002e+002
3.712000 3.000002e+002
3.714000 3.000002e+002
3.716000 3.000002e+002
3.718000 3.000002e+002
3.720000 3.000002e+002
3.722000 3.000002e+002
3.724000 3.000002e+002
3.726000 3.000002e+002
3.728000 3.000002e+002
3.730000 3.000001e+002
3.732000 3.000001e+002
3.734000 3.000001e+002
3.736000 3.000001e+002
3.738000 3.000001e+002
3.740000 3.000001e+002
3.742000 3.000001e+002
3.744000 3.000001e+002
3.746000 3.000001e+002
3.748000 3.000001e+002
3.750000 3.000001e+002
3.752000 3.000001e+002
3.754000 3.000001e+002
3.756000 3.000001e+002
3.758000 3.000001e+002
3.760000 3.000001e+002
3.762000 3.000001e+002
3.764000 3.000001e+002
3.766000 3.000001e+002
3.768000 3.000001e+002
3.770000 3.000001e+002
3.772000 3.000001e+002
3.774000 3.000001e+002
3.776000 3.000001e+002
3.778000 3.000001e+002
3.780000 3.000001e+002
3.782000 3.000001e+002
3.784000 3.000001e+002
3.786000 3.000001e+002
3.788000 3.000001e+002
3.790000 3.000001e+002
3.792000 3.000001e+002
3.794000 3.000001e+002
3.796000 3.000001e+002
3.798000 3.000001e+002
3.800000 3.000001e+002
3.802000 3.000001e+002
3.804000 3.000001e+002
3.806000 3.000001e+002
3.808000 3.000001e+002
3.810000 3.000001e+002
3.812000 3.000001e+002
3.814000 3.000001e+002
3.816000 3.000001e+002
3.818000 3.000001e+002
3.820000 3.000001e+002
3.822000 3.000001e+002
3.824000 3.000001e+002
3.826000 3.000001e+002
3.828000 3.000001e+002
3.830000 3.000001e+002
3.832000 3.000001e+002
3.834000 3.000001e+002
3.836000 3.000001e+002
3.838000 3.000000e+002
3.840000 3.000000e+002
3.842000 3.000000e+002
3.844000 3.000000e+002
3.846000 3.000000e+002
3.848000 3.000000e+002
3.850000 3.000000e+002
3.852000 3.000000e+002
3.854000 3.000000e+002
3.856000 3.000000e+002
3.858000 3.000000e+002
3.860000 3.000000e+002
3.862000 3.000000e+002
3.864000 3.000000e+002
3.866000 3.000000e+002
3.868000 3.000000e+002
3.870000 3.000000e+002
3.872000 3.000000e+002
3.874000 3.000000e+002
3.876000 3.000000e+002
3.878000 3.000000e+002
3.880000 3.000000e+002
3.882000 3.000000e+002
3.884000 3.000000e+002
3.886000 3.000000e+002
3.888000 3.000000e+002
3.890000 3.000000e+002
3.892000 3.000000e+002
3.894000 3.000000e+002
3.896000 3.000000e+002
3.898000 3.000000e+002
3.900000 3.000000e+002
3.902000 3.000000e+002
3.904000 3.000000e+002
3.906000 3.000000e+002
3.908000 3.000000e+002
3.910000 3.000000e+002
3.912000 3.000000e+002
3.914000 3.000000e+002
3.916000 3.000000e+002
3.918000 3.000000e+002
3.920000 3.000000e+002
3.922000 3.000000e+002
3.924000 3.000000e+002
3.926000 3.000000e+002
3.928000 3.000000e+002
3.930000 3.000000e+002
3.932000 3.000000e+002
3.934000 3.000000e+002
3.936000 3.000000e+002
3.938000 3.000000e+002
3.940000 3.000000e+002
3.942000 3.000000e+002
3.944000 3.000000e+002
3.946000 3.000000e+002
3.948000 3.000000e+002
3.950000 3.000000e+002
3.952000 3.000000e+002
3.954000 3.000000e+002
3.956000 3.000000e+002
3.958000 3.000000e+002
3.960000 3.000000e+002
3.962000 3.000000e+002
3.964000 3.000000e+002
3.966000 3.000000e+002
3.968000 3.000000e+002
3.970000 3.000000e+002
3.972000 3.000000e+002
3.974000 3.000000e+002
3.976000 3.000000e+002
3.978000 3.000000e+002
3.980000 3.000000e+002
3.982000 3.000000e+002
3.984000 3.000000e+002
3.986000 3.000000e+002
3.988000 3.000000e+002
3.990000 3.000000e+002
3.992000 3.000000e+002
3.994000 3.000000e+002
3.996000 3.000000e+002
3.998000 3.000000e+002
