0.000000 3.377445e+002
0.002000 3.419313e+002
0.004000 3.461168e+002
0.006000 3.503009e+002
0.008000 3.544836e+002
0.010000 3.586648e+002
0.012000 3.628442e+002
0.014000 3.670217e+002
0.016000 3.711974e+002
0.018000 3.753709e+002
0.020000 3.795422e+002
0.022000 3.837113e+002
0.024000 3.878778e+002
0.026000 3.920418e+002
0.028000 3.962031e+002
0.030000 4.003616e+002
0.032000 4.045172e+002
0.034000 4.086697e+002
0.036000 4.128190e+002
0.038000 4.169650e+002
0.040000 4.211076e+002
0.042000 4.252466e+002
0.044000 4.293820e+002
0.046000 4.335136e+002
0.048000 4.376413e+002
0.050000 4.417650e+002
0.052000 4.458845e+002
0.054000 4.499997e+002
0.056000 4.541106e+002
0.058000 4.582169e+002
0.060000 4.623186e+002
0.062000 4.664156e+002
0.064000 4.705077e+002
0.066000 4.745948e+002
0.068000 4.786768e+002
0.070000 4.827536e+002
0.072000 4.868251e+002
0.074000 4.908911e+002
0.076000 4.949515e+002
0.078000 4.990063e+002
0.080000 5.030552e+002
0.082000 5.070982e+002
0.084000 5.111351e+002
0.086000 5.151659e+002
0.088000 5.191904e+002
0.090000 5.232086e+002
0.092000 5.272202e+002
0.094000 5.312252e+002
0.096000 5.352235e+002
0.098000 5.392149e+002
0.100000 5.431994e+002
0.102000 5.471768e+002
0.104000 5.511470e+002
0.106000 5.551099e+002
0.108000 5.590653e+002
0.110000 5.630133e+002
0.112000 5.669536e+002
0.114000 5.708862e+002
0.116000 5.748109e+002
0.118000 5.787276e+002
0.120000 5.826363e+002
0.122000 5.865367e+002
0.124000 5.904289e+002
0.126000 5.943127e+002
0.128000 5.981879e+002
0.130000 6.020545e+002
0.132000 6.059124e+002
0.134000 6.097614e+002
0.136000 6.136015e+002
0.138000 6.174325e+002
0.140000 6.212544e+002
0.142000 6.250670e+002
0.144000 6.288702e+002
0.146000 6.326640e+002
0.148000 6.364481e+002
0.150000 6.402226e+002
0.152000 6.439873e+002
0.154000 6.477421e+002
0.156000 6.514869e+002
0.158000 6.552217e+002
0.160000 6.589462e+002
0.162000 6.626604e+002
0.164000 6.663642e+002
0.166000 6.700576e+002
0.168000 6.737403e+002
0.170000 6.774123e+002
0.172000 6.810735e+002
0.174000 6.847239e+002
0.176000 6.883632e+002
0.178000 6.919915e+002
0.180000 6.956086e+002
0.182000 6.992144e+002
0.184000 7.028088e+002
0.186000 7.063918e+002
0.188000 7.099632e+002
0.190000 7.135229e+002
0.192000 7.170709e+002
0.194000 7.206070e+002
0.196000 7.241312e+002
0.198000 7.276434e+002
0.200000 7.311434e+002
0.202000 7.346313e+002
0.204000 7.381068e+002
0.206000 7.415700e+002
0.208000 7.450207e+002
0.210000 7.484588e+002
0.212000 7.518843e+002
0.214000 7.552970e+002
0.216000 7.586969e+002
0.218000 7.620839e+002
0.220000 7.654579e+002
0.222000 7.688188e+002
0.224000 7.721665e+002
0.226000 7.755010e+002
0.228000 7.788222e+002
0.230000 7.821300e+002
0.232000 7.854242e+002
0.234000 7.887049e+002
0.236000 7.919720e+002
0.238000 7.952253e+002
0.240000 7.984647e+002
0.242000 8.016903e+002
0.244000 8.049020e+002
0.246000 8.080995e+002
0.248000 8.112830e+002
0.250000 8.144523e+002
0.252000 8.176072e+002
0.254000 8.207479e+002
0.256000 8.238741e+002
0.258000 8.269858e+002
0.260000 8.300829e+002
0.262000 8.331654e+002
0.264000 8.362332e+002
0.266000 8.392862e+002
0.268000 8.423244e+002
0.270000 8.453476e+002
0.272000 8.483559e+002
0.274000 8.513491e+002
0.276000 8.543271e+002
0.278000 8.572900e+002
0.280000 8.602376e+002
0.282000 8.631699e+002
0.284000 8.660868e+002
0.286000 8.689882e+002
0.288000 8.718742e+002
0.290000 8.747445e+002
0.292000 8.775992e+002
0.294000 8.804383e+002
0.296000 8.832615e+002
0.298000 8.860690e+002
0.300000 8.888605e+002
0.302000 8.916361e+002
0.304000 8.943957e+002
0.306000 8.971393e+002
0.308000 8.998668e+002
0.310000 9.025781e+002
0.312000 9.052731e+002
0.314000 9.079519e+002
0.316000 9.106144e+002
0.318000 9.132605e+002
0.320000 9.158901e+002
0.322000 9.185033e+002
0.324000 9.211000e+002
0.326000 9.236800e+002
0.328000 9.262434e+002
0.330000 9.287902e+002
0.332000 9.313202e+002
0.334000 9.338334e+002
0.336000 9.363298e+002
0.338000 9.388093e+002
0.340000 9.412719e+002
0.342000 9.437176e+002
0.344000 9.461462e+002
0.346000 9.485578e+002
0.348000 9.509524e+002
0.350000 9.533298e+002
0.352000 9.556900e+002
0.354000 9.580330e+002
0.356000 9.603587e+002
0.358000 9.626672e+002
0.360000 9.649583e+002
0.362000 9.672321e+002
0.364000 9.694885e+002
0.366000 9.717274e+002
0.368000 9.739489e+002
0.370000 9.761528e+002
0.372000 9.783393e+002
0.374000 9.805081e+002
0.376000 9.826594e+002
0.378000 9.847930e+002
0.380000 9.869089e+002
0.382000 9.890071e+002
0.384000 9.910877e+002
0.386000 9.931504e+002
0.388000 9.951954e+002
0.390000 9.972226e+002
0.392000 9.992319e+002
0.394000 1.001223e+003
0.396000 1.003197e+003
0.398000 1.005153e+003
0.400000 1.007090e+003
0.402000 1.009010e+003
0.404000 1.010912e+003
0.406000 1.012796e+003
0.408000 1.014661e+003
0.410000 1.016509e+003
0.412000 1.018339e+003
0.414000 1.020150e+003
0.416000 1.021944e+003
0.418000 1.023719e+003
0.420000 1.025476e+003
0.422000 1.027216e+003
0.424000 1.028936e+003
0.426000 1.030639e+003
0.428000 1.032324e+003
0.430000 1.033990e+003
0.432000 1.035638e+003
0.434000 1.037268e+003
0.436000 1.038880e+003
0.438000 1.040473e+003
0.440000 1.042048e+003
0.442000 1.043605e+003
0.444000 1.045144e+003
0.446000 1.046664e+003
0.448000 1.048166e+003
0.450000 1.049650e+003
0.452000 1.051115e+003
0.454000 1.052562e+003
0.456000 1.053991e+003
0.458000 1.055401e+003
0.460000 1.056794e+003
0.462000 1.058167e+003
0.464000 1.059523e+003
0.466000 1.060860e+003
0.468000 1.062179e+003
0.470000 1.063479e+003
0.472000 1.064762e+003
0.474000 1.066026e+003
0.476000 1.067271e+003
0.478000 1.068498e+003
0.480000 1.069707e+003
0.482000 1.070898e+003
0.484000 1.072070e+003
0.486000 1.073224e+003
0.488000 1.074360e+003
0.490000 1.075478e+003
0.492000 1.076577e+003
0.494000 1.077658e+003
0.496000 1.078720e+003
0.498000 1.079765e+003
0.500000 1.080791e+003
0.502000 1.081799e+003
0.504000 1.082789e+003
0.506000 1.083760e+003
0.508000 1.084714e+003
0.510000 1.085649e+003
0.512000 1.086566e+003
0.514000 1.087465e+003
0.516000 1.088346e+003
0.518000 1.089209e+003
0.520000 1.090053e+003
0.522000 1.090880e+003
0.524000 1.091688e+003
0.526000 1.092478e+003
0.528000 1.093251e+003
0.530000 1.094005e+003
0.532000 1.094742e+003
0.534000 1.095460e+003
0.536000 1.096161e+003
0.538000 1.096843e+003
0.540000 1.097508e+003
0.542000 1.098155e+003
0.544000 1.098784e+003
0.546000 1.099395e+003
0.548000 1.099988e+003
0.550000 1.100564e+003
0.552000 1.101122e+003
0.554000 1.101662e+003
0.556000 1.102184e+003
0.558000 1.102689e+003
0.560000 1.103176e+003
0.562000 1.103646e+003
0.564000 1.104098e+003
0.566000 1.104532e+003
0.568000 1.104949e+003
0.570000 1.105349e+003
0.572000 1.105731e+003
0.574000 1.106096e+003
0.576000 1.106443e+003
0.578000 1.106773e+003
0.580000 1.107085e+003
0.582000 1.107381e+003
0.584000 1.107659e+003
0.586000 1.107919e+003
0.588000 1.108163e+003
0.590000 1.108390e+003
0.592000 1.108599e+003
0.594000 1.108792e+003
0.596000 1.108967e+003
0.598000 1.109125e+003
0.600000 1.109267e+003
0.602000 1.109392e+003
0.604000 1.109499e+003
0.606000 1.109590e+003
0.608000 1.109664e+003
0.610000 1.109722e+003
0.612000 1.109762e+003
0.614000 1.109787e+003
0.616000 1.109794e+003
0.618000 1.109785e+003
0.620000 1.109759e+003
0.622000 1.109717e+003
0.624000 1.109659e+003
0.626000 1.109584e+003
0.628000 1.109493e+003
0.630000 1.109385e+003
0.632000 1.109262e+003
0.634000 1.109122e+003
0.636000 1.108966e+003
0.638000 1.108794e+003
0.640000 1.108606e+003
0.642000 1.108401e+003
0.644000 1.108181e+003
0.646000 1.107945e+003
0.648000 1.107694e+003
0.650000 1.107426e+003
0.652000 1.107143e+003
0.654000 1.106844e+003
0.656000 1.106529e+003
0.658000 1.106199e+003
0.660000 1.105853e+003
0.662000 1.105492e+003
0.664000 1.105116e+003
0.666000 1.104724e+003
0.668000 1.104317e+003
0.670000 1.103894e+003
0.672000 1.103457e+003
0.674000 1.103004e+003
0.676000 1.102536e+003
0.678000 1.102053e+003
0.680000 1.101555e+003
0.682000 1.101043e+003
0.684000 1.100515e+003
0.686000 1.099973e+003
0.688000 1.099416e+003
0.690000 1.098844e+003
0.692000 1.098258e+003
0.694000 1.097657e+003
0.696000 1.097042e+003
0.698000 1.096412e+003
0.700000 1.095768e+003
0.702000 1.095110e+003
0.704000 1.094437e+003
0.706000 1.093750e+003
0.708000 1.093050e+003
0.710000 1.092335e+003
0.712000 1.091606e+003
0.714000 1.090863e+003
0.716000 1.090106e+003
0.718000 1.089336e+003
0.720000 1.088552e+003
0.722000 1.087754e+003
0.724000 1.086943e+003
0.726000 1.086118e+003
0.728000 1.085280e+003
0.730000 1.084428e+003
0.732000 1.083563e+003
0.734000 1.082685e+003
0.736000 1.081793e+003
0.738000 1.080889e+003
0.740000 1.079971e+003
0.742000 1.079040e+003
0.744000 1.078097e+003
0.746000 1.077141e+003
0.748000 1.076171e+003
0.750000 1.075190e+003
0.752000 1.074195e+003
0.754000 1.073188e+003
0.756000 1.072169e+003
0.758000 1.071137e+003
0.760000 1.070093e+003
0.762000 1.069036e+003
0.764000 1.067967e+003
0.766000 1.066887e+003
0.768000 1.065794e+003
0.770000 1.064689e+003
0.772000 1.063572e+003
0.774000 1.062443e+003
0.776000 1.061303e+003
0.778000 1.060151e+003
0.780000 1.058987e+003
0.782000 1.057812e+003
0.784000 1.056625e+003
0.786000 1.055427e+003
0.788000 1.054217e+003
0.790000 1.052996e+003
0.792000 1.051765e+003
0.794000 1.050521e+003
0.796000 1.049267e+003
0.798000 1.048002e+003
0.800000 1.046727e+003
0.802000 1.045440e+003
0.804000 1.044142e+003
0.806000 1.042834e+003
0.808000 1.041516e+003
0.810000 1.040187e+003
0.812000 1.038847e+003
0.814000 1.037497e+003
0.816000 1.036137e+003
0.818000 1.034767e+003
0.820000 1.033386e+003
0.822000 1.031996e+003
0.824000 1.030595e+003
0.826000 1.029185e+003
0.828000 1.027765e+003
0.830000 1.026335e+003
0.832000 1.024895e+003
0.834000 1.023446e+003
0.836000 1.021988e+003
0.838000 1.020520e+003
0.840000 1.019042e+003
0.842000 1.017556e+003
0.844000 1.016060e+003
0.846000 1.014555e+003
0.848000 1.013041e+003
0.850000 1.011518e+003
0.852000 1.009987e+003
0.854000 1.008446e+003
0.856000 1.006897e+003
0.858000 1.005339e+003
0.860000 1.003773e+003
0.862000 1.002198e+003
0.864000 1.000615e+003
0.866000 9.990234e+002
0.868000 9.974237e+002
0.870000 9.958158e+002
0.872000 9.941999e+002
0.874000 9.925759e+002
0.876000 9.909441e+002
0.878000 9.893044e+002
0.880000 9.876570e+002
0.882000 9.860020e+002
0.884000 9.843393e+002
0.886000 9.826691e+002
0.888000 9.809915e+002
0.890000 9.793066e+002
0.892000 9.776144e+002
0.894000 9.759150e+002
0.896000 9.742085e+002
0.898000 9.724949e+002
0.900000 9.707744e+002
0.902000 9.690471e+002
0.904000 9.673129e+002
0.906000 9.655721e+002
0.908000 9.638246e+002
0.910000 9.620706e+002
0.912000 9.603101e+002
0.914000 9.585432e+002
0.916000 9.567700e+002
0.918000 9.549906e+002
0.920000 9.532051e+002
0.922000 9.514135e+002
0.924000 9.496158e+002
0.926000 9.478123e+002
0.928000 9.460030e+002
0.930000 9.441879e+002
0.932000 9.423671e+002
0.934000 9.405408e+002
0.936000 9.387089e+002
0.938000 9.368716e+002
0.940000 9.350290e+002
0.942000 9.331811e+002
0.944000 9.313280e+002
0.946000 9.294698e+002
0.948000 9.276065e+002
0.950000 9.257383e+002
0.952000 9.238653e+002
0.954000 9.219874e+002
0.956000 9.201048e+002
0.958000 9.182176e+002
0.960000 9.163258e+002
0.962000 9.144295e+002
0.964000 9.125289e+002
0.966000 9.106239e+002
0.968000 9.087146e+002
0.970000 9.068012e+002
0.972000 9.048837e+002
0.974000 9.029622e+002
0.976000 9.010368e+002
0.978000 8.991075e+002
0.980000 8.971744e+002
0.982000 8.952376e+002
0.984000 8.932972e+002
0.986000 8.913533e+002
0.988000 8.894058e+002
0.990000 8.874550e+002
0.992000 8.855009e+002
0.994000 8.835435e+002
0.996000 8.815830e+002
0.998000 8.796193e+002
1.000000 8.776527e+002
1.002000 8.756831e+002
1.004000 8.737106e+002
1.006000 8.717354e+002
1.008000 8.697575e+002
1.010000 8.677769e+002
1.012000 8.657937e+002
1.014000 8.638081e+002
1.016000 8.618201e+002
1.018000 8.598297e+002
1.020000 8.578371e+002
1.022000 8.558422e+002
1.024000 8.538453e+002
1.026000 8.518463e+002
1.028000 8.498453e+002
1.030000 8.478425e+002
1.032000 8.458378e+002
1.034000 8.438314e+002
1.036000 8.418233e+002
1.038000 8.398136e+002
1.040000 8.378023e+002
1.042000 8.357896e+002
1.044000 8.337755e+002
1.046000 8.317601e+002
1.048000 8.297435e+002
1.050000 8.277256e+002
1.052000 8.257067e+002
1.054000 8.236867e+002
1.056000 8.216658e+002
1.058000 8.196439e+002
1.060000 8.176213e+002
1.062000 8.155979e+002
1.064000 8.135738e+002
1.066000 8.115490e+002
1.068000 8.095237e+002
1.070000 8.074980e+002
1.072000 8.054718e+002
1.074000 8.034453e+002
1.076000 8.014185e+002
1.078000 7.993915e+002
1.080000 7.973644e+002
1.082000 7.953371e+002
1.084000 7.933099e+002
1.086000 7.912827e+002
1.088000 7.892556e+002
1.090000 7.872288e+002
1.092000 7.852022e+002
1.094000 7.831758e+002
1.096000 7.811499e+002
1.098000 7.791245e+002
1.100000 7.770995e+002
1.102000 7.750751e+002
1.104000 7.730513e+002
1.106000 7.710283e+002
1.108000 7.690060e+002
1.110000 7.669845e+002
1.112000 7.649640e+002
1.114000 7.629443e+002
1.116000 7.609257e+002
1.118000 7.589082e+002
1.120000 7.568918e+002
1.122000 7.548766e+002
1.124000 7.528626e+002
1.126000 7.508500e+002
1.128000 7.488387e+002
1.130000 7.468289e+002
1.132000 7.448206e+002
1.134000 7.428138e+002
1.136000 7.408086e+002
1.138000 7.388052e+002
1.140000 7.368034e+002
1.142000 7.348034e+002
1.144000 7.328052e+002
1.146000 7.308090e+002
1.148000 7.288147e+002
1.150000 7.268224e+002
1.152000 7.248322e+002
1.154000 7.228441e+002
1.156000 7.208582e+002
1.158000 7.188745e+002
1.160000 7.168931e+002
1.162000 7.149140e+002
1.164000 7.129373e+002
1.166000 7.109631e+002
1.168000 7.089914e+002
1.170000 7.070222e+002
1.172000 7.050556e+002
1.174000 7.030917e+002
1.176000 7.011304e+002
1.178000 6.991720e+002
1.180000 6.972163e+002
1.182000 6.952635e+002
1.184000 6.933136e+002
1.186000 6.913667e+002
1.188000 6.894227e+002
1.190000 6.874819e+002
1.192000 6.855441e+002
1.194000 6.836095e+002
1.196000 6.816780e+002
1.198000 6.797499e+002
1.200000 6.778250e+002
1.202000 6.759034e+002
1.204000 6.739852e+002
1.206000 6.720705e+002
1.208000 6.701592e+002
1.210000 6.682515e+002
1.212000 6.663473e+002
1.214000 6.644468e+002
1.216000 6.625498e+002
1.218000 6.606566e+002
1.220000 6.587671e+002
1.222000 6.568814e+002
1.224000 6.549996e+002
1.226000 6.531216e+002
1.228000 6.512475e+002
1.230000 6.493773e+002
1.232000 6.475112e+002
1.234000 6.456490e+002
1.236000 6.437910e+002
1.238000 6.419370e+002
1.240000 6.400872e+002
1.242000 6.382416e+002
1.244000 6.364002e+002
1.246000 6.345630e+002
1.248000 6.327302e+002
1.250000 6.309017e+002
1.252000 6.290776e+002
1.254000 6.272579e+002
1.256000 6.254426e+002
1.258000 6.236318e+002
1.260000 6.218255e+002
1.262000 6.200238e+002
1.264000 6.182267e+002
1.266000 6.164342e+002
1.268000 6.146463e+002
1.270000 6.128632e+002
1.272000 6.110847e+002
1.274000 6.093110e+002
1.276000 6.075421e+002
1.278000 6.057780e+002
1.280000 6.040187e+002
1.282000 6.022643e+002
1.284000 6.005148e+002
1.286000 5.987703e+002
1.288000 5.970307e+002
1.290000 5.952962e+002
1.292000 5.935666e+002
1.294000 5.918421e+002
1.296000 5.901227e+002
1.298000 5.884084e+002
1.300000 5.866992e+002
1.302000 5.849952e+002
1.304000 5.832964e+002
1.306000 5.816028e+002
1.308000 5.799144e+002
1.310000 5.782313e+002
1.312000 5.765535e+002
1.314000 5.748810e+002
1.316000 5.732138e+002
1.318000 5.715520e+002
1.320000 5.698956e+002
1.322000 5.682446e+002
1.324000 5.665990e+002
1.326000 5.649589e+002
1.328000 5.633243e+002
1.330000 5.616951e+002
1.332000 5.600715e+002
1.334000 5.584534e+002
1.336000 5.568409e+002
1.338000 5.552339e+002
1.340000 5.536325e+002
1.342000 5.520368e+002
1.344000 5.504467e+002
1.346000 5.488622e+002
1.348000 5.472835e+002
1.350000 5.457104e+002
1.352000 5.441430e+002
1.354000 5.425813e+002
1.356000 5.410254e+002
1.358000 5.394752e+002
1.360000 5.379308e+002
1.362000 5.363922e+002
1.364000 5.348594e+002
1.366000 5.333324e+002
1.368000 5.318112e+002
1.370000 5.302959e+002
1.372000 5.287864e+002
1.374000 5.272828e+002
1.376000 5.257851e+002
1.378000 5.242933e+002
1.380000 5.228074e+002
1.382000 5.213274e+002
1.384000 5.198533e+002
1.386000 5.183852e+002
1.388000 5.169230e+002
1.390000 5.154668e+002
1.392000 5.140165e+002
1.394000 5.125723e+002
1.396000 5.111340e+002
1.398000 5.097017e+002
1.400000 5.082755e+002
1.402000 5.068552e+002
1.404000 5.054410e+002
1.406000 5.040328e+002
1.408000 5.026307e+002
1.410000 5.012345e+002
1.412000 4.998445e+002
1.414000 4.984605e+002
1.416000 4.970825e+002
1.418000 4.957107e+002
1.420000 4.943449e+002
1.422000 4.929852e+002
1.424000 4.916315e+002
1.426000 4.902840e+002
1.428000 4.889425e+002
1.430000 4.876072e+002
1.432000 4.862779e+002
1.434000 4.849547e+002
1.436000 4.836377e+002
1.438000 4.823267e+002
1.440000 4.810219e+002
1.442000 4.797231e+002
1.444000 4.784305e+002
1.446000 4.771440e+002
1.448000 4.758636e+002
1.450000 4.745893e+002
1.452000 4.733211e+002
1.454000 4.720590e+002
1.456000 4.708031e+002
1.458000 4.695532e+002
1.460000 4.683095e+002
1.462000 4.670718e+002
1.464000 4.658403e+002
1.466000 4.646149e+002
1.468000 4.633956e+002
1.470000 4.621823e+002
1.472000 4.609752e+002
1.474000 4.597742e+002
1.476000 4.585792e+002
1.478000 4.573904e+002
1.480000 4.562076e+002
1.482000 4.550309e+002
1.484000 4.538603e+002
1.486000 4.526958e+002
1.488000 4.515373e+002
1.490000 4.503849e+002
1.492000 4.492385e+002
1.494000 4.480982e+002
1.496000 4.469639e+002
1.498000 4.458356e+002
1.500000 4.447134e+002
1.502000 4.435972e+002
1.504000 4.424870e+002
1.506000 4.413828e+002
1.508000 4.402847e+002
1.510000 4.391925e+002
1.512000 4.381063e+002
1.514000 4.370261e+002
1.516000 4.359518e+002
1.518000 4.348835e+002
1.520000 4.338212e+002
1.522000 4.327647e+002
1.524000 4.317143e+002
1.526000 4.306697e+002
1.528000 4.296311e+002
1.530000 4.285983e+002
1.532000 4.275715e+002
1.534000 4.265505e+002
1.536000 4.255354e+002
1.538000 4.245262e+002
1.540000 4.235228e+002
1.542000 4.225252e+002
1.544000 4.215335e+002
1.546000 4.205476e+002
1.548000 4.195674e+002
1.550000 4.185931e+002
1.552000 4.176245e+002
1.554000 4.166618e+002
1.556000 4.157047e+002
1.558000 4.147534e+002
1.560000 4.138078e+002
1.562000 4.128680e+002
1.564000 4.119338e+002
1.566000 4.110053e+002
1.568000 4.100825e+002
1.570000 4.091654e+002
1.572000 4.082538e+002
1.574000 4.073480e+002
1.576000 4.064477e+002
1.578000 4.055530e+002
1.580000 4.046639e+002
1.582000 4.037804e+002
1.584000 4.029025e+002
1.586000 4.020300e+002
1.588000 4.011631e+002
1.590000 4.003017e+002
1.592000 3.994458e+002
1.594000 3.985954e+002
1.596000 3.977504e+002
1.598000 3.969109e+002
1.600000 3.960768e+002
1.602000 3.952481e+002
1.604000 3.944248e+002
1.606000 3.936069e+002
1.608000 3.927943e+002
1.610000 3.919871e+002
1.612000 3.911852e+002
1.614000 3.903886e+002
1.616000 3.895973e+002
1.618000 3.888113e+002
1.620000 3.880305e+002
1.622000 3.872550e+002
1.624000 3.864847e+002
1.626000 3.857196e+002
1.628000 3.849596e+002
1.630000 3.842049e+002
1.632000 3.834553e+002
1.634000 3.827108e+002
1.636000 3.819714e+002
1.638000 3.812371e+002
1.640000 3.805079e+002
1.642000 3.797837e+002
1.644000 3.790646e+002
1.646000 3.783505e+002
1.648000 3.776414e+002
1.650000 3.769372e+002
1.652000 3.762380e+002
1.654000 3.755438e+002
1.656000 3.748544e+002
1.658000 3.741700e+002
1.660000 3.734904e+002
1.662000 3.728157e+002
1.664000 3.721459e+002
1.666000 3.714808e+002
1.668000 3.708206e+002
1.670000 3.701651e+002
1.672000 3.695144e+002
1.674000 3.688685e+002
1.676000 3.682272e+002
1.678000 3.675907e+002
1.680000 3.669588e+002
1.682000 3.663316e+002
1.684000 3.657090e+002
1.686000 3.650910e+002
1.688000 3.644777e+002
1.690000 3.638689e+002
1.692000 3.632646e+002
1.694000 3.626649e+002
1.696000 3.620697e+002
1.698000 3.614790e+002
1.700000 3.608928e+002
1.702000 3.603110e+002
1.704000 3.597336e+002
1.706000 3.591607e+002
1.708000 3.585921e+002
1.710000 3.580279e+002
1.712000 3.574681e+002
1.714000 3.569125e+002
1.716000 3.563613e+002
1.718000 3.558143e+002
1.720000 3.552717e+002
1.722000 3.547332e+002
1.724000 3.541990e+002
1.726000 3.536689e+002
1.728000 3.531431e+002
1.730000 3.526213e+002
1.732000 3.521038e+002
1.734000 3.515903e+002
1.736000 3.510809e+002
1.738000 3.505756e+002
1.740000 3.500743e+002
1.742000 3.495771e+002
1.744000 3.490838e+002
1.746000 3.485945e+002
1.748000 3.481092e+002
1.750000 3.476279e+002
1.752000 3.471504e+002
1.754000 3.466769e+002
1.756000 3.462072e+002
1.758000 3.457414e+002
1.760000 3.452794e+002
1.762000 3.448212e+002
1.764000 3.443668e+002
1.766000 3.439161e+002
1.768000 3.434693e+002
1.770000 3.430261e+002
1.772000 3.425866e+002
1.774000 3.421509e+002
1.776000 3.417188e+002
1.778000 3.412903e+002
1.780000 3.408654e+002
1.782000 3.404442e+002
1.784000 3.400265e+002
1.786000 3.396123e+002
1.788000 3.392017e+002
1.790000 3.387947e+002
1.792000 3.383911e+002
1.794000 3.379909e+002
1.796000 3.375942e+002
1.798000 3.372010e+002
1.800000 3.368111e+002
1.802000 3.364247e+002
1.804000 3.360416e+002
1.806000 3.356618e+002
1.808000 3.352854e+002
1.810000 3.349123e+002
1.812000 3.345424e+002
1.814000 3.341758e+002
1.816000 3.338125e+002
1.818000 3.334523e+002
1.820000 3.330954e+002
1.822000 3.327417e+002
1.824000 3.323911e+002
1.826000 3.320436e+002
1.828000 3.316992e+002
1.830000 3.313580e+002
1.832000 3.310198e+002
1.834000 3.306847e+002
1.836000 3.303526e+002
1.838000 3.300235e+002
1.840000 3.296974e+002
1.842000 3.293743e+002
1.844000 3.290542e+002
1.846000 3.287369e+002
1.848000 3.284226e+002
1.850000 3.281112e+002
1.852000 3.278027e+002
1.854000 3.274970e+002
1.856000 3.271941e+002
1.858000 3.268941e+002
1.860000 3.265968e+002
1.862000 3.263024e+002
1.864000 3.260107e+002
1.866000 3.257217e+002
1.868000 3.254354e+002
1.870000 3.251518e+002
1.872000 3.248710e+002
1.874000 3.245927e+002
1.876000 3.243171e+002
1.878000 3.240442e+002
1.880000 3.237738e+002
1.882000 3.235060e+002
1.884000 3.232408e+002
1.886000 3.229781e+002
1.888000 3.227180e+002
1.890000 3.224604e+002
1.892000 3.222052e+002
1.894000 3.219525e+002
1.896000 3.217023e+002
1.898000 3.214545e+002
1.900000 3.212091e+002
1.902000 3.209662e+002
1.904000 3.207256e+002
1.906000 3.204873e+002
1.908000 3.202514e+002
1.910000 3.200179e+002
1.912000 3.197866e+002
1.914000 3.195576e+002
1.916000 3.193309e+002
1.918000 3.191065e+002
1.920000 3.188843e+002
1.922000 3.186643e+002
1.924000 3.184465e+002
1.926000 3.182309e+002
1.928000 3.180175e+002
1.930000 3.178062e+002
1.932000 3.175970e+002
1.934000 3.173900e+002
1.936000 3.171851e+002
1.938000 3.169822e+002
1.940000 3.167814e+002
1.942000 3.165827e+002
1.944000 3.163860e+002
1.946000 3.161913e+002
1.948000 3.159986e+002
1.950000 3.158079e+002
1.952000 3.156191e+002
1.954000 3.154323e+002
1.956000 3.152475e+002
1.958000 3.150646e+002
1.960000 3.148835e+002
1.962000 3.147044e+002
1.964000 3.145271e+002
1.966000 3.143517e+002
1.968000 3.141781e+002
1.970000 3.140063e+002
1.972000 3.138364e+002
1.974000 3.136682e+002
1.976000 3.135018e+002
1.978000 3.133372e+002
1.980000 3.131743e+002
1.982000 3.130132e+002
1.984000 3.128538e+002
1.986000 3.126961e+002
1.988000 3.125400e+002
1.990000 3.123857e+002
1.992000 3.122330e+002
1.994000 3.120819e+002
1.996000 3.119325e+002
1.998000 3.117847e+002
2.000000 3.116385e+002
2.002000 3.114939e+002
2.004000 3.113508e+002
2.006000 3.112093e+002
2.008000 3.110694e+002
2.010000 3.109310e+002
2.012000 3.107941e+002
2.014000 3.106587e+002
2.016000 3.105248e+002
2.018000 3.103924e+002
2.020000 3.102614e+002
2.022000 3.101319e+002
2.024000 3.100038e+002
2.026000 3.098772e+002
2.028000 3.097519e+002
2.030000 3.096281e+002
2.032000 3.095056e+002
2.034000 3.093846e+002
2.036000 3.092648e+002
2.038000 3.091464e+002
2.040000 3.090294e+002
2.042000 3.089137e+002
2.044000 3.087992e+002
2.046000 3.086861e+002
2.048000 3.085743e+002
2.050000 3.084637e+002
2.052000 3.083544e+002
2.054000 3.082464e+002
2.056000 3.081395e+002
2.058000 3.080339e+002
2.060000 3.079295e+002
2.062000 3.078264e+002
2.064000 3.077244e+002
2.066000 3.076235e+002
2.068000 3.075239e+002
2.070000 3.074254e+002
2.072000 3.073280e+002
2.074000 3.072318e+002
2.076000 3.071367e+002
2.078000 3.070427e+002
2.080000 3.069498e+002
2.082000 3.068580e+002
2.084000 3.067673e+002
2.086000 3.066777e+002
2.088000 3.065891e+002
2.090000 3.065015e+002
2.092000 3.064150e+002
2.094000 3.063295e+002
2.096000 3.062450e+002
2.098000 3.061615e+002
2.100000 3.060791e+002
2.102000 3.059976e+002
2.104000 3.059170e+002
2.106000 3.058375e+002
2.108000 3.057589e+002
2.110000 3.056812e+002
2.112000 3.056045e+002
2.114000 3.055287e+002
2.116000 3.054538e+002
2.118000 3.053799e+002
2.120000 3.053068e+002
2.122000 3.052346e+002
2.124000 3.051633e+002
2.126000 3.050928e+002
2.128000 3.050233e+002
2.130000 3.049545e+002
2.132000 3.048866e+002
2.134000 3.048196e+002
2.136000 3.047534e+002
2.138000 3.046880e+002
2.140000 3.046234e+002
2.142000 3.045595e+002
2.144000 3.044965e+002
2.146000 3.044343e+002
2.148000 3.043728e+002
2.150000 3.043122e+002
2.152000 3.042522e+002
2.154000 3.041930e+002
2.156000 3.041346e+002
2.158000 3.040769e+002
2.160000 3.040199e+002
2.162000 3.039636e+002
2.164000 3.039080e+002
2.166000 3.038532e+002
2.168000 3.037990e+002
2.170000 3.037455e+002
2.172000 3.036927e+002
2.174000 3.036406e+002
2.176000 3.035891e+002
2.178000 3.035383e+002
2.180000 3.034882e+002
2.182000 3.034386e+002
2.184000 3.033898e+002
2.186000 3.033415e+002
2.188000 3.032939e+002
2.190000 3.032468e+002
2.192000 3.032004e+002
2.194000 3.031546e+002
2.196000 3.031094e+002
2.198000 3.030648e+002
2.200000 3.030207e+002
2.202000 3.029772e+002
2.204000 3.029343e+002
2.206000 3.028919e+002
2.208000 3.028501e+002
2.210000 3.028089e+002
2.212000 3.027682e+002
2.214000 3.027280e+002
2.216000 3.026884e+002
2.218000 3.026492e+002
2.220000 3.026106e+002
2.222000 3.025725e+002
2.224000 3.025349e+002
2.226000 3.024978e+002
2.228000 3.024612e+002
2.230000 3.024251e+002
2.232000 3.023895e+002
2.234000 3.023543e+002
2.236000 3.023196e+002
2.238000 3.022854e+002
2.240000 3.022517e+002
2.242000 3.022183e+002
2.244000 3.021855e+002
2.246000 3.021531e+002
2.248000 3.021211e+002
2.250000 3.020896e+002
2.252000 3.020584e+002
2.254000 3.020277e+002
2.256000 3.019975e+002
2.258000 3.019676e+002
2.260000 3.019381e+002
2.262000 3.019091e+002
2.264000 3.018804e+002
2.266000 3.018522e+002
2.268000 3.018243e+002
2.270000 3.017968e+002
2.272000 3.017697e+002
2.274000 3.017429e+002
2.276000 3.017165e+002
2.278000 3.016905e+002
2.280000 3.016649e+002
2.282000 3.016396e+002
2.284000 3.016147e+002
2.286000 3.015901e+002
2.288000 3.015658e+002
2.290000 3.015419e+002
2.292000 3.015183e+002
2.294000 3.014951e+002
2.296000 3.014722e+002
2.298000 3.014496e+002
2.300000 3.014273e+002
2.302000 3.014053e+002
2.304000 3.013836e+002
2.306000 3.013623e+002
2.308000 3.013412e+002
2.310000 3.013205e+002
2.312000 3.013000e+002
2.314000 3.012799e+002
2.316000 3.012600e+002
2.318000 3.012404e+002
2.320000 3.012211e+002
2.322000 3.012020e+002
2.324000 3.011833e+002
2.326000 3.011648e+002
2.328000 3.011466e+002
2.330000 3.011286e+002
2.332000 3.011109e+002
2.334000 3.010934e+002
2.336000 3.010762e+002
2.338000 3.010593e+002
2.340000 3.010426e+002
2.342000 3.010261e+002
2.344000 3.010099e+002
2.346000 3.009939e+002
2.348000 3.009781e+002
2.350000 3.009626e+002
2.352000 3.009473e+002
2.354000 3.009322e+002
2.356000 3.009174e+002
2.358000 3.009027e+002
2.360000 3.008883e+002
2.362000 3.008741e+002
2.364000 3.008601e+002
2.366000 3.008463e+002
2.368000 3.008327e+002
2.370000 3.008194e+002
2.372000 3.008062e+002
2.374000 3.007932e+002
2.376000 3.007804e+002
2.378000 3.007678e+002
2.380000 3.007554e+002
2.382000 3.007431e+002
2.384000 3.007311e+002
2.386000 3.007192e+002
2.388000 3.007075e+002
2.390000 3.006960e+002
2.392000 3.006847e+002
2.394000 3.006735e+002
2.396000 3.006625e+002
2.398000 3.006517e+002
2.400000 3.006410e+002
2.402000 3.006305e+002
2.404000 3.006201e+002
2.406000 3.006099e+002
2.408000 3.005999e+002
2.410000 3.005900e+002
2.412000 3.005803e+002
2.414000 3.005707e+002
2.416000 3.005613e+002
2.418000 3.005520e+002
2.420000 3.005428e+002
2.422000 3.005338e+002
2.424000 3.005249e+002
2.426000 3.005162e+002
2.428000 3.005076e+002
2.430000 3.004992e+002
2.432000 3.004908e+002
2.434000 3.004826e+002
2.436000 3.004745e+002
2.438000 3.004666e+002
2.440000 3.004588e+002
2.442000 3.004511e+002
2.444000 3.004435e+002
2.446000 3.004360e+002
2.448000 3.004286e+002
2.450000 3.004214e+002
2.452000 3.004143e+002
2.454000 3.004073e+002
2.456000 3.004004e+002
2.458000 3.003936e+002
2.460000 3.003869e+002
2.462000 3.003803e+002
2.464000 3.003739e+002
2.466000 3.003675e+002
2.468000 3.003612e+002
2.470000 3.003551e+002
2.472000 3.003490e+002
2.474000 3.003430e+002
2.476000 3.003371e+002
2.478000 3.003313e+002
2.480000 3.003256e+002
2.482000 3.003200e+002
2.484000 3.003145e+002
2.486000 3.003091e+002
2.488000 3.003038e+002
2.490000 3.002985e+002
2.492000 3.002934e+002
2.494000 3.002883e+002
2.496000 3.002833e+002
2.498000 3.002784e+002
2.500000 3.002735e+002
2.502000 3.002688e+002
2.504000 3.002641e+002
2.506000 3.002595e+002
2.508000 3.002549e+002
2.510000 3.002505e+002
2.512000 3.002461e+002
2.514000 3.002418e+002
2.516000 3.002375e+002
2.518000 3.002334e+002
2.520000 3.002293e+002
2.522000 3.002252e+002
2.524000 3.002213e+002
2.526000 3.002174e+002
2.528000 3.002135e+002
2.530000 3.002097e+002
2.532000 3.002060e+002
2.534000 3.002024e+002
2.536000 3.001988e+002
2.538000 3.001953e+002
2.540000 3.001918e+002
2.542000 3.001884e+002
2.544000 3.001850e+002
2.546000 3.001817e+002
2.548000 3.001785e+002
2.550000 3.001753e+002
2.552000 3.001721e+002
2.554000 3.001690e+002
2.556000 3.001660e+002
2.558000 3.001630e+002
2.560000 3.001601e+002
2.562000 3.001572e+002
2.564000 3.001544e+002
2.566000 3.001516e+002
2.568000 3.001488e+002
2.570000 3.001462e+002
2.572000 3.001435e+002
2.574000 3.001409e+002
2.576000 3.001383e+002
2.578000 3.001358e+002
2.580000 3.001334e+002
2.582000 3.001309e+002
2.584000 3.001285e+002
2.586000 3.001262e+002
2.588000 3.001239e+002
2.590000 3.001216e+002
2.592000 3.001194e+002
2.594000 3.001172e+002
2.596000 3.001151e+002
2.598000 3.001129e+002
2.600000 3.001109e+002
2.602000 3.001088e+002
2.604000 3.001068e+002
2.606000 3.001048e+002
2.608000 3.001029e+002
2.610000 3.001010e+002
2.612000 3.000991e+002
2.614000 3.000973e+002
2.616000 3.000955e+002
2.618000 3.000937e+002
2.620000 3.000920e+002
2.622000 3.000903e+002
2.624000 3.000886e+002
2.626000 3.000869e+002
2.628000 3.000853e+002
2.630000 3.000837e+002
2.632000 3.000821e+002
2.634000 3.000806e+002
2.636000 3.000791e+002
2.638000 3.000776e+002
2.640000 3.000761e+002
2.642000 3.000747e+002
2.644000 3.000733e+002
2.646000 3.000719e+002
2.648000 3.000706e+002
2.650000 3.000692e+002
2.652000 3.000679e+002
2.654000 3.000666e+002
2.656000 3.000654e+002
2.658000 3.000641e+002
2.660000 3.000629e+002
2.662000 3.000617e+002
2.664000 3.000605e+002
2.666000 3.000594e+002
2.668000 3.000582e+002
2.670000 3.000571e+002
2.672000 3.000560e+002
2.674000 3.000550e+002
2.676000 3.000539e+002
2.678000 3.000529e+002
2.680000 3.000519e+002
2.682000 3.000509e+002
2.684000 3.000499e+002
2.686000 3.000489e+002
2.688000 3.000480e+002
2.690000 3.000471e+002
2.692000 3.000461e+002
2.694000 3.000453e+002
2.696000 3.000444e+002
2.698000 3.000435e+002
2.700000 3.000427e+002
2.702000 3.000418e+002
2.704000 3.000410e+002
2.706000 3.000402e+002
2.708000 3.000394e+002
2.710000 3.000387e+002
2.712000 3.000379e+002
2.714000 3.000372e+002
2.716000 3.000364e+002
2.718000 3.000357e+002
2.720000 3.000350e+002
2.722000 3.000343e+002
2.724000 3.000337e+002
2.726000 3.000330e+002
2.728000 3.000324e+002
2.730000 3.000317e+002
2.732000 3.000311e+002
2.734000 3.000305e+002
2.736000 3.000299e+002
2.738000 3.000293e+002
2.740000 3.000287e+002
2.742000 3.000281e+002
2.744000 3.000276e+002
2.746000 3.000270e+002
2.748000 3.000265e+002
2.750000 3.000260e+002
2.752000 3.000254e+002
2.754000 3.000249e+002
2.756000 3.000244e+002
2.758000 3.000239e+002
2.760000 3.000235e+002
2.762000 3.000230e+002
2.764000 3.000225e+002
2.766000 3.000221e+002
2.768000 3.000216e+002
2.770000 3.000212e+002
2.772000 3.000208e+002
2.774000 3.000204e+002
2.776000 3.000199e+002
2.778000 3.000195e+002
2.780000 3.000191e+002
2.782000 3.000188e+002
2.784000 3.000184e+002
2.786000 3.000180e+002
2.788000 3.000176e+002
2.790000 3.000173e+002
2.792000 3.000169e+002
2.794000 3.000166e+002
2.796000 3.000162e+002
2.798000 3.000159e+002
2.800000 3.000156e+002
2.802000 3.000153e+002
2.804000 3.000150e+002
2.806000 3.000147e+002
2.808000 3.000144e+002
2.810000 3.000141e+002
2.812000 3.000138e+002
2.814000 3.000135e+002
2.816000 3.000132e+002
2.818000 3.000129e+002
2.820000 3.000127e+002
2.822000 3.000124e+002
2.824000 3.000121e+002
2.826000 3.000119e+002
2.828000 3.000117e+002
2.830000 3.000114e+002
2.832000 3.000112e+002
2.834000 3.000109e+002
2.836000 3.000107e+002
2.838000 3.000105e+002
2.840000 3.000103e+002
2.842000 3.000101e+002
2.844000 3.000098e+002
2.846000 3.000096e+002
2.848000 3.000094e+002
2.850000 3.000092e+002
2.852000 3.000090e+002
2.854000 3.000089e+002
2.856000 3.000087e+002
2.858000 3.000085e+002
2.860000 3.000083e+002
2.862000 3.000081e+002
2.864000 3.000080e+002
2.866000 3.000078e+002
2.868000 3.000076e+002
2.870000 3.000075e+002
2.872000 3.000073e+002
2.874000 3.000072e+002
2.876000 3.000070e+002
2.878000 3.000069e+002
2.880000 3.000067e+002
2.882000 3.000066e+002
2.884000 3.000064e+002
2.886000 3.000063e+002
2.888000 3.000062e+002
2.890000 3.000060e+002
2.892000 3.000059e+002
2.894000 3.000058e+002
2.896000 3.000056e+002
2.898000 3.000055e+002
2.900000 3.000054e+002
2.902000 3.000053e+002
2.904000 3.000052e+002
2.906000 3.000051e+002
2.908000 3.000050e+002
2.910000 3.000048e+002
2.912000 3.000047e+002
2.914000 3.000046e+002
2.916000 3.000045e+002
2.918000 3.000044e+002
2.920000 3.000043e+002
2.922000 3.000043e+002
2.924000 3.000042e+002
2.926000 3.000041e+002
2.928000 3.000040e+002
2.930000 3.000039e+002
2.932000 3.000038e+002
2.934000 3.000037e+002
2.936000 3.000036e+002
2.938000 3.000036e+002
2.940000 3.000035e+002
2.942000 3.000034e+002
2.944000 3.000033e+002
2.946000 3.000033e+002
2.948000 3.000032e+002
2.950000 3.000031e+002
2.952000 3.000031e+002
2.954000 3.000030e+002
2.956000 3.000029e+002
2.958000 3.000029e+002
2.960000 3.000028e+002
2.962000 3.000027e+002
2.964000 3.000027e+002
2.966000 3.000026e+002
2.968000 3.000026e+002
2.970000 3.000025e+002
2.972000 3.000024e+002
2.974000 3.000024e+002
2.976000 3.000023e+002
2.978000 3.000023e+002
2.980000 3.000022e+002
2.982000 3.000022e+002
2.984000 3.000021e+002
2.986000 3.000021e+002
2.988000 3.000020e+002
2.990000 3.000020e+002
2.992000 3.000019e+002
2.994000 3.000019e+002
2.996000 3.000019e+002
2.998000 3.000018e+002
3.000000 3.000018e+002
3.002000 3.000017e+002
3.004000 3.000017e+002
3.006000 3.000017e+002
3.008000 3.000016e+002
3.010000 3.000016e+002
3.012000 3.000016e+002
3.014000 3.000015e+002
3.016000 3.000015e+002
3.018000 3.000014e+002
3.020000 3.000014e+002
3.022000 3.000014e+002
3.024000 3.000014e+002
3.026000 3.000013e+002
3.028000 3.000013e+002
3.030000 3.000013e+002
3.032000 3.000012e+002
3.034000 3.000012e+002
3.036000 3.000012e+002
3.038000 3.000012e+002
3.040000 3.000011e+002
3.042000 3.000011e+002
3.044000 3.000011e+002
3.046000 3.000010e+002
3.048000 3.000010e+002
3.050000 3.000010e+002
3.052000 3.000010e+002
3.054000 3.000010e+002
3.056000 3.000009e+002
3.058000 3.000009e+002
3.060000 3.000009e+002
3.062000 3.000009e+002
3.064000 3.000008e+002
3.066000 3.000008e+002
3.068000 3.000008e+002
3.070000 3.000008e+002
3.072000 3.000008e+002
3.074000 3.000008e+002
3.076000 3.000007e+002
3.078000 3.000007e+002
3.080000 3.000007e+002
3.082000 3.000007e+002
3.084000 3.000007e+002
3.086000 3.000007e+002
3.088000 3.000006e+002
3.090000 3.000006e+002
3.092000 3.000006e+002
3.094000 3.000006e+002
3.096000 3.000006e+002
3.098000 3.000006e+002
3.100000 3.000006e+002
3.102000 3.000005e+002
3.104000 3.000005e+002
3.106000 3.000005e+002
3.108000 3.000005e+002
3.110000 3.000005e+002
3.112000 3.000005e+002
3.114000 3.000005e+002
3.116000 3.000005e+002
3.118000 3.000004e+002
3.120000 3.000004e+002
3.122000 3.000004e+002
3.124000 3.000004e+002
3.126000 3.000004e+002
3.128000 3.000004e+002
3.130000 3.000004e+002
3.132000 3.000004e+002
3.134000 3.000004e+002
3.136000 3.000004e+002
3.138000 3.000004e+002
3.140000 3.000003e+002
3.142000 3.000003e+002
3.144000 3.000003e+002
3.146000 3.000003e+002
3.148000 3.000003e+002
3.150000 3.000003e+002
3.152000 3.000003e+002
3.154000 3.000003e+002
3.156000 3.000003e+002
3.158000 3.000003e+002
3.160000 3.000003e+002
3.162000 3.000003e+002
3.164000 3.000003e+002
3.166000 3.000003e+002
3.168000 3.000002e+002
3.170000 3.000002e+002
3.172000 3.000002e+002
3.174000 3.000002e+002
3.176000 3.000002e+002
3.178000 3.000002e+002
3.180000 3.000002e+002
3.182000 3.000002e+002
3.184000 3.000002e+002
3.186000 3.000002e+002
3.188000 3.000002e+002
3.190000 3.000002e+002
3.192000 3.000002e+002
3.194000 3.000002e+002
3.196000 3.000002e+002
3.198000 3.000002e+002
3.200000 3.000002e+002
3.202000 3.000002e+002
3.204000 3.000002e+002
3.206000 3.000002e+002
3.208000 3.000001e+002
3.210000 3.000001e+002
3.212000 3.000001e+002
3.214000 3.000001e+002
3.216000 3.000001e+002
3.218000 3.000001e+002
3.220000 3.000001e+002
3.222000 3.000001e+002
3.224000 3.000001e+002
3.226000 3.000001e+002
3.228000 3.000001e+002
3.230000 3.000001e+002
3.232000 3.000001e+002
3.234000 3.000001e+002
3.236000 3.000001e+002
3.238000 3.000001e+002
3.240000 3.000001e+002
3.242000 3.000001e+002
3.244000 3.000001e+002
3.246000 3.000001e+002
3.248000 3.000001e+002
3.250000 3.000001e+002
3.252000 3.000001e+002
3.254000 3.000001e+002
3.256000 3.000001e+002
3.258000 3.000001e+002
3.260000 3.000001e+002
3.262000 3.000001e+002
3.264000 3.000001e+002
3.266000 3.000001e+002
3.268000 3.000001e+002
3.270000 3.000001e+002
3.272000 3.000001e+002
3.274000 3.000001e+002
3.276000 3.000001e+002
3.278000 3.000001e+002
3.280000 3.000001e+002
3.282000 3.000001e+002
3.284000 3.000001e+002
3.286000 3.000001e+002
3.288000 3.000001e+002
3.290000 3.000001e+002
3.292000 3.000001e+002
3.294000 3.000000e+002
3.296000 3.000000e+002
3.298000 3.000000e+002
3.300000 3.000000e+002
3.302000 3.000000e+002
3.304000 3.000000e+002
3.306000 3.000000e+002
3.308000 3.000000e+002
3.310000 3.000000e+002
3.312000 3.000000e+002
3.314000 3.000000e+002
3.316000 3.000000e+002
3.318000 3.000000e+002
3.320000 3.000000e+002
3.322000 3.000000e+002
3.324000 3.000000e+002
3.326000 3.000000e+002
3.328000 3.000000e+002
3.330000 3.000000e+002
3.332000 3.000000e+002
3.334000 3.000000e+002
3.336000 3.000000e+002
3.338000 3.000000e+002
3.340000 3.000000e+002
3.342000 3.000000e+002
3.344000 3.000000e+002
3.346000 3.000000e+002
3.348000 3.000000e+002
3.350000 3.000000e+002
3.352000 3.000000e+002
3.354000 3.000000e+002
3.356000 3.000000e+002
3.358000 3.000000e+002
3.360000 3.000000e+002
3.362000 3.000000e+002
3.364000 3.000000e+002
3.366000 3.000000e+002
3.368000 3.000000e+002
3.370000 3.000000e+002
3.372000 3.000000e+002
3.374000 3.000000e+002
3.376000 3.000000e+002
3.378000 3.000000e+002
3.380000 3.000000e+002
3.382000 3.000000e+002
3.384000 3.000000e+002
3.386000 3.000000e+002
3.388000 3.000000e+002
3.390000 3.000000e+002
3.392000 3.000000e+002
3.394000 3.000000e+002
3.396000 3.000000e+002
3.398000 3.000000e+002
3.400000 3.000000e+002
3.402000 3.000000e+002
3.404000 3.000000e+002
3.406000 3.000000e+002
3.408000 3.000000e+002
3.410000 3.000000e+002
3.412000 3.000000e+002
3.414000 3.000000e+002
3.416000 3.000000e+002
3.418000 3.000000e+002
3.420000 3.000000e+002
3.422000 3.000000e+002
3.424000 3.000000e+002
3.426000 3.000000e+002
3.428000 3.000000e+002
3.430000 3.000000e+002
3.432000 3.000000e+002
3.434000 3.000000e+002
3.436000 3.000000e+002
3.438000 3.000000e+002
3.440000 3.000000e+002
3.442000 3.000000e+002
3.444000 3.000000e+002
3.446000 3.000000e+002
3.448000 3.000000e+002
3.450000 3.000000e+002
3.452000 3.000000e+002
3.454000 3.000000e+002
3.456000 3.000000e+002
3.458000 3.000000e+002
3.460000 3.000000e+002
3.462000 3.000000e+002
3.464000 3.000000e+002
3.466000 3.000000e+002
3.468000 3.000000e+002
3.470000 3.000000e+002
3.472000 3.000000e+002
3.474000 3.000000e+002
3.476000 3.000000e+002
3.478000 3.000000e+002
3.480000 3.000000e+002
3.482000 3.000000e+002
3.484000 3.000000e+002
3.486000 3.000000e+002
3.488000 3.000000e+002
3.490000 3.000000e+002
3.492000 3.000000e+002
3.494000 3.000000e+002
3.496000 3.000000e+002
3.498000 3.000000e+002
3.500000 3.000000e+002
3.502000 3.000000e+002
3.504000 3.000000e+002
3.506000 3.000000e+002
3.508000 3.000000e+002
3.510000 3.000000e+002
3.512000 3.000000e+002
3.514000 3.000000e+002
3.516000 3.000000e+002
3.518000 3.000000e+002
3.520000 3.000000e+002
3.522000 3.000000e+002
3.524000 3.000000e+002
3.526000 3.000000e+002
3.528000 3.000000e+002
3.530000 3.000000e+002
3.532000 3.000000e+002
3.534000 3.000000e+002
3.536000 3.000000e+002
3.538000 3.000000e+002
3.540000 3.000000e+002
3.542000 3.000000e+002
3.544000 3.000000e+002
3.546000 3.000000e+002
3.548000 3.000000e+002
3.550000 3.000000e+002
3.552000 3.000000e+002
3.554000 3.000000e+002
3.556000 3.000000e+002
3.558000 3.000000e+002
3.560000 3.000000e+002
3.562000 3.000000e+002
3.564000 3.000000e+002
3.566000 3.000000e+002
3.568000 3.000000e+002
3.570000 3.000000e+002
3.572000 3.000000e+002
3.574000 3.000000e+002
3.576000 3.000000e+002
3.578000 3.000000e+002
3.580000 3.000000e+002
3.582000 3.000000e+002
3.584000 3.000000e+002
3.586000 3.000000e+002
3.588000 3.000000e+002
3.590000 3.000000e+002
3.592000 3.000000e+002
3.594000 3.000000e+002
3.596000 3.000000e+002
3.598000 3.000000e+002
3.600000 3.000000e+002
3.602000 3.000000e+002
3.604000 3.000000e+002
3.606000 3.000000e+002
3.608000 3.000000e+002
3.610000 3.000000e+002
3.612000 3.000000e+002
3.614000 3.000000e+002
3.616000 3.000000e+002
3.618000 3.000000e+002
3.620000 3.000000e+002
3.622000 3.000000e+002
3.624000 3.000000e+002
3.626000 3.000000e+002
3.628000 3.000000e+002
3.630000 3.000000e+002
3.632000 3.000000e+002
3.634000 3.000000e+002
3.636000 3.000000e+002
3.638000 3.000000e+002
3.640000 3.000000e+002
3.642000 3.000000e+002
3.644000 3.000000e+002
3.646000 3.000000e+002
3.648000 3.000000e+002
3.650000 3.000000e+002
3.652000 3.000000e+002
3.654000 3.000000e+002
3.656000 3.000000e+002
3.658000 3.000000e+002
3.660000 3.000000e+002
3.662000 3.000000e+002
3.664000 3.000000e+002
3.666000 3.000000e+002
3.668000 3.000000e+002
3.670000 3.000000e+002
3.672000 3.000000e+002
3.674000 3.000000e+002
3.676000 3.000000e+002
3.678000 3.000000e+002
3.680000 3.000000e+002
3.682000 3.000000e+002
3.684000 3.000000e+002
3.686000 3.000000e+002
3.688000 3.000000e+002
3.690000 3.000000e+002
3.692000 3.000000e+002
3.694000 3.000000e+002
3.696000 3.000000e+002
3.698000 3.000000e+002
3.700000 3.000000e+002
3.702000 3.000000e+002
3.704000 3.000000e+002
3.706000 3.000000e+002
3.708000 3.000000e+002
3.710000 3.000000e+002
3.712000 3.000000e+002
3.714000 3.000000e+002
3.716000 3.000000e+002
3.718000 3.000000e+002
3.720000 3.000000e+002
3.722000 3.000000e+002
3.724000 3.000000e+002
3.726000 3.000000e+002
3.728000 3.000000e+002
3.730000 3.000000e+002
3.732000 3.000000e+002
3.734000 3.000000e+002
3.736000 3.000000e+002
3.738000 3.000000e+002
3.740000 3.000000e+002
3.742000 3.000000e+002
3.744000 3.000000e+002
3.746000 3.000000e+002
3.748000 3.000000e+002
3.750000 3.000000e+002
3.752000 3.000000e+002
3.754000 3.000000e+002
3.756000 3.000000e+002
3.758000 3.000000e+002
3.760000 3.000000e+002
3.762000 3.000000e+002
3.764000 3.000000e+002
3.766000 3.000000e+002
3.768000 3.000000e+002
3.770000 3.000000e+002
3.772000 3.000000e+002
3.774000 3.000000e+002
3.776000 3.000000e+002
3.778000 3.000000e+002
3.780000 3.000000e+002
3.782000 3.000000e+002
3.784000 3.000000e+002
3.786000 3.000000e+002
3.788000 3.000000e+002
3.790000 3.000000e+002
3.792000 3.000000e+002
3.794000 3.000000e+002
3.796000 3.000000e+002
3.798000 3.000000e+002
3.800000 3.000000e+002
3.802000 3.000000e+002
3.804000 3.000000e+002
3.806000 3.000000e+002
3.808000 3.000000e+002
3.810000 3.000000e+002
3.812000 3.000000e+002
3.814000 3.000000e+002
3.816000 3.000000e+002
3.818000 3.000000e+002
3.820000 3.000000e+002
3.822000 3.000000e+002
3.824000 3.000000e+002
3.826000 3.000000e+002
3.828000 3.000000e+002
3.830000 3.000000e+002
3.832000 3.000000e+002
3.834000 3.000000e+002
3.836000 3.000000e+002
3.838000 3.000000e+002
3.840000 3.000000e+002
3.842000 3.000000e+002
3.844000 3.000000e+002
3.846000 3.000000e+002
3.848000 3.000000e+002
3.850000 3.000000e+002
3.852000 3.000000e+002
3.854000 3.000000e+002
3.856000 3.000000e+002
3.858000 3.000000e+002
3.860000 3.000000e+002
3.862000 3.000000e+002
3.864000 3.000000e+002
3.866000 3.000000e+002
3.868000 3.000000e+002
3.870000 3.000000e+002
3.872000 3.000000e+002
3.874000 3.000000e+002
3.876000 3.000000e+002
3.878000 3.000000e+002
3.880000 3.000000e+002
3.882000 3.000000e+002
3.884000 3.000000e+002
3.886000 3.000000e+002
3.888000 3.000000e+002
3.890000 3.000000e+002
3.892000 3.000000e+002
3.894000 3.000000e+002
3.896000 3.000000e+002
3.898000 3.000000e+002
3.900000 3.000000e+002
3.902000 3.000000e+002
3.904000 3.000000e+002
3.906000 3.000000e+002
3.908000 3.000000e+002
3.910000 3.000000e+002
3.912000 3.000000e+002
3.914000 3.000000e+002
3.916000 3.000000e+002
3.918000 3.000000e+002
3.920000 3.000000e+002
3.922000 3.000000e+002
3.924000 3.000000e+002
3.926000 3.000000e+002
3.928000 3.000000e+002
3.930000 3.000000e+002
3.932000 3.000000e+002
3.934000 3.000000e+002
3.936000 3.000000e+002
3.938000 3.000000e+002
3.940000 3.000000e+002
3.942000 3.000000e+002
3.944000 3.000000e+002
3.946000 3.000000e+002
3.948000 3.000000e+002
3.950000 3.000000e+002
3.952000 3.000000e+002
3.954000 3.000000e+002
3.956000 3.000000e+002
3.958000 3.000000e+002
3.960000 3.000000e+002
3.962000 3.000000e+002
3.964000 3.000000e+002
3.966000 3.000000e+002
3.968000 3.000000e+002
3.970000 3.000000e+002
3.972000 3.000000e+002
3.974000 3.000000e+002
3.976000 3.000000e+002
3.978000 3.000000e+002
3.980000 3.000000e+002
3.982000 3.000000e+002
3.984000 3.000000e+002
3.986000 3.000000e+002
3.988000 3.000000e+002
3.990000 3.000000e+002
3.992000 3.000000e+002
3.994000 3.000000e+002
3.996000 3.000000e+002
3.998000 3.000000e+002
