0.000000 3.155934e+002
0.002000 3.173055e+002
0.004000 3.190173e+002
0.006000 3.207287e+002
0.008000 3.224398e+002
0.010000 3.241506e+002
0.012000 3.258609e+002
0.014000 3.275708e+002
0.016000 3.292802e+002
0.018000 3.309892e+002
0.020000 3.326976e+002
0.022000 3.344055e+002
0.024000 3.361128e+002
0.026000 3.378194e+002
0.028000 3.395255e+002
0.030000 3.412308e+002
0.032000 3.429355e+002
0.034000 3.446395e+002
0.036000 3.463427e+002
0.038000 3.480451e+002
0.040000 3.497467e+002
0.042000 3.514475e+002
0.044000 3.531474e+002
0.046000 3.548464e+002
0.048000 3.565445e+002
0.050000 3.582416e+002
0.052000 3.599377e+002
0.054000 3.616329e+002
0.056000 3.633270e+002
0.058000 3.650200e+002
0.060000 3.667119e+002
0.062000 3.684027e+002
0.064000 3.700924e+002
0.066000 3.717808e+002
0.068000 3.734681e+002
0.070000 3.751541e+002
0.072000 3.768389e+002
0.074000 3.785223e+002
0.076000 3.802045e+002
0.078000 3.818853e+002
0.080000 3.835647e+002
0.082000 3.852427e+002
0.084000 3.869193e+002
0.086000 3.885944e+002
0.088000 3.902680e+002
0.090000 3.919401e+002
0.092000 3.936106e+002
0.094000 3.952796e+002
0.096000 3.969470e+002
0.098000 3.986127e+002
0.100000 4.002768e+002
0.102000 4.019392e+002
0.104000 4.035999e+002
0.106000 4.052589e+002
0.108000 4.069160e+002
0.110000 4.085714e+002
0.112000 4.102250e+002
0.114000 4.118767e+002
0.116000 4.135265e+002
0.118000 4.151745e+002
0.120000 4.168205e+002
0.122000 4.184645e+002
0.124000 4.201066e+002
0.126000 4.217466e+002
0.128000 4.233846e+002
0.130000 4.250205e+002
0.132000 4.266544e+002
0.134000 4.282861e+002
0.136000 4.299156e+002
0.138000 4.315430e+002
0.140000 4.331682e+002
0.142000 4.347912e+002
0.144000 4.364119e+002
0.146000 4.380303e+002
0.148000 4.396465e+002
0.150000 4.412602e+002
0.152000 4.428717e+002
0.154000 4.444807e+002
0.156000 4.460874e+002
0.158000 4.476915e+002
0.160000 4.492933e+002
0.162000 4.508925e+002
0.164000 4.524892e+002
0.166000 4.540834e+002
0.168000 4.556750e+002
0.170000 4.572641e+002
0.172000 4.588505e+002
0.174000 4.604342e+002
0.176000 4.620153e+002
0.178000 4.635937e+002
0.180000 4.651694e+002
0.182000 4.667423e+002
0.184000 4.683125e+002
0.186000 4.698798e+002
0.188000 4.714444e+002
0.190000 4.730061e+002
0.192000 4.745649e+002
0.194000 4.761208e+002
0.196000 4.776738e+002
0.198000 4.792239e+002
0.200000 4.807710e+002
0.202000 4.823151e+002
0.204000 4.838562e+002
0.206000 4.853942e+002
0.208000 4.869292e+002
0.210000 4.884611e+002
0.212000 4.899898e+002
0.214000 4.915155e+002
0.216000 4.930379e+002
0.218000 4.945572e+002
0.220000 4.960733e+002
0.222000 4.975861e+002
0.224000 4.990957e+002
0.226000 5.006020e+002
0.228000 5.021050e+002
0.230000 5.036047e+002
0.232000 5.051010e+002
0.234000 5.065939e+002
0.236000 5.080835e+002
0.238000 5.095696e+002
0.240000 5.110523e+002
0.242000 5.125315e+002
0.244000 5.140072e+002
0.246000 5.154794e+002
0.248000 5.169481e+002
0.250000 5.184132e+002
0.252000 5.198748e+002
0.254000 5.213328e+002
0.256000 5.227871e+002
0.258000 5.242378e+002
0.260000 5.256848e+002
0.262000 5.271281e+002
0.264000 5.285678e+002
0.266000 5.300037e+002
0.268000 5.314358e+002
0.270000 5.328642e+002
0.272000 5.342888e+002
0.274000 5.357095e+002
0.276000 5.371265e+002
0.278000 5.385395e+002
0.280000 5.399487e+002
0.282000 5.413540e+002
0.284000 5.427554e+002
0.286000 5.441528e+002
0.288000 5.455463e+002
0.290000 5.469358e+002
0.292000 5.483212e+002
0.294000 5.497027e+002
0.296000 5.510801e+002
0.298000 5.524535e+002
0.300000 5.538228e+002
0.302000 5.551880e+002
0.304000 5.565490e+002
0.306000 5.579059e+002
0.308000 5.592587e+002
0.310000 5.606073e+002
0.312000 5.619516e+002
0.314000 5.632918e+002
0.316000 5.646277e+002
0.318000 5.659594e+002
0.320000 5.672868e+002
0.322000 5.686099e+002
0.324000 5.699287e+002
0.326000 5.712432e+002
0.328000 5.725533e+002
0.330000 5.738591e+002
0.332000 5.751604e+002
0.334000 5.764574e+002
0.336000 5.777500e+002
0.338000 5.790381e+002
0.340000 5.803217e+002
0.342000 5.816009e+002
0.344000 5.828756e+002
0.346000 5.841458e+002
0.348000 5.854115e+002
0.350000 5.866726e+002
0.352000 5.879292e+002
0.354000 5.891812e+002
0.356000 5.904286e+002
0.358000 5.916714e+002
0.360000 5.929096e+002
0.362000 5.941431e+002
0.364000 5.953720e+002
0.366000 5.965962e+002
0.368000 5.978157e+002
0.370000 5.990305e+002
0.372000 6.002406e+002
0.374000 6.014460e+002
0.376000 6.026466e+002
0.378000 6.038424e+002
0.380000 6.050335e+002
0.382000 6.062198e+002
0.384000 6.074012e+002
0.386000 6.085779e+002
0.388000 6.097497e+002
0.390000 6.109166e+002
0.392000 6.120787e+002
0.394000 6.132359e+002
0.396000 6.143881e+002
0.398000 6.155355e+002
0.400000 6.166780e+002
0.402000 6.178155e+002
0.404000 6.189480e+002
0.406000 6.200756e+002
0.408000 6.211982e+002
0.410000 6.223159e+002
0.412000 6.234285e+002
0.414000 6.245361e+002
0.416000 6.256386e+002
0.418000 6.267361e+002
0.420000 6.278286e+002
0.422000 6.289160e+002
0.424000 6.299983e+002
0.426000 6.310755e+002
0.428000 6.321476e+002
0.430000 6.332146e+002
0.432000 6.342764e+002
0.434000 6.353331e+002
0.436000 6.363847e+002
0.438000 6.374310e+002
0.440000 6.384722e+002
0.442000 6.395083e+002
0.444000 6.405391e+002
0.446000 6.415647e+002
0.448000 6.425851e+002
0.450000 6.436002e+002
0.452000 6.446101e+002
0.454000 6.456148e+002
0.456000 6.466142e+002
0.458000 6.476083e+002
0.460000 6.485971e+002
0.462000 6.495807e+002
0.464000 6.505589e+002
0.466000 6.515318e+002
0.468000 6.524994e+002
0.470000 6.534617e+002
0.472000 6.544186e+002
0.474000 6.553702e+002
0.476000 6.563164e+002
0.478000 6.572572e+002
0.480000 6.581927e+002
0.482000 6.591228e+002
0.484000 6.600475e+002
0.486000 6.609667e+002
0.488000 6.618806e+002
0.490000 6.627891e+002
0.492000 6.636921e+002
0.494000 6.645897e+002
0.496000 6.654818e+002
0.498000 6.663685e+002
0.500000 6.672498e+002
0.502000 6.681255e+002
0.504000 6.689958e+002
0.506000 6.698606e+002
0.508000 6.707200e+002
0.510000 6.715738e+002
0.512000 6.724222e+002
0.514000 6.732650e+002
0.516000 6.741023e+002
0.518000 6.749341e+002
0.520000 6.757604e+002
0.522000 6.765811e+002
0.524000 6.773964e+002
0.526000 6.782060e+002
0.528000 6.790101e+002
0.530000 6.798087e+002
0.532000 6.806017e+002
0.534000 6.813892e+002
0.536000 6.821710e+002
0.538000 6.829473e+002
0.540000 6.837181e+002
0.542000 6.844832e+002
0.544000 6.852428e+002
0.546000 6.859967e+002
0.548000 6.867451e+002
0.550000 6.874879e+002
0.552000 6.882250e+002
0.554000 6.889566e+002
0.556000 6.896825e+002
0.558000 6.904028e+002
0.560000 6.911175e+002
0.562000 6.918266e+002
0.564000 6.925301e+002
0.566000 6.932279e+002
0.568000 6.939201e+002
0.570000 6.946067e+002
0.572000 6.952876e+002
0.574000 6.959629e+002
0.576000 6.966325e+002
0.578000 6.972965e+002
0.580000 6.979549e+002
0.582000 6.986076e+002
0.584000 6.992546e+002
0.586000 6.998960e+002
0.588000 7.005318e+002
0.590000 7.011619e+002
0.592000 7.017863e+002
0.594000 7.024051e+002
0.596000 7.030182e+002
0.598000 7.036257e+002
0.600000 7.042275e+002
0.602000 7.048236e+002
0.604000 7.054141e+002
0.606000 7.059989e+002
0.608000 7.065781e+002
0.610000 7.071515e+002
0.612000 7.077194e+002
0.614000 7.082815e+002
0.616000 7.088380e+002
0.618000 7.093889e+002
0.620000 7.099340e+002
0.622000 7.104736e+002
0.624000 7.110074e+002
0.626000 7.115356e+002
0.628000 7.120581e+002
0.630000 7.125750e+002
0.632000 7.130862e+002
0.634000 7.135918e+002
0.636000 7.140917e+002
0.638000 7.145860e+002
0.640000 7.150746e+002
0.642000 7.155575e+002
0.644000 7.160348e+002
0.646000 7.165065e+002
0.648000 7.169725e+002
0.650000 7.174329e+002
0.652000 7.178877e+002
0.654000 7.183368e+002
0.656000 7.187802e+002
0.658000 7.192181e+002
0.660000 7.196503e+002
0.662000 7.200769e+002
0.664000 7.204979e+002
0.666000 7.209132e+002
0.668000 7.213230e+002
0.670000 7.217271e+002
0.672000 7.221256e+002
0.674000 7.225185e+002
0.676000 7.229059e+002
0.678000 7.232876e+002
0.680000 7.236637e+002
0.682000 7.240343e+002
0.684000 7.243992e+002
0.686000 7.247586e+002
0.688000 7.251124e+002
0.690000 7.254607e+002
0.692000 7.258033e+002
0.694000 7.261405e+002
0.696000 7.264720e+002
0.698000 7.267980e+002
0.700000 7.271185e+002
0.702000 7.274334e+002
0.704000 7.277428e+002
0.706000 7.280467e+002
0.708000 7.283451e+002
0.710000 7.286379e+002
0.712000 7.289252e+002
0.714000 7.292070e+002
0.716000 7.294834e+002
0.718000 7.297542e+002
0.720000 7.300195e+002
0.722000 7.302794e+002
0.724000 7.305338e+002
0.726000 7.307827e+002
0.728000 7.310262e+002
0.730000 7.312642e+002
0.732000 7.314968e+002
0.734000 7.317240e+002
0.736000 7.319457e+002
0.738000 7.321620e+002
0.740000 7.323729e+002
0.742000 7.325783e+002
0.744000 7.327784e+002
0.746000 7.329731e+002
0.748000 7.331624e+002
0.750000 7.333463e+002
0.752000 7.335248e+002
0.754000 7.336980e+002
0.756000 7.338659e+002
0.758000 7.340284e+002
0.760000 7.341856e+002
0.762000 7.343374e+002
0.764000 7.344839e+002
0.766000 7.346251e+002
0.768000 7.347611e+002
0.770000 7.348917e+002
0.772000 7.350170e+002
0.774000 7.351371e+002
0.776000 7.352519e+002
0.778000 7.353615e+002
0.780000 7.354658e+002
0.782000 7.355649e+002
0.784000 7.356588e+002
0.786000 7.357474e+002
0.788000 7.358309e+002
0.790000 7.359092e+002
0.792000 7.359822e+002
0.794000 7.360501e+002
0.796000 7.361129e+002
0.798000 7.361705e+002
0.800000 7.362229e+002
0.802000 7.362702e+002
0.804000 7.363124e+002
0.806000 7.363495e+002
0.808000 7.363815e+002
0.810000 7.364084e+002
0.812000 7.364302e+002
0.814000 7.364470e+002
0.816000 7.364587e+002
0.818000 7.364653e+002
0.820000 7.364669e+002
0.822000 7.364636e+002
0.824000 7.364551e+002
0.826000 7.364418e+002
0.828000 7.364234e+002
0.830000 7.364000e+002
0.832000 7.363717e+002
0.834000 7.363384e+002
0.836000 7.363002e+002
0.838000 7.362571e+002
0.840000 7.362091e+002
0.842000 7.361561e+002
0.844000 7.360983e+002
0.846000 7.360356e+002
0.848000 7.359680e+002
0.850000 7.358956e+002
0.852000 7.358184e+002
0.854000 7.357363e+002
0.856000 7.356494e+002
0.858000 7.355577e+002
0.860000 7.354612e+002
0.862000 7.353600e+002
0.864000 7.352540e+002
0.866000 7.351433e+002
0.868000 7.350278e+002
0.870000 7.349076e+002
0.872000 7.347827e+002
0.874000 7.346531e+002
0.876000 7.345188e+002
0.878000 7.343799e+002
0.880000 7.342363e+002
0.882000 7.340881e+002
0.884000 7.339352e+002
0.886000 7.337778e+002
0.888000 7.336157e+002
0.890000 7.334491e+002
0.892000 7.332779e+002
0.894000 7.331022e+002
0.896000 7.329219e+002
0.898000 7.327371e+002
0.900000 7.325478e+002
0.902000 7.323540e+002
0.904000 7.321557e+002
0.906000 7.319530e+002
0.908000 7.317458e+002
0.910000 7.315341e+002
0.912000 7.313181e+002
0.914000 7.310976e+002
0.916000 7.308728e+002
0.918000 7.306436e+002
0.920000 7.304100e+002
0.922000 7.301721e+002
0.924000 7.299299e+002
0.926000 7.296833e+002
0.928000 7.294324e+002
0.930000 7.291773e+002
0.932000 7.289179e+002
0.934000 7.286542e+002
0.936000 7.283864e+002
0.938000 7.281142e+002
0.940000 7.278379e+002
0.942000 7.275574e+002
0.944000 7.272727e+002
0.946000 7.269839e+002
0.948000 7.266909e+002
0.950000 7.263938e+002
0.952000 7.260926e+002
0.954000 7.257873e+002
0.956000 7.254780e+002
0.958000 7.251645e+002
0.960000 7.248471e+002
0.962000 7.245256e+002
0.964000 7.242000e+002
0.966000 7.238705e+002
0.968000 7.235370e+002
0.970000 7.231996e+002
0.972000 7.228582e+002
0.974000 7.225129e+002
0.976000 7.221636e+002
0.978000 7.218105e+002
0.980000 7.214535e+002
0.982000 7.210926e+002
0.984000 7.207279e+002
0.986000 7.203594e+002
0.988000 7.199870e+002
0.990000 7.196109e+002
0.992000 7.192310e+002
0.994000 7.188473e+002
0.996000 7.184599e+002
0.998000 7.180687e+002
1.000000 7.176738e+002
1.002000 7.172753e+002
1.004000 7.168731e+002
1.006000 7.164672e+002
1.008000 7.160577e+002
1.010000 7.156445e+002
1.012000 7.152278e+002
1.014000 7.148074e+002
1.016000 7.143835e+002
1.018000 7.139561e+002
1.020000 7.135251e+002
1.022000 7.130905e+002
1.024000 7.126525e+002
1.026000 7.122110e+002
1.028000 7.117661e+002
1.030000 7.113177e+002
1.032000 7.108658e+002
1.034000 7.104106e+002
1.036000 7.099519e+002
1.038000 7.094899e+002
1.040000 7.090245e+002
1.042000 7.085558e+002
1.044000 7.080838e+002
1.046000 7.076084e+002
1.048000 7.071298e+002
1.050000 7.066479e+002
1.052000 7.061627e+002
1.054000 7.056743e+002
1.056000 7.051827e+002
1.058000 7.046879e+002
1.060000 7.041899e+002
1.062000 7.036888e+002
1.064000 7.031845e+002
1.066000 7.026771e+002
1.068000 7.021665e+002
1.070000 7.016529e+002
1.072000 7.011362e+002
1.074000 7.006165e+002
1.076000 7.000937e+002
1.078000 6.995679e+002
1.080000 6.990391e+002
1.082000 6.985074e+002
1.084000 6.979726e+002
1.086000 6.974350e+002
1.088000 6.968944e+002
1.090000 6.963508e+002
1.092000 6.958045e+002
1.094000 6.952552e+002
1.096000 6.947031e+002
1.098000 6.941481e+002
1.100000 6.935903e+002
1.102000 6.930298e+002
1.104000 6.924664e+002
1.106000 6.919003e+002
1.108000 6.913314e+002
1.110000 6.907599e+002
1.112000 6.901856e+002
1.114000 6.896086e+002
1.116000 6.890290e+002
1.118000 6.884467e+002
1.120000 6.878617e+002
1.122000 6.872742e+002
1.124000 6.866841e+002
1.126000 6.860913e+002
1.128000 6.854961e+002
1.130000 6.848983e+002
1.132000 6.842979e+002
1.134000 6.836951e+002
1.136000 6.830897e+002
1.138000 6.824819e+002
1.140000 6.818717e+002
1.142000 6.812590e+002
1.144000 6.806439e+002
1.146000 6.800265e+002
1.148000 6.794066e+002
1.150000 6.787844e+002
1.152000 6.781598e+002
1.154000 6.775330e+002
1.156000 6.769038e+002
1.158000 6.762723e+002
1.160000 6.756386e+002
1.162000 6.750026e+002
1.164000 6.743644e+002
1.166000 6.737240e+002
1.168000 6.730814e+002
1.170000 6.724366e+002
1.172000 6.717897e+002
1.174000 6.711406e+002
1.176000 6.704894e+002
1.178000 6.698361e+002
1.180000 6.691808e+002
1.182000 6.685233e+002
1.184000 6.678639e+002
1.186000 6.672023e+002
1.188000 6.665388e+002
1.190000 6.658733e+002
1.192000 6.652058e+002
1.194000 6.645364e+002
1.196000 6.638650e+002
1.198000 6.631917e+002
1.200000 6.625165e+002
1.202000 6.618394e+002
1.204000 6.611605e+002
1.206000 6.604797e+002
1.208000 6.597971e+002
1.210000 6.591126e+002
1.212000 6.584264e+002
1.214000 6.577384e+002
1.216000 6.570487e+002
1.218000 6.563572e+002
1.220000 6.556639e+002
1.222000 6.549690e+002
1.224000 6.542724e+002
1.226000 6.535742e+002
1.228000 6.528742e+002
1.230000 6.521727e+002
1.232000 6.514695e+002
1.234000 6.507648e+002
1.236000 6.500584e+002
1.238000 6.493505e+002
1.240000 6.486411e+002
1.242000 6.479301e+002
1.244000 6.472176e+002
1.246000 6.465037e+002
1.248000 6.457882e+002
1.250000 6.450713e+002
1.252000 6.443530e+002
1.254000 6.436333e+002
1.256000 6.429121e+002
1.258000 6.421896e+002
1.260000 6.414657e+002
1.262000 6.407404e+002
1.264000 6.400138e+002
1.266000 6.392859e+002
1.268000 6.385568e+002
1.270000 6.378263e+002
1.272000 6.370945e+002
1.274000 6.363615e+002
1.276000 6.356273e+002
1.278000 6.348919e+002
1.280000 6.341553e+002
1.282000 6.334175e+002
1.284000 6.326785e+002
1.286000 6.319384e+002
1.288000 6.311972e+002
1.290000 6.304548e+002
1.292000 6.297114e+002
1.294000 6.289669e+002
1.296000 6.282213e+002
1.298000 6.274747e+002
1.300000 6.267271e+002
1.302000 6.259784e+002
1.304000 6.252288e+002
1.306000 6.244782e+002
1.308000 6.237266e+002
1.310000 6.229741e+002
1.312000 6.222207e+002
1.314000 6.214663e+002
1.316000 6.207111e+002
1.318000 6.199550e+002
1.320000 6.191980e+002
1.322000 6.184402e+002
1.324000 6.176815e+002
1.326000 6.169221e+002
1.328000 6.161618e+002
1.330000 6.154008e+002
1.332000 6.146390e+002
1.334000 6.138764e+002
1.336000 6.131132e+002
1.338000 6.123492e+002
1.340000 6.115845e+002
1.342000 6.108191e+002
1.344000 6.100531e+002
1.346000 6.092864e+002
1.348000 6.085191e+002
1.350000 6.077512e+002
1.352000 6.069826e+002
1.354000 6.062135e+002
1.356000 6.054438e+002
1.358000 6.046735e+002
1.360000 6.039027e+002
1.362000 6.031314e+002
1.364000 6.023596e+002
1.366000 6.015873e+002
1.368000 6.008145e+002
1.370000 6.000412e+002
1.372000 5.992675e+002
1.374000 5.984933e+002
1.376000 5.977187e+002
1.378000 5.969438e+002
1.380000 5.961684e+002
1.382000 5.953927e+002
1.384000 5.946166e+002
1.386000 5.938401e+002
1.388000 5.930634e+002
1.390000 5.922863e+002
1.392000 5.915089e+002
1.394000 5.907312e+002
1.396000 5.899533e+002
1.398000 5.891751e+002
1.400000 5.883967e+002
1.402000 5.876180e+002
1.404000 5.868392e+002
1.406000 5.860601e+002
1.408000 5.852809e+002
1.410000 5.845014e+002
1.412000 5.837219e+002
1.414000 5.829422e+002
1.416000 5.821623e+002
1.418000 5.813824e+002
1.420000 5.806023e+002
1.422000 5.798222e+002
1.424000 5.790420e+002
1.426000 5.782618e+002
1.428000 5.774815e+002
1.430000 5.767011e+002
1.432000 5.759208e+002
1.434000 5.751404e+002
1.436000 5.743601e+002
1.438000 5.735798e+002
1.440000 5.727996e+002
1.442000 5.720193e+002
1.444000 5.712392e+002
1.446000 5.704591e+002
1.448000 5.696792e+002
1.450000 5.688993e+002
1.452000 5.681196e+002
1.454000 5.673399e+002
1.456000 5.665605e+002
1.458000 5.657812e+002
1.460000 5.650020e+002
1.462000 5.642231e+002
1.464000 5.634443e+002
1.466000 5.626658e+002
1.468000 5.618875e+002
1.470000 5.611094e+002
1.472000 5.603315e+002
1.474000 5.595539e+002
1.476000 5.587766e+002
1.478000 5.579996e+002
1.480000 5.572229e+002
1.482000 5.564465e+002
1.484000 5.556704e+002
1.486000 5.548946e+002
1.488000 5.541192e+002
1.490000 5.533442e+002
1.492000 5.525695e+002
1.494000 5.517952e+002
1.496000 5.510213e+002
1.498000 5.502478e+002
1.500000 5.494747e+002
1.502000 5.487021e+002
1.504000 5.479299e+002
1.506000 5.471581e+002
1.508000 5.463868e+002
1.510000 5.456160e+002
1.512000 5.448457e+002
1.514000 5.440759e+002
1.516000 5.433066e+002
1.518000 5.425378e+002
1.520000 5.417695e+002
1.522000 5.410018e+002
1.524000 5.402346e+002
1.526000 5.394680e+002
1.528000 5.387020e+002
1.530000 5.379366e+002
1.532000 5.371718e+002
1.534000 5.364075e+002
1.536000 5.356439e+002
1.538000 5.348810e+002
1.540000 5.341186e+002
1.542000 5.333570e+002
1.544000 5.325959e+002
1.546000 5.318356e+002
1.548000 5.310759e+002
1.550000 5.303170e+002
1.552000 5.295587e+002
1.554000 5.288012e+002
1.556000 5.280443e+002
1.558000 5.272883e+002
1.560000 5.265329e+002
1.562000 5.257783e+002
1.564000 5.250245e+002
1.566000 5.242714e+002
1.568000 5.235192e+002
1.570000 5.227677e+002
1.572000 5.220170e+002
1.574000 5.212672e+002
1.576000 5.205181e+002
1.578000 5.197699e+002
1.580000 5.190225e+002
1.582000 5.182760e+002
1.584000 5.175304e+002
1.586000 5.167856e+002
1.588000 5.160417e+002
1.590000 5.152986e+002
1.592000 5.145565e+002
1.594000 5.138153e+002
1.596000 5.130750e+002
1.598000 5.123356e+002
1.600000 5.115971e+002
1.602000 5.108596e+002
1.604000 5.101230e+002
1.606000 5.093874e+002
1.608000 5.086527e+002
1.610000 5.079191e+002
1.612000 5.071864e+002
1.614000 5.064547e+002
1.616000 5.057240e+002
1.618000 5.049943e+002
1.620000 5.042656e+002
1.622000 5.035379e+002
1.624000 5.028113e+002
1.626000 5.020857e+002
1.628000 5.013612e+002
1.630000 5.006377e+002
1.632000 4.999153e+002
1.634000 4.991939e+002
1.636000 4.984736e+002
1.638000 4.977545e+002
1.640000 4.970364e+002
1.642000 4.963194e+002
1.644000 4.956035e+002
1.646000 4.948887e+002
1.648000 4.941751e+002
1.650000 4.934626e+002
1.652000 4.927512e+002
1.654000 4.920409e+002
1.656000 4.913319e+002
1.658000 4.906239e+002
1.660000 4.899172e+002
1.662000 4.892116e+002
1.664000 4.885072e+002
1.666000 4.878040e+002
1.668000 4.871020e+002
1.670000 4.864011e+002
1.672000 4.857015e+002
1.674000 4.850031e+002
1.676000 4.843059e+002
1.678000 4.836100e+002
1.680000 4.829152e+002
1.682000 4.822218e+002
1.684000 4.815295e+002
1.686000 4.808385e+002
1.688000 4.801488e+002
1.690000 4.794603e+002
1.692000 4.787731e+002
1.694000 4.780872e+002
1.696000 4.774025e+002
1.698000 4.767192e+002
1.700000 4.760371e+002
1.702000 4.753563e+002
1.704000 4.746768e+002
1.706000 4.739987e+002
1.708000 4.733218e+002
1.710000 4.726463e+002
1.712000 4.719721e+002
1.714000 4.712993e+002
1.716000 4.706277e+002
1.718000 4.699575e+002
1.720000 4.692887e+002
1.722000 4.686212e+002
1.724000 4.679551e+002
1.726000 4.672903e+002
1.728000 4.666269e+002
1.730000 4.659649e+002
1.732000 4.653042e+002
1.734000 4.646450e+002
1.736000 4.639871e+002
1.738000 4.633306e+002
1.740000 4.626755e+002
1.742000 4.620218e+002
1.744000 4.613695e+002
1.746000 4.607186e+002
1.748000 4.600692e+002
1.750000 4.594211e+002
1.752000 4.587745e+002
1.754000 4.581293e+002
1.756000 4.574855e+002
1.758000 4.568432e+002
1.760000 4.562023e+002
1.762000 4.555629e+002
1.764000 4.549249e+002
1.766000 4.542883e+002
1.768000 4.536532e+002
1.770000 4.530196e+002
1.772000 4.523874e+002
1.774000 4.517567e+002
1.776000 4.511275e+002
1.778000 4.504997e+002
1.780000 4.498735e+002
1.782000 4.492487e+002
1.784000 4.486254e+002
1.786000 4.480035e+002
1.788000 4.473832e+002
1.790000 4.467643e+002
1.792000 4.461470e+002
1.794000 4.455312e+002
1.796000 4.449168e+002
1.798000 4.443040e+002
1.800000 4.436927e+002
1.802000 4.430829e+002
1.804000 4.424746e+002
1.806000 4.418678e+002
1.808000 4.412625e+002
1.810000 4.406588e+002
1.812000 4.400566e+002
1.814000 4.394560e+002
1.816000 4.388568e+002
1.818000 4.382592e+002
1.820000 4.376632e+002
1.822000 4.370686e+002
1.824000 4.364757e+002
1.826000 4.358842e+002
1.828000 4.352943e+002
1.830000 4.347060e+002
1.832000 4.341192e+002
1.834000 4.335340e+002
1.836000 4.329503e+002
1.838000 4.323682e+002
1.840000 4.317877e+002
1.842000 4.312087e+002
1.844000 4.306312e+002
1.846000 4.300554e+002
1.848000 4.294811e+002
1.850000 4.289084e+002
1.852000 4.283372e+002
1.854000 4.277677e+002
1.856000 4.271997e+002
1.858000 4.266332e+002
1.860000 4.260684e+002
1.862000 4.255051e+002
1.864000 4.249435e+002
1.866000 4.243834e+002
1.868000 4.238249e+002
1.870000 4.232679e+002
1.872000 4.227126e+002
1.874000 4.221588e+002
1.876000 4.216067e+002
1.878000 4.210561e+002
1.880000 4.205071e+002
1.882000 4.199597e+002
1.884000 4.194140e+002
1.886000 4.188698e+002
1.888000 4.183272e+002
1.890000 4.177862e+002
1.892000 4.172468e+002
1.894000 4.167090e+002
1.896000 4.161728e+002
1.898000 4.156382e+002
1.900000 4.151052e+002
1.902000 4.145738e+002
1.904000 4.140440e+002
1.906000 4.135158e+002
1.908000 4.129892e+002
1.910000 4.124642e+002
1.912000 4.119408e+002
1.914000 4.114191e+002
1.916000 4.108989e+002
1.918000 4.103803e+002
1.920000 4.098634e+002
1.922000 4.093480e+002
1.924000 4.088343e+002
1.926000 4.083221e+002
1.928000 4.078116e+002
1.930000 4.073027e+002
1.932000 4.067954e+002
1.934000 4.062897e+002
1.936000 4.057856e+002
1.938000 4.052831e+002
1.940000 4.047822e+002
1.942000 4.042829e+002
1.944000 4.037852e+002
1.946000 4.032892e+002
1.948000 4.027947e+002
1.950000 4.023019e+002
1.952000 4.018106e+002
1.954000 4.013210e+002
1.956000 4.008329e+002
1.958000 4.003465e+002
1.960000 3.998617e+002
1.962000 3.993785e+002
1.964000 3.988968e+002
1.966000 3.984168e+002
1.968000 3.979384e+002
1.970000 3.974616e+002
1.972000 3.969864e+002
1.974000 3.965128e+002
1.976000 3.960408e+002
1.978000 3.955704e+002
1.980000 3.951016e+002
1.982000 3.946343e+002
1.984000 3.941687e+002
1.986000 3.937047e+002
1.988000 3.932423e+002
1.990000 3.927814e+002
1.992000 3.923222e+002
1.994000 3.918646e+002
1.996000 3.914085e+002
1.998000 3.909540e+002
2.000000 3.905011e+002
2.002000 3.900499e+002
2.004000 3.896001e+002
2.006000 3.891520e+002
2.008000 3.887055e+002
2.010000 3.882605e+002
2.012000 3.878172e+002
2.014000 3.873754e+002
2.016000 3.869351e+002
2.018000 3.864965e+002
2.020000 3.860594e+002
2.022000 3.856240e+002
2.024000 3.851900e+002
2.026000 3.847577e+002
2.028000 3.843269e+002
2.030000 3.838977e+002
2.032000 3.834701e+002
2.034000 3.830440e+002
2.036000 3.826195e+002
2.038000 3.821965e+002
2.040000 3.817751e+002
2.042000 3.813553e+002
2.044000 3.809370e+002
2.046000 3.805203e+002
2.048000 3.801051e+002
2.050000 3.796915e+002
2.052000 3.792795e+002
2.054000 3.788689e+002
2.056000 3.784600e+002
2.058000 3.780525e+002
2.060000 3.776466e+002
2.062000 3.772423e+002
2.064000 3.768395e+002
2.066000 3.764382e+002
2.068000 3.760385e+002
2.070000 3.756403e+002
2.072000 3.752436e+002
2.074000 3.748484e+002
2.076000 3.744548e+002
2.078000 3.740627e+002
2.080000 3.736721e+002
2.082000 3.732830e+002
2.084000 3.728955e+002
2.086000 3.725094e+002
2.088000 3.721249e+002
2.090000 3.717419e+002
2.092000 3.713604e+002
2.094000 3.709804e+002
2.096000 3.706019e+002
2.098000 3.702249e+002
2.100000 3.698494e+002
2.102000 3.694754e+002
2.104000 3.691028e+002
2.106000 3.687318e+002
2.108000 3.683623e+002
2.110000 3.679942e+002
2.112000 3.676276e+002
2.114000 3.672625e+002
2.116000 3.668989e+002
2.118000 3.665368e+002
2.120000 3.661761e+002
2.122000 3.658169e+002
2.124000 3.654592e+002
2.126000 3.651029e+002
2.128000 3.647481e+002
2.130000 3.643948e+002
2.132000 3.640429e+002
2.134000 3.636924e+002
2.136000 3.633434e+002
2.138000 3.629959e+002
2.140000 3.626498e+002
2.142000 3.623052e+002
2.144000 3.619619e+002
2.146000 3.616202e+002
2.148000 3.612798e+002
2.150000 3.609409e+002
2.152000 3.606034e+002
2.154000 3.602674e+002
2.156000 3.599327e+002
2.158000 3.595995e+002
2.160000 3.592677e+002
2.162000 3.589373e+002
2.164000 3.586083e+002
2.166000 3.582807e+002
2.168000 3.579546e+002
2.170000 3.576298e+002
2.172000 3.573064e+002
2.174000 3.569844e+002
2.176000 3.566639e+002
2.178000 3.563447e+002
2.180000 3.560269e+002
2.182000 3.557104e+002
2.184000 3.553954e+002
2.186000 3.550817e+002
2.188000 3.547694e+002
2.190000 3.544585e+002
2.192000 3.541489e+002
2.194000 3.538407e+002
2.196000 3.535338e+002
2.198000 3.532284e+002
2.200000 3.529242e+002
2.202000 3.526214e+002
2.204000 3.523200e+002
2.206000 3.520199e+002
2.208000 3.517212e+002
2.210000 3.514238e+002
2.212000 3.511277e+002
2.214000 3.508329e+002
2.216000 3.505395e+002
2.218000 3.502474e+002
2.220000 3.499566e+002
2.222000 3.496672e+002
2.224000 3.493790e+002
2.226000 3.490922e+002
2.228000 3.488067e+002
2.230000 3.485224e+002
2.232000 3.482395e+002
2.234000 3.479579e+002
2.236000 3.476776e+002
2.238000 3.473985e+002
2.240000 3.471208e+002
2.242000 3.468443e+002
2.244000 3.465691e+002
2.246000 3.462952e+002
2.248000 3.460225e+002
2.250000 3.457511e+002
2.252000 3.454810e+002
2.254000 3.452122e+002
2.256000 3.449446e+002
2.258000 3.446783e+002
2.260000 3.444132e+002
2.262000 3.441493e+002
2.264000 3.438867e+002
2.266000 3.436254e+002
2.268000 3.433653e+002
2.270000 3.431064e+002
2.272000 3.428488e+002
2.274000 3.425923e+002
2.276000 3.423371e+002
2.278000 3.420832e+002
2.280000 3.418304e+002
2.282000 3.415788e+002
2.284000 3.413285e+002
2.286000 3.410794e+002
2.288000 3.408314e+002
2.290000 3.405847e+002
2.292000 3.403391e+002
2.294000 3.400948e+002
2.296000 3.398516e+002
2.298000 3.396097e+002
2.300000 3.393689e+002
2.302000 3.391292e+002
2.304000 3.388908e+002
2.306000 3.386535e+002
2.308000 3.384174e+002
2.310000 3.381824e+002
2.312000 3.379486e+002
2.314000 3.377160e+002
2.316000 3.374845e+002
2.318000 3.372541e+002
2.320000 3.370249e+002
2.322000 3.367969e+002
2.324000 3.365700e+002
2.326000 3.363442e+002
2.328000 3.361195e+002
2.330000 3.358960e+002
2.332000 3.356735e+002
2.334000 3.354522e+002
2.336000 3.352320e+002
2.338000 3.350130e+002
2.340000 3.347950e+002
2.342000 3.345781e+002
2.344000 3.343624e+002
2.346000 3.341477e+002
2.348000 3.339341e+002
2.350000 3.337216e+002
2.352000 3.335102e+002
2.354000 3.332999e+002
2.356000 3.330906e+002
2.358000 3.328825e+002
2.360000 3.326753e+002
2.362000 3.324693e+002
2.364000 3.322643e+002
2.366000 3.320604e+002
2.368000 3.318575e+002
2.370000 3.316557e+002
2.372000 3.314550e+002
2.374000 3.312552e+002
2.376000 3.310565e+002
2.378000 3.308589e+002
2.380000 3.306623e+002
2.382000 3.304667e+002
2.384000 3.302721e+002
2.386000 3.300786e+002
2.388000 3.298861e+002
2.390000 3.296946e+002
2.392000 3.295041e+002
2.394000 3.293146e+002
2.396000 3.291261e+002
2.398000 3.289386e+002
2.400000 3.287521e+002
2.402000 3.285666e+002
2.404000 3.283821e+002
2.406000 3.281986e+002
2.408000 3.280160e+002
2.410000 3.278345e+002
2.412000 3.276539e+002
2.414000 3.274742e+002
2.416000 3.272956e+002
2.418000 3.271179e+002
2.420000 3.269411e+002
2.422000 3.267654e+002
2.424000 3.265905e+002
2.426000 3.264166e+002
2.428000 3.262437e+002
2.430000 3.260717e+002
2.432000 3.259006e+002
2.434000 3.257305e+002
2.436000 3.255613e+002
2.438000 3.253930e+002
2.440000 3.252257e+002
2.442000 3.250593e+002
2.444000 3.248937e+002
2.446000 3.247291e+002
2.448000 3.245654e+002
2.450000 3.244027e+002
2.452000 3.242408e+002
2.454000 3.240798e+002
2.456000 3.239197e+002
2.458000 3.237605e+002
2.460000 3.236021e+002
2.462000 3.234447e+002
2.464000 3.232881e+002
2.466000 3.231324e+002
2.468000 3.229776e+002
2.470000 3.228237e+002
2.472000 3.226706e+002
2.474000 3.225184e+002
2.476000 3.223670e+002
2.478000 3.222165e+002
2.480000 3.220668e+002
2.482000 3.219180e+002
2.484000 3.217701e+002
2.486000 3.216229e+002
2.488000 3.214767e+002
2.490000 3.213312e+002
2.492000 3.211866e+002
2.494000 3.210428e+002
2.496000 3.208998e+002
2.498000 3.207576e+002
2.500000 3.206163e+002
2.502000 3.204757e+002
2.504000 3.203360e+002
2.506000 3.201971e+002
2.508000 3.200590e+002
2.510000 3.199217e+002
2.512000 3.197851e+002
2.514000 3.196494e+002
2.516000 3.195145e+002
2.518000 3.193803e+002
2.520000 3.192469e+002
2.522000 3.191143e+002
2.524000 3.189825e+002
2.526000 3.188514e+002
2.528000 3.187211e+002
2.530000 3.185916e+002
2.532000 3.184628e+002
2.534000 3.183348e+002
2.536000 3.182076e+002
2.538000 3.180811e+002
2.540000 3.179553e+002
2.542000 3.178303e+002
2.544000 3.177060e+002
2.546000 3.175825e+002
2.548000 3.174597e+002
2.550000 3.173376e+002
2.552000 3.172163e+002
2.554000 3.170956e+002
2.556000 3.169757e+002
2.558000 3.168566e+002
2.560000 3.167381e+002
2.562000 3.166203e+002
2.564000 3.165033e+002
2.566000 3.163869e+002
2.568000 3.162713e+002
2.570000 3.161563e+002
2.572000 3.160421e+002
2.574000 3.159285e+002
2.576000 3.158156e+002
2.578000 3.157034e+002
2.580000 3.155919e+002
2.582000 3.154811e+002
2.584000 3.153709e+002
2.586000 3.152614e+002
2.588000 3.151526e+002
2.590000 3.150444e+002
2.592000 3.149370e+002
2.594000 3.148301e+002
2.596000 3.147239e+002
2.598000 3.146184e+002
2.600000 3.145135e+002
2.602000 3.144093e+002
2.604000 3.143057e+002
2.606000 3.142028e+002
2.608000 3.141005e+002
2.610000 3.139988e+002
2.612000 3.138978e+002
2.614000 3.137973e+002
2.616000 3.136976e+002
2.618000 3.135984e+002
2.620000 3.134998e+002
2.622000 3.134019e+002
2.624000 3.133046e+002
2.626000 3.132079e+002
2.628000 3.131118e+002
2.630000 3.130163e+002
2.632000 3.129214e+002
2.634000 3.128270e+002
2.636000 3.127333e+002
2.638000 3.126402e+002
2.640000 3.125477e+002
2.642000 3.124557e+002
2.644000 3.123644e+002
2.646000 3.122736e+002
2.648000 3.121834e+002
2.650000 3.120938e+002
2.652000 3.120047e+002
2.654000 3.119162e+002
2.656000 3.118283e+002
2.658000 3.117409e+002
2.660000 3.116541e+002
2.662000 3.115679e+002
2.664000 3.114822e+002
2.666000 3.113970e+002
2.668000 3.113125e+002
2.670000 3.112284e+002
2.672000 3.111449e+002
2.674000 3.110619e+002
2.676000 3.109795e+002
2.678000 3.108976e+002
2.680000 3.108162e+002
2.682000 3.107354e+002
2.684000 3.106551e+002
2.686000 3.105753e+002
2.688000 3.104960e+002
2.690000 3.104173e+002
2.692000 3.103391e+002
2.694000 3.102613e+002
2.696000 3.101841e+002
2.698000 3.101074e+002
2.700000 3.100312e+002
2.702000 3.099555e+002
2.704000 3.098803e+002
2.706000 3.098056e+002
2.708000 3.097314e+002
2.710000 3.096577e+002
2.712000 3.095844e+002
2.714000 3.095117e+002
2.716000 3.094394e+002
2.718000 3.093676e+002
2.720000 3.092963e+002
2.722000 3.092255e+002
2.724000 3.091551e+002
2.726000 3.090852e+002
2.728000 3.090158e+002
2.730000 3.089468e+002
2.732000 3.088783e+002
2.734000 3.088103e+002
2.736000 3.087427e+002
2.738000 3.086756e+002
2.740000 3.086089e+002
2.742000 3.085427e+002
2.744000 3.084769e+002
2.746000 3.084116e+002
2.748000 3.083467e+002
2.750000 3.082822e+002
2.752000 3.082182e+002
2.754000 3.081546e+002
2.756000 3.080915e+002
2.758000 3.080287e+002
2.760000 3.079665e+002
2.762000 3.079046e+002
2.764000 3.078431e+002
2.766000 3.077821e+002
2.768000 3.077215e+002
2.770000 3.076613e+002
2.772000 3.076015e+002
2.774000 3.075422e+002
2.776000 3.074832e+002
2.778000 3.074247e+002
2.780000 3.073665e+002
2.782000 3.073088e+002
2.784000 3.072514e+002
2.786000 3.071945e+002
2.788000 3.071379e+002
2.790000 3.070818e+002
2.792000 3.070260e+002
2.794000 3.069706e+002
2.796000 3.069156e+002
2.798000 3.068610e+002
2.800000 3.068068e+002
2.802000 3.067529e+002
2.804000 3.066994e+002
2.806000 3.066463e+002
2.808000 3.065936e+002
2.810000 3.065412e+002
2.812000 3.064892e+002
2.814000 3.064376e+002
2.816000 3.063863e+002
2.818000 3.063354e+002
2.820000 3.062849e+002
2.822000 3.062347e+002
2.824000 3.061849e+002
2.826000 3.061354e+002
2.828000 3.060863e+002
2.830000 3.060375e+002
2.832000 3.059890e+002
2.834000 3.059410e+002
2.836000 3.058932e+002
2.838000 3.058458e+002
2.840000 3.057987e+002
2.842000 3.057520e+002
2.844000 3.057056e+002
2.846000 3.056596e+002
2.848000 3.056138e+002
2.850000 3.055684e+002
2.852000 3.055233e+002
2.854000 3.054786e+002
2.856000 3.054342e+002
2.858000 3.053901e+002
2.860000 3.053463e+002
2.862000 3.053028e+002
2.864000 3.052596e+002
2.866000 3.052168e+002
2.868000 3.051743e+002
2.870000 3.051320e+002
2.872000 3.050901e+002
2.874000 3.050485e+002
2.876000 3.050072e+002
2.878000 3.049662e+002
2.880000 3.049255e+002
2.882000 3.048850e+002
2.884000 3.048449e+002
2.886000 3.048051e+002
2.888000 3.047656e+002
2.890000 3.047263e+002
2.892000 3.046874e+002
2.894000 3.046487e+002
2.896000 3.046103e+002
2.898000 3.045722e+002
2.900000 3.045344e+002
2.902000 3.044969e+002
2.904000 3.044596e+002
2.906000 3.044226e+002
2.908000 3.043859e+002
2.910000 3.043495e+002
2.912000 3.043133e+002
2.914000 3.042774e+002
2.916000 3.042418e+002
2.918000 3.042064e+002
2.920000 3.041713e+002
2.922000 3.041365e+002
2.924000 3.041019e+002
2.926000 3.040676e+002
2.928000 3.040336e+002
2.930000 3.039998e+002
2.932000 3.039662e+002
2.934000 3.039329e+002
2.936000 3.038999e+002
2.938000 3.038671e+002
2.940000 3.038345e+002
2.942000 3.038022e+002
2.944000 3.037701e+002
2.946000 3.037383e+002
2.948000 3.037068e+002
2.950000 3.036754e+002
2.952000 3.036443e+002
2.954000 3.036135e+002
2.956000 3.035828e+002
2.958000 3.035524e+002
2.960000 3.035223e+002
2.962000 3.034923e+002
2.964000 3.034626e+002
2.966000 3.034332e+002
2.968000 3.034039e+002
2.970000 3.033749e+002
2.972000 3.033461e+002
2.974000 3.033175e+002
2.976000 3.032891e+002
2.978000 3.032610e+002
2.980000 3.032331e+002
2.982000 3.032054e+002
2.984000 3.031779e+002
2.986000 3.031506e+002
2.988000 3.031235e+002
2.990000 3.030966e+002
2.992000 3.030700e+002
2.994000 3.030435e+002
2.996000 3.030173e+002
2.998000 3.029912e+002
3.000000 3.029654e+002
3.002000 3.029398e+002
3.004000 3.029143e+002
3.006000 3.028891e+002
3.008000 3.028641e+002
3.010000 3.028392e+002
3.012000 3.028146e+002
3.014000 3.027901e+002
3.016000 3.027659e+002
3.018000 3.027418e+002
3.020000 3.027179e+002
3.022000 3.026942e+002
3.024000 3.026707e+002
3.026000 3.026474e+002
3.028000 3.026242e+002
3.030000 3.026013e+002
3.032000 3.025785e+002
3.034000 3.025559e+002
3.036000 3.025335e+002
3.038000 3.025113e+002
3.040000 3.024892e+002
3.042000 3.024673e+002
3.044000 3.024456e+002
3.046000 3.024241e+002
3.048000 3.024027e+002
3.050000 3.023815e+002
3.052000 3.023605e+002
3.054000 3.023396e+002
3.056000 3.023190e+002
3.058000 3.022984e+002
3.060000 3.022781e+002
3.062000 3.022579e+002
3.064000 3.022378e+002
3.066000 3.022180e+002
3.068000 3.021983e+002
3.070000 3.021787e+002
3.072000 3.021593e+002
3.074000 3.021401e+002
3.076000 3.021210e+002
3.078000 3.021021e+002
3.080000 3.020833e+002
3.082000 3.020647e+002
3.084000 3.020462e+002
3.086000 3.020279e+002
3.088000 3.020097e+002
3.090000 3.019917e+002
3.092000 3.019738e+002
3.094000 3.019561e+002
3.096000 3.019385e+002
3.098000 3.019211e+002
3.100000 3.019038e+002
3.102000 3.018866e+002
3.104000 3.018696e+002
3.106000 3.018527e+002
3.108000 3.018360e+002
3.110000 3.018194e+002
3.112000 3.018029e+002
3.114000 3.017866e+002
3.116000 3.017704e+002
3.118000 3.017544e+002
3.120000 3.017384e+002
3.122000 3.017226e+002
3.124000 3.017070e+002
3.126000 3.016914e+002
3.128000 3.016760e+002
3.130000 3.016608e+002
3.132000 3.016456e+002
3.134000 3.016306e+002
3.136000 3.016157e+002
3.138000 3.016009e+002
3.140000 3.015863e+002
3.142000 3.015717e+002
3.144000 3.015573e+002
3.146000 3.015430e+002
3.148000 3.015289e+002
3.150000 3.015148e+002
3.152000 3.015009e+002
3.154000 3.014871e+002
3.156000 3.014734e+002
3.158000 3.014598e+002
3.160000 3.014464e+002
3.162000 3.014330e+002
3.164000 3.014198e+002
3.166000 3.014066e+002
3.168000 3.013936e+002
3.170000 3.013807e+002
3.172000 3.013679e+002
3.174000 3.013552e+002
3.176000 3.013426e+002
3.178000 3.013302e+002
3.180000 3.013178e+002
3.182000 3.013055e+002
3.184000 3.012934e+002
3.186000 3.012813e+002
3.188000 3.012694e+002
3.190000 3.012575e+002
3.192000 3.012458e+002
3.194000 3.012341e+002
3.196000 3.012226e+002
3.198000 3.012111e+002
3.200000 3.011998e+002
3.202000 3.011885e+002
3.204000 3.011774e+002
3.206000 3.011663e+002
3.208000 3.011554e+002
3.210000 3.011445e+002
3.212000 3.011337e+002
3.214000 3.011230e+002
3.216000 3.011124e+002
3.218000 3.011019e+002
3.220000 3.010915e+002
3.222000 3.010812e+002
3.224000 3.010710e+002
3.226000 3.010609e+002
3.228000 3.010508e+002
3.230000 3.010408e+002
3.232000 3.010310e+002
3.234000 3.010212e+002
3.236000 3.010115e+002
3.238000 3.010019e+002
3.240000 3.009923e+002
3.242000 3.009829e+002
3.244000 3.009735e+002
3.246000 3.009642e+002
3.248000 3.009550e+002
3.250000 3.009459e+002
3.252000 3.009368e+002
3.254000 3.009279e+002
3.256000 3.009190e+002
3.258000 3.009102e+002
3.260000 3.009014e+002
3.262000 3.008928e+002
3.264000 3.008842e+002
3.266000 3.008757e+002
3.268000 3.008673e+002
3.270000 3.008589e+002
3.272000 3.008507e+002
3.274000 3.008425e+002
3.276000 3.008343e+002
3.278000 3.008263e+002
3.280000 3.008183e+002
3.282000 3.008104e+002
3.284000 3.008025e+002
3.286000 3.007948e+002
3.288000 3.007871e+002
3.290000 3.007794e+002
3.292000 3.007719e+002
3.294000 3.007644e+002
3.296000 3.007569e+002
3.298000 3.007496e+002
3.300000 3.007423e+002
3.302000 3.007350e+002
3.304000 3.007279e+002
3.306000 3.007208e+002
3.308000 3.007137e+002
3.310000 3.007068e+002
3.312000 3.006998e+002
3.314000 3.006930e+002
3.316000 3.006862e+002
3.318000 3.006795e+002
3.320000 3.006728e+002
3.322000 3.006662e+002
3.324000 3.006597e+002
3.326000 3.006532e+002
3.328000 3.006468e+002
3.330000 3.006404e+002
3.332000 3.006341e+002
3.334000 3.006278e+002
3.336000 3.006216e+002
3.338000 3.006155e+002
3.340000 3.006094e+002
3.342000 3.006034e+002
3.344000 3.005974e+002
3.346000 3.005915e+002
3.348000 3.005856e+002
3.350000 3.005798e+002
3.352000 3.005741e+002
3.354000 3.005684e+002
3.356000 3.005627e+002
3.358000 3.005571e+002
3.360000 3.005516e+002
3.362000 3.005461e+002
3.364000 3.005406e+002
3.366000 3.005353e+002
3.368000 3.005299e+002
3.370000 3.005246e+002
3.372000 3.005194e+002
3.374000 3.005142e+002
3.376000 3.005090e+002
3.378000 3.005039e+002
3.380000 3.004989e+002
3.382000 3.004939e+002
3.384000 3.004889e+002
3.386000 3.004840e+002
3.388000 3.004791e+002
3.390000 3.004743e+002
3.392000 3.004695e+002
3.394000 3.004648e+002
3.396000 3.004601e+002
3.398000 3.004555e+002
3.400000 3.004509e+002
3.402000 3.004463e+002
3.404000 3.004418e+002
3.406000 3.004374e+002
3.408000 3.004329e+002
3.410000 3.004285e+002
3.412000 3.004242e+002
3.414000 3.004199e+002
3.416000 3.004156e+002
3.418000 3.004114e+002
3.420000 3.004072e+002
3.422000 3.004031e+002
3.424000 3.003990e+002
3.426000 3.003949e+002
3.428000 3.003909e+002
3.430000 3.003869e+002
3.432000 3.003830e+002
3.434000 3.003790e+002
3.436000 3.003752e+002
3.438000 3.003713e+002
3.440000 3.003675e+002
3.442000 3.003638e+002
3.444000 3.003600e+002
3.446000 3.003564e+002
3.448000 3.003527e+002
3.450000 3.003491e+002
3.452000 3.003455e+002
3.454000 3.003419e+002
3.456000 3.003384e+002
3.458000 3.003349e+002
3.460000 3.003315e+002
3.462000 3.003281e+002
3.464000 3.003247e+002
3.466000 3.003213e+002
3.468000 3.003180e+002
3.470000 3.003147e+002
3.472000 3.003115e+002
3.474000 3.003083e+002
3.476000 3.003051e+002
3.478000 3.003019e+002
3.480000 3.002988e+002
3.482000 3.002957e+002
3.484000 3.002926e+002
3.486000 3.002896e+002
3.488000 3.002866e+002
3.490000 3.002836e+002
3.492000 3.002806e+002
3.494000 3.002777e+002
3.496000 3.002748e+002
3.498000 3.002720e+002
3.500000 3.002691e+002
3.502000 3.002663e+002
3.504000 3.002635e+002
3.506000 3.002608e+002
3.508000 3.002581e+002
3.510000 3.002554e+002
3.512000 3.002527e+002
3.514000 3.002500e+002
3.516000 3.002474e+002
3.518000 3.002448e+002
3.520000 3.002423e+002
3.522000 3.002397e+002
3.524000 3.002372e+002
3.526000 3.002347e+002
3.528000 3.002322e+002
3.530000 3.002298e+002
3.532000 3.002274e+002
3.534000 3.002250e+002
3.536000 3.002226e+002
3.538000 3.002203e+002
3.540000 3.002180e+002
3.542000 3.002157e+002
3.544000 3.002134e+002
3.546000 3.002111e+002
3.548000 3.002089e+002
3.550000 3.002067e+002
3.552000 3.002045e+002
3.554000 3.002023e+002
3.556000 3.002002e+002
3.558000 3.001981e+002
3.560000 3.001960e+002
3.562000 3.001939e+002
3.564000 3.001918e+002
3.566000 3.001898e+002
3.568000 3.001878e+002
3.570000 3.001858e+002
3.572000 3.001838e+002
3.574000 3.001819e+002
3.576000 3.001799e+002
3.578000 3.001780e+002
3.580000 3.001761e+002
3.582000 3.001743e+002
3.584000 3.001724e+002
3.586000 3.001706e+002
3.588000 3.001688e+002
3.590000 3.001670e+002
3.592000 3.001652e+002
3.594000 3.001634e+002
3.596000 3.001617e+002
3.598000 3.001599e+002
3.600000 3.001582e+002
3.602000 3.001566e+002
3.604000 3.001549e+002
3.606000 3.001532e+002
3.608000 3.001516e+002
3.610000 3.001500e+002
3.612000 3.001484e+002
3.614000 3.001468e+002
3.616000 3.001452e+002
3.618000 3.001437e+002
3.620000 3.001421e+002
3.622000 3.001406e+002
3.624000 3.001391e+002
3.626000 3.001376e+002
3.628000 3.001361e+002
3.630000 3.001347e+002
3.632000 3.001332e+002
3.634000 3.001318e+002
3.636000 3.001304e+002
3.638000 3.001290e+002
3.640000 3.001276e+002
3.642000 3.001263e+002
3.644000 3.001249e+002
3.646000 3.001236e+002
3.648000 3.001222e+002
3.650000 3.001209e+002
3.652000 3.001196e+002
3.654000 3.001184e+002
3.656000 3.001171e+002
3.658000 3.001158e+002
3.660000 3.001146e+002
3.662000 3.001134e+002
3.664000 3.001122e+002
3.666000 3.001110e+002
3.668000 3.001098e+002
3.670000 3.001086e+002
3.672000 3.001074e+002
3.674000 3.001063e+002
3.676000 3.001052e+002
3.678000 3.001040e+002
3.680000 3.001029e+002
3.682000 3.001018e+002
3.684000 3.001008e+002
3.686000 3.000997e+002
3.688000 3.000986e+002
3.690000 3.000976e+002
3.692000 3.000965e+002
3.694000 3.000955e+002
3.696000 3.000945e+002
3.698000 3.000935e+002
3.700000 3.000925e+002
3.702000 3.000915e+002
3.704000 3.000905e+002
3.706000 3.000896e+002
3.708000 3.000886e+002
3.710000 3.000877e+002
3.712000 3.000868e+002
3.714000 3.000859e+002
3.716000 3.000849e+002
3.718000 3.000841e+002
3.720000 3.000832e+002
3.722000 3.000823e+002
3.724000 3.000814e+002
3.726000 3.000806e+002
3.728000 3.000797e+002
3.730000 3.000789e+002
3.732000 3.000781e+002
3.734000 3.000773e+002
3.736000 3.000765e+002
3.738000 3.000757e+002
3.740000 3.000749e+002
3.742000 3.000741e+002
3.744000 3.000733e+002
3.746000 3.000726e+002
3.748000 3.000718e+002
3.750000 3.000711e+002
3.752000 3.000704e+002
3.754000 3.000696e+002
3.756000 3.000689e+002
3.758000 3.000682e+002
3.760000 3.000675e+002
3.762000 3.000668e+002
3.764000 3.000662e+002
3.766000 3.000655e+002
3.768000 3.000648e+002
3.770000 3.000642e+002
3.772000 3.000635e+002
3.774000 3.000629e+002
3.776000 3.000623e+002
3.778000 3.000616e+002
3.780000 3.000610e+002
3.782000 3.000604e+002
3.784000 3.000598e+002
3.786000 3.000592e+002
3.788000 3.000587e+002
3.790000 3.000581e+002
3.792000 3.000575e+002
3.794000 3.000570e+002
3.796000 3.000564e+002
3.798000 3.000559e+002
3.800000 3.000553e+002
3.802000 3.000548e+002
3.804000 3.000543e+002
3.806000 3.000538e+002
3.808000 3.000532e+002
3.810000 3.000527e+002
3.812000 3.000523e+002
3.814000 3.000518e+002
3.816000 3.000513e+002
3.818000 3.000508e+002
3.820000 3.000503e+002
3.822000 3.000499e+002
3.824000 3.000494e+002
3.826000 3.000490e+002
3.828000 3.000485e+002
3.830000 3.000481e+002
3.832000 3.000477e+002
3.834000 3.000473e+002
3.836000 3.000469e+002
3.838000 3.000464e+002
3.840000 3.000460e+002
3.842000 3.000456e+002
3.844000 3.000453e+002
3.846000 3.000449e+002
3.848000 3.000445e+002
3.850000 3.000441e+002
3.852000 3.000438e+002
3.854000 3.000434e+002
3.856000 3.000431e+002
3.858000 3.000427e+002
3.860000 3.000424e+002
3.862000 3.000420e+002
3.864000 3.000417e+002
3.866000 3.000414e+002
3.868000 3.000411e+002
3.870000 3.000407e+002
3.872000 3.000404e+002
3.874000 3.000401e+002
3.876000 3.000398e+002
3.878000 3.000396e+002
3.880000 3.000393e+002
3.882000 3.000390e+002
3.884000 3.000387e+002
3.886000 3.000385e+002
3.888000 3.000382e+002
3.890000 3.000379e+002
3.892000 3.000377e+002
3.894000 3.000374e+002
3.896000 3.000372e+002
3.898000 3.000370e+002
3.900000 3.000367e+002
3.902000 3.000365e+002
3.904000 3.000363e+002
3.906000 3.000361e+002
3.908000 3.000359e+002
3.910000 3.000357e+002
3.912000 3.000355e+002
3.914000 3.000353e+002
3.916000 3.000351e+002
3.918000 3.000349e+002
3.920000 3.000347e+002
3.922000 3.000345e+002
3.924000 3.000344e+002
3.926000 3.000342e+002
3.928000 3.000340e+002
3.930000 3.000339e+002
3.932000 3.000337e+002
3.934000 3.000336e+002
3.936000 3.000334e+002
3.938000 3.000333e+002
3.940000 3.000332e+002
3.942000 3.000331e+002
3.944000 3.000329e+002
3.946000 3.000328e+002
3.948000 3.000327e+002
3.950000 3.000326e+002
3.952000 3.000325e+002
3.954000 3.000324e+002
3.956000 3.000323e+002
3.958000 3.000322e+002
3.960000 3.000321e+002
3.962000 3.000321e+002
3.964000 3.000320e+002
3.966000 3.000319e+002
3.968000 3.000319e+002
3.970000 3.000318e+002
3.972000 3.000317e+002
3.974000 3.000317e+002
3.976000 3.000316e+002
3.978000 3.000316e+002
3.980000 3.000316e+002
3.982000 3.000315e+002
3.984000 3.000315e+002
3.986000 3.000315e+002
3.988000 3.000315e+002
3.990000 3.000314e+002
3.992000 3.000314e+002
3.994000 3.000314e+002
3.996000 3.000314e+002
3.998000 3.000000e+002
