0.000000 3.336072e+002
0.002000 3.373277e+002
0.004000 3.410471e+002
0.006000 3.447655e+002
0.008000 3.484826e+002
0.010000 3.521984e+002
0.012000 3.559129e+002
0.014000 3.596258e+002
0.016000 3.633371e+002
0.018000 3.670466e+002
0.020000 3.707544e+002
0.022000 3.744603e+002
0.024000 3.781641e+002
0.026000 3.818658e+002
0.028000 3.855653e+002
0.030000 3.892625e+002
0.032000 3.929573e+002
0.034000 3.966495e+002
0.036000 4.003391e+002
0.038000 4.040260e+002
0.040000 4.077101e+002
0.042000 4.113913e+002
0.044000 4.150694e+002
0.046000 4.187444e+002
0.048000 4.224162e+002
0.050000 4.260847e+002
0.052000 4.297498e+002
0.054000 4.334113e+002
0.056000 4.370692e+002
0.058000 4.407234e+002
0.060000 4.443738e+002
0.062000 4.480203e+002
0.064000 4.516628e+002
0.066000 4.553012e+002
0.068000 4.589353e+002
0.070000 4.625652e+002
0.072000 4.661907e+002
0.074000 4.698116e+002
0.076000 4.734280e+002
0.078000 4.770397e+002
0.080000 4.806465e+002
0.082000 4.842485e+002
0.084000 4.878455e+002
0.086000 4.914375e+002
0.088000 4.950242e+002
0.090000 4.986057e+002
0.092000 5.021818e+002
0.094000 5.057525e+002
0.096000 5.093176e+002
0.098000 5.128771e+002
0.100000 5.164308e+002
0.102000 5.199786e+002
0.104000 5.235206e+002
0.106000 5.270565e+002
0.108000 5.305863e+002
0.110000 5.341098e+002
0.112000 5.376271e+002
0.114000 5.411380e+002
0.116000 5.446424e+002
0.118000 5.481402e+002
0.120000 5.516313e+002
0.122000 5.551156e+002
0.124000 5.585931e+002
0.126000 5.620637e+002
0.128000 5.655272e+002
0.130000 5.689835e+002
0.132000 5.724327e+002
0.134000 5.758746e+002
0.136000 5.793090e+002
0.138000 5.827360e+002
0.140000 5.861553e+002
0.142000 5.895671e+002
0.144000 5.929710e+002
0.146000 5.963672e+002
0.148000 5.997554e+002
0.150000 6.031355e+002
0.152000 6.065076e+002
0.154000 6.098715e+002
0.156000 6.132272e+002
0.158000 6.165744e+002
0.160000 6.199132e+002
0.162000 6.232435e+002
0.164000 6.265652e+002
0.166000 6.298782e+002
0.168000 6.331824e+002
0.170000 6.364777e+002
0.172000 6.397641e+002
0.174000 6.430414e+002
0.176000 6.463097e+002
0.178000 6.495687e+002
0.180000 6.528185e+002
0.182000 6.560589e+002
0.184000 6.592899e+002
0.186000 6.625114e+002
0.188000 6.657232e+002
0.190000 6.689254e+002
0.192000 6.721178e+002
0.194000 6.753004e+002
0.196000 6.784731e+002
0.198000 6.816358e+002
0.200000 6.847884e+002
0.202000 6.879309e+002
0.204000 6.910631e+002
0.206000 6.941851e+002
0.208000 6.972967e+002
0.210000 7.003978e+002
0.212000 7.034884e+002
0.214000 7.065684e+002
0.216000 7.096378e+002
0.218000 7.126964e+002
0.220000 7.157442e+002
0.222000 7.187811e+002
0.224000 7.218070e+002
0.226000 7.248219e+002
0.228000 7.278257e+002
0.230000 7.308183e+002
0.232000 7.337997e+002
0.234000 7.367698e+002
0.236000 7.397284e+002
0.238000 7.426757e+002
0.240000 7.456114e+002
0.242000 7.485355e+002
0.244000 7.514480e+002
0.246000 7.543487e+002
0.248000 7.572376e+002
0.250000 7.601147e+002
0.252000 7.629799e+002
0.254000 7.658331e+002
0.256000 7.686743e+002
0.258000 7.715033e+002
0.260000 7.743202e+002
0.262000 7.771248e+002
0.264000 7.799171e+002
0.266000 7.826971e+002
0.268000 7.854646e+002
0.270000 7.882196e+002
0.272000 7.909621e+002
0.274000 7.936920e+002
0.276000 7.964093e+002
0.278000 7.991138e+002
0.280000 8.018055e+002
0.282000 8.044844e+002
0.284000 8.071504e+002
0.286000 8.098035e+002
0.288000 8.124435e+002
0.290000 8.150705e+002
0.292000 8.176843e+002
0.294000 8.202850e+002
0.296000 8.228725e+002
0.298000 8.254467e+002
0.300000 8.280075e+002
0.302000 8.305550e+002
0.304000 8.330890e+002
0.306000 8.356095e+002
0.308000 8.381165e+002
0.310000 8.406099e+002
0.312000 8.430897e+002
0.314000 8.455558e+002
0.316000 8.480081e+002
0.318000 8.504467e+002
0.320000 8.528714e+002
0.322000 8.552823e+002
0.324000 8.576792e+002
0.326000 8.600622e+002
0.328000 8.624311e+002
0.330000 8.647860e+002
0.332000 8.671268e+002
0.334000 8.694534e+002
0.336000 8.717658e+002
0.338000 8.740641e+002
0.340000 8.763480e+002
0.342000 8.786176e+002
0.344000 8.808729e+002
0.346000 8.831137e+002
0.348000 8.853402e+002
0.350000 8.875521e+002
0.352000 8.897496e+002
0.354000 8.919325e+002
0.356000 8.941008e+002
0.358000 8.962545e+002
0.360000 8.983935e+002
0.362000 9.005178e+002
0.364000 9.026274e+002
0.366000 9.047222e+002
0.368000 9.068023e+002
0.370000 9.088674e+002
0.372000 9.109178e+002
0.374000 9.129532e+002
0.376000 9.149737e+002
0.378000 9.169793e+002
0.380000 9.189698e+002
0.382000 9.209453e+002
0.384000 9.229058e+002
0.386000 9.248512e+002
0.388000 9.267815e+002
0.390000 9.286967e+002
0.392000 9.305967e+002
0.394000 9.324815e+002
0.396000 9.343511e+002
0.398000 9.362055e+002
0.400000 9.380446e+002
0.402000 9.398685e+002
0.404000 9.416770e+002
0.406000 9.434702e+002
0.408000 9.452480e+002
0.410000 9.470104e+002
0.412000 9.487575e+002
0.414000 9.504891e+002
0.416000 9.522053e+002
0.418000 9.539061e+002
0.420000 9.555913e+002
0.422000 9.572611e+002
0.424000 9.589154e+002
0.426000 9.605541e+002
0.428000 9.621773e+002
0.430000 9.637849e+002
0.432000 9.653770e+002
0.434000 9.669534e+002
0.436000 9.685143e+002
0.438000 9.700595e+002
0.440000 9.715891e+002
0.442000 9.731031e+002
0.444000 9.746014e+002
0.446000 9.760840e+002
0.448000 9.775510e+002
0.450000 9.790022e+002
0.452000 9.804378e+002
0.454000 9.818577e+002
0.456000 9.832618e+002
0.458000 9.846502e+002
0.460000 9.860229e+002
0.462000 9.873799e+002
0.464000 9.887211e+002
0.466000 9.900465e+002
0.468000 9.913562e+002
0.470000 9.926502e+002
0.472000 9.939284e+002
0.474000 9.951908e+002
0.476000 9.964374e+002
0.478000 9.976683e+002
0.480000 9.988834e+002
0.482000 1.000083e+003
0.484000 1.001266e+003
0.486000 1.002434e+003
0.488000 1.003586e+003
0.490000 1.004722e+003
0.492000 1.005843e+003
0.494000 1.006947e+003
0.496000 1.008036e+003
0.498000 1.009109e+003
0.500000 1.010167e+003
0.502000 1.011208e+003
0.504000 1.012234e+003
0.506000 1.013245e+003
0.508000 1.014239e+003
0.510000 1.015218e+003
0.512000 1.016181e+003
0.514000 1.017128e+003
0.516000 1.018059e+003
0.518000 1.018975e+003
0.520000 1.019875e+003
0.522000 1.020760e+003
0.524000 1.021628e+003
0.526000 1.022481e+003
0.528000 1.023319e+003
0.530000 1.024141e+003
0.532000 1.024947e+003
0.534000 1.025737e+003
0.536000 1.026512e+003
0.538000 1.027272e+003
0.540000 1.028016e+003
0.542000 1.028744e+003
0.544000 1.029457e+003
0.546000 1.030154e+003
0.548000 1.030835e+003
0.550000 1.031502e+003
0.552000 1.032152e+003
0.554000 1.032788e+003
0.556000 1.033407e+003
0.558000 1.034012e+003
0.560000 1.034601e+003
0.562000 1.035174e+003
0.564000 1.035733e+003
0.566000 1.036276e+003
0.568000 1.036803e+003
0.570000 1.037316e+003
0.572000 1.037813e+003
0.574000 1.038294e+003
0.576000 1.038761e+003
0.578000 1.039212e+003
0.580000 1.039649e+003
0.582000 1.040070e+003
0.584000 1.040475e+003
0.586000 1.040866e+003
0.588000 1.041242e+003
0.590000 1.041603e+003
0.592000 1.041948e+003
0.594000 1.042279e+003
0.596000 1.042595e+003
0.598000 1.042895e+003
0.600000 1.043181e+003
0.602000 1.043452e+003
0.604000 1.043708e+003
0.606000 1.043950e+003
0.608000 1.044176e+003
0.610000 1.044388e+003
0.612000 1.044585e+003
0.614000 1.044767e+003
0.616000 1.044935e+003
0.618000 1.045088e+003
0.620000 1.045227e+003
0.622000 1.045351e+003
0.624000 1.045460e+003
0.626000 1.045555e+003
0.628000 1.045635e+003
0.630000 1.045701e+003
0.632000 1.045753e+003
0.634000 1.045790e+003
0.636000 1.045813e+003
0.638000 1.045822e+003
0.640000 1.045817e+003
0.642000 1.045797e+003
0.644000 1.045763e+003
0.646000 1.045715e+003
0.648000 1.045653e+003
0.650000 1.045577e+003
0.652000 1.045487e+003
0.654000 1.045383e+003
0.656000 1.045265e+003
0.658000 1.045133e+003
0.660000 1.044987e+003
0.662000 1.044828e+003
0.664000 1.044654e+003
0.666000 1.044467e+003
0.668000 1.044267e+003
0.670000 1.044053e+003
0.672000 1.043825e+003
0.674000 1.043583e+003
0.676000 1.043329e+003
0.678000 1.043060e+003
0.680000 1.042779e+003
0.682000 1.042484e+003
0.684000 1.042175e+003
0.686000 1.041854e+003
0.688000 1.041519e+003
0.690000 1.041171e+003
0.692000 1.040810e+003
0.694000 1.040436e+003
0.696000 1.040048e+003
0.698000 1.039648e+003
0.700000 1.039235e+003
0.702000 1.038809e+003
0.704000 1.038370e+003
0.706000 1.037919e+003
0.708000 1.037455e+003
0.710000 1.036978e+003
0.712000 1.036488e+003
0.714000 1.035986e+003
0.716000 1.035471e+003
0.718000 1.034944e+003
0.720000 1.034405e+003
0.722000 1.033853e+003
0.724000 1.033288e+003
0.726000 1.032712e+003
0.728000 1.032123e+003
0.730000 1.031522e+003
0.732000 1.030909e+003
0.734000 1.030284e+003
0.736000 1.029647e+003
0.738000 1.028998e+003
0.740000 1.028337e+003
0.742000 1.027665e+003
0.744000 1.026980e+003
0.746000 1.026284e+003
0.748000 1.025576e+003
0.750000 1.024857e+003
0.752000 1.024126e+003
0.754000 1.023383e+003
0.756000 1.022629e+003
0.758000 1.021864e+003
0.760000 1.021087e+003
0.762000 1.020299e+003
0.764000 1.019500e+003
0.766000 1.018690e+003
0.768000 1.017869e+003
0.770000 1.017036e+003
0.772000 1.016193e+003
0.774000 1.015339e+003
0.776000 1.014473e+003
0.778000 1.013598e+003
0.780000 1.012711e+003
0.782000 1.011814e+003
0.784000 1.010906e+003
0.786000 1.009987e+003
0.788000 1.009058e+003
0.790000 1.008119e+003
0.792000 1.007169e+003
0.794000 1.006209e+003
0.796000 1.005238e+003
0.798000 1.004258e+003
0.800000 1.003267e+003
0.802000 1.002266e+003
0.804000 1.001255e+003
0.806000 1.000235e+003
0.808000 9.992039e+002
0.810000 9.981635e+002
0.812000 9.971133e+002
0.814000 9.960534e+002
0.816000 9.949838e+002
0.818000 9.939047e+002
0.820000 9.928161e+002
0.822000 9.917181e+002
0.824000 9.906106e+002
0.826000 9.894939e+002
0.828000 9.883679e+002
0.830000 9.872327e+002
0.832000 9.860883e+002
0.834000 9.849350e+002
0.836000 9.837726e+002
0.838000 9.826013e+002
0.840000 9.814211e+002
0.842000 9.802321e+002
0.844000 9.790344e+002
0.846000 9.778280e+002
0.848000 9.766130e+002
0.850000 9.753894e+002
0.852000 9.741574e+002
0.854000 9.729169e+002
0.856000 9.716681e+002
0.858000 9.704111e+002
0.860000 9.691458e+002
0.862000 9.678723e+002
0.864000 9.665908e+002
0.866000 9.653012e+002
0.868000 9.640037e+002
0.870000 9.626983e+002
0.872000 9.613851e+002
0.874000 9.600641e+002
0.876000 9.587355e+002
0.878000 9.573992e+002
0.880000 9.560553e+002
0.882000 9.547039e+002
0.884000 9.533452e+002
0.886000 9.519790e+002
0.888000 9.506056e+002
0.890000 9.492249e+002
0.892000 9.478371e+002
0.894000 9.464422e+002
0.896000 9.450403e+002
0.898000 9.436313e+002
0.900000 9.422155e+002
0.902000 9.407929e+002
0.904000 9.393635e+002
0.906000 9.379274e+002
0.908000 9.364847e+002
0.910000 9.350354e+002
0.912000 9.335797e+002
0.914000 9.321175e+002
0.916000 9.306489e+002
0.918000 9.291741e+002
0.920000 9.276930e+002
0.922000 9.262057e+002
0.924000 9.247124e+002
0.926000 9.232130e+002
0.928000 9.217077e+002
0.930000 9.201965e+002
0.932000 9.186794e+002
0.934000 9.171566e+002
0.936000 9.156281e+002
0.938000 9.140939e+002
0.940000 9.125542e+002
0.942000 9.110090e+002
0.944000 9.094584e+002
0.946000 9.079024e+002
0.948000 9.063411e+002
0.950000 9.047746e+002
0.952000 9.032029e+002
0.954000 9.016261e+002
0.956000 9.000443e+002
0.958000 8.984575e+002
0.960000 8.968659e+002
0.962000 8.952694e+002
0.964000 8.936681e+002
0.966000 8.920621e+002
0.968000 8.904515e+002
0.970000 8.888363e+002
0.972000 8.872166e+002
0.974000 8.855925e+002
0.976000 8.839640e+002
0.978000 8.823312e+002
0.980000 8.806942e+002
0.982000 8.790529e+002
0.984000 8.774076e+002
0.986000 8.757582e+002
0.988000 8.741048e+002
0.990000 8.724476e+002
0.992000 8.707864e+002
0.994000 8.691215e+002
0.996000 8.674529e+002
0.998000 8.657806e+002
1.000000 8.641047e+002
1.002000 8.624252e+002
1.004000 8.607423e+002
1.006000 8.590561e+002
1.008000 8.573664e+002
1.010000 8.556735e+002
1.012000 8.539774e+002
1.014000 8.522781e+002
1.016000 8.505758e+002
1.018000 8.488704e+002
1.020000 8.471621e+002
1.022000 8.454509e+002
1.024000 8.437368e+002
1.026000 8.420200e+002
1.028000 8.403005e+002
1.030000 8.385783e+002
1.032000 8.368536e+002
1.034000 8.351263e+002
1.036000 8.333966e+002
1.038000 8.316645e+002
1.040000 8.299300e+002
1.042000 8.281933e+002
1.044000 8.264543e+002
1.046000 8.247133e+002
1.048000 8.229701e+002
1.050000 8.212249e+002
1.052000 8.194777e+002
1.054000 8.177286e+002
1.056000 8.159777e+002
1.058000 8.142250e+002
1.060000 8.124705e+002
1.062000 8.107144e+002
1.064000 8.089567e+002
1.066000 8.071975e+002
1.068000 8.054367e+002
1.070000 8.036745e+002
1.072000 8.019110e+002
1.074000 8.001461e+002
1.076000 7.983800e+002
1.078000 7.966127e+002
1.080000 7.948442e+002
1.082000 7.930747e+002
1.084000 7.913041e+002
1.086000 7.895326e+002
1.088000 7.877602e+002
1.090000 7.859869e+002
1.092000 7.842128e+002
1.094000 7.824380e+002
1.096000 7.806625e+002
1.098000 7.788864e+002
1.100000 7.771098e+002
1.102000 7.753326e+002
1.104000 7.735549e+002
1.106000 7.717769e+002
1.108000 7.699984e+002
1.110000 7.682198e+002
1.112000 7.664408e+002
1.114000 7.646617e+002
1.116000 7.628825e+002
1.118000 7.611031e+002
1.120000 7.593238e+002
1.122000 7.575445e+002
1.124000 7.557653e+002
1.126000 7.539862e+002
1.128000 7.522073e+002
1.130000 7.504286e+002
1.132000 7.486502e+002
1.134000 7.468722e+002
1.136000 7.450946e+002
1.138000 7.433174e+002
1.140000 7.415408e+002
1.142000 7.397647e+002
1.144000 7.379892e+002
1.146000 7.362143e+002
1.148000 7.344401e+002
1.150000 7.326667e+002
1.152000 7.308941e+002
1.154000 7.291224e+002
1.156000 7.273515e+002
1.158000 7.255817e+002
1.160000 7.238128e+002
1.162000 7.220449e+002
1.164000 7.202782e+002
1.166000 7.185125e+002
1.168000 7.167481e+002
1.170000 7.149849e+002
1.172000 7.132231e+002
1.174000 7.114625e+002
1.176000 7.097033e+002
1.178000 7.079455e+002
1.180000 7.061893e+002
1.182000 7.044345e+002
1.184000 7.026813e+002
1.186000 7.009297e+002
1.188000 6.991797e+002
1.190000 6.974314e+002
1.192000 6.956849e+002
1.194000 6.939402e+002
1.196000 6.921973e+002
1.198000 6.904562e+002
1.200000 6.887171e+002
1.202000 6.869799e+002
1.204000 6.852448e+002
1.206000 6.835117e+002
1.208000 6.817806e+002
1.210000 6.800517e+002
1.212000 6.783249e+002
1.214000 6.766004e+002
1.216000 6.748781e+002
1.218000 6.731581e+002
1.220000 6.714404e+002
1.222000 6.697251e+002
1.224000 6.680122e+002
1.226000 6.663018e+002
1.228000 6.645938e+002
1.230000 6.628884e+002
1.232000 6.611855e+002
1.234000 6.594852e+002
1.236000 6.577876e+002
1.238000 6.560926e+002
1.240000 6.544004e+002
1.242000 6.527109e+002
1.244000 6.510242e+002
1.246000 6.493403e+002
1.248000 6.476593e+002
1.250000 6.459812e+002
1.252000 6.443060e+002
1.254000 6.426338e+002
1.256000 6.409645e+002
1.258000 6.392984e+002
1.260000 6.376353e+002
1.262000 6.359752e+002
1.264000 6.343184e+002
1.266000 6.326647e+002
1.268000 6.310142e+002
1.270000 6.293669e+002
1.272000 6.277229e+002
1.274000 6.260822e+002
1.276000 6.244449e+002
1.278000 6.228109e+002
1.280000 6.211803e+002
1.282000 6.195531e+002
1.284000 6.179294e+002
1.286000 6.163092e+002
1.288000 6.146925e+002
1.290000 6.130794e+002
1.292000 6.114698e+002
1.294000 6.098638e+002
1.296000 6.082615e+002
1.298000 6.066628e+002
1.300000 6.050678e+002
1.302000 6.034765e+002
1.304000 6.018890e+002
1.306000 6.003053e+002
1.308000 5.987253e+002
1.310000 5.971492e+002
1.312000 5.955769e+002
1.314000 5.940085e+002
1.316000 5.924440e+002
1.318000 5.908835e+002
1.320000 5.893269e+002
1.322000 5.877743e+002
1.324000 5.862257e+002
1.326000 5.846811e+002
1.328000 5.831405e+002
1.330000 5.816041e+002
1.332000 5.800717e+002
1.334000 5.785435e+002
1.336000 5.770194e+002
1.338000 5.754995e+002
1.340000 5.739837e+002
1.342000 5.724722e+002
1.344000 5.709649e+002
1.346000 5.694619e+002
1.348000 5.679631e+002
1.350000 5.664686e+002
1.352000 5.649785e+002
1.354000 5.634927e+002
1.356000 5.620112e+002
1.358000 5.605341e+002
1.360000 5.590614e+002
1.362000 5.575931e+002
1.364000 5.561293e+002
1.366000 5.546699e+002
1.368000 5.532149e+002
1.370000 5.517645e+002
1.372000 5.503185e+002
1.374000 5.488771e+002
1.376000 5.474402e+002
1.378000 5.460079e+002
1.380000 5.445801e+002
1.382000 5.431569e+002
1.384000 5.417383e+002
1.386000 5.403243e+002
1.388000 5.389150e+002
1.390000 5.375103e+002
1.392000 5.361102e+002
1.394000 5.347148e+002
1.396000 5.333241e+002
1.398000 5.319382e+002
1.400000 5.305569e+002
1.402000 5.291803e+002
1.404000 5.278085e+002
1.406000 5.264415e+002
1.408000 5.250792e+002
1.410000 5.237217e+002
1.412000 5.223689e+002
1.414000 5.210210e+002
1.416000 5.196779e+002
1.418000 5.183396e+002
1.420000 5.170061e+002
1.422000 5.156775e+002
1.424000 5.143537e+002
1.426000 5.130348e+002
1.428000 5.117208e+002
1.430000 5.104116e+002
1.432000 5.091073e+002
1.434000 5.078080e+002
1.436000 5.065135e+002
1.438000 5.052239e+002
1.440000 5.039393e+002
1.442000 5.026596e+002
1.444000 5.013848e+002
1.446000 5.001150e+002
1.448000 4.988501e+002
1.450000 4.975902e+002
1.452000 4.963353e+002
1.454000 4.950853e+002
1.456000 4.938403e+002
1.458000 4.926003e+002
1.460000 4.913653e+002
1.462000 4.901352e+002
1.464000 4.889102e+002
1.466000 4.876901e+002
1.468000 4.864751e+002
1.470000 4.852650e+002
1.472000 4.840600e+002
1.474000 4.828600e+002
1.476000 4.816651e+002
1.478000 4.804751e+002
1.480000 4.792902e+002
1.482000 4.781103e+002
1.484000 4.769354e+002
1.486000 4.757656e+002
1.488000 4.746008e+002
1.490000 4.734410e+002
1.492000 4.722863e+002
1.494000 4.711366e+002
1.496000 4.699920e+002
1.498000 4.688524e+002
1.500000 4.677178e+002
1.502000 4.665883e+002
1.504000 4.654638e+002
1.506000 4.643444e+002
1.508000 4.632300e+002
1.510000 4.621207e+002
1.512000 4.610164e+002
1.514000 4.599171e+002
1.516000 4.588229e+002
1.518000 4.577337e+002
1.520000 4.566496e+002
1.522000 4.555704e+002
1.524000 4.544964e+002
1.526000 4.534273e+002
1.528000 4.523633e+002
1.530000 4.513043e+002
1.532000 4.502503e+002
1.534000 4.492014e+002
1.536000 4.481575e+002
1.538000 4.471185e+002
1.540000 4.460846e+002
1.542000 4.450557e+002
1.544000 4.440318e+002
1.546000 4.430129e+002
1.548000 4.419990e+002
1.550000 4.409901e+002
1.552000 4.399861e+002
1.554000 4.389872e+002
1.556000 4.379932e+002
1.558000 4.370042e+002
1.560000 4.360201e+002
1.562000 4.350410e+002
1.564000 4.340669e+002
1.566000 4.330977e+002
1.568000 4.321334e+002
1.570000 4.311741e+002
1.572000 4.302197e+002
1.574000 4.292702e+002
1.576000 4.283256e+002
1.578000 4.273860e+002
1.580000 4.264512e+002
1.582000 4.255213e+002
1.584000 4.245963e+002
1.586000 4.236762e+002
1.588000 4.227610e+002
1.590000 4.218506e+002
1.592000 4.209451e+002
1.594000 4.200444e+002
1.596000 4.191485e+002
1.598000 4.182575e+002
1.600000 4.173713e+002
1.602000 4.164899e+002
1.604000 4.156133e+002
1.606000 4.147415e+002
1.608000 4.138745e+002
1.610000 4.130123e+002
1.612000 4.121548e+002
1.614000 4.113021e+002
1.616000 4.104541e+002
1.618000 4.096108e+002
1.620000 4.087723e+002
1.622000 4.079385e+002
1.624000 4.071093e+002
1.626000 4.062849e+002
1.628000 4.054652e+002
1.630000 4.046501e+002
1.632000 4.038397e+002
1.634000 4.030339e+002
1.636000 4.022328e+002
1.638000 4.014363e+002
1.640000 4.006444e+002
1.642000 3.998571e+002
1.644000 3.990744e+002
1.646000 3.982963e+002
1.648000 3.975227e+002
1.650000 3.967537e+002
1.652000 3.959893e+002
1.654000 3.952294e+002
1.656000 3.944740e+002
1.658000 3.937231e+002
1.660000 3.929767e+002
1.662000 3.922348e+002
1.664000 3.914973e+002
1.666000 3.907643e+002
1.668000 3.900357e+002
1.670000 3.893116e+002
1.672000 3.885919e+002
1.674000 3.878766e+002
1.676000 3.871657e+002
1.678000 3.864592e+002
1.680000 3.857570e+002
1.682000 3.850592e+002
1.684000 3.843657e+002
1.686000 3.836765e+002
1.688000 3.829916e+002
1.690000 3.823111e+002
1.692000 3.816348e+002
1.694000 3.809628e+002
1.696000 3.802950e+002
1.698000 3.796315e+002
1.700000 3.789722e+002
1.702000 3.783171e+002
1.704000 3.776662e+002
1.706000 3.770194e+002
1.708000 3.763769e+002
1.710000 3.757385e+002
1.712000 3.751042e+002
1.714000 3.744741e+002
1.716000 3.738480e+002
1.718000 3.732261e+002
1.720000 3.726082e+002
1.722000 3.719944e+002
1.724000 3.713846e+002
1.726000 3.707789e+002
1.728000 3.701772e+002
1.730000 3.695794e+002
1.732000 3.689857e+002
1.734000 3.683959e+002
1.736000 3.678101e+002
1.738000 3.672283e+002
1.740000 3.666503e+002
1.742000 3.660763e+002
1.744000 3.655061e+002
1.746000 3.649399e+002
1.748000 3.643775e+002
1.750000 3.638189e+002
1.752000 3.632642e+002
1.754000 3.627133e+002
1.756000 3.621661e+002
1.758000 3.616228e+002
1.760000 3.610832e+002
1.762000 3.605474e+002
1.764000 3.600153e+002
1.766000 3.594870e+002
1.768000 3.589623e+002
1.770000 3.584413e+002
1.772000 3.579240e+002
1.774000 3.574103e+002
1.776000 3.569003e+002
1.778000 3.563939e+002
1.780000 3.558911e+002
1.782000 3.553919e+002
1.784000 3.548963e+002
1.786000 3.544042e+002
1.788000 3.539157e+002
1.790000 3.534307e+002
1.792000 3.529492e+002
1.794000 3.524712e+002
1.796000 3.519966e+002
1.798000 3.515256e+002
1.800000 3.510579e+002
1.802000 3.505937e+002
1.804000 3.501329e+002
1.806000 3.496755e+002
1.808000 3.492215e+002
1.810000 3.487708e+002
1.812000 3.483235e+002
1.814000 3.478795e+002
1.816000 3.474388e+002
1.818000 3.470014e+002
1.820000 3.465673e+002
1.822000 3.461364e+002
1.824000 3.457088e+002
1.826000 3.452844e+002
1.828000 3.448632e+002
1.830000 3.444452e+002
1.832000 3.440304e+002
1.834000 3.436188e+002
1.836000 3.432103e+002
1.838000 3.428050e+002
1.840000 3.424027e+002
1.842000 3.420036e+002
1.844000 3.416075e+002
1.846000 3.412145e+002
1.848000 3.408245e+002
1.850000 3.404376e+002
1.852000 3.400537e+002
1.854000 3.396728e+002
1.856000 3.392948e+002
1.858000 3.389199e+002
1.860000 3.385478e+002
1.862000 3.381788e+002
1.864000 3.378126e+002
1.866000 3.374493e+002
1.868000 3.370890e+002
1.870000 3.367314e+002
1.872000 3.363768e+002
1.874000 3.360250e+002
1.876000 3.356760e+002
1.878000 3.353298e+002
1.880000 3.349863e+002
1.882000 3.346457e+002
1.884000 3.343078e+002
1.886000 3.339727e+002
1.888000 3.336402e+002
1.890000 3.333105e+002
1.892000 3.329835e+002
1.894000 3.326592e+002
1.896000 3.323375e+002
1.898000 3.320184e+002
1.900000 3.317020e+002
1.902000 3.313882e+002
1.904000 3.310770e+002
1.906000 3.307684e+002
1.908000 3.304623e+002
1.910000 3.301588e+002
1.912000 3.298578e+002
1.914000 3.295594e+002
1.916000 3.292634e+002
1.918000 3.289700e+002
1.920000 3.286790e+002
1.922000 3.283904e+002
1.924000 3.281043e+002
1.926000 3.278207e+002
1.928000 3.275394e+002
1.930000 3.272605e+002
1.932000 3.269841e+002
1.934000 3.267099e+002
1.936000 3.264382e+002
1.938000 3.261687e+002
1.940000 3.259016e+002
1.942000 3.256368e+002
1.944000 3.253743e+002
1.946000 3.251140e+002
1.948000 3.248560e+002
1.950000 3.246003e+002
1.952000 3.243468e+002
1.954000 3.240955e+002
1.956000 3.238464e+002
1.958000 3.235995e+002
1.960000 3.233547e+002
1.962000 3.231121e+002
1.964000 3.228717e+002
1.966000 3.226334e+002
1.968000 3.223972e+002
1.970000 3.221631e+002
1.972000 3.219311e+002
1.974000 3.217011e+002
1.976000 3.214732e+002
1.978000 3.212474e+002
1.980000 3.210236e+002
1.982000 3.208017e+002
1.984000 3.205819e+002
1.986000 3.203641e+002
1.988000 3.201483e+002
1.990000 3.199344e+002
1.992000 3.197224e+002
1.994000 3.195124e+002
1.996000 3.193043e+002
1.998000 3.190981e+002
2.000000 3.188938e+002
2.002000 3.186913e+002
2.004000 3.184908e+002
2.006000 3.182920e+002
2.008000 3.180952e+002
2.010000 3.179001e+002
2.012000 3.177068e+002
2.014000 3.175154e+002
2.016000 3.173257e+002
2.018000 3.171378e+002
2.020000 3.169516e+002
2.022000 3.167672e+002
2.024000 3.165845e+002
2.026000 3.164036e+002
2.028000 3.162243e+002
2.030000 3.160468e+002
2.032000 3.158709e+002
2.034000 3.156966e+002
2.036000 3.155241e+002
2.038000 3.153532e+002
2.040000 3.151839e+002
2.042000 3.150162e+002
2.044000 3.148501e+002
2.046000 3.146856e+002
2.048000 3.145227e+002
2.050000 3.143614e+002
2.052000 3.142016e+002
2.054000 3.140434e+002
2.056000 3.138867e+002
2.058000 3.137315e+002
2.060000 3.135778e+002
2.062000 3.134256e+002
2.064000 3.132749e+002
2.066000 3.131257e+002
2.068000 3.129780e+002
2.070000 3.128316e+002
2.072000 3.126868e+002
2.074000 3.125433e+002
2.076000 3.124013e+002
2.078000 3.122607e+002
2.080000 3.121214e+002
2.082000 3.119836e+002
2.084000 3.118471e+002
2.086000 3.117119e+002
2.088000 3.115781e+002
2.090000 3.114457e+002
2.092000 3.113146e+002
2.094000 3.111848e+002
2.096000 3.110563e+002
2.098000 3.109291e+002
2.100000 3.108031e+002
2.102000 3.106785e+002
2.104000 3.105551e+002
2.106000 3.104330e+002
2.108000 3.103121e+002
2.110000 3.101924e+002
2.112000 3.100739e+002
2.114000 3.099567e+002
2.116000 3.098406e+002
2.118000 3.097258e+002
2.120000 3.096121e+002
2.122000 3.094996e+002
2.124000 3.093883e+002
2.126000 3.092781e+002
2.128000 3.091690e+002
2.130000 3.090611e+002
2.132000 3.089543e+002
2.134000 3.088486e+002
2.136000 3.087440e+002
2.138000 3.086405e+002
2.140000 3.085381e+002
2.142000 3.084367e+002
2.144000 3.083364e+002
2.146000 3.082372e+002
2.148000 3.081390e+002
2.150000 3.080418e+002
2.152000 3.079457e+002
2.154000 3.078506e+002
2.156000 3.077565e+002
2.158000 3.076634e+002
2.160000 3.075713e+002
2.162000 3.074801e+002
2.164000 3.073900e+002
2.166000 3.073008e+002
2.168000 3.072125e+002
2.170000 3.071252e+002
2.172000 3.070389e+002
2.174000 3.069534e+002
2.176000 3.068689e+002
2.178000 3.067853e+002
2.180000 3.067027e+002
2.182000 3.066209e+002
2.184000 3.065399e+002
2.186000 3.064599e+002
2.188000 3.063808e+002
2.190000 3.063025e+002
2.192000 3.062250e+002
2.194000 3.061484e+002
2.196000 3.060727e+002
2.198000 3.059978e+002
2.200000 3.059237e+002
2.202000 3.058504e+002
2.204000 3.057779e+002
2.206000 3.057063e+002
2.208000 3.056354e+002
2.210000 3.055653e+002
2.212000 3.054960e+002
2.214000 3.054274e+002
2.216000 3.053597e+002
2.218000 3.052927e+002
2.220000 3.052264e+002
2.222000 3.051609e+002
2.224000 3.050961e+002
2.226000 3.050320e+002
2.228000 3.049687e+002
2.230000 3.049060e+002
2.232000 3.048441e+002
2.234000 3.047829e+002
2.236000 3.047224e+002
2.238000 3.046625e+002
2.240000 3.046034e+002
2.242000 3.045449e+002
2.244000 3.044871e+002
2.246000 3.044299e+002
2.248000 3.043734e+002
2.250000 3.043175e+002
2.252000 3.042623e+002
2.254000 3.042077e+002
2.256000 3.041538e+002
2.258000 3.041005e+002
2.260000 3.040477e+002
2.262000 3.039956e+002
2.264000 3.039441e+002
2.266000 3.038932e+002
2.268000 3.038429e+002
2.270000 3.037932e+002
2.272000 3.037440e+002
2.274000 3.036955e+002
2.276000 3.036475e+002
2.278000 3.036000e+002
2.280000 3.035531e+002
2.282000 3.035068e+002
2.284000 3.034610e+002
2.286000 3.034158e+002
2.288000 3.033710e+002
2.290000 3.033269e+002
2.292000 3.032832e+002
2.294000 3.032400e+002
2.296000 3.031974e+002
2.298000 3.031553e+002
2.300000 3.031137e+002
2.302000 3.030725e+002
2.304000 3.030319e+002
2.306000 3.029917e+002
2.308000 3.029521e+002
2.310000 3.029129e+002
2.312000 3.028742e+002
2.314000 3.028359e+002
2.316000 3.027981e+002
2.318000 3.027608e+002
2.320000 3.027239e+002
2.322000 3.026875e+002
2.324000 3.026515e+002
2.326000 3.026159e+002
2.328000 3.025808e+002
2.330000 3.025461e+002
2.332000 3.025118e+002
2.334000 3.024779e+002
2.336000 3.024445e+002
2.338000 3.024115e+002
2.340000 3.023789e+002
2.342000 3.023466e+002
2.344000 3.023148e+002
2.346000 3.022834e+002
2.348000 3.022523e+002
2.350000 3.022217e+002
2.352000 3.021914e+002
2.354000 3.021615e+002
2.356000 3.021319e+002
2.358000 3.021028e+002
2.360000 3.020740e+002
2.362000 3.020455e+002
2.364000 3.020174e+002
2.366000 3.019897e+002
2.368000 3.019623e+002
2.370000 3.019353e+002
2.372000 3.019086e+002
2.374000 3.018822e+002
2.376000 3.018562e+002
2.378000 3.018304e+002
2.380000 3.018051e+002
2.382000 3.017800e+002
2.384000 3.017553e+002
2.386000 3.017308e+002
2.388000 3.017067e+002
2.390000 3.016829e+002
2.392000 3.016594e+002
2.394000 3.016362e+002
2.396000 3.016133e+002
2.398000 3.015907e+002
2.400000 3.015683e+002
2.402000 3.015463e+002
2.404000 3.015245e+002
2.406000 3.015031e+002
2.408000 3.014819e+002
2.410000 3.014609e+002
2.412000 3.014403e+002
2.414000 3.014199e+002
2.416000 3.013998e+002
2.418000 3.013799e+002
2.420000 3.013603e+002
2.422000 3.013410e+002
2.424000 3.013219e+002
2.426000 3.013030e+002
2.428000 3.012844e+002
2.430000 3.012661e+002
2.432000 3.012480e+002
2.434000 3.012301e+002
2.436000 3.012124e+002
2.438000 3.011950e+002
2.440000 3.011778e+002
2.442000 3.011609e+002
2.444000 3.011442e+002
2.446000 3.011277e+002
2.448000 3.011114e+002
2.450000 3.010953e+002
2.452000 3.010794e+002
2.454000 3.010638e+002
2.456000 3.010484e+002
2.458000 3.010331e+002
2.460000 3.010181e+002
2.462000 3.010033e+002
2.464000 3.009887e+002
2.466000 3.009742e+002
2.468000 3.009600e+002
2.470000 3.009459e+002
2.472000 3.009321e+002
2.474000 3.009184e+002
2.476000 3.009049e+002
2.478000 3.008916e+002
2.480000 3.008785e+002
2.482000 3.008656e+002
2.484000 3.008528e+002
2.486000 3.008402e+002
2.488000 3.008278e+002
2.490000 3.008155e+002
2.492000 3.008035e+002
2.494000 3.007915e+002
2.496000 3.007798e+002
2.498000 3.007682e+002
2.500000 3.007568e+002
2.502000 3.007455e+002
2.504000 3.007344e+002
2.506000 3.007234e+002
2.508000 3.007126e+002
2.510000 3.007019e+002
2.512000 3.006914e+002
2.514000 3.006810e+002
2.516000 3.006708e+002
2.518000 3.006607e+002
2.520000 3.006507e+002
2.522000 3.006409e+002
2.524000 3.006313e+002
2.526000 3.006217e+002
2.528000 3.006123e+002
2.530000 3.006030e+002
2.532000 3.005939e+002
2.534000 3.005849e+002
2.536000 3.005760e+002
2.538000 3.005672e+002
2.540000 3.005586e+002
2.542000 3.005501e+002
2.544000 3.005417e+002
2.546000 3.005334e+002
2.548000 3.005253e+002
2.550000 3.005172e+002
2.552000 3.005093e+002
2.554000 3.005015e+002
2.556000 3.004938e+002
2.558000 3.004862e+002
2.560000 3.004787e+002
2.562000 3.004713e+002
2.564000 3.004640e+002
2.566000 3.004569e+002
2.568000 3.004498e+002
2.570000 3.004428e+002
2.572000 3.004360e+002
2.574000 3.004292e+002
2.576000 3.004225e+002
2.578000 3.004160e+002
2.580000 3.004095e+002
2.582000 3.004031e+002
2.584000 3.003968e+002
2.586000 3.003906e+002
2.588000 3.003845e+002
2.590000 3.003785e+002
2.592000 3.003726e+002
2.594000 3.003667e+002
2.596000 3.003610e+002
2.598000 3.003553e+002
2.600000 3.003497e+002
2.602000 3.003442e+002
2.604000 3.003388e+002
2.606000 3.003334e+002
2.608000 3.003281e+002
2.610000 3.003229e+002
2.612000 3.003178e+002
2.614000 3.003128e+002
2.616000 3.003078e+002
2.618000 3.003029e+002
2.620000 3.002981e+002
2.622000 3.002934e+002
2.624000 3.002887e+002
2.626000 3.002841e+002
2.628000 3.002795e+002
2.630000 3.002751e+002
2.632000 3.002707e+002
2.634000 3.002663e+002
2.636000 3.002621e+002
2.638000 3.002578e+002
2.640000 3.002537e+002
2.642000 3.002496e+002
2.644000 3.002456e+002
2.646000 3.002416e+002
2.648000 3.002377e+002
2.650000 3.002339e+002
2.652000 3.002301e+002
2.654000 3.002264e+002
2.656000 3.002227e+002
2.658000 3.002191e+002
2.660000 3.002155e+002
2.662000 3.002120e+002
2.664000 3.002086e+002
2.666000 3.002052e+002
2.668000 3.002018e+002
2.670000 3.001985e+002
2.672000 3.001953e+002
2.674000 3.001921e+002
2.676000 3.001889e+002
2.678000 3.001858e+002
2.680000 3.001828e+002
2.682000 3.001798e+002
2.684000 3.001768e+002
2.686000 3.001739e+002
2.688000 3.001710e+002
2.690000 3.001682e+002
2.692000 3.001654e+002
2.694000 3.001627e+002
2.696000 3.001600e+002
2.698000 3.001573e+002
2.700000 3.001547e+002
2.702000 3.001522e+002
2.704000 3.001496e+002
2.706000 3.001471e+002
2.708000 3.001447e+002
2.710000 3.001423e+002
2.712000 3.001399e+002
2.714000 3.001376e+002
2.716000 3.001352e+002
2.718000 3.001330e+002
2.720000 3.001308e+002
2.722000 3.001286e+002
2.724000 3.001264e+002
2.726000 3.001243e+002
2.728000 3.001222e+002
2.730000 3.001201e+002
2.732000 3.001181e+002
2.734000 3.001161e+002
2.736000 3.001141e+002
2.738000 3.001122e+002
2.740000 3.001103e+002
2.742000 3.001084e+002
2.744000 3.001066e+002
2.746000 3.001048e+002
2.748000 3.001030e+002
2.750000 3.001012e+002
2.752000 3.000995e+002
2.754000 3.000978e+002
2.756000 3.000962e+002
2.758000 3.000945e+002
2.760000 3.000929e+002
2.762000 3.000913e+002
2.764000 3.000897e+002
2.766000 3.000882e+002
2.768000 3.000867e+002
2.770000 3.000852e+002
2.772000 3.000837e+002
2.774000 3.000823e+002
2.776000 3.000809e+002
2.778000 3.000795e+002
2.780000 3.000781e+002
2.782000 3.000767e+002
2.784000 3.000754e+002
2.786000 3.000741e+002
2.788000 3.000728e+002
2.790000 3.000715e+002
2.792000 3.000703e+002
2.794000 3.000691e+002
2.796000 3.000679e+002
2.798000 3.000667e+002
2.800000 3.000655e+002
2.802000 3.000644e+002
2.804000 3.000633e+002
2.806000 3.000622e+002
2.808000 3.000611e+002
2.810000 3.000600e+002
2.812000 3.000589e+002
2.814000 3.000579e+002
2.816000 3.000569e+002
2.818000 3.000559e+002
2.820000 3.000549e+002
2.822000 3.000539e+002
2.824000 3.000530e+002
2.826000 3.000520e+002
2.828000 3.000511e+002
2.830000 3.000502e+002
2.832000 3.000493e+002
2.834000 3.000484e+002
2.836000 3.000476e+002
2.838000 3.000467e+002
2.840000 3.000459e+002
2.842000 3.000451e+002
2.844000 3.000443e+002
2.846000 3.000435e+002
2.848000 3.000427e+002
2.850000 3.000420e+002
2.852000 3.000412e+002
2.854000 3.000405e+002
2.856000 3.000397e+002
2.858000 3.000390e+002
2.860000 3.000383e+002
2.862000 3.000376e+002
2.864000 3.000370e+002
2.866000 3.000363e+002
2.868000 3.000356e+002
2.870000 3.000350e+002
2.872000 3.000344e+002
2.874000 3.000337e+002
2.876000 3.000331e+002
2.878000 3.000325e+002
2.880000 3.000319e+002
2.882000 3.000314e+002
2.884000 3.000308e+002
2.886000 3.000302e+002
2.888000 3.000297e+002
2.890000 3.000291e+002
2.892000 3.000286e+002
2.894000 3.000281e+002
2.896000 3.000276e+002
2.898000 3.000271e+002
2.900000 3.000266e+002
2.902000 3.000261e+002
2.904000 3.000256e+002
2.906000 3.000251e+002
2.908000 3.000247e+002
2.910000 3.000242e+002
2.912000 3.000238e+002
2.914000 3.000233e+002
2.916000 3.000229e+002
2.918000 3.000225e+002
2.920000 3.000221e+002
2.922000 3.000216e+002
2.924000 3.000212e+002
2.926000 3.000209e+002
2.928000 3.000205e+002
2.930000 3.000201e+002
2.932000 3.000197e+002
2.934000 3.000193e+002
2.936000 3.000190e+002
2.938000 3.000186e+002
2.940000 3.000183e+002
2.942000 3.000179e+002
2.944000 3.000176e+002
2.946000 3.000173e+002
2.948000 3.000170e+002
2.950000 3.000166e+002
2.952000 3.000163e+002
2.954000 3.000160e+002
2.956000 3.000157e+002
2.958000 3.000154e+002
2.960000 3.000151e+002
2.962000 3.000148e+002
2.964000 3.000146e+002
2.966000 3.000143e+002
2.968000 3.000140e+002
2.970000 3.000138e+002
2.972000 3.000135e+002
2.974000 3.000132e+002
2.976000 3.000130e+002
2.978000 3.000127e+002
2.980000 3.000125e+002
2.982000 3.000123e+002
2.984000 3.000120e+002
2.986000 3.000118e+002
2.988000 3.000116e+002
2.990000 3.000113e+002
2.992000 3.000111e+002
2.994000 3.000109e+002
2.996000 3.000107e+002
2.998000 3.000105e+002
3.000000 3.000103e+002
3.002000 3.000101e+002
3.004000 3.000099e+002
3.006000 3.000097e+002
3.008000 3.000095e+002
3.010000 3.000093e+002
3.012000 3.000092e+002
3.014000 3.000090e+002
3.016000 3.000088e+002
3.018000 3.000086e+002
3.020000 3.000085e+002
3.022000 3.000083e+002
3.024000 3.000082e+002
3.026000 3.000080e+002
3.028000 3.000078e+002
3.030000 3.000077e+002
3.032000 3.000075e+002
3.034000 3.000074e+002
3.036000 3.000072e+002
3.038000 3.000071e+002
3.040000 3.000070e+002
3.042000 3.000068e+002
3.044000 3.000067e+002
3.046000 3.000066e+002
3.048000 3.000064e+002
3.050000 3.000063e+002
3.052000 3.000062e+002
3.054000 3.000061e+002
3.056000 3.000059e+002
3.058000 3.000058e+002
3.060000 3.000057e+002
3.062000 3.000056e+002
3.064000 3.000055e+002
3.066000 3.000054e+002
3.068000 3.000053e+002
3.070000 3.000052e+002
3.072000 3.000051e+002
3.074000 3.000050e+002
3.076000 3.000049e+002
3.078000 3.000048e+002
3.080000 3.000047e+002
3.082000 3.000046e+002
3.084000 3.000045e+002
3.086000 3.000044e+002
3.088000 3.000043e+002
3.090000 3.000042e+002
3.092000 3.000041e+002
3.094000 3.000041e+002
3.096000 3.000040e+002
3.098000 3.000039e+002
3.100000 3.000038e+002
3.102000 3.000037e+002
3.104000 3.000037e+002
3.106000 3.000036e+002
3.108000 3.000035e+002
3.110000 3.000035e+002
3.112000 3.000034e+002
3.114000 3.000033e+002
3.116000 3.000032e+002
3.118000 3.000032e+002
3.120000 3.000031e+002
3.122000 3.000031e+002
3.124000 3.000030e+002
3.126000 3.000029e+002
3.128000 3.000029e+002
3.130000 3.000028e+002
3.132000 3.000028e+002
3.134000 3.000027e+002
3.136000 3.000026e+002
3.138000 3.000026e+002
3.140000 3.000025e+002
3.142000 3.000025e+002
3.144000 3.000024e+002
3.146000 3.000024e+002
3.148000 3.000023e+002
3.150000 3.000023e+002
3.152000 3.000022e+002
3.154000 3.000022e+002
3.156000 3.000022e+002
3.158000 3.000021e+002
3.160000 3.000021e+002
3.162000 3.000020e+002
3.164000 3.000020e+002
3.166000 3.000019e+002
3.168000 3.000019e+002
3.170000 3.000019e+002
3.172000 3.000018e+002
3.174000 3.000018e+002
3.176000 3.000017e+002
3.178000 3.000017e+002
3.180000 3.000017e+002
3.182000 3.000016e+002
3.184000 3.000016e+002
3.186000 3.000016e+002
3.188000 3.000015e+002
3.190000 3.000015e+002
3.192000 3.000015e+002
3.194000 3.000014e+002
3.196000 3.000014e+002
3.198000 3.000014e+002
3.200000 3.000014e+002
3.202000 3.000013e+002
3.204000 3.000013e+002
3.206000 3.000013e+002
3.208000 3.000012e+002
3.210000 3.000012e+002
3.212000 3.000012e+002
3.214000 3.000012e+002
3.216000 3.000011e+002
3.218000 3.000011e+002
3.220000 3.000011e+002
3.222000 3.000011e+002
3.224000 3.000011e+002
3.226000 3.000010e+002
3.228000 3.000010e+002
3.230000 3.000010e+002
3.232000 3.000010e+002
3.234000 3.000009e+002
3.236000 3.000009e+002
3.238000 3.000009e+002
3.240000 3.000009e+002
3.242000 3.000009e+002
3.244000 3.000008e+002
3.246000 3.000008e+002
3.248000 3.000008e+002
3.250000 3.000008e+002
3.252000 3.000008e+002
3.254000 3.000008e+002
3.256000 3.000007e+002
3.258000 3.000007e+002
3.260000 3.000007e+002
3.262000 3.000007e+002
3.264000 3.000007e+002
3.266000 3.000007e+002
3.268000 3.000007e+002
3.270000 3.000006e+002
3.272000 3.000006e+002
3.274000 3.000006e+002
3.276000 3.000006e+002
3.278000 3.000006e+002
3.280000 3.000006e+002
3.282000 3.000006e+002
3.284000 3.000005e+002
3.286000 3.000005e+002
3.288000 3.000005e+002
3.290000 3.000005e+002
3.292000 3.000005e+002
3.294000 3.000005e+002
3.296000 3.000005e+002
3.298000 3.000005e+002
3.300000 3.000005e+002
3.302000 3.000005e+002
3.304000 3.000004e+002
3.306000 3.000004e+002
3.308000 3.000004e+002
3.310000 3.000004e+002
3.312000 3.000004e+002
3.314000 3.000004e+002
3.316000 3.000004e+002
3.318000 3.000004e+002
3.320000 3.000004e+002
3.322000 3.000004e+002
3.324000 3.000004e+002
3.326000 3.000003e+002
3.328000 3.000003e+002
3.330000 3.000003e+002
3.332000 3.000003e+002
3.334000 3.000003e+002
3.336000 3.000003e+002
3.338000 3.000003e+002
3.340000 3.000003e+002
3.342000 3.000003e+002
3.344000 3.000003e+002
3.346000 3.000003e+002
3.348000 3.000003e+002
3.350000 3.000003e+002
3.352000 3.000003e+002
3.354000 3.000003e+002
3.356000 3.000002e+002
3.358000 3.000002e+002
3.360000 3.000002e+002
3.362000 3.000002e+002
3.364000 3.000002e+002
3.366000 3.000002e+002
3.368000 3.000002e+002
3.370000 3.000002e+002
3.372000 3.000002e+002
3.374000 3.000002e+002
3.376000 3.000002e+002
3.378000 3.000002e+002
3.380000 3.000002e+002
3.382000 3.000002e+002
3.384000 3.000002e+002
3.386000 3.000002e+002
3.388000 3.000002e+002
3.390000 3.000002e+002
3.392000 3.000002e+002
3.394000 3.000002e+002
3.396000 3.000002e+002
3.398000 3.000002e+002
3.400000 3.000001e+002
3.402000 3.000001e+002
3.404000 3.000001e+002
3.406000 3.000001e+002
3.408000 3.000001e+002
3.410000 3.000001e+002
3.412000 3.000001e+002
3.414000 3.000001e+002
3.416000 3.000001e+002
3.418000 3.000001e+002
3.420000 3.000001e+002
3.422000 3.000001e+002
3.424000 3.000001e+002
3.426000 3.000001e+002
3.428000 3.000001e+002
3.430000 3.000001e+002
3.432000 3.000001e+002
3.434000 3.000001e+002
3.436000 3.000001e+002
3.438000 3.000001e+002
3.440000 3.000001e+002
3.442000 3.000001e+002
3.444000 3.000001e+002
3.446000 3.000001e+002
3.448000 3.000001e+002
3.450000 3.000001e+002
3.452000 3.000001e+002
3.454000 3.000001e+002
3.456000 3.000001e+002
3.458000 3.000001e+002
3.460000 3.000001e+002
3.462000 3.000001e+002
3.464000 3.000001e+002
3.466000 3.000001e+002
3.468000 3.000001e+002
3.470000 3.000001e+002
3.472000 3.000001e+002
3.474000 3.000001e+002
3.476000 3.000001e+002
3.478000 3.000001e+002
3.480000 3.000001e+002
3.482000 3.000001e+002
3.484000 3.000001e+002
3.486000 3.000001e+002
3.488000 3.000001e+002
3.490000 3.000001e+002
3.492000 3.000001e+002
3.494000 3.000000e+002
3.496000 3.000000e+002
3.498000 3.000000e+002
3.500000 3.000000e+002
3.502000 3.000000e+002
3.504000 3.000000e+002
3.506000 3.000000e+002
3.508000 3.000000e+002
3.510000 3.000000e+002
3.512000 3.000000e+002
3.514000 3.000000e+002
3.516000 3.000000e+002
3.518000 3.000000e+002
3.520000 3.000000e+002
3.522000 3.000000e+002
3.524000 3.000000e+002
3.526000 3.000000e+002
3.528000 3.000000e+002
3.530000 3.000000e+002
3.532000 3.000000e+002
3.534000 3.000000e+002
3.536000 3.000000e+002
3.538000 3.000000e+002
3.540000 3.000000e+002
3.542000 3.000000e+002
3.544000 3.000000e+002
3.546000 3.000000e+002
3.548000 3.000000e+002
3.550000 3.000000e+002
3.552000 3.000000e+002
3.554000 3.000000e+002
3.556000 3.000000e+002
3.558000 3.000000e+002
3.560000 3.000000e+002
3.562000 3.000000e+002
3.564000 3.000000e+002
3.566000 3.000000e+002
3.568000 3.000000e+002
3.570000 3.000000e+002
3.572000 3.000000e+002
3.574000 3.000000e+002
3.576000 3.000000e+002
3.578000 3.000000e+002
3.580000 3.000000e+002
3.582000 3.000000e+002
3.584000 3.000000e+002
3.586000 3.000000e+002
3.588000 3.000000e+002
3.590000 3.000000e+002
3.592000 3.000000e+002
3.594000 3.000000e+002
3.596000 3.000000e+002
3.598000 3.000000e+002
3.600000 3.000000e+002
3.602000 3.000000e+002
3.604000 3.000000e+002
3.606000 3.000000e+002
3.608000 3.000000e+002
3.610000 3.000000e+002
3.612000 3.000000e+002
3.614000 3.000000e+002
3.616000 3.000000e+002
3.618000 3.000000e+002
3.620000 3.000000e+002
3.622000 3.000000e+002
3.624000 3.000000e+002
3.626000 3.000000e+002
3.628000 3.000000e+002
3.630000 3.000000e+002
3.632000 3.000000e+002
3.634000 3.000000e+002
3.636000 3.000000e+002
3.638000 3.000000e+002
3.640000 3.000000e+002
3.642000 3.000000e+002
3.644000 3.000000e+002
3.646000 3.000000e+002
3.648000 3.000000e+002
3.650000 3.000000e+002
3.652000 3.000000e+002
3.654000 3.000000e+002
3.656000 3.000000e+002
3.658000 3.000000e+002
3.660000 3.000000e+002
3.662000 3.000000e+002
3.664000 3.000000e+002
3.666000 3.000000e+002
3.668000 3.000000e+002
3.670000 3.000000e+002
3.672000 3.000000e+002
3.674000 3.000000e+002
3.676000 3.000000e+002
3.678000 3.000000e+002
3.680000 3.000000e+002
3.682000 3.000000e+002
3.684000 3.000000e+002
3.686000 3.000000e+002
3.688000 3.000000e+002
3.690000 3.000000e+002
3.692000 3.000000e+002
3.694000 3.000000e+002
3.696000 3.000000e+002
3.698000 3.000000e+002
3.700000 3.000000e+002
3.702000 3.000000e+002
3.704000 3.000000e+002
3.706000 3.000000e+002
3.708000 3.000000e+002
3.710000 3.000000e+002
3.712000 3.000000e+002
3.714000 3.000000e+002
3.716000 3.000000e+002
3.718000 3.000000e+002
3.720000 3.000000e+002
3.722000 3.000000e+002
3.724000 3.000000e+002
3.726000 3.000000e+002
3.728000 3.000000e+002
3.730000 3.000000e+002
3.732000 3.000000e+002
3.734000 3.000000e+002
3.736000 3.000000e+002
3.738000 3.000000e+002
3.740000 3.000000e+002
3.742000 3.000000e+002
3.744000 3.000000e+002
3.746000 3.000000e+002
3.748000 3.000000e+002
3.750000 3.000000e+002
3.752000 3.000000e+002
3.754000 3.000000e+002
3.756000 3.000000e+002
3.758000 3.000000e+002
3.760000 3.000000e+002
3.762000 3.000000e+002
3.764000 3.000000e+002
3.766000 3.000000e+002
3.768000 3.000000e+002
3.770000 3.000000e+002
3.772000 3.000000e+002
3.774000 3.000000e+002
3.776000 3.000000e+002
3.778000 3.000000e+002
3.780000 3.000000e+002
3.782000 3.000000e+002
3.784000 3.000000e+002
3.786000 3.000000e+002
3.788000 3.000000e+002
3.790000 3.000000e+002
3.792000 3.000000e+002
3.794000 3.000000e+002
3.796000 3.000000e+002
3.798000 3.000000e+002
3.800000 3.000000e+002
3.802000 3.000000e+002
3.804000 3.000000e+002
3.806000 3.000000e+002
3.808000 3.000000e+002
3.810000 3.000000e+002
3.812000 3.000000e+002
3.814000 3.000000e+002
3.816000 3.000000e+002
3.818000 3.000000e+002
3.820000 3.000000e+002
3.822000 3.000000e+002
3.824000 3.000000e+002
3.826000 3.000000e+002
3.828000 3.000000e+002
3.830000 3.000000e+002
3.832000 3.000000e+002
3.834000 3.000000e+002
3.836000 3.000000e+002
3.838000 3.000000e+002
3.840000 3.000000e+002
3.842000 3.000000e+002
3.844000 3.000000e+002
3.846000 3.000000e+002
3.848000 3.000000e+002
3.850000 3.000000e+002
3.852000 3.000000e+002
3.854000 3.000000e+002
3.856000 3.000000e+002
3.858000 3.000000e+002
3.860000 3.000000e+002
3.862000 3.000000e+002
3.864000 3.000000e+002
3.866000 3.000000e+002
3.868000 3.000000e+002
3.870000 3.000000e+002
3.872000 3.000000e+002
3.874000 3.000000e+002
3.876000 3.000000e+002
3.878000 3.000000e+002
3.880000 3.000000e+002
3.882000 3.000000e+002
3.884000 3.000000e+002
3.886000 3.000000e+002
3.888000 3.000000e+002
3.890000 3.000000e+002
3.892000 3.000000e+002
3.894000 3.000000e+002
3.896000 3.000000e+002
3.898000 3.000000e+002
3.900000 3.000000e+002
3.902000 3.000000e+002
3.904000 3.000000e+002
3.906000 3.000000e+002
3.908000 3.000000e+002
3.910000 3.000000e+002
3.912000 3.000000e+002
3.914000 3.000000e+002
3.916000 3.000000e+002
3.918000 3.000000e+002
3.920000 3.000000e+002
3.922000 3.000000e+002
3.924000 3.000000e+002
3.926000 3.000000e+002
3.928000 3.000000e+002
3.930000 3.000000e+002
3.932000 3.000000e+002
3.934000 3.000000e+002
3.936000 3.000000e+002
3.938000 3.000000e+002
3.940000 3.000000e+002
3.942000 3.000000e+002
3.944000 3.000000e+002
3.946000 3.000000e+002
3.948000 3.000000e+002
3.950000 3.000000e+002
3.952000 3.000000e+002
3.954000 3.000000e+002
3.956000 3.000000e+002
3.958000 3.000000e+002
3.960000 3.000000e+002
3.962000 3.000000e+002
3.964000 3.000000e+002
3.966000 3.000000e+002
3.968000 3.000000e+002
3.970000 3.000000e+002
3.972000 3.000000e+002
3.974000 3.000000e+002
3.976000 3.000000e+002
3.978000 3.000000e+002
3.980000 3.000000e+002
3.982000 3.000000e+002
3.984000 3.000000e+002
3.986000 3.000000e+002
3.988000 3.000000e+002
3.990000 3.000000e+002
3.992000 3.000000e+002
3.994000 3.000000e+002
3.996000 3.000000e+002
3.998000 3.000000e+002
